# xp i yp j p u v ts tf
   0.00000   1    0.00000   1   1.013E+05  0.000E+00  0.000E+00  2.932E+02  2.932E+02
   0.00000   1    0.00316   2   1.013E+05  0.000E+00  0.000E+00  2.932E+02  2.932E+02
   0.00000   1    0.00947   3   1.013E+05  0.000E+00  0.000E+00  2.935E+02  2.935E+02
   0.00000   1    0.01578   4   1.013E+05  0.000E+00  0.000E+00  2.938E+02  2.938E+02
   0.00000   1    0.02209   5   1.013E+05  0.000E+00  0.000E+00  2.941E+02  2.940E+02
   0.00000   1    0.02841   6   1.013E+05  0.000E+00  0.000E+00  2.943E+02  2.943E+02
   0.00000   1    0.03472   7   1.013E+05  0.000E+00  0.000E+00  2.945E+02  2.945E+02
   0.00000   1    0.04103   8   1.013E+05  0.000E+00  0.000E+00  2.948E+02  2.948E+02
   0.00000   1    0.04734   9   1.013E+05  0.000E+00  0.000E+00  2.953E+02  2.953E+02
   0.00000   1    0.05366  10   1.013E+05  0.000E+00  0.000E+00  2.964E+02  2.965E+02
   0.00000   1    0.05997  11   1.013E+05  0.000E+00  0.000E+00  2.987E+02  2.988E+02
   0.00000   1    0.06628  12   1.013E+05  0.000E+00  0.000E+00  3.032E+02  3.033E+02
   0.00000   1    0.07259  13   1.013E+05  0.000E+00  0.000E+00  3.117E+02  3.119E+02
   0.00000   1    0.07891  14   1.013E+05  0.000E+00  0.000E+00  3.273E+02  3.276E+02
   0.00000   1    0.08522  15   1.013E+05  0.000E+00  0.000E+00  3.539E+02  3.543E+02
   0.00000   1    0.09153  16   1.013E+05  0.000E+00  0.000E+00  3.969E+02  3.973E+02
   0.00000   1    0.09784  17   1.013E+05  0.000E+00  0.000E+00  4.616E+02  4.625E+02
   0.00000   1    0.10416  18   1.013E+05  0.000E+00  0.000E+00  5.512E+02  5.707E+02
   0.00000   1    0.11047  19   1.013E+05  0.000E+00  0.000E+00  4.645E+02  4.666E+02
   0.00000   1    0.11678  20   1.013E+05  0.000E+00  0.000E+00  4.003E+02  4.015E+02
   0.00000   1    0.12309  21   1.013E+05  0.000E+00  0.000E+00  3.567E+02  3.576E+02
   0.00000   1    0.12941  22   1.013E+05  0.000E+00  0.000E+00  3.291E+02  3.297E+02
   0.00000   1    0.13572  23   1.013E+05  0.000E+00  0.000E+00  3.128E+02  3.132E+02
   0.00000   1    0.14203  24   1.013E+05  0.000E+00  0.000E+00  3.037E+02  3.039E+02
   0.00000   1    0.14834  25   1.013E+05  0.000E+00  0.000E+00  2.989E+02  2.990E+02
   0.00000   1    0.15466  26   1.013E+05  0.000E+00  0.000E+00  2.964E+02  2.965E+02
   0.00000   1    0.16097  27   1.013E+05  0.000E+00  0.000E+00  2.952E+02  2.952E+02
   0.00000   1    0.16728  28   1.013E+05  0.000E+00  0.000E+00  2.946E+02  2.946E+02
   0.00000   1    0.17359  29   1.013E+05  0.000E+00  0.000E+00  2.943E+02  2.943E+02
   0.00000   1    0.17991  30   1.013E+05  0.000E+00  0.000E+00  2.941E+02  2.941E+02
   0.00000   1    0.18622  31   1.013E+05  0.000E+00  0.000E+00  2.940E+02  2.940E+02
   0.00000   1    0.19253  32   1.013E+05  0.000E+00  0.000E+00  2.939E+02  2.939E+02
   0.00000   1    0.19884  33   1.013E+05  0.000E+00  0.000E+00  2.938E+02  2.938E+02
   0.00000   1    0.20516  34   1.013E+05  0.000E+00  0.000E+00  2.937E+02  2.937E+02
   0.00000   1    0.21147  35   1.013E+05  0.000E+00  0.000E+00  2.937E+02  2.937E+02
   0.00000   1    0.21778  36   1.013E+05  0.000E+00  0.000E+00  2.936E+02  2.936E+02
   0.00000   1    0.22409  37   1.013E+05  0.000E+00  0.000E+00  2.935E+02  2.935E+02
   0.00000   1    0.23041  38   1.013E+05  0.000E+00  0.000E+00  2.935E+02  2.935E+02
   0.00000   1    0.23672  39   1.013E+05  0.000E+00  0.000E+00  2.934E+02  2.934E+02
   0.00000   1    0.24303  40   1.013E+05  0.000E+00  0.000E+00  2.934E+02  2.934E+02
   0.00000   1    0.24934  41   1.013E+05  0.000E+00  0.000E+00  2.934E+02  2.934E+02
   0.00000   1    0.25566  42   1.013E+05  0.000E+00  0.000E+00  2.933E+02  2.933E+02
   0.00000   1    0.26197  43   1.013E+05  0.000E+00  0.000E+00  2.933E+02  2.933E+02
   0.00000   1    0.26828  44   1.013E+05  0.000E+00  0.000E+00  2.933E+02  2.933E+02
   0.00000   1    0.27459  45   1.013E+05  0.000E+00  0.000E+00  2.933E+02  2.933E+02
   0.00000   1    0.28091  46   1.013E+05  0.000E+00  0.000E+00  2.932E+02  2.932E+02
   0.00000   1    0.28722  47   1.013E+05  0.000E+00  0.000E+00  2.932E+02  2.932E+02
   0.00000   1    0.29353  48   1.013E+05  0.000E+00  0.000E+00  2.932E+02  2.932E+02
   0.00000   1    0.29984  49   1.013E+05  0.000E+00  0.000E+00  2.932E+02  2.932E+02
   0.00000   1    0.30616  50   1.013E+05  0.000E+00  0.000E+00  2.932E+02  2.932E+02
   0.00000   1    0.31247  51   1.013E+05  0.000E+00  0.000E+00  2.931E+02  2.931E+02
   0.00000   1    0.31878  52   1.013E+05  0.000E+00  0.000E+00  2.931E+02  2.931E+02
   0.00000   1    0.32509  53   1.013E+05  0.000E+00  0.000E+00  2.931E+02  2.931E+02
   0.00000   1    0.33141  54   1.013E+05  0.000E+00  0.000E+00  2.931E+02  2.931E+02
   0.00000   1    0.33772  55   1.013E+05  0.000E+00  0.000E+00  2.931E+02  2.931E+02
   0.00000   1    0.34403  56   1.013E+05  0.000E+00  0.000E+00  2.931E+02  2.931E+02
   0.00000   1    0.35034  57   1.013E+05  0.000E+00  0.000E+00  2.931E+02  2.931E+02
   0.00000   1    0.35666  58   1.013E+05  0.000E+00  0.000E+00  2.931E+02  2.931E+02
   0.00000   1    0.36297  59   1.013E+05  0.000E+00  0.000E+00  2.931E+02  2.931E+02
   0.00000   1    0.36928  60   1.013E+05  0.000E+00  0.000E+00  2.931E+02  2.931E+02
   0.00000   1    0.37559  61   1.013E+05  0.000E+00  0.000E+00  2.930E+02  2.930E+02
   0.00000   1    0.38191  62   1.013E+05  0.000E+00  0.000E+00  2.930E+02  2.930E+02
   0.00000   1    0.38822  63   1.013E+05  0.000E+00  0.000E+00  2.930E+02  2.930E+02
   0.00000   1    0.39453  64   1.013E+05  0.000E+00  0.000E+00  2.930E+02  2.930E+02
   0.00000   1    0.40084  65   1.013E+05  0.000E+00  0.000E+00  2.930E+02  2.930E+02
   0.00000   1    0.40716  66   1.013E+05  0.000E+00  0.000E+00  2.930E+02  2.930E+02
   0.00000   1    0.41347  67   1.013E+05  0.000E+00  0.000E+00  2.930E+02  2.930E+02
   0.00000   1    0.41978  68   1.013E+05  0.000E+00  0.000E+00  2.930E+02  2.930E+02
   0.00000   1    0.42609  69   1.013E+05  0.000E+00  0.000E+00  2.930E+02  2.930E+02
   0.00000   1    0.43241  70   1.013E+05  0.000E+00  0.000E+00  2.930E+02  2.930E+02
   0.00000   1    0.43872  71   1.013E+05  0.000E+00  0.000E+00  2.930E+02  2.930E+02
   0.00000   1    0.44503  72   1.013E+05  0.000E+00  0.000E+00  2.930E+02  2.930E+02
   0.00000   1    0.45134  73   1.013E+05  0.000E+00  0.000E+00  2.930E+02  2.930E+02
   0.00000   1    0.45766  74   1.013E+05  0.000E+00  0.000E+00  2.930E+02  2.930E+02
   0.00000   1    0.46397  75   1.013E+05  0.000E+00  0.000E+00  2.930E+02  2.930E+02
   0.00000   1    0.47028  76   1.013E+05  0.000E+00  0.000E+00  2.930E+02  2.930E+02
   0.00000   1    0.47659  77   1.013E+05  0.000E+00  0.000E+00  2.930E+02  2.930E+02
   0.00000   1    0.48291  78   1.013E+05  0.000E+00  0.000E+00  2.930E+02  2.930E+02
   0.00000   1    0.48922  79   1.013E+05  0.000E+00  0.000E+00  2.930E+02  2.930E+02
   0.00000   1    0.49553  80   1.013E+05  0.000E+00  0.000E+00  2.930E+02  2.930E+02
   0.00000   1    0.50184  81   1.013E+05  0.000E+00  0.000E+00  2.930E+02  2.930E+02
   0.00000   1    0.50500  82   1.013E+05  0.000E+00  0.000E+00  2.930E+02  2.930E+02
   0.01417   2    0.00000   1   1.013E+05  0.000E+00  0.000E+00  2.930E+02  2.932E+02
   0.01417   2    0.00316   2   1.013E+05 -8.353E-08  1.244E-05  2.932E+02  2.932E+02
   0.01417   2    0.00947   3   1.013E+05 -7.705E-08  3.933E-05  2.935E+02  2.935E+02
   0.01417   2    0.01578   4   1.013E+05 -6.659E-08  7.347E-05  2.938E+02  2.938E+02
   0.01417   2    0.02209   5   1.013E+05 -5.340E-08  9.824E-05  2.941E+02  2.940E+02
   0.01417   2    0.02841   6   1.013E+05 -3.876E-08  1.277E-04  2.943E+02  2.943E+02
   0.01417   2    0.03472   7   1.013E+05 -2.728E-08  1.723E-04  2.945E+02  2.945E+02
   0.01417   2    0.04103   8   1.013E+05  1.310E-09  2.070E-04  2.948E+02  2.948E+02
   0.01417   2    0.04734   9   1.013E+05 -2.168E-08  2.384E-04  2.953E+02  2.953E+02
   0.01417   2    0.05366  10   1.013E+05 -3.236E-08  2.804E-04  2.964E+02  2.965E+02
   0.01417   2    0.05997  11   1.013E+05 -5.102E-08  3.366E-04  2.987E+02  2.988E+02
   0.01417   2    0.06628  12   1.013E+05 -8.524E-08  4.040E-04  3.032E+02  3.033E+02
   0.01417   2    0.07259  13   1.013E+05 -1.096E-07  4.609E-04  3.117E+02  3.119E+02
   0.01417   2    0.07891  14   1.013E+05 -7.516E-08  5.188E-04  3.273E+02  3.276E+02
   0.01417   2    0.08522  15   1.013E+05 -2.722E-08  6.033E-04  3.539E+02  3.543E+02
   0.01417   2    0.09153  16   1.013E+05  4.142E-09  7.012E-04  3.969E+02  3.973E+02
   0.01417   2    0.09784  17   1.013E+05  2.607E-08  7.221E-04  4.616E+02  4.625E+02
   0.01417   2    0.10416  18   1.013E+05  7.373E-08  1.655E-03  5.512E+02  5.707E+02
   0.01417   2    0.11047  19   1.013E+05  1.142E-07  7.233E-04  4.645E+02  4.666E+02
   0.01417   2    0.11678  20   1.013E+05  1.164E-07  7.162E-04  4.003E+02  4.015E+02
   0.01417   2    0.12309  21   1.013E+05  1.188E-07  6.478E-04  3.567E+02  3.576E+02
   0.01417   2    0.12941  22   1.013E+05  1.160E-07  5.710E-04  3.291E+02  3.297E+02
   0.01417   2    0.13572  23   1.013E+05  1.023E-07  5.029E-04  3.128E+02  3.132E+02
   0.01417   2    0.14203  24   1.013E+05  7.769E-08  4.398E-04  3.037E+02  3.039E+02
   0.01417   2    0.14834  25   1.013E+05  4.588E-08  3.829E-04  2.989E+02  2.990E+02
   0.01417   2    0.15466  26   1.013E+05  8.157E-09  3.409E-04  2.964E+02  2.965E+02
   0.01417   2    0.16097  27   1.013E+05 -3.152E-08  2.988E-04  2.952E+02  2.952E+02
   0.01417   2    0.16728  28   1.013E+05 -8.605E-08  2.567E-04  2.946E+02  2.946E+02
   0.01417   2    0.17359  29   1.013E+05 -1.300E-07  2.299E-04  2.943E+02  2.943E+02
   0.01417   2    0.17991  30   1.013E+05 -1.186E-07  2.132E-04  2.941E+02  2.941E+02
   0.01417   2    0.18622  31   1.013E+05 -9.617E-08  1.942E-04  2.940E+02  2.940E+02
   0.01417   2    0.19253  32   1.013E+05 -8.704E-08  1.710E-04  2.939E+02  2.939E+02
   0.01417   2    0.19884  33   1.013E+05 -7.657E-08  1.567E-04  2.938E+02  2.938E+02
   0.01417   2    0.20516  34   1.013E+05 -6.600E-08  1.436E-04  2.937E+02  2.937E+02
   0.01417   2    0.21147  35   1.013E+05 -5.384E-08  1.243E-04  2.937E+02  2.937E+02
   0.01417   2    0.21778  36   1.013E+05 -4.021E-08  1.119E-04  2.936E+02  2.936E+02
   0.01417   2    0.22409  37   1.013E+05 -2.565E-08  1.064E-04  2.935E+02  2.935E+02
   0.01417   2    0.23041  38   1.013E+05 -1.122E-08  9.575E-05  2.935E+02  2.935E+02
   0.01417   2    0.23672  39   1.013E+05  1.811E-09  7.875E-05  2.934E+02  2.934E+02
   0.01417   2    0.24303  40   1.013E+05  1.221E-08  7.503E-05  2.934E+02  2.934E+02
   0.01417   2    0.24934  41   1.013E+05  1.913E-08  7.806E-05  2.934E+02  2.934E+02
   0.01417   2    0.25566  42   1.013E+05  2.224E-08  6.756E-05  2.933E+02  2.933E+02
   0.01417   2    0.26197  43   1.013E+05  2.183E-08  5.882E-05  2.933E+02  2.933E+02
   0.01417   2    0.26828  44   1.013E+05  1.864E-08  5.651E-05  2.933E+02  2.933E+02
   0.01417   2    0.27459  45   1.013E+05  1.362E-08  5.325E-05  2.933E+02  2.933E+02
   0.01417   2    0.28091  46   1.013E+05  7.728E-09  5.061E-05  2.932E+02  2.932E+02
   0.01417   2    0.28722  47   1.013E+05  1.771E-09  4.846E-05  2.932E+02  2.932E+02
   0.01417   2    0.29353  48   1.013E+05 -3.680E-09  4.602E-05  2.932E+02  2.932E+02
   0.01417   2    0.29984  49   1.013E+05 -8.294E-09  4.439E-05  2.932E+02  2.932E+02
   0.01417   2    0.30616  50   1.013E+05 -1.193E-08  3.718E-05  2.932E+02  2.932E+02
   0.01417   2    0.31247  51   1.013E+05 -1.460E-08  2.885E-05  2.931E+02  2.931E+02
   0.01417   2    0.31878  52   1.013E+05 -1.636E-08  3.449E-05  2.931E+02  2.931E+02
   0.01417   2    0.32509  53   1.013E+05 -1.736E-08  3.297E-05  2.931E+02  2.931E+02
   0.01417   2    0.33141  54   1.013E+05 -1.775E-08  2.430E-05  2.931E+02  2.931E+02
   0.01417   2    0.33772  55   1.013E+05 -1.765E-08  3.061E-05  2.931E+02  2.931E+02
   0.01417   2    0.34403  56   1.013E+05 -1.720E-08  3.046E-05  2.931E+02  2.931E+02
   0.01417   2    0.35034  57   1.013E+05 -1.651E-08  1.798E-05  2.931E+02  2.931E+02
   0.01417   2    0.35666  58   1.013E+05 -1.568E-08  1.236E-05  2.931E+02  2.931E+02
   0.01417   2    0.36297  59   1.013E+05 -1.469E-08  1.681E-05  2.931E+02  2.931E+02
   0.01417   2    0.36928  60   1.013E+05 -1.385E-08  2.729E-05  2.931E+02  2.931E+02
   0.01417   2    0.37559  61   1.013E+05 -1.250E-08  2.619E-05  2.930E+02  2.930E+02
   0.01417   2    0.38191  62   1.013E+05 -1.133E-08  1.372E-05  2.930E+02  2.930E+02
   0.01417   2    0.38822  63   1.013E+05 -1.008E-08  7.881E-06  2.930E+02  2.930E+02
   0.01417   2    0.39453  64   1.013E+05 -8.880E-09  1.201E-05  2.930E+02  2.930E+02
   0.01417   2    0.40084  65   1.013E+05 -7.716E-09  2.275E-05  2.930E+02  2.930E+02
   0.01417   2    0.40716  66   1.013E+05 -6.619E-09  2.250E-05  2.930E+02  2.930E+02
   0.01417   2    0.41347  67   1.013E+05 -5.600E-09  1.069E-05  2.930E+02  2.930E+02
   0.01417   2    0.41978  68   1.013E+05 -4.667E-09  5.961E-06  2.930E+02  2.930E+02
   0.01417   2    0.42609  69   1.013E+05 -3.819E-09  6.467E-06  2.930E+02  2.930E+02
   0.01417   2    0.43241  70   1.013E+05 -3.048E-09  6.376E-06  2.930E+02  2.930E+02
   0.01417   2    0.43872  71   1.013E+05 -2.350E-09  6.381E-06  2.930E+02  2.930E+02
   0.01417   2    0.44503  72   1.013E+05 -1.726E-09  6.079E-06  2.930E+02  2.930E+02
   0.01417   2    0.45134  73   1.013E+05 -1.184E-09  5.351E-06  2.930E+02  2.930E+02
   0.01417   2    0.45766  74   1.013E+05 -7.408E-10  4.999E-06  2.930E+02  2.930E+02
   0.01417   2    0.46397  75   1.013E+05 -4.096E-10  3.856E-06  2.930E+02  2.930E+02
   0.01417   2    0.47028  76   1.013E+05 -1.918E-10  7.585E-06  2.930E+02  2.930E+02
   0.01417   2    0.47659  77   1.013E+05 -7.292E-11  1.900E-05  2.930E+02  2.930E+02
   0.01417   2    0.48291  78   1.013E+05 -3.254E-11  1.902E-05  2.930E+02  2.930E+02
   0.01417   2    0.48922  79   1.013E+05 -2.588E-11  7.394E-06  2.930E+02  2.930E+02
   0.01417   2    0.49553  80   1.013E+05 -3.325E-11  2.299E-06  2.930E+02  2.930E+02
   0.01417   2    0.50184  81   1.013E+05 -1.952E-11  6.928E-06  2.930E+02  2.930E+02
   0.01417   2    0.50500  82   1.013E+05 -1.952E-11  6.928E-06  2.930E+02  2.930E+02
   0.04252   3    0.00000   1   1.013E+05  0.000E+00  0.000E+00  2.930E+02  2.932E+02
   0.04252   3    0.00316   2   1.013E+05 -1.417E-07  1.237E-05  2.932E+02  2.932E+02
   0.04252   3    0.00947   3   1.013E+05 -1.378E-07  3.918E-05  2.935E+02  2.935E+02
   0.04252   3    0.01578   4   1.013E+05 -1.399E-07  7.328E-05  2.938E+02  2.938E+02
   0.04252   3    0.02209   5   1.013E+05 -1.200E-07  9.807E-05  2.940E+02  2.940E+02
   0.04252   3    0.02841   6   1.013E+05 -1.865E-07  1.276E-04  2.942E+02  2.942E+02
   0.04252   3    0.03472   7   1.013E+05 -1.770E-07  1.725E-04  2.945E+02  2.945E+02
   0.04252   3    0.04103   8   1.013E+05 -1.359E-07  2.071E-04  2.948E+02  2.948E+02
   0.04252   3    0.04734   9   1.013E+05 -9.264E-08  2.385E-04  2.953E+02  2.953E+02
   0.04252   3    0.05366  10   1.013E+05 -5.499E-08  2.807E-04  2.964E+02  2.965E+02
   0.04252   3    0.05997  11   1.013E+05  1.996E-07  3.368E-04  2.987E+02  2.988E+02
   0.04252   3    0.06628  12   1.013E+05 -8.644E-07  4.042E-04  3.032E+02  3.033E+02
   0.04252   3    0.07259  13   1.013E+05 -2.294E-06  4.613E-04  3.117E+02  3.119E+02
   0.04252   3    0.07891  14   1.013E+05 -8.224E-07  5.194E-04  3.273E+02  3.276E+02
   0.04252   3    0.08522  15   1.013E+05  3.707E-07  6.039E-04  3.539E+02  3.543E+02
   0.04252   3    0.09153  16   1.013E+05  2.391E-07  7.016E-04  3.969E+02  3.973E+02
   0.04252   3    0.09784  17   1.013E+05  2.587E-07  7.224E-04  4.616E+02  4.625E+02
   0.04252   3    0.10416  18   1.013E+05  2.513E-07  1.654E-03  5.512E+02  5.707E+02
   0.04252   3    0.11047  19   1.013E+05  2.680E-07  7.238E-04  4.646E+02  4.666E+02
   0.04252   3    0.11678  20   1.013E+05  2.633E-07  7.168E-04  4.003E+02  4.015E+02
   0.04252   3    0.12309  21   1.013E+05  2.661E-07  6.485E-04  3.567E+02  3.576E+02
   0.04252   3    0.12941  22   1.013E+05  2.586E-07  5.720E-04  3.292E+02  3.298E+02
   0.04252   3    0.13572  23   1.013E+05  2.311E-07  5.041E-04  3.128E+02  3.132E+02
   0.04252   3    0.14203  24   1.013E+05  1.847E-07  4.412E-04  3.037E+02  3.040E+02
   0.04252   3    0.14834  25   1.013E+05  1.254E-07  3.843E-04  2.989E+02  2.990E+02
   0.04252   3    0.15466  26   1.013E+05  5.715E-08  3.424E-04  2.965E+02  2.965E+02
   0.04252   3    0.16097  27   1.013E+05 -1.296E-08  3.001E-04  2.952E+02  2.953E+02
   0.04252   3    0.16728  28   1.013E+05 -9.541E-08  2.579E-04  2.946E+02  2.946E+02
   0.04252   3    0.17359  29   1.013E+05 -1.617E-07  2.312E-04  2.943E+02  2.943E+02
   0.04252   3    0.17991  30   1.013E+05 -1.633E-07  2.147E-04  2.941E+02  2.941E+02
   0.04252   3    0.18622  31   1.013E+05 -1.464E-07  1.954E-04  2.940E+02  2.940E+02
   0.04252   3    0.19253  32   1.013E+05 -1.365E-07  1.719E-04  2.939E+02  2.939E+02
   0.04252   3    0.19884  33   1.013E+05 -1.201E-07  1.574E-04  2.938E+02  2.938E+02
   0.04252   3    0.20516  34   1.013E+05 -9.863E-08  1.442E-04  2.937E+02  2.937E+02
   0.04252   3    0.21147  35   1.013E+05 -7.296E-08  1.246E-04  2.937E+02  2.937E+02
   0.04252   3    0.21778  36   1.013E+05 -4.470E-08  1.122E-04  2.936E+02  2.936E+02
   0.04252   3    0.22409  37   1.013E+05 -1.639E-08  1.066E-04  2.935E+02  2.935E+02
   0.04252   3    0.23041  38   1.013E+05  9.205E-09  9.588E-05  2.935E+02  2.935E+02
   0.04252   3    0.23672  39   1.013E+05  2.980E-08  7.887E-05  2.934E+02  2.934E+02
   0.04252   3    0.24303  40   1.013E+05  4.322E-08  7.518E-05  2.934E+02  2.934E+02
   0.04252   3    0.24934  41   1.013E+05  4.948E-08  7.825E-05  2.934E+02  2.934E+02
   0.04252   3    0.25566  42   1.013E+05  4.858E-08  6.780E-05  2.933E+02  2.933E+02
   0.04252   3    0.26197  43   1.013E+05  4.234E-08  5.912E-05  2.933E+02  2.933E+02
   0.04252   3    0.26828  44   1.013E+05  3.251E-08  5.686E-05  2.933E+02  2.933E+02
   0.04252   3    0.27459  45   1.013E+05  2.089E-08  5.362E-05  2.933E+02  2.933E+02
   0.04252   3    0.28091  46   1.013E+05  9.088E-09  5.100E-05  2.932E+02  2.932E+02
   0.04252   3    0.28722  47   1.013E+05 -1.831E-09  4.885E-05  2.932E+02  2.932E+02
   0.04252   3    0.29353  48   1.013E+05 -1.113E-08  4.640E-05  2.932E+02  2.932E+02
   0.04252   3    0.29984  49   1.013E+05 -1.862E-08  4.475E-05  2.932E+02  2.932E+02
   0.04252   3    0.30616  50   1.013E+05 -2.425E-08  3.752E-05  2.932E+02  2.932E+02
   0.04252   3    0.31247  51   1.013E+05 -2.826E-08  2.916E-05  2.931E+02  2.931E+02
   0.04252   3    0.31878  52   1.013E+05 -3.106E-08  3.477E-05  2.931E+02  2.931E+02
   0.04252   3    0.32509  53   1.013E+05 -3.277E-08  3.321E-05  2.931E+02  2.931E+02
   0.04252   3    0.33141  54   1.013E+05 -3.403E-08  2.452E-05  2.931E+02  2.931E+02
   0.04252   3    0.33772  55   1.013E+05 -3.525E-08  3.081E-05  2.931E+02  2.931E+02
   0.04252   3    0.34403  56   1.013E+05 -3.687E-08  3.063E-05  2.931E+02  2.931E+02
   0.04252   3    0.35034  57   1.013E+05 -3.910E-08  1.813E-05  2.931E+02  2.931E+02
   0.04252   3    0.35666  58   1.013E+05 -4.361E-08  1.249E-05  2.931E+02  2.931E+02
   0.04252   3    0.36297  59   1.013E+05 -4.577E-08  1.693E-05  2.931E+02  2.931E+02
   0.04252   3    0.36928  60   1.013E+05 -6.799E-08  2.739E-05  2.931E+02  2.931E+02
   0.04252   3    0.37559  61   1.013E+05 -4.256E-08  2.627E-05  2.931E+02  2.931E+02
   0.04252   3    0.38191  62   1.013E+05 -3.712E-08  1.379E-05  2.930E+02  2.930E+02
   0.04252   3    0.38822  63   1.013E+05 -2.927E-08  7.945E-06  2.930E+02  2.930E+02
   0.04252   3    0.39453  64   1.013E+05 -2.372E-08  1.206E-05  2.930E+02  2.930E+02
   0.04252   3    0.40084  65   1.013E+05 -1.894E-08  2.280E-05  2.930E+02  2.930E+02
   0.04252   3    0.40716  66   1.013E+05 -1.489E-08  2.254E-05  2.930E+02  2.930E+02
   0.04252   3    0.41347  67   1.013E+05 -1.142E-08  1.071E-05  2.930E+02  2.930E+02
   0.04252   3    0.41978  68   1.013E+05 -8.442E-09  5.984E-06  2.930E+02  2.930E+02
   0.04252   3    0.42609  69   1.013E+05 -5.918E-09  6.485E-06  2.930E+02  2.930E+02
   0.04252   3    0.43241  70   1.013E+05 -3.815E-09  6.389E-06  2.930E+02  2.930E+02
   0.04252   3    0.43872  71   1.013E+05 -2.103E-09  6.389E-06  2.930E+02  2.930E+02
   0.04252   3    0.44503  72   1.013E+05 -7.634E-10  6.085E-06  2.930E+02  2.930E+02
   0.04252   3    0.45134  73   1.013E+05  2.383E-10  5.355E-06  2.930E+02  2.930E+02
   0.04252   3    0.45766  74   1.013E+05  9.311E-10  5.001E-06  2.930E+02  2.930E+02
   0.04252   3    0.46397  75   1.013E+05  1.350E-09  3.858E-06  2.930E+02  2.930E+02
   0.04252   3    0.47028  76   1.013E+05  1.534E-09  7.587E-06  2.930E+02  2.930E+02
   0.04252   3    0.47659  77   1.013E+05  1.533E-09  1.901E-05  2.930E+02  2.930E+02
   0.04252   3    0.48291  78   1.013E+05  1.364E-09  1.903E-05  2.930E+02  2.930E+02
   0.04252   3    0.48922  79   1.013E+05  1.391E-09  7.396E-06  2.930E+02  2.930E+02
   0.04252   3    0.49553  80   1.013E+05  8.880E-10  2.300E-06  2.930E+02  2.930E+02
   0.04252   3    0.50184  81   1.013E+05  9.025E-10  6.930E-06  2.930E+02  2.930E+02
   0.04252   3    0.50500  82   1.013E+05  9.025E-10  6.930E-06  2.930E+02  2.930E+02
   0.07087   4    0.00000   1   1.013E+05  0.000E+00  0.000E+00  2.930E+02  2.932E+02
   0.07087   4    0.00316   2   1.013E+05 -1.067E-07  1.237E-05  2.932E+02  2.932E+02
   0.07087   4    0.00947   3   1.013E+05 -1.058E-07  3.913E-05  2.935E+02  2.935E+02
   0.07087   4    0.01578   4   1.013E+05 -1.166E-07  7.325E-05  2.938E+02  2.938E+02
   0.07087   4    0.02209   5   1.013E+05 -1.262E-07  9.768E-05  2.940E+02  2.940E+02
   0.07087   4    0.02841   6   1.013E+05  7.069E-08  1.271E-04  2.942E+02  2.942E+02
   0.07087   4    0.03472   7   1.013E+05 -9.512E-07  1.722E-04  2.945E+02  2.945E+02
   0.07087   4    0.04103   8   1.013E+05 -2.339E-06  2.070E-04  2.948E+02  2.948E+02
   0.07087   4    0.04734   9   1.013E+05 -8.441E-07  2.383E-04  2.953E+02  2.953E+02
   0.07087   4    0.05366  10   1.013E+05  2.628E-07  2.813E-04  2.964E+02  2.965E+02
   0.07087   4    0.05997  11   1.013E+05  2.839E-07  3.322E-04  2.987E+02  2.987E+02
   0.07087   4    0.06628  12   1.013E+05 -7.765E-07  3.919E-04  3.031E+02  3.033E+02
   0.07087   4    0.07259  13   1.013E+05 -2.233E-06  4.600E-04  3.117E+02  3.119E+02
   0.07087   4    0.07891  14   1.013E+05 -7.814E-07  5.295E-04  3.272E+02  3.275E+02
   0.07087   4    0.08522  15   1.013E+05  3.927E-07  6.069E-04  3.539E+02  3.543E+02
   0.07087   4    0.09153  16   1.013E+05  2.514E-07  6.997E-04  3.969E+02  3.973E+02
   0.07087   4    0.09784  17   1.013E+05  2.776E-07  7.214E-04  4.616E+02  4.625E+02
   0.07087   4    0.10416  18   1.013E+05  2.792E-07  1.654E-03  5.511E+02  5.707E+02
   0.07087   4    0.11047  19   1.013E+05  3.039E-07  7.230E-04  4.645E+02  4.666E+02
   0.07087   4    0.11678  20   1.013E+05  2.721E-07  7.160E-04  4.003E+02  4.015E+02
   0.07087   4    0.12309  21   1.013E+05  2.288E-07  6.480E-04  3.567E+02  3.576E+02
   0.07087   4    0.12941  22   1.013E+05  1.893E-07  5.717E-04  3.291E+02  3.298E+02
   0.07087   4    0.13572  23   1.013E+05  1.411E-07  5.040E-04  3.128E+02  3.132E+02
   0.07087   4    0.14203  24   1.013E+05  9.157E-08  4.413E-04  3.037E+02  3.040E+02
   0.07087   4    0.14834  25   1.013E+05  4.352E-08  3.846E-04  2.989E+02  2.991E+02
   0.07087   4    0.15466  26   1.013E+05 -4.221E-10  3.427E-04  2.965E+02  2.965E+02
   0.07087   4    0.16097  27   1.013E+05 -3.794E-08  3.005E-04  2.952E+02  2.953E+02
   0.07087   4    0.16728  28   1.013E+05 -6.733E-08  2.582E-04  2.946E+02  2.946E+02
   0.07087   4    0.17359  29   1.013E+05 -8.662E-08  2.316E-04  2.943E+02  2.943E+02
   0.07087   4    0.17991  30   1.013E+05 -9.318E-08  2.150E-04  2.941E+02  2.941E+02
   0.07087   4    0.18622  31   1.013E+05 -8.917E-08  1.956E-04  2.940E+02  2.940E+02
   0.07087   4    0.19253  32   1.013E+05 -7.640E-08  1.720E-04  2.939E+02  2.939E+02
   0.07087   4    0.19884  33   1.013E+05 -5.721E-08  1.575E-04  2.938E+02  2.938E+02
   0.07087   4    0.20516  34   1.013E+05 -3.273E-08  1.442E-04  2.937E+02  2.937E+02
   0.07087   4    0.21147  35   1.013E+05 -6.815E-09  1.246E-04  2.937E+02  2.937E+02
   0.07087   4    0.21778  36   1.013E+05  1.768E-08  1.122E-04  2.936E+02  2.936E+02
   0.07087   4    0.22409  37   1.013E+05  3.769E-08  1.066E-04  2.935E+02  2.935E+02
   0.07087   4    0.23041  38   1.013E+05  5.103E-08  9.595E-05  2.935E+02  2.935E+02
   0.07087   4    0.23672  39   1.013E+05  5.739E-08  7.901E-05  2.934E+02  2.934E+02
   0.07087   4    0.24303  40   1.013E+05  5.609E-08  7.537E-05  2.934E+02  2.934E+02
   0.07087   4    0.24934  41   1.013E+05  5.032E-08  7.849E-05  2.934E+02  2.934E+02
   0.07087   4    0.25566  42   1.013E+05  4.060E-08  6.808E-05  2.933E+02  2.933E+02
   0.07087   4    0.26197  43   1.013E+05  3.011E-08  5.941E-05  2.933E+02  2.933E+02
   0.07087   4    0.26828  44   1.013E+05  2.001E-08  5.715E-05  2.933E+02  2.933E+02
   0.07087   4    0.27459  45   1.013E+05  1.138E-08  5.390E-05  2.933E+02  2.933E+02
   0.07087   4    0.28091  46   1.013E+05  4.741E-09  5.126E-05  2.932E+02  2.932E+02
   0.07087   4    0.28722  47   1.013E+05  6.400E-11  4.909E-05  2.932E+02  2.932E+02
   0.07087   4    0.29353  48   1.013E+05 -2.470E-09  4.661E-05  2.932E+02  2.932E+02
   0.07087   4    0.29984  49   1.013E+05 -3.924E-09  4.494E-05  2.932E+02  2.932E+02
   0.07087   4    0.30616  50   1.013E+05 -3.992E-09  3.768E-05  2.932E+02  2.932E+02
   0.07087   4    0.31247  51   1.013E+05 -3.436E-09  2.930E-05  2.932E+02  2.932E+02
   0.07087   4    0.31878  52   1.013E+05 -2.543E-09  3.489E-05  2.931E+02  2.931E+02
   0.07087   4    0.32509  53   1.013E+05 -1.536E-09  3.332E-05  2.931E+02  2.931E+02
   0.07087   4    0.33141  54   1.013E+05 -4.835E-10  2.460E-05  2.931E+02  2.931E+02
   0.07087   4    0.33772  55   1.013E+05  8.005E-10  3.088E-05  2.931E+02  2.931E+02
   0.07087   4    0.34403  56   1.013E+05  2.748E-09  3.068E-05  2.931E+02  2.931E+02
   0.07087   4    0.35034  57   1.013E+05  7.268E-09  1.816E-05  2.931E+02  2.931E+02
   0.07087   4    0.35666  58   1.013E+05  1.247E-08  1.250E-05  2.931E+02  2.931E+02
   0.07087   4    0.36297  59   1.013E+05  3.739E-08  1.686E-05  2.931E+02  2.931E+02
   0.07087   4    0.36928  60   1.013E+05  3.734E-08  2.744E-05  2.931E+02  2.931E+02
   0.07087   4    0.37559  61   1.013E+05  3.497E-08  2.643E-05  2.931E+02  2.931E+02
   0.07087   4    0.38191  62   1.013E+05  7.799E-09  1.386E-05  2.930E+02  2.930E+02
   0.07087   4    0.38822  63   1.013E+05  1.491E-09  8.006E-06  2.930E+02  2.930E+02
   0.07087   4    0.39453  64   1.013E+05 -3.515E-09  1.210E-05  2.930E+02  2.930E+02
   0.07087   4    0.40084  65   1.013E+05 -4.963E-09  2.282E-05  2.930E+02  2.930E+02
   0.07087   4    0.40716  66   1.013E+05 -4.889E-09  2.255E-05  2.930E+02  2.930E+02
   0.07087   4    0.41347  67   1.013E+05 -3.890E-09  1.072E-05  2.930E+02  2.930E+02
   0.07087   4    0.41978  68   1.013E+05 -2.513E-09  5.989E-06  2.930E+02  2.930E+02
   0.07087   4    0.42609  69   1.013E+05 -1.116E-09  6.486E-06  2.930E+02  2.930E+02
   0.07087   4    0.43241  70   1.013E+05  2.998E-11  6.389E-06  2.930E+02  2.930E+02
   0.07087   4    0.43872  71   1.013E+05  7.459E-10  6.390E-06  2.930E+02  2.930E+02
   0.07087   4    0.44503  72   1.013E+05  9.093E-10  6.086E-06  2.930E+02  2.930E+02
   0.07087   4    0.45134  73   1.013E+05  4.700E-10  5.356E-06  2.930E+02  2.930E+02
   0.07087   4    0.45766  74   1.013E+05 -5.837E-10  5.003E-06  2.930E+02  2.930E+02
   0.07087   4    0.46397  75   1.013E+05 -2.209E-09  3.859E-06  2.930E+02  2.930E+02
   0.07087   4    0.47028  76   1.013E+05 -4.330E-09  7.588E-06  2.930E+02  2.930E+02
   0.07087   4    0.47659  77   1.013E+05 -6.653E-09  1.901E-05  2.930E+02  2.930E+02
   0.07087   4    0.48291  78   1.013E+05 -8.975E-09  1.903E-05  2.930E+02  2.930E+02
   0.07087   4    0.48922  79   1.013E+05 -9.606E-09  7.395E-06  2.930E+02  2.930E+02
   0.07087   4    0.49553  80   1.013E+05 -7.505E-09  2.299E-06  2.930E+02  2.930E+02
   0.07087   4    0.50184  81   1.013E+05 -5.119E-09  6.922E-06  2.930E+02  2.930E+02
   0.07087   4    0.50500  82   1.013E+05 -5.119E-09  6.922E-06  2.930E+02  2.930E+02
   0.09922   5    0.00000   1   1.013E+05  0.000E+00  0.000E+00  2.930E+02  2.932E+02
   0.09922   5    0.00316   2   1.013E+05  1.310E-07  1.236E-05  2.932E+02  2.932E+02
   0.09922   5    0.00947   3   1.013E+05  3.479E-07  3.911E-05  2.935E+02  2.935E+02
   0.09922   5    0.01578   4   1.013E+05 -7.317E-07  7.315E-05  2.938E+02  2.938E+02
   0.09922   5    0.02209   5   1.013E+05 -2.192E-06  9.886E-05  2.940E+02  2.940E+02
   0.09922   5    0.02841   6   1.013E+05 -5.222E-07  1.238E-04  2.942E+02  2.942E+02
   0.09922   5    0.03472   7   1.013E+05 -5.295E-07  1.615E-04  2.945E+02  2.945E+02
   0.09922   5    0.04103   8   1.013E+05 -2.215E-06  2.073E-04  2.948E+02  2.948E+02
   0.09922   5    0.04734   9   1.013E+05 -7.753E-07  2.498E-04  2.953E+02  2.953E+02
   0.09922   5    0.05366  10   1.013E+05  2.766E-07  2.852E-04  2.964E+02  2.965E+02
   0.09922   5    0.05997  11   1.013E+05  1.648E-08  3.314E-04  2.987E+02  2.988E+02
   0.09922   5    0.06628  12   1.013E+05 -2.391E-08  3.921E-04  3.032E+02  3.033E+02
   0.09922   5    0.07259  13   1.013E+05 -6.799E-08  4.606E-04  3.117E+02  3.119E+02
   0.09922   5    0.07891  14   1.013E+05 -9.347E-08  5.305E-04  3.273E+02  3.276E+02
   0.09922   5    0.08522  15   1.013E+05 -1.004E-07  6.080E-04  3.539E+02  3.543E+02
   0.09922   5    0.09153  16   1.013E+05 -1.048E-07  7.008E-04  3.969E+02  3.973E+02
   0.09922   5    0.09784  17   1.013E+05 -4.734E-08  7.225E-04  4.616E+02  4.625E+02
   0.09922   5    0.10416  18   1.013E+05  6.588E-08  1.655E-03  5.512E+02  5.708E+02
   0.09922   5    0.11047  19   1.013E+05  1.054E-07  7.241E-04  4.646E+02  4.666E+02
   0.09922   5    0.11678  20   1.013E+05  8.811E-08  7.170E-04  4.003E+02  4.015E+02
   0.09922   5    0.12309  21   1.013E+05  4.631E-08  6.492E-04  3.567E+02  3.576E+02
   0.09922   5    0.12941  22   1.013E+05  1.743E-08  5.731E-04  3.292E+02  3.298E+02
   0.09922   5    0.13572  23   1.013E+05 -6.516E-09  5.054E-04  3.129E+02  3.133E+02
   0.09922   5    0.14203  24   1.013E+05 -1.919E-08  4.425E-04  3.038E+02  3.040E+02
   0.09922   5    0.14834  25   1.013E+05 -2.094E-08  3.856E-04  2.989E+02  2.991E+02
   0.09922   5    0.15466  26   1.013E+05 -1.331E-08  3.435E-04  2.965E+02  2.966E+02
   0.09922   5    0.16097  27   1.013E+05  1.708E-09  3.011E-04  2.953E+02  2.953E+02
   0.09922   5    0.16728  28   1.013E+05  2.189E-08  2.586E-04  2.946E+02  2.947E+02
   0.09922   5    0.17359  29   1.013E+05  4.342E-08  2.317E-04  2.943E+02  2.943E+02
   0.09922   5    0.17991  30   1.013E+05  6.139E-08  2.149E-04  2.941E+02  2.941E+02
   0.09922   5    0.18622  31   1.013E+05  7.353E-08  1.954E-04  2.940E+02  2.940E+02
   0.09922   5    0.19253  32   1.013E+05  8.028E-08  1.717E-04  2.939E+02  2.939E+02
   0.09922   5    0.19884  33   1.013E+05  8.358E-08  1.571E-04  2.938E+02  2.938E+02
   0.09922   5    0.20516  34   1.013E+05  8.503E-08  1.438E-04  2.937E+02  2.937E+02
   0.09922   5    0.21147  35   1.013E+05  8.486E-08  1.242E-04  2.936E+02  2.936E+02
   0.09922   5    0.21778  36   1.013E+05  8.337E-08  1.119E-04  2.936E+02  2.936E+02
   0.09922   5    0.22409  37   1.013E+05  8.274E-08  1.063E-04  2.935E+02  2.935E+02
   0.09922   5    0.23041  38   1.013E+05  7.898E-08  9.576E-05  2.935E+02  2.935E+02
   0.09922   5    0.23672  39   1.013E+05  9.744E-08  7.889E-05  2.934E+02  2.934E+02
   0.09922   5    0.24303  40   1.013E+05  6.623E-08  7.531E-05  2.934E+02  2.934E+02
   0.09922   5    0.24934  41   1.013E+05  7.738E-08  7.846E-05  2.934E+02  2.934E+02
   0.09922   5    0.25566  42   1.013E+05  4.055E-08  6.806E-05  2.933E+02  2.933E+02
   0.09922   5    0.26197  43   1.013E+05  2.889E-08  5.939E-05  2.933E+02  2.933E+02
   0.09922   5    0.26828  44   1.013E+05  1.786E-08  5.712E-05  2.933E+02  2.933E+02
   0.09922   5    0.27459  45   1.013E+05  1.167E-08  5.385E-05  2.933E+02  2.933E+02
   0.09922   5    0.28091  46   1.013E+05  8.060E-09  5.120E-05  2.932E+02  2.932E+02
   0.09922   5    0.28722  47   1.013E+05  6.278E-09  4.902E-05  2.932E+02  2.932E+02
   0.09922   5    0.29353  48   1.013E+05  6.680E-09  4.653E-05  2.932E+02  2.932E+02
   0.09922   5    0.29984  49   1.013E+05  9.796E-09  4.485E-05  2.932E+02  2.932E+02
   0.09922   5    0.30616  50   1.013E+05  1.329E-08  3.760E-05  2.932E+02  2.932E+02
   0.09922   5    0.31247  51   1.013E+05  1.483E-08  2.922E-05  2.932E+02  2.932E+02
   0.09922   5    0.31878  52   1.013E+05  1.327E-08  3.482E-05  2.931E+02  2.931E+02
   0.09922   5    0.32509  53   1.013E+05  7.099E-09  3.326E-05  2.931E+02  2.931E+02
   0.09922   5    0.33141  54   1.013E+05 -5.096E-09  2.457E-05  2.931E+02  2.931E+02
   0.09922   5    0.33772  55   1.013E+05 -2.404E-08  3.086E-05  2.931E+02  2.931E+02
   0.09922   5    0.34403  56   1.013E+05 -5.964E-08  3.071E-05  2.931E+02  2.931E+02
   0.09922   5    0.35034  57   1.013E+05 -7.169E-08  1.824E-05  2.931E+02  2.931E+02
   0.09922   5    0.35666  58   1.013E+05 -3.276E-07  1.269E-05  2.931E+02  2.931E+02
   0.09922   5    0.36297  59   1.013E+05  7.262E-07  1.711E-05  2.931E+02  2.931E+02
   0.09922   5    0.36928  60   1.013E+05  2.145E-06  2.745E-05  2.931E+02  2.931E+02
   0.09922   5    0.37559  61   1.013E+05  7.188E-07  2.621E-05  2.931E+02  2.931E+02
   0.09922   5    0.38191  62   1.013E+05 -3.425E-07  1.370E-05  2.930E+02  2.930E+02
   0.09922   5    0.38822  63   1.013E+05 -9.223E-08  7.941E-06  2.930E+02  2.930E+02
   0.09922   5    0.39453  64   1.013E+05 -8.485E-08  1.207E-05  2.930E+02  2.930E+02
   0.09922   5    0.40084  65   1.013E+05 -5.224E-08  2.281E-05  2.930E+02  2.930E+02
   0.09922   5    0.40716  66   1.013E+05 -3.447E-08  2.255E-05  2.930E+02  2.930E+02
   0.09922   5    0.41347  67   1.013E+05 -2.150E-08  1.073E-05  2.930E+02  2.930E+02
   0.09922   5    0.41978  68   1.013E+05 -1.276E-08  5.994E-06  2.930E+02  2.930E+02
   0.09922   5    0.42609  69   1.013E+05 -6.841E-09  6.491E-06  2.930E+02  2.930E+02
   0.09922   5    0.43241  70   1.013E+05 -3.032E-09  6.393E-06  2.930E+02  2.930E+02
   0.09922   5    0.43872  71   1.013E+05 -8.862E-10  6.392E-06  2.930E+02  2.930E+02
   0.09922   5    0.44503  72   1.013E+05 -2.658E-10  6.086E-06  2.930E+02  2.930E+02
   0.09922   5    0.45134  73   1.013E+05 -1.285E-09  5.353E-06  2.930E+02  2.930E+02
   0.09922   5    0.45766  74   1.013E+05 -4.391E-09  4.996E-06  2.930E+02  2.930E+02
   0.09922   5    0.46397  75   1.013E+05 -1.020E-08  3.849E-06  2.930E+02  2.930E+02
   0.09922   5    0.47028  76   1.013E+05 -2.066E-08  7.575E-06  2.930E+02  2.930E+02
   0.09922   5    0.47659  77   1.013E+05 -3.459E-08  1.899E-05  2.930E+02  2.930E+02
   0.09922   5    0.48291  78   1.013E+05 -6.646E-08  1.902E-05  2.930E+02  2.930E+02
   0.09922   5    0.48922  79   1.013E+05 -9.036E-08  7.407E-06  2.930E+02  2.930E+02
   0.09922   5    0.49553  80   1.013E+05 -5.803E-08  2.324E-06  2.930E+02  2.930E+02
   0.09922   5    0.50184  81   1.013E+05 -2.089E-08  6.988E-06  2.930E+02  2.930E+02
   0.09922   5    0.50500  82   1.013E+05 -2.089E-08  6.988E-06  2.930E+02  2.930E+02
   0.12757   6    0.00000   1   1.013E+05  0.000E+00  0.000E+00  2.930E+02  2.932E+02
   0.12757   6    0.00316   2   1.013E+05  3.019E-07  1.331E-05  2.932E+02  2.932E+02
   0.12757   6    0.00947   3   1.013E+05  4.606E-07  3.520E-05  2.935E+02  2.935E+02
   0.12757   6    0.01578   4   1.013E+05 -6.809E-07  6.180E-05  2.938E+02  2.938E+02
   0.12757   6    0.02209   5   1.013E+05 -2.185E-06  9.863E-05  2.940E+02  2.940E+02
   0.12757   6    0.02841   6   1.013E+05 -7.985E-07  1.347E-04  2.942E+02  2.942E+02
   0.12757   6    0.03472   7   1.013E+05  2.149E-07  1.648E-04  2.945E+02  2.945E+02
   0.12757   6    0.04103   8   1.013E+05 -6.405E-08  2.062E-04  2.948E+02  2.948E+02
   0.12757   6    0.04734   9   1.013E+05 -9.395E-08  2.500E-04  2.953E+02  2.953E+02
   0.12757   6    0.05366  10   1.013E+05 -1.207E-07  2.854E-04  2.964E+02  2.965E+02
   0.12757   6    0.05997  11   1.013E+05 -1.477E-07  3.316E-04  2.987E+02  2.988E+02
   0.12757   6    0.06628  12   1.013E+05 -1.698E-07  3.924E-04  3.032E+02  3.033E+02
   0.12757   6    0.07259  13   1.013E+05 -1.698E-07  4.607E-04  3.117E+02  3.119E+02
   0.12757   6    0.07891  14   1.013E+05 -2.161E-07  5.305E-04  3.273E+02  3.276E+02
   0.12757   6    0.08522  15   1.013E+05 -2.617E-07  6.079E-04  3.539E+02  3.543E+02
   0.12757   6    0.09153  16   1.013E+05 -3.064E-07  7.009E-04  3.969E+02  3.973E+02
   0.12757   6    0.09784  17   1.013E+05 -3.186E-07  7.229E-04  4.616E+02  4.625E+02
   0.12757   6    0.10416  18   1.013E+05 -3.474E-07  1.655E-03  5.512E+02  5.708E+02
   0.12757   6    0.11047  19   1.013E+05 -3.820E-07  7.241E-04  4.646E+02  4.666E+02
   0.12757   6    0.11678  20   1.013E+05 -2.945E-07  7.170E-04  4.003E+02  4.015E+02
   0.12757   6    0.12309  21   1.013E+05 -2.209E-07  6.491E-04  3.567E+02  3.576E+02
   0.12757   6    0.12941  22   1.013E+05 -1.573E-07  5.729E-04  3.292E+02  3.298E+02
   0.12757   6    0.13572  23   1.013E+05 -8.945E-08  5.051E-04  3.129E+02  3.133E+02
   0.12757   6    0.14203  24   1.013E+05 -1.922E-08  4.421E-04  3.038E+02  3.040E+02
   0.12757   6    0.14834  25   1.013E+05  5.270E-08  3.852E-04  2.989E+02  2.991E+02
   0.12757   6    0.15466  26   1.013E+05  1.286E-07  3.431E-04  2.965E+02  2.965E+02
   0.12757   6    0.16097  27   1.013E+05  2.092E-07  3.006E-04  2.952E+02  2.953E+02
   0.12757   6    0.16728  28   1.013E+05  3.095E-07  2.582E-04  2.946E+02  2.946E+02
   0.12757   6    0.17359  29   1.013E+05  4.160E-07  2.313E-04  2.943E+02  2.943E+02
   0.12757   6    0.17991  30   1.013E+05  4.699E-07  2.145E-04  2.941E+02  2.941E+02
   0.12757   6    0.18622  31   1.013E+05  4.438E-07  1.951E-04  2.940E+02  2.940E+02
   0.12757   6    0.19253  32   1.013E+05  3.640E-07  1.714E-04  2.939E+02  2.939E+02
   0.12757   6    0.19884  33   1.013E+05  2.898E-07  1.568E-04  2.938E+02  2.938E+02
   0.12757   6    0.20516  34   1.013E+05  2.350E-07  1.436E-04  2.937E+02  2.937E+02
   0.12757   6    0.21147  35   1.013E+05  1.862E-07  1.241E-04  2.936E+02  2.936E+02
   0.12757   6    0.21778  36   1.013E+05  1.446E-07  1.117E-04  2.936E+02  2.936E+02
   0.12757   6    0.22409  37   1.013E+05  1.116E-07  1.062E-04  2.935E+02  2.935E+02
   0.12757   6    0.23041  38   1.013E+05  8.350E-08  9.567E-05  2.935E+02  2.935E+02
   0.12757   6    0.23672  39   1.013E+05  8.551E-08  7.862E-05  2.934E+02  2.934E+02
   0.12757   6    0.24303  40   1.013E+05  4.484E-08  7.493E-05  2.934E+02  2.934E+02
   0.12757   6    0.24934  41   1.013E+05  5.207E-08  7.799E-05  2.934E+02  2.934E+02
   0.12757   6    0.25566  42   1.013E+05  1.497E-08  6.743E-05  2.933E+02  2.933E+02
   0.12757   6    0.26197  43   1.013E+05  4.629E-09  5.883E-05  2.933E+02  2.933E+02
   0.12757   6    0.26828  44   1.013E+05 -5.500E-09  5.655E-05  2.933E+02  2.933E+02
   0.12757   6    0.27459  45   1.013E+05 -1.421E-08  5.331E-05  2.933E+02  2.933E+02
   0.12757   6    0.28091  46   1.013E+05 -2.372E-08  5.067E-05  2.932E+02  2.932E+02
   0.12757   6    0.28722  47   1.013E+05 -5.017E-08  4.852E-05  2.932E+02  2.932E+02
   0.12757   6    0.29353  48   1.013E+05 -7.034E-08  4.608E-05  2.932E+02  2.932E+02
   0.12757   6    0.29984  49   1.013E+05 -3.879E-08  4.445E-05  2.932E+02  2.932E+02
   0.12757   6    0.30616  50   1.013E+05 -2.615E-09  3.723E-05  2.932E+02  2.932E+02
   0.12757   6    0.31247  51   1.013E+05  1.290E-08  2.887E-05  2.931E+02  2.931E+02
   0.12757   6    0.31878  52   1.013E+05  2.170E-08  3.448E-05  2.931E+02  2.931E+02
   0.12757   6    0.32509  53   1.013E+05  2.202E-08  3.291E-05  2.931E+02  2.931E+02
   0.12757   6    0.33141  54   1.013E+05  1.443E-08  2.420E-05  2.931E+02  2.931E+02
   0.12757   6    0.33772  55   1.013E+05 -9.345E-10  3.042E-05  2.931E+02  2.931E+02
   0.12757   6    0.34403  56   1.013E+05 -3.345E-08  3.030E-05  2.931E+02  2.931E+02
   0.12757   6    0.35034  57   1.013E+05 -4.266E-08  1.684E-05  2.931E+02  2.931E+02
   0.12757   6    0.35666  58   1.013E+05 -2.963E-07  1.601E-05  2.931E+02  2.931E+02
   0.12757   6    0.36297  59   1.013E+05  7.589E-07  2.793E-05  2.931E+02  2.931E+02
   0.12757   6    0.36928  60   1.013E+05  2.176E-06  2.740E-05  2.931E+02  2.931E+02
   0.12757   6    0.37559  61   1.013E+05  7.461E-07  1.528E-05  2.931E+02  2.931E+02
   0.12757   6    0.38191  62   1.013E+05 -3.186E-07  1.025E-05  2.930E+02  2.930E+02
   0.12757   6    0.38822  63   1.013E+05 -7.155E-08  9.210E-06  2.930E+02  2.930E+02
   0.12757   6    0.39453  64   1.013E+05 -6.696E-08  1.234E-05  2.930E+02  2.930E+02
   0.12757   6    0.40084  65   1.013E+05 -3.685E-08  2.311E-05  2.930E+02  2.930E+02
   0.12757   6    0.40716  66   1.013E+05 -2.134E-08  2.275E-05  2.930E+02  2.930E+02
   0.12757   6    0.41347  67   1.013E+05 -1.036E-08  1.088E-05  2.930E+02  2.930E+02
   0.12757   6    0.41978  68   1.013E+05 -3.287E-09  6.106E-06  2.930E+02  2.930E+02
   0.12757   6    0.42609  69   1.013E+05  1.236E-09  6.577E-06  2.930E+02  2.930E+02
   0.12757   6    0.43241  70   1.013E+05  3.970E-09  6.457E-06  2.930E+02  2.930E+02
   0.12757   6    0.43872  71   1.013E+05  5.410E-09  6.437E-06  2.930E+02  2.930E+02
   0.12757   6    0.44503  72   1.013E+05  5.738E-09  6.111E-06  2.930E+02  2.930E+02
   0.12757   6    0.45134  73   1.013E+05  4.878E-09  5.359E-06  2.930E+02  2.930E+02
   0.12757   6    0.45766  74   1.013E+05  2.399E-09  4.978E-06  2.930E+02  2.930E+02
   0.12757   6    0.46397  75   1.013E+05 -2.322E-09  3.797E-06  2.930E+02  2.930E+02
   0.12757   6    0.47028  76   1.013E+05 -1.132E-08  7.486E-06  2.930E+02  2.930E+02
   0.12757   6    0.47659  77   1.013E+05 -2.353E-08  1.881E-05  2.930E+02  2.930E+02
   0.12757   6    0.48291  78   1.013E+05 -5.406E-08  1.878E-05  2.930E+02  2.930E+02
   0.12757   6    0.48922  79   1.013E+05 -7.732E-08  7.436E-06  2.930E+02  2.930E+02
   0.12757   6    0.49553  80   1.013E+05 -4.832E-08  2.614E-06  2.930E+02  2.930E+02
   0.12757   6    0.50184  81   1.013E+05 -1.363E-08  7.278E-06  2.930E+02  2.930E+02
   0.12757   6    0.50500  82   1.013E+05 -1.363E-08  7.278E-06  2.930E+02  2.930E+02
   0.15592   7    0.00000   1   1.013E+05  0.000E+00  0.000E+00  2.930E+02  2.932E+02
   0.15592   7    0.00316   2   1.013E+05 -5.353E-09  1.329E-05  2.932E+02  2.932E+02
   0.15592   7    0.00947   3   1.013E+05 -2.455E-08  3.522E-05  2.935E+02  2.935E+02
   0.15592   7    0.01578   4   1.013E+05 -4.710E-08  6.204E-05  2.938E+02  2.938E+02
   0.15592   7    0.02209   5   1.013E+05 -7.378E-08  9.926E-05  2.941E+02  2.941E+02
   0.15592   7    0.02841   6   1.013E+05 -9.913E-08  1.356E-04  2.943E+02  2.943E+02
   0.15592   7    0.03472   7   1.013E+05 -1.047E-07  1.658E-04  2.945E+02  2.945E+02
   0.15592   7    0.04103   8   1.013E+05 -1.095E-07  2.069E-04  2.948E+02  2.948E+02
   0.15592   7    0.04734   9   1.013E+05 -1.587E-07  2.504E-04  2.953E+02  2.953E+02
   0.15592   7    0.05366  10   1.013E+05 -1.841E-07  2.857E-04  2.964E+02  2.965E+02
   0.15592   7    0.05997  11   1.013E+05 -2.022E-07  3.317E-04  2.987E+02  2.988E+02
   0.15592   7    0.06628  12   1.013E+05 -2.041E-07  3.924E-04  3.032E+02  3.033E+02
   0.15592   7    0.07259  13   1.013E+05 -1.890E-07  4.605E-04  3.117E+02  3.119E+02
   0.15592   7    0.07891  14   1.013E+05 -1.501E-07  5.300E-04  3.273E+02  3.276E+02
   0.15592   7    0.08522  15   1.013E+05 -1.355E-07  6.074E-04  3.539E+02  3.543E+02
   0.15592   7    0.09153  16   1.013E+05  1.155E-07  7.002E-04  3.969E+02  3.973E+02
   0.15592   7    0.09784  17   1.013E+05 -1.014E-06  7.221E-04  4.616E+02  4.625E+02
   0.15592   7    0.10416  18   1.013E+05 -2.562E-06  1.655E-03  5.512E+02  5.707E+02
   0.15592   7    0.11047  19   1.013E+05 -1.257E-06  7.237E-04  4.645E+02  4.666E+02
   0.15592   7    0.11678  20   1.013E+05 -1.262E-07  7.168E-04  4.003E+02  4.015E+02
   0.15592   7    0.12309  21   1.013E+05 -2.657E-07  6.486E-04  3.567E+02  3.576E+02
   0.15592   7    0.12941  22   1.013E+05 -1.693E-07  5.721E-04  3.291E+02  3.298E+02
   0.15592   7    0.13572  23   1.013E+05 -8.890E-08  5.042E-04  3.128E+02  3.132E+02
   0.15592   7    0.14203  24   1.013E+05  3.322E-09  4.412E-04  3.037E+02  3.040E+02
   0.15592   7    0.14834  25   1.013E+05  9.452E-08  3.843E-04  2.989E+02  2.990E+02
   0.15592   7    0.15466  26   1.013E+05  1.858E-07  3.424E-04  2.964E+02  2.965E+02
   0.15592   7    0.16097  27   1.013E+05  2.771E-07  3.002E-04  2.952E+02  2.953E+02
   0.15592   7    0.16728  28   1.013E+05  3.837E-07  2.580E-04  2.946E+02  2.946E+02
   0.15592   7    0.17359  29   1.013E+05  4.925E-07  2.312E-04  2.943E+02  2.943E+02
   0.15592   7    0.17991  30   1.013E+05  5.456E-07  2.140E-04  2.941E+02  2.941E+02
   0.15592   7    0.18622  31   1.013E+05  5.163E-07  1.942E-04  2.940E+02  2.940E+02
   0.15592   7    0.19253  32   1.013E+05  4.318E-07  1.705E-04  2.939E+02  2.939E+02
   0.15592   7    0.19884  33   1.013E+05  3.520E-07  1.563E-04  2.938E+02  2.938E+02
   0.15592   7    0.20516  34   1.013E+05  2.909E-07  1.433E-04  2.937E+02  2.937E+02
   0.15592   7    0.21147  35   1.013E+05  2.349E-07  1.239E-04  2.936E+02  2.936E+02
   0.15592   7    0.21778  36   1.013E+05  1.846E-07  1.117E-04  2.936E+02  2.936E+02
   0.15592   7    0.22409  37   1.013E+05  1.391E-07  1.062E-04  2.935E+02  2.935E+02
   0.15592   7    0.23041  38   1.013E+05  9.919E-08  9.569E-05  2.935E+02  2.935E+02
   0.15592   7    0.23672  39   1.013E+05  6.589E-08  7.863E-05  2.934E+02  2.934E+02
   0.15592   7    0.24303  40   1.013E+05  3.873E-08  7.491E-05  2.934E+02  2.934E+02
   0.15592   7    0.24934  41   1.013E+05  1.953E-08  7.792E-05  2.934E+02  2.934E+02
   0.15592   7    0.25566  42   1.013E+05  6.260E-09  6.730E-05  2.933E+02  2.933E+02
   0.15592   7    0.26197  43   1.013E+05 -7.184E-10  5.865E-05  2.933E+02  2.933E+02
   0.15592   7    0.26828  44   1.013E+05 -2.915E-09  5.631E-05  2.933E+02  2.933E+02
   0.15592   7    0.27459  45   1.013E+05 -1.442E-09  5.301E-05  2.932E+02  2.932E+02
   0.15592   7    0.28091  46   1.013E+05  2.541E-09  5.026E-05  2.932E+02  2.932E+02
   0.15592   7    0.28722  47   1.013E+05  7.982E-09  4.804E-05  2.932E+02  2.932E+02
   0.15592   7    0.29353  48   1.013E+05  1.411E-08  4.584E-05  2.932E+02  2.932E+02
   0.15592   7    0.29984  49   1.013E+05  2.027E-08  4.446E-05  2.932E+02  2.932E+02
   0.15592   7    0.30616  50   1.013E+05  2.614E-08  3.718E-05  2.932E+02  2.932E+02
   0.15592   7    0.31247  51   1.013E+05  3.152E-08  2.874E-05  2.931E+02  2.931E+02
   0.15592   7    0.31878  52   1.013E+05  3.644E-08  3.434E-05  2.931E+02  2.931E+02
   0.15592   7    0.32509  53   1.013E+05  4.128E-08  3.277E-05  2.931E+02  2.931E+02
   0.15592   7    0.33141  54   1.013E+05  4.676E-08  2.407E-05  2.931E+02  2.931E+02
   0.15592   7    0.33772  55   1.013E+05  5.404E-08  3.032E-05  2.931E+02  2.931E+02
   0.15592   7    0.34403  56   1.013E+05  6.577E-08  3.025E-05  2.931E+02  2.931E+02
   0.15592   7    0.35034  57   1.013E+05  8.323E-08  1.684E-05  2.931E+02  2.931E+02
   0.15592   7    0.35666  58   1.013E+05  1.192E-07  1.612E-05  2.931E+02  2.931E+02
   0.15592   7    0.36297  59   1.013E+05  1.689E-07  2.809E-05  2.931E+02  2.931E+02
   0.15592   7    0.36928  60   1.013E+05  1.407E-07  2.731E-05  2.931E+02  2.931E+02
   0.15592   7    0.37559  61   1.013E+05  1.039E-07  1.495E-05  2.931E+02  2.931E+02
   0.15592   7    0.38191  62   1.013E+05  6.039E-08  9.991E-06  2.930E+02  2.930E+02
   0.15592   7    0.38822  63   1.013E+05  4.121E-08  9.055E-06  2.930E+02  2.930E+02
   0.15592   7    0.39453  64   1.013E+05  2.766E-08  1.222E-05  2.930E+02  2.930E+02
   0.15592   7    0.40084  65   1.013E+05  1.982E-08  2.303E-05  2.930E+02  2.930E+02
   0.15592   7    0.40716  66   1.013E+05  1.494E-08  2.269E-05  2.930E+02  2.930E+02
   0.15592   7    0.41347  67   1.013E+05  1.195E-08  1.083E-05  2.930E+02  2.930E+02
   0.15592   7    0.41978  68   1.013E+05  1.009E-08  6.075E-06  2.930E+02  2.930E+02
   0.15592   7    0.42609  69   1.013E+05  8.819E-09  6.553E-06  2.930E+02  2.930E+02
   0.15592   7    0.43241  70   1.013E+05  7.846E-09  6.439E-06  2.930E+02  2.930E+02
   0.15592   7    0.43872  71   1.013E+05  7.042E-09  6.423E-06  2.930E+02  2.930E+02
   0.15592   7    0.44503  72   1.013E+05  6.426E-09  6.101E-06  2.930E+02  2.930E+02
   0.15592   7    0.45134  73   1.013E+05  6.208E-09  5.350E-06  2.930E+02  2.930E+02
   0.15592   7    0.45766  74   1.013E+05  6.878E-09  4.971E-06  2.930E+02  2.930E+02
   0.15592   7    0.46397  75   1.013E+05  9.132E-09  3.792E-06  2.930E+02  2.930E+02
   0.15592   7    0.47028  76   1.013E+05  1.501E-08  7.482E-06  2.930E+02  2.930E+02
   0.15592   7    0.47659  77   1.013E+05  2.395E-08  1.880E-05  2.930E+02  2.930E+02
   0.15592   7    0.48291  78   1.013E+05  5.057E-08  1.878E-05  2.930E+02  2.930E+02
   0.15592   7    0.48922  79   1.013E+05  7.272E-08  7.434E-06  2.930E+02  2.930E+02
   0.15592   7    0.49553  80   1.013E+05  4.417E-08  2.611E-06  2.930E+02  2.930E+02
   0.15592   7    0.50184  81   1.013E+05  1.137E-08  7.267E-06  2.930E+02  2.930E+02
   0.15592   7    0.50500  82   1.013E+05  1.137E-08  7.267E-06  2.930E+02  2.930E+02
   0.18427   8    0.00000   1   1.013E+05  0.000E+00  0.000E+00  2.930E+02  2.932E+02
   0.18427   8    0.00316   2   1.013E+05 -2.290E-06  1.353E-05  2.932E+02  2.932E+02
   0.18427   8    0.00947   3   1.013E+05 -1.012E-06  3.575E-05  2.935E+02  2.935E+02
   0.18427   8    0.01578   4   1.013E+05  1.744E-07  6.266E-05  2.938E+02  2.938E+02
   0.18427   8    0.02209   5   1.013E+05 -1.610E-08  9.968E-05  2.941E+02  2.941E+02
   0.18427   8    0.02841   6   1.013E+05 -1.968E-08  1.359E-04  2.943E+02  2.943E+02
   0.18427   8    0.03472   7   1.013E+05 -4.445E-08  1.661E-04  2.945E+02  2.945E+02
   0.18427   8    0.04103   8   1.013E+05 -6.551E-08  2.071E-04  2.948E+02  2.948E+02
   0.18427   8    0.04734   9   1.013E+05 -8.530E-08  2.506E-04  2.953E+02  2.954E+02
   0.18427   8    0.05366  10   1.013E+05 -1.022E-07  2.858E-04  2.964E+02  2.965E+02
   0.18427   8    0.05997  11   1.013E+05 -1.132E-07  3.318E-04  2.987E+02  2.988E+02
   0.18427   8    0.06628  12   1.013E+05 -1.167E-07  3.924E-04  3.032E+02  3.033E+02
   0.18427   8    0.07259  13   1.013E+05 -1.098E-07  4.605E-04  3.117E+02  3.119E+02
   0.18427   8    0.07891  14   1.013E+05 -9.854E-08  5.300E-04  3.273E+02  3.276E+02
   0.18427   8    0.08522  15   1.013E+05 -1.064E-07  6.084E-04  3.539E+02  3.543E+02
   0.18427   8    0.09153  16   1.013E+05  1.749E-07  6.966E-04  3.969E+02  3.973E+02
   0.18427   8    0.09784  17   1.013E+05 -9.198E-07  7.122E-04  4.616E+02  4.626E+02
   0.18427   8    0.10416  18   1.013E+05 -2.405E-06  1.656E-03  5.512E+02  5.708E+02
   0.18427   8    0.11047  19   1.013E+05 -1.048E-06  7.354E-04  4.646E+02  4.667E+02
   0.18427   8    0.11678  20   1.013E+05  4.065E-08  7.201E-04  4.003E+02  4.015E+02
   0.18427   8    0.12309  21   1.013E+05 -1.473E-07  6.469E-04  3.567E+02  3.576E+02
   0.18427   8    0.12941  22   1.013E+05 -8.690E-08  5.711E-04  3.291E+02  3.297E+02
   0.18427   8    0.13572  23   1.013E+05 -4.626E-08  5.030E-04  3.128E+02  3.132E+02
   0.18427   8    0.14203  24   1.013E+05  5.019E-09  4.401E-04  3.037E+02  3.039E+02
   0.18427   8    0.14834  25   1.013E+05  5.351E-08  3.833E-04  2.989E+02  2.990E+02
   0.18427   8    0.15466  26   1.013E+05  9.724E-08  3.414E-04  2.964E+02  2.965E+02
   0.18427   8    0.16097  27   1.013E+05  1.329E-07  2.993E-04  2.952E+02  2.952E+02
   0.18427   8    0.16728  28   1.013E+05  1.644E-07  2.572E-04  2.946E+02  2.946E+02
   0.18427   8    0.17359  29   1.013E+05  1.671E-07  2.304E-04  2.943E+02  2.943E+02
   0.18427   8    0.17991  30   1.013E+05  2.054E-07  2.134E-04  2.941E+02  2.941E+02
   0.18427   8    0.18622  31   1.013E+05  2.109E-07  1.936E-04  2.940E+02  2.940E+02
   0.18427   8    0.19253  32   1.013E+05  2.081E-07  1.700E-04  2.939E+02  2.939E+02
   0.18427   8    0.19884  33   1.013E+05  1.957E-07  1.559E-04  2.938E+02  2.938E+02
   0.18427   8    0.20516  34   1.013E+05  1.784E-07  1.430E-04  2.937E+02  2.937E+02
   0.18427   8    0.21147  35   1.013E+05  1.579E-07  1.237E-04  2.936E+02  2.936E+02
   0.18427   8    0.21778  36   1.013E+05  1.359E-07  1.115E-04  2.936E+02  2.936E+02
   0.18427   8    0.22409  37   1.013E+05  1.138E-07  1.061E-04  2.935E+02  2.935E+02
   0.18427   8    0.23041  38   1.013E+05  9.306E-08  9.565E-05  2.935E+02  2.935E+02
   0.18427   8    0.23672  39   1.013E+05  7.461E-08  7.861E-05  2.934E+02  2.934E+02
   0.18427   8    0.24303  40   1.013E+05  5.912E-08  7.491E-05  2.934E+02  2.934E+02
   0.18427   8    0.24934  41   1.013E+05  4.796E-08  7.793E-05  2.934E+02  2.934E+02
   0.18427   8    0.25566  42   1.013E+05  4.079E-08  6.731E-05  2.933E+02  2.933E+02
   0.18427   8    0.26197  43   1.013E+05  3.828E-08  5.867E-05  2.933E+02  2.933E+02
   0.18427   8    0.26828  44   1.013E+05  4.076E-08  5.635E-05  2.933E+02  2.933E+02
   0.18427   8    0.27459  45   1.013E+05  4.972E-08  5.307E-05  2.932E+02  2.932E+02
   0.18427   8    0.28091  46   1.013E+05  6.368E-08  5.042E-05  2.932E+02  2.932E+02
   0.18427   8    0.28722  47   1.013E+05  9.681E-08  4.826E-05  2.932E+02  2.932E+02
   0.18427   8    0.29353  48   1.013E+05  1.241E-07  4.581E-05  2.932E+02  2.932E+02
   0.18427   8    0.29984  49   1.013E+05  9.870E-08  4.419E-05  2.932E+02  2.932E+02
   0.18427   8    0.30616  50   1.013E+05  6.652E-08  3.697E-05  2.932E+02  2.932E+02
   0.18427   8    0.31247  51   1.013E+05  5.186E-08  2.863E-05  2.931E+02  2.931E+02
   0.18427   8    0.31878  52   1.013E+05  3.983E-08  3.427E-05  2.931E+02  2.931E+02
   0.18427   8    0.32509  53   1.013E+05  3.134E-08  3.274E-05  2.931E+02  2.931E+02
   0.18427   8    0.33141  54   1.013E+05  2.436E-08  2.407E-05  2.931E+02  2.931E+02
   0.18427   8    0.33772  55   1.013E+05  1.818E-08  3.035E-05  2.931E+02  2.931E+02
   0.18427   8    0.34403  56   1.013E+05  1.218E-08  3.032E-05  2.931E+02  2.931E+02
   0.18427   8    0.35034  57   1.013E+05  6.111E-09  1.700E-05  2.931E+02  2.931E+02
   0.18427   8    0.35666  58   1.013E+05 -1.692E-09  1.635E-05  2.931E+02  2.931E+02
   0.18427   8    0.36297  59   1.013E+05 -6.748E-09  2.799E-05  2.931E+02  2.931E+02
   0.18427   8    0.36928  60   1.013E+05 -3.154E-08  2.709E-05  2.931E+02  2.931E+02
   0.18427   8    0.37559  61   1.013E+05 -8.452E-09  1.491E-05  2.931E+02  2.931E+02
   0.18427   8    0.38191  62   1.013E+05 -5.200E-09  9.972E-06  2.930E+02  2.930E+02
   0.18427   8    0.38822  63   1.013E+05  4.516E-10  9.064E-06  2.930E+02  2.930E+02
   0.18427   8    0.39453  64   1.013E+05  3.707E-09  1.224E-05  2.930E+02  2.930E+02
   0.18427   8    0.40084  65   1.013E+05  6.067E-09  2.305E-05  2.930E+02  2.930E+02
   0.18427   8    0.40716  66   1.013E+05  7.594E-09  2.271E-05  2.930E+02  2.930E+02
   0.18427   8    0.41347  67   1.013E+05  8.524E-09  1.084E-05  2.930E+02  2.930E+02
   0.18427   8    0.41978  68   1.013E+05  9.019E-09  6.077E-06  2.930E+02  2.930E+02
   0.18427   8    0.42609  69   1.013E+05  9.204E-09  6.551E-06  2.930E+02  2.930E+02
   0.18427   8    0.43241  70   1.013E+05  9.160E-09  6.435E-06  2.930E+02  2.930E+02
   0.18427   8    0.43872  71   1.013E+05  8.941E-09  6.419E-06  2.930E+02  2.930E+02
   0.18427   8    0.44503  72   1.013E+05  8.564E-09  6.100E-06  2.930E+02  2.930E+02
   0.18427   8    0.45134  73   1.013E+05  8.046E-09  5.357E-06  2.930E+02  2.930E+02
   0.18427   8    0.45766  74   1.013E+05  7.402E-09  4.991E-06  2.930E+02  2.930E+02
   0.18427   8    0.46397  75   1.013E+05  6.654E-09  3.837E-06  2.930E+02  2.930E+02
   0.18427   8    0.47028  76   1.013E+05  5.825E-09  7.558E-06  2.930E+02  2.930E+02
   0.18427   8    0.47659  77   1.013E+05  4.922E-09  1.897E-05  2.930E+02  2.930E+02
   0.18427   8    0.48291  78   1.013E+05  3.991E-09  1.900E-05  2.930E+02  2.930E+02
   0.18427   8    0.48922  79   1.013E+05  3.078E-09  7.412E-06  2.930E+02  2.930E+02
   0.18427   8    0.49553  80   1.013E+05  2.070E-09  2.341E-06  2.930E+02  2.930E+02
   0.18427   8    0.50184  81   1.013E+05  1.549E-09  7.030E-06  2.930E+02  2.930E+02
   0.18427   8    0.50500  82   1.013E+05  1.549E-09  7.030E-06  2.930E+02  2.930E+02
   0.21262   9    0.00000   1   1.013E+05  0.000E+00  0.000E+00  2.930E+02  2.932E+02
   0.21262   9    0.00316   2   1.013E+05 -2.374E-06  5.645E-05  2.932E+02  2.932E+02
   0.21262   9    0.00947   3   1.013E+05 -1.089E-06  4.626E-05  2.935E+02  2.935E+02
   0.21262   9    0.01578   4   1.013E+05  1.136E-07  6.647E-05  2.938E+02  2.938E+02
   0.21262   9    0.02209   5   1.013E+05 -7.738E-08  9.833E-05  2.941E+02  2.941E+02
   0.21262   9    0.02841   6   1.013E+05 -3.375E-08  1.354E-04  2.943E+02  2.943E+02
   0.21262   9    0.03472   7   1.013E+05 -3.316E-08  1.655E-04  2.945E+02  2.945E+02
   0.21262   9    0.04103   8   1.013E+05 -3.021E-08  2.066E-04  2.948E+02  2.948E+02
   0.21262   9    0.04734   9   1.013E+05 -3.285E-08  2.501E-04  2.953E+02  2.953E+02
   0.21262   9    0.05366  10   1.013E+05 -3.856E-08  2.853E-04  2.964E+02  2.965E+02
   0.21262   9    0.05997  11   1.013E+05 -4.614E-08  3.313E-04  2.987E+02  2.988E+02
   0.21262   9    0.06628  12   1.013E+05 -5.388E-08  3.918E-04  3.031E+02  3.033E+02
   0.21262   9    0.07259  13   1.013E+05 -6.053E-08  4.598E-04  3.117E+02  3.119E+02
   0.21262   9    0.07891  14   1.013E+05 -6.543E-08  5.292E-04  3.272E+02  3.275E+02
   0.21262   9    0.08522  15   1.013E+05 -7.035E-08  6.079E-04  3.539E+02  3.543E+02
   0.21262   9    0.09153  16   1.013E+05 -7.385E-08  6.962E-04  3.969E+02  3.973E+02
   0.21262   9    0.09784  17   1.013E+05 -9.655E-08  7.118E-04  4.616E+02  4.626E+02
   0.21262   9    0.10416  18   1.013E+05 -9.699E-08  1.656E-03  5.512E+02  5.708E+02
   0.21262   9    0.11047  19   1.013E+05 -7.068E-08  7.354E-04  4.646E+02  4.666E+02
   0.21262   9    0.11678  20   1.013E+05 -5.556E-08  7.201E-04  4.003E+02  4.015E+02
   0.21262   9    0.12309  21   1.013E+05 -3.457E-08  6.468E-04  3.567E+02  3.576E+02
   0.21262   9    0.12941  22   1.013E+05 -1.395E-08  5.710E-04  3.291E+02  3.297E+02
   0.21262   9    0.13572  23   1.013E+05  6.640E-09  5.029E-04  3.128E+02  3.132E+02
   0.21262   9    0.14203  24   1.013E+05  2.565E-08  4.400E-04  3.037E+02  3.039E+02
   0.21262   9    0.14834  25   1.013E+05  4.209E-08  3.832E-04  2.989E+02  2.990E+02
   0.21262   9    0.15466  26   1.013E+05  5.533E-08  3.413E-04  2.964E+02  2.965E+02
   0.21262   9    0.16097  27   1.013E+05  6.407E-08  2.992E-04  2.952E+02  2.952E+02
   0.21262   9    0.16728  28   1.013E+05  6.928E-08  2.570E-04  2.946E+02  2.946E+02
   0.21262   9    0.17359  29   1.013E+05  7.086E-08  2.304E-04  2.943E+02  2.943E+02
   0.21262   9    0.17991  30   1.013E+05  6.983E-08  2.134E-04  2.941E+02  2.941E+02
   0.21262   9    0.18622  31   1.013E+05  6.651E-08  1.936E-04  2.940E+02  2.940E+02
   0.21262   9    0.19253  32   1.013E+05  6.196E-08  1.700E-04  2.939E+02  2.939E+02
   0.21262   9    0.19884  33   1.013E+05  5.646E-08  1.558E-04  2.938E+02  2.938E+02
   0.21262   9    0.20516  34   1.013E+05  5.104E-08  1.429E-04  2.937E+02  2.937E+02
   0.21262   9    0.21147  35   1.013E+05  4.618E-08  1.236E-04  2.936E+02  2.936E+02
   0.21262   9    0.21778  36   1.013E+05  4.232E-08  1.114E-04  2.936E+02  2.936E+02
   0.21262   9    0.22409  37   1.013E+05  3.963E-08  1.060E-04  2.935E+02  2.935E+02
   0.21262   9    0.23041  38   1.013E+05  3.793E-08  9.556E-05  2.935E+02  2.935E+02
   0.21262   9    0.23672  39   1.013E+05  3.701E-08  7.852E-05  2.934E+02  2.934E+02
   0.21262   9    0.24303  40   1.013E+05  3.710E-08  7.483E-05  2.934E+02  2.934E+02
   0.21262   9    0.24934  41   1.013E+05  3.519E-08  7.786E-05  2.934E+02  2.934E+02
   0.21262   9    0.25566  42   1.013E+05  3.342E-08  6.726E-05  2.933E+02  2.933E+02
   0.21262   9    0.26197  43   1.013E+05  3.249E-08  5.863E-05  2.933E+02  2.933E+02
   0.21262   9    0.26828  44   1.013E+05  3.301E-08  5.633E-05  2.933E+02  2.933E+02
   0.21262   9    0.27459  45   1.013E+05  3.507E-08  5.307E-05  2.932E+02  2.932E+02
   0.21262   9    0.28091  46   1.013E+05  3.838E-08  5.043E-05  2.932E+02  2.932E+02
   0.21262   9    0.28722  47   1.013E+05  4.228E-08  4.828E-05  2.932E+02  2.932E+02
   0.21262   9    0.29353  48   1.013E+05  4.485E-08  4.584E-05  2.932E+02  2.932E+02
   0.21262   9    0.29984  49   1.013E+05  4.404E-08  4.421E-05  2.932E+02  2.932E+02
   0.21262   9    0.30616  50   1.013E+05  4.094E-08  3.700E-05  2.932E+02  2.932E+02
   0.21262   9    0.31247  51   1.013E+05  3.652E-08  2.867E-05  2.931E+02  2.931E+02
   0.21262   9    0.31878  52   1.013E+05  3.072E-08  3.431E-05  2.931E+02  2.931E+02
   0.21262   9    0.32509  53   1.013E+05  2.365E-08  3.278E-05  2.931E+02  2.931E+02
   0.21262   9    0.33141  54   1.013E+05  1.502E-08  2.409E-05  2.931E+02  2.931E+02
   0.21262   9    0.33772  55   1.013E+05  4.399E-09  3.034E-05  2.931E+02  2.931E+02
   0.21262   9    0.34403  56   1.013E+05 -9.963E-09  3.027E-05  2.931E+02  2.931E+02
   0.21262   9    0.35034  57   1.013E+05 -2.700E-08  1.684E-05  2.931E+02  2.931E+02
   0.21262   9    0.35666  58   1.013E+05 -6.141E-08  1.611E-05  2.931E+02  2.931E+02
   0.21262   9    0.36297  59   1.013E+05 -8.865E-08  2.798E-05  2.931E+02  2.931E+02
   0.21262   9    0.36928  60   1.013E+05 -6.271E-08  2.732E-05  2.931E+02  2.931E+02
   0.21262   9    0.37559  61   1.013E+05 -2.933E-08  1.508E-05  2.931E+02  2.931E+02
   0.21262   9    0.38191  62   1.013E+05 -1.418E-08  1.003E-05  2.930E+02  2.930E+02
   0.21262   9    0.38822  63   1.013E+05 -2.433E-09  9.093E-06  2.930E+02  2.930E+02
   0.21262   9    0.39453  64   1.013E+05  4.703E-09  1.224E-05  2.930E+02  2.930E+02
   0.21262   9    0.40084  65   1.013E+05  9.139E-09  2.304E-05  2.930E+02  2.930E+02
   0.21262   9    0.40716  66   1.013E+05  1.162E-08  2.270E-05  2.930E+02  2.930E+02
   0.21262   9    0.41347  67   1.013E+05  1.277E-08  1.084E-05  2.930E+02  2.930E+02
   0.21262   9    0.41978  68   1.013E+05  1.305E-08  6.072E-06  2.930E+02  2.930E+02
   0.21262   9    0.42609  69   1.013E+05  1.277E-08  6.548E-06  2.930E+02  2.930E+02
   0.21262   9    0.43241  70   1.013E+05  1.217E-08  6.433E-06  2.930E+02  2.930E+02
   0.21262   9    0.43872  71   1.013E+05  1.136E-08  6.417E-06  2.930E+02  2.930E+02
   0.21262   9    0.44503  72   1.013E+05  1.031E-08  6.096E-06  2.930E+02  2.930E+02
   0.21262   9    0.45134  73   1.013E+05  8.811E-09  5.347E-06  2.930E+02  2.930E+02
   0.21262   9    0.45766  74   1.013E+05  6.401E-09  4.969E-06  2.930E+02  2.930E+02
   0.21262   9    0.46397  75   1.013E+05  2.400E-09  3.790E-06  2.930E+02  2.930E+02
   0.21262   9    0.47028  76   1.013E+05 -5.238E-09  7.481E-06  2.930E+02  2.930E+02
   0.21262   9    0.47659  77   1.013E+05 -1.588E-08  1.880E-05  2.930E+02  2.930E+02
   0.21262   9    0.48291  78   1.013E+05 -4.437E-08  1.878E-05  2.930E+02  2.930E+02
   0.21262   9    0.48922  79   1.013E+05 -6.784E-08  7.430E-06  2.930E+02  2.930E+02
   0.21262   9    0.49553  80   1.013E+05 -4.093E-08  2.608E-06  2.930E+02  2.930E+02
   0.21262   9    0.50184  81   1.013E+05 -8.911E-09  7.253E-06  2.930E+02  2.930E+02
   0.21262   9    0.50500  82   1.013E+05 -8.911E-09  7.253E-06  2.930E+02  2.930E+02
   0.24097  10    0.00000   1   1.013E+05  0.000E+00  0.000E+00  2.930E+02  2.932E+02
   0.24097  10    0.00316   2   1.013E+05 -1.286E-07  5.662E-05  2.932E+02  2.932E+02
   0.24097  10    0.00947   3   1.013E+05 -1.151E-07  4.665E-05  2.935E+02  2.935E+02
   0.24097  10    0.01578   4   1.013E+05 -6.521E-08  6.682E-05  2.938E+02  2.938E+02
   0.24097  10    0.02209   5   1.013E+05 -3.392E-08  9.859E-05  2.941E+02  2.941E+02
   0.24097  10    0.02841   6   1.013E+05 -4.828E-09  1.357E-04  2.943E+02  2.943E+02
   0.24097  10    0.03472   7   1.013E+05  1.690E-08  1.657E-04  2.945E+02  2.945E+02
   0.24097  10    0.04103   8   1.013E+05  3.193E-08  2.069E-04  2.948E+02  2.948E+02
   0.24097  10    0.04734   9   1.013E+05  3.984E-08  2.503E-04  2.953E+02  2.953E+02
   0.24097  10    0.05366  10   1.013E+05  4.208E-08  2.856E-04  2.964E+02  2.965E+02
   0.24097  10    0.05997  11   1.013E+05  3.856E-08  3.316E-04  2.987E+02  2.988E+02
   0.24097  10    0.06628  12   1.013E+05  3.272E-08  3.921E-04  3.032E+02  3.033E+02
   0.24097  10    0.07259  13   1.013E+05  2.581E-08  4.602E-04  3.117E+02  3.119E+02
   0.24097  10    0.07891  14   1.013E+05  3.731E-08  5.297E-04  3.272E+02  3.275E+02
   0.24097  10    0.08522  15   1.013E+05  4.798E-08  6.080E-04  3.539E+02  3.543E+02
   0.24097  10    0.09153  16   1.013E+05  1.752E-08  6.962E-04  3.969E+02  3.973E+02
   0.24097  10    0.09784  17   1.013E+05 -9.251E-09  7.119E-04  4.616E+02  4.626E+02
   0.24097  10    0.10416  18   1.013E+05  1.130E-08  1.656E-03  5.512E+02  5.708E+02
   0.24097  10    0.11047  19   1.013E+05  7.519E-09  7.353E-04  4.646E+02  4.666E+02
   0.24097  10    0.11678  20   1.013E+05 -2.721E-08  7.200E-04  4.003E+02  4.015E+02
   0.24097  10    0.12309  21   1.013E+05 -4.055E-08  6.469E-04  3.567E+02  3.576E+02
   0.24097  10    0.12941  22   1.013E+05 -4.742E-08  5.712E-04  3.291E+02  3.297E+02
   0.24097  10    0.13572  23   1.013E+05 -4.365E-08  5.032E-04  3.128E+02  3.132E+02
   0.24097  10    0.14203  24   1.013E+05 -3.278E-08  4.404E-04  3.037E+02  3.039E+02
   0.24097  10    0.14834  25   1.013E+05 -1.767E-08  3.837E-04  2.989E+02  2.990E+02
   0.24097  10    0.15466  26   1.013E+05 -1.182E-09  3.420E-04  2.964E+02  2.965E+02
   0.24097  10    0.16097  27   1.013E+05  1.683E-08  2.999E-04  2.952E+02  2.952E+02
   0.24097  10    0.16728  28   1.013E+05  2.906E-08  2.579E-04  2.946E+02  2.946E+02
   0.24097  10    0.17359  29   1.013E+05  5.776E-08  2.312E-04  2.943E+02  2.943E+02
   0.24097  10    0.17991  30   1.013E+05  3.638E-08  2.142E-04  2.941E+02  2.941E+02
   0.24097  10    0.18622  31   1.013E+05  3.278E-08  1.944E-04  2.940E+02  2.940E+02
   0.24097  10    0.19253  32   1.013E+05  2.584E-08  1.708E-04  2.939E+02  2.939E+02
   0.24097  10    0.19884  33   1.013E+05  2.131E-08  1.566E-04  2.938E+02  2.938E+02
   0.24097  10    0.20516  34   1.013E+05  1.870E-08  1.437E-04  2.937E+02  2.937E+02
   0.24097  10    0.21147  35   1.013E+05  1.868E-08  1.243E-04  2.937E+02  2.937E+02
   0.24097  10    0.21778  36   1.013E+05  2.172E-08  1.121E-04  2.936E+02  2.936E+02
   0.24097  10    0.22409  37   1.013E+05  2.753E-08  1.066E-04  2.935E+02  2.935E+02
   0.24097  10    0.23041  38   1.013E+05  3.917E-08  9.604E-05  2.935E+02  2.935E+02
   0.24097  10    0.23672  39   1.013E+05  4.574E-08  7.892E-05  2.935E+02  2.935E+02
   0.24097  10    0.24303  40   1.013E+05  9.254E-08  7.514E-05  2.934E+02  2.934E+02
   0.24097  10    0.24934  41   1.013E+05  4.215E-08  7.808E-05  2.934E+02  2.934E+02
   0.24097  10    0.25566  42   1.013E+05  3.337E-08  6.741E-05  2.933E+02  2.933E+02
   0.24097  10    0.26197  43   1.013E+05  1.961E-08  5.873E-05  2.933E+02  2.933E+02
   0.24097  10    0.26828  44   1.013E+05  1.116E-08  5.637E-05  2.933E+02  2.933E+02
   0.24097  10    0.27459  45   1.013E+05  4.936E-09  5.307E-05  2.932E+02  2.932E+02
   0.24097  10    0.28091  46   1.013E+05  1.231E-09  5.040E-05  2.932E+02  2.932E+02
   0.24097  10    0.28722  47   1.013E+05 -4.017E-10  4.822E-05  2.932E+02  2.932E+02
   0.24097  10    0.29353  48   1.013E+05 -6.647E-10  4.576E-05  2.932E+02  2.932E+02
   0.24097  10    0.29984  49   1.013E+05  6.076E-10  4.413E-05  2.932E+02  2.932E+02
   0.24097  10    0.30616  50   1.013E+05  2.216E-09  3.692E-05  2.932E+02  2.932E+02
   0.24097  10    0.31247  51   1.013E+05  3.842E-09  2.858E-05  2.931E+02  2.931E+02
   0.24097  10    0.31878  52   1.013E+05  4.872E-09  3.423E-05  2.931E+02  2.931E+02
   0.24097  10    0.32509  53   1.013E+05  5.022E-09  3.270E-05  2.931E+02  2.931E+02
   0.24097  10    0.33141  54   1.013E+05  4.115E-09  2.401E-05  2.931E+02  2.931E+02
   0.24097  10    0.33772  55   1.013E+05  2.153E-09  3.027E-05  2.931E+02  2.931E+02
   0.24097  10    0.34403  56   1.013E+05 -6.514E-10  3.019E-05  2.931E+02  2.931E+02
   0.24097  10    0.35034  57   1.013E+05 -3.891E-09  1.676E-05  2.931E+02  2.931E+02
   0.24097  10    0.35666  58   1.013E+05 -7.204E-09  1.603E-05  2.931E+02  2.931E+02
   0.24097  10    0.36297  59   1.013E+05 -9.065E-09  2.793E-05  2.931E+02  2.931E+02
   0.24097  10    0.36928  60   1.013E+05 -7.916E-09  2.729E-05  2.931E+02  2.931E+02
   0.24097  10    0.37559  61   1.013E+05 -5.091E-09  1.505E-05  2.930E+02  2.931E+02
   0.24097  10    0.38191  62   1.013E+05 -2.276E-09  1.002E-05  2.930E+02  2.930E+02
   0.24097  10    0.38822  63   1.013E+05  2.790E-10  9.078E-06  2.930E+02  2.930E+02
   0.24097  10    0.39453  64   1.013E+05  2.248E-09  1.223E-05  2.930E+02  2.930E+02
   0.24097  10    0.40084  65   1.013E+05  3.560E-09  2.303E-05  2.930E+02  2.930E+02
   0.24097  10    0.40716  66   1.013E+05  4.282E-09  2.269E-05  2.930E+02  2.930E+02
   0.24097  10    0.41347  67   1.013E+05  4.471E-09  1.083E-05  2.930E+02  2.930E+02
   0.24097  10    0.41978  68   1.013E+05  4.248E-09  6.072E-06  2.930E+02  2.930E+02
   0.24097  10    0.42609  69   1.013E+05  3.758E-09  6.550E-06  2.930E+02  2.930E+02
   0.24097  10    0.43241  70   1.013E+05  3.171E-09  6.436E-06  2.930E+02  2.930E+02
   0.24097  10    0.43872  71   1.013E+05  2.707E-09  6.421E-06  2.930E+02  2.930E+02
   0.24097  10    0.44503  72   1.013E+05  2.640E-09  6.099E-06  2.930E+02  2.930E+02
   0.24097  10    0.45134  73   1.013E+05  3.360E-09  5.350E-06  2.930E+02  2.930E+02
   0.24097  10    0.45766  74   1.013E+05  5.463E-09  4.971E-06  2.930E+02  2.930E+02
   0.24097  10    0.46397  75   1.013E+05  9.666E-09  3.791E-06  2.930E+02  2.930E+02
   0.24097  10    0.47028  76   1.013E+05  1.799E-08  7.481E-06  2.930E+02  2.930E+02
   0.24097  10    0.47659  77   1.013E+05  2.948E-08  1.880E-05  2.930E+02  2.930E+02
   0.24097  10    0.48291  78   1.013E+05  5.890E-08  1.877E-05  2.930E+02  2.930E+02
   0.24097  10    0.48922  79   1.013E+05  8.169E-08  7.430E-06  2.930E+02  2.930E+02
   0.24097  10    0.49553  80   1.013E+05  5.128E-08  2.608E-06  2.930E+02  2.930E+02
   0.24097  10    0.50184  81   1.013E+05  1.618E-08  7.255E-06  2.930E+02  2.930E+02
   0.24097  10    0.50500  82   1.013E+05  1.618E-08  7.255E-06  2.930E+02  2.930E+02
   0.26932  11    0.00000   1   1.013E+05  0.000E+00  0.000E+00  2.930E+02  2.932E+02
   0.26932  11    0.00316   2   1.013E+05  8.238E-08  5.648E-05  2.932E+02  2.932E+02
   0.26932  11    0.00947   3   1.013E+05  5.333E-08  4.650E-05  2.935E+02  2.935E+02
   0.26932  11    0.01578   4   1.013E+05  4.990E-08  6.683E-05  2.938E+02  2.938E+02
   0.26932  11    0.02209   5   1.013E+05  4.816E-08  9.870E-05  2.941E+02  2.941E+02
   0.26932  11    0.02841   6   1.013E+05  5.033E-08  1.359E-04  2.943E+02  2.943E+02
   0.26932  11    0.03472   7   1.013E+05  5.297E-08  1.661E-04  2.945E+02  2.945E+02
   0.26932  11    0.04103   8   1.013E+05  5.478E-08  2.074E-04  2.948E+02  2.948E+02
   0.26932  11    0.04734   9   1.013E+05  5.412E-08  2.510E-04  2.953E+02  2.954E+02
   0.26932  11    0.05366  10   1.013E+05  5.080E-08  2.864E-04  2.964E+02  2.965E+02
   0.26932  11    0.05997  11   1.013E+05  4.295E-08  3.325E-04  2.987E+02  2.988E+02
   0.26932  11    0.06628  12   1.013E+05  3.078E-08  3.931E-04  3.032E+02  3.033E+02
   0.26932  11    0.07259  13   1.013E+05  1.492E-08  4.613E-04  3.117E+02  3.119E+02
   0.26932  11    0.07891  14   1.013E+05 -2.399E-09  5.307E-04  3.273E+02  3.276E+02
   0.26932  11    0.08522  15   1.013E+05 -1.903E-08  6.089E-04  3.539E+02  3.543E+02
   0.26932  11    0.09153  16   1.013E+05 -3.421E-08  6.968E-04  3.969E+02  3.973E+02
   0.26932  11    0.09784  17   1.013E+05 -4.444E-08  7.124E-04  4.617E+02  4.626E+02
   0.26932  11    0.10416  18   1.013E+05 -4.550E-08  1.656E-03  5.513E+02  5.709E+02
   0.26932  11    0.11047  19   1.013E+05 -4.966E-08  7.356E-04  4.646E+02  4.667E+02
   0.26932  11    0.11678  20   1.013E+05 -6.204E-08  7.202E-04  4.003E+02  4.015E+02
   0.26932  11    0.12309  21   1.013E+05 -7.317E-08  6.470E-04  3.567E+02  3.576E+02
   0.26932  11    0.12941  22   1.013E+05 -7.897E-08  5.711E-04  3.291E+02  3.297E+02
   0.26932  11    0.13572  23   1.013E+05 -7.810E-08  5.029E-04  3.128E+02  3.132E+02
   0.26932  11    0.14203  24   1.013E+05 -7.207E-08  4.400E-04  3.037E+02  3.039E+02
   0.26932  11    0.14834  25   1.013E+05 -6.292E-08  3.832E-04  2.989E+02  2.990E+02
   0.26932  11    0.15466  26   1.013E+05 -5.244E-08  3.414E-04  2.964E+02  2.965E+02
   0.26932  11    0.16097  27   1.013E+05 -4.030E-08  2.994E-04  2.952E+02  2.952E+02
   0.26932  11    0.16728  28   1.013E+05 -2.982E-08  2.574E-04  2.946E+02  2.946E+02
   0.26932  11    0.17359  29   1.013E+05 -2.083E-08  2.308E-04  2.943E+02  2.943E+02
   0.26932  11    0.17991  30   1.013E+05 -1.361E-08  2.137E-04  2.941E+02  2.941E+02
   0.26932  11    0.18622  31   1.013E+05 -7.738E-09  1.940E-04  2.940E+02  2.940E+02
   0.26932  11    0.19253  32   1.013E+05 -2.995E-09  1.705E-04  2.939E+02  2.939E+02
   0.26932  11    0.19884  33   1.013E+05  1.084E-09  1.563E-04  2.938E+02  2.938E+02
   0.26932  11    0.20516  34   1.013E+05  4.984E-09  1.434E-04  2.937E+02  2.937E+02
   0.26932  11    0.21147  35   1.013E+05  9.094E-09  1.241E-04  2.937E+02  2.937E+02
   0.26932  11    0.21778  36   1.013E+05  1.402E-08  1.119E-04  2.936E+02  2.936E+02
   0.26932  11    0.22409  37   1.013E+05  1.979E-08  1.065E-04  2.935E+02  2.935E+02
   0.26932  11    0.23041  38   1.013E+05  3.013E-08  9.604E-05  2.935E+02  2.935E+02
   0.26932  11    0.23672  39   1.013E+05  3.483E-08  7.914E-05  2.935E+02  2.935E+02
   0.26932  11    0.24303  40   1.013E+05  7.945E-08  7.518E-05  2.934E+02  2.934E+02
   0.26932  11    0.24934  41   1.013E+05  2.991E-08  7.794E-05  2.934E+02  2.934E+02
   0.26932  11    0.25566  42   1.013E+05  2.303E-08  6.748E-05  2.933E+02  2.933E+02
   0.26932  11    0.26197  43   1.013E+05  1.132E-08  5.882E-05  2.933E+02  2.933E+02
   0.26932  11    0.26828  44   1.013E+05  4.462E-09  5.651E-05  2.933E+02  2.933E+02
   0.26932  11    0.27459  45   1.013E+05 -9.047E-10  5.322E-05  2.933E+02  2.933E+02
   0.26932  11    0.28091  46   1.013E+05 -4.555E-09  5.054E-05  2.932E+02  2.932E+02
   0.26932  11    0.28722  47   1.013E+05 -6.795E-09  4.835E-05  2.932E+02  2.932E+02
   0.26932  11    0.29353  48   1.013E+05 -7.664E-09  4.586E-05  2.932E+02  2.932E+02
   0.26932  11    0.29984  49   1.013E+05 -7.355E-09  4.419E-05  2.932E+02  2.932E+02
   0.26932  11    0.30616  50   1.013E+05 -6.069E-09  3.696E-05  2.932E+02  2.932E+02
   0.26932  11    0.31247  51   1.013E+05 -4.161E-09  2.861E-05  2.931E+02  2.931E+02
   0.26932  11    0.31878  52   1.013E+05 -2.008E-09  3.423E-05  2.931E+02  2.931E+02
   0.26932  11    0.32509  53   1.013E+05  1.022E-10  3.269E-05  2.931E+02  2.931E+02
   0.26932  11    0.33141  54   1.013E+05  1.920E-09  2.400E-05  2.931E+02  2.931E+02
   0.26932  11    0.33772  55   1.013E+05  3.299E-09  3.026E-05  2.931E+02  2.931E+02
   0.26932  11    0.34403  56   1.013E+05  4.248E-09  3.018E-05  2.931E+02  2.931E+02
   0.26932  11    0.35034  57   1.013E+05  4.803E-09  1.676E-05  2.931E+02  2.931E+02
   0.26932  11    0.35666  58   1.013E+05  4.944E-09  1.604E-05  2.931E+02  2.931E+02
   0.26932  11    0.36297  59   1.013E+05  5.058E-09  2.794E-05  2.931E+02  2.931E+02
   0.26932  11    0.36928  60   1.013E+05  4.600E-09  2.730E-05  2.931E+02  2.931E+02
   0.26932  11    0.37559  61   1.013E+05  4.270E-09  1.507E-05  2.931E+02  2.931E+02
   0.26932  11    0.38191  62   1.013E+05  3.811E-09  1.004E-05  2.930E+02  2.930E+02
   0.26932  11    0.38822  63   1.013E+05  3.335E-09  9.097E-06  2.930E+02  2.930E+02
   0.26932  11    0.39453  64   1.013E+05  2.840E-09  1.225E-05  2.930E+02  2.930E+02
   0.26932  11    0.40084  65   1.013E+05  2.329E-09  2.305E-05  2.930E+02  2.930E+02
   0.26932  11    0.40716  66   1.013E+05  1.847E-09  2.271E-05  2.930E+02  2.930E+02
   0.26932  11    0.41347  67   1.013E+05  1.359E-09  1.084E-05  2.930E+02  2.930E+02
   0.26932  11    0.41978  68   1.013E+05  8.825E-10  6.082E-06  2.930E+02  2.930E+02
   0.26932  11    0.42609  69   1.013E+05  4.519E-10  6.559E-06  2.930E+02  2.930E+02
   0.26932  11    0.43241  70   1.013E+05  1.374E-10  6.445E-06  2.930E+02  2.930E+02
   0.26932  11    0.43872  71   1.013E+05  7.191E-11  6.431E-06  2.930E+02  2.930E+02
   0.26932  11    0.44503  72   1.013E+05  4.588E-10  6.114E-06  2.930E+02  2.930E+02
   0.26932  11    0.45134  73   1.013E+05  1.632E-09  5.373E-06  2.930E+02  2.930E+02
   0.26932  11    0.45766  74   1.013E+05  4.155E-09  5.008E-06  2.930E+02  2.930E+02
   0.26932  11    0.46397  75   1.013E+05  8.728E-09  3.854E-06  2.930E+02  2.930E+02
   0.26932  11    0.47028  76   1.013E+05  1.736E-08  7.575E-06  2.930E+02  2.930E+02
   0.26932  11    0.47659  77   1.013E+05  2.913E-08  1.899E-05  2.930E+02  2.930E+02
   0.26932  11    0.48291  78   1.013E+05  5.873E-08  1.901E-05  2.930E+02  2.930E+02
   0.26932  11    0.48922  79   1.013E+05  8.193E-08  7.397E-06  2.930E+02  2.930E+02
   0.26932  11    0.49553  80   1.013E+05  5.140E-08  2.314E-06  2.930E+02  2.930E+02
   0.26932  11    0.50184  81   1.013E+05  1.649E-08  6.950E-06  2.930E+02  2.930E+02
   0.26932  11    0.50500  82   1.013E+05  1.649E-08  6.950E-06  2.930E+02  2.930E+02
   0.28350  12    0.00000   1   1.013E+05  0.000E+00  0.000E+00  2.930E+02  2.932E+02
   0.28350  12    0.00316   2   1.013E+05  0.000E+00  0.000E+00  2.932E+02  2.932E+02
   0.28350  12    0.00947   3   1.013E+05  0.000E+00  0.000E+00  2.935E+02  2.935E+02
   0.28350  12    0.01578   4   1.013E+05  0.000E+00  0.000E+00  2.938E+02  2.938E+02
   0.28350  12    0.02209   5   1.013E+05  0.000E+00  0.000E+00  2.941E+02  2.941E+02
   0.28350  12    0.02841   6   1.013E+05  0.000E+00  0.000E+00  2.943E+02  2.943E+02
   0.28350  12    0.03472   7   1.013E+05  0.000E+00  0.000E+00  2.945E+02  2.945E+02
   0.28350  12    0.04103   8   1.013E+05  0.000E+00  0.000E+00  2.948E+02  2.948E+02
   0.28350  12    0.04734   9   1.013E+05  0.000E+00  0.000E+00  2.953E+02  2.954E+02
   0.28350  12    0.05366  10   1.013E+05  0.000E+00  0.000E+00  2.964E+02  2.965E+02
   0.28350  12    0.05997  11   1.013E+05  0.000E+00  0.000E+00  2.987E+02  2.988E+02
   0.28350  12    0.06628  12   1.013E+05  0.000E+00  0.000E+00  3.032E+02  3.033E+02
   0.28350  12    0.07259  13   1.013E+05  0.000E+00  0.000E+00  3.117E+02  3.119E+02
   0.28350  12    0.07891  14   1.013E+05  0.000E+00  0.000E+00  3.273E+02  3.276E+02
   0.28350  12    0.08522  15   1.013E+05  0.000E+00  0.000E+00  3.539E+02  3.543E+02
   0.28350  12    0.09153  16   1.013E+05  0.000E+00  0.000E+00  3.969E+02  3.973E+02
   0.28350  12    0.09784  17   1.013E+05  0.000E+00  0.000E+00  4.617E+02  4.626E+02
   0.28350  12    0.10416  18   1.013E+05  0.000E+00  0.000E+00  5.513E+02  5.709E+02
   0.28350  12    0.11047  19   1.013E+05  0.000E+00  0.000E+00  4.646E+02  4.667E+02
   0.28350  12    0.11678  20   1.013E+05  0.000E+00  0.000E+00  4.003E+02  4.015E+02
   0.28350  12    0.12309  21   1.013E+05  0.000E+00  0.000E+00  3.567E+02  3.576E+02
   0.28350  12    0.12941  22   1.013E+05  0.000E+00  0.000E+00  3.291E+02  3.297E+02
   0.28350  12    0.13572  23   1.013E+05  0.000E+00  0.000E+00  3.128E+02  3.132E+02
   0.28350  12    0.14203  24   1.013E+05  0.000E+00  0.000E+00  3.037E+02  3.039E+02
   0.28350  12    0.14834  25   1.013E+05  0.000E+00  0.000E+00  2.989E+02  2.990E+02
   0.28350  12    0.15466  26   1.013E+05  0.000E+00  0.000E+00  2.964E+02  2.965E+02
   0.28350  12    0.16097  27   1.013E+05  0.000E+00  0.000E+00  2.952E+02  2.952E+02
   0.28350  12    0.16728  28   1.013E+05  0.000E+00  0.000E+00  2.946E+02  2.946E+02
   0.28350  12    0.17359  29   1.013E+05  0.000E+00  0.000E+00  2.943E+02  2.943E+02
   0.28350  12    0.17991  30   1.013E+05  0.000E+00  0.000E+00  2.941E+02  2.941E+02
   0.28350  12    0.18622  31   1.013E+05  0.000E+00  0.000E+00  2.940E+02  2.940E+02
   0.28350  12    0.19253  32   1.013E+05  0.000E+00  0.000E+00  2.939E+02  2.939E+02
   0.28350  12    0.19884  33   1.013E+05  0.000E+00  0.000E+00  2.938E+02  2.938E+02
   0.28350  12    0.20516  34   1.013E+05  0.000E+00  0.000E+00  2.937E+02  2.937E+02
   0.28350  12    0.21147  35   1.013E+05  0.000E+00  0.000E+00  2.937E+02  2.937E+02
   0.28350  12    0.21778  36   1.013E+05  0.000E+00  0.000E+00  2.936E+02  2.936E+02
   0.28350  12    0.22409  37   1.013E+05  0.000E+00  0.000E+00  2.935E+02  2.935E+02
   0.28350  12    0.23041  38   1.013E+05  0.000E+00  0.000E+00  2.935E+02  2.935E+02
   0.28350  12    0.23672  39   1.013E+05  0.000E+00  0.000E+00  2.935E+02  2.935E+02
   0.28350  12    0.24303  40   1.013E+05  0.000E+00  0.000E+00  2.934E+02  2.934E+02
   0.28350  12    0.24934  41   1.013E+05  0.000E+00  0.000E+00  2.934E+02  2.934E+02
   0.28350  12    0.25566  42   1.013E+05  0.000E+00  0.000E+00  2.933E+02  2.933E+02
   0.28350  12    0.26197  43   1.013E+05  0.000E+00  0.000E+00  2.933E+02  2.933E+02
   0.28350  12    0.26828  44   1.013E+05  0.000E+00  0.000E+00  2.933E+02  2.933E+02
   0.28350  12    0.27459  45   1.013E+05  0.000E+00  0.000E+00  2.933E+02  2.933E+02
   0.28350  12    0.28091  46   1.013E+05  0.000E+00  0.000E+00  2.932E+02  2.932E+02
   0.28350  12    0.28722  47   1.013E+05  0.000E+00  0.000E+00  2.932E+02  2.932E+02
   0.28350  12    0.29353  48   1.013E+05  0.000E+00  0.000E+00  2.932E+02  2.932E+02
   0.28350  12    0.29984  49   1.013E+05  0.000E+00  0.000E+00  2.932E+02  2.932E+02
   0.28350  12    0.30616  50   1.013E+05  0.000E+00  0.000E+00  2.932E+02  2.932E+02
   0.28350  12    0.31247  51   1.013E+05  0.000E+00  0.000E+00  2.931E+02  2.931E+02
   0.28350  12    0.31878  52   1.013E+05  0.000E+00  0.000E+00  2.931E+02  2.931E+02
   0.28350  12    0.32509  53   1.013E+05  0.000E+00  0.000E+00  2.931E+02  2.931E+02
   0.28350  12    0.33141  54   1.013E+05  0.000E+00  0.000E+00  2.931E+02  2.931E+02
   0.28350  12    0.33772  55   1.013E+05  0.000E+00  0.000E+00  2.931E+02  2.931E+02
   0.28350  12    0.34403  56   1.013E+05  0.000E+00  0.000E+00  2.931E+02  2.931E+02
   0.28350  12    0.35034  57   1.013E+05  0.000E+00  0.000E+00  2.931E+02  2.931E+02
   0.28350  12    0.35666  58   1.013E+05  0.000E+00  0.000E+00  2.931E+02  2.931E+02
   0.28350  12    0.36297  59   1.013E+05  0.000E+00  0.000E+00  2.931E+02  2.931E+02
   0.28350  12    0.36928  60   1.013E+05  0.000E+00  0.000E+00  2.931E+02  2.931E+02
   0.28350  12    0.37559  61   1.013E+05  0.000E+00  0.000E+00  2.931E+02  2.931E+02
   0.28350  12    0.38191  62   1.013E+05  0.000E+00  0.000E+00  2.930E+02  2.930E+02
   0.28350  12    0.38822  63   1.013E+05  0.000E+00  0.000E+00  2.930E+02  2.930E+02
   0.28350  12    0.39453  64   1.013E+05  0.000E+00  0.000E+00  2.930E+02  2.930E+02
   0.28350  12    0.40084  65   1.013E+05  0.000E+00  0.000E+00  2.930E+02  2.930E+02
   0.28350  12    0.40716  66   1.013E+05  0.000E+00  0.000E+00  2.930E+02  2.930E+02
   0.28350  12    0.41347  67   1.013E+05  0.000E+00  0.000E+00  2.930E+02  2.930E+02
   0.28350  12    0.41978  68   1.013E+05  0.000E+00  0.000E+00  2.930E+02  2.930E+02
   0.28350  12    0.42609  69   1.013E+05  0.000E+00  0.000E+00  2.930E+02  2.930E+02
   0.28350  12    0.43241  70   1.013E+05  0.000E+00  0.000E+00  2.930E+02  2.930E+02
   0.28350  12    0.43872  71   1.013E+05  0.000E+00  0.000E+00  2.930E+02  2.930E+02
   0.28350  12    0.44503  72   1.013E+05  0.000E+00  0.000E+00  2.930E+02  2.930E+02
   0.28350  12    0.45134  73   1.013E+05  0.000E+00  0.000E+00  2.930E+02  2.930E+02
   0.28350  12    0.45766  74   1.013E+05  0.000E+00  0.000E+00  2.930E+02  2.930E+02
   0.28350  12    0.46397  75   1.013E+05  0.000E+00  0.000E+00  2.930E+02  2.930E+02
   0.28350  12    0.47028  76   1.013E+05  0.000E+00  0.000E+00  2.930E+02  2.930E+02
   0.28350  12    0.47659  77   1.013E+05  0.000E+00  0.000E+00  2.930E+02  2.930E+02
   0.28350  12    0.48291  78   1.013E+05  0.000E+00  0.000E+00  2.930E+02  2.930E+02
   0.28350  12    0.48922  79   1.013E+05  0.000E+00  0.000E+00  2.930E+02  2.930E+02
   0.28350  12    0.49553  80   1.013E+05  0.000E+00  0.000E+00  2.930E+02  2.930E+02
   0.28350  12    0.50184  81   1.013E+05  0.000E+00  0.000E+00  2.930E+02  2.930E+02
   0.28350  12    0.50500  82   1.013E+05  1.649E-08  6.950E-06  2.930E+02  2.930E+02
