# xp i yp j p u v ts tf
   0.00000   1    0.00000   1   1.020E+05  0.000E+00  0.000E+00  2.931E+02  2.931E+02
   0.00000   1    0.00316   2   1.020E+05  0.000E+00  0.000E+00  2.931E+02  2.931E+02
   0.00000   1    0.00947   3   1.020E+05  0.000E+00  0.000E+00  2.933E+02  2.933E+02
   0.00000   1    0.01578   4   1.020E+05  0.000E+00  0.000E+00  2.936E+02  2.936E+02
   0.00000   1    0.02209   5   1.020E+05  0.000E+00  0.000E+00  2.940E+02  2.940E+02
   0.00000   1    0.02841   6   1.020E+05  0.000E+00  0.000E+00  2.947E+02  2.947E+02
   0.00000   1    0.03472   7   1.020E+05  0.000E+00  0.000E+00  2.958E+02  2.958E+02
   0.00000   1    0.04103   8   1.020E+05  0.000E+00  0.000E+00  2.975E+02  2.974E+02
   0.00000   1    0.04734   9   1.019E+05  0.000E+00  0.000E+00  3.002E+02  3.001E+02
   0.00000   1    0.05366  10   1.019E+05  0.000E+00  0.000E+00  3.045E+02  3.043E+02
   0.00000   1    0.05997  11   1.019E+05  0.000E+00  0.000E+00  3.112E+02  3.109E+02
   0.00000   1    0.06628  12   1.019E+05  0.000E+00  0.000E+00  3.214E+02  3.210E+02
   0.00000   1    0.07259  13   1.019E+05  0.000E+00  0.000E+00  3.367E+02  3.361E+02
   0.00000   1    0.07891  14   1.019E+05  0.000E+00  0.000E+00  3.587E+02  3.579E+02
   0.00000   1    0.08522  15   1.019E+05  0.000E+00  0.000E+00  3.900E+02  3.888E+02
   0.00000   1    0.09153  16   1.019E+05  0.000E+00  0.000E+00  4.342E+02  4.325E+02
   0.00000   1    0.09784  17   1.019E+05  0.000E+00  0.000E+00  4.982E+02  4.958E+02
   0.00000   1    0.10416  18   1.019E+05  0.000E+00  0.000E+00  6.014E+02  6.001E+02
   0.00000   1    0.11047  19   1.019E+05  0.000E+00  0.000E+00  5.944E+02  5.946E+02
   0.00000   1    0.11678  20   1.019E+05  0.000E+00  0.000E+00  5.673E+02  5.683E+02
   0.00000   1    0.12309  21   1.018E+05  0.000E+00  0.000E+00  5.274E+02  5.289E+02
   0.00000   1    0.12941  22   1.018E+05  0.000E+00  0.000E+00  4.829E+02  4.846E+02
   0.00000   1    0.13572  23   1.018E+05  0.000E+00  0.000E+00  4.401E+02  4.418E+02
   0.00000   1    0.14203  24   1.018E+05  0.000E+00  0.000E+00  4.026E+02  4.041E+02
   0.00000   1    0.14834  25   1.018E+05  0.000E+00  0.000E+00  3.721E+02  3.733E+02
   0.00000   1    0.15466  26   1.018E+05  0.000E+00  0.000E+00  3.484E+02  3.493E+02
   0.00000   1    0.16097  27   1.018E+05  0.000E+00  0.000E+00  3.308E+02  3.315E+02
   0.00000   1    0.16728  28   1.018E+05  0.000E+00  0.000E+00  3.183E+02  3.188E+02
   0.00000   1    0.17359  29   1.018E+05  0.000E+00  0.000E+00  3.096E+02  3.100E+02
   0.00000   1    0.17991  30   1.018E+05  0.000E+00  0.000E+00  3.038E+02  3.040E+02
   0.00000   1    0.18622  31   1.018E+05  0.000E+00  0.000E+00  3.000E+02  3.001E+02
   0.00000   1    0.19253  32   1.017E+05  0.000E+00  0.000E+00  2.975E+02  2.976E+02
   0.00000   1    0.19884  33   1.017E+05  0.000E+00  0.000E+00  2.960E+02  2.961E+02
   0.00000   1    0.20516  34   1.017E+05  0.000E+00  0.000E+00  2.951E+02  2.951E+02
   0.00000   1    0.21147  35   1.017E+05  0.000E+00  0.000E+00  2.945E+02  2.945E+02
   0.00000   1    0.21778  36   1.017E+05  0.000E+00  0.000E+00  2.941E+02  2.941E+02
   0.00000   1    0.22409  37   1.017E+05  0.000E+00  0.000E+00  2.939E+02  2.939E+02
   0.00000   1    0.23041  38   1.017E+05  0.000E+00  0.000E+00  2.937E+02  2.937E+02
   0.00000   1    0.23672  39   1.017E+05  0.000E+00  0.000E+00  2.936E+02  2.936E+02
   0.00000   1    0.24303  40   1.017E+05  0.000E+00  0.000E+00  2.935E+02  2.935E+02
   0.00000   1    0.24934  41   1.017E+05  0.000E+00  0.000E+00  2.935E+02  2.935E+02
   0.00000   1    0.25566  42   1.017E+05  0.000E+00  0.000E+00  2.934E+02  2.934E+02
   0.00000   1    0.26197  43   1.017E+05  0.000E+00  0.000E+00  2.934E+02  2.934E+02
   0.00000   1    0.26828  44   1.016E+05  0.000E+00  0.000E+00  2.933E+02  2.933E+02
   0.00000   1    0.27459  45   1.016E+05  0.000E+00  0.000E+00  2.933E+02  2.933E+02
   0.00000   1    0.28091  46   1.016E+05  0.000E+00  0.000E+00  2.933E+02  2.933E+02
   0.00000   1    0.28722  47   1.016E+05  0.000E+00  0.000E+00  2.933E+02  2.933E+02
   0.00000   1    0.29353  48   1.016E+05  0.000E+00  0.000E+00  2.932E+02  2.932E+02
   0.00000   1    0.29984  49   1.016E+05  0.000E+00  0.000E+00  2.932E+02  2.932E+02
   0.00000   1    0.30616  50   1.016E+05  0.000E+00  0.000E+00  2.932E+02  2.932E+02
   0.00000   1    0.31247  51   1.016E+05  0.000E+00  0.000E+00  2.932E+02  2.932E+02
   0.00000   1    0.31878  52   1.016E+05  0.000E+00  0.000E+00  2.932E+02  2.932E+02
   0.00000   1    0.32509  53   1.016E+05  0.000E+00  0.000E+00  2.931E+02  2.931E+02
   0.00000   1    0.33141  54   1.016E+05  0.000E+00  0.000E+00  2.931E+02  2.931E+02
   0.00000   1    0.33772  55   1.016E+05  0.000E+00  0.000E+00  2.931E+02  2.931E+02
   0.00000   1    0.34403  56   1.015E+05  0.000E+00  0.000E+00  2.931E+02  2.931E+02
   0.00000   1    0.35034  57   1.015E+05  0.000E+00  0.000E+00  2.931E+02  2.931E+02
   0.00000   1    0.35666  58   1.015E+05  0.000E+00  0.000E+00  2.931E+02  2.931E+02
   0.00000   1    0.36297  59   1.015E+05  0.000E+00  0.000E+00  2.931E+02  2.931E+02
   0.00000   1    0.36928  60   1.015E+05  0.000E+00  0.000E+00  2.931E+02  2.931E+02
   0.00000   1    0.37559  61   1.015E+05  0.000E+00  0.000E+00  2.931E+02  2.931E+02
   0.00000   1    0.38191  62   1.015E+05  0.000E+00  0.000E+00  2.931E+02  2.931E+02
   0.00000   1    0.38822  63   1.015E+05  0.000E+00  0.000E+00  2.931E+02  2.931E+02
   0.00000   1    0.39453  64   1.015E+05  0.000E+00  0.000E+00  2.930E+02  2.930E+02
   0.00000   1    0.40084  65   1.015E+05  0.000E+00  0.000E+00  2.930E+02  2.930E+02
   0.00000   1    0.40716  66   1.015E+05  0.000E+00  0.000E+00  2.930E+02  2.930E+02
   0.00000   1    0.41347  67   1.014E+05  0.000E+00  0.000E+00  2.930E+02  2.930E+02
   0.00000   1    0.41978  68   1.014E+05  0.000E+00  0.000E+00  2.930E+02  2.930E+02
   0.00000   1    0.42609  69   1.014E+05  0.000E+00  0.000E+00  2.930E+02  2.930E+02
   0.00000   1    0.43241  70   1.014E+05  0.000E+00  0.000E+00  2.930E+02  2.930E+02
   0.00000   1    0.43872  71   1.014E+05  0.000E+00  0.000E+00  2.930E+02  2.930E+02
   0.00000   1    0.44503  72   1.014E+05  0.000E+00  0.000E+00  2.930E+02  2.930E+02
   0.00000   1    0.45134  73   1.014E+05  0.000E+00  0.000E+00  2.930E+02  2.930E+02
   0.00000   1    0.45766  74   1.014E+05  0.000E+00  0.000E+00  2.930E+02  2.930E+02
   0.00000   1    0.46397  75   1.014E+05  0.000E+00  0.000E+00  2.930E+02  2.930E+02
   0.00000   1    0.47028  76   1.014E+05  0.000E+00  0.000E+00  2.930E+02  2.930E+02
   0.00000   1    0.47659  77   1.014E+05  0.000E+00  0.000E+00  2.930E+02  2.930E+02
   0.00000   1    0.48291  78   1.014E+05  0.000E+00  0.000E+00  2.930E+02  2.930E+02
   0.00000   1    0.48922  79   1.013E+05  0.000E+00  0.000E+00  2.930E+02  2.930E+02
   0.00000   1    0.49553  80   1.013E+05  0.000E+00  0.000E+00  2.930E+02  2.930E+02
   0.00000   1    0.50184  81   1.013E+05  0.000E+00  0.000E+00  2.930E+02  2.930E+02
   0.00000   1    0.50500  82   1.013E+05  0.000E+00  0.000E+00  2.930E+02  2.930E+02
   0.01417   2    0.00000   1   1.020E+05 -5.403E-07  6.500E-02  2.930E+02  2.931E+02
   0.01417   2    0.00316   2   1.020E+05 -5.403E-07  5.923E-02  2.931E+02  2.931E+02
   0.01417   2    0.00947   3   1.020E+05  6.040E-07  5.991E-02  2.933E+02  2.933E+02
   0.01417   2    0.01578   4   1.020E+05  2.216E-07  5.953E-02  2.936E+02  2.936E+02
   0.01417   2    0.02209   5   1.020E+05  1.074E-07  5.875E-02  2.940E+02  2.940E+02
   0.01417   2    0.02841   6   1.020E+05  6.169E-08  5.805E-02  2.947E+02  2.947E+02
   0.01417   2    0.03472   7   1.020E+05  3.848E-08  5.742E-02  2.958E+02  2.958E+02
   0.01417   2    0.04103   8   1.020E+05  1.177E-08  5.689E-02  2.975E+02  2.974E+02
   0.01417   2    0.04734   9   1.019E+05  2.231E-08  5.644E-02  3.002E+02  3.001E+02
   0.01417   2    0.05366  10   1.019E+05  5.112E-08  5.605E-02  3.045E+02  3.043E+02
   0.01417   2    0.05997  11   1.019E+05  4.279E-08  5.571E-02  3.112E+02  3.109E+02
   0.01417   2    0.06628  12   1.019E+05  4.429E-08  5.542E-02  3.214E+02  3.210E+02
   0.01417   2    0.07259  13   1.019E+05  5.548E-08  5.517E-02  3.367E+02  3.361E+02
   0.01417   2    0.07891  14   1.019E+05  3.810E-08  5.496E-02  3.587E+02  3.579E+02
   0.01417   2    0.08522  15   1.019E+05  3.373E-08  5.478E-02  3.900E+02  3.888E+02
   0.01417   2    0.09153  16   1.019E+05  2.935E-08  5.463E-02  4.342E+02  4.325E+02
   0.01417   2    0.09784  17   1.019E+05  2.648E-08  5.453E-02  4.982E+02  4.958E+02
   0.01417   2    0.10416  18   1.019E+05  2.483E-08  5.468E-02  6.014E+02  6.001E+02
   0.01417   2    0.11047  19   1.019E+05  2.550E-08  5.445E-02  5.944E+02  5.946E+02
   0.01417   2    0.11678  20   1.019E+05  2.638E-08  5.437E-02  5.673E+02  5.683E+02
   0.01417   2    0.12309  21   1.018E+05  2.702E-08  5.429E-02  5.274E+02  5.289E+02
   0.01417   2    0.12941  22   1.018E+05  3.360E-08  5.417E-02  4.829E+02  4.846E+02
   0.01417   2    0.13572  23   1.018E+05  4.010E-08  5.403E-02  4.401E+02  4.418E+02
   0.01417   2    0.14203  24   1.018E+05  3.503E-08  5.387E-02  4.026E+02  4.041E+02
   0.01417   2    0.14834  25   1.018E+05  2.731E-08  5.370E-02  3.721E+02  3.733E+02
   0.01417   2    0.15466  26   1.018E+05  2.433E-08  5.353E-02  3.484E+02  3.493E+02
   0.01417   2    0.16097  27   1.018E+05  2.017E-08  5.336E-02  3.308E+02  3.315E+02
   0.01417   2    0.16728  28   1.018E+05  1.435E-08  5.321E-02  3.183E+02  3.188E+02
   0.01417   2    0.17359  29   1.018E+05  8.559E-09  5.308E-02  3.096E+02  3.100E+02
   0.01417   2    0.17991  30   1.018E+05  3.493E-09  5.296E-02  3.038E+02  3.040E+02
   0.01417   2    0.18622  31   1.018E+05 -8.021E-10  5.286E-02  3.000E+02  3.001E+02
   0.01417   2    0.19253  32   1.017E+05 -4.054E-09  5.277E-02  2.975E+02  2.976E+02
   0.01417   2    0.19884  33   1.017E+05 -6.173E-09  5.269E-02  2.960E+02  2.961E+02
   0.01417   2    0.20516  34   1.017E+05 -7.458E-09  5.262E-02  2.951E+02  2.951E+02
   0.01417   2    0.21147  35   1.017E+05 -7.662E-09  5.257E-02  2.945E+02  2.945E+02
   0.01417   2    0.21778  36   1.017E+05 -7.195E-09  5.251E-02  2.941E+02  2.941E+02
   0.01417   2    0.22409  37   1.017E+05 -6.127E-09  5.246E-02  2.939E+02  2.939E+02
   0.01417   2    0.23041  38   1.017E+05 -4.191E-09  5.241E-02  2.937E+02  2.937E+02
   0.01417   2    0.23672  39   1.017E+05 -2.467E-09  5.237E-02  2.936E+02  2.936E+02
   0.01417   2    0.24303  40   1.017E+05 -6.885E-10  5.234E-02  2.935E+02  2.935E+02
   0.01417   2    0.24934  41   1.017E+05  9.442E-10  5.231E-02  2.935E+02  2.935E+02
   0.01417   2    0.25566  42   1.017E+05  2.603E-09  5.227E-02  2.934E+02  2.934E+02
   0.01417   2    0.26197  43   1.017E+05  4.236E-09  5.225E-02  2.934E+02  2.934E+02
   0.01417   2    0.26828  44   1.016E+05  5.084E-09  5.222E-02  2.933E+02  2.933E+02
   0.01417   2    0.27459  45   1.016E+05  5.089E-09  5.220E-02  2.933E+02  2.933E+02
   0.01417   2    0.28091  46   1.016E+05  4.842E-09  5.217E-02  2.933E+02  2.933E+02
   0.01417   2    0.28722  47   1.016E+05  4.640E-09  5.215E-02  2.933E+02  2.933E+02
   0.01417   2    0.29353  48   1.016E+05  4.228E-09  5.214E-02  2.932E+02  2.932E+02
   0.01417   2    0.29984  49   1.016E+05  3.803E-09  5.212E-02  2.932E+02  2.932E+02
   0.01417   2    0.30616  50   1.016E+05  2.958E-09  5.211E-02  2.932E+02  2.932E+02
   0.01417   2    0.31247  51   1.016E+05  2.651E-09  5.209E-02  2.932E+02  2.932E+02
   0.01417   2    0.31878  52   1.016E+05  1.748E-09  5.208E-02  2.932E+02  2.932E+02
   0.01417   2    0.32509  53   1.016E+05  9.211E-10  5.206E-02  2.931E+02  2.931E+02
   0.01417   2    0.33141  54   1.016E+05  1.540E-10  5.205E-02  2.931E+02  2.931E+02
   0.01417   2    0.33772  55   1.016E+05 -6.795E-10  5.204E-02  2.931E+02  2.931E+02
   0.01417   2    0.34403  56   1.015E+05 -1.395E-09  5.203E-02  2.931E+02  2.931E+02
   0.01417   2    0.35034  57   1.015E+05 -1.648E-09  5.202E-02  2.931E+02  2.931E+02
   0.01417   2    0.35666  58   1.015E+05 -2.426E-09  5.201E-02  2.931E+02  2.931E+02
   0.01417   2    0.36297  59   1.015E+05 -3.260E-09  5.200E-02  2.931E+02  2.931E+02
   0.01417   2    0.36928  60   1.015E+05 -3.093E-09  5.200E-02  2.931E+02  2.931E+02
   0.01417   2    0.37559  61   1.015E+05 -3.049E-09  5.199E-02  2.931E+02  2.931E+02
   0.01417   2    0.38191  62   1.015E+05 -2.987E-09  5.198E-02  2.931E+02  2.931E+02
   0.01417   2    0.38822  63   1.015E+05 -2.534E-09  5.197E-02  2.931E+02  2.931E+02
   0.01417   2    0.39453  64   1.015E+05 -2.540E-09  5.197E-02  2.930E+02  2.930E+02
   0.01417   2    0.40084  65   1.015E+05 -2.282E-09  5.197E-02  2.930E+02  2.930E+02
   0.01417   2    0.40716  66   1.015E+05 -1.915E-09  5.196E-02  2.930E+02  2.930E+02
   0.01417   2    0.41347  67   1.014E+05 -1.899E-09  5.195E-02  2.930E+02  2.930E+02
   0.01417   2    0.41978  68   1.014E+05 -1.661E-09  5.194E-02  2.930E+02  2.930E+02
   0.01417   2    0.42609  69   1.014E+05 -1.469E-09  5.195E-02  2.930E+02  2.930E+02
   0.01417   2    0.43241  70   1.014E+05 -1.435E-09  5.194E-02  2.930E+02  2.930E+02
   0.01417   2    0.43872  71   1.014E+05 -1.268E-09  5.193E-02  2.930E+02  2.930E+02
   0.01417   2    0.44503  72   1.014E+05 -1.297E-09  5.192E-02  2.930E+02  2.930E+02
   0.01417   2    0.45134  73   1.014E+05 -1.168E-09  5.191E-02  2.930E+02  2.930E+02
   0.01417   2    0.45766  74   1.014E+05 -1.219E-09  5.191E-02  2.930E+02  2.930E+02
   0.01417   2    0.46397  75   1.014E+05 -1.047E-09  5.190E-02  2.930E+02  2.930E+02
   0.01417   2    0.47028  76   1.014E+05 -5.504E-10  5.190E-02  2.930E+02  2.930E+02
   0.01417   2    0.47659  77   1.014E+05 -7.098E-10  5.187E-02  2.930E+02  2.930E+02
   0.01417   2    0.48291  78   1.014E+05 -5.736E-10  5.185E-02  2.930E+02  2.930E+02
   0.01417   2    0.48922  79   1.013E+05 -3.798E-10  5.207E-02  2.930E+02  2.930E+02
   0.01417   2    0.49553  80   1.013E+05 -5.067E-10  5.272E-02  2.930E+02  2.930E+02
   0.01417   2    0.50184  81   1.013E+05 -5.234E-10  5.348E-02  2.930E+02  2.930E+02
   0.01417   2    0.50500  82   1.013E+05 -5.234E-10  5.348E-02  2.930E+02  2.930E+02
   0.04252   3    0.00000   1   1.020E+05 -6.045E-07  6.500E-02  2.930E+02  2.931E+02
   0.04252   3    0.00316   2   1.020E+05 -6.045E-07  5.923E-02  2.931E+02  2.931E+02
   0.04252   3    0.00947   3   1.020E+05  5.451E-07  5.991E-02  2.933E+02  2.933E+02
   0.04252   3    0.01578   4   1.020E+05  1.772E-07  5.953E-02  2.936E+02  2.936E+02
   0.04252   3    0.02209   5   1.020E+05  6.340E-08  5.875E-02  2.940E+02  2.940E+02
   0.04252   3    0.02841   6   1.020E+05  1.630E-08  5.805E-02  2.947E+02  2.947E+02
   0.04252   3    0.03472   7   1.020E+05 -1.359E-08  5.742E-02  2.958E+02  2.958E+02
   0.04252   3    0.04103   8   1.020E+05 -4.123E-08  5.689E-02  2.975E+02  2.974E+02
   0.04252   3    0.04734   9   1.019E+05 -2.339E-08  5.644E-02  3.002E+02  3.001E+02
   0.04252   3    0.05366  10   1.019E+05  9.839E-09  5.605E-02  3.045E+02  3.043E+02
   0.04252   3    0.05997  11   1.019E+05  6.264E-10  5.571E-02  3.112E+02  3.109E+02
   0.04252   3    0.06628  12   1.019E+05 -1.136E-08  5.542E-02  3.214E+02  3.210E+02
   0.04252   3    0.07259  13   1.019E+05 -1.055E-08  5.517E-02  3.367E+02  3.361E+02
   0.04252   3    0.07891  14   1.019E+05 -6.302E-09  5.496E-02  3.587E+02  3.579E+02
   0.04252   3    0.08522  15   1.019E+05  1.375E-08  5.478E-02  3.900E+02  3.888E+02
   0.04252   3    0.09153  16   1.019E+05  2.089E-08  5.463E-02  4.342E+02  4.325E+02
   0.04252   3    0.09784  17   1.019E+05  2.686E-08  5.453E-02  4.983E+02  4.958E+02
   0.04252   3    0.10416  18   1.019E+05  3.082E-08  5.468E-02  6.014E+02  6.001E+02
   0.04252   3    0.11047  19   1.019E+05  3.619E-08  5.445E-02  5.944E+02  5.946E+02
   0.04252   3    0.11678  20   1.019E+05  4.258E-08  5.437E-02  5.673E+02  5.683E+02
   0.04252   3    0.12309  21   1.018E+05  5.125E-08  5.429E-02  5.274E+02  5.289E+02
   0.04252   3    0.12941  22   1.018E+05  6.880E-08  5.417E-02  4.829E+02  4.846E+02
   0.04252   3    0.13572  23   1.018E+05  9.705E-08  5.403E-02  4.401E+02  4.418E+02
   0.04252   3    0.14203  24   1.018E+05  1.084E-07  5.387E-02  4.026E+02  4.041E+02
   0.04252   3    0.14834  25   1.018E+05  8.572E-08  5.370E-02  3.721E+02  3.733E+02
   0.04252   3    0.15466  26   1.018E+05  6.391E-08  5.353E-02  3.484E+02  3.494E+02
   0.04252   3    0.16097  27   1.018E+05  4.983E-08  5.336E-02  3.308E+02  3.316E+02
   0.04252   3    0.16728  28   1.018E+05  3.549E-08  5.321E-02  3.183E+02  3.188E+02
   0.04252   3    0.17359  29   1.018E+05  2.383E-08  5.308E-02  3.096E+02  3.100E+02
   0.04252   3    0.17991  30   1.018E+05  1.303E-08  5.296E-02  3.038E+02  3.040E+02
   0.04252   3    0.18622  31   1.018E+05  3.744E-09  5.286E-02  3.000E+02  3.002E+02
   0.04252   3    0.19253  32   1.017E+05 -2.992E-09  5.277E-02  2.976E+02  2.977E+02
   0.04252   3    0.19884  33   1.017E+05 -7.414E-09  5.269E-02  2.960E+02  2.961E+02
   0.04252   3    0.20516  34   1.017E+05 -9.785E-09  5.262E-02  2.951E+02  2.951E+02
   0.04252   3    0.21147  35   1.017E+05 -1.047E-08  5.257E-02  2.945E+02  2.945E+02
   0.04252   3    0.21778  36   1.017E+05 -9.209E-09  5.251E-02  2.941E+02  2.941E+02
   0.04252   3    0.22409  37   1.017E+05 -6.756E-09  5.246E-02  2.939E+02  2.939E+02
   0.04252   3    0.23041  38   1.017E+05 -3.335E-09  5.241E-02  2.937E+02  2.937E+02
   0.04252   3    0.23672  39   1.017E+05 -6.223E-11  5.237E-02  2.936E+02  2.936E+02
   0.04252   3    0.24303  40   1.017E+05  3.521E-09  5.234E-02  2.935E+02  2.935E+02
   0.04252   3    0.24934  41   1.017E+05  6.792E-09  5.231E-02  2.935E+02  2.935E+02
   0.04252   3    0.25566  42   1.017E+05  8.882E-09  5.228E-02  2.934E+02  2.934E+02
   0.04252   3    0.26197  43   1.017E+05  1.066E-08  5.225E-02  2.934E+02  2.934E+02
   0.04252   3    0.26828  44   1.016E+05  1.179E-08  5.222E-02  2.933E+02  2.933E+02
   0.04252   3    0.27459  45   1.016E+05  1.136E-08  5.220E-02  2.933E+02  2.933E+02
   0.04252   3    0.28091  46   1.016E+05  1.101E-08  5.217E-02  2.933E+02  2.933E+02
   0.04252   3    0.28722  47   1.016E+05  1.160E-08  5.215E-02  2.933E+02  2.933E+02
   0.04252   3    0.29353  48   1.016E+05  1.201E-08  5.214E-02  2.932E+02  2.932E+02
   0.04252   3    0.29984  49   1.016E+05  1.402E-08  5.212E-02  2.932E+02  2.932E+02
   0.04252   3    0.30616  50   1.016E+05  1.421E-08  5.211E-02  2.932E+02  2.932E+02
   0.04252   3    0.31247  51   1.016E+05  2.882E-08  5.209E-02  2.932E+02  2.932E+02
   0.04252   3    0.31878  52   1.016E+05  1.290E-08  5.208E-02  2.932E+02  2.932E+02
   0.04252   3    0.32509  53   1.016E+05  9.317E-09  5.206E-02  2.931E+02  2.931E+02
   0.04252   3    0.33141  54   1.016E+05  5.445E-09  5.205E-02  2.931E+02  2.931E+02
   0.04252   3    0.33772  55   1.016E+05  2.559E-09  5.204E-02  2.931E+02  2.931E+02
   0.04252   3    0.34403  56   1.015E+05  2.640E-10  5.203E-02  2.931E+02  2.931E+02
   0.04252   3    0.35034  57   1.015E+05 -1.008E-09  5.202E-02  2.931E+02  2.931E+02
   0.04252   3    0.35666  58   1.015E+05 -2.973E-09  5.201E-02  2.931E+02  2.931E+02
   0.04252   3    0.36297  59   1.015E+05 -3.977E-09  5.200E-02  2.931E+02  2.931E+02
   0.04252   3    0.36928  60   1.015E+05 -4.468E-09  5.200E-02  2.931E+02  2.931E+02
   0.04252   3    0.37559  61   1.015E+05 -4.861E-09  5.199E-02  2.931E+02  2.931E+02
   0.04252   3    0.38191  62   1.015E+05 -4.646E-09  5.198E-02  2.931E+02  2.931E+02
   0.04252   3    0.38822  63   1.015E+05 -4.624E-09  5.197E-02  2.931E+02  2.931E+02
   0.04252   3    0.39453  64   1.015E+05 -4.647E-09  5.197E-02  2.930E+02  2.930E+02
   0.04252   3    0.40084  65   1.015E+05 -4.442E-09  5.197E-02  2.930E+02  2.930E+02
   0.04252   3    0.40716  66   1.015E+05 -4.131E-09  5.196E-02  2.930E+02  2.930E+02
   0.04252   3    0.41347  67   1.014E+05 -3.863E-09  5.195E-02  2.930E+02  2.930E+02
   0.04252   3    0.41978  68   1.014E+05 -3.479E-09  5.194E-02  2.930E+02  2.930E+02
   0.04252   3    0.42609  69   1.014E+05 -2.836E-09  5.195E-02  2.930E+02  2.930E+02
   0.04252   3    0.43241  70   1.014E+05 -2.584E-09  5.194E-02  2.930E+02  2.930E+02
   0.04252   3    0.43872  71   1.014E+05 -2.528E-09  5.193E-02  2.930E+02  2.930E+02
   0.04252   3    0.44503  72   1.014E+05 -2.304E-09  5.192E-02  2.930E+02  2.930E+02
   0.04252   3    0.45134  73   1.014E+05 -1.962E-09  5.191E-02  2.930E+02  2.930E+02
   0.04252   3    0.45766  74   1.014E+05 -1.841E-09  5.191E-02  2.930E+02  2.930E+02
   0.04252   3    0.46397  75   1.014E+05 -1.518E-09  5.190E-02  2.930E+02  2.930E+02
   0.04252   3    0.47028  76   1.014E+05 -8.593E-10  5.190E-02  2.930E+02  2.930E+02
   0.04252   3    0.47659  77   1.014E+05 -7.411E-10  5.187E-02  2.930E+02  2.930E+02
   0.04252   3    0.48291  78   1.014E+05 -8.058E-10  5.185E-02  2.930E+02  2.930E+02
   0.04252   3    0.48922  79   1.013E+05 -7.773E-10  5.207E-02  2.930E+02  2.930E+02
   0.04252   3    0.49553  80   1.013E+05 -7.163E-10  5.272E-02  2.930E+02  2.930E+02
   0.04252   3    0.50184  81   1.013E+05 -7.534E-10  5.348E-02  2.930E+02  2.930E+02
   0.04252   3    0.50500  82   1.013E+05 -7.534E-10  5.348E-02  2.930E+02  2.930E+02
   0.07087   4    0.00000   1   1.020E+05 -5.601E-08  6.500E-02  2.930E+02  2.931E+02
   0.07087   4    0.00316   2   1.020E+05 -5.601E-08  5.923E-02  2.931E+02  2.931E+02
   0.07087   4    0.00947   3   1.020E+05 -4.663E-08  5.991E-02  2.933E+02  2.933E+02
   0.07087   4    0.01578   4   1.020E+05 -1.647E-08  5.953E-02  2.936E+02  2.936E+02
   0.07087   4    0.02209   5   1.020E+05 -2.721E-08  5.875E-02  2.940E+02  2.940E+02
   0.07087   4    0.02841   6   1.020E+05 -2.702E-08  5.805E-02  2.947E+02  2.947E+02
   0.07087   4    0.03472   7   1.020E+05 -2.994E-08  5.742E-02  2.958E+02  2.958E+02
   0.07087   4    0.04103   8   1.020E+05 -2.160E-08  5.689E-02  2.975E+02  2.974E+02
   0.07087   4    0.04734   9   1.019E+05  6.426E-09  5.644E-02  3.002E+02  3.001E+02
   0.07087   4    0.05366  10   1.019E+05  1.642E-08  5.605E-02  3.045E+02  3.043E+02
   0.07087   4    0.05997  11   1.019E+05  1.713E-07  5.571E-02  3.112E+02  3.109E+02
   0.07087   4    0.06628  12   1.019E+05 -4.943E-07  5.542E-02  3.214E+02  3.210E+02
   0.07087   4    0.07259  13   1.019E+05 -1.387E-06  5.517E-02  3.367E+02  3.361E+02
   0.07087   4    0.07891  14   1.019E+05 -4.859E-07  5.496E-02  3.587E+02  3.579E+02
   0.07087   4    0.08522  15   1.019E+05  1.990E-07  5.478E-02  3.900E+02  3.888E+02
   0.07087   4    0.09153  16   1.019E+05  5.636E-08  5.463E-02  4.341E+02  4.325E+02
   0.07087   4    0.09784  17   1.019E+05  6.014E-08  5.453E-02  4.982E+02  4.958E+02
   0.07087   4    0.10416  18   1.019E+05  4.515E-08  5.468E-02  6.014E+02  6.001E+02
   0.07087   4    0.11047  19   1.019E+05  3.770E-08  5.445E-02  5.944E+02  5.946E+02
   0.07087   4    0.11678  20   1.019E+05  3.185E-08  5.437E-02  5.673E+02  5.683E+02
   0.07087   4    0.12309  21   1.018E+05  2.790E-08  5.429E-02  5.274E+02  5.289E+02
   0.07087   4    0.12941  22   1.018E+05  2.539E-08  5.417E-02  4.829E+02  4.846E+02
   0.07087   4    0.13572  23   1.018E+05  2.208E-08  5.403E-02  4.401E+02  4.418E+02
   0.07087   4    0.14203  24   1.018E+05  1.683E-08  5.387E-02  4.026E+02  4.041E+02
   0.07087   4    0.14834  25   1.018E+05  1.074E-08  5.370E-02  3.721E+02  3.733E+02
   0.07087   4    0.15466  26   1.018E+05  4.999E-09  5.353E-02  3.484E+02  3.494E+02
   0.07087   4    0.16097  27   1.018E+05 -1.346E-08  5.336E-02  3.309E+02  3.316E+02
   0.07087   4    0.16728  28   1.018E+05 -9.330E-10  5.321E-02  3.183E+02  3.188E+02
   0.07087   4    0.17359  29   1.018E+05 -2.299E-09  5.308E-02  3.096E+02  3.100E+02
   0.07087   4    0.17991  30   1.018E+05 -3.041E-09  5.296E-02  3.038E+02  3.041E+02
   0.07087   4    0.18622  31   1.018E+05 -4.309E-09  5.286E-02  3.000E+02  3.002E+02
   0.07087   4    0.19253  32   1.017E+05 -5.774E-09  5.277E-02  2.976E+02  2.977E+02
   0.07087   4    0.19884  33   1.017E+05 -5.930E-09  5.269E-02  2.960E+02  2.961E+02
   0.07087   4    0.20516  34   1.017E+05 -5.119E-09  5.262E-02  2.951E+02  2.951E+02
   0.07087   4    0.21147  35   1.017E+05 -3.605E-09  5.257E-02  2.945E+02  2.945E+02
   0.07087   4    0.21778  36   1.017E+05 -9.487E-10  5.251E-02  2.941E+02  2.941E+02
   0.07087   4    0.22409  37   1.017E+05  2.344E-09  5.246E-02  2.939E+02  2.939E+02
   0.07087   4    0.23041  38   1.017E+05  5.427E-09  5.241E-02  2.937E+02  2.937E+02
   0.07087   4    0.23672  39   1.017E+05  7.807E-09  5.237E-02  2.936E+02  2.936E+02
   0.07087   4    0.24303  40   1.017E+05  9.867E-09  5.234E-02  2.935E+02  2.935E+02
   0.07087   4    0.24934  41   1.017E+05  1.167E-08  5.231E-02  2.935E+02  2.935E+02
   0.07087   4    0.25566  42   1.017E+05  1.174E-08  5.228E-02  2.934E+02  2.934E+02
   0.07087   4    0.26197  43   1.017E+05  1.089E-08  5.225E-02  2.934E+02  2.934E+02
   0.07087   4    0.26828  44   1.016E+05  9.613E-09  5.222E-02  2.934E+02  2.934E+02
   0.07087   4    0.27459  45   1.016E+05  6.783E-09  5.220E-02  2.933E+02  2.933E+02
   0.07087   4    0.28091  46   1.016E+05  2.954E-09  5.217E-02  2.933E+02  2.933E+02
   0.07087   4    0.28722  47   1.016E+05 -1.691E-09  5.215E-02  2.933E+02  2.933E+02
   0.07087   4    0.29353  48   1.016E+05 -8.531E-09  5.214E-02  2.932E+02  2.932E+02
   0.07087   4    0.29984  49   1.016E+05 -1.527E-08  5.212E-02  2.932E+02  2.932E+02
   0.07087   4    0.30616  50   1.016E+05 -3.383E-08  5.211E-02  2.932E+02  2.932E+02
   0.07087   4    0.31247  51   1.016E+05 -3.237E-08  5.209E-02  2.932E+02  2.932E+02
   0.07087   4    0.31878  52   1.016E+05 -2.425E-08  5.208E-02  2.932E+02  2.932E+02
   0.07087   4    0.32509  53   1.016E+05 -1.111E-09  5.206E-02  2.932E+02  2.932E+02
   0.07087   4    0.33141  54   1.016E+05  2.876E-09  5.205E-02  2.931E+02  2.931E+02
   0.07087   4    0.33772  55   1.016E+05  2.858E-09  5.204E-02  2.931E+02  2.931E+02
   0.07087   4    0.34403  56   1.015E+05  2.064E-09  5.203E-02  2.931E+02  2.931E+02
   0.07087   4    0.35034  57   1.015E+05  1.737E-09  5.202E-02  2.931E+02  2.931E+02
   0.07087   4    0.35666  58   1.015E+05  1.159E-09  5.201E-02  2.931E+02  2.931E+02
   0.07087   4    0.36297  59   1.015E+05  9.303E-10  5.200E-02  2.931E+02  2.931E+02
   0.07087   4    0.36928  60   1.015E+05  1.122E-10  5.200E-02  2.931E+02  2.931E+02
   0.07087   4    0.37559  61   1.015E+05 -5.569E-10  5.199E-02  2.931E+02  2.931E+02
   0.07087   4    0.38191  62   1.015E+05 -6.661E-10  5.198E-02  2.931E+02  2.931E+02
   0.07087   4    0.38822  63   1.015E+05 -1.170E-09  5.197E-02  2.931E+02  2.931E+02
   0.07087   4    0.39453  64   1.015E+05 -1.419E-09  5.197E-02  2.930E+02  2.930E+02
   0.07087   4    0.40084  65   1.015E+05 -1.790E-09  5.197E-02  2.930E+02  2.930E+02
   0.07087   4    0.40716  66   1.015E+05 -2.190E-09  5.196E-02  2.930E+02  2.930E+02
   0.07087   4    0.41347  67   1.014E+05 -2.030E-09  5.195E-02  2.930E+02  2.930E+02
   0.07087   4    0.41978  68   1.014E+05 -1.592E-09  5.194E-02  2.930E+02  2.930E+02
   0.07087   4    0.42609  69   1.014E+05 -1.195E-09  5.195E-02  2.930E+02  2.930E+02
   0.07087   4    0.43241  70   1.014E+05 -1.236E-09  5.194E-02  2.930E+02  2.930E+02
   0.07087   4    0.43872  71   1.014E+05 -1.308E-09  5.193E-02  2.930E+02  2.930E+02
   0.07087   4    0.44503  72   1.014E+05 -9.370E-10  5.192E-02  2.930E+02  2.930E+02
   0.07087   4    0.45134  73   1.014E+05 -4.527E-10  5.191E-02  2.930E+02  2.930E+02
   0.07087   4    0.45766  74   1.014E+05 -1.554E-10  5.191E-02  2.930E+02  2.930E+02
   0.07087   4    0.46397  75   1.014E+05 -2.808E-10  5.190E-02  2.930E+02  2.930E+02
   0.07087   4    0.47028  76   1.014E+05 -4.468E-10  5.190E-02  2.930E+02  2.930E+02
   0.07087   4    0.47659  77   1.014E+05 -7.163E-11  5.187E-02  2.930E+02  2.930E+02
   0.07087   4    0.48291  78   1.014E+05  5.575E-11  5.185E-02  2.930E+02  2.930E+02
   0.07087   4    0.48922  79   1.013E+05  5.116E-11  5.207E-02  2.930E+02  2.930E+02
   0.07087   4    0.49553  80   1.013E+05  2.735E-10  5.272E-02  2.930E+02  2.930E+02
   0.07087   4    0.50184  81   1.013E+05  2.979E-10  5.348E-02  2.930E+02  2.930E+02
   0.07087   4    0.50500  82   1.013E+05  2.979E-10  5.348E-02  2.930E+02  2.930E+02
   0.09922   5    0.00000   1   1.020E+05  2.831E-08  6.500E-02  2.930E+02  2.931E+02
   0.09922   5    0.00316   2   1.020E+05  2.831E-08  5.923E-02  2.931E+02  2.931E+02
   0.09922   5    0.00947   3   1.020E+05  2.662E-08  5.991E-02  2.933E+02  2.933E+02
   0.09922   5    0.01578   4   1.020E+05  3.804E-08  5.953E-02  2.936E+02  2.936E+02
   0.09922   5    0.02209   5   1.020E+05  1.992E-08  5.875E-02  2.940E+02  2.940E+02
   0.09922   5    0.02841   6   1.020E+05  1.421E-08  5.805E-02  2.947E+02  2.947E+02
   0.09922   5    0.03472   7   1.020E+05  8.282E-09  5.742E-02  2.958E+02  2.958E+02
   0.09922   5    0.04103   8   1.020E+05  4.968E-09  5.689E-02  2.975E+02  2.974E+02
   0.09922   5    0.04734   9   1.019E+05  1.459E-08  5.644E-02  3.002E+02  3.001E+02
   0.09922   5    0.05366  10   1.019E+05  1.488E-08  5.606E-02  3.045E+02  3.043E+02
   0.09922   5    0.05997  11   1.019E+05  1.664E-07  5.571E-02  3.112E+02  3.109E+02
   0.09922   5    0.06628  12   1.019E+05 -5.037E-07  5.541E-02  3.214E+02  3.210E+02
   0.09922   5    0.07259  13   1.019E+05 -1.401E-06  5.517E-02  3.367E+02  3.361E+02
   0.09922   5    0.07891  14   1.019E+05 -5.050E-07  5.497E-02  3.587E+02  3.579E+02
   0.09922   5    0.08522  15   1.019E+05  1.768E-07  5.478E-02  3.900E+02  3.888E+02
   0.09922   5    0.09153  16   1.019E+05  3.278E-08  5.463E-02  4.341E+02  4.325E+02
   0.09922   5    0.09784  17   1.019E+05  3.597E-08  5.453E-02  4.982E+02  4.958E+02
   0.09922   5    0.10416  18   1.019E+05  2.096E-08  5.468E-02  6.014E+02  6.001E+02
   0.09922   5    0.11047  19   1.019E+05  1.201E-08  5.445E-02  5.944E+02  5.946E+02
   0.09922   5    0.11678  20   1.019E+05  2.737E-09  5.437E-02  5.673E+02  5.683E+02
   0.09922   5    0.12309  21   1.018E+05 -8.192E-09  5.429E-02  5.274E+02  5.289E+02
   0.09922   5    0.12941  22   1.018E+05 -2.198E-08  5.417E-02  4.829E+02  4.846E+02
   0.09922   5    0.13572  23   1.018E+05 -4.941E-08  5.403E-02  4.401E+02  4.418E+02
   0.09922   5    0.14203  24   1.018E+05 -7.895E-08  5.387E-02  4.027E+02  4.042E+02
   0.09922   5    0.14834  25   1.018E+05 -7.470E-08  5.370E-02  3.721E+02  3.733E+02
   0.09922   5    0.15466  26   1.018E+05 -8.433E-08  5.353E-02  3.484E+02  3.494E+02
   0.09922   5    0.16097  27   1.018E+05 -6.629E-08  5.336E-02  3.309E+02  3.316E+02
   0.09922   5    0.16728  28   1.018E+05 -1.966E-08  5.321E-02  3.183E+02  3.188E+02
   0.09922   5    0.17359  29   1.018E+05 -7.342E-09  5.308E-02  3.096E+02  3.100E+02
   0.09922   5    0.17991  30   1.018E+05  3.816E-11  5.296E-02  3.038E+02  3.041E+02
   0.09922   5    0.18622  31   1.018E+05  5.009E-09  5.286E-02  3.000E+02  3.002E+02
   0.09922   5    0.19253  32   1.017E+05  8.683E-09  5.277E-02  2.976E+02  2.977E+02
   0.09922   5    0.19884  33   1.017E+05  1.137E-08  5.269E-02  2.960E+02  2.961E+02
   0.09922   5    0.20516  34   1.017E+05  1.370E-08  5.262E-02  2.951E+02  2.951E+02
   0.09922   5    0.21147  35   1.017E+05  1.589E-08  5.257E-02  2.945E+02  2.945E+02
   0.09922   5    0.21778  36   1.017E+05  1.746E-08  5.251E-02  2.941E+02  2.941E+02
   0.09922   5    0.22409  37   1.017E+05  1.841E-08  5.246E-02  2.939E+02  2.939E+02
   0.09922   5    0.23041  38   1.017E+05  1.886E-08  5.241E-02  2.937E+02  2.937E+02
   0.09922   5    0.23672  39   1.017E+05  1.900E-08  5.237E-02  2.936E+02  2.936E+02
   0.09922   5    0.24303  40   1.017E+05  1.888E-08  5.234E-02  2.935E+02  2.935E+02
   0.09922   5    0.24934  41   1.017E+05  1.898E-08  5.231E-02  2.935E+02  2.935E+02
   0.09922   5    0.25566  42   1.017E+05  1.991E-08  5.228E-02  2.934E+02  2.934E+02
   0.09922   5    0.26197  43   1.017E+05  2.162E-08  5.225E-02  2.934E+02  2.934E+02
   0.09922   5    0.26828  44   1.016E+05  2.433E-08  5.222E-02  2.933E+02  2.934E+02
   0.09922   5    0.27459  45   1.016E+05  2.944E-08  5.220E-02  2.933E+02  2.933E+02
   0.09922   5    0.28091  46   1.016E+05  3.529E-08  5.217E-02  2.933E+02  2.933E+02
   0.09922   5    0.28722  47   1.016E+05  4.724E-08  5.215E-02  2.933E+02  2.933E+02
   0.09922   5    0.29353  48   1.016E+05  3.749E-08  5.214E-02  2.932E+02  2.932E+02
   0.09922   5    0.29984  49   1.016E+05  1.771E-07  5.212E-02  2.932E+02  2.932E+02
   0.09922   5    0.30616  50   1.016E+05 -5.340E-07  5.211E-02  2.932E+02  2.932E+02
   0.09922   5    0.31247  51   1.016E+05 -1.449E-06  5.209E-02  2.932E+02  2.932E+02
   0.09922   5    0.31878  52   1.016E+05 -4.198E-07  5.208E-02  2.932E+02  2.932E+02
   0.09922   5    0.32509  53   1.016E+05  3.725E-07  5.206E-02  2.932E+02  2.932E+02
   0.09922   5    0.33141  54   1.016E+05  1.403E-07  5.205E-02  2.931E+02  2.931E+02
   0.09922   5    0.33772  55   1.016E+05  3.976E-08  5.204E-02  2.931E+02  2.931E+02
   0.09922   5    0.34403  56   1.015E+05  2.090E-08  5.203E-02  2.931E+02  2.931E+02
   0.09922   5    0.35034  57   1.015E+05  2.301E-08  5.202E-02  2.931E+02  2.931E+02
   0.09922   5    0.35666  58   1.015E+05  1.729E-08  5.201E-02  2.931E+02  2.931E+02
   0.09922   5    0.36297  59   1.015E+05  1.512E-08  5.200E-02  2.931E+02  2.931E+02
   0.09922   5    0.36928  60   1.015E+05  1.264E-08  5.200E-02  2.931E+02  2.931E+02
   0.09922   5    0.37559  61   1.015E+05  1.085E-08  5.199E-02  2.931E+02  2.931E+02
   0.09922   5    0.38191  62   1.015E+05  8.759E-09  5.198E-02  2.931E+02  2.931E+02
   0.09922   5    0.38822  63   1.015E+05  7.556E-09  5.197E-02  2.931E+02  2.931E+02
   0.09922   5    0.39453  64   1.015E+05  6.507E-09  5.197E-02  2.930E+02  2.930E+02
   0.09922   5    0.40084  65   1.015E+05  5.170E-09  5.197E-02  2.930E+02  2.930E+02
   0.09922   5    0.40716  66   1.015E+05  4.458E-09  5.196E-02  2.930E+02  2.930E+02
   0.09922   5    0.41347  67   1.014E+05  3.903E-09  5.195E-02  2.930E+02  2.930E+02
   0.09922   5    0.41978  68   1.014E+05  3.097E-09  5.194E-02  2.930E+02  2.930E+02
   0.09922   5    0.42609  69   1.014E+05  2.367E-09  5.195E-02  2.930E+02  2.930E+02
   0.09922   5    0.43241  70   1.014E+05  1.775E-09  5.194E-02  2.930E+02  2.930E+02
   0.09922   5    0.43872  71   1.014E+05  1.523E-09  5.193E-02  2.930E+02  2.930E+02
   0.09922   5    0.44503  72   1.014E+05  1.157E-09  5.192E-02  2.930E+02  2.930E+02
   0.09922   5    0.45134  73   1.014E+05  7.156E-10  5.191E-02  2.930E+02  2.930E+02
   0.09922   5    0.45766  74   1.014E+05  5.874E-10  5.191E-02  2.930E+02  2.930E+02
   0.09922   5    0.46397  75   1.014E+05  6.787E-11  5.190E-02  2.930E+02  2.930E+02
   0.09922   5    0.47028  76   1.014E+05 -1.969E-10  5.190E-02  2.930E+02  2.930E+02
   0.09922   5    0.47659  77   1.014E+05  3.201E-10  5.187E-02  2.930E+02  2.930E+02
   0.09922   5    0.48291  78   1.014E+05  7.424E-10  5.185E-02  2.930E+02  2.930E+02
   0.09922   5    0.48922  79   1.013E+05  7.473E-10  5.207E-02  2.930E+02  2.930E+02
   0.09922   5    0.49553  80   1.013E+05  6.814E-10  5.272E-02  2.930E+02  2.930E+02
   0.09922   5    0.50184  81   1.013E+05  8.008E-10  5.348E-02  2.930E+02  2.930E+02
   0.09922   5    0.50500  82   1.013E+05  8.008E-10  5.348E-02  2.930E+02  2.930E+02
   0.12757   6    0.00000   1   1.020E+05  1.057E-07  6.500E-02  2.930E+02  2.931E+02
   0.12757   6    0.00316   2   1.020E+05  1.057E-07  5.923E-02  2.931E+02  2.931E+02
   0.12757   6    0.00947   3   1.020E+05  7.928E-08  5.991E-02  2.933E+02  2.933E+02
   0.12757   6    0.01578   4   1.020E+05  6.617E-08  5.953E-02  2.936E+02  2.936E+02
   0.12757   6    0.02209   5   1.020E+05  4.400E-08  5.875E-02  2.940E+02  2.940E+02
   0.12757   6    0.02841   6   1.020E+05  3.382E-08  5.805E-02  2.947E+02  2.947E+02
   0.12757   6    0.03472   7   1.020E+05  8.027E-09  5.742E-02  2.958E+02  2.958E+02
   0.12757   6    0.04103   8   1.020E+05 -1.163E-07  5.689E-02  2.975E+02  2.974E+02
   0.12757   6    0.04734   9   1.019E+05 -2.187E-07  5.644E-02  3.002E+02  3.001E+02
   0.12757   6    0.05366  10   1.019E+05 -1.332E-07  5.606E-02  3.045E+02  3.043E+02
   0.12757   6    0.05997  11   1.019E+05 -3.148E-08  5.571E-02  3.112E+02  3.109E+02
   0.12757   6    0.06628  12   1.019E+05 -5.283E-08  5.541E-02  3.214E+02  3.210E+02
   0.12757   6    0.07259  13   1.019E+05 -7.360E-08  5.517E-02  3.367E+02  3.361E+02
   0.12757   6    0.07891  14   1.019E+05 -7.660E-08  5.497E-02  3.587E+02  3.579E+02
   0.12757   6    0.08522  15   1.019E+05 -6.191E-08  5.478E-02  3.900E+02  3.888E+02
   0.12757   6    0.09153  16   1.019E+05 -5.697E-08  5.463E-02  4.341E+02  4.325E+02
   0.12757   6    0.09784  17   1.019E+05 -5.214E-08  5.453E-02  4.982E+02  4.958E+02
   0.12757   6    0.10416  18   1.019E+05 -5.041E-08  5.468E-02  6.014E+02  6.001E+02
   0.12757   6    0.11047  19   1.019E+05 -5.065E-08  5.445E-02  5.944E+02  5.946E+02
   0.12757   6    0.11678  20   1.019E+05 -5.156E-08  5.437E-02  5.673E+02  5.683E+02
   0.12757   6    0.12309  21   1.018E+05 -5.269E-08  5.429E-02  5.274E+02  5.289E+02
   0.12757   6    0.12941  22   1.018E+05 -5.315E-08  5.417E-02  4.829E+02  4.846E+02
   0.12757   6    0.13572  23   1.018E+05 -5.212E-08  5.403E-02  4.401E+02  4.418E+02
   0.12757   6    0.14203  24   1.018E+05 -4.914E-08  5.387E-02  4.026E+02  4.042E+02
   0.12757   6    0.14834  25   1.018E+05 -4.219E-08  5.370E-02  3.721E+02  3.733E+02
   0.12757   6    0.15466  26   1.018E+05 -3.038E-08  5.353E-02  3.484E+02  3.494E+02
   0.12757   6    0.16097  27   1.018E+05 -1.475E-08  5.336E-02  3.309E+02  3.316E+02
   0.12757   6    0.16728  28   1.018E+05  9.613E-10  5.321E-02  3.183E+02  3.188E+02
   0.12757   6    0.17359  29   1.018E+05  1.423E-08  5.308E-02  3.096E+02  3.100E+02
   0.12757   6    0.17991  30   1.018E+05  2.602E-08  5.296E-02  3.038E+02  3.041E+02
   0.12757   6    0.18622  31   1.018E+05  3.472E-08  5.286E-02  3.000E+02  3.002E+02
   0.12757   6    0.19253  32   1.017E+05  4.070E-08  5.277E-02  2.976E+02  2.977E+02
   0.12757   6    0.19884  33   1.017E+05  4.401E-08  5.269E-02  2.960E+02  2.961E+02
   0.12757   6    0.20516  34   1.017E+05  4.555E-08  5.262E-02  2.951E+02  2.951E+02
   0.12757   6    0.21147  35   1.017E+05  4.526E-08  5.257E-02  2.945E+02  2.945E+02
   0.12757   6    0.21778  36   1.017E+05  4.296E-08  5.251E-02  2.941E+02  2.941E+02
   0.12757   6    0.22409  37   1.017E+05  3.922E-08  5.246E-02  2.939E+02  2.939E+02
   0.12757   6    0.23041  38   1.017E+05  3.501E-08  5.241E-02  2.937E+02  2.937E+02
   0.12757   6    0.23672  39   1.017E+05  3.100E-08  5.237E-02  2.936E+02  2.936E+02
   0.12757   6    0.24303  40   1.017E+05  2.709E-08  5.234E-02  2.935E+02  2.935E+02
   0.12757   6    0.24934  41   1.017E+05  2.352E-08  5.231E-02  2.935E+02  2.935E+02
   0.12757   6    0.25566  42   1.017E+05  2.153E-08  5.228E-02  2.934E+02  2.934E+02
   0.12757   6    0.26197  43   1.017E+05  2.117E-08  5.225E-02  2.934E+02  2.934E+02
   0.12757   6    0.26828  44   1.016E+05  2.235E-08  5.222E-02  2.933E+02  2.933E+02
   0.12757   6    0.27459  45   1.016E+05  2.669E-08  5.220E-02  2.933E+02  2.933E+02
   0.12757   6    0.28091  46   1.016E+05  3.245E-08  5.217E-02  2.933E+02  2.933E+02
   0.12757   6    0.28722  47   1.016E+05  4.516E-08  5.215E-02  2.933E+02  2.933E+02
   0.12757   6    0.29353  48   1.016E+05  3.601E-08  5.214E-02  2.932E+02  2.932E+02
   0.12757   6    0.29984  49   1.016E+05  1.764E-07  5.212E-02  2.932E+02  2.932E+02
   0.12757   6    0.30616  50   1.016E+05 -5.341E-07  5.210E-02  2.932E+02  2.932E+02
   0.12757   6    0.31247  51   1.016E+05 -1.448E-06  5.209E-02  2.932E+02  2.932E+02
   0.12757   6    0.31878  52   1.016E+05 -4.177E-07  5.208E-02  2.932E+02  2.932E+02
   0.12757   6    0.32509  53   1.016E+05  3.754E-07  5.206E-02  2.931E+02  2.931E+02
   0.12757   6    0.33141  54   1.016E+05  1.431E-07  5.205E-02  2.931E+02  2.931E+02
   0.12757   6    0.33772  55   1.016E+05  4.266E-08  5.204E-02  2.931E+02  2.931E+02
   0.12757   6    0.34403  56   1.015E+05  2.483E-08  5.203E-02  2.931E+02  2.931E+02
   0.12757   6    0.35034  57   1.015E+05  2.768E-08  5.202E-02  2.931E+02  2.931E+02
   0.12757   6    0.35666  58   1.015E+05  2.207E-08  5.201E-02  2.931E+02  2.931E+02
   0.12757   6    0.36297  59   1.015E+05  2.048E-08  5.200E-02  2.931E+02  2.931E+02
   0.12757   6    0.36928  60   1.015E+05  1.827E-08  5.200E-02  2.931E+02  2.931E+02
   0.12757   6    0.37559  61   1.015E+05  1.652E-08  5.199E-02  2.931E+02  2.931E+02
   0.12757   6    0.38191  62   1.015E+05  1.475E-08  5.198E-02  2.931E+02  2.931E+02
   0.12757   6    0.38822  63   1.015E+05  1.282E-08  5.197E-02  2.931E+02  2.931E+02
   0.12757   6    0.39453  64   1.015E+05  1.135E-08  5.197E-02  2.930E+02  2.930E+02
   0.12757   6    0.40084  65   1.015E+05  9.957E-09  5.197E-02  2.930E+02  2.930E+02
   0.12757   6    0.40716  66   1.015E+05  8.771E-09  5.196E-02  2.930E+02  2.930E+02
   0.12757   6    0.41347  67   1.014E+05  7.648E-09  5.195E-02  2.930E+02  2.930E+02
   0.12757   6    0.41978  68   1.014E+05  6.226E-09  5.194E-02  2.930E+02  2.930E+02
   0.12757   6    0.42609  69   1.014E+05  5.045E-09  5.195E-02  2.930E+02  2.930E+02
   0.12757   6    0.43241  70   1.014E+05  4.262E-09  5.194E-02  2.930E+02  2.930E+02
   0.12757   6    0.43872  71   1.014E+05  3.647E-09  5.193E-02  2.930E+02  2.930E+02
   0.12757   6    0.44503  72   1.014E+05  2.940E-09  5.192E-02  2.930E+02  2.930E+02
   0.12757   6    0.45134  73   1.014E+05  2.044E-09  5.191E-02  2.930E+02  2.930E+02
   0.12757   6    0.45766  74   1.014E+05  1.539E-09  5.191E-02  2.930E+02  2.930E+02
   0.12757   6    0.46397  75   1.014E+05  1.209E-09  5.190E-02  2.930E+02  2.930E+02
   0.12757   6    0.47028  76   1.014E+05  9.835E-10  5.190E-02  2.930E+02  2.930E+02
   0.12757   6    0.47659  77   1.014E+05  7.987E-10  5.187E-02  2.930E+02  2.930E+02
   0.12757   6    0.48291  78   1.014E+05  5.444E-10  5.185E-02  2.930E+02  2.930E+02
   0.12757   6    0.48922  79   1.013E+05  3.672E-10  5.207E-02  2.930E+02  2.930E+02
   0.12757   6    0.49553  80   1.013E+05  2.691E-10  5.272E-02  2.930E+02  2.930E+02
   0.12757   6    0.50184  81   1.013E+05  2.832E-10  5.348E-02  2.930E+02  2.930E+02
   0.12757   6    0.50500  82   1.013E+05  2.832E-10  5.348E-02  2.930E+02  2.930E+02
   0.15592   7    0.00000   1   1.020E+05  7.399E-07  6.500E-02  2.930E+02  2.931E+02
   0.15592   7    0.00316   2   1.020E+05  7.399E-07  5.923E-02  2.931E+02  2.931E+02
   0.15592   7    0.00947   3   1.020E+05 -4.358E-07  5.991E-02  2.933E+02  2.933E+02
   0.15592   7    0.01578   4   1.020E+05 -1.311E-07  5.953E-02  2.936E+02  2.936E+02
   0.15592   7    0.02209   5   1.020E+05 -5.105E-08  5.875E-02  2.941E+02  2.940E+02
   0.15592   7    0.02841   6   1.020E+05 -1.374E-08  5.805E-02  2.947E+02  2.947E+02
   0.15592   7    0.03472   7   1.020E+05 -2.811E-08  5.742E-02  2.958E+02  2.958E+02
   0.15592   7    0.04103   8   1.020E+05 -1.329E-07  5.689E-02  2.975E+02  2.974E+02
   0.15592   7    0.04734   9   1.019E+05 -2.208E-07  5.644E-02  3.002E+02  3.001E+02
   0.15592   7    0.05366  10   1.019E+05 -1.209E-07  5.605E-02  3.045E+02  3.043E+02
   0.15592   7    0.05997  11   1.019E+05  6.670E-09  5.571E-02  3.112E+02  3.109E+02
   0.15592   7    0.06628  12   1.019E+05 -7.942E-09  5.541E-02  3.214E+02  3.210E+02
   0.15592   7    0.07259  13   1.019E+05 -1.369E-08  5.517E-02  3.367E+02  3.361E+02
   0.15592   7    0.07891  14   1.019E+05 -3.659E-08  5.497E-02  3.587E+02  3.579E+02
   0.15592   7    0.08522  15   1.019E+05 -4.541E-08  5.478E-02  3.900E+02  3.888E+02
   0.15592   7    0.09153  16   1.019E+05 -5.287E-08  5.463E-02  4.341E+02  4.325E+02
   0.15592   7    0.09784  17   1.019E+05 -5.882E-08  5.453E-02  4.982E+02  4.958E+02
   0.15592   7    0.10416  18   1.019E+05 -6.494E-08  5.468E-02  6.014E+02  6.000E+02
   0.15592   7    0.11047  19   1.019E+05 -7.051E-08  5.445E-02  5.944E+02  5.946E+02
   0.15592   7    0.11678  20   1.019E+05 -7.319E-08  5.437E-02  5.673E+02  5.683E+02
   0.15592   7    0.12309  21   1.018E+05 -7.333E-08  5.429E-02  5.274E+02  5.289E+02
   0.15592   7    0.12941  22   1.018E+05 -7.881E-08  5.417E-02  4.829E+02  4.846E+02
   0.15592   7    0.13572  23   1.018E+05 -8.242E-08  5.403E-02  4.401E+02  4.418E+02
   0.15592   7    0.14203  24   1.018E+05 -6.868E-08  5.387E-02  4.026E+02  4.041E+02
   0.15592   7    0.14834  25   1.018E+05 -6.458E-08  5.370E-02  3.721E+02  3.733E+02
   0.15592   7    0.15466  26   1.018E+05 -3.521E-08  5.353E-02  3.484E+02  3.493E+02
   0.15592   7    0.16097  27   1.018E+05 -1.639E-08  5.336E-02  3.308E+02  3.315E+02
   0.15592   7    0.16728  28   1.018E+05  5.785E-09  5.321E-02  3.183E+02  3.188E+02
   0.15592   7    0.17359  29   1.018E+05  2.459E-08  5.308E-02  3.096E+02  3.100E+02
   0.15592   7    0.17991  30   1.018E+05  4.045E-08  5.296E-02  3.038E+02  3.040E+02
   0.15592   7    0.18622  31   1.018E+05  5.197E-08  5.286E-02  3.000E+02  3.001E+02
   0.15592   7    0.19253  32   1.017E+05  6.007E-08  5.277E-02  2.975E+02  2.976E+02
   0.15592   7    0.19884  33   1.017E+05  6.528E-08  5.269E-02  2.960E+02  2.961E+02
   0.15592   7    0.20516  34   1.017E+05  6.685E-08  5.262E-02  2.951E+02  2.951E+02
   0.15592   7    0.21147  35   1.017E+05  6.551E-08  5.257E-02  2.945E+02  2.945E+02
   0.15592   7    0.21778  36   1.017E+05  6.199E-08  5.251E-02  2.941E+02  2.941E+02
   0.15592   7    0.22409  37   1.017E+05  5.738E-08  5.246E-02  2.939E+02  2.939E+02
   0.15592   7    0.23041  38   1.017E+05  5.189E-08  5.241E-02  2.937E+02  2.937E+02
   0.15592   7    0.23672  39   1.017E+05  4.591E-08  5.237E-02  2.936E+02  2.936E+02
   0.15592   7    0.24303  40   1.017E+05  4.085E-08  5.234E-02  2.935E+02  2.935E+02
   0.15592   7    0.24934  41   1.017E+05  3.593E-08  5.231E-02  2.935E+02  2.935E+02
   0.15592   7    0.25566  42   1.017E+05  3.147E-08  5.228E-02  2.934E+02  2.934E+02
   0.15592   7    0.26197  43   1.017E+05  2.848E-08  5.225E-02  2.934E+02  2.934E+02
   0.15592   7    0.26828  44   1.016E+05  2.496E-08  5.222E-02  2.933E+02  2.933E+02
   0.15592   7    0.27459  45   1.016E+05  2.005E-08  5.220E-02  2.933E+02  2.933E+02
   0.15592   7    0.28091  46   1.016E+05  1.435E-08  5.217E-02  2.933E+02  2.933E+02
   0.15592   7    0.28722  47   1.016E+05  8.430E-09  5.215E-02  2.933E+02  2.933E+02
   0.15592   7    0.29353  48   1.016E+05  1.118E-09  5.214E-02  2.932E+02  2.932E+02
   0.15592   7    0.29984  49   1.016E+05 -4.932E-09  5.212E-02  2.932E+02  2.932E+02
   0.15592   7    0.30616  50   1.016E+05 -2.254E-08  5.210E-02  2.932E+02  2.932E+02
   0.15592   7    0.31247  51   1.016E+05 -2.056E-08  5.209E-02  2.932E+02  2.932E+02
   0.15592   7    0.31878  52   1.016E+05 -1.165E-08  5.208E-02  2.932E+02  2.932E+02
   0.15592   7    0.32509  53   1.016E+05  1.213E-08  5.206E-02  2.931E+02  2.931E+02
   0.15592   7    0.33141  54   1.016E+05  1.560E-08  5.205E-02  2.931E+02  2.931E+02
   0.15592   7    0.33772  55   1.016E+05  1.562E-08  5.204E-02  2.931E+02  2.931E+02
   0.15592   7    0.34403  56   1.015E+05  1.542E-08  5.203E-02  2.931E+02  2.931E+02
   0.15592   7    0.35034  57   1.015E+05  1.511E-08  5.202E-02  2.931E+02  2.931E+02
   0.15592   7    0.35666  58   1.015E+05  1.439E-08  5.201E-02  2.931E+02  2.931E+02
   0.15592   7    0.36297  59   1.015E+05  1.366E-08  5.200E-02  2.931E+02  2.931E+02
   0.15592   7    0.36928  60   1.015E+05  1.266E-08  5.200E-02  2.931E+02  2.931E+02
   0.15592   7    0.37559  61   1.015E+05  1.170E-08  5.199E-02  2.931E+02  2.931E+02
   0.15592   7    0.38191  62   1.015E+05  1.151E-08  5.198E-02  2.931E+02  2.931E+02
   0.15592   7    0.38822  63   1.015E+05  1.027E-08  5.197E-02  2.931E+02  2.931E+02
   0.15592   7    0.39453  64   1.015E+05  9.003E-09  5.197E-02  2.930E+02  2.930E+02
   0.15592   7    0.40084  65   1.015E+05  8.174E-09  5.197E-02  2.930E+02  2.930E+02
   0.15592   7    0.40716  66   1.015E+05  6.894E-09  5.196E-02  2.930E+02  2.930E+02
   0.15592   7    0.41347  67   1.014E+05  6.018E-09  5.195E-02  2.930E+02  2.930E+02
   0.15592   7    0.41978  68   1.014E+05  5.538E-09  5.194E-02  2.930E+02  2.930E+02
   0.15592   7    0.42609  69   1.014E+05  4.772E-09  5.195E-02  2.930E+02  2.930E+02
   0.15592   7    0.43241  70   1.014E+05  4.146E-09  5.194E-02  2.930E+02  2.930E+02
   0.15592   7    0.43872  71   1.014E+05  3.495E-09  5.193E-02  2.930E+02  2.930E+02
   0.15592   7    0.44503  72   1.014E+05  3.233E-09  5.192E-02  2.930E+02  2.930E+02
   0.15592   7    0.45134  73   1.014E+05  3.027E-09  5.191E-02  2.930E+02  2.930E+02
   0.15592   7    0.45766  74   1.014E+05  2.512E-09  5.191E-02  2.930E+02  2.930E+02
   0.15592   7    0.46397  75   1.014E+05  2.284E-09  5.190E-02  2.930E+02  2.930E+02
   0.15592   7    0.47028  76   1.014E+05  1.820E-09  5.190E-02  2.930E+02  2.930E+02
   0.15592   7    0.47659  77   1.014E+05  9.615E-10  5.187E-02  2.930E+02  2.930E+02
   0.15592   7    0.48291  78   1.014E+05  3.916E-10  5.185E-02  2.930E+02  2.930E+02
   0.15592   7    0.48922  79   1.013E+05  1.253E-10  5.207E-02  2.930E+02  2.930E+02
   0.15592   7    0.49553  80   1.013E+05  2.035E-10  5.272E-02  2.930E+02  2.930E+02
   0.15592   7    0.50184  81   1.013E+05  3.761E-10  5.348E-02  2.930E+02  2.930E+02
   0.15592   7    0.50500  82   1.013E+05  3.761E-10  5.348E-02  2.930E+02  2.930E+02
   0.18427   8    0.00000   1   1.020E+05  5.950E-07  6.500E-02  2.930E+02  2.931E+02
   0.18427   8    0.00316   2   1.020E+05  5.950E-07  5.923E-02  2.931E+02  2.931E+02
   0.18427   8    0.00947   3   1.020E+05 -5.451E-07  5.991E-02  2.933E+02  2.933E+02
   0.18427   8    0.01578   4   1.020E+05 -2.994E-07  5.953E-02  2.936E+02  2.936E+02
   0.18427   8    0.02209   5   1.020E+05 -2.977E-07  5.875E-02  2.941E+02  2.940E+02
   0.18427   8    0.02841   6   1.020E+05 -1.740E-07  5.805E-02  2.947E+02  2.947E+02
   0.18427   8    0.03472   7   1.020E+05 -5.178E-08  5.742E-02  2.958E+02  2.958E+02
   0.18427   8    0.04103   8   1.020E+05 -3.837E-08  5.689E-02  2.975E+02  2.974E+02
   0.18427   8    0.04734   9   1.019E+05 -4.873E-08  5.644E-02  3.002E+02  3.001E+02
   0.18427   8    0.05366  10   1.019E+05 -4.173E-08  5.605E-02  3.045E+02  3.043E+02
   0.18427   8    0.05997  11   1.019E+05 -2.288E-08  5.571E-02  3.112E+02  3.109E+02
   0.18427   8    0.06628  12   1.019E+05 -3.619E-08  5.541E-02  3.214E+02  3.210E+02
   0.18427   8    0.07259  13   1.019E+05 -3.908E-08  5.517E-02  3.367E+02  3.361E+02
   0.18427   8    0.07891  14   1.019E+05 -4.518E-08  5.497E-02  3.587E+02  3.579E+02
   0.18427   8    0.08522  15   1.019E+05 -5.219E-08  5.478E-02  3.900E+02  3.888E+02
   0.18427   8    0.09153  16   1.019E+05 -6.195E-08  5.463E-02  4.341E+02  4.325E+02
   0.18427   8    0.09784  17   1.019E+05 -7.465E-08  5.453E-02  4.982E+02  4.958E+02
   0.18427   8    0.10416  18   1.019E+05 -9.776E-08  5.468E-02  6.014E+02  6.000E+02
   0.18427   8    0.11047  19   1.019E+05 -1.167E-07  5.445E-02  5.944E+02  5.945E+02
   0.18427   8    0.11678  20   1.019E+05 -1.003E-07  5.437E-02  5.673E+02  5.683E+02
   0.18427   8    0.12309  21   1.018E+05 -7.637E-08  5.429E-02  5.274E+02  5.289E+02
   0.18427   8    0.12941  22   1.018E+05 -6.914E-08  5.417E-02  4.828E+02  4.846E+02
   0.18427   8    0.13572  23   1.018E+05 -6.152E-08  5.403E-02  4.400E+02  4.418E+02
   0.18427   8    0.14203  24   1.018E+05 -4.072E-08  5.387E-02  4.026E+02  4.041E+02
   0.18427   8    0.14834  25   1.018E+05 -2.009E-08  5.370E-02  3.720E+02  3.733E+02
   0.18427   8    0.15466  26   1.018E+05 -6.893E-09  5.353E-02  3.484E+02  3.493E+02
   0.18427   8    0.16097  27   1.018E+05  5.078E-09  5.336E-02  3.308E+02  3.315E+02
   0.18427   8    0.16728  28   1.018E+05  1.785E-08  5.321E-02  3.183E+02  3.188E+02
   0.18427   8    0.17359  29   1.018E+05  2.943E-08  5.308E-02  3.096E+02  3.100E+02
   0.18427   8    0.17991  30   1.018E+05  3.862E-08  5.296E-02  3.038E+02  3.040E+02
   0.18427   8    0.18622  31   1.018E+05  4.540E-08  5.286E-02  3.000E+02  3.001E+02
   0.18427   8    0.19253  32   1.017E+05  5.077E-08  5.277E-02  2.975E+02  2.976E+02
   0.18427   8    0.19884  33   1.017E+05  5.389E-08  5.269E-02  2.960E+02  2.961E+02
   0.18427   8    0.20516  34   1.017E+05  5.480E-08  5.262E-02  2.950E+02  2.951E+02
   0.18427   8    0.21147  35   1.017E+05  5.427E-08  5.257E-02  2.945E+02  2.945E+02
   0.18427   8    0.21778  36   1.017E+05  5.258E-08  5.251E-02  2.941E+02  2.941E+02
   0.18427   8    0.22409  37   1.017E+05  5.078E-08  5.246E-02  2.939E+02  2.939E+02
   0.18427   8    0.23041  38   1.017E+05  4.853E-08  5.241E-02  2.937E+02  2.937E+02
   0.18427   8    0.23672  39   1.017E+05  4.728E-08  5.237E-02  2.936E+02  2.936E+02
   0.18427   8    0.24303  40   1.017E+05  4.833E-08  5.234E-02  2.935E+02  2.935E+02
   0.18427   8    0.24934  41   1.017E+05  5.253E-08  5.231E-02  2.935E+02  2.935E+02
   0.18427   8    0.25566  42   1.017E+05  5.960E-08  5.228E-02  2.934E+02  2.934E+02
   0.18427   8    0.26197  43   1.017E+05  7.920E-08  5.225E-02  2.934E+02  2.934E+02
   0.18427   8    0.26828  44   1.016E+05  9.455E-08  5.222E-02  2.933E+02  2.933E+02
   0.18427   8    0.27459  45   1.016E+05  7.608E-08  5.220E-02  2.933E+02  2.933E+02
   0.18427   8    0.28091  46   1.016E+05  5.310E-08  5.217E-02  2.933E+02  2.933E+02
   0.18427   8    0.28722  47   1.016E+05  4.296E-08  5.215E-02  2.933E+02  2.933E+02
   0.18427   8    0.29353  48   1.016E+05  3.579E-08  5.214E-02  2.932E+02  2.932E+02
   0.18427   8    0.29984  49   1.016E+05  3.329E-08  5.212E-02  2.932E+02  2.932E+02
   0.18427   8    0.30616  50   1.016E+05  3.187E-08  5.210E-02  2.932E+02  2.932E+02
   0.18427   8    0.31247  51   1.016E+05  4.511E-08  5.209E-02  2.932E+02  2.932E+02
   0.18427   8    0.31878  52   1.016E+05  2.862E-08  5.208E-02  2.932E+02  2.932E+02
   0.18427   8    0.32509  53   1.016E+05  2.517E-08  5.206E-02  2.931E+02  2.931E+02
   0.18427   8    0.33141  54   1.016E+05  2.127E-08  5.205E-02  2.931E+02  2.931E+02
   0.18427   8    0.33772  55   1.016E+05  1.845E-08  5.204E-02  2.931E+02  2.931E+02
   0.18427   8    0.34403  56   1.015E+05  1.571E-08  5.203E-02  2.931E+02  2.931E+02
   0.18427   8    0.35034  57   1.015E+05  1.389E-08  5.202E-02  2.931E+02  2.931E+02
   0.18427   8    0.35666  58   1.015E+05  1.096E-08  5.201E-02  2.931E+02  2.931E+02
   0.18427   8    0.36297  59   1.015E+05  8.583E-09  5.200E-02  2.931E+02  2.931E+02
   0.18427   8    0.36928  60   1.015E+05  8.597E-09  5.200E-02  2.931E+02  2.931E+02
   0.18427   8    0.37559  61   1.015E+05  8.250E-09  5.199E-02  2.931E+02  2.931E+02
   0.18427   8    0.38191  62   1.015E+05  7.358E-09  5.198E-02  2.931E+02  2.931E+02
   0.18427   8    0.38822  63   1.015E+05  6.822E-09  5.197E-02  2.931E+02  2.931E+02
   0.18427   8    0.39453  64   1.015E+05  6.115E-09  5.197E-02  2.930E+02  2.930E+02
   0.18427   8    0.40084  65   1.015E+05  5.496E-09  5.197E-02  2.930E+02  2.930E+02
   0.18427   8    0.40716  66   1.015E+05  4.985E-09  5.196E-02  2.930E+02  2.930E+02
   0.18427   8    0.41347  67   1.014E+05  4.496E-09  5.195E-02  2.930E+02  2.930E+02
   0.18427   8    0.41978  68   1.014E+05  4.013E-09  5.194E-02  2.930E+02  2.930E+02
   0.18427   8    0.42609  69   1.014E+05  3.561E-09  5.195E-02  2.930E+02  2.930E+02
   0.18427   8    0.43241  70   1.014E+05  3.174E-09  5.194E-02  2.930E+02  2.930E+02
   0.18427   8    0.43872  71   1.014E+05  2.693E-09  5.193E-02  2.930E+02  2.930E+02
   0.18427   8    0.44503  72   1.014E+05  2.470E-09  5.192E-02  2.930E+02  2.930E+02
   0.18427   8    0.45134  73   1.014E+05  2.508E-09  5.191E-02  2.930E+02  2.930E+02
   0.18427   8    0.45766  74   1.014E+05  2.283E-09  5.191E-02  2.930E+02  2.930E+02
   0.18427   8    0.46397  75   1.014E+05  1.863E-09  5.190E-02  2.930E+02  2.930E+02
   0.18427   8    0.47028  76   1.014E+05  1.481E-09  5.190E-02  2.930E+02  2.930E+02
   0.18427   8    0.47659  77   1.014E+05  1.045E-09  5.187E-02  2.930E+02  2.930E+02
   0.18427   8    0.48291  78   1.014E+05  9.234E-10  5.185E-02  2.930E+02  2.930E+02
   0.18427   8    0.48922  79   1.013E+05  8.785E-10  5.207E-02  2.930E+02  2.930E+02
   0.18427   8    0.49553  80   1.013E+05  5.331E-10  5.272E-02  2.930E+02  2.930E+02
   0.18427   8    0.50184  81   1.013E+05  3.728E-10  5.348E-02  2.930E+02  2.930E+02
   0.18427   8    0.50500  82   1.013E+05  3.728E-10  5.348E-02  2.930E+02  2.930E+02
   0.21262   9    0.00000   1   1.020E+05 -1.158E-07  6.500E-02  2.930E+02  2.931E+02
   0.21262   9    0.00316   2   1.020E+05 -1.158E-07  5.923E-02  2.931E+02  2.931E+02
   0.21262   9    0.00947   3   1.020E+05 -1.050E-07  5.991E-02  2.933E+02  2.933E+02
   0.21262   9    0.01578   4   1.020E+05 -1.793E-07  5.954E-02  2.936E+02  2.936E+02
   0.21262   9    0.02209   5   1.020E+05 -2.881E-07  5.875E-02  2.941E+02  2.940E+02
   0.21262   9    0.02841   6   1.020E+05 -1.835E-07  5.805E-02  2.947E+02  2.947E+02
   0.21262   9    0.03472   7   1.020E+05 -5.170E-08  5.742E-02  2.958E+02  2.958E+02
   0.21262   9    0.04103   8   1.020E+05 -3.451E-08  5.689E-02  2.975E+02  2.974E+02
   0.21262   9    0.04734   9   1.019E+05 -4.041E-08  5.644E-02  3.002E+02  3.001E+02
   0.21262   9    0.05366  10   1.019E+05 -3.610E-08  5.605E-02  3.045E+02  3.043E+02
   0.21262   9    0.05997  11   1.019E+05 -3.494E-08  5.571E-02  3.112E+02  3.109E+02
   0.21262   9    0.06628  12   1.019E+05 -3.478E-08  5.541E-02  3.214E+02  3.210E+02
   0.21262   9    0.07259  13   1.019E+05 -3.648E-08  5.517E-02  3.367E+02  3.361E+02
   0.21262   9    0.07891  14   1.019E+05 -3.988E-08  5.497E-02  3.587E+02  3.579E+02
   0.21262   9    0.08522  15   1.019E+05 -4.526E-08  5.478E-02  3.900E+02  3.888E+02
   0.21262   9    0.09153  16   1.019E+05 -5.372E-08  5.463E-02  4.341E+02  4.324E+02
   0.21262   9    0.09784  17   1.019E+05 -6.475E-08  5.453E-02  4.982E+02  4.958E+02
   0.21262   9    0.10416  18   1.019E+05 -8.642E-08  5.468E-02  6.014E+02  6.000E+02
   0.21262   9    0.11047  19   1.019E+05 -1.029E-07  5.445E-02  5.944E+02  5.945E+02
   0.21262   9    0.11678  20   1.019E+05 -8.384E-08  5.437E-02  5.673E+02  5.683E+02
   0.21262   9    0.12309  21   1.018E+05 -5.761E-08  5.429E-02  5.274E+02  5.289E+02
   0.21262   9    0.12941  22   1.018E+05 -4.027E-08  5.417E-02  4.828E+02  4.846E+02
   0.21262   9    0.13572  23   1.018E+05 -2.027E-08  5.403E-02  4.400E+02  4.418E+02
   0.21262   9    0.14203  24   1.018E+05  2.610E-09  5.387E-02  4.026E+02  4.041E+02
   0.21262   9    0.14834  25   1.018E+05  3.493E-08  5.370E-02  3.720E+02  3.733E+02
   0.21262   9    0.15466  26   1.018E+05  5.599E-08  5.353E-02  3.484E+02  3.493E+02
   0.21262   9    0.16097  27   1.018E+05  3.845E-08  5.336E-02  3.308E+02  3.315E+02
   0.21262   9    0.16728  28   1.018E+05  1.829E-08  5.321E-02  3.183E+02  3.188E+02
   0.21262   9    0.17359  29   1.018E+05  1.578E-08  5.308E-02  3.096E+02  3.100E+02
   0.21262   9    0.17991  30   1.018E+05  1.850E-08  5.296E-02  3.038E+02  3.040E+02
   0.21262   9    0.18622  31   1.018E+05  2.143E-08  5.286E-02  3.000E+02  3.001E+02
   0.21262   9    0.19253  32   1.017E+05  2.321E-08  5.277E-02  2.975E+02  2.976E+02
   0.21262   9    0.19884  33   1.017E+05  2.429E-08  5.269E-02  2.960E+02  2.961E+02
   0.21262   9    0.20516  34   1.017E+05  2.472E-08  5.262E-02  2.950E+02  2.951E+02
   0.21262   9    0.21147  35   1.017E+05  2.515E-08  5.257E-02  2.945E+02  2.945E+02
   0.21262   9    0.21778  36   1.017E+05  2.567E-08  5.251E-02  2.941E+02  2.941E+02
   0.21262   9    0.22409  37   1.017E+05  2.616E-08  5.246E-02  2.939E+02  2.939E+02
   0.21262   9    0.23041  38   1.017E+05  2.730E-08  5.241E-02  2.937E+02  2.937E+02
   0.21262   9    0.23672  39   1.017E+05  2.987E-08  5.237E-02  2.936E+02  2.936E+02
   0.21262   9    0.24303  40   1.017E+05  3.385E-08  5.234E-02  2.935E+02  2.935E+02
   0.21262   9    0.24934  41   1.017E+05  4.130E-08  5.231E-02  2.935E+02  2.935E+02
   0.21262   9    0.25566  42   1.017E+05  5.112E-08  5.228E-02  2.934E+02  2.934E+02
   0.21262   9    0.26197  43   1.017E+05  7.213E-08  5.225E-02  2.934E+02  2.934E+02
   0.21262   9    0.26828  44   1.016E+05  8.878E-08  5.222E-02  2.933E+02  2.933E+02
   0.21262   9    0.27459  45   1.016E+05  7.078E-08  5.220E-02  2.933E+02  2.933E+02
   0.21262   9    0.28091  46   1.016E+05  4.770E-08  5.217E-02  2.933E+02  2.933E+02
   0.21262   9    0.28722  47   1.016E+05  3.718E-08  5.215E-02  2.933E+02  2.933E+02
   0.21262   9    0.29353  48   1.016E+05  2.854E-08  5.214E-02  2.932E+02  2.932E+02
   0.21262   9    0.29984  49   1.016E+05  2.254E-08  5.212E-02  2.932E+02  2.932E+02
   0.21262   9    0.30616  50   1.016E+05  1.850E-08  5.210E-02  2.932E+02  2.932E+02
   0.21262   9    0.31247  51   1.016E+05  1.588E-08  5.209E-02  2.932E+02  2.932E+02
   0.21262   9    0.31878  52   1.016E+05  1.372E-08  5.208E-02  2.932E+02  2.932E+02
   0.21262   9    0.32509  53   1.016E+05  1.226E-08  5.206E-02  2.931E+02  2.931E+02
   0.21262   9    0.33141  54   1.016E+05  1.125E-08  5.205E-02  2.931E+02  2.931E+02
   0.21262   9    0.33772  55   1.016E+05  9.823E-09  5.204E-02  2.931E+02  2.931E+02
   0.21262   9    0.34403  56   1.015E+05  8.914E-09  5.203E-02  2.931E+02  2.931E+02
   0.21262   9    0.35034  57   1.015E+05  8.745E-09  5.202E-02  2.931E+02  2.931E+02
   0.21262   9    0.35666  58   1.015E+05  6.923E-09  5.201E-02  2.931E+02  2.931E+02
   0.21262   9    0.36297  59   1.015E+05  5.228E-09  5.200E-02  2.931E+02  2.931E+02
   0.21262   9    0.36928  60   1.015E+05  5.963E-09  5.200E-02  2.931E+02  2.931E+02
   0.21262   9    0.37559  61   1.015E+05  6.459E-09  5.199E-02  2.931E+02  2.931E+02
   0.21262   9    0.38191  62   1.015E+05  5.350E-09  5.198E-02  2.931E+02  2.931E+02
   0.21262   9    0.38822  63   1.015E+05  4.813E-09  5.197E-02  2.931E+02  2.931E+02
   0.21262   9    0.39453  64   1.015E+05  4.774E-09  5.197E-02  2.930E+02  2.930E+02
   0.21262   9    0.40084  65   1.015E+05  4.557E-09  5.197E-02  2.930E+02  2.930E+02
   0.21262   9    0.40716  66   1.015E+05  4.292E-09  5.196E-02  2.930E+02  2.930E+02
   0.21262   9    0.41347  67   1.014E+05  3.933E-09  5.195E-02  2.930E+02  2.930E+02
   0.21262   9    0.41978  68   1.014E+05  3.909E-09  5.194E-02  2.930E+02  2.930E+02
   0.21262   9    0.42609  69   1.014E+05  3.715E-09  5.195E-02  2.930E+02  2.930E+02
   0.21262   9    0.43241  70   1.014E+05  3.163E-09  5.194E-02  2.930E+02  2.930E+02
   0.21262   9    0.43872  71   1.014E+05  2.753E-09  5.193E-02  2.930E+02  2.930E+02
   0.21262   9    0.44503  72   1.014E+05  2.513E-09  5.192E-02  2.930E+02  2.930E+02
   0.21262   9    0.45134  73   1.014E+05  2.122E-09  5.191E-02  2.930E+02  2.930E+02
   0.21262   9    0.45766  74   1.014E+05  1.897E-09  5.191E-02  2.930E+02  2.930E+02
   0.21262   9    0.46397  75   1.014E+05  1.826E-09  5.190E-02  2.930E+02  2.930E+02
   0.21262   9    0.47028  76   1.014E+05  1.432E-09  5.190E-02  2.930E+02  2.930E+02
   0.21262   9    0.47659  77   1.014E+05  1.261E-09  5.187E-02  2.930E+02  2.930E+02
   0.21262   9    0.48291  78   1.014E+05  1.021E-09  5.185E-02  2.930E+02  2.930E+02
   0.21262   9    0.48922  79   1.013E+05  8.755E-10  5.207E-02  2.930E+02  2.930E+02
   0.21262   9    0.49553  80   1.013E+05  5.352E-10  5.272E-02  2.930E+02  2.930E+02
   0.21262   9    0.50184  81   1.013E+05  8.278E-11  5.348E-02  2.930E+02  2.930E+02
   0.21262   9    0.50500  82   1.013E+05  8.278E-11  5.348E-02  2.930E+02  2.930E+02
   0.24097  10    0.00000   1   1.020E+05 -8.456E-08  6.500E-02  2.930E+02  2.931E+02
   0.24097  10    0.00316   2   1.020E+05 -8.456E-08  5.923E-02  2.931E+02  2.931E+02
   0.24097  10    0.00947   3   1.020E+05 -5.063E-08  5.991E-02  2.933E+02  2.933E+02
   0.24097  10    0.01578   4   1.020E+05  2.620E-09  5.954E-02  2.936E+02  2.936E+02
   0.24097  10    0.02209   5   1.020E+05  1.329E-07  5.875E-02  2.941E+02  2.940E+02
   0.24097  10    0.02841   6   1.020E+05  5.347E-08  5.805E-02  2.947E+02  2.947E+02
   0.24097  10    0.03472   7   1.020E+05 -5.172E-08  5.742E-02  2.958E+02  2.958E+02
   0.24097  10    0.04103   8   1.020E+05 -4.450E-08  5.689E-02  2.975E+02  2.974E+02
   0.24097  10    0.04734   9   1.019E+05 -2.367E-08  5.644E-02  3.002E+02  3.001E+02
   0.24097  10    0.05366  10   1.019E+05 -1.835E-08  5.605E-02  3.045E+02  3.043E+02
   0.24097  10    0.05997  11   1.019E+05 -1.545E-08  5.571E-02  3.112E+02  3.109E+02
   0.24097  10    0.06628  12   1.019E+05 -1.505E-08  5.541E-02  3.214E+02  3.210E+02
   0.24097  10    0.07259  13   1.019E+05 -1.623E-08  5.517E-02  3.367E+02  3.361E+02
   0.24097  10    0.07891  14   1.019E+05 -1.957E-08  5.497E-02  3.587E+02  3.579E+02
   0.24097  10    0.08522  15   1.019E+05 -2.294E-08  5.478E-02  3.900E+02  3.888E+02
   0.24097  10    0.09153  16   1.019E+05 -2.504E-08  5.463E-02  4.341E+02  4.325E+02
   0.24097  10    0.09784  17   1.019E+05 -2.650E-08  5.453E-02  4.982E+02  4.958E+02
   0.24097  10    0.10416  18   1.019E+05 -2.713E-08  5.468E-02  6.014E+02  6.000E+02
   0.24097  10    0.11047  19   1.019E+05 -2.573E-08  5.445E-02  5.944E+02  5.945E+02
   0.24097  10    0.11678  20   1.019E+05 -2.243E-08  5.437E-02  5.673E+02  5.683E+02
   0.24097  10    0.12309  21   1.018E+05 -1.794E-08  5.429E-02  5.274E+02  5.289E+02
   0.24097  10    0.12941  22   1.018E+05 -1.345E-08  5.417E-02  4.828E+02  4.846E+02
   0.24097  10    0.13572  23   1.018E+05 -8.995E-09  5.403E-02  4.400E+02  4.418E+02
   0.24097  10    0.14203  24   1.018E+05 -4.657E-09  5.387E-02  4.026E+02  4.041E+02
   0.24097  10    0.14834  25   1.018E+05 -7.841E-10  5.370E-02  3.720E+02  3.733E+02
   0.24097  10    0.15466  26   1.018E+05  1.540E-09  5.353E-02  3.484E+02  3.493E+02
   0.24097  10    0.16097  27   1.018E+05  1.200E-09  5.336E-02  3.308E+02  3.315E+02
   0.24097  10    0.16728  28   1.018E+05  2.433E-10  5.321E-02  3.183E+02  3.188E+02
   0.24097  10    0.17359  29   1.018E+05  5.662E-10  5.308E-02  3.096E+02  3.100E+02
   0.24097  10    0.17991  30   1.018E+05  1.939E-09  5.296E-02  3.038E+02  3.040E+02
   0.24097  10    0.18622  31   1.018E+05  3.641E-09  5.286E-02  3.000E+02  3.001E+02
   0.24097  10    0.19253  32   1.017E+05  5.075E-09  5.277E-02  2.975E+02  2.976E+02
   0.24097  10    0.19884  33   1.017E+05  6.882E-09  5.269E-02  2.960E+02  2.961E+02
   0.24097  10    0.20516  34   1.017E+05  8.445E-09  5.262E-02  2.951E+02  2.951E+02
   0.24097  10    0.21147  35   1.017E+05  9.578E-09  5.257E-02  2.945E+02  2.945E+02
   0.24097  10    0.21778  36   1.017E+05  1.085E-08  5.251E-02  2.941E+02  2.941E+02
   0.24097  10    0.22409  37   1.017E+05  1.214E-08  5.246E-02  2.939E+02  2.939E+02
   0.24097  10    0.23041  38   1.017E+05  1.360E-08  5.241E-02  2.937E+02  2.937E+02
   0.24097  10    0.23672  39   1.017E+05  1.528E-08  5.237E-02  2.936E+02  2.936E+02
   0.24097  10    0.24303  40   1.017E+05  1.719E-08  5.234E-02  2.935E+02  2.935E+02
   0.24097  10    0.24934  41   1.017E+05  1.915E-08  5.231E-02  2.935E+02  2.935E+02
   0.24097  10    0.25566  42   1.017E+05  2.064E-08  5.228E-02  2.934E+02  2.934E+02
   0.24097  10    0.26197  43   1.017E+05  2.211E-08  5.225E-02  2.934E+02  2.934E+02
   0.24097  10    0.26828  44   1.016E+05  2.254E-08  5.222E-02  2.933E+02  2.933E+02
   0.24097  10    0.27459  45   1.016E+05  2.118E-08  5.220E-02  2.933E+02  2.933E+02
   0.24097  10    0.28091  46   1.016E+05  1.872E-08  5.217E-02  2.933E+02  2.933E+02
   0.24097  10    0.28722  47   1.016E+05  1.626E-08  5.215E-02  2.933E+02  2.933E+02
   0.24097  10    0.29353  48   1.016E+05  1.399E-08  5.214E-02  2.932E+02  2.932E+02
   0.24097  10    0.29984  49   1.016E+05  1.228E-08  5.212E-02  2.932E+02  2.932E+02
   0.24097  10    0.30616  50   1.016E+05  1.080E-08  5.210E-02  2.932E+02  2.932E+02
   0.24097  10    0.31247  51   1.016E+05  9.426E-09  5.209E-02  2.932E+02  2.932E+02
   0.24097  10    0.31878  52   1.016E+05  8.271E-09  5.208E-02  2.932E+02  2.932E+02
   0.24097  10    0.32509  53   1.016E+05  7.374E-09  5.206E-02  2.931E+02  2.931E+02
   0.24097  10    0.33141  54   1.016E+05  6.516E-09  5.205E-02  2.931E+02  2.931E+02
   0.24097  10    0.33772  55   1.016E+05  6.317E-09  5.204E-02  2.931E+02  2.931E+02
   0.24097  10    0.34403  56   1.015E+05  6.273E-09  5.203E-02  2.931E+02  2.931E+02
   0.24097  10    0.35034  57   1.015E+05  5.940E-09  5.202E-02  2.931E+02  2.931E+02
   0.24097  10    0.35666  58   1.015E+05  5.893E-09  5.201E-02  2.931E+02  2.931E+02
   0.24097  10    0.36297  59   1.015E+05  5.341E-09  5.200E-02  2.931E+02  2.931E+02
   0.24097  10    0.36928  60   1.015E+05  4.857E-09  5.200E-02  2.931E+02  2.931E+02
   0.24097  10    0.37559  61   1.015E+05  4.769E-09  5.199E-02  2.931E+02  2.931E+02
   0.24097  10    0.38191  62   1.015E+05  4.482E-09  5.198E-02  2.931E+02  2.931E+02
   0.24097  10    0.38822  63   1.015E+05  4.241E-09  5.197E-02  2.931E+02  2.931E+02
   0.24097  10    0.39453  64   1.015E+05  4.018E-09  5.197E-02  2.930E+02  2.930E+02
   0.24097  10    0.40084  65   1.015E+05  3.791E-09  5.197E-02  2.930E+02  2.930E+02
   0.24097  10    0.40716  66   1.015E+05  3.415E-09  5.196E-02  2.930E+02  2.930E+02
   0.24097  10    0.41347  67   1.014E+05  3.375E-09  5.195E-02  2.930E+02  2.930E+02
   0.24097  10    0.41978  68   1.014E+05  3.520E-09  5.194E-02  2.930E+02  2.930E+02
   0.24097  10    0.42609  69   1.014E+05  3.210E-09  5.195E-02  2.930E+02  2.930E+02
   0.24097  10    0.43241  70   1.014E+05  2.894E-09  5.194E-02  2.930E+02  2.930E+02
   0.24097  10    0.43872  71   1.014E+05  2.641E-09  5.193E-02  2.930E+02  2.930E+02
   0.24097  10    0.44503  72   1.014E+05  2.153E-09  5.192E-02  2.930E+02  2.930E+02
   0.24097  10    0.45134  73   1.014E+05  1.383E-09  5.191E-02  2.930E+02  2.930E+02
   0.24097  10    0.45766  74   1.014E+05  9.502E-10  5.191E-02  2.930E+02  2.930E+02
   0.24097  10    0.46397  75   1.014E+05  6.967E-10  5.190E-02  2.930E+02  2.930E+02
   0.24097  10    0.47028  76   1.014E+05  7.298E-10  5.190E-02  2.930E+02  2.930E+02
   0.24097  10    0.47659  77   1.014E+05  9.205E-10  5.187E-02  2.930E+02  2.930E+02
   0.24097  10    0.48291  78   1.014E+05  4.502E-10  5.185E-02  2.930E+02  2.930E+02
   0.24097  10    0.48922  79   1.013E+05  2.038E-10  5.207E-02  2.930E+02  2.930E+02
   0.24097  10    0.49553  80   1.013E+05  3.091E-10  5.272E-02  2.930E+02  2.930E+02
   0.24097  10    0.50184  81   1.013E+05  2.500E-10  5.348E-02  2.930E+02  2.930E+02
   0.24097  10    0.50500  82   1.013E+05  2.500E-10  5.348E-02  2.930E+02  2.930E+02
   0.26932  11    0.00000   1   1.020E+05 -2.796E-08  6.500E-02  2.930E+02  2.931E+02
   0.26932  11    0.00316   2   1.020E+05 -2.796E-08  5.923E-02  2.931E+02  2.931E+02
   0.26932  11    0.00947   3   1.020E+05  1.009E-08  5.991E-02  2.933E+02  2.933E+02
   0.26932  11    0.01578   4   1.020E+05  6.972E-08  5.953E-02  2.936E+02  2.936E+02
   0.26932  11    0.02209   5   1.020E+05  2.152E-07  5.875E-02  2.941E+02  2.940E+02
   0.26932  11    0.02841   6   1.020E+05  1.147E-07  5.805E-02  2.947E+02  2.947E+02
   0.26932  11    0.03472   7   1.020E+05 -1.755E-09  5.742E-02  2.958E+02  2.958E+02
   0.26932  11    0.04103   8   1.020E+05 -4.957E-09  5.689E-02  2.975E+02  2.974E+02
   0.26932  11    0.04734   9   1.019E+05  7.658E-09  5.644E-02  3.002E+02  3.001E+02
   0.26932  11    0.05366  10   1.019E+05  6.582E-09  5.605E-02  3.045E+02  3.043E+02
   0.26932  11    0.05997  11   1.019E+05  5.560E-09  5.571E-02  3.112E+02  3.109E+02
   0.26932  11    0.06628  12   1.019E+05  3.644E-09  5.541E-02  3.214E+02  3.210E+02
   0.26932  11    0.07259  13   1.019E+05  1.663E-09  5.517E-02  3.367E+02  3.361E+02
   0.26932  11    0.07891  14   1.019E+05 -1.384E-09  5.497E-02  3.587E+02  3.579E+02
   0.26932  11    0.08522  15   1.019E+05 -4.158E-09  5.478E-02  3.900E+02  3.888E+02
   0.26932  11    0.09153  16   1.019E+05 -5.320E-09  5.463E-02  4.341E+02  4.325E+02
   0.26932  11    0.09784  17   1.019E+05 -5.940E-09  5.453E-02  4.982E+02  4.958E+02
   0.26932  11    0.10416  18   1.019E+05 -5.754E-09  5.468E-02  6.014E+02  6.001E+02
   0.26932  11    0.11047  19   1.019E+05 -4.669E-09  5.445E-02  5.944E+02  5.946E+02
   0.26932  11    0.11678  20   1.019E+05 -4.375E-09  5.437E-02  5.673E+02  5.683E+02
   0.26932  11    0.12309  21   1.018E+05 -4.255E-09  5.429E-02  5.274E+02  5.289E+02
   0.26932  11    0.12941  22   1.018E+05 -4.530E-09  5.417E-02  4.829E+02  4.846E+02
   0.26932  11    0.13572  23   1.018E+05 -5.457E-09  5.403E-02  4.401E+02  4.418E+02
   0.26932  11    0.14203  24   1.018E+05 -6.122E-09  5.387E-02  4.026E+02  4.041E+02
   0.26932  11    0.14834  25   1.018E+05 -6.443E-09  5.370E-02  3.720E+02  3.733E+02
   0.26932  11    0.15466  26   1.018E+05 -6.841E-09  5.353E-02  3.484E+02  3.493E+02
   0.26932  11    0.16097  27   1.018E+05 -7.434E-09  5.336E-02  3.308E+02  3.315E+02
   0.26932  11    0.16728  28   1.018E+05 -7.511E-09  5.321E-02  3.183E+02  3.188E+02
   0.26932  11    0.17359  29   1.018E+05 -6.436E-09  5.308E-02  3.096E+02  3.100E+02
   0.26932  11    0.17991  30   1.018E+05 -5.054E-09  5.296E-02  3.038E+02  3.040E+02
   0.26932  11    0.18622  31   1.018E+05 -3.551E-09  5.286E-02  3.000E+02  3.001E+02
   0.26932  11    0.19253  32   1.017E+05 -2.289E-09  5.277E-02  2.975E+02  2.976E+02
   0.26932  11    0.19884  33   1.017E+05 -8.892E-10  5.269E-02  2.960E+02  2.961E+02
   0.26932  11    0.20516  34   1.017E+05  6.986E-10  5.262E-02  2.951E+02  2.951E+02
   0.26932  11    0.21147  35   1.017E+05  1.734E-09  5.257E-02  2.945E+02  2.945E+02
   0.26932  11    0.21778  36   1.017E+05  2.327E-09  5.251E-02  2.941E+02  2.941E+02
   0.26932  11    0.22409  37   1.017E+05  3.150E-09  5.246E-02  2.939E+02  2.939E+02
   0.26932  11    0.23041  38   1.017E+05  3.641E-09  5.241E-02  2.937E+02  2.937E+02
   0.26932  11    0.23672  39   1.017E+05  4.168E-09  5.237E-02  2.936E+02  2.936E+02
   0.26932  11    0.24303  40   1.017E+05  4.680E-09  5.234E-02  2.935E+02  2.935E+02
   0.26932  11    0.24934  41   1.017E+05  4.782E-09  5.231E-02  2.935E+02  2.935E+02
   0.26932  11    0.25566  42   1.017E+05  4.710E-09  5.228E-02  2.934E+02  2.934E+02
   0.26932  11    0.26197  43   1.017E+05  4.717E-09  5.225E-02  2.934E+02  2.934E+02
   0.26932  11    0.26828  44   1.016E+05  4.242E-09  5.222E-02  2.933E+02  2.933E+02
   0.26932  11    0.27459  45   1.016E+05  4.169E-09  5.220E-02  2.933E+02  2.933E+02
   0.26932  11    0.28091  46   1.016E+05  3.695E-09  5.217E-02  2.933E+02  2.933E+02
   0.26932  11    0.28722  47   1.016E+05  2.853E-09  5.215E-02  2.933E+02  2.933E+02
   0.26932  11    0.29353  48   1.016E+05  2.310E-09  5.214E-02  2.932E+02  2.932E+02
   0.26932  11    0.29984  49   1.016E+05  1.767E-09  5.212E-02  2.932E+02  2.932E+02
   0.26932  11    0.30616  50   1.016E+05  1.610E-09  5.210E-02  2.932E+02  2.932E+02
   0.26932  11    0.31247  51   1.016E+05  1.621E-09  5.209E-02  2.932E+02  2.932E+02
   0.26932  11    0.31878  52   1.016E+05  1.512E-09  5.208E-02  2.932E+02  2.932E+02
   0.26932  11    0.32509  53   1.016E+05  1.487E-09  5.206E-02  2.931E+02  2.931E+02
   0.26932  11    0.33141  54   1.016E+05  1.349E-09  5.205E-02  2.931E+02  2.931E+02
   0.26932  11    0.33772  55   1.016E+05  1.823E-09  5.204E-02  2.931E+02  2.931E+02
   0.26932  11    0.34403  56   1.015E+05  1.979E-09  5.203E-02  2.931E+02  2.931E+02
   0.26932  11    0.35034  57   1.015E+05  1.718E-09  5.202E-02  2.931E+02  2.931E+02
   0.26932  11    0.35666  58   1.015E+05  2.007E-09  5.201E-02  2.931E+02  2.931E+02
   0.26932  11    0.36297  59   1.015E+05  2.018E-09  5.200E-02  2.931E+02  2.931E+02
   0.26932  11    0.36928  60   1.015E+05  1.928E-09  5.200E-02  2.931E+02  2.931E+02
   0.26932  11    0.37559  61   1.015E+05  1.774E-09  5.199E-02  2.931E+02  2.931E+02
   0.26932  11    0.38191  62   1.015E+05  1.954E-09  5.198E-02  2.931E+02  2.931E+02
   0.26932  11    0.38822  63   1.015E+05  2.157E-09  5.197E-02  2.931E+02  2.931E+02
   0.26932  11    0.39453  64   1.015E+05  1.886E-09  5.197E-02  2.930E+02  2.930E+02
   0.26932  11    0.40084  65   1.015E+05  1.711E-09  5.197E-02  2.930E+02  2.930E+02
   0.26932  11    0.40716  66   1.015E+05  1.556E-09  5.196E-02  2.930E+02  2.930E+02
   0.26932  11    0.41347  67   1.014E+05  1.603E-09  5.195E-02  2.930E+02  2.930E+02
   0.26932  11    0.41978  68   1.014E+05  1.449E-09  5.194E-02  2.930E+02  2.930E+02
   0.26932  11    0.42609  69   1.014E+05  1.142E-09  5.195E-02  2.930E+02  2.930E+02
   0.26932  11    0.43241  70   1.014E+05  1.169E-09  5.194E-02  2.930E+02  2.930E+02
   0.26932  11    0.43872  71   1.014E+05  1.171E-09  5.193E-02  2.930E+02  2.930E+02
   0.26932  11    0.44503  72   1.014E+05  7.384E-10  5.192E-02  2.930E+02  2.930E+02
   0.26932  11    0.45134  73   1.014E+05  4.181E-10  5.191E-02  2.930E+02  2.930E+02
   0.26932  11    0.45766  74   1.014E+05  2.459E-10  5.191E-02  2.930E+02  2.930E+02
   0.26932  11    0.46397  75   1.014E+05 -2.186E-10  5.190E-02  2.930E+02  2.930E+02
   0.26932  11    0.47028  76   1.014E+05 -4.432E-12  5.190E-02  2.930E+02  2.930E+02
   0.26932  11    0.47659  77   1.014E+05  1.729E-10  5.187E-02  2.930E+02  2.930E+02
   0.26932  11    0.48291  78   1.014E+05  4.776E-11  5.185E-02  2.930E+02  2.930E+02
   0.26932  11    0.48922  79   1.013E+05  1.533E-10  5.207E-02  2.930E+02  2.930E+02
   0.26932  11    0.49553  80   1.013E+05  1.757E-10  5.272E-02  2.930E+02  2.930E+02
   0.26932  11    0.50184  81   1.013E+05  1.744E-10  5.348E-02  2.930E+02  2.930E+02
   0.26932  11    0.50500  82   1.013E+05  1.744E-10  5.348E-02  2.930E+02  2.930E+02
   0.28350  12    0.00000   1   1.020E+05 -2.796E-08  6.500E-02  2.930E+02  2.931E+02
   0.28350  12    0.00316   2   1.020E+05  0.000E+00  0.000E+00  2.931E+02  2.931E+02
   0.28350  12    0.00947   3   1.020E+05  0.000E+00  0.000E+00  2.933E+02  2.933E+02
   0.28350  12    0.01578   4   1.020E+05  0.000E+00  0.000E+00  2.936E+02  2.936E+02
   0.28350  12    0.02209   5   1.020E+05  0.000E+00  0.000E+00  2.941E+02  2.940E+02
   0.28350  12    0.02841   6   1.020E+05  0.000E+00  0.000E+00  2.947E+02  2.947E+02
   0.28350  12    0.03472   7   1.020E+05  0.000E+00  0.000E+00  2.958E+02  2.958E+02
   0.28350  12    0.04103   8   1.020E+05  0.000E+00  0.000E+00  2.975E+02  2.974E+02
   0.28350  12    0.04734   9   1.019E+05  0.000E+00  0.000E+00  3.002E+02  3.001E+02
   0.28350  12    0.05366  10   1.019E+05  0.000E+00  0.000E+00  3.045E+02  3.043E+02
   0.28350  12    0.05997  11   1.019E+05  0.000E+00  0.000E+00  3.112E+02  3.109E+02
   0.28350  12    0.06628  12   1.019E+05  0.000E+00  0.000E+00  3.214E+02  3.210E+02
   0.28350  12    0.07259  13   1.019E+05  0.000E+00  0.000E+00  3.367E+02  3.361E+02
   0.28350  12    0.07891  14   1.019E+05  0.000E+00  0.000E+00  3.587E+02  3.579E+02
   0.28350  12    0.08522  15   1.019E+05  0.000E+00  0.000E+00  3.900E+02  3.888E+02
   0.28350  12    0.09153  16   1.019E+05  0.000E+00  0.000E+00  4.341E+02  4.325E+02
   0.28350  12    0.09784  17   1.019E+05  0.000E+00  0.000E+00  4.982E+02  4.958E+02
   0.28350  12    0.10416  18   1.019E+05  0.000E+00  0.000E+00  6.014E+02  6.001E+02
   0.28350  12    0.11047  19   1.019E+05  0.000E+00  0.000E+00  5.944E+02  5.946E+02
   0.28350  12    0.11678  20   1.019E+05  0.000E+00  0.000E+00  5.673E+02  5.683E+02
   0.28350  12    0.12309  21   1.018E+05  0.000E+00  0.000E+00  5.274E+02  5.289E+02
   0.28350  12    0.12941  22   1.018E+05  0.000E+00  0.000E+00  4.829E+02  4.846E+02
   0.28350  12    0.13572  23   1.018E+05  0.000E+00  0.000E+00  4.401E+02  4.418E+02
   0.28350  12    0.14203  24   1.018E+05  0.000E+00  0.000E+00  4.026E+02  4.041E+02
   0.28350  12    0.14834  25   1.018E+05  0.000E+00  0.000E+00  3.720E+02  3.733E+02
   0.28350  12    0.15466  26   1.018E+05  0.000E+00  0.000E+00  3.484E+02  3.493E+02
   0.28350  12    0.16097  27   1.018E+05  0.000E+00  0.000E+00  3.308E+02  3.315E+02
   0.28350  12    0.16728  28   1.018E+05  0.000E+00  0.000E+00  3.183E+02  3.188E+02
   0.28350  12    0.17359  29   1.018E+05  0.000E+00  0.000E+00  3.096E+02  3.100E+02
   0.28350  12    0.17991  30   1.018E+05  0.000E+00  0.000E+00  3.038E+02  3.040E+02
   0.28350  12    0.18622  31   1.018E+05  0.000E+00  0.000E+00  3.000E+02  3.001E+02
   0.28350  12    0.19253  32   1.017E+05  0.000E+00  0.000E+00  2.975E+02  2.976E+02
   0.28350  12    0.19884  33   1.017E+05  0.000E+00  0.000E+00  2.960E+02  2.961E+02
   0.28350  12    0.20516  34   1.017E+05  0.000E+00  0.000E+00  2.951E+02  2.951E+02
   0.28350  12    0.21147  35   1.017E+05  0.000E+00  0.000E+00  2.945E+02  2.945E+02
   0.28350  12    0.21778  36   1.017E+05  0.000E+00  0.000E+00  2.941E+02  2.941E+02
   0.28350  12    0.22409  37   1.017E+05  0.000E+00  0.000E+00  2.939E+02  2.939E+02
   0.28350  12    0.23041  38   1.017E+05  0.000E+00  0.000E+00  2.937E+02  2.937E+02
   0.28350  12    0.23672  39   1.017E+05  0.000E+00  0.000E+00  2.936E+02  2.936E+02
   0.28350  12    0.24303  40   1.017E+05  0.000E+00  0.000E+00  2.935E+02  2.935E+02
   0.28350  12    0.24934  41   1.017E+05  0.000E+00  0.000E+00  2.935E+02  2.935E+02
   0.28350  12    0.25566  42   1.017E+05  0.000E+00  0.000E+00  2.934E+02  2.934E+02
   0.28350  12    0.26197  43   1.017E+05  0.000E+00  0.000E+00  2.934E+02  2.934E+02
   0.28350  12    0.26828  44   1.016E+05  0.000E+00  0.000E+00  2.933E+02  2.933E+02
   0.28350  12    0.27459  45   1.016E+05  0.000E+00  0.000E+00  2.933E+02  2.933E+02
   0.28350  12    0.28091  46   1.016E+05  0.000E+00  0.000E+00  2.933E+02  2.933E+02
   0.28350  12    0.28722  47   1.016E+05  0.000E+00  0.000E+00  2.933E+02  2.933E+02
   0.28350  12    0.29353  48   1.016E+05  0.000E+00  0.000E+00  2.932E+02  2.932E+02
   0.28350  12    0.29984  49   1.016E+05  0.000E+00  0.000E+00  2.932E+02  2.932E+02
   0.28350  12    0.30616  50   1.016E+05  0.000E+00  0.000E+00  2.932E+02  2.932E+02
   0.28350  12    0.31247  51   1.016E+05  0.000E+00  0.000E+00  2.932E+02  2.932E+02
   0.28350  12    0.31878  52   1.016E+05  0.000E+00  0.000E+00  2.932E+02  2.932E+02
   0.28350  12    0.32509  53   1.016E+05  0.000E+00  0.000E+00  2.931E+02  2.931E+02
   0.28350  12    0.33141  54   1.016E+05  0.000E+00  0.000E+00  2.931E+02  2.931E+02
   0.28350  12    0.33772  55   1.016E+05  0.000E+00  0.000E+00  2.931E+02  2.931E+02
   0.28350  12    0.34403  56   1.015E+05  0.000E+00  0.000E+00  2.931E+02  2.931E+02
   0.28350  12    0.35034  57   1.015E+05  0.000E+00  0.000E+00  2.931E+02  2.931E+02
   0.28350  12    0.35666  58   1.015E+05  0.000E+00  0.000E+00  2.931E+02  2.931E+02
   0.28350  12    0.36297  59   1.015E+05  0.000E+00  0.000E+00  2.931E+02  2.931E+02
   0.28350  12    0.36928  60   1.015E+05  0.000E+00  0.000E+00  2.931E+02  2.931E+02
   0.28350  12    0.37559  61   1.015E+05  0.000E+00  0.000E+00  2.931E+02  2.931E+02
   0.28350  12    0.38191  62   1.015E+05  0.000E+00  0.000E+00  2.931E+02  2.931E+02
   0.28350  12    0.38822  63   1.015E+05  0.000E+00  0.000E+00  2.931E+02  2.931E+02
   0.28350  12    0.39453  64   1.015E+05  0.000E+00  0.000E+00  2.930E+02  2.930E+02
   0.28350  12    0.40084  65   1.015E+05  0.000E+00  0.000E+00  2.930E+02  2.930E+02
   0.28350  12    0.40716  66   1.015E+05  0.000E+00  0.000E+00  2.930E+02  2.930E+02
   0.28350  12    0.41347  67   1.014E+05  0.000E+00  0.000E+00  2.930E+02  2.930E+02
   0.28350  12    0.41978  68   1.014E+05  0.000E+00  0.000E+00  2.930E+02  2.930E+02
   0.28350  12    0.42609  69   1.014E+05  0.000E+00  0.000E+00  2.930E+02  2.930E+02
   0.28350  12    0.43241  70   1.014E+05  0.000E+00  0.000E+00  2.930E+02  2.930E+02
   0.28350  12    0.43872  71   1.014E+05  0.000E+00  0.000E+00  2.930E+02  2.930E+02
   0.28350  12    0.44503  72   1.014E+05  0.000E+00  0.000E+00  2.930E+02  2.930E+02
   0.28350  12    0.45134  73   1.014E+05  0.000E+00  0.000E+00  2.930E+02  2.930E+02
   0.28350  12    0.45766  74   1.014E+05  0.000E+00  0.000E+00  2.930E+02  2.930E+02
   0.28350  12    0.46397  75   1.014E+05  0.000E+00  0.000E+00  2.930E+02  2.930E+02
   0.28350  12    0.47028  76   1.014E+05  0.000E+00  0.000E+00  2.930E+02  2.930E+02
   0.28350  12    0.47659  77   1.014E+05  0.000E+00  0.000E+00  2.930E+02  2.930E+02
   0.28350  12    0.48291  78   1.014E+05  0.000E+00  0.000E+00  2.930E+02  2.930E+02
   0.28350  12    0.48922  79   1.013E+05  0.000E+00  0.000E+00  2.930E+02  2.930E+02
   0.28350  12    0.49553  80   1.013E+05  0.000E+00  0.000E+00  2.930E+02  2.930E+02
   0.28350  12    0.50184  81   1.013E+05  0.000E+00  0.000E+00  2.930E+02  2.930E+02
   0.28350  12    0.50500  82   1.013E+05  1.744E-10  5.348E-02  2.930E+02  2.930E+02
