# xp i yp j p u v ts tf
   0.00000   1    0.00000   1   1.020E+05  0.000E+00  0.000E+00  2.931E+02  2.931E+02
   0.00000   1    0.00316   2   1.020E+05  0.000E+00  0.000E+00  2.931E+02  2.931E+02
   0.00000   1    0.00947   3   1.020E+05  0.000E+00  0.000E+00  2.931E+02  2.931E+02
   0.00000   1    0.01578   4   1.020E+05  0.000E+00  0.000E+00  2.933E+02  2.933E+02
   0.00000   1    0.02209   5   1.020E+05  0.000E+00  0.000E+00  2.935E+02  2.935E+02
   0.00000   1    0.02841   6   1.020E+05  0.000E+00  0.000E+00  2.939E+02  2.939E+02
   0.00000   1    0.03472   7   1.020E+05  0.000E+00  0.000E+00  2.946E+02  2.945E+02
   0.00000   1    0.04103   8   1.020E+05  0.000E+00  0.000E+00  2.956E+02  2.955E+02
   0.00000   1    0.04734   9   1.020E+05  0.000E+00  0.000E+00  2.972E+02  2.971E+02
   0.00000   1    0.05366  10   1.020E+05  0.000E+00  0.000E+00  2.997E+02  2.996E+02
   0.00000   1    0.05997  11   1.020E+05  0.000E+00  0.000E+00  3.036E+02  3.034E+02
   0.00000   1    0.06628  12   1.019E+05  0.000E+00  0.000E+00  3.096E+02  3.093E+02
   0.00000   1    0.07259  13   1.019E+05  0.000E+00  0.000E+00  3.185E+02  3.182E+02
   0.00000   1    0.07891  14   1.019E+05  0.000E+00  0.000E+00  3.320E+02  3.315E+02
   0.00000   1    0.08522  15   1.019E+05  0.000E+00  0.000E+00  3.523E+02  3.515E+02
   0.00000   1    0.09153  16   1.019E+05  0.000E+00  0.000E+00  3.841E+02  3.829E+02
   0.00000   1    0.09784  17   1.019E+05  0.000E+00  0.000E+00  4.382E+02  4.362E+02
   0.00000   1    0.10416  18   1.019E+05  0.000E+00  0.000E+00  5.410E+02  5.396E+02
   0.00000   1    0.11047  19   1.019E+05  0.000E+00  0.000E+00  5.532E+02  5.526E+02
   0.00000   1    0.11678  20   1.019E+05  0.000E+00  0.000E+00  5.577E+02  5.575E+02
   0.00000   1    0.12309  21   1.019E+05  0.000E+00  0.000E+00  5.523E+02  5.525E+02
   0.00000   1    0.12941  22   1.019E+05  0.000E+00  0.000E+00  5.372E+02  5.378E+02
   0.00000   1    0.13572  23   1.018E+05  0.000E+00  0.000E+00  5.141E+02  5.150E+02
   0.00000   1    0.14203  24   1.018E+05  0.000E+00  0.000E+00  4.858E+02  4.869E+02
   0.00000   1    0.14834  25   1.018E+05  0.000E+00  0.000E+00  4.552E+02  4.564E+02
   0.00000   1    0.15466  26   1.018E+05  0.000E+00  0.000E+00  4.250E+02  4.263E+02
   0.00000   1    0.16097  27   1.018E+05  0.000E+00  0.000E+00  3.973E+02  3.984E+02
   0.00000   1    0.16728  28   1.018E+05  0.000E+00  0.000E+00  3.730E+02  3.740E+02
   0.00000   1    0.17359  29   1.018E+05  0.000E+00  0.000E+00  3.529E+02  3.537E+02
   0.00000   1    0.17991  30   1.018E+05  0.000E+00  0.000E+00  3.368E+02  3.375E+02
   0.00000   1    0.18622  31   1.018E+05  0.000E+00  0.000E+00  3.244E+02  3.249E+02
   0.00000   1    0.19253  32   1.018E+05  0.000E+00  0.000E+00  3.151E+02  3.154E+02
   0.00000   1    0.19884  33   1.018E+05  0.000E+00  0.000E+00  3.083E+02  3.086E+02
   0.00000   1    0.20516  34   1.017E+05  0.000E+00  0.000E+00  3.035E+02  3.037E+02
   0.00000   1    0.21147  35   1.017E+05  0.000E+00  0.000E+00  3.001E+02  3.003E+02
   0.00000   1    0.21778  36   1.017E+05  0.000E+00  0.000E+00  2.979E+02  2.980E+02
   0.00000   1    0.22409  37   1.017E+05  0.000E+00  0.000E+00  2.963E+02  2.964E+02
   0.00000   1    0.23041  38   1.017E+05  0.000E+00  0.000E+00  2.953E+02  2.954E+02
   0.00000   1    0.23672  39   1.017E+05  0.000E+00  0.000E+00  2.946E+02  2.947E+02
   0.00000   1    0.24303  40   1.017E+05  0.000E+00  0.000E+00  2.942E+02  2.942E+02
   0.00000   1    0.24934  41   1.017E+05  0.000E+00  0.000E+00  2.939E+02  2.939E+02
   0.00000   1    0.25566  42   1.017E+05  0.000E+00  0.000E+00  2.937E+02  2.937E+02
   0.00000   1    0.26197  43   1.017E+05  0.000E+00  0.000E+00  2.936E+02  2.936E+02
   0.00000   1    0.26828  44   1.017E+05  0.000E+00  0.000E+00  2.935E+02  2.935E+02
   0.00000   1    0.27459  45   1.016E+05  0.000E+00  0.000E+00  2.934E+02  2.934E+02
   0.00000   1    0.28091  46   1.016E+05  0.000E+00  0.000E+00  2.934E+02  2.934E+02
   0.00000   1    0.28722  47   1.016E+05  0.000E+00  0.000E+00  2.933E+02  2.933E+02
   0.00000   1    0.29353  48   1.016E+05  0.000E+00  0.000E+00  2.933E+02  2.933E+02
   0.00000   1    0.29984  49   1.016E+05  0.000E+00  0.000E+00  2.933E+02  2.933E+02
   0.00000   1    0.30616  50   1.016E+05  0.000E+00  0.000E+00  2.933E+02  2.933E+02
   0.00000   1    0.31247  51   1.016E+05  0.000E+00  0.000E+00  2.932E+02  2.932E+02
   0.00000   1    0.31878  52   1.016E+05  0.000E+00  0.000E+00  2.932E+02  2.932E+02
   0.00000   1    0.32509  53   1.016E+05  0.000E+00  0.000E+00  2.932E+02  2.932E+02
   0.00000   1    0.33141  54   1.016E+05  0.000E+00  0.000E+00  2.932E+02  2.932E+02
   0.00000   1    0.33772  55   1.016E+05  0.000E+00  0.000E+00  2.932E+02  2.932E+02
   0.00000   1    0.34403  56   1.016E+05  0.000E+00  0.000E+00  2.931E+02  2.931E+02
   0.00000   1    0.35034  57   1.015E+05  0.000E+00  0.000E+00  2.931E+02  2.931E+02
   0.00000   1    0.35666  58   1.015E+05  0.000E+00  0.000E+00  2.931E+02  2.931E+02
   0.00000   1    0.36297  59   1.015E+05  0.000E+00  0.000E+00  2.931E+02  2.931E+02
   0.00000   1    0.36928  60   1.015E+05  0.000E+00  0.000E+00  2.931E+02  2.931E+02
   0.00000   1    0.37559  61   1.015E+05  0.000E+00  0.000E+00  2.931E+02  2.931E+02
   0.00000   1    0.38191  62   1.015E+05  0.000E+00  0.000E+00  2.931E+02  2.931E+02
   0.00000   1    0.38822  63   1.015E+05  0.000E+00  0.000E+00  2.931E+02  2.931E+02
   0.00000   1    0.39453  64   1.015E+05  0.000E+00  0.000E+00  2.931E+02  2.931E+02
   0.00000   1    0.40084  65   1.015E+05  0.000E+00  0.000E+00  2.931E+02  2.931E+02
   0.00000   1    0.40716  66   1.015E+05  0.000E+00  0.000E+00  2.930E+02  2.930E+02
   0.00000   1    0.41347  67   1.015E+05  0.000E+00  0.000E+00  2.930E+02  2.930E+02
   0.00000   1    0.41978  68   1.014E+05  0.000E+00  0.000E+00  2.930E+02  2.930E+02
   0.00000   1    0.42609  69   1.014E+05  0.000E+00  0.000E+00  2.930E+02  2.930E+02
   0.00000   1    0.43241  70   1.014E+05  0.000E+00  0.000E+00  2.930E+02  2.930E+02
   0.00000   1    0.43872  71   1.014E+05  0.000E+00  0.000E+00  2.930E+02  2.930E+02
   0.00000   1    0.44503  72   1.014E+05  0.000E+00  0.000E+00  2.930E+02  2.930E+02
   0.00000   1    0.45134  73   1.014E+05  0.000E+00  0.000E+00  2.930E+02  2.930E+02
   0.00000   1    0.45766  74   1.014E+05  0.000E+00  0.000E+00  2.930E+02  2.930E+02
   0.00000   1    0.46397  75   1.014E+05  0.000E+00  0.000E+00  2.930E+02  2.930E+02
   0.00000   1    0.47028  76   1.014E+05  0.000E+00  0.000E+00  2.930E+02  2.930E+02
   0.00000   1    0.47659  77   1.014E+05  0.000E+00  0.000E+00  2.930E+02  2.930E+02
   0.00000   1    0.48291  78   1.014E+05  0.000E+00  0.000E+00  2.930E+02  2.930E+02
   0.00000   1    0.48922  79   1.013E+05  0.000E+00  0.000E+00  2.930E+02  2.930E+02
   0.00000   1    0.49553  80   1.013E+05  0.000E+00  0.000E+00  2.930E+02  2.930E+02
   0.00000   1    0.50184  81   1.013E+05  0.000E+00  0.000E+00  2.930E+02  2.930E+02
   0.00000   1    0.50500  82   1.013E+05  0.000E+00  0.000E+00  2.930E+02  2.930E+02
   0.01417   2    0.00000   1   1.021E+05  6.987E-08  6.500E-02  2.930E+02  2.931E+02
   0.01417   2    0.00316   2   1.020E+05  6.987E-08  6.329E-02  2.931E+02  2.931E+02
   0.01417   2    0.00947   3   1.020E+05  6.131E-08  6.288E-02  2.931E+02  2.931E+02
   0.01417   2    0.01578   4   1.020E+05  1.546E-08  6.189E-02  2.933E+02  2.933E+02
   0.01417   2    0.02209   5   1.020E+05  1.549E-08  6.093E-02  2.935E+02  2.935E+02
   0.01417   2    0.02841   6   1.020E+05  3.587E-09  6.008E-02  2.939E+02  2.939E+02
   0.01417   2    0.03472   7   1.020E+05  1.991E-09  5.934E-02  2.946E+02  2.945E+02
   0.01417   2    0.04103   8   1.020E+05 -4.550E-10  5.870E-02  2.956E+02  2.955E+02
   0.01417   2    0.04734   9   1.020E+05 -7.090E-10  5.816E-02  2.972E+02  2.971E+02
   0.01417   2    0.05366  10   1.020E+05 -2.455E-10  5.771E-02  2.997E+02  2.996E+02
   0.01417   2    0.05997  11   1.020E+05  7.862E-10  5.732E-02  3.036E+02  3.034E+02
   0.01417   2    0.06628  12   1.019E+05  1.706E-09  5.698E-02  3.096E+02  3.093E+02
   0.01417   2    0.07259  13   1.019E+05  2.904E-09  5.669E-02  3.185E+02  3.182E+02
   0.01417   2    0.07891  14   1.019E+05  3.765E-09  5.644E-02  3.320E+02  3.315E+02
   0.01417   2    0.08522  15   1.019E+05  4.702E-09  5.622E-02  3.523E+02  3.515E+02
   0.01417   2    0.09153  16   1.019E+05  5.854E-09  5.605E-02  3.841E+02  3.829E+02
   0.01417   2    0.09784  17   1.019E+05  6.870E-09  5.592E-02  4.382E+02  4.362E+02
   0.01417   2    0.10416  18   1.019E+05  8.485E-09  5.607E-02  5.410E+02  5.396E+02
   0.01417   2    0.11047  19   1.019E+05  1.029E-08  5.579E-02  5.532E+02  5.526E+02
   0.01417   2    0.11678  20   1.019E+05  1.219E-08  5.569E-02  5.577E+02  5.575E+02
   0.01417   2    0.12309  21   1.019E+05  1.432E-08  5.561E-02  5.523E+02  5.525E+02
   0.01417   2    0.12941  22   1.019E+05  1.699E-08  5.551E-02  5.372E+02  5.378E+02
   0.01417   2    0.13572  23   1.018E+05  2.168E-08  5.542E-02  5.141E+02  5.150E+02
   0.01417   2    0.14203  24   1.018E+05  2.890E-08  5.532E-02  4.858E+02  4.869E+02
   0.01417   2    0.14834  25   1.018E+05  3.327E-08  5.520E-02  4.552E+02  4.564E+02
   0.01417   2    0.15466  26   1.018E+05  2.910E-08  5.508E-02  4.250E+02  4.263E+02
   0.01417   2    0.16097  27   1.018E+05  2.305E-08  5.493E-02  3.973E+02  3.984E+02
   0.01417   2    0.16728  28   1.018E+05  1.888E-08  5.478E-02  3.730E+02  3.740E+02
   0.01417   2    0.17359  29   1.018E+05  1.553E-08  5.463E-02  3.529E+02  3.537E+02
   0.01417   2    0.17991  30   1.018E+05  1.234E-08  5.449E-02  3.368E+02  3.375E+02
   0.01417   2    0.18622  31   1.018E+05  8.274E-09  5.436E-02  3.244E+02  3.249E+02
   0.01417   2    0.19253  32   1.018E+05  4.422E-09  5.423E-02  3.151E+02  3.154E+02
   0.01417   2    0.19884  33   1.018E+05  1.030E-09  5.411E-02  3.083E+02  3.086E+02
   0.01417   2    0.20516  34   1.017E+05 -1.607E-09  5.401E-02  3.035E+02  3.037E+02
   0.01417   2    0.21147  35   1.017E+05 -2.993E-09  5.393E-02  3.001E+02  3.003E+02
   0.01417   2    0.21778  36   1.017E+05 -5.141E-09  5.386E-02  2.979E+02  2.980E+02
   0.01417   2    0.22409  37   1.017E+05 -6.614E-09  5.379E-02  2.963E+02  2.964E+02
   0.01417   2    0.23041  38   1.017E+05 -6.528E-09  5.372E-02  2.953E+02  2.954E+02
   0.01417   2    0.23672  39   1.017E+05 -5.693E-09  5.367E-02  2.946E+02  2.947E+02
   0.01417   2    0.24303  40   1.017E+05 -4.650E-09  5.363E-02  2.942E+02  2.942E+02
   0.01417   2    0.24934  41   1.017E+05 -3.077E-09  5.359E-02  2.939E+02  2.939E+02
   0.01417   2    0.25566  42   1.017E+05 -1.478E-09  5.355E-02  2.937E+02  2.937E+02
   0.01417   2    0.26197  43   1.017E+05 -9.472E-12  5.351E-02  2.936E+02  2.936E+02
   0.01417   2    0.26828  44   1.017E+05  1.151E-09  5.348E-02  2.935E+02  2.935E+02
   0.01417   2    0.27459  45   1.016E+05  2.183E-09  5.345E-02  2.934E+02  2.934E+02
   0.01417   2    0.28091  46   1.016E+05  2.356E-09  5.343E-02  2.934E+02  2.934E+02
   0.01417   2    0.28722  47   1.016E+05  2.316E-09  5.341E-02  2.933E+02  2.933E+02
   0.01417   2    0.29353  48   1.016E+05  2.208E-09  5.339E-02  2.933E+02  2.933E+02
   0.01417   2    0.29984  49   1.016E+05  1.985E-09  5.336E-02  2.933E+02  2.933E+02
   0.01417   2    0.30616  50   1.016E+05  1.587E-09  5.334E-02  2.933E+02  2.933E+02
   0.01417   2    0.31247  51   1.016E+05  1.107E-09  5.332E-02  2.932E+02  2.932E+02
   0.01417   2    0.31878  52   1.016E+05  7.339E-10  5.331E-02  2.932E+02  2.932E+02
   0.01417   2    0.32509  53   1.016E+05  1.415E-10  5.330E-02  2.932E+02  2.932E+02
   0.01417   2    0.33141  54   1.016E+05 -1.215E-09  5.329E-02  2.932E+02  2.932E+02
   0.01417   2    0.33772  55   1.016E+05 -2.571E-09  5.327E-02  2.932E+02  2.932E+02
   0.01417   2    0.34403  56   1.016E+05 -3.045E-09  5.325E-02  2.931E+02  2.931E+02
   0.01417   2    0.35034  57   1.015E+05 -3.075E-09  5.325E-02  2.931E+02  2.931E+02
   0.01417   2    0.35666  58   1.015E+05 -3.023E-09  5.324E-02  2.931E+02  2.931E+02
   0.01417   2    0.36297  59   1.015E+05 -3.331E-09  5.324E-02  2.931E+02  2.931E+02
   0.01417   2    0.36928  60   1.015E+05 -3.613E-09  5.323E-02  2.931E+02  2.931E+02
   0.01417   2    0.37559  61   1.015E+05 -3.506E-09  5.321E-02  2.931E+02  2.931E+02
   0.01417   2    0.38191  62   1.015E+05 -3.256E-09  5.321E-02  2.931E+02  2.931E+02
   0.01417   2    0.38822  63   1.015E+05 -2.949E-09  5.321E-02  2.931E+02  2.931E+02
   0.01417   2    0.39453  64   1.015E+05 -2.853E-09  5.320E-02  2.931E+02  2.931E+02
   0.01417   2    0.40084  65   1.015E+05 -2.682E-09  5.319E-02  2.931E+02  2.931E+02
   0.01417   2    0.40716  66   1.015E+05 -2.525E-09  5.319E-02  2.930E+02  2.930E+02
   0.01417   2    0.41347  67   1.015E+05 -2.245E-09  5.318E-02  2.930E+02  2.930E+02
   0.01417   2    0.41978  68   1.014E+05 -2.191E-09  5.317E-02  2.930E+02  2.930E+02
   0.01417   2    0.42609  69   1.014E+05 -2.416E-09  5.318E-02  2.930E+02  2.930E+02
   0.01417   2    0.43241  70   1.014E+05 -1.920E-09  5.318E-02  2.930E+02  2.930E+02
   0.01417   2    0.43872  71   1.014E+05 -1.360E-09  5.317E-02  2.930E+02  2.930E+02
   0.01417   2    0.44503  72   1.014E+05 -1.289E-09  5.317E-02  2.930E+02  2.930E+02
   0.01417   2    0.45134  73   1.014E+05 -1.169E-09  5.316E-02  2.930E+02  2.930E+02
   0.01417   2    0.45766  74   1.014E+05 -7.543E-10  5.316E-02  2.930E+02  2.930E+02
   0.01417   2    0.46397  75   1.014E+05 -3.586E-10  5.316E-02  2.930E+02  2.930E+02
   0.01417   2    0.47028  76   1.014E+05 -1.595E-10  5.316E-02  2.930E+02  2.930E+02
   0.01417   2    0.47659  77   1.014E+05 -2.702E-10  5.316E-02  2.930E+02  2.930E+02
   0.01417   2    0.48291  78   1.014E+05 -2.374E-10  5.316E-02  2.930E+02  2.930E+02
   0.01417   2    0.48922  79   1.013E+05 -2.628E-10  5.317E-02  2.930E+02  2.930E+02
   0.01417   2    0.49553  80   1.013E+05 -4.257E-11  5.319E-02  2.930E+02  2.930E+02
   0.01417   2    0.50184  81   1.013E+05  4.300E-10  5.321E-02  2.930E+02  2.930E+02
   0.01417   2    0.50500  82   1.013E+05  4.300E-10  5.321E-02  2.930E+02  2.930E+02
   0.04252   3    0.00000   1   1.021E+05  1.351E-08  6.500E-02  2.930E+02  2.931E+02
   0.04252   3    0.00316   2   1.020E+05  1.351E-08  6.329E-02  2.931E+02  2.931E+02
   0.04252   3    0.00947   3   1.020E+05  2.023E-08  6.288E-02  2.931E+02  2.931E+02
   0.04252   3    0.01578   4   1.020E+05 -1.043E-08  6.189E-02  2.933E+02  2.933E+02
   0.04252   3    0.02209   5   1.020E+05 -7.067E-09  6.093E-02  2.935E+02  2.935E+02
   0.04252   3    0.02841   6   1.020E+05 -1.678E-08  6.008E-02  2.939E+02  2.939E+02
   0.04252   3    0.03472   7   1.020E+05 -1.622E-08  5.934E-02  2.946E+02  2.945E+02
   0.04252   3    0.04103   8   1.020E+05 -1.555E-08  5.870E-02  2.956E+02  2.955E+02
   0.04252   3    0.04734   9   1.020E+05 -1.256E-08  5.816E-02  2.972E+02  2.971E+02
   0.04252   3    0.05366  10   1.020E+05 -9.807E-09  5.771E-02  2.997E+02  2.996E+02
   0.04252   3    0.05997  11   1.020E+05 -6.301E-09  5.732E-02  3.036E+02  3.034E+02
   0.04252   3    0.06628  12   1.019E+05 -2.218E-09  5.698E-02  3.096E+02  3.093E+02
   0.04252   3    0.07259  13   1.019E+05  1.690E-09  5.669E-02  3.185E+02  3.182E+02
   0.04252   3    0.07891  14   1.019E+05  5.122E-09  5.644E-02  3.320E+02  3.315E+02
   0.04252   3    0.08522  15   1.019E+05  8.292E-09  5.622E-02  3.523E+02  3.515E+02
   0.04252   3    0.09153  16   1.019E+05  1.119E-08  5.605E-02  3.841E+02  3.829E+02
   0.04252   3    0.09784  17   1.019E+05  1.397E-08  5.592E-02  4.382E+02  4.362E+02
   0.04252   3    0.10416  18   1.019E+05  1.620E-08  5.607E-02  5.410E+02  5.396E+02
   0.04252   3    0.11047  19   1.019E+05  1.756E-08  5.579E-02  5.532E+02  5.526E+02
   0.04252   3    0.11678  20   1.019E+05  1.953E-08  5.569E-02  5.577E+02  5.575E+02
   0.04252   3    0.12309  21   1.019E+05  2.238E-08  5.561E-02  5.523E+02  5.525E+02
   0.04252   3    0.12941  22   1.019E+05  2.616E-08  5.551E-02  5.372E+02  5.378E+02
   0.04252   3    0.13572  23   1.018E+05  3.220E-08  5.542E-02  5.141E+02  5.150E+02
   0.04252   3    0.14203  24   1.018E+05  4.082E-08  5.532E-02  4.858E+02  4.869E+02
   0.04252   3    0.14834  25   1.018E+05  4.644E-08  5.521E-02  4.552E+02  4.564E+02
   0.04252   3    0.15466  26   1.018E+05  4.289E-08  5.508E-02  4.250E+02  4.263E+02
   0.04252   3    0.16097  27   1.018E+05  3.699E-08  5.493E-02  3.973E+02  3.984E+02
   0.04252   3    0.16728  28   1.018E+05  3.303E-08  5.478E-02  3.731E+02  3.740E+02
   0.04252   3    0.17359  29   1.018E+05  2.890E-08  5.463E-02  3.529E+02  3.537E+02
   0.04252   3    0.17991  30   1.018E+05  2.458E-08  5.449E-02  3.368E+02  3.375E+02
   0.04252   3    0.18622  31   1.018E+05  1.917E-08  5.436E-02  3.244E+02  3.249E+02
   0.04252   3    0.19253  32   1.018E+05  1.299E-08  5.423E-02  3.151E+02  3.155E+02
   0.04252   3    0.19884  33   1.018E+05  7.946E-09  5.411E-02  3.083E+02  3.086E+02
   0.04252   3    0.20516  34   1.017E+05  2.868E-09  5.401E-02  3.035E+02  3.037E+02
   0.04252   3    0.21147  35   1.017E+05 -1.208E-09  5.393E-02  3.001E+02  3.003E+02
   0.04252   3    0.21778  36   1.017E+05 -4.302E-09  5.386E-02  2.979E+02  2.980E+02
   0.04252   3    0.22409  37   1.017E+05 -5.699E-09  5.379E-02  2.963E+02  2.964E+02
   0.04252   3    0.23041  38   1.017E+05 -6.241E-09  5.372E-02  2.953E+02  2.954E+02
   0.04252   3    0.23672  39   1.017E+05 -6.148E-09  5.367E-02  2.947E+02  2.947E+02
   0.04252   3    0.24303  40   1.017E+05 -4.650E-09  5.363E-02  2.942E+02  2.942E+02
   0.04252   3    0.24934  41   1.017E+05 -2.436E-09  5.359E-02  2.939E+02  2.939E+02
   0.04252   3    0.25566  42   1.017E+05 -3.880E-10  5.355E-02  2.937E+02  2.937E+02
   0.04252   3    0.26197  43   1.017E+05  1.626E-09  5.351E-02  2.936E+02  2.936E+02
   0.04252   3    0.26828  44   1.017E+05  3.494E-09  5.348E-02  2.935E+02  2.935E+02
   0.04252   3    0.27459  45   1.016E+05  4.619E-09  5.345E-02  2.934E+02  2.934E+02
   0.04252   3    0.28091  46   1.016E+05  4.811E-09  5.343E-02  2.934E+02  2.934E+02
   0.04252   3    0.28722  47   1.016E+05  4.688E-09  5.341E-02  2.933E+02  2.933E+02
   0.04252   3    0.29353  48   1.016E+05  4.435E-09  5.339E-02  2.933E+02  2.933E+02
   0.04252   3    0.29984  49   1.016E+05  3.771E-09  5.336E-02  2.933E+02  2.933E+02
   0.04252   3    0.30616  50   1.016E+05  2.856E-09  5.334E-02  2.933E+02  2.933E+02
   0.04252   3    0.31247  51   1.016E+05  1.879E-09  5.332E-02  2.932E+02  2.932E+02
   0.04252   3    0.31878  52   1.016E+05  8.591E-10  5.331E-02  2.932E+02  2.932E+02
   0.04252   3    0.32509  53   1.016E+05 -2.367E-10  5.330E-02  2.932E+02  2.932E+02
   0.04252   3    0.33141  54   1.016E+05 -1.924E-09  5.329E-02  2.932E+02  2.932E+02
   0.04252   3    0.33772  55   1.016E+05 -3.670E-09  5.327E-02  2.932E+02  2.932E+02
   0.04252   3    0.34403  56   1.016E+05 -4.485E-09  5.325E-02  2.931E+02  2.931E+02
   0.04252   3    0.35034  57   1.015E+05 -4.857E-09  5.325E-02  2.931E+02  2.931E+02
   0.04252   3    0.35666  58   1.015E+05 -5.202E-09  5.324E-02  2.931E+02  2.931E+02
   0.04252   3    0.36297  59   1.015E+05 -5.437E-09  5.324E-02  2.931E+02  2.931E+02
   0.04252   3    0.36928  60   1.015E+05 -5.491E-09  5.323E-02  2.931E+02  2.931E+02
   0.04252   3    0.37559  61   1.015E+05 -5.351E-09  5.321E-02  2.931E+02  2.931E+02
   0.04252   3    0.38191  62   1.015E+05 -5.058E-09  5.321E-02  2.931E+02  2.931E+02
   0.04252   3    0.38822  63   1.015E+05 -4.880E-09  5.321E-02  2.931E+02  2.931E+02
   0.04252   3    0.39453  64   1.015E+05 -4.798E-09  5.320E-02  2.931E+02  2.931E+02
   0.04252   3    0.40084  65   1.015E+05 -4.491E-09  5.319E-02  2.931E+02  2.931E+02
   0.04252   3    0.40716  66   1.015E+05 -4.250E-09  5.319E-02  2.931E+02  2.931E+02
   0.04252   3    0.41347  67   1.015E+05 -3.870E-09  5.318E-02  2.930E+02  2.930E+02
   0.04252   3    0.41978  68   1.014E+05 -3.667E-09  5.317E-02  2.930E+02  2.930E+02
   0.04252   3    0.42609  69   1.014E+05 -3.719E-09  5.318E-02  2.930E+02  2.930E+02
   0.04252   3    0.43241  70   1.014E+05 -3.225E-09  5.318E-02  2.930E+02  2.930E+02
   0.04252   3    0.43872  71   1.014E+05 -2.332E-09  5.317E-02  2.930E+02  2.930E+02
   0.04252   3    0.44503  72   1.014E+05 -1.887E-09  5.317E-02  2.930E+02  2.930E+02
   0.04252   3    0.45134  73   1.014E+05 -1.691E-09  5.316E-02  2.930E+02  2.930E+02
   0.04252   3    0.45766  74   1.014E+05 -1.498E-09  5.316E-02  2.930E+02  2.930E+02
   0.04252   3    0.46397  75   1.014E+05 -1.382E-09  5.316E-02  2.930E+02  2.930E+02
   0.04252   3    0.47028  76   1.014E+05 -1.038E-09  5.316E-02  2.930E+02  2.930E+02
   0.04252   3    0.47659  77   1.014E+05 -9.615E-10  5.316E-02  2.930E+02  2.930E+02
   0.04252   3    0.48291  78   1.014E+05 -7.308E-10  5.316E-02  2.930E+02  2.930E+02
   0.04252   3    0.48922  79   1.013E+05 -6.902E-10  5.317E-02  2.930E+02  2.930E+02
   0.04252   3    0.49553  80   1.013E+05 -2.296E-10  5.319E-02  2.930E+02  2.930E+02
   0.04252   3    0.50184  81   1.013E+05  5.158E-10  5.321E-02  2.930E+02  2.930E+02
   0.04252   3    0.50500  82   1.013E+05  5.158E-10  5.321E-02  2.930E+02  2.930E+02
   0.07087   4    0.00000   1   1.021E+05 -1.817E-08  6.500E-02  2.930E+02  2.931E+02
   0.07087   4    0.00316   2   1.020E+05 -1.817E-08  6.329E-02  2.931E+02  2.931E+02
   0.07087   4    0.00947   3   1.020E+05 -2.967E-08  6.288E-02  2.931E+02  2.931E+02
   0.07087   4    0.01578   4   1.020E+05 -4.960E-08  6.189E-02  2.933E+02  2.933E+02
   0.07087   4    0.02209   5   1.020E+05 -7.584E-08  6.093E-02  2.935E+02  2.935E+02
   0.07087   4    0.02841   6   1.020E+05 -9.403E-08  6.008E-02  2.939E+02  2.939E+02
   0.07087   4    0.03472   7   1.020E+05 -7.578E-08  5.934E-02  2.946E+02  2.945E+02
   0.07087   4    0.04103   8   1.020E+05 -4.797E-08  5.870E-02  2.956E+02  2.955E+02
   0.07087   4    0.04734   9   1.020E+05 -3.234E-08  5.816E-02  2.972E+02  2.971E+02
   0.07087   4    0.05366  10   1.020E+05 -2.239E-08  5.771E-02  2.997E+02  2.996E+02
   0.07087   4    0.05997  11   1.020E+05 -1.570E-08  5.732E-02  3.036E+02  3.034E+02
   0.07087   4    0.06628  12   1.019E+05 -9.927E-09  5.698E-02  3.096E+02  3.093E+02
   0.07087   4    0.07259  13   1.019E+05 -5.445E-09  5.669E-02  3.185E+02  3.182E+02
   0.07087   4    0.07891  14   1.019E+05 -1.786E-09  5.644E-02  3.320E+02  3.315E+02
   0.07087   4    0.08522  15   1.019E+05  1.620E-09  5.622E-02  3.523E+02  3.515E+02
   0.07087   4    0.09153  16   1.019E+05  4.401E-09  5.605E-02  3.841E+02  3.829E+02
   0.07087   4    0.09784  17   1.019E+05  6.712E-09  5.592E-02  4.382E+02  4.362E+02
   0.07087   4    0.10416  18   1.019E+05  7.982E-09  5.607E-02  5.410E+02  5.396E+02
   0.07087   4    0.11047  19   1.019E+05  8.190E-09  5.579E-02  5.532E+02  5.526E+02
   0.07087   4    0.11678  20   1.019E+05  8.880E-09  5.569E-02  5.577E+02  5.575E+02
   0.07087   4    0.12309  21   1.019E+05  1.037E-08  5.561E-02  5.523E+02  5.525E+02
   0.07087   4    0.12941  22   1.019E+05  1.228E-08  5.551E-02  5.372E+02  5.378E+02
   0.07087   4    0.13572  23   1.018E+05  1.450E-08  5.542E-02  5.141E+02  5.150E+02
   0.07087   4    0.14203  24   1.018E+05  1.664E-08  5.532E-02  4.858E+02  4.869E+02
   0.07087   4    0.14834  25   1.018E+05  1.847E-08  5.521E-02  4.552E+02  4.564E+02
   0.07087   4    0.15466  26   1.018E+05  1.942E-08  5.508E-02  4.250E+02  4.263E+02
   0.07087   4    0.16097  27   1.018E+05  2.008E-08  5.493E-02  3.973E+02  3.984E+02
   0.07087   4    0.16728  28   1.018E+05  2.084E-08  5.478E-02  3.731E+02  3.740E+02
   0.07087   4    0.17359  29   1.018E+05  2.019E-08  5.463E-02  3.529E+02  3.537E+02
   0.07087   4    0.17991  30   1.018E+05  1.911E-08  5.449E-02  3.368E+02  3.375E+02
   0.07087   4    0.18622  31   1.018E+05  1.741E-08  5.436E-02  3.244E+02  3.249E+02
   0.07087   4    0.19253  32   1.018E+05  1.455E-08  5.423E-02  3.151E+02  3.155E+02
   0.07087   4    0.19884  33   1.018E+05  1.269E-08  5.411E-02  3.083E+02  3.086E+02
   0.07087   4    0.20516  34   1.017E+05  1.056E-08  5.401E-02  3.035E+02  3.037E+02
   0.07087   4    0.21147  35   1.017E+05  8.396E-09  5.393E-02  3.001E+02  3.003E+02
   0.07087   4    0.21778  36   1.017E+05  6.966E-09  5.386E-02  2.979E+02  2.980E+02
   0.07087   4    0.22409  37   1.017E+05  6.762E-09  5.379E-02  2.963E+02  2.964E+02
   0.07087   4    0.23041  38   1.017E+05  6.614E-09  5.372E-02  2.953E+02  2.954E+02
   0.07087   4    0.23672  39   1.017E+05  6.217E-09  5.367E-02  2.947E+02  2.947E+02
   0.07087   4    0.24303  40   1.017E+05  6.577E-09  5.363E-02  2.942E+02  2.942E+02
   0.07087   4    0.24934  41   1.017E+05  7.216E-09  5.359E-02  2.939E+02  2.939E+02
   0.07087   4    0.25566  42   1.017E+05  7.974E-09  5.355E-02  2.937E+02  2.937E+02
   0.07087   4    0.26197  43   1.017E+05  8.856E-09  5.351E-02  2.936E+02  2.936E+02
   0.07087   4    0.26828  44   1.017E+05  9.209E-09  5.348E-02  2.935E+02  2.935E+02
   0.07087   4    0.27459  45   1.016E+05  9.198E-09  5.345E-02  2.934E+02  2.934E+02
   0.07087   4    0.28091  46   1.016E+05  9.030E-09  5.343E-02  2.934E+02  2.934E+02
   0.07087   4    0.28722  47   1.016E+05  8.606E-09  5.341E-02  2.933E+02  2.933E+02
   0.07087   4    0.29353  48   1.016E+05  7.869E-09  5.339E-02  2.933E+02  2.933E+02
   0.07087   4    0.29984  49   1.016E+05  7.239E-09  5.336E-02  2.933E+02  2.933E+02
   0.07087   4    0.30616  50   1.016E+05  6.421E-09  5.334E-02  2.933E+02  2.933E+02
   0.07087   4    0.31247  51   1.016E+05  5.459E-09  5.332E-02  2.932E+02  2.932E+02
   0.07087   4    0.31878  52   1.016E+05  4.653E-09  5.331E-02  2.932E+02  2.932E+02
   0.07087   4    0.32509  53   1.016E+05  4.123E-09  5.330E-02  2.932E+02  2.932E+02
   0.07087   4    0.33141  54   1.016E+05  3.767E-09  5.329E-02  2.932E+02  2.932E+02
   0.07087   4    0.33772  55   1.016E+05  3.250E-09  5.327E-02  2.932E+02  2.932E+02
   0.07087   4    0.34403  56   1.016E+05  2.774E-09  5.325E-02  2.931E+02  2.931E+02
   0.07087   4    0.35034  57   1.015E+05  2.282E-09  5.325E-02  2.931E+02  2.931E+02
   0.07087   4    0.35666  58   1.015E+05  1.796E-09  5.324E-02  2.931E+02  2.931E+02
   0.07087   4    0.36297  59   1.015E+05  1.477E-09  5.324E-02  2.931E+02  2.931E+02
   0.07087   4    0.36928  60   1.015E+05  1.202E-09  5.323E-02  2.931E+02  2.931E+02
   0.07087   4    0.37559  61   1.015E+05  1.098E-09  5.321E-02  2.931E+02  2.931E+02
   0.07087   4    0.38191  62   1.015E+05  1.092E-09  5.321E-02  2.931E+02  2.931E+02
   0.07087   4    0.38822  63   1.015E+05  1.024E-09  5.321E-02  2.931E+02  2.931E+02
   0.07087   4    0.39453  64   1.015E+05  7.938E-10  5.320E-02  2.931E+02  2.931E+02
   0.07087   4    0.40084  65   1.015E+05  4.293E-10  5.319E-02  2.931E+02  2.931E+02
   0.07087   4    0.40716  66   1.015E+05  1.835E-10  5.319E-02  2.931E+02  2.931E+02
   0.07087   4    0.41347  67   1.015E+05 -1.014E-10  5.318E-02  2.930E+02  2.930E+02
   0.07087   4    0.41978  68   1.014E+05 -4.119E-10  5.317E-02  2.930E+02  2.930E+02
   0.07087   4    0.42609  69   1.014E+05 -2.984E-10  5.318E-02  2.930E+02  2.930E+02
   0.07087   4    0.43241  70   1.014E+05 -3.780E-10  5.318E-02  2.930E+02  2.930E+02
   0.07087   4    0.43872  71   1.014E+05 -5.681E-10  5.317E-02  2.930E+02  2.930E+02
   0.07087   4    0.44503  72   1.014E+05 -4.748E-10  5.317E-02  2.930E+02  2.930E+02
   0.07087   4    0.45134  73   1.014E+05 -3.696E-10  5.316E-02  2.930E+02  2.930E+02
   0.07087   4    0.45766  74   1.014E+05 -5.852E-10  5.316E-02  2.930E+02  2.930E+02
   0.07087   4    0.46397  75   1.014E+05 -7.908E-10  5.316E-02  2.930E+02  2.930E+02
   0.07087   4    0.47028  76   1.014E+05 -5.987E-10  5.316E-02  2.930E+02  2.930E+02
   0.07087   4    0.47659  77   1.014E+05 -5.182E-10  5.316E-02  2.930E+02  2.930E+02
   0.07087   4    0.48291  78   1.014E+05 -3.900E-10  5.316E-02  2.930E+02  2.930E+02
   0.07087   4    0.48922  79   1.013E+05 -1.840E-10  5.317E-02  2.930E+02  2.930E+02
   0.07087   4    0.49553  80   1.013E+05 -1.772E-10  5.319E-02  2.930E+02  2.930E+02
   0.07087   4    0.50184  81   1.013E+05 -2.557E-10  5.321E-02  2.930E+02  2.930E+02
   0.07087   4    0.50500  82   1.013E+05 -2.557E-10  5.321E-02  2.930E+02  2.930E+02
   0.09922   5    0.00000   1   1.021E+05  2.970E-08  6.500E-02  2.930E+02  2.931E+02
   0.09922   5    0.00316   2   1.020E+05  2.970E-08  6.329E-02  2.931E+02  2.931E+02
   0.09922   5    0.00947   3   1.020E+05  3.943E-09  6.288E-02  2.931E+02  2.931E+02
   0.09922   5    0.01578   4   1.020E+05 -3.107E-08  6.189E-02  2.933E+02  2.933E+02
   0.09922   5    0.02209   5   1.020E+05 -6.096E-08  6.093E-02  2.935E+02  2.935E+02
   0.09922   5    0.02841   6   1.020E+05 -8.144E-08  6.008E-02  2.939E+02  2.939E+02
   0.09922   5    0.03472   7   1.020E+05 -6.558E-08  5.934E-02  2.946E+02  2.945E+02
   0.09922   5    0.04103   8   1.020E+05 -4.079E-08  5.870E-02  2.956E+02  2.955E+02
   0.09922   5    0.04734   9   1.020E+05 -2.876E-08  5.816E-02  2.972E+02  2.971E+02
   0.09922   5    0.05366  10   1.020E+05 -2.196E-08  5.771E-02  2.997E+02  2.996E+02
   0.09922   5    0.05997  11   1.020E+05 -1.874E-08  5.732E-02  3.036E+02  3.034E+02
   0.09922   5    0.06628  12   1.019E+05 -1.765E-08  5.698E-02  3.096E+02  3.093E+02
   0.09922   5    0.07259  13   1.019E+05 -1.723E-08  5.669E-02  3.185E+02  3.182E+02
   0.09922   5    0.07891  14   1.019E+05 -1.712E-08  5.644E-02  3.320E+02  3.314E+02
   0.09922   5    0.08522  15   1.019E+05 -1.666E-08  5.622E-02  3.523E+02  3.515E+02
   0.09922   5    0.09153  16   1.019E+05 -1.544E-08  5.605E-02  3.841E+02  3.829E+02
   0.09922   5    0.09784  17   1.019E+05 -1.401E-08  5.592E-02  4.382E+02  4.362E+02
   0.09922   5    0.10416  18   1.019E+05 -1.259E-08  5.607E-02  5.410E+02  5.396E+02
   0.09922   5    0.11047  19   1.019E+05 -1.107E-08  5.579E-02  5.532E+02  5.526E+02
   0.09922   5    0.11678  20   1.019E+05 -9.397E-09  5.569E-02  5.577E+02  5.575E+02
   0.09922   5    0.12309  21   1.019E+05 -7.411E-09  5.561E-02  5.523E+02  5.525E+02
   0.09922   5    0.12941  22   1.019E+05 -5.388E-09  5.551E-02  5.372E+02  5.378E+02
   0.09922   5    0.13572  23   1.018E+05 -3.248E-09  5.542E-02  5.141E+02  5.150E+02
   0.09922   5    0.14203  24   1.018E+05 -5.307E-10  5.532E-02  4.858E+02  4.869E+02
   0.09922   5    0.14834  25   1.018E+05  1.348E-09  5.521E-02  4.552E+02  4.564E+02
   0.09922   5    0.15466  26   1.018E+05  3.236E-09  5.508E-02  4.251E+02  4.263E+02
   0.09922   5    0.16097  27   1.018E+05  5.795E-09  5.493E-02  3.973E+02  3.984E+02
   0.09922   5    0.16728  28   1.018E+05  7.881E-09  5.478E-02  3.731E+02  3.740E+02
   0.09922   5    0.17359  29   1.018E+05  1.036E-08  5.463E-02  3.529E+02  3.537E+02
   0.09922   5    0.17991  30   1.018E+05  1.324E-08  5.449E-02  3.368E+02  3.375E+02
   0.09922   5    0.18622  31   1.018E+05  1.625E-08  5.436E-02  3.244E+02  3.249E+02
   0.09922   5    0.19253  32   1.018E+05  1.991E-08  5.423E-02  3.151E+02  3.155E+02
   0.09922   5    0.19884  33   1.018E+05  2.541E-08  5.411E-02  3.083E+02  3.086E+02
   0.09922   5    0.20516  34   1.017E+05  3.456E-08  5.401E-02  3.035E+02  3.037E+02
   0.09922   5    0.21147  35   1.017E+05  4.281E-08  5.393E-02  3.001E+02  3.003E+02
   0.09922   5    0.21778  36   1.017E+05  4.127E-08  5.386E-02  2.979E+02  2.980E+02
   0.09922   5    0.22409  37   1.017E+05  3.434E-08  5.379E-02  2.963E+02  2.964E+02
   0.09922   5    0.23041  38   1.017E+05  2.982E-08  5.372E-02  2.953E+02  2.954E+02
   0.09922   5    0.23672  39   1.017E+05  2.641E-08  5.367E-02  2.947E+02  2.947E+02
   0.09922   5    0.24303  40   1.017E+05  2.318E-08  5.363E-02  2.942E+02  2.942E+02
   0.09922   5    0.24934  41   1.017E+05  2.079E-08  5.359E-02  2.939E+02  2.939E+02
   0.09922   5    0.25566  42   1.017E+05  1.843E-08  5.355E-02  2.937E+02  2.937E+02
   0.09922   5    0.26197  43   1.017E+05  1.631E-08  5.351E-02  2.936E+02  2.936E+02
   0.09922   5    0.26828  44   1.017E+05  1.417E-08  5.348E-02  2.935E+02  2.935E+02
   0.09922   5    0.27459  45   1.016E+05  1.281E-08  5.345E-02  2.934E+02  2.934E+02
   0.09922   5    0.28091  46   1.016E+05  1.193E-08  5.343E-02  2.934E+02  2.934E+02
   0.09922   5    0.28722  47   1.016E+05  1.132E-08  5.341E-02  2.933E+02  2.933E+02
   0.09922   5    0.29353  48   1.016E+05  1.060E-08  5.339E-02  2.933E+02  2.933E+02
   0.09922   5    0.29984  49   1.016E+05  1.024E-08  5.336E-02  2.933E+02  2.933E+02
   0.09922   5    0.30616  50   1.016E+05  1.015E-08  5.334E-02  2.933E+02  2.933E+02
   0.09922   5    0.31247  51   1.016E+05  1.023E-08  5.332E-02  2.932E+02  2.932E+02
   0.09922   5    0.31878  52   1.016E+05  1.060E-08  5.331E-02  2.932E+02  2.932E+02
   0.09922   5    0.32509  53   1.016E+05  1.094E-08  5.330E-02  2.932E+02  2.932E+02
   0.09922   5    0.33141  54   1.016E+05  1.133E-08  5.329E-02  2.932E+02  2.932E+02
   0.09922   5    0.33772  55   1.016E+05  1.181E-08  5.327E-02  2.932E+02  2.932E+02
   0.09922   5    0.34403  56   1.016E+05  1.199E-08  5.325E-02  2.931E+02  2.931E+02
   0.09922   5    0.35034  57   1.015E+05  1.230E-08  5.325E-02  2.931E+02  2.931E+02
   0.09922   5    0.35666  58   1.015E+05  1.262E-08  5.324E-02  2.931E+02  2.931E+02
   0.09922   5    0.36297  59   1.015E+05  1.247E-08  5.324E-02  2.931E+02  2.931E+02
   0.09922   5    0.36928  60   1.015E+05  1.198E-08  5.323E-02  2.931E+02  2.931E+02
   0.09922   5    0.37559  61   1.015E+05  1.127E-08  5.321E-02  2.931E+02  2.931E+02
   0.09922   5    0.38191  62   1.015E+05  1.037E-08  5.321E-02  2.931E+02  2.931E+02
   0.09922   5    0.38822  63   1.015E+05  9.472E-09  5.321E-02  2.931E+02  2.931E+02
   0.09922   5    0.39453  64   1.015E+05  8.591E-09  5.320E-02  2.931E+02  2.931E+02
   0.09922   5    0.40084  65   1.015E+05  7.436E-09  5.319E-02  2.931E+02  2.931E+02
   0.09922   5    0.40716  66   1.015E+05  6.733E-09  5.319E-02  2.931E+02  2.931E+02
   0.09922   5    0.41347  67   1.015E+05  5.994E-09  5.318E-02  2.930E+02  2.930E+02
   0.09922   5    0.41978  68   1.014E+05  5.168E-09  5.317E-02  2.930E+02  2.930E+02
   0.09922   5    0.42609  69   1.014E+05  4.447E-09  5.318E-02  2.930E+02  2.930E+02
   0.09922   5    0.43241  70   1.014E+05  3.463E-09  5.318E-02  2.930E+02  2.930E+02
   0.09922   5    0.43872  71   1.014E+05  2.652E-09  5.317E-02  2.930E+02  2.930E+02
   0.09922   5    0.44503  72   1.014E+05  1.998E-09  5.317E-02  2.930E+02  2.930E+02
   0.09922   5    0.45134  73   1.014E+05  1.385E-09  5.316E-02  2.930E+02  2.930E+02
   0.09922   5    0.45766  74   1.014E+05  7.534E-10  5.316E-02  2.930E+02  2.930E+02
   0.09922   5    0.46397  75   1.014E+05  3.351E-10  5.316E-02  2.930E+02  2.930E+02
   0.09922   5    0.47028  76   1.014E+05  4.059E-10  5.316E-02  2.930E+02  2.930E+02
   0.09922   5    0.47659  77   1.014E+05  2.605E-10  5.316E-02  2.930E+02  2.930E+02
   0.09922   5    0.48291  78   1.014E+05  1.905E-10  5.316E-02  2.930E+02  2.930E+02
   0.09922   5    0.48922  79   1.013E+05  3.503E-10  5.317E-02  2.930E+02  2.930E+02
   0.09922   5    0.49553  80   1.013E+05  1.772E-10  5.319E-02  2.930E+02  2.930E+02
   0.09922   5    0.50184  81   1.013E+05  1.205E-10  5.321E-02  2.930E+02  2.930E+02
   0.09922   5    0.50500  82   1.013E+05  1.205E-10  5.321E-02  2.930E+02  2.930E+02
   0.12757   6    0.00000   1   1.021E+05 -7.474E-08  6.500E-02  2.930E+02  2.931E+02
   0.12757   6    0.00316   2   1.020E+05 -7.474E-08  6.329E-02  2.931E+02  2.931E+02
   0.12757   6    0.00947   3   1.020E+05 -6.396E-08  6.288E-02  2.931E+02  2.931E+02
   0.12757   6    0.01578   4   1.020E+05 -8.446E-09  6.189E-02  2.933E+02  2.933E+02
   0.12757   6    0.02209   5   1.020E+05  1.151E-08  6.093E-02  2.935E+02  2.935E+02
   0.12757   6    0.02841   6   1.020E+05  3.632E-08  6.008E-02  2.939E+02  2.939E+02
   0.12757   6    0.03472   7   1.020E+05  1.946E-08  5.934E-02  2.946E+02  2.945E+02
   0.12757   6    0.04103   8   1.020E+05 -4.846E-09  5.870E-02  2.956E+02  2.955E+02
   0.12757   6    0.04734   9   1.020E+05 -1.484E-08  5.816E-02  2.972E+02  2.971E+02
   0.12757   6    0.05366  10   1.020E+05 -1.657E-08  5.771E-02  2.997E+02  2.996E+02
   0.12757   6    0.05997  11   1.020E+05 -2.138E-08  5.732E-02  3.036E+02  3.034E+02
   0.12757   6    0.06628  12   1.019E+05 -3.016E-08  5.698E-02  3.096E+02  3.093E+02
   0.12757   6    0.07259  13   1.019E+05 -3.655E-08  5.669E-02  3.185E+02  3.182E+02
   0.12757   6    0.07891  14   1.019E+05 -4.139E-08  5.644E-02  3.320E+02  3.315E+02
   0.12757   6    0.08522  15   1.019E+05 -4.442E-08  5.622E-02  3.523E+02  3.515E+02
   0.12757   6    0.09153  16   1.019E+05 -4.455E-08  5.605E-02  3.841E+02  3.829E+02
   0.12757   6    0.09784  17   1.019E+05 -4.305E-08  5.592E-02  4.382E+02  4.362E+02
   0.12757   6    0.10416  18   1.019E+05 -4.188E-08  5.607E-02  5.410E+02  5.396E+02
   0.12757   6    0.11047  19   1.019E+05 -4.094E-08  5.579E-02  5.532E+02  5.526E+02
   0.12757   6    0.11678  20   1.019E+05 -3.968E-08  5.569E-02  5.577E+02  5.575E+02
   0.12757   6    0.12309  21   1.019E+05 -3.804E-08  5.561E-02  5.523E+02  5.525E+02
   0.12757   6    0.12941  22   1.019E+05 -3.614E-08  5.551E-02  5.372E+02  5.378E+02
   0.12757   6    0.13572  23   1.018E+05 -3.438E-08  5.542E-02  5.141E+02  5.150E+02
   0.12757   6    0.14203  24   1.018E+05 -3.173E-08  5.532E-02  4.858E+02  4.869E+02
   0.12757   6    0.14834  25   1.018E+05 -2.838E-08  5.521E-02  4.552E+02  4.564E+02
   0.12757   6    0.15466  26   1.018E+05 -2.306E-08  5.508E-02  4.251E+02  4.263E+02
   0.12757   6    0.16097  27   1.018E+05 -1.632E-08  5.493E-02  3.973E+02  3.984E+02
   0.12757   6    0.16728  28   1.018E+05 -9.181E-09  5.478E-02  3.731E+02  3.740E+02
   0.12757   6    0.17359  29   1.018E+05 -7.988E-11  5.463E-02  3.529E+02  3.537E+02
   0.12757   6    0.17991  30   1.018E+05  1.052E-08  5.449E-02  3.368E+02  3.375E+02
   0.12757   6    0.18622  31   1.018E+05  2.287E-08  5.436E-02  3.244E+02  3.249E+02
   0.12757   6    0.19253  32   1.018E+05  3.721E-08  5.423E-02  3.151E+02  3.155E+02
   0.12757   6    0.19884  33   1.018E+05  5.452E-08  5.411E-02  3.083E+02  3.086E+02
   0.12757   6    0.20516  34   1.017E+05  7.607E-08  5.401E-02  3.035E+02  3.037E+02
   0.12757   6    0.21147  35   1.017E+05  1.065E-07  5.393E-02  3.001E+02  3.003E+02
   0.12757   6    0.21778  36   1.017E+05  1.229E-07  5.386E-02  2.979E+02  2.980E+02
   0.12757   6    0.22409  37   1.017E+05  9.938E-08  5.379E-02  2.963E+02  2.964E+02
   0.12757   6    0.23041  38   1.017E+05  7.175E-08  5.372E-02  2.953E+02  2.954E+02
   0.12757   6    0.23672  39   1.017E+05  5.655E-08  5.367E-02  2.946E+02  2.947E+02
   0.12757   6    0.24303  40   1.017E+05  4.416E-08  5.363E-02  2.942E+02  2.942E+02
   0.12757   6    0.24934  41   1.017E+05  3.495E-08  5.359E-02  2.939E+02  2.939E+02
   0.12757   6    0.25566  42   1.017E+05  2.673E-08  5.355E-02  2.937E+02  2.937E+02
   0.12757   6    0.26197  43   1.017E+05  1.997E-08  5.351E-02  2.936E+02  2.936E+02
   0.12757   6    0.26828  44   1.017E+05  1.468E-08  5.348E-02  2.935E+02  2.935E+02
   0.12757   6    0.27459  45   1.016E+05  1.084E-08  5.345E-02  2.934E+02  2.934E+02
   0.12757   6    0.28091  46   1.016E+05  8.134E-09  5.343E-02  2.934E+02  2.934E+02
   0.12757   6    0.28722  47   1.016E+05  6.631E-09  5.341E-02  2.933E+02  2.933E+02
   0.12757   6    0.29353  48   1.016E+05  6.135E-09  5.339E-02  2.933E+02  2.933E+02
   0.12757   6    0.29984  49   1.016E+05  5.980E-09  5.336E-02  2.933E+02  2.933E+02
   0.12757   6    0.30616  50   1.016E+05  6.594E-09  5.334E-02  2.933E+02  2.933E+02
   0.12757   6    0.31247  51   1.016E+05  7.752E-09  5.332E-02  2.932E+02  2.932E+02
   0.12757   6    0.31878  52   1.016E+05  8.842E-09  5.331E-02  2.932E+02  2.932E+02
   0.12757   6    0.32509  53   1.016E+05  1.038E-08  5.330E-02  2.932E+02  2.932E+02
   0.12757   6    0.33141  54   1.016E+05  1.255E-08  5.329E-02  2.932E+02  2.932E+02
   0.12757   6    0.33772  55   1.016E+05  1.420E-08  5.327E-02  2.932E+02  2.932E+02
   0.12757   6    0.34403  56   1.016E+05  1.523E-08  5.325E-02  2.931E+02  2.931E+02
   0.12757   6    0.35034  57   1.015E+05  1.603E-08  5.325E-02  2.931E+02  2.931E+02
   0.12757   6    0.35666  58   1.015E+05  1.667E-08  5.324E-02  2.931E+02  2.931E+02
   0.12757   6    0.36297  59   1.015E+05  1.712E-08  5.324E-02  2.931E+02  2.931E+02
   0.12757   6    0.36928  60   1.015E+05  1.672E-08  5.323E-02  2.931E+02  2.931E+02
   0.12757   6    0.37559  61   1.015E+05  1.599E-08  5.321E-02  2.931E+02  2.931E+02
   0.12757   6    0.38191  62   1.015E+05  1.502E-08  5.321E-02  2.931E+02  2.931E+02
   0.12757   6    0.38822  63   1.015E+05  1.372E-08  5.321E-02  2.931E+02  2.931E+02
   0.12757   6    0.39453  64   1.015E+05  1.273E-08  5.320E-02  2.931E+02  2.931E+02
   0.12757   6    0.40084  65   1.015E+05  1.179E-08  5.319E-02  2.931E+02  2.931E+02
   0.12757   6    0.40716  66   1.015E+05  1.077E-08  5.319E-02  2.931E+02  2.931E+02
   0.12757   6    0.41347  67   1.015E+05  9.736E-09  5.318E-02  2.930E+02  2.930E+02
   0.12757   6    0.41978  68   1.014E+05  8.699E-09  5.317E-02  2.930E+02  2.930E+02
   0.12757   6    0.42609  69   1.014E+05  7.386E-09  5.318E-02  2.930E+02  2.930E+02
   0.12757   6    0.43241  70   1.014E+05  5.979E-09  5.318E-02  2.930E+02  2.930E+02
   0.12757   6    0.43872  71   1.014E+05  4.724E-09  5.317E-02  2.930E+02  2.930E+02
   0.12757   6    0.44503  72   1.014E+05  3.579E-09  5.317E-02  2.930E+02  2.930E+02
   0.12757   6    0.45134  73   1.014E+05  2.442E-09  5.316E-02  2.930E+02  2.930E+02
   0.12757   6    0.45766  74   1.014E+05  7.805E-10  5.316E-02  2.930E+02  2.930E+02
   0.12757   6    0.46397  75   1.014E+05 -4.658E-10  5.316E-02  2.930E+02  2.930E+02
   0.12757   6    0.47028  76   1.014E+05 -3.231E-10  5.316E-02  2.930E+02  2.930E+02
   0.12757   6    0.47659  77   1.014E+05  2.773E-10  5.316E-02  2.930E+02  2.930E+02
   0.12757   6    0.48291  78   1.014E+05  3.664E-10  5.316E-02  2.930E+02  2.930E+02
   0.12757   6    0.48922  79   1.013E+05  2.946E-10  5.317E-02  2.930E+02  2.930E+02
   0.12757   6    0.49553  80   1.013E+05  2.295E-10  5.319E-02  2.930E+02  2.930E+02
   0.12757   6    0.50184  81   1.013E+05  1.532E-10  5.321E-02  2.930E+02  2.930E+02
   0.12757   6    0.50500  82   1.013E+05  1.532E-10  5.321E-02  2.930E+02  2.930E+02
   0.15592   7    0.00000   1   1.021E+05 -7.332E-08  6.500E-02  2.930E+02  2.931E+02
   0.15592   7    0.00316   2   1.020E+05 -7.332E-08  6.329E-02  2.931E+02  2.931E+02
   0.15592   7    0.00947   3   1.020E+05 -6.558E-08  6.288E-02  2.931E+02  2.931E+02
   0.15592   7    0.01578   4   1.020E+05 -8.952E-09  6.189E-02  2.933E+02  2.933E+02
   0.15592   7    0.02209   5   1.020E+05  9.745E-09  6.093E-02  2.935E+02  2.935E+02
   0.15592   7    0.02841   6   1.020E+05  3.574E-08  6.008E-02  2.939E+02  2.939E+02
   0.15592   7    0.03472   7   1.020E+05  1.831E-08  5.934E-02  2.946E+02  2.945E+02
   0.15592   7    0.04103   8   1.020E+05 -7.475E-09  5.870E-02  2.956E+02  2.955E+02
   0.15592   7    0.04734   9   1.020E+05 -1.883E-08  5.816E-02  2.972E+02  2.971E+02
   0.15592   7    0.05366  10   1.020E+05 -2.091E-08  5.771E-02  2.997E+02  2.996E+02
   0.15592   7    0.05997  11   1.020E+05 -2.668E-08  5.732E-02  3.036E+02  3.034E+02
   0.15592   7    0.06628  12   1.019E+05 -3.632E-08  5.698E-02  3.096E+02  3.093E+02
   0.15592   7    0.07259  13   1.019E+05 -4.365E-08  5.669E-02  3.185E+02  3.182E+02
   0.15592   7    0.07891  14   1.019E+05 -4.938E-08  5.644E-02  3.320E+02  3.315E+02
   0.15592   7    0.08522  15   1.019E+05 -5.261E-08  5.622E-02  3.523E+02  3.515E+02
   0.15592   7    0.09153  16   1.019E+05 -5.345E-08  5.605E-02  3.841E+02  3.829E+02
   0.15592   7    0.09784  17   1.019E+05 -5.328E-08  5.592E-02  4.382E+02  4.362E+02
   0.15592   7    0.10416  18   1.019E+05 -5.303E-08  5.607E-02  5.410E+02  5.396E+02
   0.15592   7    0.11047  19   1.019E+05 -5.325E-08  5.579E-02  5.532E+02  5.526E+02
   0.15592   7    0.11678  20   1.019E+05 -5.317E-08  5.569E-02  5.577E+02  5.575E+02
   0.15592   7    0.12309  21   1.019E+05 -5.281E-08  5.561E-02  5.523E+02  5.525E+02
   0.15592   7    0.12941  22   1.019E+05 -5.204E-08  5.551E-02  5.372E+02  5.378E+02
   0.15592   7    0.13572  23   1.018E+05 -5.118E-08  5.542E-02  5.141E+02  5.150E+02
   0.15592   7    0.14203  24   1.018E+05 -4.959E-08  5.532E-02  4.858E+02  4.869E+02
   0.15592   7    0.14834  25   1.018E+05 -4.569E-08  5.521E-02  4.552E+02  4.564E+02
   0.15592   7    0.15466  26   1.018E+05 -3.917E-08  5.508E-02  4.250E+02  4.263E+02
   0.15592   7    0.16097  27   1.018E+05 -2.987E-08  5.493E-02  3.973E+02  3.984E+02
   0.15592   7    0.16728  28   1.018E+05 -1.829E-08  5.478E-02  3.730E+02  3.740E+02
   0.15592   7    0.17359  29   1.018E+05 -5.310E-09  5.463E-02  3.529E+02  3.537E+02
   0.15592   7    0.17991  30   1.018E+05  9.444E-09  5.449E-02  3.368E+02  3.375E+02
   0.15592   7    0.18622  31   1.018E+05  2.652E-08  5.436E-02  3.244E+02  3.249E+02
   0.15592   7    0.19253  32   1.018E+05  4.451E-08  5.423E-02  3.151E+02  3.154E+02
   0.15592   7    0.19884  33   1.018E+05  6.271E-08  5.411E-02  3.083E+02  3.086E+02
   0.15592   7    0.20516  34   1.017E+05  8.113E-08  5.401E-02  3.035E+02  3.037E+02
   0.15592   7    0.21147  35   1.017E+05  1.082E-07  5.393E-02  3.001E+02  3.003E+02
   0.15592   7    0.21778  36   1.017E+05  1.278E-07  5.386E-02  2.979E+02  2.980E+02
   0.15592   7    0.22409  37   1.017E+05  1.102E-07  5.379E-02  2.963E+02  2.964E+02
   0.15592   7    0.23041  38   1.017E+05  8.492E-08  5.372E-02  2.953E+02  2.954E+02
   0.15592   7    0.23672  39   1.017E+05  6.994E-08  5.367E-02  2.946E+02  2.947E+02
   0.15592   7    0.24303  40   1.017E+05  5.667E-08  5.363E-02  2.942E+02  2.942E+02
   0.15592   7    0.24934  41   1.017E+05  4.608E-08  5.359E-02  2.939E+02  2.939E+02
   0.15592   7    0.25566  42   1.017E+05  3.682E-08  5.355E-02  2.937E+02  2.937E+02
   0.15592   7    0.26197  43   1.017E+05  2.901E-08  5.351E-02  2.936E+02  2.936E+02
   0.15592   7    0.26828  44   1.017E+05  2.229E-08  5.348E-02  2.935E+02  2.935E+02
   0.15592   7    0.27459  45   1.016E+05  1.692E-08  5.345E-02  2.934E+02  2.934E+02
   0.15592   7    0.28091  46   1.016E+05  1.312E-08  5.343E-02  2.934E+02  2.934E+02
   0.15592   7    0.28722  47   1.016E+05  1.020E-08  5.341E-02  2.933E+02  2.933E+02
   0.15592   7    0.29353  48   1.016E+05  8.216E-09  5.339E-02  2.933E+02  2.933E+02
   0.15592   7    0.29984  49   1.016E+05  7.204E-09  5.336E-02  2.933E+02  2.933E+02
   0.15592   7    0.30616  50   1.016E+05  6.954E-09  5.334E-02  2.932E+02  2.933E+02
   0.15592   7    0.31247  51   1.016E+05  7.298E-09  5.332E-02  2.932E+02  2.932E+02
   0.15592   7    0.31878  52   1.016E+05  7.649E-09  5.331E-02  2.932E+02  2.932E+02
   0.15592   7    0.32509  53   1.016E+05  8.918E-09  5.330E-02  2.932E+02  2.932E+02
   0.15592   7    0.33141  54   1.016E+05  1.098E-08  5.329E-02  2.932E+02  2.932E+02
   0.15592   7    0.33772  55   1.016E+05  1.206E-08  5.327E-02  2.932E+02  2.932E+02
   0.15592   7    0.34403  56   1.016E+05  1.291E-08  5.325E-02  2.931E+02  2.931E+02
   0.15592   7    0.35034  57   1.015E+05  1.339E-08  5.325E-02  2.931E+02  2.931E+02
   0.15592   7    0.35666  58   1.015E+05  1.384E-08  5.324E-02  2.931E+02  2.931E+02
   0.15592   7    0.36297  59   1.015E+05  1.415E-08  5.324E-02  2.931E+02  2.931E+02
   0.15592   7    0.36928  60   1.015E+05  1.355E-08  5.323E-02  2.931E+02  2.931E+02
   0.15592   7    0.37559  61   1.015E+05  1.312E-08  5.321E-02  2.931E+02  2.931E+02
   0.15592   7    0.38191  62   1.015E+05  1.271E-08  5.321E-02  2.931E+02  2.931E+02
   0.15592   7    0.38822  63   1.015E+05  1.216E-08  5.321E-02  2.931E+02  2.931E+02
   0.15592   7    0.39453  64   1.015E+05  1.151E-08  5.320E-02  2.931E+02  2.931E+02
   0.15592   7    0.40084  65   1.015E+05  1.087E-08  5.319E-02  2.931E+02  2.931E+02
   0.15592   7    0.40716  66   1.015E+05  9.847E-09  5.319E-02  2.931E+02  2.931E+02
   0.15592   7    0.41347  67   1.015E+05  8.811E-09  5.318E-02  2.930E+02  2.930E+02
   0.15592   7    0.41978  68   1.014E+05  7.740E-09  5.317E-02  2.930E+02  2.930E+02
   0.15592   7    0.42609  69   1.014E+05  6.543E-09  5.318E-02  2.930E+02  2.930E+02
   0.15592   7    0.43241  70   1.014E+05  5.397E-09  5.318E-02  2.930E+02  2.930E+02
   0.15592   7    0.43872  71   1.014E+05  4.209E-09  5.317E-02  2.930E+02  2.930E+02
   0.15592   7    0.44503  72   1.014E+05  3.176E-09  5.317E-02  2.930E+02  2.930E+02
   0.15592   7    0.45134  73   1.014E+05  2.354E-09  5.316E-02  2.930E+02  2.930E+02
   0.15592   7    0.45766  74   1.014E+05  1.092E-09  5.316E-02  2.930E+02  2.930E+02
   0.15592   7    0.46397  75   1.014E+05  1.688E-10  5.316E-02  2.930E+02  2.930E+02
   0.15592   7    0.47028  76   1.014E+05  1.819E-10  5.316E-02  2.930E+02  2.930E+02
   0.15592   7    0.47659  77   1.014E+05  5.698E-10  5.316E-02  2.930E+02  2.930E+02
   0.15592   7    0.48291  78   1.014E+05  3.619E-10  5.316E-02  2.930E+02  2.930E+02
   0.15592   7    0.48922  79   1.013E+05  3.032E-10  5.317E-02  2.930E+02  2.930E+02
   0.15592   7    0.49553  80   1.013E+05  1.336E-10  5.319E-02  2.930E+02  2.930E+02
   0.15592   7    0.50184  81   1.013E+05 -5.738E-10  5.321E-02  2.930E+02  2.930E+02
   0.15592   7    0.50500  82   1.013E+05 -5.738E-10  5.321E-02  2.930E+02  2.930E+02
   0.18427   8    0.00000   1   1.021E+05  2.404E-08  6.500E-02  2.930E+02  2.931E+02
   0.18427   8    0.00316   2   1.020E+05  2.404E-08  6.329E-02  2.931E+02  2.931E+02
   0.18427   8    0.00947   3   1.020E+05 -4.597E-09  6.288E-02  2.931E+02  2.931E+02
   0.18427   8    0.01578   4   1.020E+05 -3.776E-08  6.189E-02  2.933E+02  2.933E+02
   0.18427   8    0.02209   5   1.020E+05 -6.861E-08  6.093E-02  2.935E+02  2.935E+02
   0.18427   8    0.02841   6   1.020E+05 -8.777E-08  6.008E-02  2.939E+02  2.939E+02
   0.18427   8    0.03472   7   1.020E+05 -7.307E-08  5.934E-02  2.946E+02  2.946E+02
   0.18427   8    0.04103   8   1.020E+05 -4.886E-08  5.870E-02  2.956E+02  2.956E+02
   0.18427   8    0.04734   9   1.020E+05 -3.787E-08  5.816E-02  2.972E+02  2.971E+02
   0.18427   8    0.05366  10   1.020E+05 -3.234E-08  5.771E-02  2.997E+02  2.996E+02
   0.18427   8    0.05997  11   1.020E+05 -3.085E-08  5.732E-02  3.036E+02  3.035E+02
   0.18427   8    0.06628  12   1.019E+05 -3.139E-08  5.698E-02  3.096E+02  3.093E+02
   0.18427   8    0.07259  13   1.019E+05 -3.288E-08  5.669E-02  3.185E+02  3.182E+02
   0.18427   8    0.07891  14   1.019E+05 -3.411E-08  5.644E-02  3.320E+02  3.315E+02
   0.18427   8    0.08522  15   1.019E+05 -3.498E-08  5.622E-02  3.523E+02  3.515E+02
   0.18427   8    0.09153  16   1.019E+05 -3.602E-08  5.605E-02  3.841E+02  3.829E+02
   0.18427   8    0.09784  17   1.019E+05 -3.659E-08  5.592E-02  4.382E+02  4.362E+02
   0.18427   8    0.10416  18   1.019E+05 -3.740E-08  5.607E-02  5.410E+02  5.396E+02
   0.18427   8    0.11047  19   1.019E+05 -3.845E-08  5.579E-02  5.532E+02  5.526E+02
   0.18427   8    0.11678  20   1.019E+05 -3.900E-08  5.569E-02  5.577E+02  5.575E+02
   0.18427   8    0.12309  21   1.019E+05 -3.973E-08  5.561E-02  5.523E+02  5.525E+02
   0.18427   8    0.12941  22   1.019E+05 -4.004E-08  5.551E-02  5.372E+02  5.378E+02
   0.18427   8    0.13572  23   1.018E+05 -3.982E-08  5.542E-02  5.141E+02  5.150E+02
   0.18427   8    0.14203  24   1.018E+05 -3.782E-08  5.532E-02  4.858E+02  4.869E+02
   0.18427   8    0.14834  25   1.018E+05 -3.445E-08  5.520E-02  4.552E+02  4.564E+02
   0.18427   8    0.15466  26   1.018E+05 -3.032E-08  5.508E-02  4.250E+02  4.262E+02
   0.18427   8    0.16097  27   1.018E+05 -2.363E-08  5.493E-02  3.972E+02  3.984E+02
   0.18427   8    0.16728  28   1.018E+05 -1.411E-08  5.478E-02  3.730E+02  3.740E+02
   0.18427   8    0.17359  29   1.018E+05 -3.919E-09  5.463E-02  3.529E+02  3.537E+02
   0.18427   8    0.17991  30   1.018E+05  6.315E-09  5.449E-02  3.368E+02  3.374E+02
   0.18427   8    0.18622  31   1.018E+05  1.775E-08  5.436E-02  3.244E+02  3.249E+02
   0.18427   8    0.19253  32   1.018E+05  2.911E-08  5.423E-02  3.151E+02  3.154E+02
   0.18427   8    0.19884  33   1.018E+05  3.873E-08  5.411E-02  3.083E+02  3.086E+02
   0.18427   8    0.20516  34   1.017E+05  4.662E-08  5.401E-02  3.035E+02  3.037E+02
   0.18427   8    0.21147  35   1.017E+05  5.268E-08  5.393E-02  3.001E+02  3.003E+02
   0.18427   8    0.21778  36   1.017E+05  5.556E-08  5.386E-02  2.979E+02  2.979E+02
   0.18427   8    0.22409  37   1.017E+05  5.505E-08  5.379E-02  2.963E+02  2.964E+02
   0.18427   8    0.23041  38   1.017E+05  5.191E-08  5.372E-02  2.953E+02  2.954E+02
   0.18427   8    0.23672  39   1.017E+05  4.754E-08  5.367E-02  2.946E+02  2.947E+02
   0.18427   8    0.24303  40   1.017E+05  4.264E-08  5.363E-02  2.942E+02  2.942E+02
   0.18427   8    0.24934  41   1.017E+05  3.788E-08  5.359E-02  2.939E+02  2.939E+02
   0.18427   8    0.25566  42   1.017E+05  3.268E-08  5.355E-02  2.937E+02  2.937E+02
   0.18427   8    0.26197  43   1.017E+05  2.827E-08  5.351E-02  2.936E+02  2.936E+02
   0.18427   8    0.26828  44   1.017E+05  2.445E-08  5.348E-02  2.935E+02  2.935E+02
   0.18427   8    0.27459  45   1.016E+05  2.059E-08  5.345E-02  2.934E+02  2.934E+02
   0.18427   8    0.28091  46   1.016E+05  1.743E-08  5.343E-02  2.934E+02  2.934E+02
   0.18427   8    0.28722  47   1.016E+05  1.491E-08  5.341E-02  2.933E+02  2.933E+02
   0.18427   8    0.29353  48   1.016E+05  1.304E-08  5.339E-02  2.933E+02  2.933E+02
   0.18427   8    0.29984  49   1.016E+05  1.170E-08  5.336E-02  2.933E+02  2.933E+02
   0.18427   8    0.30616  50   1.016E+05  1.094E-08  5.334E-02  2.932E+02  2.933E+02
   0.18427   8    0.31247  51   1.016E+05  1.056E-08  5.332E-02  2.932E+02  2.932E+02
   0.18427   8    0.31878  52   1.016E+05  1.046E-08  5.331E-02  2.932E+02  2.932E+02
   0.18427   8    0.32509  53   1.016E+05  1.062E-08  5.330E-02  2.932E+02  2.932E+02
   0.18427   8    0.33141  54   1.016E+05  1.088E-08  5.329E-02  2.932E+02  2.932E+02
   0.18427   8    0.33772  55   1.016E+05  1.111E-08  5.327E-02  2.932E+02  2.932E+02
   0.18427   8    0.34403  56   1.016E+05  1.120E-08  5.325E-02  2.931E+02  2.931E+02
   0.18427   8    0.35034  57   1.015E+05  1.104E-08  5.325E-02  2.931E+02  2.931E+02
   0.18427   8    0.35666  58   1.015E+05  1.073E-08  5.324E-02  2.931E+02  2.931E+02
   0.18427   8    0.36297  59   1.015E+05  1.022E-08  5.324E-02  2.931E+02  2.931E+02
   0.18427   8    0.36928  60   1.015E+05  9.848E-09  5.323E-02  2.931E+02  2.931E+02
   0.18427   8    0.37559  61   1.015E+05  9.625E-09  5.321E-02  2.931E+02  2.931E+02
   0.18427   8    0.38191  62   1.015E+05  9.314E-09  5.321E-02  2.931E+02  2.931E+02
   0.18427   8    0.38822  63   1.015E+05  8.690E-09  5.321E-02  2.931E+02  2.931E+02
   0.18427   8    0.39453  64   1.015E+05  7.881E-09  5.320E-02  2.931E+02  2.931E+02
   0.18427   8    0.40084  65   1.015E+05  7.224E-09  5.319E-02  2.931E+02  2.931E+02
   0.18427   8    0.40716  66   1.015E+05  6.615E-09  5.319E-02  2.931E+02  2.931E+02
   0.18427   8    0.41347  67   1.015E+05  5.997E-09  5.318E-02  2.930E+02  2.930E+02
   0.18427   8    0.41978  68   1.014E+05  5.387E-09  5.317E-02  2.930E+02  2.930E+02
   0.18427   8    0.42609  69   1.014E+05  4.755E-09  5.318E-02  2.930E+02  2.930E+02
   0.18427   8    0.43241  70   1.014E+05  4.194E-09  5.318E-02  2.930E+02  2.930E+02
   0.18427   8    0.43872  71   1.014E+05  3.647E-09  5.317E-02  2.930E+02  2.930E+02
   0.18427   8    0.44503  72   1.014E+05  2.893E-09  5.317E-02  2.930E+02  2.930E+02
   0.18427   8    0.45134  73   1.014E+05  2.468E-09  5.316E-02  2.930E+02  2.930E+02
   0.18427   8    0.45766  74   1.014E+05  2.103E-09  5.316E-02  2.930E+02  2.930E+02
   0.18427   8    0.46397  75   1.014E+05  1.853E-09  5.316E-02  2.930E+02  2.930E+02
   0.18427   8    0.47028  76   1.014E+05  1.680E-09  5.316E-02  2.930E+02  2.930E+02
   0.18427   8    0.47659  77   1.014E+05  1.155E-09  5.316E-02  2.930E+02  2.930E+02
   0.18427   8    0.48291  78   1.014E+05  8.064E-10  5.316E-02  2.930E+02  2.930E+02
   0.18427   8    0.48922  79   1.013E+05  4.742E-10  5.317E-02  2.930E+02  2.930E+02
   0.18427   8    0.49553  80   1.013E+05  7.080E-11  5.319E-02  2.930E+02  2.930E+02
   0.18427   8    0.50184  81   1.013E+05 -7.258E-11  5.321E-02  2.930E+02  2.930E+02
   0.18427   8    0.50500  82   1.013E+05 -7.258E-11  5.321E-02  2.930E+02  2.930E+02
   0.21262   9    0.00000   1   1.021E+05 -6.420E-08  6.500E-02  2.930E+02  2.931E+02
   0.21262   9    0.00316   2   1.020E+05 -6.420E-08  6.329E-02  2.931E+02  2.931E+02
   0.21262   9    0.00947   3   1.020E+05 -7.325E-08  6.288E-02  2.931E+02  2.931E+02
   0.21262   9    0.01578   4   1.020E+05 -8.734E-08  6.189E-02  2.933E+02  2.933E+02
   0.21262   9    0.02209   5   1.020E+05 -1.081E-07  6.093E-02  2.935E+02  2.935E+02
   0.21262   9    0.02841   6   1.020E+05 -1.212E-07  6.008E-02  2.939E+02  2.939E+02
   0.21262   9    0.03472   7   1.020E+05 -9.889E-08  5.934E-02  2.946E+02  2.946E+02
   0.21262   9    0.04103   8   1.020E+05 -6.621E-08  5.870E-02  2.956E+02  2.955E+02
   0.21262   9    0.04734   9   1.020E+05 -4.748E-08  5.816E-02  2.972E+02  2.971E+02
   0.21262   9    0.05366  10   1.020E+05 -3.639E-08  5.771E-02  2.997E+02  2.996E+02
   0.21262   9    0.05997  11   1.020E+05 -2.906E-08  5.732E-02  3.036E+02  3.035E+02
   0.21262   9    0.06628  12   1.019E+05 -2.482E-08  5.698E-02  3.096E+02  3.093E+02
   0.21262   9    0.07259  13   1.019E+05 -2.252E-08  5.669E-02  3.185E+02  3.182E+02
   0.21262   9    0.07891  14   1.019E+05 -2.114E-08  5.644E-02  3.320E+02  3.315E+02
   0.21262   9    0.08522  15   1.019E+05 -2.134E-08  5.622E-02  3.523E+02  3.515E+02
   0.21262   9    0.09153  16   1.019E+05 -2.191E-08  5.605E-02  3.841E+02  3.829E+02
   0.21262   9    0.09784  17   1.019E+05 -2.203E-08  5.592E-02  4.382E+02  4.361E+02
   0.21262   9    0.10416  18   1.019E+05 -2.237E-08  5.607E-02  5.410E+02  5.396E+02
   0.21262   9    0.11047  19   1.019E+05 -2.318E-08  5.579E-02  5.532E+02  5.526E+02
   0.21262   9    0.11678  20   1.019E+05 -2.331E-08  5.569E-02  5.577E+02  5.574E+02
   0.21262   9    0.12309  21   1.019E+05 -2.342E-08  5.561E-02  5.523E+02  5.525E+02
   0.21262   9    0.12941  22   1.019E+05 -2.323E-08  5.551E-02  5.372E+02  5.378E+02
   0.21262   9    0.13572  23   1.018E+05 -2.270E-08  5.542E-02  5.141E+02  5.150E+02
   0.21262   9    0.14203  24   1.018E+05 -2.110E-08  5.532E-02  4.857E+02  4.869E+02
   0.21262   9    0.14834  25   1.018E+05 -1.872E-08  5.520E-02  4.552E+02  4.564E+02
   0.21262   9    0.15466  26   1.018E+05 -1.577E-08  5.508E-02  4.250E+02  4.262E+02
   0.21262   9    0.16097  27   1.018E+05 -1.234E-08  5.493E-02  3.972E+02  3.984E+02
   0.21262   9    0.16728  28   1.018E+05 -8.528E-09  5.478E-02  3.730E+02  3.740E+02
   0.21262   9    0.17359  29   1.018E+05 -4.013E-09  5.463E-02  3.529E+02  3.537E+02
   0.21262   9    0.17991  30   1.018E+05  6.646E-10  5.449E-02  3.368E+02  3.374E+02
   0.21262   9    0.18622  31   1.018E+05  5.132E-09  5.436E-02  3.244E+02  3.249E+02
   0.21262   9    0.19253  32   1.018E+05  9.244E-09  5.423E-02  3.151E+02  3.154E+02
   0.21262   9    0.19884  33   1.018E+05  1.277E-08  5.411E-02  3.083E+02  3.086E+02
   0.21262   9    0.20516  34   1.017E+05  1.573E-08  5.401E-02  3.035E+02  3.037E+02
   0.21262   9    0.21147  35   1.017E+05  1.814E-08  5.393E-02  3.001E+02  3.003E+02
   0.21262   9    0.21778  36   1.017E+05  1.955E-08  5.386E-02  2.979E+02  2.979E+02
   0.21262   9    0.22409  37   1.017E+05  2.011E-08  5.379E-02  2.963E+02  2.964E+02
   0.21262   9    0.23041  38   1.017E+05  2.009E-08  5.372E-02  2.953E+02  2.954E+02
   0.21262   9    0.23672  39   1.017E+05  1.995E-08  5.367E-02  2.946E+02  2.947E+02
   0.21262   9    0.24303  40   1.017E+05  1.843E-08  5.363E-02  2.942E+02  2.942E+02
   0.21262   9    0.24934  41   1.017E+05  1.612E-08  5.359E-02  2.939E+02  2.939E+02
   0.21262   9    0.25566  42   1.017E+05  1.471E-08  5.355E-02  2.937E+02  2.937E+02
   0.21262   9    0.26197  43   1.017E+05  1.363E-08  5.351E-02  2.936E+02  2.936E+02
   0.21262   9    0.26828  44   1.017E+05  1.234E-08  5.348E-02  2.935E+02  2.935E+02
   0.21262   9    0.27459  45   1.016E+05  1.103E-08  5.345E-02  2.934E+02  2.934E+02
   0.21262   9    0.28091  46   1.016E+05  9.644E-09  5.343E-02  2.934E+02  2.934E+02
   0.21262   9    0.28722  47   1.016E+05  8.841E-09  5.341E-02  2.933E+02  2.933E+02
   0.21262   9    0.29353  48   1.016E+05  8.320E-09  5.339E-02  2.933E+02  2.933E+02
   0.21262   9    0.29984  49   1.016E+05  7.840E-09  5.336E-02  2.933E+02  2.933E+02
   0.21262   9    0.30616  50   1.016E+05  7.512E-09  5.334E-02  2.932E+02  2.933E+02
   0.21262   9    0.31247  51   1.016E+05  7.545E-09  5.332E-02  2.932E+02  2.932E+02
   0.21262   9    0.31878  52   1.016E+05  8.027E-09  5.331E-02  2.932E+02  2.932E+02
   0.21262   9    0.32509  53   1.016E+05  7.900E-09  5.330E-02  2.932E+02  2.932E+02
   0.21262   9    0.33141  54   1.016E+05  8.238E-09  5.329E-02  2.932E+02  2.932E+02
   0.21262   9    0.33772  55   1.016E+05  8.726E-09  5.327E-02  2.932E+02  2.932E+02
   0.21262   9    0.34403  56   1.016E+05  8.700E-09  5.325E-02  2.931E+02  2.931E+02
   0.21262   9    0.35034  57   1.015E+05  8.685E-09  5.325E-02  2.931E+02  2.931E+02
   0.21262   9    0.35666  58   1.015E+05  8.191E-09  5.324E-02  2.931E+02  2.931E+02
   0.21262   9    0.36297  59   1.015E+05  7.297E-09  5.324E-02  2.931E+02  2.931E+02
   0.21262   9    0.36928  60   1.015E+05  6.758E-09  5.323E-02  2.931E+02  2.931E+02
   0.21262   9    0.37559  61   1.015E+05  6.317E-09  5.321E-02  2.931E+02  2.931E+02
   0.21262   9    0.38191  62   1.015E+05  5.961E-09  5.321E-02  2.931E+02  2.931E+02
   0.21262   9    0.38822  63   1.015E+05  5.486E-09  5.321E-02  2.931E+02  2.931E+02
   0.21262   9    0.39453  64   1.015E+05  5.179E-09  5.320E-02  2.931E+02  2.931E+02
   0.21262   9    0.40084  65   1.015E+05  4.888E-09  5.319E-02  2.931E+02  2.931E+02
   0.21262   9    0.40716  66   1.015E+05  4.570E-09  5.319E-02  2.931E+02  2.931E+02
   0.21262   9    0.41347  67   1.015E+05  4.291E-09  5.318E-02  2.930E+02  2.930E+02
   0.21262   9    0.41978  68   1.014E+05  3.951E-09  5.317E-02  2.930E+02  2.930E+02
   0.21262   9    0.42609  69   1.014E+05  4.094E-09  5.318E-02  2.930E+02  2.930E+02
   0.21262   9    0.43241  70   1.014E+05  4.226E-09  5.318E-02  2.930E+02  2.930E+02
   0.21262   9    0.43872  71   1.014E+05  3.534E-09  5.317E-02  2.930E+02  2.930E+02
   0.21262   9    0.44503  72   1.014E+05  3.008E-09  5.317E-02  2.930E+02  2.930E+02
   0.21262   9    0.45134  73   1.014E+05  2.812E-09  5.316E-02  2.930E+02  2.930E+02
   0.21262   9    0.45766  74   1.014E+05  2.675E-09  5.316E-02  2.930E+02  2.930E+02
   0.21262   9    0.46397  75   1.014E+05  2.239E-09  5.316E-02  2.930E+02  2.930E+02
   0.21262   9    0.47028  76   1.014E+05  1.843E-09  5.316E-02  2.930E+02  2.930E+02
   0.21262   9    0.47659  77   1.014E+05  1.610E-09  5.316E-02  2.930E+02  2.930E+02
   0.21262   9    0.48291  78   1.014E+05  1.396E-09  5.316E-02  2.930E+02  2.930E+02
   0.21262   9    0.48922  79   1.013E+05  1.009E-09  5.317E-02  2.930E+02  2.930E+02
   0.21262   9    0.49553  80   1.013E+05  7.097E-10  5.319E-02  2.930E+02  2.930E+02
   0.21262   9    0.50184  81   1.013E+05  8.617E-10  5.321E-02  2.930E+02  2.930E+02
   0.21262   9    0.50500  82   1.013E+05  8.617E-10  5.321E-02  2.930E+02  2.930E+02
   0.24097  10    0.00000   1   1.021E+05 -1.600E-07  6.500E-02  2.930E+02  2.931E+02
   0.24097  10    0.00316   2   1.020E+05 -1.600E-07  6.329E-02  2.931E+02  2.931E+02
   0.24097  10    0.00947   3   1.020E+05 -1.307E-07  6.288E-02  2.931E+02  2.931E+02
   0.24097  10    0.01578   4   1.020E+05 -1.010E-07  6.189E-02  2.933E+02  2.933E+02
   0.24097  10    0.02209   5   1.020E+05 -8.387E-08  6.093E-02  2.935E+02  2.935E+02
   0.24097  10    0.02841   6   1.020E+05 -6.907E-08  6.008E-02  2.939E+02  2.939E+02
   0.24097  10    0.03472   7   1.020E+05 -5.552E-08  5.934E-02  2.946E+02  2.946E+02
   0.24097  10    0.04103   8   1.020E+05 -4.350E-08  5.870E-02  2.956E+02  2.955E+02
   0.24097  10    0.04734   9   1.020E+05 -3.317E-08  5.816E-02  2.972E+02  2.971E+02
   0.24097  10    0.05366  10   1.020E+05 -2.456E-08  5.771E-02  2.997E+02  2.996E+02
   0.24097  10    0.05997  11   1.020E+05 -1.784E-08  5.732E-02  3.036E+02  3.034E+02
   0.24097  10    0.06628  12   1.019E+05 -1.270E-08  5.698E-02  3.096E+02  3.093E+02
   0.24097  10    0.07259  13   1.019E+05 -8.816E-09  5.669E-02  3.185E+02  3.182E+02
   0.24097  10    0.07891  14   1.019E+05 -6.550E-09  5.644E-02  3.320E+02  3.315E+02
   0.24097  10    0.08522  15   1.019E+05 -4.854E-09  5.622E-02  3.523E+02  3.515E+02
   0.24097  10    0.09153  16   1.019E+05 -1.355E-09  5.605E-02  3.841E+02  3.829E+02
   0.24097  10    0.09784  17   1.019E+05  4.046E-10  5.592E-02  4.382E+02  4.362E+02
   0.24097  10    0.10416  18   1.019E+05  1.553E-08  5.607E-02  5.410E+02  5.396E+02
   0.24097  10    0.11047  19   1.019E+05  1.796E-09  5.579E-02  5.532E+02  5.526E+02
   0.24097  10    0.11678  20   1.019E+05  1.491E-10  5.569E-02  5.577E+02  5.574E+02
   0.24097  10    0.12309  21   1.019E+05 -2.391E-09  5.561E-02  5.523E+02  5.525E+02
   0.24097  10    0.12941  22   1.019E+05 -3.755E-09  5.551E-02  5.372E+02  5.378E+02
   0.24097  10    0.13572  23   1.018E+05 -4.487E-09  5.542E-02  5.141E+02  5.150E+02
   0.24097  10    0.14203  24   1.018E+05 -5.632E-09  5.532E-02  4.857E+02  4.869E+02
   0.24097  10    0.14834  25   1.018E+05 -6.488E-09  5.520E-02  4.552E+02  4.564E+02
   0.24097  10    0.15466  26   1.018E+05 -6.286E-09  5.508E-02  4.250E+02  4.262E+02
   0.24097  10    0.16097  27   1.018E+05 -6.064E-09  5.493E-02  3.972E+02  3.984E+02
   0.24097  10    0.16728  28   1.018E+05 -6.549E-09  5.478E-02  3.730E+02  3.740E+02
   0.24097  10    0.17359  29   1.018E+05 -6.527E-09  5.463E-02  3.529E+02  3.537E+02
   0.24097  10    0.17991  30   1.018E+05 -5.215E-09  5.449E-02  3.368E+02  3.374E+02
   0.24097  10    0.18622  31   1.018E+05 -3.846E-09  5.436E-02  3.244E+02  3.249E+02
   0.24097  10    0.19253  32   1.018E+05 -2.620E-09  5.423E-02  3.151E+02  3.154E+02
   0.24097  10    0.19884  33   1.018E+05 -1.228E-09  5.411E-02  3.083E+02  3.086E+02
   0.24097  10    0.20516  34   1.017E+05  2.540E-10  5.401E-02  3.035E+02  3.037E+02
   0.24097  10    0.21147  35   1.017E+05  1.677E-09  5.393E-02  3.001E+02  3.003E+02
   0.24097  10    0.21778  36   1.017E+05  3.169E-09  5.386E-02  2.979E+02  2.979E+02
   0.24097  10    0.22409  37   1.017E+05  4.367E-09  5.379E-02  2.963E+02  2.964E+02
   0.24097  10    0.23041  38   1.017E+05  5.360E-09  5.372E-02  2.953E+02  2.954E+02
   0.24097  10    0.23672  39   1.017E+05  6.401E-09  5.367E-02  2.946E+02  2.947E+02
   0.24097  10    0.24303  40   1.017E+05  6.401E-09  5.363E-02  2.942E+02  2.942E+02
   0.24097  10    0.24934  41   1.017E+05  5.676E-09  5.359E-02  2.939E+02  2.939E+02
   0.24097  10    0.25566  42   1.017E+05  5.856E-09  5.355E-02  2.937E+02  2.937E+02
   0.24097  10    0.26197  43   1.017E+05  5.661E-09  5.351E-02  2.936E+02  2.936E+02
   0.24097  10    0.26828  44   1.017E+05  5.092E-09  5.348E-02  2.935E+02  2.935E+02
   0.24097  10    0.27459  45   1.016E+05  4.832E-09  5.345E-02  2.934E+02  2.934E+02
   0.24097  10    0.28091  46   1.016E+05  4.863E-09  5.343E-02  2.934E+02  2.934E+02
   0.24097  10    0.28722  47   1.016E+05  4.703E-09  5.341E-02  2.933E+02  2.933E+02
   0.24097  10    0.29353  48   1.016E+05  4.318E-09  5.339E-02  2.933E+02  2.933E+02
   0.24097  10    0.29984  49   1.016E+05  4.563E-09  5.336E-02  2.933E+02  2.933E+02
   0.24097  10    0.30616  50   1.016E+05  4.662E-09  5.334E-02  2.932E+02  2.933E+02
   0.24097  10    0.31247  51   1.016E+05  4.439E-09  5.332E-02  2.932E+02  2.932E+02
   0.24097  10    0.31878  52   1.016E+05  4.465E-09  5.331E-02  2.932E+02  2.932E+02
   0.24097  10    0.32509  53   1.016E+05  4.516E-09  5.330E-02  2.932E+02  2.932E+02
   0.24097  10    0.33141  54   1.016E+05  4.982E-09  5.329E-02  2.932E+02  2.932E+02
   0.24097  10    0.33772  55   1.016E+05  5.266E-09  5.327E-02  2.932E+02  2.932E+02
   0.24097  10    0.34403  56   1.016E+05  5.256E-09  5.325E-02  2.931E+02  2.931E+02
   0.24097  10    0.35034  57   1.015E+05  5.441E-09  5.325E-02  2.931E+02  2.931E+02
   0.24097  10    0.35666  58   1.015E+05  5.699E-09  5.324E-02  2.931E+02  2.931E+02
   0.24097  10    0.36297  59   1.015E+05  5.507E-09  5.324E-02  2.931E+02  2.931E+02
   0.24097  10    0.36928  60   1.015E+05  5.096E-09  5.323E-02  2.931E+02  2.931E+02
   0.24097  10    0.37559  61   1.015E+05  4.358E-09  5.321E-02  2.931E+02  2.931E+02
   0.24097  10    0.38191  62   1.015E+05  3.860E-09  5.321E-02  2.931E+02  2.931E+02
   0.24097  10    0.38822  63   1.015E+05  3.770E-09  5.321E-02  2.931E+02  2.931E+02
   0.24097  10    0.39453  64   1.015E+05  3.825E-09  5.320E-02  2.931E+02  2.931E+02
   0.24097  10    0.40084  65   1.015E+05  3.823E-09  5.319E-02  2.931E+02  2.931E+02
   0.24097  10    0.40716  66   1.015E+05  3.679E-09  5.319E-02  2.931E+02  2.931E+02
   0.24097  10    0.41347  67   1.015E+05  3.367E-09  5.318E-02  2.930E+02  2.930E+02
   0.24097  10    0.41978  68   1.014E+05  2.982E-09  5.317E-02  2.930E+02  2.930E+02
   0.24097  10    0.42609  69   1.014E+05  3.118E-09  5.318E-02  2.930E+02  2.930E+02
   0.24097  10    0.43241  70   1.014E+05  3.028E-09  5.318E-02  2.930E+02  2.930E+02
   0.24097  10    0.43872  71   1.014E+05  2.551E-09  5.317E-02  2.930E+02  2.930E+02
   0.24097  10    0.44503  72   1.014E+05  2.417E-09  5.317E-02  2.930E+02  2.930E+02
   0.24097  10    0.45134  73   1.014E+05  2.324E-09  5.316E-02  2.930E+02  2.930E+02
   0.24097  10    0.45766  74   1.014E+05  2.076E-09  5.316E-02  2.930E+02  2.930E+02
   0.24097  10    0.46397  75   1.014E+05  1.366E-09  5.316E-02  2.930E+02  2.930E+02
   0.24097  10    0.47028  76   1.014E+05  8.219E-10  5.316E-02  2.930E+02  2.930E+02
   0.24097  10    0.47659  77   1.014E+05  1.050E-09  5.316E-02  2.930E+02  2.930E+02
   0.24097  10    0.48291  78   1.014E+05  1.276E-09  5.316E-02  2.930E+02  2.930E+02
   0.24097  10    0.48922  79   1.013E+05  1.211E-09  5.317E-02  2.930E+02  2.930E+02
   0.24097  10    0.49553  80   1.013E+05  1.126E-09  5.319E-02  2.930E+02  2.930E+02
   0.24097  10    0.50184  81   1.013E+05  9.927E-10  5.321E-02  2.930E+02  2.930E+02
   0.24097  10    0.50500  82   1.013E+05  9.927E-10  5.321E-02  2.930E+02  2.930E+02
   0.26932  11    0.00000   1   1.021E+05 -6.516E-08  6.500E-02  2.930E+02  2.931E+02
   0.26932  11    0.00316   2   1.020E+05 -6.516E-08  6.329E-02  2.931E+02  2.931E+02
   0.26932  11    0.00947   3   1.020E+05 -5.302E-08  6.288E-02  2.931E+02  2.931E+02
   0.26932  11    0.01578   4   1.020E+05 -4.358E-08  6.189E-02  2.933E+02  2.933E+02
   0.26932  11    0.02209   5   1.020E+05 -3.495E-08  6.093E-02  2.935E+02  2.935E+02
   0.26932  11    0.02841   6   1.020E+05 -2.731E-08  6.008E-02  2.939E+02  2.939E+02
   0.26932  11    0.03472   7   1.020E+05 -2.058E-08  5.934E-02  2.946E+02  2.946E+02
   0.26932  11    0.04103   8   1.020E+05 -1.565E-08  5.870E-02  2.956E+02  2.956E+02
   0.26932  11    0.04734   9   1.020E+05 -1.134E-08  5.816E-02  2.972E+02  2.971E+02
   0.26932  11    0.05366  10   1.020E+05 -7.077E-09  5.771E-02  2.997E+02  2.996E+02
   0.26932  11    0.05997  11   1.020E+05 -4.236E-09  5.732E-02  3.036E+02  3.035E+02
   0.26932  11    0.06628  12   1.019E+05 -1.479E-09  5.698E-02  3.096E+02  3.093E+02
   0.26932  11    0.07259  13   1.019E+05  8.863E-10  5.669E-02  3.185E+02  3.182E+02
   0.26932  11    0.07891  14   1.019E+05  2.419E-09  5.644E-02  3.320E+02  3.315E+02
   0.26932  11    0.08522  15   1.019E+05  4.360E-09  5.622E-02  3.523E+02  3.515E+02
   0.26932  11    0.09153  16   1.019E+05  7.917E-09  5.605E-02  3.841E+02  3.829E+02
   0.26932  11    0.09784  17   1.019E+05  9.670E-09  5.592E-02  4.382E+02  4.362E+02
   0.26932  11    0.10416  18   1.019E+05  2.449E-08  5.607E-02  5.410E+02  5.396E+02
   0.26932  11    0.11047  19   1.019E+05  1.080E-08  5.579E-02  5.532E+02  5.526E+02
   0.26932  11    0.11678  20   1.019E+05  8.871E-09  5.569E-02  5.577E+02  5.575E+02
   0.26932  11    0.12309  21   1.019E+05  5.776E-09  5.561E-02  5.523E+02  5.525E+02
   0.26932  11    0.12941  22   1.019E+05  3.831E-09  5.551E-02  5.372E+02  5.378E+02
   0.26932  11    0.13572  23   1.018E+05  2.412E-09  5.542E-02  5.141E+02  5.150E+02
   0.26932  11    0.14203  24   1.018E+05  7.675E-10  5.532E-02  4.858E+02  4.869E+02
   0.26932  11    0.14834  25   1.018E+05 -9.439E-10  5.520E-02  4.552E+02  4.564E+02
   0.26932  11    0.15466  26   1.018E+05 -2.332E-09  5.508E-02  4.250E+02  4.262E+02
   0.26932  11    0.16097  27   1.018E+05 -3.457E-09  5.493E-02  3.972E+02  3.984E+02
   0.26932  11    0.16728  28   1.018E+05 -4.212E-09  5.478E-02  3.730E+02  3.740E+02
   0.26932  11    0.17359  29   1.018E+05 -4.726E-09  5.463E-02  3.529E+02  3.537E+02
   0.26932  11    0.17991  30   1.018E+05 -4.855E-09  5.449E-02  3.368E+02  3.374E+02
   0.26932  11    0.18622  31   1.018E+05 -4.601E-09  5.436E-02  3.244E+02  3.249E+02
   0.26932  11    0.19253  32   1.018E+05 -3.982E-09  5.423E-02  3.151E+02  3.154E+02
   0.26932  11    0.19884  33   1.018E+05 -3.087E-09  5.411E-02  3.083E+02  3.086E+02
   0.26932  11    0.20516  34   1.017E+05 -2.373E-09  5.401E-02  3.035E+02  3.037E+02
   0.26932  11    0.21147  35   1.017E+05 -1.718E-09  5.393E-02  3.001E+02  3.003E+02
   0.26932  11    0.21778  36   1.017E+05 -9.267E-10  5.386E-02  2.979E+02  2.979E+02
   0.26932  11    0.22409  37   1.017E+05 -4.897E-11  5.379E-02  2.963E+02  2.964E+02
   0.26932  11    0.23041  38   1.017E+05  5.169E-10  5.372E-02  2.953E+02  2.954E+02
   0.26932  11    0.23672  39   1.017E+05  8.514E-10  5.367E-02  2.946E+02  2.947E+02
   0.26932  11    0.24303  40   1.017E+05  1.493E-09  5.363E-02  2.942E+02  2.942E+02
   0.26932  11    0.24934  41   1.017E+05  2.075E-09  5.359E-02  2.939E+02  2.939E+02
   0.26932  11    0.25566  42   1.017E+05  2.173E-09  5.355E-02  2.937E+02  2.937E+02
   0.26932  11    0.26197  43   1.017E+05  2.165E-09  5.351E-02  2.936E+02  2.936E+02
   0.26932  11    0.26828  44   1.017E+05  2.271E-09  5.348E-02  2.935E+02  2.935E+02
   0.26932  11    0.27459  45   1.016E+05  2.263E-09  5.345E-02  2.934E+02  2.934E+02
   0.26932  11    0.28091  46   1.016E+05  2.303E-09  5.343E-02  2.934E+02  2.934E+02
   0.26932  11    0.28722  47   1.016E+05  2.111E-09  5.341E-02  2.933E+02  2.933E+02
   0.26932  11    0.29353  48   1.016E+05  1.997E-09  5.339E-02  2.933E+02  2.933E+02
   0.26932  11    0.29984  49   1.016E+05  2.413E-09  5.336E-02  2.933E+02  2.933E+02
   0.26932  11    0.30616  50   1.016E+05  2.727E-09  5.334E-02  2.932E+02  2.933E+02
   0.26932  11    0.31247  51   1.016E+05  2.368E-09  5.332E-02  2.932E+02  2.932E+02
   0.26932  11    0.31878  52   1.016E+05  2.023E-09  5.331E-02  2.932E+02  2.932E+02
   0.26932  11    0.32509  53   1.016E+05  2.263E-09  5.330E-02  2.932E+02  2.932E+02
   0.26932  11    0.33141  54   1.016E+05  2.330E-09  5.329E-02  2.932E+02  2.932E+02
   0.26932  11    0.33772  55   1.016E+05  2.326E-09  5.327E-02  2.932E+02  2.932E+02
   0.26932  11    0.34403  56   1.016E+05  2.299E-09  5.325E-02  2.931E+02  2.931E+02
   0.26932  11    0.35034  57   1.015E+05  2.209E-09  5.325E-02  2.931E+02  2.931E+02
   0.26932  11    0.35666  58   1.015E+05  2.439E-09  5.324E-02  2.931E+02  2.931E+02
   0.26932  11    0.36297  59   1.015E+05  2.521E-09  5.324E-02  2.931E+02  2.931E+02
   0.26932  11    0.36928  60   1.015E+05  2.459E-09  5.323E-02  2.931E+02  2.931E+02
   0.26932  11    0.37559  61   1.015E+05  2.219E-09  5.321E-02  2.931E+02  2.931E+02
   0.26932  11    0.38191  62   1.015E+05  2.056E-09  5.321E-02  2.931E+02  2.931E+02
   0.26932  11    0.38822  63   1.015E+05  2.020E-09  5.321E-02  2.931E+02  2.931E+02
   0.26932  11    0.39453  64   1.015E+05  1.904E-09  5.320E-02  2.931E+02  2.931E+02
   0.26932  11    0.40084  65   1.015E+05  1.880E-09  5.319E-02  2.931E+02  2.931E+02
   0.26932  11    0.40716  66   1.015E+05  1.831E-09  5.319E-02  2.930E+02  2.931E+02
   0.26932  11    0.41347  67   1.015E+05  1.533E-09  5.318E-02  2.930E+02  2.930E+02
   0.26932  11    0.41978  68   1.014E+05  1.279E-09  5.317E-02  2.930E+02  2.930E+02
   0.26932  11    0.42609  69   1.014E+05  1.187E-09  5.318E-02  2.930E+02  2.930E+02
   0.26932  11    0.43241  70   1.014E+05  1.046E-09  5.318E-02  2.930E+02  2.930E+02
   0.26932  11    0.43872  71   1.014E+05  9.344E-10  5.317E-02  2.930E+02  2.930E+02
   0.26932  11    0.44503  72   1.014E+05  8.254E-10  5.317E-02  2.930E+02  2.930E+02
   0.26932  11    0.45134  73   1.014E+05  8.408E-10  5.316E-02  2.930E+02  2.930E+02
   0.26932  11    0.45766  74   1.014E+05  5.921E-10  5.316E-02  2.930E+02  2.930E+02
   0.26932  11    0.46397  75   1.014E+05  2.467E-10  5.316E-02  2.930E+02  2.930E+02
   0.26932  11    0.47028  76   1.014E+05  2.128E-11  5.316E-02  2.930E+02  2.930E+02
   0.26932  11    0.47659  77   1.014E+05  2.161E-10  5.316E-02  2.930E+02  2.930E+02
   0.26932  11    0.48291  78   1.014E+05  6.064E-10  5.316E-02  2.930E+02  2.930E+02
   0.26932  11    0.48922  79   1.013E+05  5.622E-10  5.317E-02  2.930E+02  2.930E+02
   0.26932  11    0.49553  80   1.013E+05  4.220E-10  5.319E-02  2.930E+02  2.930E+02
   0.26932  11    0.50184  81   1.013E+05  3.231E-10  5.321E-02  2.930E+02  2.930E+02
   0.26932  11    0.50500  82   1.013E+05  3.231E-10  5.321E-02  2.930E+02  2.930E+02
   0.28350  12    0.00000   1   1.021E+05 -6.516E-08  6.500E-02  2.930E+02  2.931E+02
   0.28350  12    0.00316   2   1.020E+05  0.000E+00  0.000E+00  2.931E+02  2.931E+02
   0.28350  12    0.00947   3   1.020E+05  0.000E+00  0.000E+00  2.931E+02  2.931E+02
   0.28350  12    0.01578   4   1.020E+05  0.000E+00  0.000E+00  2.933E+02  2.933E+02
   0.28350  12    0.02209   5   1.020E+05  0.000E+00  0.000E+00  2.935E+02  2.935E+02
   0.28350  12    0.02841   6   1.020E+05  0.000E+00  0.000E+00  2.939E+02  2.939E+02
   0.28350  12    0.03472   7   1.020E+05  0.000E+00  0.000E+00  2.946E+02  2.946E+02
   0.28350  12    0.04103   8   1.020E+05  0.000E+00  0.000E+00  2.956E+02  2.956E+02
   0.28350  12    0.04734   9   1.020E+05  0.000E+00  0.000E+00  2.972E+02  2.971E+02
   0.28350  12    0.05366  10   1.020E+05  0.000E+00  0.000E+00  2.997E+02  2.996E+02
   0.28350  12    0.05997  11   1.020E+05  0.000E+00  0.000E+00  3.036E+02  3.035E+02
   0.28350  12    0.06628  12   1.019E+05  0.000E+00  0.000E+00  3.096E+02  3.093E+02
   0.28350  12    0.07259  13   1.019E+05  0.000E+00  0.000E+00  3.185E+02  3.182E+02
   0.28350  12    0.07891  14   1.019E+05  0.000E+00  0.000E+00  3.320E+02  3.315E+02
   0.28350  12    0.08522  15   1.019E+05  0.000E+00  0.000E+00  3.523E+02  3.515E+02
   0.28350  12    0.09153  16   1.019E+05  0.000E+00  0.000E+00  3.841E+02  3.829E+02
   0.28350  12    0.09784  17   1.019E+05  0.000E+00  0.000E+00  4.382E+02  4.362E+02
   0.28350  12    0.10416  18   1.019E+05  0.000E+00  0.000E+00  5.410E+02  5.396E+02
   0.28350  12    0.11047  19   1.019E+05  0.000E+00  0.000E+00  5.532E+02  5.526E+02
   0.28350  12    0.11678  20   1.019E+05  0.000E+00  0.000E+00  5.577E+02  5.575E+02
   0.28350  12    0.12309  21   1.019E+05  0.000E+00  0.000E+00  5.523E+02  5.525E+02
   0.28350  12    0.12941  22   1.019E+05  0.000E+00  0.000E+00  5.372E+02  5.378E+02
   0.28350  12    0.13572  23   1.018E+05  0.000E+00  0.000E+00  5.141E+02  5.150E+02
   0.28350  12    0.14203  24   1.018E+05  0.000E+00  0.000E+00  4.858E+02  4.869E+02
   0.28350  12    0.14834  25   1.018E+05  0.000E+00  0.000E+00  4.552E+02  4.564E+02
   0.28350  12    0.15466  26   1.018E+05  0.000E+00  0.000E+00  4.250E+02  4.262E+02
   0.28350  12    0.16097  27   1.018E+05  0.000E+00  0.000E+00  3.972E+02  3.984E+02
   0.28350  12    0.16728  28   1.018E+05  0.000E+00  0.000E+00  3.730E+02  3.740E+02
   0.28350  12    0.17359  29   1.018E+05  0.000E+00  0.000E+00  3.529E+02  3.537E+02
   0.28350  12    0.17991  30   1.018E+05  0.000E+00  0.000E+00  3.368E+02  3.374E+02
   0.28350  12    0.18622  31   1.018E+05  0.000E+00  0.000E+00  3.244E+02  3.249E+02
   0.28350  12    0.19253  32   1.018E+05  0.000E+00  0.000E+00  3.151E+02  3.154E+02
   0.28350  12    0.19884  33   1.018E+05  0.000E+00  0.000E+00  3.083E+02  3.086E+02
   0.28350  12    0.20516  34   1.017E+05  0.000E+00  0.000E+00  3.035E+02  3.037E+02
   0.28350  12    0.21147  35   1.017E+05  0.000E+00  0.000E+00  3.001E+02  3.003E+02
   0.28350  12    0.21778  36   1.017E+05  0.000E+00  0.000E+00  2.979E+02  2.979E+02
   0.28350  12    0.22409  37   1.017E+05  0.000E+00  0.000E+00  2.963E+02  2.964E+02
   0.28350  12    0.23041  38   1.017E+05  0.000E+00  0.000E+00  2.953E+02  2.954E+02
   0.28350  12    0.23672  39   1.017E+05  0.000E+00  0.000E+00  2.946E+02  2.947E+02
   0.28350  12    0.24303  40   1.017E+05  0.000E+00  0.000E+00  2.942E+02  2.942E+02
   0.28350  12    0.24934  41   1.017E+05  0.000E+00  0.000E+00  2.939E+02  2.939E+02
   0.28350  12    0.25566  42   1.017E+05  0.000E+00  0.000E+00  2.937E+02  2.937E+02
   0.28350  12    0.26197  43   1.017E+05  0.000E+00  0.000E+00  2.936E+02  2.936E+02
   0.28350  12    0.26828  44   1.017E+05  0.000E+00  0.000E+00  2.935E+02  2.935E+02
   0.28350  12    0.27459  45   1.016E+05  0.000E+00  0.000E+00  2.934E+02  2.934E+02
   0.28350  12    0.28091  46   1.016E+05  0.000E+00  0.000E+00  2.934E+02  2.934E+02
   0.28350  12    0.28722  47   1.016E+05  0.000E+00  0.000E+00  2.933E+02  2.933E+02
   0.28350  12    0.29353  48   1.016E+05  0.000E+00  0.000E+00  2.933E+02  2.933E+02
   0.28350  12    0.29984  49   1.016E+05  0.000E+00  0.000E+00  2.933E+02  2.933E+02
   0.28350  12    0.30616  50   1.016E+05  0.000E+00  0.000E+00  2.932E+02  2.933E+02
   0.28350  12    0.31247  51   1.016E+05  0.000E+00  0.000E+00  2.932E+02  2.932E+02
   0.28350  12    0.31878  52   1.016E+05  0.000E+00  0.000E+00  2.932E+02  2.932E+02
   0.28350  12    0.32509  53   1.016E+05  0.000E+00  0.000E+00  2.932E+02  2.932E+02
   0.28350  12    0.33141  54   1.016E+05  0.000E+00  0.000E+00  2.932E+02  2.932E+02
   0.28350  12    0.33772  55   1.016E+05  0.000E+00  0.000E+00  2.932E+02  2.932E+02
   0.28350  12    0.34403  56   1.016E+05  0.000E+00  0.000E+00  2.931E+02  2.931E+02
   0.28350  12    0.35034  57   1.015E+05  0.000E+00  0.000E+00  2.931E+02  2.931E+02
   0.28350  12    0.35666  58   1.015E+05  0.000E+00  0.000E+00  2.931E+02  2.931E+02
   0.28350  12    0.36297  59   1.015E+05  0.000E+00  0.000E+00  2.931E+02  2.931E+02
   0.28350  12    0.36928  60   1.015E+05  0.000E+00  0.000E+00  2.931E+02  2.931E+02
   0.28350  12    0.37559  61   1.015E+05  0.000E+00  0.000E+00  2.931E+02  2.931E+02
   0.28350  12    0.38191  62   1.015E+05  0.000E+00  0.000E+00  2.931E+02  2.931E+02
   0.28350  12    0.38822  63   1.015E+05  0.000E+00  0.000E+00  2.931E+02  2.931E+02
   0.28350  12    0.39453  64   1.015E+05  0.000E+00  0.000E+00  2.931E+02  2.931E+02
   0.28350  12    0.40084  65   1.015E+05  0.000E+00  0.000E+00  2.931E+02  2.931E+02
   0.28350  12    0.40716  66   1.015E+05  0.000E+00  0.000E+00  2.930E+02  2.931E+02
   0.28350  12    0.41347  67   1.015E+05  0.000E+00  0.000E+00  2.930E+02  2.930E+02
   0.28350  12    0.41978  68   1.014E+05  0.000E+00  0.000E+00  2.930E+02  2.930E+02
   0.28350  12    0.42609  69   1.014E+05  0.000E+00  0.000E+00  2.930E+02  2.930E+02
   0.28350  12    0.43241  70   1.014E+05  0.000E+00  0.000E+00  2.930E+02  2.930E+02
   0.28350  12    0.43872  71   1.014E+05  0.000E+00  0.000E+00  2.930E+02  2.930E+02
   0.28350  12    0.44503  72   1.014E+05  0.000E+00  0.000E+00  2.930E+02  2.930E+02
   0.28350  12    0.45134  73   1.014E+05  0.000E+00  0.000E+00  2.930E+02  2.930E+02
   0.28350  12    0.45766  74   1.014E+05  0.000E+00  0.000E+00  2.930E+02  2.930E+02
   0.28350  12    0.46397  75   1.014E+05  0.000E+00  0.000E+00  2.930E+02  2.930E+02
   0.28350  12    0.47028  76   1.014E+05  0.000E+00  0.000E+00  2.930E+02  2.930E+02
   0.28350  12    0.47659  77   1.014E+05  0.000E+00  0.000E+00  2.930E+02  2.930E+02
   0.28350  12    0.48291  78   1.014E+05  0.000E+00  0.000E+00  2.930E+02  2.930E+02
   0.28350  12    0.48922  79   1.013E+05  0.000E+00  0.000E+00  2.930E+02  2.930E+02
   0.28350  12    0.49553  80   1.013E+05  0.000E+00  0.000E+00  2.930E+02  2.930E+02
   0.28350  12    0.50184  81   1.013E+05  0.000E+00  0.000E+00  2.930E+02  2.930E+02
   0.28350  12    0.50500  82   1.013E+05  3.231E-10  5.321E-02  2.930E+02  2.930E+02
