# xp i yp j p u v ts tf
   0.00000   1    0.00000   1   1.020E+05  0.000E+00  0.000E+00  2.930E+02  2.930E+02
   0.00000   1    0.00316   2   1.020E+05  0.000E+00  0.000E+00  2.930E+02  2.930E+02
   0.00000   1    0.00947   3   1.020E+05  0.000E+00  0.000E+00  2.930E+02  2.930E+02
   0.00000   1    0.01578   4   1.020E+05  0.000E+00  0.000E+00  2.931E+02  2.931E+02
   0.00000   1    0.02209   5   1.020E+05  0.000E+00  0.000E+00  2.932E+02  2.932E+02
   0.00000   1    0.02841   6   1.020E+05  0.000E+00  0.000E+00  2.933E+02  2.933E+02
   0.00000   1    0.03472   7   1.020E+05  0.000E+00  0.000E+00  2.935E+02  2.935E+02
   0.00000   1    0.04103   8   1.019E+05  0.000E+00  0.000E+00  2.938E+02  2.938E+02
   0.00000   1    0.04734   9   1.019E+05  0.000E+00  0.000E+00  2.943E+02  2.943E+02
   0.00000   1    0.05366  10   1.019E+05  0.000E+00  0.000E+00  2.951E+02  2.950E+02
   0.00000   1    0.05997  11   1.019E+05  0.000E+00  0.000E+00  2.963E+02  2.962E+02
   0.00000   1    0.06628  12   1.019E+05  0.000E+00  0.000E+00  2.981E+02  2.979E+02
   0.00000   1    0.07259  13   1.019E+05  0.000E+00  0.000E+00  3.009E+02  3.005E+02
   0.00000   1    0.07891  14   1.019E+05  0.000E+00  0.000E+00  3.049E+02  3.043E+02
   0.00000   1    0.08522  15   1.019E+05  0.000E+00  0.000E+00  3.108E+02  3.099E+02
   0.00000   1    0.09153  16   1.019E+05  0.000E+00  0.000E+00  3.193E+02  3.180E+02
   0.00000   1    0.09784  17   1.019E+05  0.000E+00  0.000E+00  3.309E+02  3.292E+02
   0.00000   1    0.10416  18   1.019E+05  0.000E+00  0.000E+00  3.461E+02  3.439E+02
   0.00000   1    0.11047  19   1.019E+05  0.000E+00  0.000E+00  3.646E+02  3.619E+02
   0.00000   1    0.11678  20   1.018E+05  0.000E+00  0.000E+00  3.856E+02  3.826E+02
   0.00000   1    0.12309  21   1.018E+05  0.000E+00  0.000E+00  4.077E+02  4.045E+02
   0.00000   1    0.12941  22   1.018E+05  0.000E+00  0.000E+00  4.290E+02  4.260E+02
   0.00000   1    0.13572  23   1.018E+05  0.000E+00  0.000E+00  4.478E+02  4.452E+02
   0.00000   1    0.14203  24   1.018E+05  0.000E+00  0.000E+00  4.626E+02  4.605E+02
   0.00000   1    0.14834  25   1.018E+05  0.000E+00  0.000E+00  4.722E+02  4.708E+02
   0.00000   1    0.15466  26   1.018E+05  0.000E+00  0.000E+00  4.762E+02  4.756E+02
   0.00000   1    0.16097  27   1.018E+05  0.000E+00  0.000E+00  4.747E+02  4.748E+02
   0.00000   1    0.16728  28   1.018E+05  0.000E+00  0.000E+00  4.682E+02  4.689E+02
   0.00000   1    0.17359  29   1.018E+05  0.000E+00  0.000E+00  4.575E+02  4.589E+02
   0.00000   1    0.17991  30   1.017E+05  0.000E+00  0.000E+00  4.438E+02  4.456E+02
   0.00000   1    0.18622  31   1.017E+05  0.000E+00  0.000E+00  4.282E+02  4.304E+02
   0.00000   1    0.19253  32   1.017E+05  0.000E+00  0.000E+00  4.118E+02  4.141E+02
   0.00000   1    0.19884  33   1.017E+05  0.000E+00  0.000E+00  3.953E+02  3.977E+02
   0.00000   1    0.20516  34   1.017E+05  0.000E+00  0.000E+00  3.796E+02  3.819E+02
   0.00000   1    0.21147  35   1.017E+05  0.000E+00  0.000E+00  3.651E+02  3.673E+02
   0.00000   1    0.21778  36   1.017E+05  0.000E+00  0.000E+00  3.521E+02  3.542E+02
   0.00000   1    0.22409  37   1.017E+05  0.000E+00  0.000E+00  3.408E+02  3.426E+02
   0.00000   1    0.23041  38   1.017E+05  0.000E+00  0.000E+00  3.311E+02  3.327E+02
   0.00000   1    0.23672  39   1.017E+05  0.000E+00  0.000E+00  3.230E+02  3.244E+02
   0.00000   1    0.24303  40   1.017E+05  0.000E+00  0.000E+00  3.164E+02  3.175E+02
   0.00000   1    0.24934  41   1.016E+05  0.000E+00  0.000E+00  3.110E+02  3.119E+02
   0.00000   1    0.25566  42   1.016E+05  0.000E+00  0.000E+00  3.067E+02  3.075E+02
   0.00000   1    0.26197  43   1.016E+05  0.000E+00  0.000E+00  3.034E+02  3.040E+02
   0.00000   1    0.26828  44   1.016E+05  0.000E+00  0.000E+00  3.008E+02  3.013E+02
   0.00000   1    0.27459  45   1.016E+05  0.000E+00  0.000E+00  2.988E+02  2.992E+02
   0.00000   1    0.28091  46   1.016E+05  0.000E+00  0.000E+00  2.974E+02  2.976E+02
   0.00000   1    0.28722  47   1.016E+05  0.000E+00  0.000E+00  2.962E+02  2.964E+02
   0.00000   1    0.29353  48   1.016E+05  0.000E+00  0.000E+00  2.954E+02  2.956E+02
   0.00000   1    0.29984  49   1.016E+05  0.000E+00  0.000E+00  2.948E+02  2.949E+02
   0.00000   1    0.30616  50   1.016E+05  0.000E+00  0.000E+00  2.944E+02  2.944E+02
   0.00000   1    0.31247  51   1.016E+05  0.000E+00  0.000E+00  2.940E+02  2.941E+02
   0.00000   1    0.31878  52   1.016E+05  0.000E+00  0.000E+00  2.938E+02  2.938E+02
   0.00000   1    0.32509  53   1.015E+05  0.000E+00  0.000E+00  2.936E+02  2.937E+02
   0.00000   1    0.33141  54   1.015E+05  0.000E+00  0.000E+00  2.935E+02  2.935E+02
   0.00000   1    0.33772  55   1.015E+05  0.000E+00  0.000E+00  2.934E+02  2.934E+02
   0.00000   1    0.34403  56   1.015E+05  0.000E+00  0.000E+00  2.933E+02  2.934E+02
   0.00000   1    0.35034  57   1.015E+05  0.000E+00  0.000E+00  2.933E+02  2.933E+02
   0.00000   1    0.35666  58   1.015E+05  0.000E+00  0.000E+00  2.933E+02  2.933E+02
   0.00000   1    0.36297  59   1.015E+05  0.000E+00  0.000E+00  2.932E+02  2.932E+02
   0.00000   1    0.36928  60   1.015E+05  0.000E+00  0.000E+00  2.932E+02  2.932E+02
   0.00000   1    0.37559  61   1.015E+05  0.000E+00  0.000E+00  2.932E+02  2.932E+02
   0.00000   1    0.38191  62   1.015E+05  0.000E+00  0.000E+00  2.932E+02  2.932E+02
   0.00000   1    0.38822  63   1.015E+05  0.000E+00  0.000E+00  2.931E+02  2.931E+02
   0.00000   1    0.39453  64   1.015E+05  0.000E+00  0.000E+00  2.931E+02  2.931E+02
   0.00000   1    0.40084  65   1.015E+05  0.000E+00  0.000E+00  2.931E+02  2.931E+02
   0.00000   1    0.40716  66   1.014E+05  0.000E+00  0.000E+00  2.931E+02  2.931E+02
   0.00000   1    0.41347  67   1.014E+05  0.000E+00  0.000E+00  2.931E+02  2.931E+02
   0.00000   1    0.41978  68   1.014E+05  0.000E+00  0.000E+00  2.931E+02  2.931E+02
   0.00000   1    0.42609  69   1.014E+05  0.000E+00  0.000E+00  2.931E+02  2.931E+02
   0.00000   1    0.43241  70   1.014E+05  0.000E+00  0.000E+00  2.931E+02  2.931E+02
   0.00000   1    0.43872  71   1.014E+05  0.000E+00  0.000E+00  2.931E+02  2.931E+02
   0.00000   1    0.44503  72   1.014E+05  0.000E+00  0.000E+00  2.931E+02  2.931E+02
   0.00000   1    0.45134  73   1.014E+05  0.000E+00  0.000E+00  2.930E+02  2.930E+02
   0.00000   1    0.45766  74   1.014E+05  0.000E+00  0.000E+00  2.930E+02  2.930E+02
   0.00000   1    0.46397  75   1.014E+05  0.000E+00  0.000E+00  2.930E+02  2.930E+02
   0.00000   1    0.47028  76   1.014E+05  0.000E+00  0.000E+00  2.930E+02  2.930E+02
   0.00000   1    0.47659  77   1.014E+05  0.000E+00  0.000E+00  2.930E+02  2.930E+02
   0.00000   1    0.48291  78   1.014E+05  0.000E+00  0.000E+00  2.930E+02  2.930E+02
   0.00000   1    0.48922  79   1.013E+05  0.000E+00  0.000E+00  2.930E+02  2.930E+02
   0.00000   1    0.49553  80   1.013E+05  0.000E+00  0.000E+00  2.930E+02  2.930E+02
   0.00000   1    0.50184  81   1.013E+05  0.000E+00  0.000E+00  2.930E+02  2.930E+02
   0.00000   1    0.50500  82   1.013E+05  0.000E+00  0.000E+00  2.930E+02  2.930E+02
   0.01417   2    0.00000   1   1.020E+05 -8.426E-09  6.500E-02  2.930E+02  2.930E+02
   0.01417   2    0.00316   2   1.020E+05 -8.426E-09  6.500E-02  2.930E+02  2.930E+02
   0.01417   2    0.00947   3   1.020E+05 -5.755E-09  6.500E-02  2.930E+02  2.930E+02
   0.01417   2    0.01578   4   1.020E+05 -2.294E-07  6.501E-02  2.931E+02  2.931E+02
   0.01417   2    0.02209   5   1.020E+05  5.165E-07  6.501E-02  2.932E+02  2.932E+02
   0.01417   2    0.02841   6   1.020E+05  8.523E-06  6.501E-02  2.933E+02  2.933E+02
   0.01417   2    0.03472   7   1.020E+05  1.098E-06  6.501E-02  2.935E+02  2.935E+02
   0.01417   2    0.04103   8   1.019E+05  8.390E-06  6.502E-02  2.938E+02  2.938E+02
   0.01417   2    0.04734   9   1.019E+05  1.229E-06  6.504E-02  2.943E+02  2.943E+02
   0.01417   2    0.05366  10   1.019E+05  8.709E-06  6.506E-02  2.951E+02  2.950E+02
   0.01417   2    0.05997  11   1.019E+05  7.240E-07  6.510E-02  2.963E+02  2.962E+02
   0.01417   2    0.06628  12   1.019E+05 -1.044E-07  6.515E-02  2.981E+02  2.979E+02
   0.01417   2    0.07259  13   1.019E+05  2.294E-07  6.521E-02  3.009E+02  3.005E+02
   0.01417   2    0.07891  14   1.019E+05  3.659E-07  6.531E-02  3.049E+02  3.043E+02
   0.01417   2    0.08522  15   1.019E+05  5.153E-07  6.547E-02  3.108E+02  3.099E+02
   0.01417   2    0.09153  16   1.019E+05  4.870E-07  6.566E-02  3.193E+02  3.180E+02
   0.01417   2    0.09784  17   1.019E+05  4.538E-07  6.586E-02  3.309E+02  3.292E+02
   0.01417   2    0.10416  18   1.019E+05  3.897E-07  6.600E-02  3.461E+02  3.439E+02
   0.01417   2    0.11047  19   1.019E+05  3.100E-07  6.617E-02  3.646E+02  3.619E+02
   0.01417   2    0.11678  20   1.018E+05  2.151E-07  6.618E-02  3.856E+02  3.826E+02
   0.01417   2    0.12309  21   1.018E+05  9.542E-08  6.613E-02  4.077E+02  4.045E+02
   0.01417   2    0.12941  22   1.018E+05  1.046E-07  6.598E-02  4.290E+02  4.260E+02
   0.01417   2    0.13572  23   1.018E+05 -5.749E-07  6.575E-02  4.478E+02  4.452E+02
   0.01417   2    0.14203  24   1.018E+05 -7.381E-06  6.552E-02  4.626E+02  4.605E+02
   0.01417   2    0.14834  25   1.018E+05 -7.403E-06  6.526E-02  4.722E+02  4.708E+02
   0.01417   2    0.15466  26   1.018E+05 -7.475E-07  6.500E-02  4.762E+02  4.756E+02
   0.01417   2    0.16097  27   1.018E+05 -2.140E-07  6.478E-02  4.747E+02  4.748E+02
   0.01417   2    0.16728  28   1.018E+05 -3.575E-07  6.458E-02  4.682E+02  4.689E+02
   0.01417   2    0.17359  29   1.018E+05 -3.632E-07  6.440E-02  4.575E+02  4.589E+02
   0.01417   2    0.17991  30   1.017E+05 -3.671E-07  6.427E-02  4.438E+02  4.456E+02
   0.01417   2    0.18622  31   1.017E+05 -3.508E-07  6.419E-02  4.282E+02  4.304E+02
   0.01417   2    0.19253  32   1.017E+05 -3.257E-07  6.412E-02  4.118E+02  4.141E+02
   0.01417   2    0.19884  33   1.017E+05 -3.004E-07  6.411E-02  3.953E+02  3.977E+02
   0.01417   2    0.20516  34   1.017E+05 -2.881E-07  6.415E-02  3.796E+02  3.819E+02
   0.01417   2    0.21147  35   1.017E+05 -2.660E-07  6.420E-02  3.651E+02  3.673E+02
   0.01417   2    0.21778  36   1.017E+05 -4.343E-07  6.424E-02  3.521E+02  3.542E+02
   0.01417   2    0.22409  37   1.017E+05  3.881E-07  6.435E-02  3.408E+02  3.426E+02
   0.01417   2    0.23041  38   1.017E+05  8.159E-06  6.445E-02  3.311E+02  3.327E+02
   0.01417   2    0.23672  39   1.017E+05  5.300E-07  6.453E-02  3.230E+02  3.244E+02
   0.01417   2    0.24303  40   1.017E+05 -3.193E-07  6.461E-02  3.164E+02  3.175E+02
   0.01417   2    0.24934  41   1.016E+05 -8.224E-08  6.469E-02  3.110E+02  3.119E+02
   0.01417   2    0.25566  42   1.016E+05 -5.012E-08  6.476E-02  3.067E+02  3.075E+02
   0.01417   2    0.26197  43   1.016E+05 -8.101E-09  6.481E-02  3.034E+02  3.040E+02
   0.01417   2    0.26828  44   1.016E+05  3.517E-08  6.484E-02  3.008E+02  3.013E+02
   0.01417   2    0.27459  45   1.016E+05  3.062E-08  6.488E-02  2.988E+02  2.992E+02
   0.01417   2    0.28091  46   1.016E+05  3.247E-08  6.491E-02  2.974E+02  2.976E+02
   0.01417   2    0.28722  47   1.016E+05  2.768E-08  6.494E-02  2.962E+02  2.964E+02
   0.01417   2    0.29353  48   1.016E+05  2.322E-08  6.496E-02  2.954E+02  2.956E+02
   0.01417   2    0.29984  49   1.016E+05  1.855E-08  6.496E-02  2.948E+02  2.949E+02
   0.01417   2    0.30616  50   1.016E+05  1.425E-08  6.496E-02  2.944E+02  2.944E+02
   0.01417   2    0.31247  51   1.016E+05  1.059E-08  6.497E-02  2.940E+02  2.941E+02
   0.01417   2    0.31878  52   1.016E+05  7.691E-09  6.499E-02  2.938E+02  2.938E+02
   0.01417   2    0.32509  53   1.015E+05  5.565E-09  6.499E-02  2.936E+02  2.937E+02
   0.01417   2    0.33141  54   1.015E+05  4.192E-09  6.499E-02  2.935E+02  2.935E+02
   0.01417   2    0.33772  55   1.015E+05  3.499E-09  6.500E-02  2.934E+02  2.934E+02
   0.01417   2    0.34403  56   1.015E+05  3.371E-09  6.500E-02  2.933E+02  2.934E+02
   0.01417   2    0.35034  57   1.015E+05  3.523E-09  6.500E-02  2.933E+02  2.933E+02
   0.01417   2    0.35666  58   1.015E+05  4.197E-09  6.500E-02  2.933E+02  2.933E+02
   0.01417   2    0.36297  59   1.015E+05  4.105E-09  6.499E-02  2.932E+02  2.932E+02
   0.01417   2    0.36928  60   1.015E+05  4.333E-09  6.499E-02  2.932E+02  2.932E+02
   0.01417   2    0.37559  61   1.015E+05  4.463E-09  6.500E-02  2.932E+02  2.932E+02
   0.01417   2    0.38191  62   1.015E+05  4.628E-09  6.501E-02  2.932E+02  2.932E+02
   0.01417   2    0.38822  63   1.015E+05  4.750E-09  6.500E-02  2.931E+02  2.931E+02
   0.01417   2    0.39453  64   1.015E+05  4.817E-09  6.499E-02  2.931E+02  2.931E+02
   0.01417   2    0.40084  65   1.015E+05  4.864E-09  6.500E-02  2.931E+02  2.931E+02
   0.01417   2    0.40716  66   1.014E+05  4.889E-09  6.500E-02  2.931E+02  2.931E+02
   0.01417   2    0.41347  67   1.014E+05  4.880E-09  6.500E-02  2.931E+02  2.931E+02
   0.01417   2    0.41978  68   1.014E+05  4.876E-09  6.500E-02  2.931E+02  2.931E+02
   0.01417   2    0.42609  69   1.014E+05  4.854E-09  6.500E-02  2.931E+02  2.931E+02
   0.01417   2    0.43241  70   1.014E+05  4.801E-09  6.500E-02  2.931E+02  2.931E+02
   0.01417   2    0.43872  71   1.014E+05  4.697E-09  6.500E-02  2.931E+02  2.931E+02
   0.01417   2    0.44503  72   1.014E+05  4.508E-09  6.500E-02  2.931E+02  2.931E+02
   0.01417   2    0.45134  73   1.014E+05  4.254E-09  6.500E-02  2.930E+02  2.930E+02
   0.01417   2    0.45766  74   1.014E+05  3.939E-09  6.500E-02  2.930E+02  2.930E+02
   0.01417   2    0.46397  75   1.014E+05  3.598E-09  6.500E-02  2.930E+02  2.930E+02
   0.01417   2    0.47028  76   1.014E+05  3.219E-09  6.500E-02  2.930E+02  2.930E+02
   0.01417   2    0.47659  77   1.014E+05  2.782E-09  6.500E-02  2.930E+02  2.930E+02
   0.01417   2    0.48291  78   1.014E+05  2.339E-09  6.500E-02  2.930E+02  2.930E+02
   0.01417   2    0.48922  79   1.013E+05  1.874E-09  6.499E-02  2.930E+02  2.930E+02
   0.01417   2    0.49553  80   1.013E+05  1.314E-09  6.499E-02  2.930E+02  2.930E+02
   0.01417   2    0.50184  81   1.013E+05  9.759E-10  6.500E-02  2.930E+02  2.930E+02
   0.01417   2    0.50500  82   1.013E+05  9.759E-10  6.500E-02  2.930E+02  2.930E+02
   0.04252   3    0.00000   1   1.020E+05 -9.312E-08  6.500E-02  2.930E+02  2.930E+02
   0.04252   3    0.00316   2   1.020E+05 -9.312E-08  6.500E-02  2.930E+02  2.930E+02
   0.04252   3    0.00947   3   1.020E+05  8.622E-07  6.500E-02  2.930E+02  2.930E+02
   0.04252   3    0.01578   4   1.020E+05  2.147E-06  6.501E-02  2.931E+02  2.931E+02
   0.04252   3    0.02209   5   1.020E+05  9.397E-07  6.502E-02  2.932E+02  2.932E+02
   0.04252   3    0.02841   6   1.020E+05 -1.917E-07  6.502E-02  2.933E+02  2.933E+02
   0.04252   3    0.03472   7   1.020E+05  9.372E-07  6.501E-02  2.935E+02  2.935E+02
   0.04252   3    0.04103   8   1.019E+05  2.006E-06  6.502E-02  2.938E+02  2.938E+02
   0.04252   3    0.04734   9   1.019E+05  1.743E-06  6.504E-02  2.943E+02  2.943E+02
   0.04252   3    0.05366  10   1.019E+05  2.079E-06  6.506E-02  2.951E+02  2.950E+02
   0.04252   3    0.05997  11   1.019E+05  1.064E-06  6.510E-02  2.963E+02  2.962E+02
   0.04252   3    0.06628  12   1.019E+05  1.493E-07  6.515E-02  2.981E+02  2.979E+02
   0.04252   3    0.07259  13   1.019E+05  4.112E-07  6.521E-02  3.009E+02  3.005E+02
   0.04252   3    0.07891  14   1.019E+05  4.931E-07  6.532E-02  3.049E+02  3.043E+02
   0.04252   3    0.08522  15   1.019E+05  5.901E-07  6.547E-02  3.108E+02  3.099E+02
   0.04252   3    0.09153  16   1.019E+05  5.707E-07  6.566E-02  3.192E+02  3.180E+02
   0.04252   3    0.09784  17   1.019E+05  5.425E-07  6.587E-02  3.309E+02  3.292E+02
   0.04252   3    0.10416  18   1.019E+05  4.930E-07  6.601E-02  3.460E+02  3.438E+02
   0.04252   3    0.11047  19   1.019E+05  4.273E-07  6.618E-02  3.645E+02  3.619E+02
   0.04252   3    0.11678  20   1.018E+05  3.656E-07  6.619E-02  3.855E+02  3.825E+02
   0.04252   3    0.12309  21   1.018E+05  2.672E-07  6.613E-02  4.076E+02  4.045E+02
   0.04252   3    0.12941  22   1.018E+05  3.011E-07  6.599E-02  4.290E+02  4.259E+02
   0.04252   3    0.13572  23   1.018E+05 -3.710E-07  6.575E-02  4.478E+02  4.451E+02
   0.04252   3    0.14203  24   1.018E+05 -2.054E-06  6.552E-02  4.625E+02  4.604E+02
   0.04252   3    0.14834  25   1.018E+05 -2.147E-06  6.527E-02  4.722E+02  4.707E+02
   0.04252   3    0.15466  26   1.018E+05 -6.217E-07  6.502E-02  4.762E+02  4.755E+02
   0.04252   3    0.16097  27   1.018E+05 -1.302E-07  6.478E-02  4.747E+02  4.747E+02
   0.04252   3    0.16728  28   1.018E+05 -3.020E-07  6.458E-02  4.681E+02  4.689E+02
   0.04252   3    0.17359  29   1.018E+05 -3.382E-07  6.440E-02  4.575E+02  4.588E+02
   0.04252   3    0.17991  30   1.017E+05 -3.743E-07  6.427E-02  4.438E+02  4.456E+02
   0.04252   3    0.18622  31   1.017E+05 -3.892E-07  6.419E-02  4.282E+02  4.304E+02
   0.04252   3    0.19253  32   1.017E+05 -3.891E-07  6.412E-02  4.118E+02  4.141E+02
   0.04252   3    0.19884  33   1.017E+05 -3.835E-07  6.411E-02  3.953E+02  3.977E+02
   0.04252   3    0.20516  34   1.017E+05 -3.768E-07  6.415E-02  3.796E+02  3.820E+02
   0.04252   3    0.21147  35   1.017E+05 -3.732E-07  6.419E-02  3.651E+02  3.673E+02
   0.04252   3    0.21778  36   1.017E+05 -3.695E-07  6.424E-02  3.522E+02  3.542E+02
   0.04252   3    0.22409  37   1.017E+05 -3.825E-07  6.435E-02  3.408E+02  3.426E+02
   0.04252   3    0.23041  38   1.017E+05 -4.097E-07  6.444E-02  3.311E+02  3.327E+02
   0.04252   3    0.23672  39   1.017E+05 -3.605E-07  6.452E-02  3.230E+02  3.244E+02
   0.04252   3    0.24303  40   1.017E+05 -2.960E-07  6.461E-02  3.164E+02  3.175E+02
   0.04252   3    0.24934  41   1.016E+05 -2.320E-07  6.469E-02  3.110E+02  3.119E+02
   0.04252   3    0.25566  42   1.016E+05 -1.949E-07  6.476E-02  3.068E+02  3.075E+02
   0.04252   3    0.26197  43   1.016E+05 -1.863E-07  6.481E-02  3.034E+02  3.040E+02
   0.04252   3    0.26828  44   1.016E+05 -1.622E-07  6.484E-02  3.008E+02  3.013E+02
   0.04252   3    0.27459  45   1.016E+05 -1.383E-07  6.488E-02  2.988E+02  2.992E+02
   0.04252   3    0.28091  46   1.016E+05 -9.740E-08  6.491E-02  2.974E+02  2.976E+02
   0.04252   3    0.28722  47   1.016E+05 -7.799E-08  6.494E-02  2.962E+02  2.964E+02
   0.04252   3    0.29353  48   1.016E+05 -6.245E-08  6.496E-02  2.954E+02  2.956E+02
   0.04252   3    0.29984  49   1.016E+05 -5.228E-08  6.496E-02  2.948E+02  2.949E+02
   0.04252   3    0.30616  50   1.016E+05 -4.478E-08  6.496E-02  2.944E+02  2.944E+02
   0.04252   3    0.31247  51   1.016E+05 -3.919E-08  6.497E-02  2.940E+02  2.941E+02
   0.04252   3    0.31878  52   1.016E+05 -3.441E-08  6.499E-02  2.938E+02  2.938E+02
   0.04252   3    0.32509  53   1.015E+05 -3.077E-08  6.499E-02  2.936E+02  2.937E+02
   0.04252   3    0.33141  54   1.015E+05 -2.715E-08  6.499E-02  2.935E+02  2.935E+02
   0.04252   3    0.33772  55   1.015E+05 -2.368E-08  6.500E-02  2.934E+02  2.934E+02
   0.04252   3    0.34403  56   1.015E+05 -2.009E-08  6.500E-02  2.933E+02  2.934E+02
   0.04252   3    0.35034  57   1.015E+05 -1.677E-08  6.500E-02  2.933E+02  2.933E+02
   0.04252   3    0.35666  58   1.015E+05 -1.254E-08  6.500E-02  2.933E+02  2.933E+02
   0.04252   3    0.36297  59   1.015E+05 -1.037E-08  6.499E-02  2.932E+02  2.932E+02
   0.04252   3    0.36928  60   1.015E+05 -7.402E-09  6.499E-02  2.932E+02  2.932E+02
   0.04252   3    0.37559  61   1.015E+05 -4.876E-09  6.501E-02  2.932E+02  2.932E+02
   0.04252   3    0.38191  62   1.015E+05 -2.489E-09  6.501E-02  2.932E+02  2.932E+02
   0.04252   3    0.38822  63   1.015E+05 -3.791E-10  6.500E-02  2.931E+02  2.931E+02
   0.04252   3    0.39453  64   1.015E+05  1.444E-09  6.500E-02  2.931E+02  2.931E+02
   0.04252   3    0.40084  65   1.015E+05  3.007E-09  6.500E-02  2.931E+02  2.931E+02
   0.04252   3    0.40716  66   1.014E+05  4.281E-09  6.500E-02  2.931E+02  2.931E+02
   0.04252   3    0.41347  67   1.014E+05  5.278E-09  6.500E-02  2.931E+02  2.931E+02
   0.04252   3    0.41978  68   1.014E+05  6.029E-09  6.500E-02  2.931E+02  2.931E+02
   0.04252   3    0.42609  69   1.014E+05  6.556E-09  6.500E-02  2.931E+02  2.931E+02
   0.04252   3    0.43241  70   1.014E+05  6.909E-09  6.500E-02  2.931E+02  2.931E+02
   0.04252   3    0.43872  71   1.014E+05  7.074E-09  6.500E-02  2.931E+02  2.931E+02
   0.04252   3    0.44503  72   1.014E+05  7.057E-09  6.500E-02  2.931E+02  2.931E+02
   0.04252   3    0.45134  73   1.014E+05  6.867E-09  6.500E-02  2.930E+02  2.931E+02
   0.04252   3    0.45766  74   1.014E+05  6.526E-09  6.500E-02  2.930E+02  2.930E+02
   0.04252   3    0.46397  75   1.014E+05  6.079E-09  6.500E-02  2.930E+02  2.930E+02
   0.04252   3    0.47028  76   1.014E+05  5.524E-09  6.500E-02  2.930E+02  2.930E+02
   0.04252   3    0.47659  77   1.014E+05  4.858E-09  6.500E-02  2.930E+02  2.930E+02
   0.04252   3    0.48291  78   1.014E+05  4.114E-09  6.500E-02  2.930E+02  2.930E+02
   0.04252   3    0.48922  79   1.013E+05  3.311E-09  6.499E-02  2.930E+02  2.930E+02
   0.04252   3    0.49553  80   1.013E+05  2.343E-09  6.499E-02  2.930E+02  2.930E+02
   0.04252   3    0.50184  81   1.013E+05  1.751E-09  6.500E-02  2.930E+02  2.930E+02
   0.04252   3    0.50500  82   1.013E+05  1.751E-09  6.500E-02  2.930E+02  2.930E+02
   0.07087   4    0.00000   1   1.020E+05  4.109E-07  6.500E-02  2.930E+02  2.930E+02
   0.07087   4    0.00316   2   1.020E+05  4.109E-07  6.501E-02  2.930E+02  2.930E+02
   0.07087   4    0.00947   3   1.020E+05  4.639E-07  6.501E-02  2.930E+02  2.930E+02
   0.07087   4    0.01578   4   1.020E+05  5.196E-07  6.501E-02  2.931E+02  2.931E+02
   0.07087   4    0.02209   5   1.020E+05  5.159E-07  6.500E-02  2.932E+02  2.932E+02
   0.07087   4    0.02841   6   1.020E+05  4.836E-07  6.501E-02  2.933E+02  2.933E+02
   0.07087   4    0.03472   7   1.020E+05  5.152E-07  6.502E-02  2.935E+02  2.935E+02
   0.07087   4    0.04103   8   1.019E+05  5.016E-07  6.503E-02  2.938E+02  2.938E+02
   0.07087   4    0.04734   9   1.019E+05  4.925E-07  6.504E-02  2.943E+02  2.943E+02
   0.07087   4    0.05366  10   1.019E+05  4.251E-07  6.506E-02  2.951E+02  2.950E+02
   0.07087   4    0.05997  11   1.019E+05  3.391E-07  6.510E-02  2.963E+02  2.962E+02
   0.07087   4    0.06628  12   1.019E+05  2.288E-07  6.515E-02  2.981E+02  2.979E+02
   0.07087   4    0.07259  13   1.019E+05  1.644E-07  6.521E-02  3.009E+02  3.005E+02
   0.07087   4    0.07891  14   1.019E+05  1.111E-07  6.532E-02  3.049E+02  3.043E+02
   0.07087   4    0.08522  15   1.019E+05  5.888E-08  6.547E-02  3.108E+02  3.099E+02
   0.07087   4    0.09153  16   1.019E+05  7.023E-08  6.566E-02  3.192E+02  3.180E+02
   0.07087   4    0.09784  17   1.019E+05  8.404E-08  6.587E-02  3.309E+02  3.292E+02
   0.07087   4    0.10416  18   1.019E+05  1.190E-07  6.601E-02  3.460E+02  3.438E+02
   0.07087   4    0.11047  19   1.019E+05  1.577E-07  6.618E-02  3.645E+02  3.619E+02
   0.07087   4    0.11678  20   1.018E+05  2.399E-07  6.619E-02  3.856E+02  3.825E+02
   0.07087   4    0.12309  21   1.018E+05  3.040E-07  6.613E-02  4.076E+02  4.045E+02
   0.07087   4    0.12941  22   1.018E+05  2.000E-07  6.599E-02  4.290E+02  4.259E+02
   0.07087   4    0.13572  23   1.018E+05  7.531E-07  6.575E-02  4.478E+02  4.451E+02
   0.07087   4    0.14203  24   1.018E+05  2.314E-06  6.552E-02  4.625E+02  4.604E+02
   0.07087   4    0.14834  25   1.018E+05  2.280E-06  6.527E-02  4.722E+02  4.708E+02
   0.07087   4    0.15466  26   1.018E+05  6.772E-07  6.502E-02  4.762E+02  4.755E+02
   0.07087   4    0.16097  27   1.018E+05  1.022E-07  6.478E-02  4.747E+02  4.747E+02
   0.07087   4    0.16728  28   1.018E+05  1.982E-07  6.458E-02  4.681E+02  4.689E+02
   0.07087   4    0.17359  29   1.018E+05  1.607E-07  6.440E-02  4.575E+02  4.588E+02
   0.07087   4    0.17991  30   1.017E+05  1.230E-07  6.427E-02  4.438E+02  4.456E+02
   0.07087   4    0.18622  31   1.017E+05  7.100E-08  6.419E-02  4.282E+02  4.304E+02
   0.07087   4    0.19253  32   1.017E+05  1.822E-08  6.412E-02  4.118E+02  4.141E+02
   0.07087   4    0.19884  33   1.017E+05 -3.518E-08  6.411E-02  3.953E+02  3.977E+02
   0.07087   4    0.20516  34   1.017E+05 -7.889E-08  6.415E-02  3.796E+02  3.820E+02
   0.07087   4    0.21147  35   1.017E+05 -1.247E-07  6.420E-02  3.651E+02  3.673E+02
   0.07087   4    0.21778  36   1.017E+05 -4.955E-09  6.424E-02  3.521E+02  3.542E+02
   0.07087   4    0.22409  37   1.017E+05 -7.384E-07  6.434E-02  3.408E+02  3.426E+02
   0.07087   4    0.23041  38   1.017E+05 -2.874E-06  6.444E-02  3.311E+02  3.327E+02
   0.07087   4    0.23672  39   1.017E+05 -3.012E-06  6.453E-02  3.230E+02  3.244E+02
   0.07087   4    0.24303  40   1.017E+05 -8.610E-07  6.461E-02  3.164E+02  3.175E+02
   0.07087   4    0.24934  41   1.016E+05 -6.604E-08  6.469E-02  3.110E+02  3.119E+02
   0.07087   4    0.25566  42   1.016E+05 -3.031E-08  6.476E-02  3.068E+02  3.075E+02
   0.07087   4    0.26197  43   1.016E+05 -9.585E-07  6.481E-02  3.034E+02  3.040E+02
   0.07087   4    0.26828  44   1.016E+05 -2.241E-06  6.484E-02  3.008E+02  3.013E+02
   0.07087   4    0.27459  45   1.016E+05 -1.016E-06  6.488E-02  2.988E+02  2.992E+02
   0.07087   4    0.28091  46   1.016E+05 -1.165E-08  6.491E-02  2.974E+02  2.976E+02
   0.07087   4    0.28722  47   1.016E+05 -1.456E-07  6.494E-02  2.962E+02  2.964E+02
   0.07087   4    0.29353  48   1.016E+05 -1.131E-07  6.496E-02  2.954E+02  2.956E+02
   0.07087   4    0.29984  49   1.016E+05 -1.139E-07  6.496E-02  2.948E+02  2.949E+02
   0.07087   4    0.30616  50   1.016E+05 -1.044E-07  6.496E-02  2.944E+02  2.944E+02
   0.07087   4    0.31247  51   1.016E+05 -9.547E-08  6.497E-02  2.940E+02  2.941E+02
   0.07087   4    0.31878  52   1.016E+05 -8.543E-08  6.499E-02  2.938E+02  2.938E+02
   0.07087   4    0.32509  53   1.015E+05 -7.572E-08  6.499E-02  2.936E+02  2.937E+02
   0.07087   4    0.33141  54   1.015E+05 -6.525E-08  6.499E-02  2.935E+02  2.935E+02
   0.07087   4    0.33772  55   1.015E+05 -5.439E-08  6.500E-02  2.934E+02  2.934E+02
   0.07087   4    0.34403  56   1.015E+05 -3.998E-08  6.500E-02  2.933E+02  2.934E+02
   0.07087   4    0.35034  57   1.015E+05 -3.005E-08  6.500E-02  2.933E+02  2.933E+02
   0.07087   4    0.35666  58   1.015E+05  1.601E-08  6.500E-02  2.933E+02  2.933E+02
   0.07087   4    0.36297  59   1.015E+05 -1.816E-08  6.499E-02  2.932E+02  2.932E+02
   0.07087   4    0.36928  60   1.015E+05 -1.632E-08  6.499E-02  2.932E+02  2.932E+02
   0.07087   4    0.37559  61   1.015E+05 -1.872E-08  6.501E-02  2.932E+02  2.932E+02
   0.07087   4    0.38191  62   1.015E+05 -1.754E-08  6.501E-02  2.932E+02  2.932E+02
   0.07087   4    0.38822  63   1.015E+05 -1.578E-08  6.500E-02  2.931E+02  2.931E+02
   0.07087   4    0.39453  64   1.015E+05 -1.353E-08  6.500E-02  2.931E+02  2.931E+02
   0.07087   4    0.40084  65   1.015E+05 -1.124E-08  6.500E-02  2.931E+02  2.931E+02
   0.07087   4    0.40716  66   1.014E+05 -9.068E-09  6.500E-02  2.931E+02  2.931E+02
   0.07087   4    0.41347  67   1.014E+05 -7.029E-09  6.500E-02  2.931E+02  2.931E+02
   0.07087   4    0.41978  68   1.014E+05 -5.162E-09  6.500E-02  2.931E+02  2.931E+02
   0.07087   4    0.42609  69   1.014E+05 -3.564E-09  6.500E-02  2.931E+02  2.931E+02
   0.07087   4    0.43241  70   1.014E+05 -2.229E-09  6.500E-02  2.931E+02  2.931E+02
   0.07087   4    0.43872  71   1.014E+05 -1.115E-09  6.500E-02  2.931E+02  2.931E+02
   0.07087   4    0.44503  72   1.014E+05 -2.113E-10  6.500E-02  2.931E+02  2.931E+02
   0.07087   4    0.45134  73   1.014E+05  4.954E-10  6.500E-02  2.930E+02  2.931E+02
   0.07087   4    0.45766  74   1.014E+05  1.024E-09  6.500E-02  2.930E+02  2.930E+02
   0.07087   4    0.46397  75   1.014E+05  1.362E-09  6.500E-02  2.930E+02  2.930E+02
   0.07087   4    0.47028  76   1.014E+05  1.551E-09  6.500E-02  2.930E+02  2.930E+02
   0.07087   4    0.47659  77   1.014E+05  1.599E-09  6.500E-02  2.930E+02  2.930E+02
   0.07087   4    0.48291  78   1.014E+05  1.524E-09  6.500E-02  2.930E+02  2.930E+02
   0.07087   4    0.48922  79   1.013E+05  1.343E-09  6.499E-02  2.930E+02  2.930E+02
   0.07087   4    0.49553  80   1.013E+05  1.015E-09  6.499E-02  2.930E+02  2.930E+02
   0.07087   4    0.50184  81   1.013E+05  7.909E-10  6.500E-02  2.930E+02  2.930E+02
   0.07087   4    0.50500  82   1.013E+05  7.909E-10  6.500E-02  2.930E+02  2.930E+02
   0.09922   5    0.00000   1   1.020E+05  1.994E-07  6.500E-02  2.930E+02  2.930E+02
   0.09922   5    0.00316   2   1.020E+05  1.994E-07  6.500E-02  2.930E+02  2.930E+02
   0.09922   5    0.00947   3   1.020E+05  2.163E-07  6.500E-02  2.930E+02  2.930E+02
   0.09922   5    0.01578   4   1.020E+05  1.873E-07  6.501E-02  2.931E+02  2.931E+02
   0.09922   5    0.02209   5   1.020E+05  1.914E-07  6.502E-02  2.932E+02  2.932E+02
   0.09922   5    0.02841   6   1.020E+05  1.250E-07  6.502E-02  2.933E+02  2.933E+02
   0.09922   5    0.03472   7   1.020E+05  1.153E-07  6.501E-02  2.935E+02  2.935E+02
   0.09922   5    0.04103   8   1.019E+05  4.098E-08  6.502E-02  2.938E+02  2.938E+02
   0.09922   5    0.04734   9   1.019E+05  5.113E-08  6.504E-02  2.943E+02  2.943E+02
   0.09922   5    0.05366  10   1.019E+05 -1.612E-08  6.506E-02  2.951E+02  2.950E+02
   0.09922   5    0.05997  11   1.019E+05 -2.406E-09  6.510E-02  2.963E+02  2.962E+02
   0.09922   5    0.06628  12   1.019E+05 -2.931E-08  6.515E-02  2.981E+02  2.979E+02
   0.09922   5    0.07259  13   1.019E+05 -5.305E-08  6.521E-02  3.009E+02  3.005E+02
   0.09922   5    0.07891  14   1.019E+05 -7.805E-08  6.532E-02  3.049E+02  3.043E+02
   0.09922   5    0.08522  15   1.019E+05 -9.672E-08  6.547E-02  3.108E+02  3.099E+02
   0.09922   5    0.09153  16   1.019E+05 -1.025E-07  6.566E-02  3.193E+02  3.180E+02
   0.09922   5    0.09784  17   1.019E+05 -9.616E-08  6.587E-02  3.309E+02  3.292E+02
   0.09922   5    0.10416  18   1.019E+05 -3.709E-08  6.601E-02  3.460E+02  3.438E+02
   0.09922   5    0.11047  19   1.019E+05 -1.381E-07  6.618E-02  3.646E+02  3.619E+02
   0.09922   5    0.11678  20   1.018E+05  7.214E-07  6.619E-02  3.856E+02  3.826E+02
   0.09922   5    0.12309  21   1.018E+05  1.755E-06  6.613E-02  4.076E+02  4.045E+02
   0.09922   5    0.12941  22   1.018E+05  7.093E-07  6.599E-02  4.290E+02  4.260E+02
   0.09922   5    0.13572  23   1.018E+05  6.329E-07  6.576E-02  4.478E+02  4.451E+02
   0.09922   5    0.14203  24   1.018E+05  2.446E-06  6.552E-02  4.626E+02  4.605E+02
   0.09922   5    0.14834  25   1.018E+05  2.450E-06  6.526E-02  4.722E+02  4.708E+02
   0.09922   5    0.15466  26   1.018E+05  8.421E-07  6.501E-02  4.762E+02  4.755E+02
   0.09922   5    0.16097  27   1.018E+05  2.546E-07  6.478E-02  4.747E+02  4.747E+02
   0.09922   5    0.16728  28   1.018E+05  3.442E-07  6.458E-02  4.681E+02  4.689E+02
   0.09922   5    0.17359  29   1.018E+05  3.017E-07  6.440E-02  4.575E+02  4.588E+02
   0.09922   5    0.17991  30   1.017E+05  2.602E-07  6.427E-02  4.438E+02  4.456E+02
   0.09922   5    0.18622  31   1.017E+05  2.010E-07  6.419E-02  4.282E+02  4.303E+02
   0.09922   5    0.19253  32   1.017E+05  1.390E-07  6.413E-02  4.118E+02  4.141E+02
   0.09922   5    0.19884  33   1.017E+05  6.967E-08  6.411E-02  3.953E+02  3.977E+02
   0.09922   5    0.20516  34   1.017E+05 -1.670E-08  6.415E-02  3.796E+02  3.819E+02
   0.09922   5    0.21147  35   1.017E+05 -1.040E-07  6.420E-02  3.651E+02  3.673E+02
   0.09922   5    0.21778  36   1.017E+05 -1.772E-07  6.424E-02  3.521E+02  3.542E+02
   0.09922   5    0.22409  37   1.017E+05 -6.735E-08  6.434E-02  3.408E+02  3.426E+02
   0.09922   5    0.23041  38   1.017E+05 -1.044E-06  6.444E-02  3.311E+02  3.327E+02
   0.09922   5    0.23672  39   1.017E+05 -2.303E-06  6.453E-02  3.230E+02  3.244E+02
   0.09922   5    0.24303  40   1.017E+05 -1.101E-06  6.462E-02  3.164E+02  3.175E+02
   0.09922   5    0.24934  41   1.016E+05 -1.525E-07  6.469E-02  3.110E+02  3.119E+02
   0.09922   5    0.25566  42   1.016E+05 -1.109E-07  6.476E-02  3.068E+02  3.075E+02
   0.09922   5    0.26197  43   1.016E+05 -1.020E-06  6.480E-02  3.034E+02  3.040E+02
   0.09922   5    0.26828  44   1.016E+05 -2.302E-06  6.484E-02  3.008E+02  3.013E+02
   0.09922   5    0.27459  45   1.016E+05 -1.077E-06  6.489E-02  2.988E+02  2.992E+02
   0.09922   5    0.28091  46   1.016E+05 -4.930E-08  6.491E-02  2.974E+02  2.976E+02
   0.09922   5    0.28722  47   1.016E+05 -1.771E-07  6.494E-02  2.962E+02  2.964E+02
   0.09922   5    0.29353  48   1.016E+05 -1.388E-07  6.496E-02  2.954E+02  2.956E+02
   0.09922   5    0.29984  49   1.016E+05 -1.370E-07  6.496E-02  2.948E+02  2.949E+02
   0.09922   5    0.30616  50   1.016E+05 -1.267E-07  6.496E-02  2.944E+02  2.944E+02
   0.09922   5    0.31247  51   1.016E+05 -1.187E-07  6.497E-02  2.940E+02  2.941E+02
   0.09922   5    0.31878  52   1.016E+05 -1.121E-07  6.499E-02  2.938E+02  2.938E+02
   0.09922   5    0.32509  53   1.015E+05 -1.085E-07  6.499E-02  2.936E+02  2.937E+02
   0.09922   5    0.33141  54   1.015E+05 -1.087E-07  6.499E-02  2.935E+02  2.935E+02
   0.09922   5    0.33772  55   1.015E+05 -1.163E-07  6.500E-02  2.934E+02  2.934E+02
   0.09922   5    0.34403  56   1.015E+05 -1.267E-07  6.500E-02  2.933E+02  2.934E+02
   0.09922   5    0.35034  57   1.015E+05 -1.731E-07  6.500E-02  2.933E+02  2.933E+02
   0.09922   5    0.35666  58   1.015E+05 -1.725E-07  6.500E-02  2.933E+02  2.933E+02
   0.09922   5    0.36297  59   1.015E+05 -1.621E-07  6.499E-02  2.932E+02  2.932E+02
   0.09922   5    0.36928  60   1.015E+05 -1.046E-07  6.499E-02  2.932E+02  2.932E+02
   0.09922   5    0.37559  61   1.015E+05 -8.265E-08  6.501E-02  2.932E+02  2.932E+02
   0.09922   5    0.38191  62   1.015E+05 -6.307E-08  6.501E-02  2.932E+02  2.932E+02
   0.09922   5    0.38822  63   1.015E+05 -5.027E-08  6.500E-02  2.931E+02  2.931E+02
   0.09922   5    0.39453  64   1.015E+05 -4.085E-08  6.500E-02  2.931E+02  2.931E+02
   0.09922   5    0.40084  65   1.015E+05 -3.391E-08  6.500E-02  2.931E+02  2.931E+02
   0.09922   5    0.40716  66   1.014E+05 -2.853E-08  6.500E-02  2.931E+02  2.931E+02
   0.09922   5    0.41347  67   1.014E+05 -2.421E-08  6.500E-02  2.931E+02  2.931E+02
   0.09922   5    0.41978  68   1.014E+05 -2.069E-08  6.500E-02  2.931E+02  2.931E+02
   0.09922   5    0.42609  69   1.014E+05 -1.774E-08  6.500E-02  2.931E+02  2.931E+02
   0.09922   5    0.43241  70   1.014E+05 -1.515E-08  6.500E-02  2.931E+02  2.931E+02
   0.09922   5    0.43872  71   1.014E+05 -1.286E-08  6.500E-02  2.931E+02  2.931E+02
   0.09922   5    0.44503  72   1.014E+05 -1.085E-08  6.500E-02  2.931E+02  2.931E+02
   0.09922   5    0.45134  73   1.014E+05 -9.022E-09  6.500E-02  2.930E+02  2.931E+02
   0.09922   5    0.45766  74   1.014E+05 -7.379E-09  6.500E-02  2.930E+02  2.930E+02
   0.09922   5    0.46397  75   1.014E+05 -5.950E-09  6.500E-02  2.930E+02  2.930E+02
   0.09922   5    0.47028  76   1.014E+05 -4.705E-09  6.500E-02  2.930E+02  2.930E+02
   0.09922   5    0.47659  77   1.014E+05 -3.617E-09  6.500E-02  2.930E+02  2.930E+02
   0.09922   5    0.48291  78   1.014E+05 -2.672E-09  6.500E-02  2.930E+02  2.930E+02
   0.09922   5    0.48922  79   1.013E+05 -1.890E-09  6.499E-02  2.930E+02  2.930E+02
   0.09922   5    0.49553  80   1.013E+05 -1.203E-09  6.499E-02  2.930E+02  2.930E+02
   0.09922   5    0.50184  81   1.013E+05 -8.382E-10  6.500E-02  2.930E+02  2.930E+02
   0.09922   5    0.50500  82   1.013E+05 -8.382E-10  6.500E-02  2.930E+02  2.930E+02
   0.12757   6    0.00000   1   1.020E+05  1.615E-07  6.500E-02  2.930E+02  2.930E+02
   0.12757   6    0.00316   2   1.020E+05  1.615E-07  6.501E-02  2.930E+02  2.930E+02
   0.12757   6    0.00947   3   1.020E+05  1.727E-07  6.501E-02  2.930E+02  2.930E+02
   0.12757   6    0.01578   4   1.020E+05  1.537E-07  6.501E-02  2.931E+02  2.931E+02
   0.12757   6    0.02209   5   1.020E+05  2.474E-07  6.500E-02  2.932E+02  2.932E+02
   0.12757   6    0.02841   6   1.020E+05  2.926E-07  6.501E-02  2.933E+02  2.933E+02
   0.12757   6    0.03472   7   1.020E+05  2.534E-07  6.502E-02  2.935E+02  2.935E+02
   0.12757   6    0.04103   8   1.019E+05  1.978E-07  6.503E-02  2.938E+02  2.938E+02
   0.12757   6    0.04734   9   1.019E+05  1.744E-07  6.504E-02  2.943E+02  2.943E+02
   0.12757   6    0.05366  10   1.019E+05  1.544E-07  6.506E-02  2.951E+02  2.950E+02
   0.12757   6    0.05997  11   1.019E+05  1.426E-07  6.509E-02  2.963E+02  2.962E+02
   0.12757   6    0.06628  12   1.019E+05  1.336E-07  6.515E-02  2.981E+02  2.979E+02
   0.12757   6    0.07259  13   1.019E+05  1.259E-07  6.521E-02  3.009E+02  3.005E+02
   0.12757   6    0.07891  14   1.019E+05  1.188E-07  6.531E-02  3.049E+02  3.043E+02
   0.12757   6    0.08522  15   1.019E+05  1.139E-07  6.547E-02  3.108E+02  3.099E+02
   0.12757   6    0.09153  16   1.019E+05  1.132E-07  6.566E-02  3.193E+02  3.180E+02
   0.12757   6    0.09784  17   1.019E+05  1.105E-07  6.587E-02  3.309E+02  3.292E+02
   0.12757   6    0.10416  18   1.019E+05  1.383E-07  6.600E-02  3.461E+02  3.438E+02
   0.12757   6    0.11047  19   1.019E+05 -4.091E-09  6.618E-02  3.646E+02  3.619E+02
   0.12757   6    0.11678  20   1.018E+05  7.949E-07  6.619E-02  3.856E+02  3.826E+02
   0.12757   6    0.12309  21   1.018E+05  1.764E-06  6.613E-02  4.077E+02  4.045E+02
   0.12757   6    0.12941  22   1.018E+05  7.892E-07  6.598E-02  4.290E+02  4.260E+02
   0.12757   6    0.13572  23   1.018E+05  1.084E-07  6.575E-02  4.478E+02  4.452E+02
   0.12757   6    0.14203  24   1.018E+05  2.641E-07  6.552E-02  4.626E+02  4.605E+02
   0.12757   6    0.14834  25   1.018E+05  2.406E-07  6.526E-02  4.722E+02  4.708E+02
   0.12757   6    0.15466  26   1.018E+05  2.062E-07  6.500E-02  4.762E+02  4.756E+02
   0.12757   6    0.16097  27   1.018E+05  1.540E-07  6.478E-02  4.747E+02  4.748E+02
   0.12757   6    0.16728  28   1.018E+05  1.098E-07  6.458E-02  4.681E+02  4.689E+02
   0.12757   6    0.17359  29   1.018E+05  6.670E-08  6.440E-02  4.575E+02  4.588E+02
   0.12757   6    0.17991  30   1.017E+05  2.582E-08  6.427E-02  4.438E+02  4.456E+02
   0.12757   6    0.18622  31   1.017E+05 -1.296E-08  6.419E-02  4.282E+02  4.303E+02
   0.12757   6    0.19253  32   1.017E+05 -4.384E-08  6.413E-02  4.118E+02  4.141E+02
   0.12757   6    0.19884  33   1.017E+05 -7.541E-08  6.412E-02  3.953E+02  3.977E+02
   0.12757   6    0.20516  34   1.017E+05 -1.208E-07  6.415E-02  3.796E+02  3.819E+02
   0.12757   6    0.21147  35   1.017E+05 -1.790E-07  6.420E-02  3.651E+02  3.673E+02
   0.12757   6    0.21778  36   1.017E+05 -1.991E-07  6.424E-02  3.521E+02  3.541E+02
   0.12757   6    0.22409  37   1.017E+05 -1.986E-07  6.434E-02  3.408E+02  3.426E+02
   0.12757   6    0.23041  38   1.017E+05 -2.242E-07  6.444E-02  3.311E+02  3.327E+02
   0.12757   6    0.23672  39   1.017E+05 -2.451E-07  6.453E-02  3.230E+02  3.243E+02
   0.12757   6    0.24303  40   1.017E+05 -2.757E-07  6.462E-02  3.164E+02  3.175E+02
   0.12757   6    0.24934  41   1.016E+05 -2.712E-07  6.469E-02  3.110E+02  3.119E+02
   0.12757   6    0.25566  42   1.016E+05 -2.841E-07  6.475E-02  3.068E+02  3.075E+02
   0.12757   6    0.26197  43   1.016E+05 -3.285E-07  6.480E-02  3.034E+02  3.040E+02
   0.12757   6    0.26828  44   1.016E+05 -3.260E-07  6.484E-02  3.008E+02  3.013E+02
   0.12757   6    0.27459  45   1.016E+05 -3.098E-07  6.489E-02  2.988E+02  2.992E+02
   0.12757   6    0.28091  46   1.016E+05 -2.418E-07  6.491E-02  2.974E+02  2.976E+02
   0.12757   6    0.28722  47   1.016E+05 -2.066E-07  6.494E-02  2.962E+02  2.964E+02
   0.12757   6    0.29353  48   1.016E+05 -1.734E-07  6.496E-02  2.954E+02  2.956E+02
   0.12757   6    0.29984  49   1.016E+05 -1.471E-07  6.496E-02  2.948E+02  2.949E+02
   0.12757   6    0.30616  50   1.016E+05 -1.242E-07  6.496E-02  2.944E+02  2.944E+02
   0.12757   6    0.31247  51   1.016E+05 -1.040E-07  6.497E-02  2.940E+02  2.941E+02
   0.12757   6    0.31878  52   1.016E+05 -8.515E-08  6.499E-02  2.938E+02  2.938E+02
   0.12757   6    0.32509  53   1.015E+05 -6.799E-08  6.499E-02  2.936E+02  2.937E+02
   0.12757   6    0.33141  54   1.015E+05 -4.475E-08  6.499E-02  2.935E+02  2.935E+02
   0.12757   6    0.33772  55   1.015E+05 -5.304E-08  6.500E-02  2.934E+02  2.934E+02
   0.12757   6    0.34403  56   1.015E+05  1.394E-07  6.500E-02  2.933E+02  2.934E+02
   0.12757   6    0.35034  57   1.015E+05 -8.251E-07  6.500E-02  2.933E+02  2.933E+02
   0.12757   6    0.35666  58   1.015E+05 -2.092E-06  6.500E-02  2.933E+02  2.933E+02
   0.12757   6    0.36297  59   1.015E+05 -8.231E-07  6.499E-02  2.932E+02  2.932E+02
   0.12757   6    0.36928  60   1.015E+05  1.560E-07  6.499E-02  2.932E+02  2.932E+02
   0.12757   6    0.37559  61   1.015E+05 -2.431E-08  6.501E-02  2.932E+02  2.932E+02
   0.12757   6    0.38191  62   1.015E+05 -5.769E-09  6.501E-02  2.932E+02  2.932E+02
   0.12757   6    0.38822  63   1.015E+05 -1.605E-08  6.500E-02  2.931E+02  2.931E+02
   0.12757   6    0.39453  64   1.015E+05 -1.883E-08  6.500E-02  2.931E+02  2.931E+02
   0.12757   6    0.40084  65   1.015E+05 -2.085E-08  6.500E-02  2.931E+02  2.931E+02
   0.12757   6    0.40716  66   1.014E+05 -1.999E-08  6.500E-02  2.931E+02  2.931E+02
   0.12757   6    0.41347  67   1.014E+05 -1.844E-08  6.500E-02  2.931E+02  2.931E+02
   0.12757   6    0.41978  68   1.014E+05 -1.909E-08  6.500E-02  2.931E+02  2.931E+02
   0.12757   6    0.42609  69   1.014E+05 -1.946E-08  6.500E-02  2.931E+02  2.931E+02
   0.12757   6    0.43241  70   1.014E+05 -1.795E-08  6.500E-02  2.931E+02  2.931E+02
   0.12757   6    0.43872  71   1.014E+05 -1.623E-08  6.500E-02  2.931E+02  2.931E+02
   0.12757   6    0.44503  72   1.014E+05 -1.459E-08  6.500E-02  2.931E+02  2.931E+02
   0.12757   6    0.45134  73   1.014E+05 -1.284E-08  6.500E-02  2.930E+02  2.931E+02
   0.12757   6    0.45766  74   1.014E+05 -1.114E-08  6.500E-02  2.930E+02  2.930E+02
   0.12757   6    0.46397  75   1.014E+05 -9.483E-09  6.500E-02  2.930E+02  2.930E+02
   0.12757   6    0.47028  76   1.014E+05 -7.906E-09  6.500E-02  2.930E+02  2.930E+02
   0.12757   6    0.47659  77   1.014E+05 -6.421E-09  6.500E-02  2.930E+02  2.930E+02
   0.12757   6    0.48291  78   1.014E+05 -5.053E-09  6.500E-02  2.930E+02  2.930E+02
   0.12757   6    0.48922  79   1.013E+05 -3.808E-09  6.499E-02  2.930E+02  2.930E+02
   0.12757   6    0.49553  80   1.013E+05 -2.535E-09  6.499E-02  2.930E+02  2.930E+02
   0.12757   6    0.50184  81   1.013E+05 -1.828E-09  6.500E-02  2.930E+02  2.930E+02
   0.12757   6    0.50500  82   1.013E+05 -1.828E-09  6.500E-02  2.930E+02  2.930E+02
   0.15592   7    0.00000   1   1.020E+05  4.505E-08  6.500E-02  2.930E+02  2.930E+02
   0.15592   7    0.00316   2   1.020E+05  4.505E-08  6.500E-02  2.930E+02  2.930E+02
   0.15592   7    0.00947   3   1.020E+05  7.470E-08  6.500E-02  2.930E+02  2.930E+02
   0.15592   7    0.01578   4   1.020E+05 -1.119E-07  6.501E-02  2.931E+02  2.931E+02
   0.15592   7    0.02209   5   1.020E+05  7.830E-07  6.502E-02  2.932E+02  2.932E+02
   0.15592   7    0.02841   6   1.020E+05  1.968E-06  6.501E-02  2.933E+02  2.933E+02
   0.15592   7    0.03472   7   1.020E+05  7.685E-07  6.501E-02  2.935E+02  2.935E+02
   0.15592   7    0.04103   8   1.019E+05 -1.388E-07  6.502E-02  2.938E+02  2.938E+02
   0.15592   7    0.04734   9   1.019E+05  8.925E-08  6.504E-02  2.943E+02  2.943E+02
   0.15592   7    0.05366  10   1.019E+05  1.147E-07  6.506E-02  2.951E+02  2.950E+02
   0.15592   7    0.05997  11   1.019E+05  1.638E-07  6.509E-02  2.963E+02  2.962E+02
   0.15592   7    0.06628  12   1.019E+05  2.007E-07  6.515E-02  2.981E+02  2.979E+02
   0.15592   7    0.07259  13   1.019E+05  2.323E-07  6.521E-02  3.009E+02  3.005E+02
   0.15592   7    0.07891  14   1.019E+05  2.576E-07  6.531E-02  3.049E+02  3.043E+02
   0.15592   7    0.08522  15   1.019E+05  2.769E-07  6.547E-02  3.108E+02  3.099E+02
   0.15592   7    0.09153  16   1.019E+05  2.905E-07  6.566E-02  3.193E+02  3.180E+02
   0.15592   7    0.09784  17   1.019E+05  2.971E-07  6.587E-02  3.309E+02  3.292E+02
   0.15592   7    0.10416  18   1.019E+05  2.949E-07  6.601E-02  3.461E+02  3.438E+02
   0.15592   7    0.11047  19   1.019E+05  2.868E-07  6.618E-02  3.646E+02  3.619E+02
   0.15592   7    0.11678  20   1.018E+05  2.853E-07  6.619E-02  3.856E+02  3.826E+02
   0.15592   7    0.12309  21   1.018E+05  2.589E-07  6.613E-02  4.077E+02  4.045E+02
   0.15592   7    0.12941  22   1.018E+05  2.254E-07  6.598E-02  4.290E+02  4.260E+02
   0.15592   7    0.13572  23   1.018E+05  1.725E-07  6.575E-02  4.478E+02  4.452E+02
   0.15592   7    0.14203  24   1.018E+05  1.332E-07  6.552E-02  4.626E+02  4.605E+02
   0.15592   7    0.14834  25   1.018E+05  8.904E-08  6.526E-02  4.722E+02  4.708E+02
   0.15592   7    0.15466  26   1.018E+05  4.458E-08  6.501E-02  4.762E+02  4.755E+02
   0.15592   7    0.16097  27   1.018E+05  1.291E-09  6.478E-02  4.747E+02  4.747E+02
   0.15592   7    0.16728  28   1.018E+05 -3.936E-08  6.458E-02  4.681E+02  4.689E+02
   0.15592   7    0.17359  29   1.018E+05 -7.584E-08  6.440E-02  4.575E+02  4.588E+02
   0.15592   7    0.17991  30   1.017E+05 -1.107E-07  6.427E-02  4.438E+02  4.456E+02
   0.15592   7    0.18622  31   1.017E+05 -1.409E-07  6.419E-02  4.282E+02  4.303E+02
   0.15592   7    0.19253  32   1.017E+05 -1.605E-07  6.413E-02  4.118E+02  4.141E+02
   0.15592   7    0.19884  33   1.017E+05 -1.784E-07  6.412E-02  3.953E+02  3.977E+02
   0.15592   7    0.20516  34   1.017E+05 -1.959E-07  6.415E-02  3.796E+02  3.819E+02
   0.15592   7    0.21147  35   1.017E+05 -2.077E-07  6.420E-02  3.651E+02  3.673E+02
   0.15592   7    0.21778  36   1.017E+05 -2.194E-07  6.424E-02  3.521E+02  3.541E+02
   0.15592   7    0.22409  37   1.017E+05 -2.387E-07  6.434E-02  3.408E+02  3.426E+02
   0.15592   7    0.23041  38   1.017E+05 -2.691E-07  6.444E-02  3.311E+02  3.327E+02
   0.15592   7    0.23672  39   1.017E+05 -2.375E-07  6.453E-02  3.230E+02  3.243E+02
   0.15592   7    0.24303  40   1.017E+05 -2.020E-07  6.462E-02  3.164E+02  3.175E+02
   0.15592   7    0.24934  41   1.016E+05 -1.718E-07  6.469E-02  3.110E+02  3.119E+02
   0.15592   7    0.25566  42   1.016E+05 -1.887E-07  6.476E-02  3.068E+02  3.075E+02
   0.15592   7    0.26197  43   1.016E+05 -2.104E-07  6.480E-02  3.034E+02  3.040E+02
   0.15592   7    0.26828  44   1.016E+05 -1.801E-07  6.484E-02  3.008E+02  3.013E+02
   0.15592   7    0.27459  45   1.016E+05 -1.834E-07  6.489E-02  2.988E+02  2.992E+02
   0.15592   7    0.28091  46   1.016E+05 -1.688E-07  6.491E-02  2.974E+02  2.976E+02
   0.15592   7    0.28722  47   1.016E+05 -1.548E-07  6.494E-02  2.962E+02  2.964E+02
   0.15592   7    0.29353  48   1.016E+05 -1.385E-07  6.496E-02  2.954E+02  2.956E+02
   0.15592   7    0.29984  49   1.016E+05 -1.218E-07  6.497E-02  2.948E+02  2.949E+02
   0.15592   7    0.30616  50   1.016E+05 -1.050E-07  6.496E-02  2.944E+02  2.944E+02
   0.15592   7    0.31247  51   1.016E+05 -8.846E-08  6.497E-02  2.940E+02  2.941E+02
   0.15592   7    0.31878  52   1.016E+05 -7.184E-08  6.499E-02  2.938E+02  2.938E+02
   0.15592   7    0.32509  53   1.015E+05 -5.597E-08  6.499E-02  2.936E+02  2.937E+02
   0.15592   7    0.33141  54   1.015E+05 -3.354E-08  6.499E-02  2.935E+02  2.935E+02
   0.15592   7    0.33772  55   1.015E+05 -4.236E-08  6.500E-02  2.934E+02  2.934E+02
   0.15592   7    0.34403  56   1.015E+05  1.497E-07  6.500E-02  2.933E+02  2.934E+02
   0.15592   7    0.35034  57   1.015E+05 -8.152E-07  6.499E-02  2.933E+02  2.933E+02
   0.15592   7    0.35666  58   1.015E+05 -2.082E-06  6.500E-02  2.933E+02  2.933E+02
   0.15592   7    0.36297  59   1.015E+05 -8.136E-07  6.500E-02  2.932E+02  2.932E+02
   0.15592   7    0.36928  60   1.015E+05  1.653E-07  6.500E-02  2.932E+02  2.932E+02
   0.15592   7    0.37559  61   1.015E+05 -1.513E-08  6.500E-02  2.932E+02  2.932E+02
   0.15592   7    0.38191  62   1.015E+05  3.181E-09  6.501E-02  2.932E+02  2.932E+02
   0.15592   7    0.38822  63   1.015E+05 -7.400E-09  6.500E-02  2.931E+02  2.931E+02
   0.15592   7    0.39453  64   1.015E+05 -1.056E-08  6.500E-02  2.931E+02  2.931E+02
   0.15592   7    0.40084  65   1.015E+05 -1.304E-08  6.500E-02  2.931E+02  2.931E+02
   0.15592   7    0.40716  66   1.014E+05 -1.269E-08  6.500E-02  2.931E+02  2.931E+02
   0.15592   7    0.41347  67   1.014E+05 -1.169E-08  6.500E-02  2.931E+02  2.931E+02
   0.15592   7    0.41978  68   1.014E+05 -1.294E-08  6.500E-02  2.931E+02  2.931E+02
   0.15592   7    0.42609  69   1.014E+05 -1.394E-08  6.500E-02  2.931E+02  2.931E+02
   0.15592   7    0.43241  70   1.014E+05 -1.309E-08  6.500E-02  2.931E+02  2.931E+02
   0.15592   7    0.43872  71   1.014E+05 -1.198E-08  6.500E-02  2.931E+02  2.931E+02
   0.15592   7    0.44503  72   1.014E+05 -1.091E-08  6.500E-02  2.931E+02  2.931E+02
   0.15592   7    0.45134  73   1.014E+05 -9.738E-09  6.500E-02  2.930E+02  2.931E+02
   0.15592   7    0.45766  74   1.014E+05 -8.578E-09  6.500E-02  2.930E+02  2.930E+02
   0.15592   7    0.46397  75   1.014E+05 -7.407E-09  6.500E-02  2.930E+02  2.930E+02
   0.15592   7    0.47028  76   1.014E+05 -6.254E-09  6.500E-02  2.930E+02  2.930E+02
   0.15592   7    0.47659  77   1.014E+05 -5.151E-09  6.500E-02  2.930E+02  2.930E+02
   0.15592   7    0.48291  78   1.014E+05 -4.103E-09  6.500E-02  2.930E+02  2.930E+02
   0.15592   7    0.48922  79   1.013E+05 -3.112E-09  6.499E-02  2.930E+02  2.930E+02
   0.15592   7    0.49553  80   1.013E+05 -2.093E-09  6.499E-02  2.930E+02  2.930E+02
   0.15592   7    0.50184  81   1.013E+05 -1.526E-09  6.500E-02  2.930E+02  2.930E+02
   0.15592   7    0.50500  82   1.013E+05 -1.526E-09  6.500E-02  2.930E+02  2.930E+02
   0.18427   8    0.00000   1   1.020E+05 -3.202E-07  6.500E-02  2.930E+02  2.930E+02
   0.18427   8    0.00316   2   1.020E+05 -3.202E-07  6.501E-02  2.930E+02  2.930E+02
   0.18427   8    0.00947   3   1.020E+05  6.343E-07  6.501E-02  2.930E+02  2.930E+02
   0.18427   8    0.01578   4   1.020E+05  1.923E-06  6.501E-02  2.931E+02  2.931E+02
   0.18427   8    0.02209   5   1.020E+05  7.272E-07  6.501E-02  2.932E+02  2.932E+02
   0.18427   8    0.02841   6   1.020E+05 -1.776E-07  6.501E-02  2.933E+02  2.933E+02
   0.18427   8    0.03472   7   1.020E+05  2.486E-08  6.501E-02  2.935E+02  2.935E+02
   0.18427   8    0.04103   8   1.019E+05  1.853E-08  6.502E-02  2.938E+02  2.938E+02
   0.18427   8    0.04734   9   1.019E+05  4.455E-08  6.504E-02  2.943E+02  2.943E+02
   0.18427   8    0.05366  10   1.019E+05  6.136E-08  6.506E-02  2.951E+02  2.950E+02
   0.18427   8    0.05997  11   1.019E+05  7.818E-08  6.509E-02  2.963E+02  2.962E+02
   0.18427   8    0.06628  12   1.019E+05  9.461E-08  6.515E-02  2.981E+02  2.979E+02
   0.18427   8    0.07259  13   1.019E+05  1.109E-07  6.521E-02  3.009E+02  3.005E+02
   0.18427   8    0.07891  14   1.019E+05  1.270E-07  6.531E-02  3.049E+02  3.043E+02
   0.18427   8    0.08522  15   1.019E+05  1.425E-07  6.547E-02  3.108E+02  3.099E+02
   0.18427   8    0.09153  16   1.019E+05  1.563E-07  6.566E-02  3.193E+02  3.180E+02
   0.18427   8    0.09784  17   1.019E+05  1.670E-07  6.587E-02  3.309E+02  3.292E+02
   0.18427   8    0.10416  18   1.019E+05  1.734E-07  6.601E-02  3.461E+02  3.438E+02
   0.18427   8    0.11047  19   1.019E+05  1.749E-07  6.618E-02  3.646E+02  3.619E+02
   0.18427   8    0.11678  20   1.018E+05  1.745E-07  6.619E-02  3.856E+02  3.826E+02
   0.18427   8    0.12309  21   1.018E+05  1.577E-07  6.613E-02  4.077E+02  4.045E+02
   0.18427   8    0.12941  22   1.018E+05  1.708E-07  6.598E-02  4.290E+02  4.260E+02
   0.18427   8    0.13572  23   1.018E+05  1.664E-07  6.576E-02  4.478E+02  4.451E+02
   0.18427   8    0.14203  24   1.018E+05  1.707E-07  6.552E-02  4.626E+02  4.605E+02
   0.18427   8    0.14834  25   1.018E+05  1.531E-07  6.526E-02  4.722E+02  4.708E+02
   0.18427   8    0.15466  26   1.018E+05  1.152E-07  6.501E-02  4.762E+02  4.755E+02
   0.18427   8    0.16097  27   1.018E+05  8.262E-08  6.478E-02  4.746E+02  4.747E+02
   0.18427   8    0.16728  28   1.018E+05  4.553E-08  6.458E-02  4.681E+02  4.689E+02
   0.18427   8    0.17359  29   1.018E+05  8.667E-09  6.440E-02  4.575E+02  4.588E+02
   0.18427   8    0.17991  30   1.017E+05 -3.147E-08  6.427E-02  4.438E+02  4.456E+02
   0.18427   8    0.18622  31   1.017E+05 -7.257E-08  6.419E-02  4.282E+02  4.303E+02
   0.18427   8    0.19253  32   1.017E+05 -1.060E-07  6.413E-02  4.117E+02  4.140E+02
   0.18427   8    0.19884  33   1.017E+05 -1.372E-07  6.412E-02  3.953E+02  3.977E+02
   0.18427   8    0.20516  34   1.017E+05 -1.652E-07  6.416E-02  3.796E+02  3.819E+02
   0.18427   8    0.21147  35   1.017E+05 -1.835E-07  6.420E-02  3.651E+02  3.673E+02
   0.18427   8    0.21778  36   1.017E+05 -1.977E-07  6.424E-02  3.521E+02  3.541E+02
   0.18427   8    0.22409  37   1.017E+05 -2.094E-07  6.434E-02  3.408E+02  3.426E+02
   0.18427   8    0.23041  38   1.017E+05 -2.105E-07  6.444E-02  3.311E+02  3.327E+02
   0.18427   8    0.23672  39   1.017E+05 -2.080E-07  6.453E-02  3.230E+02  3.243E+02
   0.18427   8    0.24303  40   1.017E+05 -2.267E-07  6.462E-02  3.164E+02  3.175E+02
   0.18427   8    0.24934  41   1.016E+05 -2.466E-07  6.469E-02  3.110E+02  3.119E+02
   0.18427   8    0.25566  42   1.016E+05 -2.148E-07  6.476E-02  3.067E+02  3.075E+02
   0.18427   8    0.26197  43   1.016E+05 -1.705E-07  6.480E-02  3.034E+02  3.040E+02
   0.18427   8    0.26828  44   1.016E+05 -1.569E-07  6.484E-02  3.008E+02  3.013E+02
   0.18427   8    0.27459  45   1.016E+05 -1.481E-07  6.489E-02  2.988E+02  2.992E+02
   0.18427   8    0.28091  46   1.016E+05 -1.352E-07  6.491E-02  2.974E+02  2.976E+02
   0.18427   8    0.28722  47   1.016E+05 -1.228E-07  6.494E-02  2.962E+02  2.964E+02
   0.18427   8    0.29353  48   1.016E+05 -1.105E-07  6.496E-02  2.954E+02  2.956E+02
   0.18427   8    0.29984  49   1.016E+05 -9.897E-08  6.497E-02  2.948E+02  2.949E+02
   0.18427   8    0.30616  50   1.016E+05 -8.874E-08  6.496E-02  2.944E+02  2.944E+02
   0.18427   8    0.31247  51   1.016E+05 -8.035E-08  6.497E-02  2.940E+02  2.941E+02
   0.18427   8    0.31878  52   1.016E+05 -7.439E-08  6.499E-02  2.938E+02  2.938E+02
   0.18427   8    0.32509  53   1.015E+05 -7.182E-08  6.499E-02  2.936E+02  2.937E+02
   0.18427   8    0.33141  54   1.015E+05 -7.346E-08  6.499E-02  2.935E+02  2.935E+02
   0.18427   8    0.33772  55   1.015E+05 -8.269E-08  6.500E-02  2.934E+02  2.934E+02
   0.18427   8    0.34403  56   1.015E+05 -9.478E-08  6.500E-02  2.933E+02  2.934E+02
   0.18427   8    0.35034  57   1.015E+05 -1.430E-07  6.499E-02  2.933E+02  2.933E+02
   0.18427   8    0.35666  58   1.015E+05 -1.442E-07  6.500E-02  2.933E+02  2.933E+02
   0.18427   8    0.36297  59   1.015E+05 -1.359E-07  6.500E-02  2.932E+02  2.932E+02
   0.18427   8    0.36928  60   1.015E+05 -8.019E-08  6.500E-02  2.932E+02  2.932E+02
   0.18427   8    0.37559  61   1.015E+05 -6.011E-08  6.500E-02  2.932E+02  2.932E+02
   0.18427   8    0.38191  62   1.015E+05 -4.234E-08  6.501E-02  2.932E+02  2.932E+02
   0.18427   8    0.38822  63   1.015E+05 -3.131E-08  6.500E-02  2.931E+02  2.931E+02
   0.18427   8    0.39453  64   1.015E+05 -2.360E-08  6.500E-02  2.931E+02  2.931E+02
   0.18427   8    0.40084  65   1.015E+05 -1.832E-08  6.500E-02  2.931E+02  2.931E+02
   0.18427   8    0.40716  66   1.014E+05 -1.455E-08  6.500E-02  2.931E+02  2.931E+02
   0.18427   8    0.41347  67   1.014E+05 -1.187E-08  6.500E-02  2.931E+02  2.931E+02
   0.18427   8    0.41978  68   1.014E+05 -9.995E-09  6.500E-02  2.931E+02  2.931E+02
   0.18427   8    0.42609  69   1.014E+05 -8.621E-09  6.500E-02  2.931E+02  2.931E+02
   0.18427   8    0.43241  70   1.014E+05 -7.499E-09  6.500E-02  2.931E+02  2.931E+02
   0.18427   8    0.43872  71   1.014E+05 -6.537E-09  6.500E-02  2.931E+02  2.931E+02
   0.18427   8    0.44503  72   1.014E+05 -5.700E-09  6.500E-02  2.931E+02  2.931E+02
   0.18427   8    0.45134  73   1.014E+05 -4.969E-09  6.500E-02  2.930E+02  2.931E+02
   0.18427   8    0.45766  74   1.014E+05 -4.296E-09  6.500E-02  2.930E+02  2.930E+02
   0.18427   8    0.46397  75   1.014E+05 -3.667E-09  6.500E-02  2.930E+02  2.930E+02
   0.18427   8    0.47028  76   1.014E+05 -3.093E-09  6.500E-02  2.930E+02  2.930E+02
   0.18427   8    0.47659  77   1.014E+05 -2.549E-09  6.500E-02  2.930E+02  2.930E+02
   0.18427   8    0.48291  78   1.014E+05 -2.009E-09  6.500E-02  2.930E+02  2.930E+02
   0.18427   8    0.48922  79   1.013E+05 -1.502E-09  6.499E-02  2.930E+02  2.930E+02
   0.18427   8    0.49553  80   1.013E+05 -9.978E-10  6.499E-02  2.930E+02  2.930E+02
   0.18427   8    0.50184  81   1.013E+05 -7.245E-10  6.500E-02  2.930E+02  2.930E+02
   0.18427   8    0.50500  82   1.013E+05 -7.245E-10  6.500E-02  2.930E+02  2.930E+02
   0.21262   9    0.00000   1   1.020E+05  6.823E-08  6.500E-02  2.930E+02  2.930E+02
   0.21262   9    0.00316   2   1.020E+05  6.823E-08  6.501E-02  2.930E+02  2.930E+02
   0.21262   9    0.00947   3   1.020E+05  8.809E-08  6.501E-02  2.930E+02  2.930E+02
   0.21262   9    0.01578   4   1.020E+05  1.043E-07  6.501E-02  2.931E+02  2.931E+02
   0.21262   9    0.02209   5   1.020E+05  7.738E-08  6.501E-02  2.932E+02  2.932E+02
   0.21262   9    0.02841   6   1.020E+05  2.857E-08  6.501E-02  2.933E+02  2.933E+02
   0.21262   9    0.03472   7   1.020E+05  3.821E-08  6.501E-02  2.935E+02  2.935E+02
   0.21262   9    0.04103   8   1.019E+05  3.493E-08  6.502E-02  2.938E+02  2.938E+02
   0.21262   9    0.04734   9   1.019E+05  3.857E-08  6.504E-02  2.943E+02  2.943E+02
   0.21262   9    0.05366  10   1.019E+05  4.398E-08  6.506E-02  2.951E+02  2.950E+02
   0.21262   9    0.05997  11   1.019E+05  5.253E-08  6.509E-02  2.963E+02  2.962E+02
   0.21262   9    0.06628  12   1.019E+05  6.404E-08  6.515E-02  2.982E+02  2.979E+02
   0.21262   9    0.07259  13   1.019E+05  7.838E-08  6.521E-02  3.009E+02  3.005E+02
   0.21262   9    0.07891  14   1.019E+05  9.403E-08  6.531E-02  3.049E+02  3.043E+02
   0.21262   9    0.08522  15   1.019E+05  1.078E-07  6.547E-02  3.108E+02  3.099E+02
   0.21262   9    0.09153  16   1.019E+05  1.157E-07  6.566E-02  3.193E+02  3.180E+02
   0.21262   9    0.09784  17   1.019E+05  1.139E-07  6.587E-02  3.309E+02  3.292E+02
   0.21262   9    0.10416  18   1.019E+05  9.839E-08  6.601E-02  3.461E+02  3.438E+02
   0.21262   9    0.11047  19   1.019E+05  7.423E-08  6.618E-02  3.646E+02  3.619E+02
   0.21262   9    0.11678  20   1.018E+05  4.315E-08  6.619E-02  3.856E+02  3.826E+02
   0.21262   9    0.12309  21   1.018E+05  6.136E-09  6.613E-02  4.076E+02  4.045E+02
   0.21262   9    0.12941  22   1.018E+05 -3.303E-08  6.598E-02  4.290E+02  4.260E+02
   0.21262   9    0.13572  23   1.018E+05 -8.072E-08  6.576E-02  4.478E+02  4.451E+02
   0.21262   9    0.14203  24   1.018E+05 -1.274E-07  6.552E-02  4.626E+02  4.604E+02
   0.21262   9    0.14834  25   1.018E+05 -1.315E-07  6.526E-02  4.722E+02  4.708E+02
   0.21262   9    0.15466  26   1.018E+05 -9.401E-08  6.501E-02  4.762E+02  4.755E+02
   0.21262   9    0.16097  27   1.018E+05 -6.289E-08  6.478E-02  4.746E+02  4.747E+02
   0.21262   9    0.16728  28   1.018E+05 -4.706E-08  6.458E-02  4.681E+02  4.689E+02
   0.21262   9    0.17359  29   1.018E+05 -3.889E-08  6.440E-02  4.575E+02  4.588E+02
   0.21262   9    0.17991  30   1.017E+05 -3.872E-08  6.427E-02  4.438E+02  4.456E+02
   0.21262   9    0.18622  31   1.017E+05 -4.434E-08  6.419E-02  4.282E+02  4.303E+02
   0.21262   9    0.19253  32   1.017E+05 -5.275E-08  6.413E-02  4.117E+02  4.140E+02
   0.21262   9    0.19884  33   1.017E+05 -6.335E-08  6.412E-02  3.953E+02  3.977E+02
   0.21262   9    0.20516  34   1.017E+05 -7.473E-08  6.416E-02  3.796E+02  3.819E+02
   0.21262   9    0.21147  35   1.017E+05 -8.406E-08  6.420E-02  3.651E+02  3.673E+02
   0.21262   9    0.21778  36   1.017E+05 -9.115E-08  6.424E-02  3.521E+02  3.541E+02
   0.21262   9    0.22409  37   1.017E+05 -9.660E-08  6.434E-02  3.408E+02  3.426E+02
   0.21262   9    0.23041  38   1.017E+05 -9.617E-08  6.444E-02  3.311E+02  3.327E+02
   0.21262   9    0.23672  39   1.017E+05 -9.690E-08  6.453E-02  3.230E+02  3.243E+02
   0.21262   9    0.24303  40   1.017E+05 -1.219E-07  6.462E-02  3.164E+02  3.175E+02
   0.21262   9    0.24934  41   1.016E+05 -1.487E-07  6.469E-02  3.110E+02  3.119E+02
   0.21262   9    0.25566  42   1.016E+05 -1.218E-07  6.476E-02  3.067E+02  3.075E+02
   0.21262   9    0.26197  43   1.016E+05 -8.193E-08  6.480E-02  3.034E+02  3.040E+02
   0.21262   9    0.26828  44   1.016E+05 -7.420E-08  6.484E-02  3.008E+02  3.013E+02
   0.21262   9    0.27459  45   1.016E+05 -7.068E-08  6.489E-02  2.988E+02  2.992E+02
   0.21262   9    0.28091  46   1.016E+05 -6.406E-08  6.491E-02  2.974E+02  2.976E+02
   0.21262   9    0.28722  47   1.016E+05 -5.798E-08  6.494E-02  2.962E+02  2.964E+02
   0.21262   9    0.29353  48   1.016E+05 -5.179E-08  6.496E-02  2.954E+02  2.956E+02
   0.21262   9    0.29984  49   1.016E+05 -4.584E-08  6.497E-02  2.948E+02  2.949E+02
   0.21262   9    0.30616  50   1.016E+05 -4.017E-08  6.496E-02  2.944E+02  2.944E+02
   0.21262   9    0.31247  51   1.016E+05 -3.483E-08  6.497E-02  2.940E+02  2.941E+02
   0.21262   9    0.31878  52   1.016E+05 -2.972E-08  6.499E-02  2.938E+02  2.938E+02
   0.21262   9    0.32509  53   1.015E+05 -2.466E-08  6.499E-02  2.936E+02  2.937E+02
   0.21262   9    0.33141  54   1.015E+05 -1.918E-08  6.499E-02  2.935E+02  2.935E+02
   0.21262   9    0.33772  55   1.015E+05 -1.314E-08  6.500E-02  2.934E+02  2.934E+02
   0.21262   9    0.34403  56   1.015E+05 -3.418E-09  6.500E-02  2.933E+02  2.934E+02
   0.21262   9    0.35034  57   1.015E+05  2.063E-09  6.499E-02  2.933E+02  2.933E+02
   0.21262   9    0.35666  58   1.015E+05  4.396E-08  6.500E-02  2.933E+02  2.933E+02
   0.21262   9    0.36297  59   1.015E+05  5.691E-09  6.500E-02  2.932E+02  2.932E+02
   0.21262   9    0.36928  60   1.015E+05  3.732E-09  6.500E-02  2.932E+02  2.932E+02
   0.21262   9    0.37559  61   1.015E+05 -2.165E-09  6.500E-02  2.932E+02  2.932E+02
   0.21262   9    0.38191  62   1.015E+05 -4.134E-09  6.501E-02  2.932E+02  2.932E+02
   0.21262   9    0.38822  63   1.015E+05 -5.184E-09  6.500E-02  2.931E+02  2.931E+02
   0.21262   9    0.39453  64   1.015E+05 -5.434E-09  6.500E-02  2.931E+02  2.931E+02
   0.21262   9    0.40084  65   1.015E+05 -5.302E-09  6.500E-02  2.931E+02  2.931E+02
   0.21262   9    0.40716  66   1.014E+05 -4.993E-09  6.500E-02  2.931E+02  2.931E+02
   0.21262   9    0.41347  67   1.014E+05 -4.599E-09  6.500E-02  2.931E+02  2.931E+02
   0.21262   9    0.41978  68   1.014E+05 -4.184E-09  6.500E-02  2.931E+02  2.931E+02
   0.21262   9    0.42609  69   1.014E+05 -3.794E-09  6.500E-02  2.931E+02  2.931E+02
   0.21262   9    0.43241  70   1.014E+05 -3.434E-09  6.500E-02  2.931E+02  2.931E+02
   0.21262   9    0.43872  71   1.014E+05 -3.106E-09  6.500E-02  2.931E+02  2.931E+02
   0.21262   9    0.44503  72   1.014E+05 -2.805E-09  6.500E-02  2.931E+02  2.931E+02
   0.21262   9    0.45134  73   1.014E+05 -2.524E-09  6.500E-02  2.930E+02  2.931E+02
   0.21262   9    0.45766  74   1.014E+05 -2.256E-09  6.500E-02  2.930E+02  2.930E+02
   0.21262   9    0.46397  75   1.014E+05 -1.994E-09  6.500E-02  2.930E+02  2.930E+02
   0.21262   9    0.47028  76   1.014E+05 -1.734E-09  6.500E-02  2.930E+02  2.930E+02
   0.21262   9    0.47659  77   1.014E+05 -1.470E-09  6.500E-02  2.930E+02  2.930E+02
   0.21262   9    0.48291  78   1.014E+05 -1.198E-09  6.500E-02  2.930E+02  2.930E+02
   0.21262   9    0.48922  79   1.013E+05 -9.272E-10  6.499E-02  2.930E+02  2.930E+02
   0.21262   9    0.49553  80   1.013E+05 -6.261E-10  6.499E-02  2.930E+02  2.930E+02
   0.21262   9    0.50184  81   1.013E+05 -4.574E-10  6.500E-02  2.930E+02  2.930E+02
   0.21262   9    0.50500  82   1.013E+05 -4.574E-10  6.500E-02  2.930E+02  2.930E+02
   0.24097  10    0.00000   1   1.020E+05 -7.142E-08  6.500E-02  2.930E+02  2.930E+02
   0.24097  10    0.00316   2   1.020E+05 -7.142E-08  6.501E-02  2.930E+02  2.930E+02
   0.24097  10    0.00947   3   1.020E+05 -5.231E-08  6.501E-02  2.930E+02  2.930E+02
   0.24097  10    0.01578   4   1.020E+05 -3.898E-08  6.501E-02  2.931E+02  2.931E+02
   0.24097  10    0.02209   5   1.020E+05 -2.709E-08  6.501E-02  2.932E+02  2.932E+02
   0.24097  10    0.02841   6   1.020E+05 -1.779E-08  6.501E-02  2.933E+02  2.933E+02
   0.24097  10    0.03472   7   1.020E+05 -9.841E-09  6.501E-02  2.935E+02  2.935E+02
   0.24097  10    0.04103   8   1.019E+05 -3.741E-09  6.502E-02  2.938E+02  2.938E+02
   0.24097  10    0.04734   9   1.019E+05  1.232E-09  6.504E-02  2.943E+02  2.943E+02
   0.24097  10    0.05366  10   1.019E+05  5.477E-09  6.506E-02  2.951E+02  2.950E+02
   0.24097  10    0.05997  11   1.019E+05  9.614E-09  6.510E-02  2.963E+02  2.962E+02
   0.24097  10    0.06628  12   1.019E+05  1.410E-08  6.515E-02  2.981E+02  2.979E+02
   0.24097  10    0.07259  13   1.019E+05  2.007E-08  6.521E-02  3.009E+02  3.005E+02
   0.24097  10    0.07891  14   1.019E+05  2.759E-08  6.532E-02  3.049E+02  3.043E+02
   0.24097  10    0.08522  15   1.019E+05  3.535E-08  6.547E-02  3.108E+02  3.099E+02
   0.24097  10    0.09153  16   1.019E+05  4.196E-08  6.566E-02  3.193E+02  3.180E+02
   0.24097  10    0.09784  17   1.019E+05  4.515E-08  6.587E-02  3.309E+02  3.292E+02
   0.24097  10    0.10416  18   1.019E+05  3.993E-08  6.601E-02  3.460E+02  3.438E+02
   0.24097  10    0.11047  19   1.019E+05  2.711E-08  6.618E-02  3.646E+02  3.619E+02
   0.24097  10    0.11678  20   1.018E+05  1.683E-09  6.619E-02  3.856E+02  3.826E+02
   0.24097  10    0.12309  21   1.018E+05 -3.407E-08  6.613E-02  4.076E+02  4.045E+02
   0.24097  10    0.12941  22   1.018E+05 -7.603E-08  6.598E-02  4.290E+02  4.260E+02
   0.24097  10    0.13572  23   1.018E+05 -1.319E-07  6.576E-02  4.478E+02  4.451E+02
   0.24097  10    0.14203  24   1.018E+05 -2.021E-07  6.552E-02  4.625E+02  4.604E+02
   0.24097  10    0.14834  25   1.018E+05 -2.161E-07  6.526E-02  4.722E+02  4.708E+02
   0.24097  10    0.15466  26   1.018E+05 -1.715E-07  6.501E-02  4.762E+02  4.755E+02
   0.24097  10    0.16097  27   1.018E+05 -1.399E-07  6.478E-02  4.746E+02  4.747E+02
   0.24097  10    0.16728  28   1.018E+05 -1.176E-07  6.458E-02  4.681E+02  4.689E+02
   0.24097  10    0.17359  29   1.018E+05 -9.827E-08  6.440E-02  4.575E+02  4.588E+02
   0.24097  10    0.17991  30   1.017E+05 -8.322E-08  6.427E-02  4.438E+02  4.456E+02
   0.24097  10    0.18622  31   1.017E+05 -7.093E-08  6.419E-02  4.282E+02  4.303E+02
   0.24097  10    0.19253  32   1.017E+05 -5.904E-08  6.413E-02  4.117E+02  4.140E+02
   0.24097  10    0.19884  33   1.017E+05 -4.897E-08  6.412E-02  3.953E+02  3.977E+02
   0.24097  10    0.20516  34   1.017E+05 -4.109E-08  6.416E-02  3.796E+02  3.819E+02
   0.24097  10    0.21147  35   1.017E+05 -3.510E-08  6.420E-02  3.651E+02  3.673E+02
   0.24097  10    0.21778  36   1.017E+05 -3.114E-08  6.424E-02  3.521E+02  3.541E+02
   0.24097  10    0.22409  37   1.017E+05 -2.877E-08  6.434E-02  3.408E+02  3.426E+02
   0.24097  10    0.23041  38   1.017E+05 -2.740E-08  6.444E-02  3.311E+02  3.327E+02
   0.24097  10    0.23672  39   1.017E+05 -2.714E-08  6.453E-02  3.230E+02  3.243E+02
   0.24097  10    0.24303  40   1.017E+05 -2.814E-08  6.462E-02  3.164E+02  3.175E+02
   0.24097  10    0.24934  41   1.016E+05 -2.911E-08  6.469E-02  3.110E+02  3.119E+02
   0.24097  10    0.25566  42   1.016E+05 -2.827E-08  6.476E-02  3.067E+02  3.075E+02
   0.24097  10    0.26197  43   1.016E+05 -2.636E-08  6.480E-02  3.034E+02  3.040E+02
   0.24097  10    0.26828  44   1.016E+05 -2.475E-08  6.484E-02  3.008E+02  3.013E+02
   0.24097  10    0.27459  45   1.016E+05 -2.326E-08  6.489E-02  2.988E+02  2.992E+02
   0.24097  10    0.28091  46   1.016E+05 -2.169E-08  6.491E-02  2.974E+02  2.976E+02
   0.24097  10    0.28722  47   1.016E+05 -2.009E-08  6.494E-02  2.962E+02  2.964E+02
   0.24097  10    0.29353  48   1.016E+05 -1.844E-08  6.496E-02  2.954E+02  2.956E+02
   0.24097  10    0.29984  49   1.016E+05 -1.681E-08  6.497E-02  2.948E+02  2.949E+02
   0.24097  10    0.30616  50   1.016E+05 -1.522E-08  6.496E-02  2.944E+02  2.944E+02
   0.24097  10    0.31247  51   1.016E+05 -1.374E-08  6.497E-02  2.940E+02  2.941E+02
   0.24097  10    0.31878  52   1.016E+05 -1.239E-08  6.499E-02  2.938E+02  2.938E+02
   0.24097  10    0.32509  53   1.015E+05 -1.117E-08  6.499E-02  2.936E+02  2.937E+02
   0.24097  10    0.33141  54   1.015E+05 -1.008E-08  6.499E-02  2.935E+02  2.935E+02
   0.24097  10    0.33772  55   1.015E+05 -9.111E-09  6.500E-02  2.934E+02  2.934E+02
   0.24097  10    0.34403  56   1.015E+05 -8.171E-09  6.500E-02  2.933E+02  2.934E+02
   0.24097  10    0.35034  57   1.015E+05 -7.468E-09  6.499E-02  2.933E+02  2.933E+02
   0.24097  10    0.35666  58   1.015E+05 -6.259E-09  6.500E-02  2.933E+02  2.933E+02
   0.24097  10    0.36297  59   1.015E+05 -6.283E-09  6.500E-02  2.932E+02  2.932E+02
   0.24097  10    0.36928  60   1.015E+05 -5.788E-09  6.500E-02  2.932E+02  2.932E+02
   0.24097  10    0.37559  61   1.015E+05 -5.438E-09  6.500E-02  2.932E+02  2.932E+02
   0.24097  10    0.38191  62   1.015E+05 -5.036E-09  6.501E-02  2.932E+02  2.932E+02
   0.24097  10    0.38822  63   1.015E+05 -4.651E-09  6.500E-02  2.931E+02  2.931E+02
   0.24097  10    0.39453  64   1.015E+05 -4.283E-09  6.500E-02  2.931E+02  2.931E+02
   0.24097  10    0.40084  65   1.015E+05 -3.942E-09  6.500E-02  2.931E+02  2.931E+02
   0.24097  10    0.40716  66   1.014E+05 -3.629E-09  6.500E-02  2.931E+02  2.931E+02
   0.24097  10    0.41347  67   1.014E+05 -3.343E-09  6.500E-02  2.931E+02  2.931E+02
   0.24097  10    0.41978  68   1.014E+05 -3.112E-09  6.500E-02  2.931E+02  2.931E+02
   0.24097  10    0.42609  69   1.014E+05 -2.897E-09  6.500E-02  2.931E+02  2.931E+02
   0.24097  10    0.43241  70   1.014E+05 -2.681E-09  6.500E-02  2.931E+02  2.931E+02
   0.24097  10    0.43872  71   1.014E+05 -2.498E-09  6.500E-02  2.931E+02  2.931E+02
   0.24097  10    0.44503  72   1.014E+05 -2.339E-09  6.500E-02  2.931E+02  2.931E+02
   0.24097  10    0.45134  73   1.014E+05 -2.156E-09  6.500E-02  2.930E+02  2.931E+02
   0.24097  10    0.45766  74   1.014E+05 -1.965E-09  6.500E-02  2.930E+02  2.930E+02
   0.24097  10    0.46397  75   1.014E+05 -1.789E-09  6.500E-02  2.930E+02  2.930E+02
   0.24097  10    0.47028  76   1.014E+05 -1.575E-09  6.500E-02  2.930E+02  2.930E+02
   0.24097  10    0.47659  77   1.014E+05 -1.347E-09  6.500E-02  2.930E+02  2.930E+02
   0.24097  10    0.48291  78   1.014E+05 -1.122E-09  6.500E-02  2.930E+02  2.930E+02
   0.24097  10    0.48922  79   1.013E+05 -8.878E-10  6.499E-02  2.930E+02  2.930E+02
   0.24097  10    0.49553  80   1.013E+05 -6.231E-10  6.499E-02  2.930E+02  2.930E+02
   0.24097  10    0.50184  81   1.013E+05 -4.671E-10  6.500E-02  2.930E+02  2.930E+02
   0.24097  10    0.50500  82   1.013E+05 -4.671E-10  6.500E-02  2.930E+02  2.930E+02
   0.26932  11    0.00000   1   1.020E+05 -4.736E-08  6.500E-02  2.930E+02  2.930E+02
   0.26932  11    0.00316   2   1.020E+05 -4.736E-08  6.501E-02  2.930E+02  2.930E+02
   0.26932  11    0.00947   3   1.020E+05 -2.844E-08  6.501E-02  2.930E+02  2.930E+02
   0.26932  11    0.01578   4   1.020E+05  8.585E-10  6.501E-02  2.931E+02  2.931E+02
   0.26932  11    0.02209   5   1.020E+05 -1.203E-08  6.501E-02  2.932E+02  2.932E+02
   0.26932  11    0.02841   6   1.020E+05 -1.005E-08  6.501E-02  2.933E+02  2.933E+02
   0.26932  11    0.03472   7   1.020E+05 -1.138E-08  6.501E-02  2.935E+02  2.935E+02
   0.26932  11    0.04103   8   1.019E+05 -1.228E-08  6.502E-02  2.938E+02  2.938E+02
   0.26932  11    0.04734   9   1.019E+05 -1.363E-08  6.504E-02  2.943E+02  2.943E+02
   0.26932  11    0.05366  10   1.019E+05 -1.520E-08  6.506E-02  2.951E+02  2.950E+02
   0.26932  11    0.05997  11   1.019E+05 -1.682E-08  6.509E-02  2.963E+02  2.962E+02
   0.26932  11    0.06628  12   1.019E+05 -1.799E-08  6.515E-02  2.981E+02  2.979E+02
   0.26932  11    0.07259  13   1.019E+05 -1.799E-08  6.521E-02  3.009E+02  3.005E+02
   0.26932  11    0.07891  14   1.019E+05 -1.616E-08  6.531E-02  3.049E+02  3.043E+02
   0.26932  11    0.08522  15   1.019E+05 -1.200E-08  6.547E-02  3.108E+02  3.099E+02
   0.26932  11    0.09153  16   1.019E+05 -5.277E-09  6.566E-02  3.193E+02  3.180E+02
   0.26932  11    0.09784  17   1.019E+05  3.345E-09  6.587E-02  3.309E+02  3.292E+02
   0.26932  11    0.10416  18   1.019E+05  1.120E-08  6.601E-02  3.460E+02  3.438E+02
   0.26932  11    0.11047  19   1.019E+05  1.550E-08  6.618E-02  3.646E+02  3.619E+02
   0.26932  11    0.11678  20   1.018E+05  1.069E-08  6.620E-02  3.856E+02  3.826E+02
   0.26932  11    0.12309  21   1.018E+05 -1.199E-10  6.613E-02  4.076E+02  4.045E+02
   0.26932  11    0.12941  22   1.018E+05 -1.413E-08  6.598E-02  4.290E+02  4.260E+02
   0.26932  11    0.13572  23   1.018E+05 -3.252E-08  6.576E-02  4.478E+02  4.451E+02
   0.26932  11    0.14203  24   1.018E+05 -6.405E-08  6.552E-02  4.625E+02  4.604E+02
   0.26932  11    0.14834  25   1.018E+05 -7.905E-08  6.526E-02  4.722E+02  4.707E+02
   0.26932  11    0.15466  26   1.018E+05 -7.467E-08  6.501E-02  4.762E+02  4.755E+02
   0.26932  11    0.16097  27   1.018E+05 -7.783E-08  6.478E-02  4.746E+02  4.747E+02
   0.26932  11    0.16728  28   1.018E+05 -7.725E-08  6.458E-02  4.681E+02  4.689E+02
   0.26932  11    0.17359  29   1.018E+05 -7.421E-08  6.440E-02  4.574E+02  4.588E+02
   0.26932  11    0.17991  30   1.017E+05 -6.950E-08  6.427E-02  4.438E+02  4.456E+02
   0.26932  11    0.18622  31   1.017E+05 -6.278E-08  6.419E-02  4.282E+02  4.303E+02
   0.26932  11    0.19253  32   1.017E+05 -5.299E-08  6.413E-02  4.117E+02  4.140E+02
   0.26932  11    0.19884  33   1.017E+05 -4.165E-08  6.412E-02  3.953E+02  3.977E+02
   0.26932  11    0.20516  34   1.017E+05 -2.980E-08  6.416E-02  3.796E+02  3.819E+02
   0.26932  11    0.21147  35   1.017E+05 -1.919E-08  6.420E-02  3.651E+02  3.673E+02
   0.26932  11    0.21778  36   1.017E+05 -9.994E-09  6.424E-02  3.521E+02  3.541E+02
   0.26932  11    0.22409  37   1.017E+05 -2.193E-09  6.434E-02  3.408E+02  3.426E+02
   0.26932  11    0.23041  38   1.017E+05  3.574E-09  6.444E-02  3.311E+02  3.327E+02
   0.26932  11    0.23672  39   1.017E+05  7.462E-09  6.453E-02  3.230E+02  3.243E+02
   0.26932  11    0.24303  40   1.017E+05  9.525E-09  6.462E-02  3.164E+02  3.175E+02
   0.26932  11    0.24934  41   1.016E+05  9.871E-09  6.469E-02  3.110E+02  3.119E+02
   0.26932  11    0.25566  42   1.016E+05  8.749E-09  6.475E-02  3.067E+02  3.075E+02
   0.26932  11    0.26197  43   1.016E+05  6.969E-09  6.480E-02  3.034E+02  3.040E+02
   0.26932  11    0.26828  44   1.016E+05  5.140E-09  6.484E-02  3.008E+02  3.013E+02
   0.26932  11    0.27459  45   1.016E+05  3.362E-09  6.489E-02  2.988E+02  2.992E+02
   0.26932  11    0.28091  46   1.016E+05  1.739E-09  6.491E-02  2.974E+02  2.976E+02
   0.26932  11    0.28722  47   1.016E+05  3.971E-10  6.494E-02  2.962E+02  2.964E+02
   0.26932  11    0.29353  48   1.016E+05 -5.983E-10  6.496E-02  2.954E+02  2.956E+02
   0.26932  11    0.29984  49   1.016E+05 -1.267E-09  6.496E-02  2.948E+02  2.949E+02
   0.26932  11    0.30616  50   1.016E+05 -1.622E-09  6.496E-02  2.944E+02  2.944E+02
   0.26932  11    0.31247  51   1.016E+05 -1.703E-09  6.497E-02  2.940E+02  2.941E+02
   0.26932  11    0.31878  52   1.016E+05 -1.549E-09  6.499E-02  2.938E+02  2.938E+02
   0.26932  11    0.32509  53   1.015E+05 -1.224E-09  6.499E-02  2.936E+02  2.937E+02
   0.26932  11    0.33141  54   1.015E+05 -7.698E-10  6.499E-02  2.935E+02  2.935E+02
   0.26932  11    0.33772  55   1.015E+05 -2.343E-10  6.500E-02  2.934E+02  2.934E+02
   0.26932  11    0.34403  56   1.015E+05  3.197E-10  6.500E-02  2.933E+02  2.934E+02
   0.26932  11    0.35034  57   1.015E+05  7.812E-10  6.499E-02  2.933E+02  2.933E+02
   0.26932  11    0.35666  58   1.015E+05  1.247E-09  6.500E-02  2.933E+02  2.933E+02
   0.26932  11    0.36297  59   1.015E+05  1.106E-09  6.500E-02  2.932E+02  2.932E+02
   0.26932  11    0.36928  60   1.015E+05  9.486E-10  6.500E-02  2.932E+02  2.932E+02
   0.26932  11    0.37559  61   1.015E+05  7.073E-10  6.500E-02  2.932E+02  2.932E+02
   0.26932  11    0.38191  62   1.015E+05  4.473E-10  6.501E-02  2.932E+02  2.932E+02
   0.26932  11    0.38822  63   1.015E+05  1.903E-10  6.500E-02  2.931E+02  2.931E+02
   0.26932  11    0.39453  64   1.015E+05 -4.849E-11  6.499E-02  2.931E+02  2.931E+02
   0.26932  11    0.40084  65   1.015E+05 -2.607E-10  6.500E-02  2.931E+02  2.931E+02
   0.26932  11    0.40716  66   1.014E+05 -4.416E-10  6.500E-02  2.931E+02  2.931E+02
   0.26932  11    0.41347  67   1.014E+05 -5.890E-10  6.500E-02  2.931E+02  2.931E+02
   0.26932  11    0.41978  68   1.014E+05 -7.083E-10  6.500E-02  2.931E+02  2.931E+02
   0.26932  11    0.42609  69   1.014E+05 -7.822E-10  6.500E-02  2.931E+02  2.931E+02
   0.26932  11    0.43241  70   1.014E+05 -8.084E-10  6.500E-02  2.931E+02  2.931E+02
   0.26932  11    0.43872  71   1.014E+05 -8.282E-10  6.500E-02  2.931E+02  2.931E+02
   0.26932  11    0.44503  72   1.014E+05 -8.440E-10  6.500E-02  2.931E+02  2.931E+02
   0.26932  11    0.45134  73   1.014E+05 -8.136E-10  6.500E-02  2.930E+02  2.931E+02
   0.26932  11    0.45766  74   1.014E+05 -7.630E-10  6.500E-02  2.930E+02  2.930E+02
   0.26932  11    0.46397  75   1.014E+05 -7.146E-10  6.500E-02  2.930E+02  2.930E+02
   0.26932  11    0.47028  76   1.014E+05 -6.453E-10  6.500E-02  2.930E+02  2.930E+02
   0.26932  11    0.47659  77   1.014E+05 -5.623E-10  6.500E-02  2.930E+02  2.930E+02
   0.26932  11    0.48291  78   1.014E+05 -4.654E-10  6.500E-02  2.930E+02  2.930E+02
   0.26932  11    0.48922  79   1.013E+05 -3.660E-10  6.499E-02  2.930E+02  2.930E+02
   0.26932  11    0.49553  80   1.013E+05 -2.491E-10  6.499E-02  2.930E+02  2.930E+02
   0.26932  11    0.50184  81   1.013E+05 -1.810E-10  6.500E-02  2.930E+02  2.930E+02
   0.26932  11    0.50500  82   1.013E+05 -1.810E-10  6.500E-02  2.930E+02  2.930E+02
   0.28350  12    0.00000   1   1.020E+05 -4.736E-08  6.500E-02  2.930E+02  2.930E+02
   0.28350  12    0.00316   2   1.020E+05  0.000E+00  0.000E+00  2.930E+02  2.930E+02
   0.28350  12    0.00947   3   1.020E+05  0.000E+00  0.000E+00  2.930E+02  2.930E+02
   0.28350  12    0.01578   4   1.020E+05  0.000E+00  0.000E+00  2.931E+02  2.931E+02
   0.28350  12    0.02209   5   1.020E+05  0.000E+00  0.000E+00  2.932E+02  2.932E+02
   0.28350  12    0.02841   6   1.020E+05  0.000E+00  0.000E+00  2.933E+02  2.933E+02
   0.28350  12    0.03472   7   1.020E+05  0.000E+00  0.000E+00  2.935E+02  2.935E+02
   0.28350  12    0.04103   8   1.019E+05  0.000E+00  0.000E+00  2.938E+02  2.938E+02
   0.28350  12    0.04734   9   1.019E+05  0.000E+00  0.000E+00  2.943E+02  2.943E+02
   0.28350  12    0.05366  10   1.019E+05  0.000E+00  0.000E+00  2.951E+02  2.950E+02
   0.28350  12    0.05997  11   1.019E+05  0.000E+00  0.000E+00  2.963E+02  2.962E+02
   0.28350  12    0.06628  12   1.019E+05  0.000E+00  0.000E+00  2.981E+02  2.979E+02
   0.28350  12    0.07259  13   1.019E+05  0.000E+00  0.000E+00  3.009E+02  3.005E+02
   0.28350  12    0.07891  14   1.019E+05  0.000E+00  0.000E+00  3.049E+02  3.043E+02
   0.28350  12    0.08522  15   1.019E+05  0.000E+00  0.000E+00  3.108E+02  3.099E+02
   0.28350  12    0.09153  16   1.019E+05  0.000E+00  0.000E+00  3.193E+02  3.180E+02
   0.28350  12    0.09784  17   1.019E+05  0.000E+00  0.000E+00  3.309E+02  3.292E+02
   0.28350  12    0.10416  18   1.019E+05  0.000E+00  0.000E+00  3.460E+02  3.438E+02
   0.28350  12    0.11047  19   1.019E+05  0.000E+00  0.000E+00  3.646E+02  3.619E+02
   0.28350  12    0.11678  20   1.018E+05  0.000E+00  0.000E+00  3.856E+02  3.826E+02
   0.28350  12    0.12309  21   1.018E+05  0.000E+00  0.000E+00  4.076E+02  4.045E+02
   0.28350  12    0.12941  22   1.018E+05  0.000E+00  0.000E+00  4.290E+02  4.260E+02
   0.28350  12    0.13572  23   1.018E+05  0.000E+00  0.000E+00  4.478E+02  4.451E+02
   0.28350  12    0.14203  24   1.018E+05  0.000E+00  0.000E+00  4.625E+02  4.604E+02
   0.28350  12    0.14834  25   1.018E+05  0.000E+00  0.000E+00  4.722E+02  4.707E+02
   0.28350  12    0.15466  26   1.018E+05  0.000E+00  0.000E+00  4.762E+02  4.755E+02
   0.28350  12    0.16097  27   1.018E+05  0.000E+00  0.000E+00  4.746E+02  4.747E+02
   0.28350  12    0.16728  28   1.018E+05  0.000E+00  0.000E+00  4.681E+02  4.689E+02
   0.28350  12    0.17359  29   1.018E+05  0.000E+00  0.000E+00  4.574E+02  4.588E+02
   0.28350  12    0.17991  30   1.017E+05  0.000E+00  0.000E+00  4.438E+02  4.456E+02
   0.28350  12    0.18622  31   1.017E+05  0.000E+00  0.000E+00  4.282E+02  4.303E+02
   0.28350  12    0.19253  32   1.017E+05  0.000E+00  0.000E+00  4.117E+02  4.140E+02
   0.28350  12    0.19884  33   1.017E+05  0.000E+00  0.000E+00  3.953E+02  3.977E+02
   0.28350  12    0.20516  34   1.017E+05  0.000E+00  0.000E+00  3.796E+02  3.819E+02
   0.28350  12    0.21147  35   1.017E+05  0.000E+00  0.000E+00  3.651E+02  3.673E+02
   0.28350  12    0.21778  36   1.017E+05  0.000E+00  0.000E+00  3.521E+02  3.541E+02
   0.28350  12    0.22409  37   1.017E+05  0.000E+00  0.000E+00  3.408E+02  3.426E+02
   0.28350  12    0.23041  38   1.017E+05  0.000E+00  0.000E+00  3.311E+02  3.327E+02
   0.28350  12    0.23672  39   1.017E+05  0.000E+00  0.000E+00  3.230E+02  3.243E+02
   0.28350  12    0.24303  40   1.017E+05  0.000E+00  0.000E+00  3.164E+02  3.175E+02
   0.28350  12    0.24934  41   1.016E+05  0.000E+00  0.000E+00  3.110E+02  3.119E+02
   0.28350  12    0.25566  42   1.016E+05  0.000E+00  0.000E+00  3.067E+02  3.075E+02
   0.28350  12    0.26197  43   1.016E+05  0.000E+00  0.000E+00  3.034E+02  3.040E+02
   0.28350  12    0.26828  44   1.016E+05  0.000E+00  0.000E+00  3.008E+02  3.013E+02
   0.28350  12    0.27459  45   1.016E+05  0.000E+00  0.000E+00  2.988E+02  2.992E+02
   0.28350  12    0.28091  46   1.016E+05  0.000E+00  0.000E+00  2.974E+02  2.976E+02
   0.28350  12    0.28722  47   1.016E+05  0.000E+00  0.000E+00  2.962E+02  2.964E+02
   0.28350  12    0.29353  48   1.016E+05  0.000E+00  0.000E+00  2.954E+02  2.956E+02
   0.28350  12    0.29984  49   1.016E+05  0.000E+00  0.000E+00  2.948E+02  2.949E+02
   0.28350  12    0.30616  50   1.016E+05  0.000E+00  0.000E+00  2.944E+02  2.944E+02
   0.28350  12    0.31247  51   1.016E+05  0.000E+00  0.000E+00  2.940E+02  2.941E+02
   0.28350  12    0.31878  52   1.016E+05  0.000E+00  0.000E+00  2.938E+02  2.938E+02
   0.28350  12    0.32509  53   1.015E+05  0.000E+00  0.000E+00  2.936E+02  2.937E+02
   0.28350  12    0.33141  54   1.015E+05  0.000E+00  0.000E+00  2.935E+02  2.935E+02
   0.28350  12    0.33772  55   1.015E+05  0.000E+00  0.000E+00  2.934E+02  2.934E+02
   0.28350  12    0.34403  56   1.015E+05  0.000E+00  0.000E+00  2.933E+02  2.934E+02
   0.28350  12    0.35034  57   1.015E+05  0.000E+00  0.000E+00  2.933E+02  2.933E+02
   0.28350  12    0.35666  58   1.015E+05  0.000E+00  0.000E+00  2.933E+02  2.933E+02
   0.28350  12    0.36297  59   1.015E+05  0.000E+00  0.000E+00  2.932E+02  2.932E+02
   0.28350  12    0.36928  60   1.015E+05  0.000E+00  0.000E+00  2.932E+02  2.932E+02
   0.28350  12    0.37559  61   1.015E+05  0.000E+00  0.000E+00  2.932E+02  2.932E+02
   0.28350  12    0.38191  62   1.015E+05  0.000E+00  0.000E+00  2.932E+02  2.932E+02
   0.28350  12    0.38822  63   1.015E+05  0.000E+00  0.000E+00  2.931E+02  2.931E+02
   0.28350  12    0.39453  64   1.015E+05  0.000E+00  0.000E+00  2.931E+02  2.931E+02
   0.28350  12    0.40084  65   1.015E+05  0.000E+00  0.000E+00  2.931E+02  2.931E+02
   0.28350  12    0.40716  66   1.014E+05  0.000E+00  0.000E+00  2.931E+02  2.931E+02
   0.28350  12    0.41347  67   1.014E+05  0.000E+00  0.000E+00  2.931E+02  2.931E+02
   0.28350  12    0.41978  68   1.014E+05  0.000E+00  0.000E+00  2.931E+02  2.931E+02
   0.28350  12    0.42609  69   1.014E+05  0.000E+00  0.000E+00  2.931E+02  2.931E+02
   0.28350  12    0.43241  70   1.014E+05  0.000E+00  0.000E+00  2.931E+02  2.931E+02
   0.28350  12    0.43872  71   1.014E+05  0.000E+00  0.000E+00  2.931E+02  2.931E+02
   0.28350  12    0.44503  72   1.014E+05  0.000E+00  0.000E+00  2.931E+02  2.931E+02
   0.28350  12    0.45134  73   1.014E+05  0.000E+00  0.000E+00  2.930E+02  2.931E+02
   0.28350  12    0.45766  74   1.014E+05  0.000E+00  0.000E+00  2.930E+02  2.930E+02
   0.28350  12    0.46397  75   1.014E+05  0.000E+00  0.000E+00  2.930E+02  2.930E+02
   0.28350  12    0.47028  76   1.014E+05  0.000E+00  0.000E+00  2.930E+02  2.930E+02
   0.28350  12    0.47659  77   1.014E+05  0.000E+00  0.000E+00  2.930E+02  2.930E+02
   0.28350  12    0.48291  78   1.014E+05  0.000E+00  0.000E+00  2.930E+02  2.930E+02
   0.28350  12    0.48922  79   1.013E+05  0.000E+00  0.000E+00  2.930E+02  2.930E+02
   0.28350  12    0.49553  80   1.013E+05  0.000E+00  0.000E+00  2.930E+02  2.930E+02
   0.28350  12    0.50184  81   1.013E+05  0.000E+00  0.000E+00  2.930E+02  2.930E+02
   0.28350  12    0.50500  82   1.013E+05 -1.810E-10  6.500E-02  2.930E+02  2.930E+02
