# xp i yp j p u v ts tf
   0.00000   1    0.00000   1   1.020E+05  0.000E+00  0.000E+00  2.930E+02  2.930E+02
   0.00000   1    0.00316   2   1.020E+05  0.000E+00  0.000E+00  2.930E+02  2.930E+02
   0.00000   1    0.00947   3   1.020E+05  0.000E+00  0.000E+00  2.930E+02  2.930E+02
   0.00000   1    0.01578   4   1.020E+05  0.000E+00  0.000E+00  2.930E+02  2.930E+02
   0.00000   1    0.02209   5   1.020E+05  0.000E+00  0.000E+00  2.931E+02  2.931E+02
   0.00000   1    0.02841   6   1.020E+05  0.000E+00  0.000E+00  2.932E+02  2.931E+02
   0.00000   1    0.03472   7   1.020E+05  0.000E+00  0.000E+00  2.933E+02  2.932E+02
   0.00000   1    0.04103   8   1.019E+05  0.000E+00  0.000E+00  2.934E+02  2.934E+02
   0.00000   1    0.04734   9   1.019E+05  0.000E+00  0.000E+00  2.937E+02  2.937E+02
   0.00000   1    0.05366  10   1.019E+05  0.000E+00  0.000E+00  2.941E+02  2.941E+02
   0.00000   1    0.05997  11   1.019E+05  0.000E+00  0.000E+00  2.948E+02  2.947E+02
   0.00000   1    0.06628  12   1.019E+05  0.000E+00  0.000E+00  2.958E+02  2.956E+02
   0.00000   1    0.07259  13   1.019E+05  0.000E+00  0.000E+00  2.973E+02  2.970E+02
   0.00000   1    0.07891  14   1.019E+05  0.000E+00  0.000E+00  2.994E+02  2.991E+02
   0.00000   1    0.08522  15   1.019E+05  0.000E+00  0.000E+00  3.026E+02  3.021E+02
   0.00000   1    0.09153  16   1.019E+05  0.000E+00  0.000E+00  3.070E+02  3.064E+02
   0.00000   1    0.09784  17   1.019E+05  0.000E+00  0.000E+00  3.132E+02  3.123E+02
   0.00000   1    0.10416  18   1.019E+05  0.000E+00  0.000E+00  3.214E+02  3.201E+02
   0.00000   1    0.11047  19   1.019E+05  0.000E+00  0.000E+00  3.318E+02  3.302E+02
   0.00000   1    0.11678  20   1.019E+05  0.000E+00  0.000E+00  3.445E+02  3.426E+02
   0.00000   1    0.12309  21   1.018E+05  0.000E+00  0.000E+00  3.592E+02  3.571E+02
   0.00000   1    0.12941  22   1.018E+05  0.000E+00  0.000E+00  3.756E+02  3.732E+02
   0.00000   1    0.13572  23   1.018E+05  0.000E+00  0.000E+00  3.927E+02  3.902E+02
   0.00000   1    0.14203  24   1.018E+05  0.000E+00  0.000E+00  4.095E+02  4.071E+02
   0.00000   1    0.14834  25   1.018E+05  0.000E+00  0.000E+00  4.251E+02  4.229E+02
   0.00000   1    0.15466  26   1.018E+05  0.000E+00  0.000E+00  4.384E+02  4.365E+02
   0.00000   1    0.16097  27   1.018E+05  0.000E+00  0.000E+00  4.485E+02  4.471E+02
   0.00000   1    0.16728  28   1.018E+05  0.000E+00  0.000E+00  4.549E+02  4.540E+02
   0.00000   1    0.17359  29   1.018E+05  0.000E+00  0.000E+00  4.573E+02  4.568E+02
   0.00000   1    0.17991  30   1.017E+05  0.000E+00  0.000E+00  4.556E+02  4.557E+02
   0.00000   1    0.18622  31   1.017E+05  0.000E+00  0.000E+00  4.503E+02  4.510E+02
   0.00000   1    0.19253  32   1.017E+05  0.000E+00  0.000E+00  4.420E+02  4.431E+02
   0.00000   1    0.19884  33   1.017E+05  0.000E+00  0.000E+00  4.312E+02  4.327E+02
   0.00000   1    0.20516  34   1.017E+05  0.000E+00  0.000E+00  4.189E+02  4.206E+02
   0.00000   1    0.21147  35   1.017E+05  0.000E+00  0.000E+00  4.056E+02  4.074E+02
   0.00000   1    0.21778  36   1.017E+05  0.000E+00  0.000E+00  3.920E+02  3.939E+02
   0.00000   1    0.22409  37   1.017E+05  0.000E+00  0.000E+00  3.787E+02  3.807E+02
   0.00000   1    0.23041  38   1.017E+05  0.000E+00  0.000E+00  3.661E+02  3.680E+02
   0.00000   1    0.23672  39   1.017E+05  0.000E+00  0.000E+00  3.545E+02  3.563E+02
   0.00000   1    0.24303  40   1.017E+05  0.000E+00  0.000E+00  3.441E+02  3.457E+02
   0.00000   1    0.24934  41   1.016E+05  0.000E+00  0.000E+00  3.349E+02  3.364E+02
   0.00000   1    0.25566  42   1.016E+05  0.000E+00  0.000E+00  3.270E+02  3.283E+02
   0.00000   1    0.26197  43   1.016E+05  0.000E+00  0.000E+00  3.203E+02  3.214E+02
   0.00000   1    0.26828  44   1.016E+05  0.000E+00  0.000E+00  3.147E+02  3.156E+02
   0.00000   1    0.27459  45   1.016E+05  0.000E+00  0.000E+00  3.101E+02  3.108E+02
   0.00000   1    0.28091  46   1.016E+05  0.000E+00  0.000E+00  3.063E+02  3.069E+02
   0.00000   1    0.28722  47   1.016E+05  0.000E+00  0.000E+00  3.033E+02  3.038E+02
   0.00000   1    0.29353  48   1.016E+05  0.000E+00  0.000E+00  3.009E+02  3.013E+02
   0.00000   1    0.29984  49   1.016E+05  0.000E+00  0.000E+00  2.990E+02  2.994E+02
   0.00000   1    0.30616  50   1.016E+05  0.000E+00  0.000E+00  2.976E+02  2.978E+02
   0.00000   1    0.31247  51   1.016E+05  0.000E+00  0.000E+00  2.965E+02  2.967E+02
   0.00000   1    0.31878  52   1.016E+05  0.000E+00  0.000E+00  2.956E+02  2.958E+02
   0.00000   1    0.32509  53   1.015E+05  0.000E+00  0.000E+00  2.950E+02  2.951E+02
   0.00000   1    0.33141  54   1.015E+05  0.000E+00  0.000E+00  2.945E+02  2.946E+02
   0.00000   1    0.33772  55   1.015E+05  0.000E+00  0.000E+00  2.942E+02  2.942E+02
   0.00000   1    0.34403  56   1.015E+05  0.000E+00  0.000E+00  2.939E+02  2.940E+02
   0.00000   1    0.35034  57   1.015E+05  0.000E+00  0.000E+00  2.937E+02  2.937E+02
   0.00000   1    0.35666  58   1.015E+05  0.000E+00  0.000E+00  2.936E+02  2.936E+02
   0.00000   1    0.36297  59   1.015E+05  0.000E+00  0.000E+00  2.935E+02  2.935E+02
   0.00000   1    0.36928  60   1.015E+05  0.000E+00  0.000E+00  2.934E+02  2.934E+02
   0.00000   1    0.37559  61   1.015E+05  0.000E+00  0.000E+00  2.933E+02  2.933E+02
   0.00000   1    0.38191  62   1.015E+05  0.000E+00  0.000E+00  2.933E+02  2.933E+02
   0.00000   1    0.38822  63   1.015E+05  0.000E+00  0.000E+00  2.932E+02  2.932E+02
   0.00000   1    0.39453  64   1.015E+05  0.000E+00  0.000E+00  2.932E+02  2.932E+02
   0.00000   1    0.40084  65   1.015E+05  0.000E+00  0.000E+00  2.932E+02  2.932E+02
   0.00000   1    0.40716  66   1.014E+05  0.000E+00  0.000E+00  2.931E+02  2.932E+02
   0.00000   1    0.41347  67   1.014E+05  0.000E+00  0.000E+00  2.931E+02  2.931E+02
   0.00000   1    0.41978  68   1.014E+05  0.000E+00  0.000E+00  2.931E+02  2.931E+02
   0.00000   1    0.42609  69   1.014E+05  0.000E+00  0.000E+00  2.931E+02  2.931E+02
   0.00000   1    0.43241  70   1.014E+05  0.000E+00  0.000E+00  2.931E+02  2.931E+02
   0.00000   1    0.43872  71   1.014E+05  0.000E+00  0.000E+00  2.931E+02  2.931E+02
   0.00000   1    0.44503  72   1.014E+05  0.000E+00  0.000E+00  2.931E+02  2.931E+02
   0.00000   1    0.45134  73   1.014E+05  0.000E+00  0.000E+00  2.931E+02  2.931E+02
   0.00000   1    0.45766  74   1.014E+05  0.000E+00  0.000E+00  2.931E+02  2.931E+02
   0.00000   1    0.46397  75   1.014E+05  0.000E+00  0.000E+00  2.931E+02  2.931E+02
   0.00000   1    0.47028  76   1.014E+05  0.000E+00  0.000E+00  2.931E+02  2.931E+02
   0.00000   1    0.47659  77   1.014E+05  0.000E+00  0.000E+00  2.930E+02  2.930E+02
   0.00000   1    0.48291  78   1.014E+05  0.000E+00  0.000E+00  2.930E+02  2.930E+02
   0.00000   1    0.48922  79   1.013E+05  0.000E+00  0.000E+00  2.930E+02  2.930E+02
   0.00000   1    0.49553  80   1.013E+05  0.000E+00  0.000E+00  2.930E+02  2.930E+02
   0.00000   1    0.50184  81   1.013E+05  0.000E+00  0.000E+00  2.930E+02  2.930E+02
   0.00000   1    0.50500  82   1.013E+05  0.000E+00  0.000E+00  2.930E+02  2.930E+02
   0.01417   2    0.00000   1   1.020E+05  1.560E-07  6.500E-02  2.930E+02  2.930E+02
   0.01417   2    0.00316   2   1.020E+05  1.560E-07  6.501E-02  2.930E+02  2.930E+02
   0.01417   2    0.00947   3   1.020E+05  1.407E-07  6.500E-02  2.930E+02  2.930E+02
   0.01417   2    0.01578   4   1.020E+05  1.364E-07  6.500E-02  2.930E+02  2.930E+02
   0.01417   2    0.02209   5   1.020E+05  1.366E-07  6.500E-02  2.931E+02  2.931E+02
   0.01417   2    0.02841   6   1.020E+05  1.420E-07  6.501E-02  2.932E+02  2.931E+02
   0.01417   2    0.03472   7   1.020E+05  1.518E-07  6.501E-02  2.933E+02  2.932E+02
   0.01417   2    0.04103   8   1.019E+05  1.624E-07  6.501E-02  2.934E+02  2.934E+02
   0.01417   2    0.04734   9   1.019E+05  1.732E-07  6.502E-02  2.937E+02  2.937E+02
   0.01417   2    0.05366  10   1.019E+05  1.873E-07  6.504E-02  2.941E+02  2.941E+02
   0.01417   2    0.05997  11   1.019E+05  2.064E-07  6.505E-02  2.948E+02  2.947E+02
   0.01417   2    0.06628  12   1.019E+05  2.298E-07  6.508E-02  2.958E+02  2.956E+02
   0.01417   2    0.07259  13   1.019E+05  2.564E-07  6.513E-02  2.973E+02  2.970E+02
   0.01417   2    0.07891  14   1.019E+05  2.834E-07  6.518E-02  2.994E+02  2.991E+02
   0.01417   2    0.08522  15   1.019E+05  3.095E-07  6.525E-02  3.026E+02  3.021E+02
   0.01417   2    0.09153  16   1.019E+05  3.296E-07  6.534E-02  3.070E+02  3.064E+02
   0.01417   2    0.09784  17   1.019E+05  3.334E-07  6.548E-02  3.132E+02  3.123E+02
   0.01417   2    0.10416  18   1.019E+05  3.219E-07  6.562E-02  3.214E+02  3.201E+02
   0.01417   2    0.11047  19   1.019E+05  2.928E-07  6.575E-02  3.318E+02  3.302E+02
   0.01417   2    0.11678  20   1.019E+05  2.323E-07  6.583E-02  3.445E+02  3.426E+02
   0.01417   2    0.12309  21   1.018E+05  1.519E-07  6.592E-02  3.592E+02  3.571E+02
   0.01417   2    0.12941  22   1.018E+05  6.840E-08  6.595E-02  3.756E+02  3.732E+02
   0.01417   2    0.13572  23   1.018E+05 -4.081E-08  6.590E-02  3.927E+02  3.902E+02
   0.01417   2    0.14203  24   1.018E+05 -1.153E-07  6.583E-02  4.095E+02  4.071E+02
   0.01417   2    0.14834  25   1.018E+05 -1.976E-07  6.570E-02  4.251E+02  4.229E+02
   0.01417   2    0.15466  26   1.018E+05 -2.843E-07  6.553E-02  4.384E+02  4.365E+02
   0.01417   2    0.16097  27   1.018E+05 -3.740E-07  6.535E-02  4.485E+02  4.471E+02
   0.01417   2    0.16728  28   1.018E+05 -4.609E-07  6.517E-02  4.549E+02  4.540E+02
   0.01417   2    0.17359  29   1.018E+05 -4.312E-07  6.499E-02  4.573E+02  4.568E+02
   0.01417   2    0.17991  30   1.017E+05 -4.108E-07  6.482E-02  4.556E+02  4.557E+02
   0.01417   2    0.18622  31   1.017E+05 -3.977E-07  6.464E-02  4.503E+02  4.510E+02
   0.01417   2    0.19253  32   1.017E+05 -3.796E-07  6.451E-02  4.420E+02  4.431E+02
   0.01417   2    0.19884  33   1.017E+05 -3.486E-07  6.441E-02  4.312E+02  4.327E+02
   0.01417   2    0.20516  34   1.017E+05 -3.116E-07  6.434E-02  4.189E+02  4.206E+02
   0.01417   2    0.21147  35   1.017E+05 -2.749E-07  6.427E-02  4.056E+02  4.074E+02
   0.01417   2    0.21778  36   1.017E+05 -2.357E-07  6.426E-02  3.920E+02  3.939E+02
   0.01417   2    0.22409  37   1.017E+05 -1.915E-07  6.426E-02  3.787E+02  3.807E+02
   0.01417   2    0.23041  38   1.017E+05 -1.508E-07  6.429E-02  3.661E+02  3.680E+02
   0.01417   2    0.23672  39   1.017E+05 -1.177E-07  6.431E-02  3.545E+02  3.563E+02
   0.01417   2    0.24303  40   1.017E+05 -8.885E-08  6.439E-02  3.441E+02  3.457E+02
   0.01417   2    0.24934  41   1.016E+05 -6.391E-08  6.445E-02  3.349E+02  3.364E+02
   0.01417   2    0.25566  42   1.016E+05 -4.768E-08  6.453E-02  3.270E+02  3.283E+02
   0.01417   2    0.26197  43   1.016E+05 -4.039E-08  6.460E-02  3.203E+02  3.214E+02
   0.01417   2    0.26828  44   1.016E+05 -4.066E-08  6.468E-02  3.147E+02  3.156E+02
   0.01417   2    0.27459  45   1.016E+05 -5.850E-08  6.474E-02  3.101E+02  3.108E+02
   0.01417   2    0.28091  46   1.016E+05 -7.618E-08  6.479E-02  3.063E+02  3.069E+02
   0.01417   2    0.28722  47   1.016E+05 -3.464E-08  6.481E-02  3.033E+02  3.038E+02
   0.01417   2    0.29353  48   1.016E+05 -2.548E-08  6.484E-02  3.009E+02  3.013E+02
   0.01417   2    0.29984  49   1.016E+05 -1.350E-08  6.489E-02  2.990E+02  2.994E+02
   0.01417   2    0.30616  50   1.016E+05 -7.350E-09  6.492E-02  2.976E+02  2.978E+02
   0.01417   2    0.31247  51   1.016E+05 -3.622E-09  6.493E-02  2.965E+02  2.967E+02
   0.01417   2    0.31878  52   1.016E+05 -1.780E-09  6.494E-02  2.956E+02  2.958E+02
   0.01417   2    0.32509  53   1.015E+05 -1.054E-09  6.497E-02  2.950E+02  2.951E+02
   0.01417   2    0.33141  54   1.015E+05 -9.794E-10  6.498E-02  2.945E+02  2.946E+02
   0.01417   2    0.33772  55   1.015E+05 -1.168E-09  6.498E-02  2.942E+02  2.942E+02
   0.01417   2    0.34403  56   1.015E+05 -1.394E-09  6.498E-02  2.939E+02  2.940E+02
   0.01417   2    0.35034  57   1.015E+05 -1.541E-09  6.499E-02  2.937E+02  2.937E+02
   0.01417   2    0.35666  58   1.015E+05 -1.562E-09  6.499E-02  2.936E+02  2.936E+02
   0.01417   2    0.36297  59   1.015E+05 -1.443E-09  6.499E-02  2.935E+02  2.935E+02
   0.01417   2    0.36928  60   1.015E+05 -1.162E-09  6.499E-02  2.934E+02  2.934E+02
   0.01417   2    0.37559  61   1.015E+05 -7.479E-10  6.500E-02  2.933E+02  2.933E+02
   0.01417   2    0.38191  62   1.015E+05 -2.497E-10  6.500E-02  2.933E+02  2.933E+02
   0.01417   2    0.38822  63   1.015E+05  2.784E-10  6.500E-02  2.932E+02  2.932E+02
   0.01417   2    0.39453  64   1.015E+05  8.256E-10  6.499E-02  2.932E+02  2.932E+02
   0.01417   2    0.40084  65   1.015E+05  1.385E-09  6.499E-02  2.932E+02  2.932E+02
   0.01417   2    0.40716  66   1.014E+05  1.888E-09  6.500E-02  2.931E+02  2.932E+02
   0.01417   2    0.41347  67   1.014E+05  2.313E-09  6.501E-02  2.931E+02  2.931E+02
   0.01417   2    0.41978  68   1.014E+05  2.691E-09  6.501E-02  2.931E+02  2.931E+02
   0.01417   2    0.42609  69   1.014E+05  2.989E-09  6.500E-02  2.931E+02  2.931E+02
   0.01417   2    0.43241  70   1.014E+05  3.207E-09  6.500E-02  2.931E+02  2.931E+02
   0.01417   2    0.43872  71   1.014E+05  3.351E-09  6.500E-02  2.931E+02  2.931E+02
   0.01417   2    0.44503  72   1.014E+05  3.400E-09  6.500E-02  2.931E+02  2.931E+02
   0.01417   2    0.45134  73   1.014E+05  3.387E-09  6.500E-02  2.931E+02  2.931E+02
   0.01417   2    0.45766  74   1.014E+05  3.299E-09  6.500E-02  2.931E+02  2.931E+02
   0.01417   2    0.46397  75   1.014E+05  3.122E-09  6.500E-02  2.931E+02  2.931E+02
   0.01417   2    0.47028  76   1.014E+05  2.881E-09  6.500E-02  2.931E+02  2.931E+02
   0.01417   2    0.47659  77   1.014E+05  2.600E-09  6.500E-02  2.930E+02  2.930E+02
   0.01417   2    0.48291  78   1.014E+05  2.261E-09  6.500E-02  2.930E+02  2.930E+02
   0.01417   2    0.48922  79   1.013E+05  1.853E-09  6.499E-02  2.930E+02  2.930E+02
   0.01417   2    0.49553  80   1.013E+05  1.350E-09  6.499E-02  2.930E+02  2.930E+02
   0.01417   2    0.50184  81   1.013E+05  1.036E-09  6.500E-02  2.930E+02  2.930E+02
   0.01417   2    0.50500  82   1.013E+05  1.036E-09  6.500E-02  2.930E+02  2.930E+02
   0.04252   3    0.00000   1   1.020E+05  2.425E-07  6.500E-02  2.930E+02  2.930E+02
   0.04252   3    0.00316   2   1.020E+05  2.425E-07  6.501E-02  2.930E+02  2.930E+02
   0.04252   3    0.00947   3   1.020E+05  2.308E-07  6.500E-02  2.930E+02  2.930E+02
   0.04252   3    0.01578   4   1.020E+05  2.356E-07  6.500E-02  2.930E+02  2.930E+02
   0.04252   3    0.02209   5   1.020E+05  2.501E-07  6.500E-02  2.931E+02  2.931E+02
   0.04252   3    0.02841   6   1.020E+05  2.896E-07  6.501E-02  2.932E+02  2.931E+02
   0.04252   3    0.03472   7   1.020E+05  3.290E-07  6.501E-02  2.933E+02  2.932E+02
   0.04252   3    0.04103   8   1.019E+05  3.407E-07  6.501E-02  2.934E+02  2.934E+02
   0.04252   3    0.04734   9   1.019E+05  3.246E-07  6.502E-02  2.937E+02  2.937E+02
   0.04252   3    0.05366  10   1.019E+05  3.071E-07  6.504E-02  2.941E+02  2.941E+02
   0.04252   3    0.05997  11   1.019E+05  3.134E-07  6.505E-02  2.948E+02  2.947E+02
   0.04252   3    0.06628  12   1.019E+05  3.278E-07  6.508E-02  2.958E+02  2.956E+02
   0.04252   3    0.07259  13   1.019E+05  3.490E-07  6.513E-02  2.973E+02  2.970E+02
   0.04252   3    0.07891  14   1.019E+05  3.725E-07  6.518E-02  2.994E+02  2.991E+02
   0.04252   3    0.08522  15   1.019E+05  3.946E-07  6.525E-02  3.026E+02  3.021E+02
   0.04252   3    0.09153  16   1.019E+05  4.139E-07  6.535E-02  3.070E+02  3.064E+02
   0.04252   3    0.09784  17   1.019E+05  4.009E-07  6.548E-02  3.132E+02  3.123E+02
   0.04252   3    0.10416  18   1.019E+05  4.117E-07  6.562E-02  3.213E+02  3.201E+02
   0.04252   3    0.11047  19   1.019E+05  3.891E-07  6.575E-02  3.317E+02  3.302E+02
   0.04252   3    0.11678  20   1.019E+05  3.377E-07  6.583E-02  3.444E+02  3.426E+02
   0.04252   3    0.12309  21   1.018E+05  2.627E-07  6.593E-02  3.592E+02  3.570E+02
   0.04252   3    0.12941  22   1.018E+05  1.859E-07  6.596E-02  3.755E+02  3.731E+02
   0.04252   3    0.13572  23   1.018E+05  6.635E-08  6.590E-02  3.926E+02  3.901E+02
   0.04252   3    0.14203  24   1.018E+05  1.026E-08  6.584E-02  4.095E+02  4.071E+02
   0.04252   3    0.14834  25   1.018E+05 -6.832E-08  6.571E-02  4.251E+02  4.229E+02
   0.04252   3    0.15466  26   1.018E+05 -1.521E-07  6.554E-02  4.384E+02  4.365E+02
   0.04252   3    0.16097  27   1.018E+05 -2.454E-07  6.535E-02  4.485E+02  4.470E+02
   0.04252   3    0.16728  28   1.018E+05 -3.320E-07  6.517E-02  4.549E+02  4.539E+02
   0.04252   3    0.17359  29   1.018E+05 -3.455E-07  6.499E-02  4.572E+02  4.568E+02
   0.04252   3    0.17991  30   1.017E+05 -3.740E-07  6.482E-02  4.556E+02  4.557E+02
   0.04252   3    0.18622  31   1.017E+05 -4.105E-07  6.464E-02  4.503E+02  4.510E+02
   0.04252   3    0.19253  32   1.017E+05 -4.249E-07  6.451E-02  4.420E+02  4.431E+02
   0.04252   3    0.19884  33   1.017E+05 -4.057E-07  6.441E-02  4.312E+02  4.327E+02
   0.04252   3    0.20516  34   1.017E+05 -3.735E-07  6.434E-02  4.189E+02  4.206E+02
   0.04252   3    0.21147  35   1.017E+05 -3.523E-07  6.427E-02  4.056E+02  4.074E+02
   0.04252   3    0.21778  36   1.017E+05 -3.289E-07  6.426E-02  3.920E+02  3.940E+02
   0.04252   3    0.22409  37   1.017E+05 -3.003E-07  6.426E-02  3.787E+02  3.807E+02
   0.04252   3    0.23041  38   1.017E+05 -2.701E-07  6.429E-02  3.661E+02  3.680E+02
   0.04252   3    0.23672  39   1.017E+05 -2.420E-07  6.431E-02  3.545E+02  3.563E+02
   0.04252   3    0.24303  40   1.017E+05 -2.124E-07  6.439E-02  3.441E+02  3.458E+02
   0.04252   3    0.24934  41   1.016E+05 -1.812E-07  6.445E-02  3.349E+02  3.364E+02
   0.04252   3    0.25566  42   1.016E+05 -1.454E-07  6.453E-02  3.270E+02  3.283E+02
   0.04252   3    0.26197  43   1.016E+05 -1.412E-07  6.460E-02  3.203E+02  3.214E+02
   0.04252   3    0.26828  44   1.016E+05  4.951E-08  6.468E-02  3.147E+02  3.156E+02
   0.04252   3    0.27459  45   1.016E+05 -8.639E-07  6.474E-02  3.101E+02  3.108E+02
   0.04252   3    0.28091  46   1.016E+05 -2.131E-06  6.478E-02  3.063E+02  3.069E+02
   0.04252   3    0.28722  47   1.016E+05 -9.470E-07  6.481E-02  3.033E+02  3.038E+02
   0.04252   3    0.29353  48   1.016E+05  1.729E-08  6.484E-02  3.009E+02  3.013E+02
   0.04252   3    0.29984  49   1.016E+05 -1.072E-07  6.489E-02  2.990E+02  2.994E+02
   0.04252   3    0.30616  50   1.016E+05 -6.912E-08  6.492E-02  2.976E+02  2.979E+02
   0.04252   3    0.31247  51   1.016E+05 -6.152E-08  6.493E-02  2.965E+02  2.967E+02
   0.04252   3    0.31878  52   1.016E+05 -5.261E-08  6.494E-02  2.956E+02  2.958E+02
   0.04252   3    0.32509  53   1.015E+05 -4.624E-08  6.497E-02  2.950E+02  2.951E+02
   0.04252   3    0.33141  54   1.015E+05 -4.102E-08  6.498E-02  2.945E+02  2.946E+02
   0.04252   3    0.33772  55   1.015E+05 -3.656E-08  6.498E-02  2.942E+02  2.942E+02
   0.04252   3    0.34403  56   1.015E+05 -3.252E-08  6.498E-02  2.939E+02  2.940E+02
   0.04252   3    0.35034  57   1.015E+05 -2.876E-08  6.499E-02  2.937E+02  2.937E+02
   0.04252   3    0.35666  58   1.015E+05 -2.519E-08  6.500E-02  2.936E+02  2.936E+02
   0.04252   3    0.36297  59   1.015E+05 -2.176E-08  6.499E-02  2.935E+02  2.935E+02
   0.04252   3    0.36928  60   1.015E+05 -1.842E-08  6.499E-02  2.934E+02  2.934E+02
   0.04252   3    0.37559  61   1.015E+05 -1.521E-08  6.500E-02  2.933E+02  2.933E+02
   0.04252   3    0.38191  62   1.015E+05 -1.225E-08  6.500E-02  2.933E+02  2.933E+02
   0.04252   3    0.38822  63   1.015E+05 -9.520E-09  6.500E-02  2.932E+02  2.932E+02
   0.04252   3    0.39453  64   1.015E+05 -6.990E-09  6.499E-02  2.932E+02  2.932E+02
   0.04252   3    0.40084  65   1.015E+05 -4.672E-09  6.499E-02  2.932E+02  2.932E+02
   0.04252   3    0.40716  66   1.014E+05 -2.610E-09  6.500E-02  2.931E+02  2.932E+02
   0.04252   3    0.41347  67   1.014E+05 -8.239E-10  6.501E-02  2.931E+02  2.931E+02
   0.04252   3    0.41978  68   1.014E+05  7.184E-10  6.501E-02  2.931E+02  2.931E+02
   0.04252   3    0.42609  69   1.014E+05  1.990E-09  6.500E-02  2.931E+02  2.931E+02
   0.04252   3    0.43241  70   1.014E+05  3.009E-09  6.500E-02  2.931E+02  2.931E+02
   0.04252   3    0.43872  71   1.014E+05  3.789E-09  6.500E-02  2.931E+02  2.931E+02
   0.04252   3    0.44503  72   1.014E+05  4.346E-09  6.500E-02  2.931E+02  2.931E+02
   0.04252   3    0.45134  73   1.014E+05  4.703E-09  6.500E-02  2.931E+02  2.931E+02
   0.04252   3    0.45766  74   1.014E+05  4.857E-09  6.500E-02  2.931E+02  2.931E+02
   0.04252   3    0.46397  75   1.014E+05  4.831E-09  6.500E-02  2.931E+02  2.931E+02
   0.04252   3    0.47028  76   1.014E+05  4.640E-09  6.500E-02  2.931E+02  2.931E+02
   0.04252   3    0.47659  77   1.014E+05  4.302E-09  6.500E-02  2.930E+02  2.930E+02
   0.04252   3    0.48291  78   1.014E+05  3.800E-09  6.500E-02  2.930E+02  2.930E+02
   0.04252   3    0.48922  79   1.013E+05  3.168E-09  6.499E-02  2.930E+02  2.930E+02
   0.04252   3    0.49553  80   1.013E+05  2.327E-09  6.499E-02  2.930E+02  2.930E+02
   0.04252   3    0.50184  81   1.013E+05  1.783E-09  6.500E-02  2.930E+02  2.930E+02
   0.04252   3    0.50500  82   1.013E+05  1.783E-09  6.500E-02  2.930E+02  2.930E+02
   0.07087   4    0.00000   1   1.020E+05  1.755E-07  6.500E-02  2.930E+02  2.930E+02
   0.07087   4    0.00316   2   1.020E+05  1.755E-07  6.501E-02  2.930E+02  2.930E+02
   0.07087   4    0.00947   3   1.020E+05  1.800E-07  6.500E-02  2.930E+02  2.930E+02
   0.07087   4    0.01578   4   1.020E+05  1.910E-07  6.500E-02  2.930E+02  2.930E+02
   0.07087   4    0.02209   5   1.020E+05  2.075E-07  6.500E-02  2.931E+02  2.931E+02
   0.07087   4    0.02841   6   1.020E+05  2.440E-07  6.501E-02  2.932E+02  2.931E+02
   0.07087   4    0.03472   7   1.020E+05  2.736E-07  6.501E-02  2.933E+02  2.932E+02
   0.07087   4    0.04103   8   1.019E+05  2.704E-07  6.501E-02  2.934E+02  2.934E+02
   0.07087   4    0.04734   9   1.019E+05  2.346E-07  6.502E-02  2.937E+02  2.937E+02
   0.07087   4    0.05366  10   1.019E+05  1.912E-07  6.504E-02  2.941E+02  2.941E+02
   0.07087   4    0.05997  11   1.019E+05  1.643E-07  6.505E-02  2.948E+02  2.947E+02
   0.07087   4    0.06628  12   1.019E+05  1.432E-07  6.508E-02  2.958E+02  2.956E+02
   0.07087   4    0.07259  13   1.019E+05  1.094E-07  6.513E-02  2.973E+02  2.970E+02
   0.07087   4    0.07891  14   1.019E+05  1.195E-07  6.518E-02  2.994E+02  2.991E+02
   0.07087   4    0.08522  15   1.019E+05  1.144E-07  6.525E-02  3.026E+02  3.021E+02
   0.07087   4    0.09153  16   1.019E+05  1.138E-07  6.534E-02  3.070E+02  3.064E+02
   0.07087   4    0.09784  17   1.019E+05  1.149E-07  6.548E-02  3.132E+02  3.123E+02
   0.07087   4    0.10416  18   1.019E+05  1.238E-07  6.562E-02  3.213E+02  3.201E+02
   0.07087   4    0.11047  19   1.019E+05  1.360E-07  6.575E-02  3.317E+02  3.302E+02
   0.07087   4    0.11678  20   1.019E+05  1.608E-07  6.583E-02  3.444E+02  3.426E+02
   0.07087   4    0.12309  21   1.018E+05  1.785E-07  6.593E-02  3.592E+02  3.570E+02
   0.07087   4    0.12941  22   1.018E+05  2.486E-07  6.596E-02  3.755E+02  3.731E+02
   0.07087   4    0.13572  23   1.018E+05  3.112E-07  6.590E-02  3.926E+02  3.902E+02
   0.07087   4    0.14203  24   1.018E+05  3.143E-07  6.584E-02  4.095E+02  4.071E+02
   0.07087   4    0.14834  25   1.018E+05  2.769E-07  6.571E-02  4.251E+02  4.229E+02
   0.07087   4    0.15466  26   1.018E+05  2.924E-07  6.554E-02  4.384E+02  4.365E+02
   0.07087   4    0.16097  27   1.018E+05  2.902E-07  6.535E-02  4.485E+02  4.470E+02
   0.07087   4    0.16728  28   1.018E+05  2.799E-07  6.517E-02  4.549E+02  4.539E+02
   0.07087   4    0.17359  29   1.018E+05  2.508E-07  6.499E-02  4.572E+02  4.568E+02
   0.07087   4    0.17991  30   1.017E+05  2.121E-07  6.482E-02  4.556E+02  4.557E+02
   0.07087   4    0.18622  31   1.017E+05  1.679E-07  6.464E-02  4.503E+02  4.510E+02
   0.07087   4    0.19253  32   1.017E+05  1.179E-07  6.451E-02  4.420E+02  4.430E+02
   0.07087   4    0.19884  33   1.017E+05  6.557E-08  6.441E-02  4.312E+02  4.327E+02
   0.07087   4    0.20516  34   1.017E+05  1.278E-08  6.434E-02  4.189E+02  4.206E+02
   0.07087   4    0.21147  35   1.017E+05 -3.777E-08  6.427E-02  4.056E+02  4.074E+02
   0.07087   4    0.21778  36   1.017E+05 -8.778E-08  6.426E-02  3.920E+02  3.940E+02
   0.07087   4    0.22409  37   1.017E+05 -1.351E-07  6.426E-02  3.787E+02  3.807E+02
   0.07087   4    0.23041  38   1.017E+05 -1.740E-07  6.429E-02  3.661E+02  3.680E+02
   0.07087   4    0.23672  39   1.017E+05 -2.035E-07  6.431E-02  3.545E+02  3.563E+02
   0.07087   4    0.24303  40   1.017E+05 -2.245E-07  6.439E-02  3.441E+02  3.457E+02
   0.07087   4    0.24934  41   1.016E+05 -2.347E-07  6.445E-02  3.349E+02  3.364E+02
   0.07087   4    0.25566  42   1.016E+05 -2.244E-07  6.453E-02  3.270E+02  3.283E+02
   0.07087   4    0.26197  43   1.016E+05 -2.278E-07  6.460E-02  3.203E+02  3.214E+02
   0.07087   4    0.26828  44   1.016E+05 -5.775E-08  6.467E-02  3.147E+02  3.156E+02
   0.07087   4    0.27459  45   1.016E+05 -8.075E-07  6.473E-02  3.101E+02  3.108E+02
   0.07087   4    0.28091  46   1.016E+05 -3.011E-06  6.478E-02  3.063E+02  3.069E+02
   0.07087   4    0.28722  47   1.016E+05 -3.089E-06  6.482E-02  3.033E+02  3.038E+02
   0.07087   4    0.29353  48   1.016E+05 -8.416E-07  6.484E-02  3.009E+02  3.013E+02
   0.07087   4    0.29984  49   1.016E+05  8.874E-09  6.488E-02  2.990E+02  2.994E+02
   0.07087   4    0.30616  50   1.016E+05 -1.303E-07  6.492E-02  2.976E+02  2.979E+02
   0.07087   4    0.31247  51   1.016E+05 -1.079E-07  6.493E-02  2.965E+02  2.967E+02
   0.07087   4    0.31878  52   1.016E+05 -1.066E-07  6.494E-02  2.956E+02  2.958E+02
   0.07087   4    0.32509  53   1.015E+05 -9.943E-08  6.497E-02  2.950E+02  2.951E+02
   0.07087   4    0.33141  54   1.015E+05 -9.174E-08  6.498E-02  2.945E+02  2.946E+02
   0.07087   4    0.33772  55   1.015E+05 -8.354E-08  6.498E-02  2.942E+02  2.942E+02
   0.07087   4    0.34403  56   1.015E+05 -7.543E-08  6.498E-02  2.939E+02  2.940E+02
   0.07087   4    0.35034  57   1.015E+05 -6.756E-08  6.499E-02  2.937E+02  2.937E+02
   0.07087   4    0.35666  58   1.015E+05 -6.003E-08  6.499E-02  2.936E+02  2.936E+02
   0.07087   4    0.36297  59   1.015E+05 -5.294E-08  6.499E-02  2.935E+02  2.935E+02
   0.07087   4    0.36928  60   1.015E+05 -4.636E-08  6.499E-02  2.934E+02  2.934E+02
   0.07087   4    0.37559  61   1.015E+05 -4.036E-08  6.500E-02  2.933E+02  2.933E+02
   0.07087   4    0.38191  62   1.015E+05 -3.498E-08  6.500E-02  2.933E+02  2.933E+02
   0.07087   4    0.38822  63   1.015E+05 -3.013E-08  6.500E-02  2.932E+02  2.932E+02
   0.07087   4    0.39453  64   1.015E+05 -2.577E-08  6.499E-02  2.932E+02  2.932E+02
   0.07087   4    0.40084  65   1.015E+05 -2.187E-08  6.499E-02  2.932E+02  2.932E+02
   0.07087   4    0.40716  66   1.014E+05 -1.838E-08  6.500E-02  2.931E+02  2.932E+02
   0.07087   4    0.41347  67   1.014E+05 -1.531E-08  6.501E-02  2.931E+02  2.931E+02
   0.07087   4    0.41978  68   1.014E+05 -1.260E-08  6.501E-02  2.931E+02  2.931E+02
   0.07087   4    0.42609  69   1.014E+05 -1.021E-08  6.500E-02  2.931E+02  2.931E+02
   0.07087   4    0.43241  70   1.014E+05 -8.119E-09  6.500E-02  2.931E+02  2.931E+02
   0.07087   4    0.43872  71   1.014E+05 -6.319E-09  6.500E-02  2.931E+02  2.931E+02
   0.07087   4    0.44503  72   1.014E+05 -4.766E-09  6.500E-02  2.931E+02  2.931E+02
   0.07087   4    0.45134  73   1.014E+05 -3.442E-09  6.500E-02  2.931E+02  2.931E+02
   0.07087   4    0.45766  74   1.014E+05 -2.354E-09  6.500E-02  2.931E+02  2.931E+02
   0.07087   4    0.46397  75   1.014E+05 -1.467E-09  6.500E-02  2.931E+02  2.931E+02
   0.07087   4    0.47028  76   1.014E+05 -7.437E-10  6.500E-02  2.931E+02  2.931E+02
   0.07087   4    0.47659  77   1.014E+05 -2.104E-10  6.500E-02  2.930E+02  2.930E+02
   0.07087   4    0.48291  78   1.014E+05  1.171E-10  6.500E-02  2.930E+02  2.930E+02
   0.07087   4    0.48922  79   1.013E+05  3.112E-10  6.499E-02  2.930E+02  2.930E+02
   0.07087   4    0.49553  80   1.013E+05  3.436E-10  6.499E-02  2.930E+02  2.930E+02
   0.07087   4    0.50184  81   1.013E+05  3.049E-10  6.500E-02  2.930E+02  2.930E+02
   0.07087   4    0.50500  82   1.013E+05  3.049E-10  6.500E-02  2.930E+02  2.930E+02
   0.09922   5    0.00000   1   1.020E+05  1.500E-07  6.500E-02  2.930E+02  2.930E+02
   0.09922   5    0.00316   2   1.020E+05  1.500E-07  6.501E-02  2.930E+02  2.930E+02
   0.09922   5    0.00947   3   1.020E+05  1.510E-07  6.500E-02  2.930E+02  2.930E+02
   0.09922   5    0.01578   4   1.020E+05  1.528E-07  6.500E-02  2.930E+02  2.930E+02
   0.09922   5    0.02209   5   1.020E+05  1.553E-07  6.500E-02  2.931E+02  2.931E+02
   0.09922   5    0.02841   6   1.020E+05  1.580E-07  6.501E-02  2.932E+02  2.931E+02
   0.09922   5    0.03472   7   1.020E+05  1.587E-07  6.501E-02  2.933E+02  2.932E+02
   0.09922   5    0.04103   8   1.019E+05  1.564E-07  6.501E-02  2.934E+02  2.934E+02
   0.09922   5    0.04734   9   1.019E+05  1.516E-07  6.502E-02  2.937E+02  2.937E+02
   0.09922   5    0.05366  10   1.019E+05  1.468E-07  6.504E-02  2.941E+02  2.941E+02
   0.09922   5    0.05997  11   1.019E+05  1.431E-07  6.505E-02  2.948E+02  2.947E+02
   0.09922   5    0.06628  12   1.019E+05  1.535E-07  6.508E-02  2.958E+02  2.956E+02
   0.09922   5    0.07259  13   1.019E+05  1.554E-07  6.513E-02  2.973E+02  2.970E+02
   0.09922   5    0.07891  14   1.019E+05  1.132E-07  6.518E-02  2.994E+02  2.991E+02
   0.09922   5    0.08522  15   1.019E+05  6.241E-08  6.525E-02  3.026E+02  3.021E+02
   0.09922   5    0.09153  16   1.019E+05  3.201E-08  6.534E-02  3.070E+02  3.064E+02
   0.09922   5    0.09784  17   1.019E+05 -7.239E-09  6.548E-02  3.132E+02  3.123E+02
   0.09922   5    0.10416  18   1.019E+05  6.866E-09  6.562E-02  3.213E+02  3.201E+02
   0.09922   5    0.11047  19   1.019E+05  8.874E-09  6.575E-02  3.317E+02  3.302E+02
   0.09922   5    0.11678  20   1.019E+05  5.972E-08  6.583E-02  3.444E+02  3.426E+02
   0.09922   5    0.12309  21   1.018E+05 -6.876E-08  6.592E-02  3.592E+02  3.570E+02
   0.09922   5    0.12941  22   1.018E+05  8.478E-07  6.596E-02  3.755E+02  3.732E+02
   0.09922   5    0.13572  23   1.018E+05  1.932E-06  6.590E-02  3.926E+02  3.902E+02
   0.09922   5    0.14203  24   1.018E+05  8.856E-07  6.583E-02  4.095E+02  4.071E+02
   0.09922   5    0.14834  25   1.018E+05  1.205E-07  6.571E-02  4.251E+02  4.229E+02
   0.09922   5    0.15466  26   1.018E+05  3.002E-07  6.554E-02  4.384E+02  4.365E+02
   0.09922   5    0.16097  27   1.018E+05  3.254E-07  6.535E-02  4.485E+02  4.470E+02
   0.09922   5    0.16728  28   1.018E+05  3.548E-07  6.517E-02  4.549E+02  4.539E+02
   0.09922   5    0.17359  29   1.018E+05  3.408E-07  6.499E-02  4.572E+02  4.568E+02
   0.09922   5    0.17991  30   1.017E+05  3.297E-07  6.482E-02  4.556E+02  4.557E+02
   0.09922   5    0.18622  31   1.017E+05  3.223E-07  6.464E-02  4.503E+02  4.510E+02
   0.09922   5    0.19253  32   1.017E+05  2.886E-07  6.451E-02  4.420E+02  4.430E+02
   0.09922   5    0.19884  33   1.017E+05  2.234E-07  6.441E-02  4.312E+02  4.327E+02
   0.09922   5    0.20516  34   1.017E+05  1.487E-07  6.434E-02  4.189E+02  4.206E+02
   0.09922   5    0.21147  35   1.017E+05  8.649E-08  6.427E-02  4.056E+02  4.074E+02
   0.09922   5    0.21778  36   1.017E+05  2.544E-08  6.426E-02  3.920E+02  3.939E+02
   0.09922   5    0.22409  37   1.017E+05 -3.167E-08  6.427E-02  3.787E+02  3.807E+02
   0.09922   5    0.23041  38   1.017E+05 -8.284E-08  6.430E-02  3.661E+02  3.680E+02
   0.09922   5    0.23672  39   1.017E+05 -1.271E-07  6.432E-02  3.545E+02  3.563E+02
   0.09922   5    0.24303  40   1.017E+05 -1.666E-07  6.439E-02  3.441E+02  3.457E+02
   0.09922   5    0.24934  41   1.016E+05 -1.993E-07  6.445E-02  3.349E+02  3.364E+02
   0.09922   5    0.25566  42   1.016E+05 -2.225E-07  6.453E-02  3.270E+02  3.283E+02
   0.09922   5    0.26197  43   1.016E+05 -2.355E-07  6.460E-02  3.203E+02  3.214E+02
   0.09922   5    0.26828  44   1.016E+05 -2.681E-07  6.467E-02  3.147E+02  3.156E+02
   0.09922   5    0.27459  45   1.016E+05 -1.357E-07  6.473E-02  3.101E+02  3.108E+02
   0.09922   5    0.28091  46   1.016E+05 -1.102E-06  6.478E-02  3.063E+02  3.069E+02
   0.09922   5    0.28722  47   1.016E+05 -2.345E-06  6.482E-02  3.033E+02  3.038E+02
   0.09922   5    0.29353  48   1.016E+05 -1.044E-06  6.485E-02  3.009E+02  3.013E+02
   0.09922   5    0.29984  49   1.016E+05 -2.367E-08  6.489E-02  2.990E+02  2.994E+02
   0.09922   5    0.30616  50   1.016E+05 -1.781E-07  6.492E-02  2.976E+02  2.979E+02
   0.09922   5    0.31247  51   1.016E+05 -1.442E-07  6.493E-02  2.965E+02  2.967E+02
   0.09922   5    0.31878  52   1.016E+05 -1.380E-07  6.494E-02  2.956E+02  2.958E+02
   0.09922   5    0.32509  53   1.015E+05 -1.266E-07  6.497E-02  2.950E+02  2.951E+02
   0.09922   5    0.33141  54   1.015E+05 -1.141E-07  6.498E-02  2.945E+02  2.946E+02
   0.09922   5    0.33772  55   1.015E+05 -1.020E-07  6.498E-02  2.942E+02  2.942E+02
   0.09922   5    0.34403  56   1.015E+05 -9.315E-08  6.498E-02  2.939E+02  2.940E+02
   0.09922   5    0.35034  57   1.015E+05 -8.506E-08  6.499E-02  2.937E+02  2.937E+02
   0.09922   5    0.35666  58   1.015E+05 -7.620E-08  6.499E-02  2.936E+02  2.936E+02
   0.09922   5    0.36297  59   1.015E+05 -6.813E-08  6.499E-02  2.935E+02  2.935E+02
   0.09922   5    0.36928  60   1.015E+05 -6.110E-08  6.499E-02  2.934E+02  2.934E+02
   0.09922   5    0.37559  61   1.015E+05 -5.480E-08  6.500E-02  2.933E+02  2.933E+02
   0.09922   5    0.38191  62   1.015E+05 -4.926E-08  6.500E-02  2.933E+02  2.933E+02
   0.09922   5    0.38822  63   1.015E+05 -4.432E-08  6.500E-02  2.932E+02  2.932E+02
   0.09922   5    0.39453  64   1.015E+05 -3.993E-08  6.499E-02  2.932E+02  2.932E+02
   0.09922   5    0.40084  65   1.015E+05 -3.601E-08  6.499E-02  2.932E+02  2.932E+02
   0.09922   5    0.40716  66   1.014E+05 -3.246E-08  6.500E-02  2.931E+02  2.932E+02
   0.09922   5    0.41347  67   1.014E+05 -2.923E-08  6.501E-02  2.931E+02  2.931E+02
   0.09922   5    0.41978  68   1.014E+05 -2.627E-08  6.501E-02  2.931E+02  2.931E+02
   0.09922   5    0.42609  69   1.014E+05 -2.354E-08  6.500E-02  2.931E+02  2.931E+02
   0.09922   5    0.43241  70   1.014E+05 -2.097E-08  6.500E-02  2.931E+02  2.931E+02
   0.09922   5    0.43872  71   1.014E+05 -1.855E-08  6.500E-02  2.931E+02  2.931E+02
   0.09922   5    0.44503  72   1.014E+05 -1.628E-08  6.500E-02  2.931E+02  2.931E+02
   0.09922   5    0.45134  73   1.014E+05 -1.414E-08  6.500E-02  2.931E+02  2.931E+02
   0.09922   5    0.45766  74   1.014E+05 -1.214E-08  6.500E-02  2.931E+02  2.931E+02
   0.09922   5    0.46397  75   1.014E+05 -1.028E-08  6.500E-02  2.931E+02  2.931E+02
   0.09922   5    0.47028  76   1.014E+05 -8.538E-09  6.500E-02  2.931E+02  2.931E+02
   0.09922   5    0.47659  77   1.014E+05 -6.920E-09  6.500E-02  2.930E+02  2.930E+02
   0.09922   5    0.48291  78   1.014E+05 -5.426E-09  6.500E-02  2.930E+02  2.930E+02
   0.09922   5    0.48922  79   1.013E+05 -4.050E-09  6.499E-02  2.930E+02  2.930E+02
   0.09922   5    0.49553  80   1.013E+05 -2.698E-09  6.499E-02  2.930E+02  2.930E+02
   0.09922   5    0.50184  81   1.013E+05 -1.943E-09  6.500E-02  2.930E+02  2.930E+02
   0.09922   5    0.50500  82   1.013E+05 -1.943E-09  6.500E-02  2.930E+02  2.930E+02
   0.12757   6    0.00000   1   1.020E+05  1.020E-07  6.500E-02  2.930E+02  2.930E+02
   0.12757   6    0.00316   2   1.020E+05  1.020E-07  6.501E-02  2.930E+02  2.930E+02
   0.12757   6    0.00947   3   1.020E+05  1.014E-07  6.500E-02  2.930E+02  2.930E+02
   0.12757   6    0.01578   4   1.020E+05  9.981E-08  6.500E-02  2.930E+02  2.930E+02
   0.12757   6    0.02209   5   1.020E+05  9.726E-08  6.500E-02  2.931E+02  2.931E+02
   0.12757   6    0.02841   6   1.020E+05  9.348E-08  6.501E-02  2.932E+02  2.931E+02
   0.12757   6    0.03472   7   1.020E+05  8.755E-08  6.501E-02  2.933E+02  2.932E+02
   0.12757   6    0.04103   8   1.019E+05  8.035E-08  6.501E-02  2.934E+02  2.934E+02
   0.12757   6    0.04734   9   1.019E+05  6.402E-08  6.502E-02  2.937E+02  2.937E+02
   0.12757   6    0.05366  10   1.019E+05  7.441E-08  6.504E-02  2.941E+02  2.941E+02
   0.12757   6    0.05997  11   1.019E+05 -1.192E-07  6.505E-02  2.948E+02  2.947E+02
   0.12757   6    0.06628  12   1.019E+05  8.262E-07  6.508E-02  2.958E+02  2.956E+02
   0.12757   6    0.07259  13   1.019E+05  2.054E-06  6.513E-02  2.973E+02  2.970E+02
   0.12757   6    0.07891  14   1.019E+05  8.642E-07  6.518E-02  2.994E+02  2.991E+02
   0.12757   6    0.08522  15   1.019E+05 -3.393E-08  6.525E-02  3.026E+02  3.021E+02
   0.12757   6    0.09153  16   1.019E+05  2.325E-07  6.534E-02  3.070E+02  3.064E+02
   0.12757   6    0.09784  17   1.019E+05  2.387E-07  6.548E-02  3.132E+02  3.123E+02
   0.12757   6    0.10416  18   1.019E+05  3.016E-07  6.562E-02  3.214E+02  3.201E+02
   0.12757   6    0.11047  19   1.019E+05  2.945E-07  6.575E-02  3.318E+02  3.302E+02
   0.12757   6    0.11678  20   1.019E+05  3.750E-07  6.583E-02  3.445E+02  3.426E+02
   0.12757   6    0.12309  21   1.018E+05  2.802E-07  6.593E-02  3.592E+02  3.571E+02
   0.12757   6    0.12941  22   1.018E+05  1.112E-06  6.596E-02  3.756E+02  3.732E+02
   0.12757   6    0.13572  23   1.018E+05  2.026E-06  6.590E-02  3.927E+02  3.902E+02
   0.12757   6    0.14203  24   1.018E+05  9.130E-07  6.582E-02  4.095E+02  4.071E+02
   0.12757   6    0.14834  25   1.018E+05  1.236E-07  6.570E-02  4.251E+02  4.229E+02
   0.12757   6    0.15466  26   1.018E+05  2.177E-07  6.553E-02  4.384E+02  4.365E+02
   0.12757   6    0.16097  27   1.018E+05  1.937E-07  6.535E-02  4.485E+02  4.471E+02
   0.12757   6    0.16728  28   1.018E+05  1.966E-07  6.517E-02  4.549E+02  4.539E+02
   0.12757   6    0.17359  29   1.018E+05  1.386E-07  6.499E-02  4.572E+02  4.568E+02
   0.12757   6    0.17991  30   1.017E+05  9.385E-08  6.482E-02  4.556E+02  4.557E+02
   0.12757   6    0.18622  31   1.017E+05  6.219E-08  6.464E-02  4.503E+02  4.510E+02
   0.12757   6    0.19253  32   1.017E+05  3.290E-08  6.451E-02  4.420E+02  4.431E+02
   0.12757   6    0.19884  33   1.017E+05  2.669E-09  6.441E-02  4.312E+02  4.327E+02
   0.12757   6    0.20516  34   1.017E+05 -2.546E-08  6.434E-02  4.189E+02  4.206E+02
   0.12757   6    0.21147  35   1.017E+05 -5.173E-08  6.427E-02  4.055E+02  4.074E+02
   0.12757   6    0.21778  36   1.017E+05 -7.757E-08  6.426E-02  3.920E+02  3.939E+02
   0.12757   6    0.22409  37   1.017E+05 -1.020E-07  6.427E-02  3.787E+02  3.807E+02
   0.12757   6    0.23041  38   1.017E+05 -1.235E-07  6.430E-02  3.661E+02  3.680E+02
   0.12757   6    0.23672  39   1.017E+05 -1.417E-07  6.432E-02  3.545E+02  3.563E+02
   0.12757   6    0.24303  40   1.017E+05 -1.581E-07  6.439E-02  3.441E+02  3.457E+02
   0.12757   6    0.24934  41   1.016E+05 -1.725E-07  6.445E-02  3.349E+02  3.364E+02
   0.12757   6    0.25566  42   1.016E+05 -1.838E-07  6.453E-02  3.270E+02  3.283E+02
   0.12757   6    0.26197  43   1.016E+05 -1.928E-07  6.460E-02  3.203E+02  3.214E+02
   0.12757   6    0.26828  44   1.016E+05 -1.989E-07  6.467E-02  3.147E+02  3.156E+02
   0.12757   6    0.27459  45   1.016E+05 -2.053E-07  6.473E-02  3.101E+02  3.108E+02
   0.12757   6    0.28091  46   1.016E+05 -2.130E-07  6.478E-02  3.063E+02  3.069E+02
   0.12757   6    0.28722  47   1.016E+05 -2.125E-07  6.482E-02  3.033E+02  3.038E+02
   0.12757   6    0.29353  48   1.016E+05 -2.206E-07  6.485E-02  3.009E+02  3.013E+02
   0.12757   6    0.29984  49   1.016E+05 -1.863E-07  6.489E-02  2.990E+02  2.994E+02
   0.12757   6    0.30616  50   1.016E+05 -1.697E-07  6.492E-02  2.976E+02  2.979E+02
   0.12757   6    0.31247  51   1.016E+05 -1.517E-07  6.493E-02  2.965E+02  2.967E+02
   0.12757   6    0.31878  52   1.016E+05 -1.362E-07  6.494E-02  2.956E+02  2.958E+02
   0.12757   6    0.32509  53   1.015E+05 -1.220E-07  6.497E-02  2.950E+02  2.951E+02
   0.12757   6    0.33141  54   1.015E+05 -1.076E-07  6.498E-02  2.945E+02  2.946E+02
   0.12757   6    0.33772  55   1.015E+05 -9.460E-08  6.498E-02  2.942E+02  2.942E+02
   0.12757   6    0.34403  56   1.015E+05 -8.559E-08  6.498E-02  2.939E+02  2.940E+02
   0.12757   6    0.35034  57   1.015E+05 -7.780E-08  6.499E-02  2.937E+02  2.937E+02
   0.12757   6    0.35666  58   1.015E+05 -6.956E-08  6.500E-02  2.936E+02  2.936E+02
   0.12757   6    0.36297  59   1.015E+05 -6.233E-08  6.499E-02  2.935E+02  2.935E+02
   0.12757   6    0.36928  60   1.015E+05 -5.628E-08  6.499E-02  2.934E+02  2.934E+02
   0.12757   6    0.37559  61   1.015E+05 -5.102E-08  6.500E-02  2.933E+02  2.933E+02
   0.12757   6    0.38191  62   1.015E+05 -4.654E-08  6.500E-02  2.933E+02  2.933E+02
   0.12757   6    0.38822  63   1.015E+05 -4.268E-08  6.500E-02  2.932E+02  2.932E+02
   0.12757   6    0.39453  64   1.015E+05 -3.932E-08  6.499E-02  2.932E+02  2.932E+02
   0.12757   6    0.40084  65   1.015E+05 -3.636E-08  6.499E-02  2.932E+02  2.932E+02
   0.12757   6    0.40716  66   1.014E+05 -3.368E-08  6.500E-02  2.931E+02  2.932E+02
   0.12757   6    0.41347  67   1.014E+05 -3.122E-08  6.501E-02  2.931E+02  2.931E+02
   0.12757   6    0.41978  68   1.014E+05 -2.890E-08  6.501E-02  2.931E+02  2.931E+02
   0.12757   6    0.42609  69   1.014E+05 -2.667E-08  6.500E-02  2.931E+02  2.931E+02
   0.12757   6    0.43241  70   1.014E+05 -2.449E-08  6.500E-02  2.931E+02  2.931E+02
   0.12757   6    0.43872  71   1.014E+05 -2.235E-08  6.500E-02  2.931E+02  2.931E+02
   0.12757   6    0.44503  72   1.014E+05 -2.022E-08  6.500E-02  2.931E+02  2.931E+02
   0.12757   6    0.45134  73   1.014E+05 -1.812E-08  6.500E-02  2.931E+02  2.931E+02
   0.12757   6    0.45766  74   1.014E+05 -1.604E-08  6.500E-02  2.931E+02  2.931E+02
   0.12757   6    0.46397  75   1.014E+05 -1.398E-08  6.500E-02  2.931E+02  2.931E+02
   0.12757   6    0.47028  76   1.014E+05 -1.198E-08  6.500E-02  2.931E+02  2.931E+02
   0.12757   6    0.47659  77   1.014E+05 -1.003E-08  6.500E-02  2.930E+02  2.930E+02
   0.12757   6    0.48291  78   1.014E+05 -8.087E-09  6.500E-02  2.930E+02  2.930E+02
   0.12757   6    0.48922  79   1.013E+05 -6.196E-09  6.499E-02  2.930E+02  2.930E+02
   0.12757   6    0.49553  80   1.013E+05 -4.218E-09  6.499E-02  2.930E+02  2.930E+02
   0.12757   6    0.50184  81   1.013E+05 -3.093E-09  6.500E-02  2.930E+02  2.930E+02
   0.12757   6    0.50500  82   1.013E+05 -3.093E-09  6.500E-02  2.930E+02  2.930E+02
   0.15592   7    0.00000   1   1.020E+05  8.354E-08  6.500E-02  2.930E+02  2.930E+02
   0.15592   7    0.00316   2   1.020E+05  8.354E-08  6.501E-02  2.930E+02  2.930E+02
   0.15592   7    0.00947   3   1.020E+05  8.473E-08  6.500E-02  2.930E+02  2.930E+02
   0.15592   7    0.01578   4   1.020E+05  8.719E-08  6.500E-02  2.930E+02  2.930E+02
   0.15592   7    0.02209   5   1.020E+05  9.134E-08  6.500E-02  2.931E+02  2.931E+02
   0.15592   7    0.02841   6   1.020E+05  9.786E-08  6.501E-02  2.932E+02  2.931E+02
   0.15592   7    0.03472   7   1.020E+05  1.077E-07  6.501E-02  2.933E+02  2.932E+02
   0.15592   7    0.04103   8   1.019E+05  1.222E-07  6.501E-02  2.934E+02  2.934E+02
   0.15592   7    0.04734   9   1.019E+05  1.428E-07  6.502E-02  2.937E+02  2.937E+02
   0.15592   7    0.05366  10   1.019E+05  1.744E-07  6.504E-02  2.941E+02  2.941E+02
   0.15592   7    0.05997  11   1.019E+05  2.098E-07  6.506E-02  2.948E+02  2.947E+02
   0.15592   7    0.06628  12   1.019E+05  2.988E-07  6.509E-02  2.958E+02  2.956E+02
   0.15592   7    0.07259  13   1.019E+05  3.121E-07  6.513E-02  2.973E+02  2.970E+02
   0.15592   7    0.07891  14   1.019E+05  3.388E-07  6.517E-02  2.994E+02  2.991E+02
   0.15592   7    0.08522  15   1.019E+05  1.032E-07  6.524E-02  3.026E+02  3.021E+02
   0.15592   7    0.09153  16   1.019E+05  1.085E-06  6.534E-02  3.070E+02  3.064E+02
   0.15592   7    0.09784  17   1.019E+05  2.281E-06  6.548E-02  3.132E+02  3.123E+02
   0.15592   7    0.10416  18   1.019E+05  1.042E-06  6.562E-02  3.213E+02  3.201E+02
   0.15592   7    0.11047  19   1.019E+05 -5.140E-08  6.575E-02  3.318E+02  3.302E+02
   0.15592   7    0.11678  20   1.019E+05  8.526E-07  6.583E-02  3.445E+02  3.426E+02
   0.15592   7    0.12309  21   1.018E+05  2.744E-06  6.593E-02  3.592E+02  3.571E+02
   0.15592   7    0.12941  22   1.018E+05  2.658E-06  6.596E-02  3.755E+02  3.732E+02
   0.15592   7    0.13572  23   1.018E+05  7.310E-07  6.590E-02  3.926E+02  3.902E+02
   0.15592   7    0.14203  24   1.018E+05  6.595E-08  6.583E-02  4.095E+02  4.071E+02
   0.15592   7    0.14834  25   1.018E+05  1.575E-07  6.570E-02  4.251E+02  4.229E+02
   0.15592   7    0.15466  26   1.018E+05  8.901E-08  6.554E-02  4.384E+02  4.365E+02
   0.15592   7    0.16097  27   1.018E+05  5.054E-08  6.535E-02  4.485E+02  4.470E+02
   0.15592   7    0.16728  28   1.018E+05  6.994E-09  6.517E-02  4.549E+02  4.539E+02
   0.15592   7    0.17359  29   1.018E+05 -3.933E-08  6.499E-02  4.572E+02  4.568E+02
   0.15592   7    0.17991  30   1.017E+05 -9.681E-08  6.482E-02  4.556E+02  4.557E+02
   0.15592   7    0.18622  31   1.017E+05 -1.517E-07  6.464E-02  4.503E+02  4.510E+02
   0.15592   7    0.19253  32   1.017E+05 -1.843E-07  6.451E-02  4.420E+02  4.430E+02
   0.15592   7    0.19884  33   1.017E+05 -1.864E-07  6.441E-02  4.312E+02  4.327E+02
   0.15592   7    0.20516  34   1.017E+05 -1.774E-07  6.434E-02  4.188E+02  4.205E+02
   0.15592   7    0.21147  35   1.017E+05 -1.773E-07  6.427E-02  4.055E+02  4.074E+02
   0.15592   7    0.21778  36   1.017E+05 -1.803E-07  6.426E-02  3.920E+02  3.939E+02
   0.15592   7    0.22409  37   1.017E+05 -1.871E-07  6.427E-02  3.787E+02  3.807E+02
   0.15592   7    0.23041  38   1.017E+05 -1.921E-07  6.430E-02  3.661E+02  3.680E+02
   0.15592   7    0.23672  39   1.017E+05 -1.957E-07  6.432E-02  3.545E+02  3.563E+02
   0.15592   7    0.24303  40   1.017E+05 -1.996E-07  6.439E-02  3.441E+02  3.457E+02
   0.15592   7    0.24934  41   1.016E+05 -2.018E-07  6.445E-02  3.349E+02  3.364E+02
   0.15592   7    0.25566  42   1.016E+05 -2.002E-07  6.453E-02  3.270E+02  3.283E+02
   0.15592   7    0.26197  43   1.016E+05 -1.958E-07  6.460E-02  3.203E+02  3.214E+02
   0.15592   7    0.26828  44   1.016E+05 -1.876E-07  6.467E-02  3.147E+02  3.156E+02
   0.15592   7    0.27459  45   1.016E+05 -1.772E-07  6.473E-02  3.101E+02  3.108E+02
   0.15592   7    0.28091  46   1.016E+05 -1.685E-07  6.478E-02  3.063E+02  3.069E+02
   0.15592   7    0.28722  47   1.016E+05 -1.400E-07  6.482E-02  3.033E+02  3.038E+02
   0.15592   7    0.29353  48   1.016E+05 -1.498E-07  6.485E-02  3.009E+02  3.013E+02
   0.15592   7    0.29984  49   1.016E+05 -1.413E-07  6.489E-02  2.990E+02  2.994E+02
   0.15592   7    0.30616  50   1.016E+05 -1.336E-07  6.492E-02  2.976E+02  2.978E+02
   0.15592   7    0.31247  51   1.016E+05 -1.236E-07  6.493E-02  2.965E+02  2.967E+02
   0.15592   7    0.31878  52   1.016E+05 -1.129E-07  6.494E-02  2.956E+02  2.958E+02
   0.15592   7    0.32509  53   1.015E+05 -1.019E-07  6.497E-02  2.950E+02  2.951E+02
   0.15592   7    0.33141  54   1.015E+05 -9.109E-08  6.498E-02  2.945E+02  2.946E+02
   0.15592   7    0.33772  55   1.015E+05 -8.093E-08  6.498E-02  2.942E+02  2.942E+02
   0.15592   7    0.34403  56   1.015E+05 -7.167E-08  6.498E-02  2.939E+02  2.940E+02
   0.15592   7    0.35034  57   1.015E+05 -6.336E-08  6.499E-02  2.937E+02  2.937E+02
   0.15592   7    0.35666  58   1.015E+05 -5.599E-08  6.500E-02  2.936E+02  2.936E+02
   0.15592   7    0.36297  59   1.015E+05 -4.957E-08  6.499E-02  2.935E+02  2.935E+02
   0.15592   7    0.36928  60   1.015E+05 -4.406E-08  6.499E-02  2.934E+02  2.934E+02
   0.15592   7    0.37559  61   1.015E+05 -3.938E-08  6.500E-02  2.933E+02  2.933E+02
   0.15592   7    0.38191  62   1.015E+05 -3.544E-08  6.500E-02  2.933E+02  2.933E+02
   0.15592   7    0.38822  63   1.015E+05 -3.213E-08  6.500E-02  2.932E+02  2.932E+02
   0.15592   7    0.39453  64   1.015E+05 -2.934E-08  6.499E-02  2.932E+02  2.932E+02
   0.15592   7    0.40084  65   1.015E+05 -2.695E-08  6.499E-02  2.932E+02  2.932E+02
   0.15592   7    0.40716  66   1.014E+05 -2.486E-08  6.500E-02  2.931E+02  2.932E+02
   0.15592   7    0.41347  67   1.014E+05 -2.303E-08  6.501E-02  2.931E+02  2.931E+02
   0.15592   7    0.41978  68   1.014E+05 -2.133E-08  6.501E-02  2.931E+02  2.931E+02
   0.15592   7    0.42609  69   1.014E+05 -1.973E-08  6.500E-02  2.931E+02  2.931E+02
   0.15592   7    0.43241  70   1.014E+05 -1.820E-08  6.500E-02  2.931E+02  2.931E+02
   0.15592   7    0.43872  71   1.014E+05 -1.669E-08  6.500E-02  2.931E+02  2.931E+02
   0.15592   7    0.44503  72   1.014E+05 -1.518E-08  6.500E-02  2.931E+02  2.931E+02
   0.15592   7    0.45134  73   1.014E+05 -1.369E-08  6.500E-02  2.931E+02  2.931E+02
   0.15592   7    0.45766  74   1.014E+05 -1.222E-08  6.500E-02  2.931E+02  2.931E+02
   0.15592   7    0.46397  75   1.014E+05 -1.074E-08  6.500E-02  2.931E+02  2.931E+02
   0.15592   7    0.47028  76   1.014E+05 -9.261E-09  6.500E-02  2.931E+02  2.931E+02
   0.15592   7    0.47659  77   1.014E+05 -7.800E-09  6.500E-02  2.930E+02  2.930E+02
   0.15592   7    0.48291  78   1.014E+05 -6.338E-09  6.500E-02  2.930E+02  2.930E+02
   0.15592   7    0.48922  79   1.013E+05 -4.885E-09  6.499E-02  2.930E+02  2.930E+02
   0.15592   7    0.49553  80   1.013E+05 -3.347E-09  6.499E-02  2.930E+02  2.930E+02
   0.15592   7    0.50184  81   1.013E+05 -2.483E-09  6.500E-02  2.930E+02  2.930E+02
   0.15592   7    0.50500  82   1.013E+05 -2.483E-09  6.500E-02  2.930E+02  2.930E+02
   0.18427   8    0.00000   1   1.020E+05  4.737E-08  6.500E-02  2.930E+02  2.930E+02
   0.18427   8    0.00316   2   1.020E+05  4.737E-08  6.501E-02  2.930E+02  2.930E+02
   0.18427   8    0.00947   3   1.020E+05  4.810E-08  6.500E-02  2.930E+02  2.930E+02
   0.18427   8    0.01578   4   1.020E+05  4.936E-08  6.500E-02  2.930E+02  2.930E+02
   0.18427   8    0.02209   5   1.020E+05  5.123E-08  6.500E-02  2.931E+02  2.931E+02
   0.18427   8    0.02841   6   1.020E+05  5.382E-08  6.501E-02  2.932E+02  2.931E+02
   0.18427   8    0.03472   7   1.020E+05  5.729E-08  6.501E-02  2.933E+02  2.932E+02
   0.18427   8    0.04103   8   1.019E+05  6.196E-08  6.501E-02  2.934E+02  2.934E+02
   0.18427   8    0.04734   9   1.019E+05  6.809E-08  6.502E-02  2.937E+02  2.937E+02
   0.18427   8    0.05366  10   1.019E+05  7.709E-08  6.504E-02  2.941E+02  2.941E+02
   0.18427   8    0.05997  11   1.019E+05  8.590E-08  6.505E-02  2.948E+02  2.947E+02
   0.18427   8    0.06628  12   1.019E+05  1.114E-07  6.508E-02  2.958E+02  2.956E+02
   0.18427   8    0.07259  13   1.019E+05  1.044E-07  6.513E-02  2.973E+02  2.970E+02
   0.18427   8    0.07891  14   1.019E+05  1.179E-07  6.518E-02  2.994E+02  2.991E+02
   0.18427   8    0.08522  15   1.019E+05 -8.757E-08  6.525E-02  3.026E+02  3.021E+02
   0.18427   8    0.09153  16   1.019E+05  8.732E-07  6.535E-02  3.070E+02  3.064E+02
   0.18427   8    0.09784  17   1.019E+05  2.072E-06  6.548E-02  3.132E+02  3.123E+02
   0.18427   8    0.10416  18   1.019E+05  8.373E-07  6.561E-02  3.213E+02  3.201E+02
   0.18427   8    0.11047  19   1.019E+05 -2.273E-07  6.575E-02  3.318E+02  3.302E+02
   0.18427   8    0.11678  20   1.019E+05  6.776E-07  6.584E-02  3.445E+02  3.426E+02
   0.18427   8    0.12309  21   1.018E+05  2.585E-06  6.594E-02  3.592E+02  3.571E+02
   0.18427   8    0.12941  22   1.018E+05  2.501E-06  6.596E-02  3.755E+02  3.732E+02
   0.18427   8    0.13572  23   1.018E+05  6.065E-07  6.589E-02  3.926E+02  3.902E+02
   0.18427   8    0.14203  24   1.018E+05  1.320E-08  6.582E-02  4.095E+02  4.071E+02
   0.18427   8    0.14834  25   1.018E+05  1.453E-07  6.570E-02  4.251E+02  4.229E+02
   0.18427   8    0.15466  26   1.018E+05  1.287E-07  6.554E-02  4.384E+02  4.365E+02
   0.18427   8    0.16097  27   1.018E+05  1.041E-07  6.535E-02  4.485E+02  4.470E+02
   0.18427   8    0.16728  28   1.018E+05  7.931E-08  6.517E-02  4.549E+02  4.539E+02
   0.18427   8    0.17359  29   1.018E+05  4.600E-08  6.499E-02  4.572E+02  4.568E+02
   0.18427   8    0.17991  30   1.017E+05 -3.255E-09  6.482E-02  4.556E+02  4.557E+02
   0.18427   8    0.18622  31   1.017E+05 -4.116E-08  6.465E-02  4.503E+02  4.509E+02
   0.18427   8    0.19253  32   1.017E+05 -7.615E-08  6.451E-02  4.420E+02  4.430E+02
   0.18427   8    0.19884  33   1.017E+05 -1.017E-07  6.441E-02  4.312E+02  4.326E+02
   0.18427   8    0.20516  34   1.017E+05 -1.055E-07  6.434E-02  4.188E+02  4.205E+02
   0.18427   8    0.21147  35   1.017E+05 -1.187E-07  6.428E-02  4.055E+02  4.074E+02
   0.18427   8    0.21778  36   1.017E+05 -1.322E-07  6.426E-02  3.920E+02  3.939E+02
   0.18427   8    0.22409  37   1.017E+05 -1.474E-07  6.427E-02  3.787E+02  3.806E+02
   0.18427   8    0.23041  38   1.017E+05 -1.588E-07  6.430E-02  3.661E+02  3.680E+02
   0.18427   8    0.23672  39   1.017E+05 -1.671E-07  6.432E-02  3.545E+02  3.563E+02
   0.18427   8    0.24303  40   1.017E+05 -1.746E-07  6.439E-02  3.441E+02  3.457E+02
   0.18427   8    0.24934  41   1.016E+05 -1.799E-07  6.445E-02  3.349E+02  3.364E+02
   0.18427   8    0.25566  42   1.016E+05 -1.818E-07  6.453E-02  3.270E+02  3.283E+02
   0.18427   8    0.26197  43   1.016E+05 -1.803E-07  6.460E-02  3.203E+02  3.214E+02
   0.18427   8    0.26828  44   1.016E+05 -1.749E-07  6.467E-02  3.147E+02  3.156E+02
   0.18427   8    0.27459  45   1.016E+05 -1.677E-07  6.473E-02  3.100E+02  3.108E+02
   0.18427   8    0.28091  46   1.016E+05 -1.596E-07  6.478E-02  3.063E+02  3.069E+02
   0.18427   8    0.28722  47   1.016E+05 -1.498E-07  6.482E-02  3.033E+02  3.038E+02
   0.18427   8    0.29353  48   1.016E+05 -1.390E-07  6.485E-02  3.009E+02  3.013E+02
   0.18427   8    0.29984  49   1.016E+05 -1.268E-07  6.489E-02  2.990E+02  2.994E+02
   0.18427   8    0.30616  50   1.016E+05 -1.149E-07  6.492E-02  2.976E+02  2.978E+02
   0.18427   8    0.31247  51   1.016E+05 -1.034E-07  6.493E-02  2.965E+02  2.967E+02
   0.18427   8    0.31878  52   1.016E+05 -9.232E-08  6.494E-02  2.956E+02  2.958E+02
   0.18427   8    0.32509  53   1.015E+05 -8.192E-08  6.497E-02  2.950E+02  2.951E+02
   0.18427   8    0.33141  54   1.015E+05 -7.226E-08  6.498E-02  2.945E+02  2.946E+02
   0.18427   8    0.33772  55   1.015E+05 -6.343E-08  6.498E-02  2.942E+02  2.942E+02
   0.18427   8    0.34403  56   1.015E+05 -5.542E-08  6.498E-02  2.939E+02  2.940E+02
   0.18427   8    0.35034  57   1.015E+05 -4.828E-08  6.499E-02  2.937E+02  2.937E+02
   0.18427   8    0.35666  58   1.015E+05 -4.200E-08  6.500E-02  2.936E+02  2.936E+02
   0.18427   8    0.36297  59   1.015E+05 -3.653E-08  6.499E-02  2.935E+02  2.935E+02
   0.18427   8    0.36928  60   1.015E+05 -3.185E-08  6.499E-02  2.934E+02  2.934E+02
   0.18427   8    0.37559  61   1.015E+05 -2.785E-08  6.500E-02  2.933E+02  2.933E+02
   0.18427   8    0.38191  62   1.015E+05 -2.446E-08  6.500E-02  2.933E+02  2.933E+02
   0.18427   8    0.38822  63   1.015E+05 -2.160E-08  6.500E-02  2.932E+02  2.932E+02
   0.18427   8    0.39453  64   1.015E+05 -1.919E-08  6.499E-02  2.932E+02  2.932E+02
   0.18427   8    0.40084  65   1.015E+05 -1.715E-08  6.499E-02  2.932E+02  2.932E+02
   0.18427   8    0.40716  66   1.014E+05 -1.541E-08  6.500E-02  2.931E+02  2.932E+02
   0.18427   8    0.41347  67   1.014E+05 -1.389E-08  6.501E-02  2.931E+02  2.931E+02
   0.18427   8    0.41978  68   1.014E+05 -1.254E-08  6.501E-02  2.931E+02  2.931E+02
   0.18427   8    0.42609  69   1.014E+05 -1.134E-08  6.500E-02  2.931E+02  2.931E+02
   0.18427   8    0.43241  70   1.014E+05 -1.025E-08  6.500E-02  2.931E+02  2.931E+02
   0.18427   8    0.43872  71   1.014E+05 -9.239E-09  6.500E-02  2.931E+02  2.931E+02
   0.18427   8    0.44503  72   1.014E+05 -8.289E-09  6.500E-02  2.931E+02  2.931E+02
   0.18427   8    0.45134  73   1.014E+05 -7.385E-09  6.500E-02  2.931E+02  2.931E+02
   0.18427   8    0.45766  74   1.014E+05 -6.515E-09  6.500E-02  2.931E+02  2.931E+02
   0.18427   8    0.46397  75   1.014E+05 -5.672E-09  6.500E-02  2.931E+02  2.931E+02
   0.18427   8    0.47028  76   1.014E+05 -4.850E-09  6.500E-02  2.931E+02  2.931E+02
   0.18427   8    0.47659  77   1.014E+05 -4.042E-09  6.500E-02  2.930E+02  2.930E+02
   0.18427   8    0.48291  78   1.014E+05 -3.273E-09  6.500E-02  2.930E+02  2.930E+02
   0.18427   8    0.48922  79   1.013E+05 -2.521E-09  6.499E-02  2.930E+02  2.930E+02
   0.18427   8    0.49553  80   1.013E+05 -1.712E-09  6.499E-02  2.930E+02  2.930E+02
   0.18427   8    0.50184  81   1.013E+05 -1.272E-09  6.500E-02  2.930E+02  2.930E+02
   0.18427   8    0.50500  82   1.013E+05 -1.272E-09  6.500E-02  2.930E+02  2.930E+02
   0.21262   9    0.00000   1   1.020E+05  1.763E-09  6.500E-02  2.930E+02  2.930E+02
   0.21262   9    0.00316   2   1.020E+05  1.763E-09  6.501E-02  2.930E+02  2.930E+02
   0.21262   9    0.00947   3   1.020E+05  1.788E-09  6.500E-02  2.930E+02  2.930E+02
   0.21262   9    0.01578   4   1.020E+05  9.641E-10  6.500E-02  2.930E+02  2.930E+02
   0.21262   9    0.02209   5   1.020E+05 -1.437E-09  6.500E-02  2.931E+02  2.931E+02
   0.21262   9    0.02841   6   1.020E+05 -6.436E-09  6.501E-02  2.932E+02  2.931E+02
   0.21262   9    0.03472   7   1.020E+05 -1.553E-08  6.501E-02  2.933E+02  2.932E+02
   0.21262   9    0.04103   8   1.019E+05 -2.954E-08  6.501E-02  2.934E+02  2.934E+02
   0.21262   9    0.04734   9   1.019E+05 -5.740E-08  6.502E-02  2.937E+02  2.937E+02
   0.21262   9    0.05366  10   1.019E+05 -6.624E-08  6.504E-02  2.941E+02  2.941E+02
   0.21262   9    0.05997  11   1.019E+05 -2.825E-07  6.506E-02  2.948E+02  2.947E+02
   0.21262   9    0.06628  12   1.019E+05  6.036E-07  6.509E-02  2.958E+02  2.956E+02
   0.21262   9    0.07259  13   1.019E+05  1.818E-06  6.513E-02  2.973E+02  2.970E+02
   0.21262   9    0.07891  14   1.019E+05  6.215E-07  6.517E-02  2.994E+02  2.991E+02
   0.21262   9    0.08522  15   1.019E+05 -2.363E-07  6.525E-02  3.026E+02  3.021E+02
   0.21262   9    0.09153  16   1.019E+05 -2.614E-09  6.535E-02  3.070E+02  3.064E+02
   0.21262   9    0.09784  17   1.019E+05  2.932E-08  6.548E-02  3.132E+02  3.123E+02
   0.21262   9    0.10416  18   1.019E+05  7.791E-08  6.561E-02  3.213E+02  3.201E+02
   0.21262   9    0.11047  19   1.019E+05  1.117E-07  6.575E-02  3.318E+02  3.302E+02
   0.21262   9    0.11678  20   1.019E+05  1.505E-07  6.584E-02  3.445E+02  3.426E+02
   0.21262   9    0.12309  21   1.018E+05  1.758E-07  6.594E-02  3.592E+02  3.571E+02
   0.21262   9    0.12941  22   1.018E+05  1.594E-07  6.596E-02  3.755E+02  3.732E+02
   0.21262   9    0.13572  23   1.018E+05  1.329E-07  6.589E-02  3.926E+02  3.902E+02
   0.21262   9    0.14203  24   1.018E+05  1.358E-07  6.582E-02  4.095E+02  4.071E+02
   0.21262   9    0.14834  25   1.018E+05  1.247E-07  6.570E-02  4.251E+02  4.229E+02
   0.21262   9    0.15466  26   1.018E+05  1.111E-07  6.554E-02  4.384E+02  4.365E+02
   0.21262   9    0.16097  27   1.018E+05  9.173E-08  6.535E-02  4.485E+02  4.470E+02
   0.21262   9    0.16728  28   1.018E+05  7.819E-08  6.517E-02  4.549E+02  4.539E+02
   0.21262   9    0.17359  29   1.018E+05  2.547E-08  6.499E-02  4.572E+02  4.568E+02
   0.21262   9    0.17991  30   1.017E+05 -4.545E-08  6.482E-02  4.556E+02  4.557E+02
   0.21262   9    0.18622  31   1.017E+05 -1.129E-07  6.465E-02  4.503E+02  4.509E+02
   0.21262   9    0.19253  32   1.017E+05 -1.184E-07  6.451E-02  4.419E+02  4.430E+02
   0.21262   9    0.19884  33   1.017E+05 -1.070E-07  6.441E-02  4.312E+02  4.326E+02
   0.21262   9    0.20516  34   1.017E+05 -8.798E-08  6.434E-02  4.188E+02  4.205E+02
   0.21262   9    0.21147  35   1.017E+05 -8.331E-08  6.428E-02  4.055E+02  4.074E+02
   0.21262   9    0.21778  36   1.017E+05 -8.225E-08  6.426E-02  3.920E+02  3.939E+02
   0.21262   9    0.22409  37   1.017E+05 -8.479E-08  6.427E-02  3.787E+02  3.806E+02
   0.21262   9    0.23041  38   1.017E+05 -8.782E-08  6.430E-02  3.661E+02  3.680E+02
   0.21262   9    0.23672  39   1.017E+05 -9.046E-08  6.432E-02  3.545E+02  3.563E+02
   0.21262   9    0.24303  40   1.017E+05 -9.324E-08  6.439E-02  3.441E+02  3.457E+02
   0.21262   9    0.24934  41   1.016E+05 -9.579E-08  6.445E-02  3.349E+02  3.364E+02
   0.21262   9    0.25566  42   1.016E+05 -9.755E-08  6.453E-02  3.270E+02  3.283E+02
   0.21262   9    0.26197  43   1.016E+05 -9.739E-08  6.460E-02  3.203E+02  3.214E+02
   0.21262   9    0.26828  44   1.016E+05 -9.455E-08  6.467E-02  3.147E+02  3.156E+02
   0.21262   9    0.27459  45   1.016E+05 -9.030E-08  6.473E-02  3.100E+02  3.108E+02
   0.21262   9    0.28091  46   1.016E+05 -8.515E-08  6.478E-02  3.063E+02  3.069E+02
   0.21262   9    0.28722  47   1.016E+05 -7.943E-08  6.482E-02  3.033E+02  3.038E+02
   0.21262   9    0.29353  48   1.016E+05 -7.335E-08  6.485E-02  3.009E+02  3.013E+02
   0.21262   9    0.29984  49   1.016E+05 -6.694E-08  6.489E-02  2.990E+02  2.994E+02
   0.21262   9    0.30616  50   1.016E+05 -6.056E-08  6.492E-02  2.976E+02  2.978E+02
   0.21262   9    0.31247  51   1.016E+05 -5.435E-08  6.493E-02  2.965E+02  2.967E+02
   0.21262   9    0.31878  52   1.016E+05 -4.846E-08  6.494E-02  2.956E+02  2.958E+02
   0.21262   9    0.32509  53   1.015E+05 -4.296E-08  6.497E-02  2.950E+02  2.951E+02
   0.21262   9    0.33141  54   1.015E+05 -3.789E-08  6.498E-02  2.945E+02  2.946E+02
   0.21262   9    0.33772  55   1.015E+05 -3.329E-08  6.498E-02  2.942E+02  2.942E+02
   0.21262   9    0.34403  56   1.015E+05 -2.917E-08  6.498E-02  2.939E+02  2.940E+02
   0.21262   9    0.35034  57   1.015E+05 -2.550E-08  6.499E-02  2.937E+02  2.937E+02
   0.21262   9    0.35666  58   1.015E+05 -2.227E-08  6.500E-02  2.936E+02  2.936E+02
   0.21262   9    0.36297  59   1.015E+05 -1.943E-08  6.499E-02  2.935E+02  2.935E+02
   0.21262   9    0.36928  60   1.015E+05 -1.700E-08  6.499E-02  2.934E+02  2.934E+02
   0.21262   9    0.37559  61   1.015E+05 -1.488E-08  6.500E-02  2.933E+02  2.933E+02
   0.21262   9    0.38191  62   1.015E+05 -1.307E-08  6.500E-02  2.933E+02  2.933E+02
   0.21262   9    0.38822  63   1.015E+05 -1.150E-08  6.500E-02  2.932E+02  2.932E+02
   0.21262   9    0.39453  64   1.015E+05 -1.016E-08  6.499E-02  2.932E+02  2.932E+02
   0.21262   9    0.40084  65   1.015E+05 -9.009E-09  6.499E-02  2.932E+02  2.932E+02
   0.21262   9    0.40716  66   1.014E+05 -8.025E-09  6.500E-02  2.931E+02  2.932E+02
   0.21262   9    0.41347  67   1.014E+05 -7.171E-09  6.501E-02  2.931E+02  2.931E+02
   0.21262   9    0.41978  68   1.014E+05 -6.413E-09  6.501E-02  2.931E+02  2.931E+02
   0.21262   9    0.42609  69   1.014E+05 -5.742E-09  6.500E-02  2.931E+02  2.931E+02
   0.21262   9    0.43241  70   1.014E+05 -5.129E-09  6.500E-02  2.931E+02  2.931E+02
   0.21262   9    0.43872  71   1.014E+05 -4.600E-09  6.500E-02  2.931E+02  2.931E+02
   0.21262   9    0.44503  72   1.014E+05 -4.140E-09  6.500E-02  2.931E+02  2.931E+02
   0.21262   9    0.45134  73   1.014E+05 -3.699E-09  6.500E-02  2.931E+02  2.931E+02
   0.21262   9    0.45766  74   1.014E+05 -3.271E-09  6.500E-02  2.931E+02  2.931E+02
   0.21262   9    0.46397  75   1.014E+05 -2.866E-09  6.500E-02  2.931E+02  2.931E+02
   0.21262   9    0.47028  76   1.014E+05 -2.473E-09  6.500E-02  2.931E+02  2.931E+02
   0.21262   9    0.47659  77   1.014E+05 -2.085E-09  6.500E-02  2.930E+02  2.930E+02
   0.21262   9    0.48291  78   1.014E+05 -1.703E-09  6.500E-02  2.930E+02  2.930E+02
   0.21262   9    0.48922  79   1.013E+05 -1.315E-09  6.499E-02  2.930E+02  2.930E+02
   0.21262   9    0.49553  80   1.013E+05 -8.973E-10  6.499E-02  2.930E+02  2.930E+02
   0.21262   9    0.50184  81   1.013E+05 -6.657E-10  6.500E-02  2.930E+02  2.930E+02
   0.21262   9    0.50500  82   1.013E+05 -6.657E-10  6.500E-02  2.930E+02  2.930E+02
   0.24097  10    0.00000   1   1.020E+05 -7.768E-08  6.500E-02  2.930E+02  2.930E+02
   0.24097  10    0.00316   2   1.020E+05 -7.768E-08  6.501E-02  2.930E+02  2.930E+02
   0.24097  10    0.00947   3   1.020E+05 -5.786E-08  6.500E-02  2.930E+02  2.930E+02
   0.24097  10    0.01578   4   1.020E+05 -4.493E-08  6.500E-02  2.930E+02  2.930E+02
   0.24097  10    0.02209   5   1.020E+05 -3.407E-08  6.500E-02  2.931E+02  2.931E+02
   0.24097  10    0.02841   6   1.020E+05 -2.546E-08  6.501E-02  2.932E+02  2.931E+02
   0.24097  10    0.03472   7   1.020E+05 -1.848E-08  6.501E-02  2.933E+02  2.932E+02
   0.24097  10    0.04103   8   1.019E+05 -1.256E-08  6.501E-02  2.934E+02  2.934E+02
   0.24097  10    0.04734   9   1.019E+05 -7.018E-09  6.502E-02  2.937E+02  2.937E+02
   0.24097  10    0.05366  10   1.019E+05 -6.623E-11  6.504E-02  2.941E+02  2.941E+02
   0.24097  10    0.05997  11   1.019E+05  7.633E-09  6.506E-02  2.948E+02  2.947E+02
   0.24097  10    0.06628  12   1.019E+05  2.852E-08  6.509E-02  2.958E+02  2.956E+02
   0.24097  10    0.07259  13   1.019E+05  4.246E-08  6.513E-02  2.973E+02  2.970E+02
   0.24097  10    0.07891  14   1.019E+05  9.800E-09  6.517E-02  2.994E+02  2.991E+02
   0.24097  10    0.08522  15   1.019E+05 -2.967E-08  6.525E-02  3.026E+02  3.021E+02
   0.24097  10    0.09153  16   1.019E+05 -6.879E-08  6.535E-02  3.070E+02  3.064E+02
   0.24097  10    0.09784  17   1.019E+05 -9.794E-08  6.548E-02  3.132E+02  3.123E+02
   0.24097  10    0.10416  18   1.019E+05 -7.703E-08  6.561E-02  3.213E+02  3.201E+02
   0.24097  10    0.11047  19   1.019E+05 -5.349E-08  6.575E-02  3.318E+02  3.302E+02
   0.24097  10    0.11678  20   1.019E+05 -4.648E-08  6.584E-02  3.445E+02  3.426E+02
   0.24097  10    0.12309  21   1.018E+05 -6.969E-08  6.594E-02  3.592E+02  3.570E+02
   0.24097  10    0.12941  22   1.018E+05 -5.463E-08  6.596E-02  3.755E+02  3.732E+02
   0.24097  10    0.13572  23   1.018E+05 -5.473E-09  6.589E-02  3.926E+02  3.902E+02
   0.24097  10    0.14203  24   1.018E+05  1.938E-08  6.583E-02  4.095E+02  4.071E+02
   0.24097  10    0.14834  25   1.018E+05  4.793E-08  6.570E-02  4.251E+02  4.229E+02
   0.24097  10    0.15466  26   1.018E+05  7.444E-08  6.554E-02  4.384E+02  4.365E+02
   0.24097  10    0.16097  27   1.018E+05  1.210E-07  6.535E-02  4.485E+02  4.470E+02
   0.24097  10    0.16728  28   1.018E+05  1.533E-07  6.517E-02  4.549E+02  4.539E+02
   0.24097  10    0.17359  29   1.018E+05  2.843E-07  6.499E-02  4.572E+02  4.568E+02
   0.24097  10    0.17991  30   1.017E+05 -2.726E-07  6.482E-02  4.556E+02  4.557E+02
   0.24097  10    0.18622  31   1.017E+05 -1.915E-06  6.465E-02  4.503E+02  4.509E+02
   0.24097  10    0.19253  32   1.017E+05 -2.000E-06  6.451E-02  4.419E+02  4.430E+02
   0.24097  10    0.19884  33   1.017E+05 -3.513E-07  6.441E-02  4.312E+02  4.326E+02
   0.24097  10    0.20516  34   1.017E+05  2.399E-07  6.434E-02  4.188E+02  4.205E+02
   0.24097  10    0.21147  35   1.017E+05  8.531E-08  6.428E-02  4.055E+02  4.074E+02
   0.24097  10    0.21778  36   1.017E+05  6.811E-08  6.426E-02  3.920E+02  3.939E+02
   0.24097  10    0.22409  37   1.017E+05  4.127E-08  6.427E-02  3.787E+02  3.806E+02
   0.24097  10    0.23041  38   1.017E+05  2.404E-08  6.430E-02  3.661E+02  3.680E+02
   0.24097  10    0.23672  39   1.017E+05  1.080E-08  6.432E-02  3.545E+02  3.563E+02
   0.24097  10    0.24303  40   1.017E+05  1.171E-09  6.439E-02  3.441E+02  3.457E+02
   0.24097  10    0.24934  41   1.016E+05 -5.809E-09  6.445E-02  3.349E+02  3.364E+02
   0.24097  10    0.25566  42   1.016E+05 -1.109E-08  6.453E-02  3.270E+02  3.283E+02
   0.24097  10    0.26197  43   1.016E+05 -1.505E-08  6.460E-02  3.203E+02  3.214E+02
   0.24097  10    0.26828  44   1.016E+05 -1.793E-08  6.468E-02  3.147E+02  3.156E+02
   0.24097  10    0.27459  45   1.016E+05 -1.988E-08  6.473E-02  3.100E+02  3.108E+02
   0.24097  10    0.28091  46   1.016E+05 -2.108E-08  6.478E-02  3.063E+02  3.069E+02
   0.24097  10    0.28722  47   1.016E+05 -2.166E-08  6.482E-02  3.033E+02  3.038E+02
   0.24097  10    0.29353  48   1.016E+05 -2.155E-08  6.485E-02  3.009E+02  3.013E+02
   0.24097  10    0.29984  49   1.016E+05 -2.083E-08  6.489E-02  2.990E+02  2.994E+02
   0.24097  10    0.30616  50   1.016E+05 -1.978E-08  6.492E-02  2.976E+02  2.978E+02
   0.24097  10    0.31247  51   1.016E+05 -1.849E-08  6.493E-02  2.965E+02  2.967E+02
   0.24097  10    0.31878  52   1.016E+05 -1.705E-08  6.494E-02  2.956E+02  2.958E+02
   0.24097  10    0.32509  53   1.015E+05 -1.554E-08  6.497E-02  2.950E+02  2.951E+02
   0.24097  10    0.33141  54   1.015E+05 -1.402E-08  6.498E-02  2.945E+02  2.946E+02
   0.24097  10    0.33772  55   1.015E+05 -1.250E-08  6.498E-02  2.942E+02  2.942E+02
   0.24097  10    0.34403  56   1.015E+05 -1.107E-08  6.498E-02  2.939E+02  2.940E+02
   0.24097  10    0.35034  57   1.015E+05 -9.756E-09  6.499E-02  2.937E+02  2.937E+02
   0.24097  10    0.35666  58   1.015E+05 -8.582E-09  6.500E-02  2.936E+02  2.936E+02
   0.24097  10    0.36297  59   1.015E+05 -7.523E-09  6.499E-02  2.935E+02  2.935E+02
   0.24097  10    0.36928  60   1.015E+05 -6.603E-09  6.499E-02  2.934E+02  2.934E+02
   0.24097  10    0.37559  61   1.015E+05 -5.816E-09  6.500E-02  2.933E+02  2.933E+02
   0.24097  10    0.38191  62   1.015E+05 -5.146E-09  6.500E-02  2.933E+02  2.933E+02
   0.24097  10    0.38822  63   1.015E+05 -4.587E-09  6.500E-02  2.932E+02  2.932E+02
   0.24097  10    0.39453  64   1.015E+05 -4.129E-09  6.499E-02  2.932E+02  2.932E+02
   0.24097  10    0.40084  65   1.015E+05 -3.755E-09  6.499E-02  2.932E+02  2.932E+02
   0.24097  10    0.40716  66   1.014E+05 -3.434E-09  6.500E-02  2.931E+02  2.932E+02
   0.24097  10    0.41347  67   1.014E+05 -3.180E-09  6.501E-02  2.931E+02  2.931E+02
   0.24097  10    0.41978  68   1.014E+05 -2.982E-09  6.501E-02  2.931E+02  2.931E+02
   0.24097  10    0.42609  69   1.014E+05 -2.816E-09  6.500E-02  2.931E+02  2.931E+02
   0.24097  10    0.43241  70   1.014E+05 -2.672E-09  6.500E-02  2.931E+02  2.931E+02
   0.24097  10    0.43872  71   1.014E+05 -2.543E-09  6.500E-02  2.931E+02  2.931E+02
   0.24097  10    0.44503  72   1.014E+05 -2.395E-09  6.500E-02  2.931E+02  2.931E+02
   0.24097  10    0.45134  73   1.014E+05 -2.241E-09  6.500E-02  2.931E+02  2.931E+02
   0.24097  10    0.45766  74   1.014E+05 -2.095E-09  6.500E-02  2.931E+02  2.931E+02
   0.24097  10    0.46397  75   1.014E+05 -1.929E-09  6.500E-02  2.931E+02  2.931E+02
   0.24097  10    0.47028  76   1.014E+05 -1.742E-09  6.500E-02  2.931E+02  2.931E+02
   0.24097  10    0.47659  77   1.014E+05 -1.535E-09  6.500E-02  2.930E+02  2.930E+02
   0.24097  10    0.48291  78   1.014E+05 -1.289E-09  6.500E-02  2.930E+02  2.930E+02
   0.24097  10    0.48922  79   1.013E+05 -1.012E-09  6.499E-02  2.930E+02  2.930E+02
   0.24097  10    0.49553  80   1.013E+05 -7.102E-10  6.499E-02  2.930E+02  2.930E+02
   0.24097  10    0.50184  81   1.013E+05 -5.261E-10  6.500E-02  2.930E+02  2.930E+02
   0.24097  10    0.50500  82   1.013E+05 -5.261E-10  6.500E-02  2.930E+02  2.930E+02
   0.26932  11    0.00000   1   1.020E+05 -7.444E-08  6.500E-02  2.930E+02  2.930E+02
   0.26932  11    0.00316   2   1.020E+05 -7.444E-08  6.501E-02  2.930E+02  2.930E+02
   0.26932  11    0.00947   3   1.020E+05 -5.580E-08  6.500E-02  2.930E+02  2.930E+02
   0.26932  11    0.01578   4   1.020E+05 -4.483E-08  6.500E-02  2.930E+02  2.930E+02
   0.26932  11    0.02209   5   1.020E+05 -3.653E-08  6.500E-02  2.931E+02  2.931E+02
   0.26932  11    0.02841   6   1.020E+05 -3.105E-08  6.501E-02  2.932E+02  2.931E+02
   0.26932  11    0.03472   7   1.020E+05 -2.799E-08  6.501E-02  2.933E+02  2.932E+02
   0.26932  11    0.04103   8   1.019E+05 -2.719E-08  6.501E-02  2.934E+02  2.934E+02
   0.26932  11    0.04734   9   1.019E+05 -2.859E-08  6.502E-02  2.937E+02  2.937E+02
   0.26932  11    0.05366  10   1.019E+05 -3.204E-08  6.504E-02  2.941E+02  2.941E+02
   0.26932  11    0.05997  11   1.019E+05 -3.866E-08  6.506E-02  2.948E+02  2.947E+02
   0.26932  11    0.06628  12   1.019E+05 -4.442E-08  6.509E-02  2.958E+02  2.956E+02
   0.26932  11    0.07259  13   1.019E+05 -6.741E-08  6.513E-02  2.973E+02  2.970E+02
   0.26932  11    0.07891  14   1.019E+05 -5.126E-08  6.517E-02  2.994E+02  2.991E+02
   0.26932  11    0.08522  15   1.019E+05 -5.115E-08  6.525E-02  3.026E+02  3.021E+02
   0.26932  11    0.09153  16   1.019E+05 -4.825E-08  6.535E-02  3.070E+02  3.064E+02
   0.26932  11    0.09784  17   1.019E+05 -4.315E-08  6.548E-02  3.132E+02  3.123E+02
   0.26932  11    0.10416  18   1.019E+05 -3.069E-08  6.561E-02  3.213E+02  3.201E+02
   0.26932  11    0.11047  19   1.019E+05 -1.573E-08  6.575E-02  3.317E+02  3.302E+02
   0.26932  11    0.11678  20   1.019E+05 -1.299E-09  6.584E-02  3.444E+02  3.426E+02
   0.26932  11    0.12309  21   1.018E+05  1.180E-08  6.594E-02  3.592E+02  3.570E+02
   0.26932  11    0.12941  22   1.018E+05  2.401E-08  6.596E-02  3.755E+02  3.732E+02
   0.26932  11    0.13572  23   1.018E+05  3.505E-08  6.589E-02  3.926E+02  3.902E+02
   0.26932  11    0.14203  24   1.018E+05  4.698E-08  6.583E-02  4.095E+02  4.071E+02
   0.26932  11    0.14834  25   1.018E+05  6.177E-08  6.570E-02  4.251E+02  4.229E+02
   0.26932  11    0.15466  26   1.018E+05  8.067E-08  6.554E-02  4.384E+02  4.365E+02
   0.26932  11    0.16097  27   1.018E+05  1.128E-07  6.535E-02  4.485E+02  4.470E+02
   0.26932  11    0.16728  28   1.018E+05  1.403E-07  6.517E-02  4.549E+02  4.539E+02
   0.26932  11    0.17359  29   1.018E+05  3.070E-07  6.499E-02  4.572E+02  4.568E+02
   0.26932  11    0.17991  30   1.017E+05 -1.943E-07  6.481E-02  4.556E+02  4.557E+02
   0.26932  11    0.18622  31   1.017E+05 -7.090E-06  6.464E-02  4.503E+02  4.509E+02
   0.26932  11    0.19253  32   1.017E+05 -7.284E-06  6.452E-02  4.419E+02  4.430E+02
   0.26932  11    0.19884  33   1.017E+05 -2.766E-07  6.442E-02  4.312E+02  4.326E+02
   0.26932  11    0.20516  34   1.017E+05  3.002E-07  6.435E-02  4.188E+02  4.205E+02
   0.26932  11    0.21147  35   1.017E+05  1.286E-07  6.427E-02  4.055E+02  4.074E+02
   0.26932  11    0.21778  36   1.017E+05  1.009E-07  6.426E-02  3.920E+02  3.939E+02
   0.26932  11    0.22409  37   1.017E+05  6.899E-08  6.427E-02  3.787E+02  3.806E+02
   0.26932  11    0.23041  38   1.017E+05  4.959E-08  6.430E-02  3.661E+02  3.680E+02
   0.26932  11    0.23672  39   1.017E+05  3.583E-08  6.432E-02  3.545E+02  3.563E+02
   0.26932  11    0.24303  40   1.017E+05  2.686E-08  6.439E-02  3.441E+02  3.457E+02
   0.26932  11    0.24934  41   1.016E+05  2.110E-08  6.445E-02  3.349E+02  3.364E+02
   0.26932  11    0.25566  42   1.016E+05  1.676E-08  6.453E-02  3.270E+02  3.283E+02
   0.26932  11    0.26197  43   1.016E+05  1.334E-08  6.460E-02  3.203E+02  3.214E+02
   0.26932  11    0.26828  44   1.016E+05  1.042E-08  6.467E-02  3.147E+02  3.156E+02
   0.26932  11    0.27459  45   1.016E+05  7.844E-09  6.473E-02  3.101E+02  3.108E+02
   0.26932  11    0.28091  46   1.016E+05  5.510E-09  6.478E-02  3.063E+02  3.069E+02
   0.26932  11    0.28722  47   1.016E+05  3.399E-09  6.482E-02  3.033E+02  3.038E+02
   0.26932  11    0.29353  48   1.016E+05  1.693E-09  6.485E-02  3.009E+02  3.013E+02
   0.26932  11    0.29984  49   1.016E+05  3.665E-10  6.489E-02  2.990E+02  2.994E+02
   0.26932  11    0.30616  50   1.016E+05 -6.974E-10  6.492E-02  2.976E+02  2.978E+02
   0.26932  11    0.31247  51   1.016E+05 -1.481E-09  6.493E-02  2.965E+02  2.967E+02
   0.26932  11    0.31878  52   1.016E+05 -2.013E-09  6.494E-02  2.956E+02  2.958E+02
   0.26932  11    0.32509  53   1.015E+05 -2.340E-09  6.497E-02  2.950E+02  2.951E+02
   0.26932  11    0.33141  54   1.015E+05 -2.489E-09  6.498E-02  2.945E+02  2.946E+02
   0.26932  11    0.33772  55   1.015E+05 -2.470E-09  6.498E-02  2.942E+02  2.942E+02
   0.26932  11    0.34403  56   1.015E+05 -2.370E-09  6.498E-02  2.939E+02  2.940E+02
   0.26932  11    0.35034  57   1.015E+05 -2.215E-09  6.499E-02  2.937E+02  2.937E+02
   0.26932  11    0.35666  58   1.015E+05 -2.020E-09  6.499E-02  2.936E+02  2.936E+02
   0.26932  11    0.36297  59   1.015E+05 -1.802E-09  6.499E-02  2.935E+02  2.935E+02
   0.26932  11    0.36928  60   1.015E+05 -1.597E-09  6.499E-02  2.934E+02  2.934E+02
   0.26932  11    0.37559  61   1.015E+05 -1.416E-09  6.500E-02  2.933E+02  2.933E+02
   0.26932  11    0.38191  62   1.015E+05 -1.264E-09  6.500E-02  2.933E+02  2.933E+02
   0.26932  11    0.38822  63   1.015E+05 -1.128E-09  6.500E-02  2.932E+02  2.932E+02
   0.26932  11    0.39453  64   1.015E+05 -1.037E-09  6.499E-02  2.932E+02  2.932E+02
   0.26932  11    0.40084  65   1.015E+05 -9.848E-10  6.499E-02  2.932E+02  2.932E+02
   0.26932  11    0.40716  66   1.014E+05 -9.326E-10  6.500E-02  2.931E+02  2.932E+02
   0.26932  11    0.41347  67   1.014E+05 -9.066E-10  6.501E-02  2.931E+02  2.931E+02
   0.26932  11    0.41978  68   1.014E+05 -9.058E-10  6.501E-02  2.931E+02  2.931E+02
   0.26932  11    0.42609  69   1.014E+05 -9.110E-10  6.500E-02  2.931E+02  2.931E+02
   0.26932  11    0.43241  70   1.014E+05 -9.177E-10  6.500E-02  2.931E+02  2.931E+02
   0.26932  11    0.43872  71   1.014E+05 -9.247E-10  6.500E-02  2.931E+02  2.931E+02
   0.26932  11    0.44503  72   1.014E+05 -9.032E-10  6.500E-02  2.931E+02  2.931E+02
   0.26932  11    0.45134  73   1.014E+05 -8.699E-10  6.500E-02  2.931E+02  2.931E+02
   0.26932  11    0.45766  74   1.014E+05 -8.432E-10  6.500E-02  2.931E+02  2.931E+02
   0.26932  11    0.46397  75   1.014E+05 -7.966E-10  6.500E-02  2.931E+02  2.931E+02
   0.26932  11    0.47028  76   1.014E+05 -7.337E-10  6.500E-02  2.931E+02  2.931E+02
   0.26932  11    0.47659  77   1.014E+05 -6.539E-10  6.500E-02  2.930E+02  2.930E+02
   0.26932  11    0.48291  78   1.014E+05 -5.639E-10  6.500E-02  2.930E+02  2.930E+02
   0.26932  11    0.48922  79   1.013E+05 -4.521E-10  6.499E-02  2.930E+02  2.930E+02
   0.26932  11    0.49553  80   1.013E+05 -3.225E-10  6.499E-02  2.930E+02  2.930E+02
   0.26932  11    0.50184  81   1.013E+05 -2.416E-10  6.500E-02  2.930E+02  2.930E+02
   0.26932  11    0.50500  82   1.013E+05 -2.416E-10  6.500E-02  2.930E+02  2.930E+02
   0.28350  12    0.00000   1   1.020E+05 -7.444E-08  6.500E-02  2.930E+02  2.930E+02
   0.28350  12    0.00316   2   1.020E+05  0.000E+00  0.000E+00  2.930E+02  2.930E+02
   0.28350  12    0.00947   3   1.020E+05  0.000E+00  0.000E+00  2.930E+02  2.930E+02
   0.28350  12    0.01578   4   1.020E+05  0.000E+00  0.000E+00  2.930E+02  2.930E+02
   0.28350  12    0.02209   5   1.020E+05  0.000E+00  0.000E+00  2.931E+02  2.931E+02
   0.28350  12    0.02841   6   1.020E+05  0.000E+00  0.000E+00  2.932E+02  2.931E+02
   0.28350  12    0.03472   7   1.020E+05  0.000E+00  0.000E+00  2.933E+02  2.932E+02
   0.28350  12    0.04103   8   1.019E+05  0.000E+00  0.000E+00  2.934E+02  2.934E+02
   0.28350  12    0.04734   9   1.019E+05  0.000E+00  0.000E+00  2.937E+02  2.937E+02
   0.28350  12    0.05366  10   1.019E+05  0.000E+00  0.000E+00  2.941E+02  2.941E+02
   0.28350  12    0.05997  11   1.019E+05  0.000E+00  0.000E+00  2.948E+02  2.947E+02
   0.28350  12    0.06628  12   1.019E+05  0.000E+00  0.000E+00  2.958E+02  2.956E+02
   0.28350  12    0.07259  13   1.019E+05  0.000E+00  0.000E+00  2.973E+02  2.970E+02
   0.28350  12    0.07891  14   1.019E+05  0.000E+00  0.000E+00  2.994E+02  2.991E+02
   0.28350  12    0.08522  15   1.019E+05  0.000E+00  0.000E+00  3.026E+02  3.021E+02
   0.28350  12    0.09153  16   1.019E+05  0.000E+00  0.000E+00  3.070E+02  3.064E+02
   0.28350  12    0.09784  17   1.019E+05  0.000E+00  0.000E+00  3.132E+02  3.123E+02
   0.28350  12    0.10416  18   1.019E+05  0.000E+00  0.000E+00  3.213E+02  3.201E+02
   0.28350  12    0.11047  19   1.019E+05  0.000E+00  0.000E+00  3.317E+02  3.302E+02
   0.28350  12    0.11678  20   1.019E+05  0.000E+00  0.000E+00  3.444E+02  3.426E+02
   0.28350  12    0.12309  21   1.018E+05  0.000E+00  0.000E+00  3.592E+02  3.570E+02
   0.28350  12    0.12941  22   1.018E+05  0.000E+00  0.000E+00  3.755E+02  3.732E+02
   0.28350  12    0.13572  23   1.018E+05  0.000E+00  0.000E+00  3.926E+02  3.902E+02
   0.28350  12    0.14203  24   1.018E+05  0.000E+00  0.000E+00  4.095E+02  4.071E+02
   0.28350  12    0.14834  25   1.018E+05  0.000E+00  0.000E+00  4.251E+02  4.229E+02
   0.28350  12    0.15466  26   1.018E+05  0.000E+00  0.000E+00  4.384E+02  4.365E+02
   0.28350  12    0.16097  27   1.018E+05  0.000E+00  0.000E+00  4.485E+02  4.470E+02
   0.28350  12    0.16728  28   1.018E+05  0.000E+00  0.000E+00  4.549E+02  4.539E+02
   0.28350  12    0.17359  29   1.018E+05  0.000E+00  0.000E+00  4.572E+02  4.568E+02
   0.28350  12    0.17991  30   1.017E+05  0.000E+00  0.000E+00  4.556E+02  4.557E+02
   0.28350  12    0.18622  31   1.017E+05  0.000E+00  0.000E+00  4.503E+02  4.509E+02
   0.28350  12    0.19253  32   1.017E+05  0.000E+00  0.000E+00  4.419E+02  4.430E+02
   0.28350  12    0.19884  33   1.017E+05  0.000E+00  0.000E+00  4.312E+02  4.326E+02
   0.28350  12    0.20516  34   1.017E+05  0.000E+00  0.000E+00  4.188E+02  4.205E+02
   0.28350  12    0.21147  35   1.017E+05  0.000E+00  0.000E+00  4.055E+02  4.074E+02
   0.28350  12    0.21778  36   1.017E+05  0.000E+00  0.000E+00  3.920E+02  3.939E+02
   0.28350  12    0.22409  37   1.017E+05  0.000E+00  0.000E+00  3.787E+02  3.806E+02
   0.28350  12    0.23041  38   1.017E+05  0.000E+00  0.000E+00  3.661E+02  3.680E+02
   0.28350  12    0.23672  39   1.017E+05  0.000E+00  0.000E+00  3.545E+02  3.563E+02
   0.28350  12    0.24303  40   1.017E+05  0.000E+00  0.000E+00  3.441E+02  3.457E+02
   0.28350  12    0.24934  41   1.016E+05  0.000E+00  0.000E+00  3.349E+02  3.364E+02
   0.28350  12    0.25566  42   1.016E+05  0.000E+00  0.000E+00  3.270E+02  3.283E+02
   0.28350  12    0.26197  43   1.016E+05  0.000E+00  0.000E+00  3.203E+02  3.214E+02
   0.28350  12    0.26828  44   1.016E+05  0.000E+00  0.000E+00  3.147E+02  3.156E+02
   0.28350  12    0.27459  45   1.016E+05  0.000E+00  0.000E+00  3.101E+02  3.108E+02
   0.28350  12    0.28091  46   1.016E+05  0.000E+00  0.000E+00  3.063E+02  3.069E+02
   0.28350  12    0.28722  47   1.016E+05  0.000E+00  0.000E+00  3.033E+02  3.038E+02
   0.28350  12    0.29353  48   1.016E+05  0.000E+00  0.000E+00  3.009E+02  3.013E+02
   0.28350  12    0.29984  49   1.016E+05  0.000E+00  0.000E+00  2.990E+02  2.994E+02
   0.28350  12    0.30616  50   1.016E+05  0.000E+00  0.000E+00  2.976E+02  2.978E+02
   0.28350  12    0.31247  51   1.016E+05  0.000E+00  0.000E+00  2.965E+02  2.967E+02
   0.28350  12    0.31878  52   1.016E+05  0.000E+00  0.000E+00  2.956E+02  2.958E+02
   0.28350  12    0.32509  53   1.015E+05  0.000E+00  0.000E+00  2.950E+02  2.951E+02
   0.28350  12    0.33141  54   1.015E+05  0.000E+00  0.000E+00  2.945E+02  2.946E+02
   0.28350  12    0.33772  55   1.015E+05  0.000E+00  0.000E+00  2.942E+02  2.942E+02
   0.28350  12    0.34403  56   1.015E+05  0.000E+00  0.000E+00  2.939E+02  2.940E+02
   0.28350  12    0.35034  57   1.015E+05  0.000E+00  0.000E+00  2.937E+02  2.937E+02
   0.28350  12    0.35666  58   1.015E+05  0.000E+00  0.000E+00  2.936E+02  2.936E+02
   0.28350  12    0.36297  59   1.015E+05  0.000E+00  0.000E+00  2.935E+02  2.935E+02
   0.28350  12    0.36928  60   1.015E+05  0.000E+00  0.000E+00  2.934E+02  2.934E+02
   0.28350  12    0.37559  61   1.015E+05  0.000E+00  0.000E+00  2.933E+02  2.933E+02
   0.28350  12    0.38191  62   1.015E+05  0.000E+00  0.000E+00  2.933E+02  2.933E+02
   0.28350  12    0.38822  63   1.015E+05  0.000E+00  0.000E+00  2.932E+02  2.932E+02
   0.28350  12    0.39453  64   1.015E+05  0.000E+00  0.000E+00  2.932E+02  2.932E+02
   0.28350  12    0.40084  65   1.015E+05  0.000E+00  0.000E+00  2.932E+02  2.932E+02
   0.28350  12    0.40716  66   1.014E+05  0.000E+00  0.000E+00  2.931E+02  2.932E+02
   0.28350  12    0.41347  67   1.014E+05  0.000E+00  0.000E+00  2.931E+02  2.931E+02
   0.28350  12    0.41978  68   1.014E+05  0.000E+00  0.000E+00  2.931E+02  2.931E+02
   0.28350  12    0.42609  69   1.014E+05  0.000E+00  0.000E+00  2.931E+02  2.931E+02
   0.28350  12    0.43241  70   1.014E+05  0.000E+00  0.000E+00  2.931E+02  2.931E+02
   0.28350  12    0.43872  71   1.014E+05  0.000E+00  0.000E+00  2.931E+02  2.931E+02
   0.28350  12    0.44503  72   1.014E+05  0.000E+00  0.000E+00  2.931E+02  2.931E+02
   0.28350  12    0.45134  73   1.014E+05  0.000E+00  0.000E+00  2.931E+02  2.931E+02
   0.28350  12    0.45766  74   1.014E+05  0.000E+00  0.000E+00  2.931E+02  2.931E+02
   0.28350  12    0.46397  75   1.014E+05  0.000E+00  0.000E+00  2.931E+02  2.931E+02
   0.28350  12    0.47028  76   1.014E+05  0.000E+00  0.000E+00  2.931E+02  2.931E+02
   0.28350  12    0.47659  77   1.014E+05  0.000E+00  0.000E+00  2.930E+02  2.930E+02
   0.28350  12    0.48291  78   1.014E+05  0.000E+00  0.000E+00  2.930E+02  2.930E+02
   0.28350  12    0.48922  79   1.013E+05  0.000E+00  0.000E+00  2.930E+02  2.930E+02
   0.28350  12    0.49553  80   1.013E+05  0.000E+00  0.000E+00  2.930E+02  2.930E+02
   0.28350  12    0.50184  81   1.013E+05  0.000E+00  0.000E+00  2.930E+02  2.930E+02
   0.28350  12    0.50500  82   1.013E+05 -2.416E-10  6.500E-02  2.930E+02  2.930E+02
