# xp i yp j p u v ts tf
   0.00000   1    0.00000   1   1.020E+05  0.000E+00  0.000E+00  2.930E+02  2.930E+02
   0.00000   1    0.00316   2   1.020E+05  0.000E+00  0.000E+00  2.930E+02  2.930E+02
   0.00000   1    0.00947   3   1.020E+05  0.000E+00  0.000E+00  2.930E+02  2.930E+02
   0.00000   1    0.01578   4   1.020E+05  0.000E+00  0.000E+00  2.930E+02  2.930E+02
   0.00000   1    0.02209   5   1.020E+05  0.000E+00  0.000E+00  2.930E+02  2.930E+02
   0.00000   1    0.02841   6   1.020E+05  0.000E+00  0.000E+00  2.930E+02  2.930E+02
   0.00000   1    0.03472   7   1.020E+05  0.000E+00  0.000E+00  2.931E+02  2.931E+02
   0.00000   1    0.04103   8   1.020E+05  0.000E+00  0.000E+00  2.931E+02  2.931E+02
   0.00000   1    0.04734   9   1.020E+05  0.000E+00  0.000E+00  2.932E+02  2.932E+02
   0.00000   1    0.05366  10   1.020E+05  0.000E+00  0.000E+00  2.933E+02  2.933E+02
   0.00000   1    0.05997  11   1.020E+05  0.000E+00  0.000E+00  2.935E+02  2.935E+02
   0.00000   1    0.06628  12   1.019E+05  0.000E+00  0.000E+00  2.938E+02  2.938E+02
   0.00000   1    0.07259  13   1.019E+05  0.000E+00  0.000E+00  2.943E+02  2.942E+02
   0.00000   1    0.07891  14   1.019E+05  0.000E+00  0.000E+00  2.950E+02  2.949E+02
   0.00000   1    0.08522  15   1.019E+05  0.000E+00  0.000E+00  2.960E+02  2.959E+02
   0.00000   1    0.09153  16   1.019E+05  0.000E+00  0.000E+00  2.975E+02  2.974E+02
   0.00000   1    0.09784  17   1.019E+05  0.000E+00  0.000E+00  2.996E+02  2.995E+02
   0.00000   1    0.10416  18   1.019E+05  0.000E+00  0.000E+00  3.025E+02  3.023E+02
   0.00000   1    0.11047  19   1.019E+05  0.000E+00  0.000E+00  3.063E+02  3.062E+02
   0.00000   1    0.11678  20   1.019E+05  0.000E+00  0.000E+00  3.114E+02  3.112E+02
   0.00000   1    0.12309  21   1.019E+05  0.000E+00  0.000E+00  3.177E+02  3.175E+02
   0.00000   1    0.12941  22   1.018E+05  0.000E+00  0.000E+00  3.255E+02  3.252E+02
   0.00000   1    0.13572  23   1.018E+05  0.000E+00  0.000E+00  3.347E+02  3.344E+02
   0.00000   1    0.14203  24   1.018E+05  0.000E+00  0.000E+00  3.453E+02  3.449E+02
   0.00000   1    0.14834  25   1.018E+05  0.000E+00  0.000E+00  3.571E+02  3.566E+02
   0.00000   1    0.15466  26   1.018E+05  0.000E+00  0.000E+00  3.697E+02  3.692E+02
   0.00000   1    0.16097  27   1.018E+05  0.000E+00  0.000E+00  3.826E+02  3.821E+02
   0.00000   1    0.16728  28   1.018E+05  0.000E+00  0.000E+00  3.954E+02  3.949E+02
   0.00000   1    0.17359  29   1.018E+05  0.000E+00  0.000E+00  4.074E+02  4.069E+02
   0.00000   1    0.17991  30   1.018E+05  0.000E+00  0.000E+00  4.181E+02  4.177E+02
   0.00000   1    0.18622  31   1.018E+05  0.000E+00  0.000E+00  4.270E+02  4.266E+02
   0.00000   1    0.19253  32   1.018E+05  0.000E+00  0.000E+00  4.336E+02  4.333E+02
   0.00000   1    0.19884  33   1.018E+05  0.000E+00  0.000E+00  4.377E+02  4.375E+02
   0.00000   1    0.20516  34   1.017E+05  0.000E+00  0.000E+00  4.390E+02  4.390E+02
   0.00000   1    0.21147  35   1.017E+05  0.000E+00  0.000E+00  4.377E+02  4.378E+02
   0.00000   1    0.21778  36   1.017E+05  0.000E+00  0.000E+00  4.339E+02  4.341E+02
   0.00000   1    0.22409  37   1.017E+05  0.000E+00  0.000E+00  4.279E+02  4.281E+02
   0.00000   1    0.23041  38   1.017E+05  0.000E+00  0.000E+00  4.200E+02  4.203E+02
   0.00000   1    0.23672  39   1.017E+05  0.000E+00  0.000E+00  4.106E+02  4.110E+02
   0.00000   1    0.24303  40   1.017E+05  0.000E+00  0.000E+00  4.003E+02  4.007E+02
   0.00000   1    0.24934  41   1.017E+05  0.000E+00  0.000E+00  3.894E+02  3.899E+02
   0.00000   1    0.25566  42   1.017E+05  0.000E+00  0.000E+00  3.784E+02  3.789E+02
   0.00000   1    0.26197  43   1.017E+05  0.000E+00  0.000E+00  3.677E+02  3.681E+02
   0.00000   1    0.26828  44   1.017E+05  0.000E+00  0.000E+00  3.574E+02  3.578E+02
   0.00000   1    0.27459  45   1.016E+05  0.000E+00  0.000E+00  3.478E+02  3.482E+02
   0.00000   1    0.28091  46   1.016E+05  0.000E+00  0.000E+00  3.391E+02  3.395E+02
   0.00000   1    0.28722  47   1.016E+05  0.000E+00  0.000E+00  3.313E+02  3.316E+02
   0.00000   1    0.29353  48   1.016E+05  0.000E+00  0.000E+00  3.245E+02  3.248E+02
   0.00000   1    0.29984  49   1.016E+05  0.000E+00  0.000E+00  3.186E+02  3.189E+02
   0.00000   1    0.30616  50   1.016E+05  0.000E+00  0.000E+00  3.136E+02  3.138E+02
   0.00000   1    0.31247  51   1.016E+05  0.000E+00  0.000E+00  3.095E+02  3.096E+02
   0.00000   1    0.31878  52   1.016E+05  0.000E+00  0.000E+00  3.060E+02  3.062E+02
   0.00000   1    0.32509  53   1.016E+05  0.000E+00  0.000E+00  3.032E+02  3.034E+02
   0.00000   1    0.33141  54   1.016E+05  0.000E+00  0.000E+00  3.010E+02  3.011E+02
   0.00000   1    0.33772  55   1.016E+05  0.000E+00  0.000E+00  2.992E+02  2.993E+02
   0.00000   1    0.34403  56   1.016E+05  0.000E+00  0.000E+00  2.978E+02  2.978E+02
   0.00000   1    0.35034  57   1.015E+05  0.000E+00  0.000E+00  2.967E+02  2.967E+02
   0.00000   1    0.35666  58   1.015E+05  0.000E+00  0.000E+00  2.958E+02  2.959E+02
   0.00000   1    0.36297  59   1.015E+05  0.000E+00  0.000E+00  2.952E+02  2.952E+02
   0.00000   1    0.36928  60   1.015E+05  0.000E+00  0.000E+00  2.947E+02  2.947E+02
   0.00000   1    0.37559  61   1.015E+05  0.000E+00  0.000E+00  2.943E+02  2.943E+02
   0.00000   1    0.38191  62   1.015E+05  0.000E+00  0.000E+00  2.940E+02  2.940E+02
   0.00000   1    0.38822  63   1.015E+05  0.000E+00  0.000E+00  2.938E+02  2.938E+02
   0.00000   1    0.39453  64   1.015E+05  0.000E+00  0.000E+00  2.936E+02  2.936E+02
   0.00000   1    0.40084  65   1.015E+05  0.000E+00  0.000E+00  2.935E+02  2.935E+02
   0.00000   1    0.40716  66   1.015E+05  0.000E+00  0.000E+00  2.934E+02  2.934E+02
   0.00000   1    0.41347  67   1.015E+05  0.000E+00  0.000E+00  2.933E+02  2.933E+02
   0.00000   1    0.41978  68   1.014E+05  0.000E+00  0.000E+00  2.933E+02  2.933E+02
   0.00000   1    0.42609  69   1.014E+05  0.000E+00  0.000E+00  2.932E+02  2.932E+02
   0.00000   1    0.43241  70   1.014E+05  0.000E+00  0.000E+00  2.932E+02  2.932E+02
   0.00000   1    0.43872  71   1.014E+05  0.000E+00  0.000E+00  2.932E+02  2.932E+02
   0.00000   1    0.44503  72   1.014E+05  0.000E+00  0.000E+00  2.931E+02  2.931E+02
   0.00000   1    0.45134  73   1.014E+05  0.000E+00  0.000E+00  2.931E+02  2.931E+02
   0.00000   1    0.45766  74   1.014E+05  0.000E+00  0.000E+00  2.931E+02  2.931E+02
   0.00000   1    0.46397  75   1.014E+05  0.000E+00  0.000E+00  2.931E+02  2.931E+02
   0.00000   1    0.47028  76   1.014E+05  0.000E+00  0.000E+00  2.931E+02  2.931E+02
   0.00000   1    0.47659  77   1.014E+05  0.000E+00  0.000E+00  2.931E+02  2.931E+02
   0.00000   1    0.48291  78   1.014E+05  0.000E+00  0.000E+00  2.931E+02  2.931E+02
   0.00000   1    0.48922  79   1.013E+05  0.000E+00  0.000E+00  2.931E+02  2.931E+02
   0.00000   1    0.49553  80   1.013E+05  0.000E+00  0.000E+00  2.931E+02  2.931E+02
   0.00000   1    0.50184  81   1.013E+05  0.000E+00  0.000E+00  2.930E+02  2.930E+02
   0.00000   1    0.50500  82   1.013E+05  0.000E+00  0.000E+00  2.930E+02  2.930E+02
   0.01417   2    0.00000   1   1.021E+05  2.188E-08  6.500E-02  2.930E+02  2.930E+02
   0.01417   2    0.00316   2   1.020E+05  2.188E-08  6.363E-02  2.930E+02  2.930E+02
   0.01417   2    0.00947   3   1.020E+05  4.579E-08  6.308E-02  2.930E+02  2.930E+02
   0.01417   2    0.01578   4   1.020E+05  1.363E-08  6.200E-02  2.930E+02  2.930E+02
   0.01417   2    0.02209   5   1.020E+05  2.764E-08  6.099E-02  2.930E+02  2.930E+02
   0.01417   2    0.02841   6   1.020E+05  1.783E-08  6.010E-02  2.930E+02  2.930E+02
   0.01417   2    0.03472   7   1.020E+05  1.759E-08  5.933E-02  2.931E+02  2.931E+02
   0.01417   2    0.04103   8   1.020E+05  1.594E-08  5.866E-02  2.931E+02  2.931E+02
   0.01417   2    0.04734   9   1.020E+05  1.777E-08  5.810E-02  2.932E+02  2.932E+02
   0.01417   2    0.05366  10   1.020E+05  2.271E-08  5.761E-02  2.933E+02  2.933E+02
   0.01417   2    0.05997  11   1.020E+05  2.263E-08  5.719E-02  2.935E+02  2.935E+02
   0.01417   2    0.06628  12   1.019E+05  1.456E-08  5.683E-02  2.938E+02  2.938E+02
   0.01417   2    0.07259  13   1.019E+05  8.244E-09  5.653E-02  2.943E+02  2.942E+02
   0.01417   2    0.07891  14   1.019E+05  5.675E-09  5.625E-02  2.950E+02  2.949E+02
   0.01417   2    0.08522  15   1.019E+05  3.787E-09  5.602E-02  2.960E+02  2.959E+02
   0.01417   2    0.09153  16   1.019E+05  1.442E-09  5.582E-02  2.975E+02  2.974E+02
   0.01417   2    0.09784  17   1.019E+05  4.727E-11  5.564E-02  2.996E+02  2.995E+02
   0.01417   2    0.10416  18   1.019E+05 -4.598E-10  5.549E-02  3.025E+02  3.023E+02
   0.01417   2    0.11047  19   1.019E+05 -8.539E-10  5.536E-02  3.063E+02  3.062E+02
   0.01417   2    0.11678  20   1.019E+05 -4.385E-10  5.524E-02  3.114E+02  3.112E+02
   0.01417   2    0.12309  21   1.019E+05  2.921E-10  5.514E-02  3.177E+02  3.175E+02
   0.01417   2    0.12941  22   1.018E+05  7.872E-10  5.505E-02  3.255E+02  3.252E+02
   0.01417   2    0.13572  23   1.018E+05  1.619E-09  5.498E-02  3.347E+02  3.344E+02
   0.01417   2    0.14203  24   1.018E+05  2.717E-09  5.492E-02  3.453E+02  3.449E+02
   0.01417   2    0.14834  25   1.018E+05  3.688E-09  5.486E-02  3.571E+02  3.566E+02
   0.01417   2    0.15466  26   1.018E+05  5.658E-09  5.482E-02  3.697E+02  3.692E+02
   0.01417   2    0.16097  27   1.018E+05  7.950E-09  5.480E-02  3.826E+02  3.821E+02
   0.01417   2    0.16728  28   1.018E+05  1.176E-08  5.476E-02  3.954E+02  3.949E+02
   0.01417   2    0.17359  29   1.018E+05  1.448E-08  5.474E-02  4.074E+02  4.069E+02
   0.01417   2    0.17991  30   1.018E+05  2.924E-08  5.471E-02  4.181E+02  4.177E+02
   0.01417   2    0.18622  31   1.018E+05  1.478E-08  5.467E-02  4.270E+02  4.266E+02
   0.01417   2    0.19253  32   1.018E+05  1.290E-08  5.464E-02  4.336E+02  4.333E+02
   0.01417   2    0.19884  33   1.018E+05  9.861E-09  5.462E-02  4.377E+02  4.375E+02
   0.01417   2    0.20516  34   1.017E+05  8.383E-09  5.459E-02  4.390E+02  4.390E+02
   0.01417   2    0.21147  35   1.017E+05  6.967E-09  5.455E-02  4.377E+02  4.378E+02
   0.01417   2    0.21778  36   1.017E+05  6.217E-09  5.450E-02  4.339E+02  4.341E+02
   0.01417   2    0.22409  37   1.017E+05  6.410E-09  5.446E-02  4.279E+02  4.281E+02
   0.01417   2    0.23041  38   1.017E+05  6.355E-09  5.441E-02  4.200E+02  4.203E+02
   0.01417   2    0.23672  39   1.017E+05  6.129E-09  5.434E-02  4.106E+02  4.110E+02
   0.01417   2    0.24303  40   1.017E+05  5.953E-09  5.429E-02  4.003E+02  4.007E+02
   0.01417   2    0.24934  41   1.017E+05  5.953E-09  5.423E-02  3.894E+02  3.899E+02
   0.01417   2    0.25566  42   1.017E+05  5.831E-09  5.417E-02  3.784E+02  3.789E+02
   0.01417   2    0.26197  43   1.017E+05  5.232E-09  5.411E-02  3.677E+02  3.681E+02
   0.01417   2    0.26828  44   1.017E+05  5.112E-09  5.403E-02  3.574E+02  3.578E+02
   0.01417   2    0.27459  45   1.016E+05  4.882E-09  5.397E-02  3.478E+02  3.482E+02
   0.01417   2    0.28091  46   1.016E+05  4.239E-09  5.391E-02  3.391E+02  3.395E+02
   0.01417   2    0.28722  47   1.016E+05  4.328E-09  5.384E-02  3.313E+02  3.316E+02
   0.01417   2    0.29353  48   1.016E+05  4.063E-09  5.378E-02  3.245E+02  3.248E+02
   0.01417   2    0.29984  49   1.016E+05  3.375E-09  5.372E-02  3.186E+02  3.189E+02
   0.01417   2    0.30616  50   1.016E+05  3.350E-09  5.367E-02  3.136E+02  3.138E+02
   0.01417   2    0.31247  51   1.016E+05  2.603E-09  5.362E-02  3.095E+02  3.096E+02
   0.01417   2    0.31878  52   1.016E+05  1.746E-09  5.358E-02  3.060E+02  3.062E+02
   0.01417   2    0.32509  53   1.016E+05  1.552E-09  5.353E-02  3.032E+02  3.034E+02
   0.01417   2    0.33141  54   1.016E+05  1.515E-09  5.350E-02  3.010E+02  3.011E+02
   0.01417   2    0.33772  55   1.016E+05  1.748E-09  5.347E-02  2.992E+02  2.993E+02
   0.01417   2    0.34403  56   1.016E+05  1.658E-09  5.344E-02  2.978E+02  2.978E+02
   0.01417   2    0.35034  57   1.015E+05  1.693E-09  5.342E-02  2.967E+02  2.967E+02
   0.01417   2    0.35666  58   1.015E+05  2.144E-09  5.339E-02  2.958E+02  2.959E+02
   0.01417   2    0.36297  59   1.015E+05  2.084E-09  5.337E-02  2.952E+02  2.952E+02
   0.01417   2    0.36928  60   1.015E+05  1.909E-09  5.335E-02  2.947E+02  2.947E+02
   0.01417   2    0.37559  61   1.015E+05  1.821E-09  5.334E-02  2.943E+02  2.943E+02
   0.01417   2    0.38191  62   1.015E+05  1.722E-09  5.333E-02  2.940E+02  2.940E+02
   0.01417   2    0.38822  63   1.015E+05  1.500E-09  5.331E-02  2.938E+02  2.938E+02
   0.01417   2    0.39453  64   1.015E+05  1.411E-09  5.330E-02  2.936E+02  2.936E+02
   0.01417   2    0.40084  65   1.015E+05  1.034E-09  5.329E-02  2.935E+02  2.935E+02
   0.01417   2    0.40716  66   1.015E+05  3.916E-10  5.328E-02  2.934E+02  2.934E+02
   0.01417   2    0.41347  67   1.015E+05  2.393E-10  5.327E-02  2.933E+02  2.933E+02
   0.01417   2    0.41978  68   1.014E+05 -3.742E-11  5.326E-02  2.933E+02  2.933E+02
   0.01417   2    0.42609  69   1.014E+05 -2.109E-10  5.326E-02  2.932E+02  2.932E+02
   0.01417   2    0.43241  70   1.014E+05 -2.634E-10  5.325E-02  2.932E+02  2.932E+02
   0.01417   2    0.43872  71   1.014E+05 -4.764E-10  5.325E-02  2.932E+02  2.932E+02
   0.01417   2    0.44503  72   1.014E+05 -6.466E-10  5.325E-02  2.931E+02  2.931E+02
   0.01417   2    0.45134  73   1.014E+05 -6.902E-10  5.324E-02  2.931E+02  2.931E+02
   0.01417   2    0.45766  74   1.014E+05 -6.016E-10  5.324E-02  2.931E+02  2.931E+02
   0.01417   2    0.46397  75   1.014E+05 -9.495E-10  5.323E-02  2.931E+02  2.931E+02
   0.01417   2    0.47028  76   1.014E+05 -1.288E-09  5.323E-02  2.931E+02  2.931E+02
   0.01417   2    0.47659  77   1.014E+05 -1.417E-09  5.323E-02  2.931E+02  2.931E+02
   0.01417   2    0.48291  78   1.014E+05 -1.224E-09  5.323E-02  2.931E+02  2.931E+02
   0.01417   2    0.48922  79   1.013E+05 -9.756E-10  5.323E-02  2.931E+02  2.931E+02
   0.01417   2    0.49553  80   1.013E+05 -9.111E-10  5.322E-02  2.931E+02  2.931E+02
   0.01417   2    0.50184  81   1.013E+05 -6.639E-10  5.322E-02  2.930E+02  2.930E+02
   0.01417   2    0.50500  82   1.013E+05 -6.639E-10  5.322E-02  2.930E+02  2.930E+02
   0.04252   3    0.00000   1   1.021E+05  2.617E-08  6.500E-02  2.930E+02  2.930E+02
   0.04252   3    0.00316   2   1.020E+05  2.617E-08  6.362E-02  2.930E+02  2.930E+02
   0.04252   3    0.00947   3   1.020E+05  5.140E-08  6.308E-02  2.930E+02  2.930E+02
   0.04252   3    0.01578   4   1.020E+05  1.941E-08  6.200E-02  2.930E+02  2.930E+02
   0.04252   3    0.02209   5   1.020E+05  3.335E-08  6.099E-02  2.930E+02  2.930E+02
   0.04252   3    0.02841   6   1.020E+05  2.276E-08  6.010E-02  2.930E+02  2.930E+02
   0.04252   3    0.03472   7   1.020E+05  2.188E-08  5.933E-02  2.931E+02  2.931E+02
   0.04252   3    0.04103   8   1.020E+05  1.963E-08  5.866E-02  2.931E+02  2.931E+02
   0.04252   3    0.04734   9   1.020E+05  2.066E-08  5.810E-02  2.932E+02  2.932E+02
   0.04252   3    0.05366  10   1.020E+05  2.457E-08  5.761E-02  2.933E+02  2.933E+02
   0.04252   3    0.05997  11   1.020E+05  2.300E-08  5.719E-02  2.935E+02  2.935E+02
   0.04252   3    0.06628  12   1.019E+05  1.317E-08  5.683E-02  2.938E+02  2.938E+02
   0.04252   3    0.07259  13   1.019E+05  5.554E-09  5.653E-02  2.943E+02  2.942E+02
   0.04252   3    0.07891  14   1.019E+05  2.247E-09  5.625E-02  2.950E+02  2.949E+02
   0.04252   3    0.08522  15   1.019E+05 -3.438E-10  5.602E-02  2.960E+02  2.959E+02
   0.04252   3    0.09153  16   1.019E+05 -3.260E-09  5.582E-02  2.975E+02  2.974E+02
   0.04252   3    0.09784  17   1.019E+05 -4.459E-09  5.564E-02  2.996E+02  2.995E+02
   0.04252   3    0.10416  18   1.019E+05 -4.347E-09  5.549E-02  3.025E+02  3.023E+02
   0.04252   3    0.11047  19   1.019E+05 -4.115E-09  5.536E-02  3.063E+02  3.062E+02
   0.04252   3    0.11678  20   1.019E+05 -2.674E-09  5.524E-02  3.113E+02  3.112E+02
   0.04252   3    0.12309  21   1.019E+05  1.816E-10  5.514E-02  3.177E+02  3.175E+02
   0.04252   3    0.12941  22   1.018E+05  4.298E-09  5.505E-02  3.255E+02  3.252E+02
   0.04252   3    0.13572  23   1.018E+05  6.316E-09  5.498E-02  3.347E+02  3.344E+02
   0.04252   3    0.14203  24   1.018E+05  2.086E-08  5.492E-02  3.453E+02  3.449E+02
   0.04252   3    0.14834  25   1.018E+05  5.557E-09  5.486E-02  3.571E+02  3.566E+02
   0.04252   3    0.15466  26   1.018E+05  2.300E-09  5.482E-02  3.697E+02  3.692E+02
   0.04252   3    0.16097  27   1.018E+05 -5.005E-09  5.480E-02  3.826E+02  3.821E+02
   0.04252   3    0.16728  28   1.018E+05 -1.105E-08  5.476E-02  3.954E+02  3.949E+02
   0.04252   3    0.17359  29   1.018E+05 -2.912E-08  5.474E-02  4.074E+02  4.069E+02
   0.04252   3    0.17991  30   1.018E+05 -3.097E-08  5.471E-02  4.181E+02  4.177E+02
   0.04252   3    0.18622  31   1.018E+05 -2.923E-08  5.467E-02  4.270E+02  4.266E+02
   0.04252   3    0.19253  32   1.018E+05 -1.031E-08  5.464E-02  4.336E+02  4.333E+02
   0.04252   3    0.19884  33   1.018E+05 -4.064E-09  5.462E-02  4.377E+02  4.375E+02
   0.04252   3    0.20516  34   1.017E+05  1.508E-09  5.459E-02  4.390E+02  4.390E+02
   0.04252   3    0.21147  35   1.017E+05  4.855E-09  5.455E-02  4.377E+02  4.378E+02
   0.04252   3    0.21778  36   1.017E+05  7.129E-09  5.450E-02  4.339E+02  4.341E+02
   0.04252   3    0.22409  37   1.017E+05  9.240E-09  5.446E-02  4.279E+02  4.281E+02
   0.04252   3    0.23041  38   1.017E+05  1.066E-08  5.441E-02  4.200E+02  4.203E+02
   0.04252   3    0.23672  39   1.017E+05  1.163E-08  5.434E-02  4.106E+02  4.110E+02
   0.04252   3    0.24303  40   1.017E+05  1.217E-08  5.429E-02  4.003E+02  4.007E+02
   0.04252   3    0.24934  41   1.017E+05  1.210E-08  5.423E-02  3.895E+02  3.899E+02
   0.04252   3    0.25566  42   1.017E+05  1.217E-08  5.417E-02  3.785E+02  3.789E+02
   0.04252   3    0.26197  43   1.017E+05  1.229E-08  5.411E-02  3.677E+02  3.681E+02
   0.04252   3    0.26828  44   1.017E+05  1.244E-08  5.403E-02  3.574E+02  3.578E+02
   0.04252   3    0.27459  45   1.016E+05  1.235E-08  5.397E-02  3.478E+02  3.482E+02
   0.04252   3    0.28091  46   1.016E+05  1.185E-08  5.391E-02  3.391E+02  3.395E+02
   0.04252   3    0.28722  47   1.016E+05  1.092E-08  5.384E-02  3.313E+02  3.316E+02
   0.04252   3    0.29353  48   1.016E+05  9.769E-09  5.378E-02  3.245E+02  3.248E+02
   0.04252   3    0.29984  49   1.016E+05  8.669E-09  5.372E-02  3.186E+02  3.189E+02
   0.04252   3    0.30616  50   1.016E+05  8.460E-09  5.367E-02  3.136E+02  3.138E+02
   0.04252   3    0.31247  51   1.016E+05  7.692E-09  5.362E-02  3.095E+02  3.096E+02
   0.04252   3    0.31878  52   1.016E+05  6.441E-09  5.358E-02  3.060E+02  3.062E+02
   0.04252   3    0.32509  53   1.016E+05  6.185E-09  5.353E-02  3.032E+02  3.034E+02
   0.04252   3    0.33141  54   1.016E+05  5.559E-09  5.350E-02  3.010E+02  3.011E+02
   0.04252   3    0.33772  55   1.016E+05  5.226E-09  5.347E-02  2.992E+02  2.993E+02
   0.04252   3    0.34403  56   1.016E+05  4.788E-09  5.344E-02  2.978E+02  2.978E+02
   0.04252   3    0.35034  57   1.015E+05  4.288E-09  5.342E-02  2.967E+02  2.967E+02
   0.04252   3    0.35666  58   1.015E+05  4.333E-09  5.339E-02  2.958E+02  2.959E+02
   0.04252   3    0.36297  59   1.015E+05  3.911E-09  5.337E-02  2.952E+02  2.952E+02
   0.04252   3    0.36928  60   1.015E+05  3.361E-09  5.335E-02  2.947E+02  2.947E+02
   0.04252   3    0.37559  61   1.015E+05  3.479E-09  5.334E-02  2.943E+02  2.943E+02
   0.04252   3    0.38191  62   1.015E+05  3.440E-09  5.333E-02  2.940E+02  2.940E+02
   0.04252   3    0.38822  63   1.015E+05  3.354E-09  5.331E-02  2.938E+02  2.938E+02
   0.04252   3    0.39453  64   1.015E+05  3.164E-09  5.330E-02  2.936E+02  2.936E+02
   0.04252   3    0.40084  65   1.015E+05  2.637E-09  5.329E-02  2.935E+02  2.935E+02
   0.04252   3    0.40716  66   1.015E+05  1.512E-09  5.328E-02  2.934E+02  2.934E+02
   0.04252   3    0.41347  67   1.015E+05  1.005E-09  5.327E-02  2.933E+02  2.933E+02
   0.04252   3    0.41978  68   1.014E+05  7.520E-10  5.327E-02  2.933E+02  2.933E+02
   0.04252   3    0.42609  69   1.014E+05  1.262E-10  5.326E-02  2.932E+02  2.932E+02
   0.04252   3    0.43241  70   1.014E+05 -2.331E-10  5.325E-02  2.932E+02  2.932E+02
   0.04252   3    0.43872  71   1.014E+05 -4.476E-10  5.325E-02  2.932E+02  2.932E+02
   0.04252   3    0.44503  72   1.014E+05 -4.227E-10  5.325E-02  2.931E+02  2.931E+02
   0.04252   3    0.45134  73   1.014E+05 -5.460E-10  5.324E-02  2.931E+02  2.931E+02
   0.04252   3    0.45766  74   1.014E+05 -8.382E-10  5.324E-02  2.931E+02  2.931E+02
   0.04252   3    0.46397  75   1.014E+05 -1.169E-09  5.323E-02  2.931E+02  2.931E+02
   0.04252   3    0.47028  76   1.014E+05 -1.418E-09  5.323E-02  2.931E+02  2.931E+02
   0.04252   3    0.47659  77   1.014E+05 -1.584E-09  5.323E-02  2.931E+02  2.931E+02
   0.04252   3    0.48291  78   1.014E+05 -1.366E-09  5.323E-02  2.931E+02  2.931E+02
   0.04252   3    0.48922  79   1.013E+05 -1.199E-09  5.323E-02  2.931E+02  2.931E+02
   0.04252   3    0.49553  80   1.013E+05 -7.660E-10  5.322E-02  2.931E+02  2.931E+02
   0.04252   3    0.50184  81   1.013E+05 -1.481E-10  5.322E-02  2.930E+02  2.930E+02
   0.04252   3    0.50500  82   1.013E+05 -1.481E-10  5.322E-02  2.930E+02  2.930E+02
   0.07087   4    0.00000   1   1.021E+05  8.432E-09  6.500E-02  2.930E+02  2.930E+02
   0.07087   4    0.00316   2   1.020E+05  8.432E-09  6.362E-02  2.930E+02  2.930E+02
   0.07087   4    0.00947   3   1.020E+05  7.995E-09  6.308E-02  2.930E+02  2.930E+02
   0.07087   4    0.01578   4   1.020E+05  6.923E-09  6.200E-02  2.930E+02  2.930E+02
   0.07087   4    0.02209   5   1.020E+05  6.534E-09  6.099E-02  2.930E+02  2.930E+02
   0.07087   4    0.02841   6   1.020E+05  5.261E-09  6.010E-02  2.930E+02  2.930E+02
   0.07087   4    0.03472   7   1.020E+05  4.340E-09  5.933E-02  2.931E+02  2.931E+02
   0.07087   4    0.04103   8   1.020E+05  3.124E-09  5.866E-02  2.931E+02  2.931E+02
   0.07087   4    0.04734   9   1.020E+05  2.008E-09  5.810E-02  2.932E+02  2.932E+02
   0.07087   4    0.05366  10   1.020E+05  7.420E-10  5.761E-02  2.933E+02  2.933E+02
   0.07087   4    0.05997  11   1.020E+05 -1.774E-09  5.719E-02  2.935E+02  2.935E+02
   0.07087   4    0.06628  12   1.019E+05 -4.300E-09  5.683E-02  2.938E+02  2.938E+02
   0.07087   4    0.07259  13   1.019E+05 -6.638E-09  5.653E-02  2.943E+02  2.942E+02
   0.07087   4    0.07891  14   1.019E+05 -8.383E-09  5.625E-02  2.950E+02  2.949E+02
   0.07087   4    0.08522  15   1.019E+05 -1.017E-08  5.602E-02  2.960E+02  2.959E+02
   0.07087   4    0.09153  16   1.019E+05 -1.190E-08  5.582E-02  2.975E+02  2.974E+02
   0.07087   4    0.09784  17   1.019E+05 -1.261E-08  5.564E-02  2.996E+02  2.995E+02
   0.07087   4    0.10416  18   1.019E+05 -1.308E-08  5.549E-02  3.025E+02  3.023E+02
   0.07087   4    0.11047  19   1.019E+05 -1.444E-08  5.536E-02  3.063E+02  3.062E+02
   0.07087   4    0.11678  20   1.019E+05 -1.618E-08  5.524E-02  3.113E+02  3.112E+02
   0.07087   4    0.12309  21   1.019E+05 -1.823E-08  5.514E-02  3.177E+02  3.175E+02
   0.07087   4    0.12941  22   1.018E+05 -1.983E-08  5.505E-02  3.255E+02  3.252E+02
   0.07087   4    0.13572  23   1.018E+05 -3.303E-08  5.498E-02  3.347E+02  3.344E+02
   0.07087   4    0.14203  24   1.018E+05 -2.665E-08  5.492E-02  3.453E+02  3.449E+02
   0.07087   4    0.14834  25   1.018E+05 -1.483E-08  5.486E-02  3.571E+02  3.566E+02
   0.07087   4    0.15466  26   1.018E+05  2.129E-08  5.482E-02  3.697E+02  3.692E+02
   0.07087   4    0.16097  27   1.018E+05  2.617E-08  5.480E-02  3.826E+02  3.821E+02
   0.07087   4    0.16728  28   1.018E+05  1.780E-07  5.476E-02  3.954E+02  3.949E+02
   0.07087   4    0.17359  29   1.018E+05 -4.916E-07  5.474E-02  4.074E+02  4.069E+02
   0.07087   4    0.17991  30   1.018E+05 -1.384E-06  5.471E-02  4.181E+02  4.177E+02
   0.07087   4    0.18622  31   1.018E+05 -4.887E-07  5.467E-02  4.270E+02  4.266E+02
   0.07087   4    0.19253  32   1.018E+05  1.901E-07  5.464E-02  4.336E+02  4.333E+02
   0.07087   4    0.19884  33   1.018E+05  4.690E-08  5.462E-02  4.377E+02  4.375E+02
   0.07087   4    0.20516  34   1.017E+05  5.010E-08  5.459E-02  4.390E+02  4.390E+02
   0.07087   4    0.21147  35   1.017E+05  3.576E-08  5.455E-02  4.377E+02  4.378E+02
   0.07087   4    0.21778  36   1.017E+05  2.862E-08  5.450E-02  4.339E+02  4.341E+02
   0.07087   4    0.22409  37   1.017E+05  2.326E-08  5.446E-02  4.279E+02  4.281E+02
   0.07087   4    0.23041  38   1.017E+05  2.020E-08  5.441E-02  4.200E+02  4.203E+02
   0.07087   4    0.23672  39   1.017E+05  1.826E-08  5.434E-02  4.106E+02  4.110E+02
   0.07087   4    0.24303  40   1.017E+05  1.679E-08  5.429E-02  4.003E+02  4.007E+02
   0.07087   4    0.24934  41   1.017E+05  1.570E-08  5.423E-02  3.895E+02  3.899E+02
   0.07087   4    0.25566  42   1.017E+05  1.550E-08  5.417E-02  3.785E+02  3.789E+02
   0.07087   4    0.26197  43   1.017E+05  1.564E-08  5.411E-02  3.677E+02  3.681E+02
   0.07087   4    0.26828  44   1.017E+05  1.527E-08  5.403E-02  3.574E+02  3.578E+02
   0.07087   4    0.27459  45   1.016E+05  1.491E-08  5.397E-02  3.478E+02  3.482E+02
   0.07087   4    0.28091  46   1.016E+05  1.469E-08  5.391E-02  3.391E+02  3.395E+02
   0.07087   4    0.28722  47   1.016E+05  1.309E-08  5.384E-02  3.313E+02  3.316E+02
   0.07087   4    0.29353  48   1.016E+05  1.158E-08  5.378E-02  3.245E+02  3.248E+02
   0.07087   4    0.29984  49   1.016E+05  1.184E-08  5.372E-02  3.186E+02  3.189E+02
   0.07087   4    0.30616  50   1.016E+05  1.226E-08  5.367E-02  3.136E+02  3.139E+02
   0.07087   4    0.31247  51   1.016E+05  1.236E-08  5.362E-02  3.095E+02  3.097E+02
   0.07087   4    0.31878  52   1.016E+05  1.221E-08  5.358E-02  3.060E+02  3.062E+02
   0.07087   4    0.32509  53   1.016E+05  1.252E-08  5.353E-02  3.032E+02  3.034E+02
   0.07087   4    0.33141  54   1.016E+05  1.246E-08  5.350E-02  3.010E+02  3.011E+02
   0.07087   4    0.33772  55   1.016E+05  1.195E-08  5.347E-02  2.992E+02  2.993E+02
   0.07087   4    0.34403  56   1.016E+05  1.155E-08  5.344E-02  2.978E+02  2.978E+02
   0.07087   4    0.35034  57   1.015E+05  1.090E-08  5.342E-02  2.967E+02  2.967E+02
   0.07087   4    0.35666  58   1.015E+05  1.027E-08  5.339E-02  2.958E+02  2.959E+02
   0.07087   4    0.36297  59   1.015E+05  9.756E-09  5.337E-02  2.952E+02  2.952E+02
   0.07087   4    0.36928  60   1.015E+05  9.460E-09  5.335E-02  2.947E+02  2.947E+02
   0.07087   4    0.37559  61   1.015E+05  9.208E-09  5.334E-02  2.943E+02  2.943E+02
   0.07087   4    0.38191  62   1.015E+05  8.878E-09  5.333E-02  2.940E+02  2.940E+02
   0.07087   4    0.38822  63   1.015E+05  8.725E-09  5.331E-02  2.938E+02  2.938E+02
   0.07087   4    0.39453  64   1.015E+05  8.707E-09  5.330E-02  2.936E+02  2.936E+02
   0.07087   4    0.40084  65   1.015E+05  8.496E-09  5.329E-02  2.935E+02  2.935E+02
   0.07087   4    0.40716  66   1.015E+05  7.523E-09  5.328E-02  2.934E+02  2.934E+02
   0.07087   4    0.41347  67   1.015E+05  6.254E-09  5.327E-02  2.933E+02  2.933E+02
   0.07087   4    0.41978  68   1.014E+05  5.789E-09  5.327E-02  2.933E+02  2.933E+02
   0.07087   4    0.42609  69   1.014E+05  5.176E-09  5.326E-02  2.932E+02  2.932E+02
   0.07087   4    0.43241  70   1.014E+05  4.270E-09  5.325E-02  2.932E+02  2.932E+02
   0.07087   4    0.43872  71   1.014E+05  3.556E-09  5.325E-02  2.932E+02  2.932E+02
   0.07087   4    0.44503  72   1.014E+05  2.868E-09  5.325E-02  2.931E+02  2.931E+02
   0.07087   4    0.45134  73   1.014E+05  2.472E-09  5.324E-02  2.931E+02  2.931E+02
   0.07087   4    0.45766  74   1.014E+05  2.225E-09  5.324E-02  2.931E+02  2.931E+02
   0.07087   4    0.46397  75   1.014E+05  1.550E-09  5.323E-02  2.931E+02  2.931E+02
   0.07087   4    0.47028  76   1.014E+05  1.335E-09  5.323E-02  2.931E+02  2.931E+02
   0.07087   4    0.47659  77   1.014E+05  1.463E-09  5.323E-02  2.931E+02  2.931E+02
   0.07087   4    0.48291  78   1.014E+05  1.205E-09  5.323E-02  2.931E+02  2.931E+02
   0.07087   4    0.48922  79   1.013E+05  9.807E-10  5.323E-02  2.931E+02  2.931E+02
   0.07087   4    0.49553  80   1.013E+05  8.579E-10  5.322E-02  2.931E+02  2.931E+02
   0.07087   4    0.50184  81   1.013E+05  7.911E-10  5.322E-02  2.930E+02  2.930E+02
   0.07087   4    0.50500  82   1.013E+05  7.911E-10  5.322E-02  2.930E+02  2.930E+02
   0.09922   5    0.00000   1   1.021E+05  3.130E-09  6.500E-02  2.930E+02  2.930E+02
   0.09922   5    0.00316   2   1.020E+05  3.130E-09  6.362E-02  2.930E+02  2.930E+02
   0.09922   5    0.00947   3   1.020E+05  1.509E-09  6.308E-02  2.930E+02  2.930E+02
   0.09922   5    0.01578   4   1.020E+05  5.024E-10  6.200E-02  2.930E+02  2.930E+02
   0.09922   5    0.02209   5   1.020E+05  1.084E-11  6.099E-02  2.930E+02  2.930E+02
   0.09922   5    0.02841   6   1.020E+05 -8.353E-10  6.010E-02  2.930E+02  2.930E+02
   0.09922   5    0.03472   7   1.020E+05 -1.618E-09  5.933E-02  2.931E+02  2.931E+02
   0.09922   5    0.04103   8   1.020E+05 -2.394E-09  5.866E-02  2.931E+02  2.931E+02
   0.09922   5    0.04734   9   1.020E+05 -3.020E-09  5.810E-02  2.932E+02  2.932E+02
   0.09922   5    0.05366  10   1.020E+05 -3.165E-09  5.761E-02  2.933E+02  2.933E+02
   0.09922   5    0.05997  11   1.020E+05 -3.576E-09  5.719E-02  2.935E+02  2.935E+02
   0.09922   5    0.06628  12   1.019E+05 -4.043E-09  5.683E-02  2.938E+02  2.938E+02
   0.09922   5    0.07259  13   1.019E+05 -4.411E-09  5.653E-02  2.943E+02  2.942E+02
   0.09922   5    0.07891  14   1.019E+05 -4.225E-09  5.625E-02  2.950E+02  2.949E+02
   0.09922   5    0.08522  15   1.019E+05 -3.306E-09  5.602E-02  2.960E+02  2.959E+02
   0.09922   5    0.09153  16   1.019E+05 -1.792E-09  5.582E-02  2.975E+02  2.974E+02
   0.09922   5    0.09784  17   1.019E+05  1.437E-09  5.564E-02  2.996E+02  2.995E+02
   0.09922   5    0.10416  18   1.019E+05  6.728E-09  5.549E-02  3.025E+02  3.023E+02
   0.09922   5    0.11047  19   1.019E+05  1.346E-08  5.536E-02  3.063E+02  3.062E+02
   0.09922   5    0.11678  20   1.019E+05  2.800E-08  5.524E-02  3.113E+02  3.111E+02
   0.09922   5    0.12309  21   1.019E+05  2.547E-08  5.514E-02  3.177E+02  3.175E+02
   0.09922   5    0.12941  22   1.018E+05  1.710E-07  5.505E-02  3.255E+02  3.252E+02
   0.09922   5    0.13572  23   1.018E+05 -4.992E-07  5.498E-02  3.347E+02  3.344E+02
   0.09922   5    0.14203  24   1.018E+05 -1.388E-06  5.492E-02  3.453E+02  3.449E+02
   0.09922   5    0.14834  25   1.018E+05 -4.871E-07  5.486E-02  3.571E+02  3.566E+02
   0.09922   5    0.15466  26   1.018E+05  2.081E-07  5.482E-02  3.697E+02  3.692E+02
   0.09922   5    0.16097  27   1.018E+05  6.509E-08  5.480E-02  3.826E+02  3.821E+02
   0.09922   5    0.16728  28   1.018E+05  2.154E-07  5.476E-02  3.954E+02  3.949E+02
   0.09922   5    0.17359  29   1.018E+05 -4.716E-07  5.473E-02  4.074E+02  4.069E+02
   0.09922   5    0.17991  30   1.018E+05 -1.373E-06  5.471E-02  4.181E+02  4.177E+02
   0.09922   5    0.18622  31   1.018E+05 -4.841E-07  5.468E-02  4.270E+02  4.266E+02
   0.09922   5    0.19253  32   1.018E+05  1.901E-07  5.465E-02  4.336E+02  4.333E+02
   0.09922   5    0.19884  33   1.018E+05  4.412E-08  5.462E-02  4.377E+02  4.375E+02
   0.09922   5    0.20516  34   1.017E+05  4.550E-08  5.459E-02  4.390E+02  4.390E+02
   0.09922   5    0.21147  35   1.017E+05  2.974E-08  5.455E-02  4.377E+02  4.378E+02
   0.09922   5    0.21778  36   1.017E+05  2.241E-08  5.450E-02  4.339E+02  4.341E+02
   0.09922   5    0.22409  37   1.017E+05  1.690E-08  5.446E-02  4.279E+02  4.281E+02
   0.09922   5    0.23041  38   1.017E+05  1.355E-08  5.441E-02  4.200E+02  4.203E+02
   0.09922   5    0.23672  39   1.017E+05  1.202E-08  5.434E-02  4.106E+02  4.110E+02
   0.09922   5    0.24303  40   1.017E+05  1.155E-08  5.429E-02  4.003E+02  4.007E+02
   0.09922   5    0.24934  41   1.017E+05  1.203E-08  5.423E-02  3.895E+02  3.899E+02
   0.09922   5    0.25566  42   1.017E+05  1.340E-08  5.417E-02  3.785E+02  3.789E+02
   0.09922   5    0.26197  43   1.017E+05  1.499E-08  5.411E-02  3.677E+02  3.681E+02
   0.09922   5    0.26828  44   1.017E+05  1.573E-08  5.403E-02  3.574E+02  3.578E+02
   0.09922   5    0.27459  45   1.016E+05  1.926E-08  5.397E-02  3.478E+02  3.482E+02
   0.09922   5    0.28091  46   1.016E+05  2.050E-08  5.391E-02  3.391E+02  3.395E+02
   0.09922   5    0.28722  47   1.016E+05  2.144E-09  5.384E-02  3.313E+02  3.316E+02
   0.09922   5    0.29353  48   1.016E+05 -1.325E-08  5.378E-02  3.245E+02  3.248E+02
   0.09922   5    0.29984  49   1.016E+05  4.904E-09  5.372E-02  3.186E+02  3.189E+02
   0.09922   5    0.30616  50   1.016E+05  2.372E-08  5.367E-02  3.136E+02  3.139E+02
   0.09922   5    0.31247  51   1.016E+05  2.276E-08  5.362E-02  3.095E+02  3.096E+02
   0.09922   5    0.31878  52   1.016E+05  2.030E-08  5.358E-02  3.060E+02  3.062E+02
   0.09922   5    0.32509  53   1.016E+05  1.965E-08  5.353E-02  3.032E+02  3.034E+02
   0.09922   5    0.33141  54   1.016E+05  1.864E-08  5.350E-02  3.010E+02  3.011E+02
   0.09922   5    0.33772  55   1.016E+05  1.742E-08  5.347E-02  2.992E+02  2.993E+02
   0.09922   5    0.34403  56   1.016E+05  1.733E-08  5.344E-02  2.978E+02  2.978E+02
   0.09922   5    0.35034  57   1.015E+05  1.728E-08  5.342E-02  2.967E+02  2.967E+02
   0.09922   5    0.35666  58   1.015E+05  1.633E-08  5.339E-02  2.958E+02  2.959E+02
   0.09922   5    0.36297  59   1.015E+05  1.738E-08  5.337E-02  2.952E+02  2.952E+02
   0.09922   5    0.36928  60   1.015E+05  1.845E-08  5.335E-02  2.947E+02  2.947E+02
   0.09922   5    0.37559  61   1.015E+05  1.615E-08  5.334E-02  2.943E+02  2.943E+02
   0.09922   5    0.38191  62   1.015E+05  1.439E-08  5.333E-02  2.940E+02  2.940E+02
   0.09922   5    0.38822  63   1.015E+05  1.452E-08  5.331E-02  2.938E+02  2.938E+02
   0.09922   5    0.39453  64   1.015E+05  1.464E-08  5.330E-02  2.936E+02  2.936E+02
   0.09922   5    0.40084  65   1.015E+05  1.434E-08  5.329E-02  2.935E+02  2.935E+02
   0.09922   5    0.40716  66   1.015E+05  1.356E-08  5.328E-02  2.934E+02  2.934E+02
   0.09922   5    0.41347  67   1.015E+05  1.202E-08  5.327E-02  2.933E+02  2.933E+02
   0.09922   5    0.41978  68   1.014E+05  1.074E-08  5.327E-02  2.933E+02  2.933E+02
   0.09922   5    0.42609  69   1.014E+05  1.030E-08  5.326E-02  2.932E+02  2.932E+02
   0.09922   5    0.43241  70   1.014E+05  9.405E-09  5.325E-02  2.932E+02  2.932E+02
   0.09922   5    0.43872  71   1.014E+05  8.495E-09  5.325E-02  2.932E+02  2.932E+02
   0.09922   5    0.44503  72   1.014E+05  7.606E-09  5.325E-02  2.931E+02  2.931E+02
   0.09922   5    0.45134  73   1.014E+05  6.591E-09  5.324E-02  2.931E+02  2.931E+02
   0.09922   5    0.45766  74   1.014E+05  6.159E-09  5.324E-02  2.931E+02  2.931E+02
   0.09922   5    0.46397  75   1.014E+05  5.428E-09  5.323E-02  2.931E+02  2.931E+02
   0.09922   5    0.47028  76   1.014E+05  4.668E-09  5.323E-02  2.931E+02  2.931E+02
   0.09922   5    0.47659  77   1.014E+05  4.289E-09  5.323E-02  2.931E+02  2.931E+02
   0.09922   5    0.48291  78   1.014E+05  3.498E-09  5.323E-02  2.931E+02  2.931E+02
   0.09922   5    0.48922  79   1.013E+05  2.707E-09  5.323E-02  2.931E+02  2.931E+02
   0.09922   5    0.49553  80   1.013E+05  1.803E-09  5.322E-02  2.931E+02  2.931E+02
   0.09922   5    0.50184  81   1.013E+05  1.082E-09  5.322E-02  2.930E+02  2.930E+02
   0.09922   5    0.50500  82   1.013E+05  1.082E-09  5.322E-02  2.930E+02  2.930E+02
   0.12757   6    0.00000   1   1.021E+05 -5.653E-09  6.500E-02  2.930E+02  2.930E+02
   0.12757   6    0.00316   2   1.020E+05 -5.653E-09  6.362E-02  2.930E+02  2.930E+02
   0.12757   6    0.00947   3   1.020E+05 -5.364E-09  6.308E-02  2.930E+02  2.930E+02
   0.12757   6    0.01578   4   1.020E+05 -5.289E-09  6.200E-02  2.930E+02  2.930E+02
   0.12757   6    0.02209   5   1.020E+05 -5.416E-09  6.099E-02  2.930E+02  2.930E+02
   0.12757   6    0.02841   6   1.020E+05 -5.637E-09  6.010E-02  2.930E+02  2.930E+02
   0.12757   6    0.03472   7   1.020E+05 -6.206E-09  5.933E-02  2.931E+02  2.931E+02
   0.12757   6    0.04103   8   1.020E+05 -6.590E-09  5.866E-02  2.931E+02  2.931E+02
   0.12757   6    0.04734   9   1.020E+05 -6.928E-09  5.810E-02  2.932E+02  2.932E+02
   0.12757   6    0.05366  10   1.020E+05 -7.296E-09  5.761E-02  2.933E+02  2.933E+02
   0.12757   6    0.05997  11   1.020E+05 -7.104E-09  5.719E-02  2.935E+02  2.935E+02
   0.12757   6    0.06628  12   1.019E+05 -6.704E-09  5.683E-02  2.938E+02  2.938E+02
   0.12757   6    0.07259  13   1.019E+05 -6.097E-09  5.653E-02  2.943E+02  2.942E+02
   0.12757   6    0.07891  14   1.019E+05 -5.073E-09  5.625E-02  2.950E+02  2.949E+02
   0.12757   6    0.08522  15   1.019E+05 -3.209E-09  5.602E-02  2.960E+02  2.959E+02
   0.12757   6    0.09153  16   1.019E+05 -1.470E-09  5.582E-02  2.975E+02  2.974E+02
   0.12757   6    0.09784  17   1.019E+05 -8.830E-10  5.564E-02  2.996E+02  2.995E+02
   0.12757   6    0.10416  18   1.019E+05  1.539E-10  5.549E-02  3.025E+02  3.023E+02
   0.12757   6    0.11047  19   1.019E+05  3.171E-09  5.536E-02  3.063E+02  3.062E+02
   0.12757   6    0.11678  20   1.019E+05  1.160E-08  5.524E-02  3.113E+02  3.111E+02
   0.12757   6    0.12309  21   1.019E+05 -1.694E-09  5.514E-02  3.177E+02  3.175E+02
   0.12757   6    0.12941  22   1.018E+05  1.291E-07  5.505E-02  3.255E+02  3.252E+02
   0.12757   6    0.13572  23   1.018E+05 -5.722E-07  5.497E-02  3.347E+02  3.344E+02
   0.12757   6    0.14203  24   1.018E+05 -1.490E-06  5.492E-02  3.453E+02  3.449E+02
   0.12757   6    0.14834  25   1.018E+05 -5.826E-07  5.487E-02  3.571E+02  3.566E+02
   0.12757   6    0.15466  26   1.018E+05  1.184E-07  5.483E-02  3.697E+02  3.692E+02
   0.12757   6    0.16097  27   1.018E+05 -1.664E-08  5.480E-02  3.826E+02  3.821E+02
   0.12757   6    0.16728  28   1.018E+05 -9.970E-09  5.476E-02  3.954E+02  3.949E+02
   0.12757   6    0.17359  29   1.018E+05 -3.677E-08  5.473E-02  4.074E+02  4.069E+02
   0.12757   6    0.17991  30   1.018E+05 -4.161E-08  5.471E-02  4.181E+02  4.177E+02
   0.12757   6    0.18622  31   1.018E+05 -4.300E-08  5.468E-02  4.270E+02  4.266E+02
   0.12757   6    0.19253  32   1.018E+05 -2.667E-08  5.465E-02  4.336E+02  4.333E+02
   0.12757   6    0.19884  33   1.018E+05 -2.211E-08  5.462E-02  4.377E+02  4.375E+02
   0.12757   6    0.20516  34   1.017E+05 -1.756E-08  5.459E-02  4.390E+02  4.390E+02
   0.12757   6    0.21147  35   1.017E+05 -1.453E-08  5.455E-02  4.377E+02  4.378E+02
   0.12757   6    0.21778  36   1.017E+05 -1.191E-08  5.450E-02  4.339E+02  4.341E+02
   0.12757   6    0.22409  37   1.017E+05 -9.495E-09  5.446E-02  4.279E+02  4.281E+02
   0.12757   6    0.23041  38   1.017E+05 -7.138E-09  5.441E-02  4.200E+02  4.203E+02
   0.12757   6    0.23672  39   1.017E+05 -4.671E-09  5.434E-02  4.106E+02  4.110E+02
   0.12757   6    0.24303  40   1.017E+05 -1.877E-09  5.429E-02  4.003E+02  4.007E+02
   0.12757   6    0.24934  41   1.017E+05  1.084E-09  5.423E-02  3.894E+02  3.899E+02
   0.12757   6    0.25566  42   1.017E+05  4.679E-09  5.417E-02  3.785E+02  3.789E+02
   0.12757   6    0.26197  43   1.017E+05  8.619E-09  5.411E-02  3.677E+02  3.681E+02
   0.12757   6    0.26828  44   1.017E+05  1.153E-08  5.403E-02  3.574E+02  3.578E+02
   0.12757   6    0.27459  45   1.016E+05  1.739E-08  5.397E-02  3.478E+02  3.482E+02
   0.12757   6    0.28091  46   1.016E+05  2.089E-08  5.391E-02  3.391E+02  3.395E+02
   0.12757   6    0.28722  47   1.016E+05  3.836E-09  5.384E-02  3.313E+02  3.316E+02
   0.12757   6    0.29353  48   1.016E+05 -1.034E-08  5.378E-02  3.245E+02  3.248E+02
   0.12757   6    0.29984  49   1.016E+05  8.385E-09  5.372E-02  3.186E+02  3.189E+02
   0.12757   6    0.30616  50   1.016E+05  2.759E-08  5.367E-02  3.136E+02  3.138E+02
   0.12757   6    0.31247  51   1.016E+05  2.767E-08  5.362E-02  3.095E+02  3.096E+02
   0.12757   6    0.31878  52   1.016E+05  2.568E-08  5.358E-02  3.060E+02  3.062E+02
   0.12757   6    0.32509  53   1.016E+05  2.459E-08  5.353E-02  3.032E+02  3.034E+02
   0.12757   6    0.33141  54   1.016E+05  2.278E-08  5.350E-02  3.010E+02  3.011E+02
   0.12757   6    0.33772  55   1.016E+05  2.124E-08  5.347E-02  2.992E+02  2.993E+02
   0.12757   6    0.34403  56   1.016E+05  2.024E-08  5.344E-02  2.978E+02  2.978E+02
   0.12757   6    0.35034  57   1.015E+05  1.907E-08  5.342E-02  2.967E+02  2.967E+02
   0.12757   6    0.35666  58   1.015E+05  1.739E-08  5.339E-02  2.958E+02  2.959E+02
   0.12757   6    0.36297  59   1.015E+05  1.641E-08  5.337E-02  2.952E+02  2.952E+02
   0.12757   6    0.36928  60   1.015E+05  1.540E-08  5.335E-02  2.947E+02  2.947E+02
   0.12757   6    0.37559  61   1.015E+05  1.518E-08  5.334E-02  2.943E+02  2.943E+02
   0.12757   6    0.38191  62   1.015E+05  1.585E-08  5.333E-02  2.940E+02  2.940E+02
   0.12757   6    0.38822  63   1.015E+05  1.822E-08  5.331E-02  2.938E+02  2.938E+02
   0.12757   6    0.39453  64   1.015E+05  2.337E-08  5.330E-02  2.936E+02  2.936E+02
   0.12757   6    0.40084  65   1.015E+05  2.636E-08  5.329E-02  2.935E+02  2.935E+02
   0.12757   6    0.40716  66   1.015E+05  2.276E-08  5.328E-02  2.934E+02  2.934E+02
   0.12757   6    0.41347  67   1.015E+05  1.656E-08  5.327E-02  2.933E+02  2.933E+02
   0.12757   6    0.41978  68   1.014E+05  1.283E-08  5.327E-02  2.933E+02  2.933E+02
   0.12757   6    0.42609  69   1.014E+05  1.081E-08  5.326E-02  2.932E+02  2.932E+02
   0.12757   6    0.43241  70   1.014E+05  9.731E-09  5.325E-02  2.932E+02  2.932E+02
   0.12757   6    0.43872  71   1.014E+05  9.053E-09  5.325E-02  2.932E+02  2.932E+02
   0.12757   6    0.44503  72   1.014E+05  8.564E-09  5.325E-02  2.931E+02  2.931E+02
   0.12757   6    0.45134  73   1.014E+05  7.893E-09  5.324E-02  2.931E+02  2.931E+02
   0.12757   6    0.45766  74   1.014E+05  7.200E-09  5.324E-02  2.931E+02  2.931E+02
   0.12757   6    0.46397  75   1.014E+05  6.940E-09  5.323E-02  2.931E+02  2.931E+02
   0.12757   6    0.47028  76   1.014E+05  6.232E-09  5.323E-02  2.931E+02  2.931E+02
   0.12757   6    0.47659  77   1.014E+05  5.391E-09  5.323E-02  2.931E+02  2.931E+02
   0.12757   6    0.48291  78   1.014E+05  4.517E-09  5.323E-02  2.931E+02  2.931E+02
   0.12757   6    0.48922  79   1.013E+05  3.542E-09  5.323E-02  2.931E+02  2.931E+02
   0.12757   6    0.49553  80   1.013E+05  2.725E-09  5.322E-02  2.931E+02  2.931E+02
   0.12757   6    0.50184  81   1.013E+05  2.140E-09  5.322E-02  2.930E+02  2.930E+02
   0.12757   6    0.50500  82   1.013E+05  2.140E-09  5.322E-02  2.930E+02  2.930E+02
   0.15592   7    0.00000   1   1.021E+05 -9.696E-09  6.500E-02  2.930E+02  2.930E+02
   0.15592   7    0.00316   2   1.020E+05 -9.696E-09  6.362E-02  2.930E+02  2.930E+02
   0.15592   7    0.00947   3   1.020E+05 -9.697E-09  6.308E-02  2.930E+02  2.930E+02
   0.15592   7    0.01578   4   1.020E+05 -9.892E-09  6.200E-02  2.930E+02  2.930E+02
   0.15592   7    0.02209   5   1.020E+05 -1.042E-08  6.099E-02  2.930E+02  2.930E+02
   0.15592   7    0.02841   6   1.020E+05 -1.085E-08  6.010E-02  2.930E+02  2.930E+02
   0.15592   7    0.03472   7   1.020E+05 -1.135E-08  5.933E-02  2.931E+02  2.931E+02
   0.15592   7    0.04103   8   1.020E+05 -1.197E-08  5.866E-02  2.931E+02  2.931E+02
   0.15592   7    0.04734   9   1.020E+05 -1.246E-08  5.810E-02  2.932E+02  2.932E+02
   0.15592   7    0.05366  10   1.020E+05 -1.375E-08  5.761E-02  2.933E+02  2.933E+02
   0.15592   7    0.05997  11   1.020E+05 -1.552E-08  5.719E-02  2.935E+02  2.935E+02
   0.15592   7    0.06628  12   1.019E+05 -1.518E-08  5.683E-02  2.938E+02  2.938E+02
   0.15592   7    0.07259  13   1.019E+05 -1.799E-08  5.653E-02  2.943E+02  2.942E+02
   0.15592   7    0.07891  14   1.019E+05 -2.056E-08  5.625E-02  2.950E+02  2.949E+02
   0.15592   7    0.08522  15   1.019E+05  3.609E-09  5.602E-02  2.960E+02  2.959E+02
   0.15592   7    0.09153  16   1.019E+05  2.557E-08  5.582E-02  2.975E+02  2.974E+02
   0.15592   7    0.09784  17   1.019E+05 -1.259E-09  5.564E-02  2.996E+02  2.995E+02
   0.15592   7    0.10416  18   1.019E+05 -3.128E-08  5.549E-02  3.025E+02  3.023E+02
   0.15592   7    0.11047  19   1.019E+05 -3.515E-08  5.536E-02  3.063E+02  3.062E+02
   0.15592   7    0.11678  20   1.019E+05 -4.190E-08  5.524E-02  3.113E+02  3.112E+02
   0.15592   7    0.12309  21   1.019E+05 -5.771E-08  5.514E-02  3.177E+02  3.175E+02
   0.15592   7    0.12941  22   1.018E+05 -7.676E-08  5.505E-02  3.255E+02  3.252E+02
   0.15592   7    0.13572  23   1.018E+05 -1.235E-07  5.497E-02  3.347E+02  3.344E+02
   0.15592   7    0.14203  24   1.018E+05 -1.477E-07  5.492E-02  3.453E+02  3.449E+02
   0.15592   7    0.14834  25   1.018E+05 -1.266E-07  5.487E-02  3.571E+02  3.566E+02
   0.15592   7    0.15466  26   1.018E+05 -7.902E-08  5.483E-02  3.697E+02  3.692E+02
   0.15592   7    0.16097  27   1.018E+05 -5.671E-08  5.480E-02  3.826E+02  3.821E+02
   0.15592   7    0.16728  28   1.018E+05 -3.846E-08  5.476E-02  3.954E+02  3.949E+02
   0.15592   7    0.17359  29   1.018E+05 -2.725E-08  5.473E-02  4.074E+02  4.069E+02
   0.15592   7    0.17991  30   1.018E+05 -6.463E-09  5.471E-02  4.181E+02  4.177E+02
   0.15592   7    0.18622  31   1.018E+05 -1.698E-08  5.468E-02  4.270E+02  4.266E+02
   0.15592   7    0.19253  32   1.018E+05 -1.607E-08  5.465E-02  4.336E+02  4.333E+02
   0.15592   7    0.19884  33   1.018E+05 -1.755E-08  5.462E-02  4.377E+02  4.375E+02
   0.15592   7    0.20516  34   1.017E+05 -1.747E-08  5.459E-02  4.390E+02  4.390E+02
   0.15592   7    0.21147  35   1.017E+05 -1.721E-08  5.455E-02  4.377E+02  4.378E+02
   0.15592   7    0.21778  36   1.017E+05 -1.665E-08  5.450E-02  4.339E+02  4.341E+02
   0.15592   7    0.22409  37   1.017E+05 -1.524E-08  5.446E-02  4.279E+02  4.281E+02
   0.15592   7    0.23041  38   1.017E+05 -1.257E-08  5.441E-02  4.200E+02  4.203E+02
   0.15592   7    0.23672  39   1.017E+05 -1.003E-08  5.434E-02  4.106E+02  4.110E+02
   0.15592   7    0.24303  40   1.017E+05 -7.487E-09  5.429E-02  4.003E+02  4.007E+02
   0.15592   7    0.24934  41   1.017E+05 -4.524E-09  5.423E-02  3.894E+02  3.899E+02
   0.15592   7    0.25566  42   1.017E+05 -8.072E-10  5.417E-02  3.784E+02  3.789E+02
   0.15592   7    0.26197  43   1.017E+05  3.139E-09  5.411E-02  3.677E+02  3.681E+02
   0.15592   7    0.26828  44   1.017E+05  6.536E-09  5.403E-02  3.574E+02  3.578E+02
   0.15592   7    0.27459  45   1.016E+05  1.024E-08  5.397E-02  3.478E+02  3.482E+02
   0.15592   7    0.28091  46   1.016E+05  1.423E-08  5.391E-02  3.391E+02  3.394E+02
   0.15592   7    0.28722  47   1.016E+05  1.723E-08  5.384E-02  3.313E+02  3.316E+02
   0.15592   7    0.29353  48   1.016E+05  1.976E-08  5.378E-02  3.245E+02  3.248E+02
   0.15592   7    0.29984  49   1.016E+05  2.238E-08  5.372E-02  3.186E+02  3.189E+02
   0.15592   7    0.30616  50   1.016E+05  2.448E-08  5.367E-02  3.136E+02  3.138E+02
   0.15592   7    0.31247  51   1.016E+05  2.661E-08  5.362E-02  3.095E+02  3.096E+02
   0.15592   7    0.31878  52   1.016E+05  2.834E-08  5.358E-02  3.060E+02  3.062E+02
   0.15592   7    0.32509  53   1.016E+05  2.936E-08  5.353E-02  3.032E+02  3.034E+02
   0.15592   7    0.33141  54   1.016E+05  3.000E-08  5.350E-02  3.010E+02  3.011E+02
   0.15592   7    0.33772  55   1.016E+05  3.114E-08  5.347E-02  2.992E+02  2.993E+02
   0.15592   7    0.34403  56   1.016E+05  3.158E-08  5.344E-02  2.978E+02  2.978E+02
   0.15592   7    0.35034  57   1.015E+05  3.296E-08  5.342E-02  2.967E+02  2.967E+02
   0.15592   7    0.35666  58   1.015E+05  3.374E-08  5.339E-02  2.958E+02  2.959E+02
   0.15592   7    0.36297  59   1.015E+05  4.467E-08  5.337E-02  2.952E+02  2.952E+02
   0.15592   7    0.36928  60   1.015E+05  2.587E-08  5.335E-02  2.947E+02  2.947E+02
   0.15592   7    0.37559  61   1.015E+05  2.319E-08  5.334E-02  2.943E+02  2.943E+02
   0.15592   7    0.38191  62   1.015E+05  1.927E-08  5.333E-02  2.940E+02  2.940E+02
   0.15592   7    0.38822  63   1.015E+05  1.536E-08  5.331E-02  2.938E+02  2.938E+02
   0.15592   7    0.39453  64   1.015E+05  1.671E-08  5.330E-02  2.936E+02  2.936E+02
   0.15592   7    0.40084  65   1.015E+05  3.787E-09  5.329E-02  2.935E+02  2.935E+02
   0.15592   7    0.40716  66   1.015E+05  1.346E-08  5.328E-02  2.934E+02  2.934E+02
   0.15592   7    0.41347  67   1.015E+05  8.041E-09  5.327E-02  2.933E+02  2.933E+02
   0.15592   7    0.41978  68   1.014E+05  7.327E-09  5.327E-02  2.933E+02  2.933E+02
   0.15592   7    0.42609  69   1.014E+05  6.659E-09  5.326E-02  2.932E+02  2.932E+02
   0.15592   7    0.43241  70   1.014E+05  6.351E-09  5.325E-02  2.932E+02  2.932E+02
   0.15592   7    0.43872  71   1.014E+05  5.991E-09  5.325E-02  2.932E+02  2.932E+02
   0.15592   7    0.44503  72   1.014E+05  5.731E-09  5.325E-02  2.931E+02  2.931E+02
   0.15592   7    0.45134  73   1.014E+05  5.899E-09  5.324E-02  2.931E+02  2.931E+02
   0.15592   7    0.45766  74   1.014E+05  5.542E-09  5.324E-02  2.931E+02  2.931E+02
   0.15592   7    0.46397  75   1.014E+05  5.473E-09  5.323E-02  2.931E+02  2.931E+02
   0.15592   7    0.47028  76   1.014E+05  5.154E-09  5.323E-02  2.931E+02  2.931E+02
   0.15592   7    0.47659  77   1.014E+05  4.494E-09  5.323E-02  2.931E+02  2.931E+02
   0.15592   7    0.48291  78   1.014E+05  4.067E-09  5.323E-02  2.931E+02  2.931E+02
   0.15592   7    0.48922  79   1.013E+05  3.488E-09  5.323E-02  2.931E+02  2.931E+02
   0.15592   7    0.49553  80   1.013E+05  2.719E-09  5.322E-02  2.931E+02  2.931E+02
   0.15592   7    0.50184  81   1.013E+05  2.257E-09  5.322E-02  2.930E+02  2.930E+02
   0.15592   7    0.50500  82   1.013E+05  2.257E-09  5.322E-02  2.930E+02  2.930E+02
   0.18427   8    0.00000   1   1.021E+05 -1.473E-08  6.500E-02  2.930E+02  2.930E+02
   0.18427   8    0.00316   2   1.020E+05 -1.473E-08  6.362E-02  2.930E+02  2.930E+02
   0.18427   8    0.00947   3   1.020E+05 -1.375E-08  6.308E-02  2.930E+02  2.930E+02
   0.18427   8    0.01578   4   1.020E+05 -1.311E-08  6.200E-02  2.930E+02  2.930E+02
   0.18427   8    0.02209   5   1.020E+05 -1.371E-08  6.099E-02  2.930E+02  2.930E+02
   0.18427   8    0.02841   6   1.020E+05 -1.450E-08  6.010E-02  2.930E+02  2.930E+02
   0.18427   8    0.03472   7   1.020E+05 -1.587E-08  5.933E-02  2.931E+02  2.931E+02
   0.18427   8    0.04103   8   1.020E+05 -1.770E-08  5.866E-02  2.931E+02  2.931E+02
   0.18427   8    0.04734   9   1.020E+05 -2.208E-08  5.810E-02  2.932E+02  2.932E+02
   0.18427   8    0.05366  10   1.020E+05 -2.919E-08  5.761E-02  2.933E+02  2.933E+02
   0.18427   8    0.05997  11   1.020E+05 -3.060E-08  5.719E-02  2.935E+02  2.935E+02
   0.18427   8    0.06628  12   1.019E+05 -2.339E-08  5.683E-02  2.938E+02  2.938E+02
   0.18427   8    0.07259  13   1.019E+05 -2.091E-08  5.653E-02  2.943E+02  2.942E+02
   0.18427   8    0.07891  14   1.019E+05 -2.132E-08  5.625E-02  2.950E+02  2.949E+02
   0.18427   8    0.08522  15   1.019E+05  4.795E-09  5.602E-02  2.960E+02  2.959E+02
   0.18427   8    0.09153  16   1.019E+05  2.864E-08  5.582E-02  2.975E+02  2.974E+02
   0.18427   8    0.09784  17   1.019E+05  4.231E-09  5.564E-02  2.996E+02  2.995E+02
   0.18427   8    0.10416  18   1.019E+05 -2.237E-08  5.549E-02  3.025E+02  3.023E+02
   0.18427   8    0.11047  19   1.019E+05 -2.158E-08  5.536E-02  3.063E+02  3.062E+02
   0.18427   8    0.11678  20   1.019E+05 -2.029E-08  5.524E-02  3.113E+02  3.112E+02
   0.18427   8    0.12309  21   1.019E+05 -2.263E-08  5.514E-02  3.177E+02  3.175E+02
   0.18427   8    0.12941  22   1.018E+05 -2.269E-08  5.505E-02  3.255E+02  3.252E+02
   0.18427   8    0.13572  23   1.018E+05 -2.441E-08  5.497E-02  3.347E+02  3.344E+02
   0.18427   8    0.14203  24   1.018E+05 -1.195E-08  5.492E-02  3.453E+02  3.449E+02
   0.18427   8    0.14834  25   1.018E+05 -2.655E-08  5.487E-02  3.571E+02  3.566E+02
   0.18427   8    0.15466  26   1.018E+05 -2.617E-08  5.483E-02  3.697E+02  3.692E+02
   0.18427   8    0.16097  27   1.018E+05 -2.645E-08  5.480E-02  3.826E+02  3.821E+02
   0.18427   8    0.16728  28   1.018E+05 -2.574E-08  5.476E-02  3.954E+02  3.949E+02
   0.18427   8    0.17359  29   1.018E+05 -2.535E-08  5.473E-02  4.074E+02  4.069E+02
   0.18427   8    0.17991  30   1.018E+05 -2.457E-08  5.471E-02  4.181E+02  4.177E+02
   0.18427   8    0.18622  31   1.018E+05 -2.391E-08  5.468E-02  4.270E+02  4.266E+02
   0.18427   8    0.19253  32   1.018E+05 -2.332E-08  5.465E-02  4.336E+02  4.333E+02
   0.18427   8    0.19884  33   1.018E+05 -2.123E-08  5.462E-02  4.376E+02  4.375E+02
   0.18427   8    0.20516  34   1.017E+05 -1.886E-08  5.459E-02  4.390E+02  4.390E+02
   0.18427   8    0.21147  35   1.017E+05 -1.939E-08  5.455E-02  4.377E+02  4.378E+02
   0.18427   8    0.21778  36   1.017E+05 -1.914E-08  5.450E-02  4.339E+02  4.340E+02
   0.18427   8    0.22409  37   1.017E+05 -1.699E-08  5.446E-02  4.279E+02  4.281E+02
   0.18427   8    0.23041  38   1.017E+05 -1.495E-08  5.441E-02  4.200E+02  4.203E+02
   0.18427   8    0.23672  39   1.017E+05 -1.276E-08  5.434E-02  4.106E+02  4.110E+02
   0.18427   8    0.24303  40   1.017E+05 -9.461E-09  5.429E-02  4.003E+02  4.007E+02
   0.18427   8    0.24934  41   1.017E+05 -6.365E-09  5.423E-02  3.894E+02  3.899E+02
   0.18427   8    0.25566  42   1.017E+05 -3.713E-09  5.417E-02  3.784E+02  3.789E+02
   0.18427   8    0.26197  43   1.017E+05 -2.136E-10  5.411E-02  3.677E+02  3.681E+02
   0.18427   8    0.26828  44   1.017E+05  3.248E-09  5.403E-02  3.574E+02  3.578E+02
   0.18427   8    0.27459  45   1.016E+05  6.342E-09  5.397E-02  3.478E+02  3.482E+02
   0.18427   8    0.28091  46   1.016E+05  9.832E-09  5.391E-02  3.391E+02  3.394E+02
   0.18427   8    0.28722  47   1.016E+05  1.321E-08  5.384E-02  3.313E+02  3.316E+02
   0.18427   8    0.29353  48   1.016E+05  1.580E-08  5.378E-02  3.245E+02  3.248E+02
   0.18427   8    0.29984  49   1.016E+05  1.785E-08  5.372E-02  3.186E+02  3.189E+02
   0.18427   8    0.30616  50   1.016E+05  2.000E-08  5.367E-02  3.136E+02  3.138E+02
   0.18427   8    0.31247  51   1.016E+05  2.176E-08  5.362E-02  3.095E+02  3.096E+02
   0.18427   8    0.31878  52   1.016E+05  2.256E-08  5.358E-02  3.060E+02  3.062E+02
   0.18427   8    0.32509  53   1.016E+05  2.290E-08  5.353E-02  3.032E+02  3.034E+02
   0.18427   8    0.33141  54   1.016E+05  2.276E-08  5.350E-02  3.010E+02  3.011E+02
   0.18427   8    0.33772  55   1.016E+05  2.277E-08  5.347E-02  2.992E+02  2.993E+02
   0.18427   8    0.34403  56   1.016E+05  2.246E-08  5.344E-02  2.978E+02  2.978E+02
   0.18427   8    0.35034  57   1.015E+05  2.090E-08  5.342E-02  2.967E+02  2.967E+02
   0.18427   8    0.35666  58   1.015E+05  1.972E-08  5.339E-02  2.958E+02  2.959E+02
   0.18427   8    0.36297  59   1.015E+05  1.840E-08  5.337E-02  2.952E+02  2.952E+02
   0.18427   8    0.36928  60   1.015E+05  1.606E-08  5.335E-02  2.947E+02  2.947E+02
   0.18427   8    0.37559  61   1.015E+05  1.337E-08  5.334E-02  2.943E+02  2.943E+02
   0.18427   8    0.38191  62   1.015E+05  1.061E-08  5.333E-02  2.940E+02  2.940E+02
   0.18427   8    0.38822  63   1.015E+05  6.608E-09  5.331E-02  2.938E+02  2.938E+02
   0.18427   8    0.39453  64   1.015E+05  4.205E-09  5.330E-02  2.936E+02  2.936E+02
   0.18427   8    0.40084  65   1.015E+05 -1.106E-08  5.329E-02  2.935E+02  2.935E+02
   0.18427   8    0.40716  66   1.015E+05  2.761E-09  5.328E-02  2.934E+02  2.934E+02
   0.18427   8    0.41347  67   1.015E+05  3.069E-09  5.327E-02  2.933E+02  2.933E+02
   0.18427   8    0.41978  68   1.014E+05  4.847E-09  5.327E-02  2.933E+02  2.933E+02
   0.18427   8    0.42609  69   1.014E+05  5.172E-09  5.326E-02  2.932E+02  2.932E+02
   0.18427   8    0.43241  70   1.014E+05  5.583E-09  5.325E-02  2.932E+02  2.932E+02
   0.18427   8    0.43872  71   1.014E+05  5.807E-09  5.325E-02  2.932E+02  2.932E+02
   0.18427   8    0.44503  72   1.014E+05  5.524E-09  5.325E-02  2.931E+02  2.931E+02
   0.18427   8    0.45134  73   1.014E+05  5.049E-09  5.324E-02  2.931E+02  2.931E+02
   0.18427   8    0.45766  74   1.014E+05  4.846E-09  5.324E-02  2.931E+02  2.931E+02
   0.18427   8    0.46397  75   1.014E+05  4.547E-09  5.323E-02  2.931E+02  2.931E+02
   0.18427   8    0.47028  76   1.014E+05  4.315E-09  5.323E-02  2.931E+02  2.931E+02
   0.18427   8    0.47659  77   1.014E+05  4.113E-09  5.323E-02  2.931E+02  2.931E+02
   0.18427   8    0.48291  78   1.014E+05  3.436E-09  5.323E-02  2.931E+02  2.931E+02
   0.18427   8    0.48922  79   1.013E+05  2.695E-09  5.323E-02  2.931E+02  2.931E+02
   0.18427   8    0.49553  80   1.013E+05  1.997E-09  5.322E-02  2.931E+02  2.931E+02
   0.18427   8    0.50184  81   1.013E+05  1.687E-09  5.322E-02  2.930E+02  2.930E+02
   0.18427   8    0.50500  82   1.013E+05  1.687E-09  5.322E-02  2.930E+02  2.930E+02
   0.21262   9    0.00000   1   1.021E+05 -1.971E-08  6.500E-02  2.930E+02  2.930E+02
   0.21262   9    0.00316   2   1.020E+05 -1.971E-08  6.362E-02  2.930E+02  2.930E+02
   0.21262   9    0.00947   3   1.020E+05 -2.051E-08  6.308E-02  2.930E+02  2.930E+02
   0.21262   9    0.01578   4   1.020E+05 -2.121E-08  6.200E-02  2.930E+02  2.930E+02
   0.21262   9    0.02209   5   1.020E+05 -2.196E-08  6.099E-02  2.930E+02  2.930E+02
   0.21262   9    0.02841   6   1.020E+05 -2.190E-08  6.010E-02  2.930E+02  2.930E+02
   0.21262   9    0.03472   7   1.020E+05 -2.270E-08  5.933E-02  2.931E+02  2.931E+02
   0.21262   9    0.04103   8   1.020E+05 -2.387E-08  5.866E-02  2.931E+02  2.931E+02
   0.21262   9    0.04734   9   1.020E+05 -2.761E-08  5.810E-02  2.932E+02  2.932E+02
   0.21262   9    0.05366  10   1.020E+05 -3.357E-08  5.761E-02  2.933E+02  2.933E+02
   0.21262   9    0.05997  11   1.020E+05 -3.289E-08  5.719E-02  2.935E+02  2.935E+02
   0.21262   9    0.06628  12   1.019E+05 -2.463E-08  5.683E-02  2.938E+02  2.938E+02
   0.21262   9    0.07259  13   1.019E+05 -1.801E-08  5.653E-02  2.943E+02  2.942E+02
   0.21262   9    0.07891  14   1.019E+05 -1.459E-08  5.625E-02  2.950E+02  2.949E+02
   0.21262   9    0.08522  15   1.019E+05 -1.214E-08  5.602E-02  2.960E+02  2.959E+02
   0.21262   9    0.09153  16   1.019E+05 -1.080E-08  5.582E-02  2.975E+02  2.974E+02
   0.21262   9    0.09784  17   1.019E+05 -1.087E-08  5.564E-02  2.996E+02  2.995E+02
   0.21262   9    0.10416  18   1.019E+05 -1.224E-08  5.549E-02  3.025E+02  3.023E+02
   0.21262   9    0.11047  19   1.019E+05 -1.321E-08  5.536E-02  3.063E+02  3.062E+02
   0.21262   9    0.11678  20   1.019E+05 -1.416E-08  5.524E-02  3.113E+02  3.112E+02
   0.21262   9    0.12309  21   1.019E+05 -1.556E-08  5.514E-02  3.177E+02  3.175E+02
   0.21262   9    0.12941  22   1.018E+05 -1.641E-08  5.505E-02  3.255E+02  3.252E+02
   0.21262   9    0.13572  23   1.018E+05 -1.688E-08  5.497E-02  3.347E+02  3.344E+02
   0.21262   9    0.14203  24   1.018E+05 -1.681E-08  5.492E-02  3.453E+02  3.449E+02
   0.21262   9    0.14834  25   1.018E+05 -1.746E-08  5.487E-02  3.571E+02  3.566E+02
   0.21262   9    0.15466  26   1.018E+05 -1.768E-08  5.483E-02  3.697E+02  3.692E+02
   0.21262   9    0.16097  27   1.018E+05 -1.766E-08  5.480E-02  3.826E+02  3.821E+02
   0.21262   9    0.16728  28   1.018E+05 -1.744E-08  5.476E-02  3.954E+02  3.949E+02
   0.21262   9    0.17359  29   1.018E+05 -1.712E-08  5.473E-02  4.074E+02  4.069E+02
   0.21262   9    0.17991  30   1.018E+05 -1.646E-08  5.471E-02  4.181E+02  4.177E+02
   0.21262   9    0.18622  31   1.018E+05 -1.653E-08  5.468E-02  4.270E+02  4.266E+02
   0.21262   9    0.19253  32   1.018E+05 -1.643E-08  5.465E-02  4.336E+02  4.333E+02
   0.21262   9    0.19884  33   1.018E+05 -1.455E-08  5.462E-02  4.376E+02  4.375E+02
   0.21262   9    0.20516  34   1.017E+05 -1.287E-08  5.459E-02  4.390E+02  4.390E+02
   0.21262   9    0.21147  35   1.017E+05 -1.381E-08  5.455E-02  4.377E+02  4.378E+02
   0.21262   9    0.21778  36   1.017E+05 -1.396E-08  5.450E-02  4.339E+02  4.340E+02
   0.21262   9    0.22409  37   1.017E+05 -1.231E-08  5.446E-02  4.279E+02  4.281E+02
   0.21262   9    0.23041  38   1.017E+05 -1.157E-08  5.441E-02  4.199E+02  4.203E+02
   0.21262   9    0.23672  39   1.017E+05 -1.072E-08  5.434E-02  4.106E+02  4.110E+02
   0.21262   9    0.24303  40   1.017E+05 -8.809E-09  5.429E-02  4.003E+02  4.007E+02
   0.21262   9    0.24934  41   1.017E+05 -6.784E-09  5.423E-02  3.894E+02  3.899E+02
   0.21262   9    0.25566  42   1.017E+05 -5.110E-09  5.417E-02  3.784E+02  3.789E+02
   0.21262   9    0.26197  43   1.017E+05 -3.256E-09  5.411E-02  3.677E+02  3.681E+02
   0.21262   9    0.26828  44   1.017E+05 -1.035E-09  5.403E-02  3.574E+02  3.578E+02
   0.21262   9    0.27459  45   1.016E+05  1.214E-09  5.397E-02  3.478E+02  3.482E+02
   0.21262   9    0.28091  46   1.016E+05  3.453E-09  5.391E-02  3.391E+02  3.394E+02
   0.21262   9    0.28722  47   1.016E+05  5.391E-09  5.384E-02  3.313E+02  3.316E+02
   0.21262   9    0.29353  48   1.016E+05  7.025E-09  5.378E-02  3.245E+02  3.248E+02
   0.21262   9    0.29984  49   1.016E+05  8.401E-09  5.372E-02  3.186E+02  3.189E+02
   0.21262   9    0.30616  50   1.016E+05  1.032E-08  5.367E-02  3.136E+02  3.138E+02
   0.21262   9    0.31247  51   1.016E+05  1.138E-08  5.362E-02  3.095E+02  3.096E+02
   0.21262   9    0.31878  52   1.016E+05  1.106E-08  5.358E-02  3.060E+02  3.062E+02
   0.21262   9    0.32509  53   1.016E+05  1.173E-08  5.353E-02  3.032E+02  3.033E+02
   0.21262   9    0.33141  54   1.016E+05  1.203E-08  5.350E-02  3.010E+02  3.011E+02
   0.21262   9    0.33772  55   1.016E+05  1.130E-08  5.347E-02  2.992E+02  2.993E+02
   0.21262   9    0.34403  56   1.016E+05  1.003E-08  5.344E-02  2.978E+02  2.978E+02
   0.21262   9    0.35034  57   1.015E+05  6.118E-09  5.342E-02  2.967E+02  2.967E+02
   0.21262   9    0.35666  58   1.015E+05  3.339E-09  5.339E-02  2.958E+02  2.959E+02
   0.21262   9    0.36297  59   1.015E+05 -1.153E-08  5.337E-02  2.952E+02  2.952E+02
   0.21262   9    0.36928  60   1.015E+05  2.857E-09  5.335E-02  2.947E+02  2.947E+02
   0.21262   9    0.37559  61   1.015E+05  4.613E-09  5.334E-02  2.943E+02  2.943E+02
   0.21262   9    0.38191  62   1.015E+05  7.251E-09  5.333E-02  2.940E+02  2.940E+02
   0.21262   9    0.38822  63   1.015E+05  8.587E-09  5.331E-02  2.938E+02  2.938E+02
   0.21262   9    0.39453  64   1.015E+05  9.361E-09  5.330E-02  2.936E+02  2.936E+02
   0.21262   9    0.40084  65   1.015E+05  8.963E-09  5.329E-02  2.935E+02  2.935E+02
   0.21262   9    0.40716  66   1.015E+05  8.719E-09  5.328E-02  2.934E+02  2.934E+02
   0.21262   9    0.41347  67   1.015E+05  8.983E-09  5.327E-02  2.933E+02  2.933E+02
   0.21262   9    0.41978  68   1.014E+05  9.002E-09  5.327E-02  2.933E+02  2.933E+02
   0.21262   9    0.42609  69   1.014E+05  7.998E-09  5.326E-02  2.932E+02  2.932E+02
   0.21262   9    0.43241  70   1.014E+05  7.244E-09  5.325E-02  2.932E+02  2.932E+02
   0.21262   9    0.43872  71   1.014E+05  6.531E-09  5.325E-02  2.932E+02  2.932E+02
   0.21262   9    0.44503  72   1.014E+05  5.951E-09  5.325E-02  2.931E+02  2.931E+02
   0.21262   9    0.45134  73   1.014E+05  5.403E-09  5.324E-02  2.931E+02  2.931E+02
   0.21262   9    0.45766  74   1.014E+05  4.861E-09  5.324E-02  2.931E+02  2.931E+02
   0.21262   9    0.46397  75   1.014E+05  3.938E-09  5.323E-02  2.931E+02  2.931E+02
   0.21262   9    0.47028  76   1.014E+05  3.358E-09  5.323E-02  2.931E+02  2.931E+02
   0.21262   9    0.47659  77   1.014E+05  3.181E-09  5.323E-02  2.931E+02  2.931E+02
   0.21262   9    0.48291  78   1.014E+05  2.488E-09  5.323E-02  2.931E+02  2.931E+02
   0.21262   9    0.48922  79   1.013E+05  1.783E-09  5.323E-02  2.931E+02  2.931E+02
   0.21262   9    0.49553  80   1.013E+05  1.013E-09  5.322E-02  2.931E+02  2.931E+02
   0.21262   9    0.50184  81   1.013E+05  5.230E-10  5.322E-02  2.930E+02  2.930E+02
   0.21262   9    0.50500  82   1.013E+05  5.230E-10  5.322E-02  2.930E+02  2.930E+02
   0.24097  10    0.00000   1   1.021E+05 -3.186E-08  6.500E-02  2.930E+02  2.930E+02
   0.24097  10    0.00316   2   1.020E+05 -3.186E-08  6.362E-02  2.930E+02  2.930E+02
   0.24097  10    0.00947   3   1.020E+05 -6.245E-08  6.308E-02  2.930E+02  2.930E+02
   0.24097  10    0.01578   4   1.020E+05 -3.237E-08  6.200E-02  2.930E+02  2.930E+02
   0.24097  10    0.02209   5   1.020E+05 -4.719E-08  6.099E-02  2.930E+02  2.930E+02
   0.24097  10    0.02841   6   1.020E+05 -3.651E-08  6.010E-02  2.930E+02  2.930E+02
   0.24097  10    0.03472   7   1.020E+05 -3.492E-08  5.933E-02  2.931E+02  2.931E+02
   0.24097  10    0.04103   8   1.020E+05 -3.123E-08  5.866E-02  2.931E+02  2.931E+02
   0.24097  10    0.04734   9   1.020E+05 -2.867E-08  5.810E-02  2.932E+02  2.932E+02
   0.24097  10    0.05366  10   1.020E+05 -2.615E-08  5.761E-02  2.933E+02  2.933E+02
   0.24097  10    0.05997  11   1.020E+05 -2.355E-08  5.719E-02  2.935E+02  2.935E+02
   0.24097  10    0.06628  12   1.019E+05 -2.059E-08  5.683E-02  2.938E+02  2.938E+02
   0.24097  10    0.07259  13   1.019E+05 -1.764E-08  5.653E-02  2.943E+02  2.942E+02
   0.24097  10    0.07891  14   1.019E+05 -1.530E-08  5.625E-02  2.950E+02  2.949E+02
   0.24097  10    0.08522  15   1.019E+05 -1.395E-08  5.602E-02  2.960E+02  2.959E+02
   0.24097  10    0.09153  16   1.019E+05 -1.289E-08  5.582E-02  2.975E+02  2.974E+02
   0.24097  10    0.09784  17   1.019E+05 -1.143E-08  5.564E-02  2.996E+02  2.995E+02
   0.24097  10    0.10416  18   1.019E+05 -1.010E-08  5.549E-02  3.025E+02  3.023E+02
   0.24097  10    0.11047  19   1.019E+05 -9.154E-09  5.536E-02  3.063E+02  3.062E+02
   0.24097  10    0.11678  20   1.019E+05 -8.872E-09  5.524E-02  3.113E+02  3.112E+02
   0.24097  10    0.12309  21   1.019E+05 -9.455E-09  5.514E-02  3.177E+02  3.175E+02
   0.24097  10    0.12941  22   1.018E+05 -1.009E-08  5.505E-02  3.255E+02  3.252E+02
   0.24097  10    0.13572  23   1.018E+05 -1.056E-08  5.497E-02  3.347E+02  3.344E+02
   0.24097  10    0.14203  24   1.018E+05 -1.101E-08  5.492E-02  3.453E+02  3.449E+02
   0.24097  10    0.14834  25   1.018E+05 -1.120E-08  5.487E-02  3.571E+02  3.566E+02
   0.24097  10    0.15466  26   1.018E+05 -1.144E-08  5.483E-02  3.697E+02  3.692E+02
   0.24097  10    0.16097  27   1.018E+05 -1.156E-08  5.480E-02  3.826E+02  3.821E+02
   0.24097  10    0.16728  28   1.018E+05 -1.165E-08  5.476E-02  3.954E+02  3.949E+02
   0.24097  10    0.17359  29   1.018E+05 -1.163E-08  5.473E-02  4.074E+02  4.069E+02
   0.24097  10    0.17991  30   1.018E+05 -1.156E-08  5.471E-02  4.181E+02  4.177E+02
   0.24097  10    0.18622  31   1.018E+05 -1.124E-08  5.468E-02  4.270E+02  4.266E+02
   0.24097  10    0.19253  32   1.018E+05 -1.096E-08  5.465E-02  4.336E+02  4.333E+02
   0.24097  10    0.19884  33   1.018E+05 -1.039E-08  5.462E-02  4.376E+02  4.375E+02
   0.24097  10    0.20516  34   1.017E+05 -9.681E-09  5.459E-02  4.390E+02  4.390E+02
   0.24097  10    0.21147  35   1.017E+05 -9.600E-09  5.455E-02  4.377E+02  4.378E+02
   0.24097  10    0.21778  36   1.017E+05 -9.438E-09  5.450E-02  4.339E+02  4.340E+02
   0.24097  10    0.22409  37   1.017E+05 -9.025E-09  5.446E-02  4.279E+02  4.281E+02
   0.24097  10    0.23041  38   1.017E+05 -8.641E-09  5.441E-02  4.199E+02  4.203E+02
   0.24097  10    0.23672  39   1.017E+05 -8.073E-09  5.434E-02  4.106E+02  4.110E+02
   0.24097  10    0.24303  40   1.017E+05 -8.046E-09  5.429E-02  4.003E+02  4.007E+02
   0.24097  10    0.24934  41   1.017E+05 -7.672E-09  5.423E-02  3.894E+02  3.899E+02
   0.24097  10    0.25566  42   1.017E+05 -6.322E-09  5.417E-02  3.784E+02  3.789E+02
   0.24097  10    0.26197  43   1.017E+05 -5.661E-09  5.411E-02  3.677E+02  3.681E+02
   0.24097  10    0.26828  44   1.017E+05 -5.271E-09  5.403E-02  3.574E+02  3.578E+02
   0.24097  10    0.27459  45   1.016E+05 -4.314E-09  5.397E-02  3.478E+02  3.482E+02
   0.24097  10    0.28091  46   1.016E+05 -3.819E-09  5.391E-02  3.391E+02  3.394E+02
   0.24097  10    0.28722  47   1.016E+05 -3.526E-09  5.384E-02  3.313E+02  3.316E+02
   0.24097  10    0.29353  48   1.016E+05 -2.455E-09  5.378E-02  3.245E+02  3.248E+02
   0.24097  10    0.29984  49   1.016E+05 -1.303E-09  5.372E-02  3.186E+02  3.189E+02
   0.24097  10    0.30616  50   1.016E+05 -6.267E-10  5.367E-02  3.136E+02  3.138E+02
   0.24097  10    0.31247  51   1.016E+05 -1.921E-10  5.362E-02  3.095E+02  3.096E+02
   0.24097  10    0.31878  52   1.016E+05  1.307E-10  5.358E-02  3.060E+02  3.062E+02
   0.24097  10    0.32509  53   1.016E+05  5.841E-10  5.353E-02  3.032E+02  3.033E+02
   0.24097  10    0.33141  54   1.016E+05  1.063E-09  5.350E-02  3.010E+02  3.011E+02
   0.24097  10    0.33772  55   1.016E+05  1.584E-09  5.347E-02  2.992E+02  2.993E+02
   0.24097  10    0.34403  56   1.016E+05  1.156E-09  5.344E-02  2.978E+02  2.978E+02
   0.24097  10    0.35034  57   1.015E+05 -1.548E-10  5.342E-02  2.967E+02  2.967E+02
   0.24097  10    0.35666  58   1.015E+05 -1.919E-09  5.339E-02  2.958E+02  2.959E+02
   0.24097  10    0.36297  59   1.015E+05 -6.030E-09  5.337E-02  2.952E+02  2.952E+02
   0.24097  10    0.36928  60   1.015E+05 -8.384E-09  5.335E-02  2.947E+02  2.947E+02
   0.24097  10    0.37559  61   1.015E+05 -2.329E-08  5.334E-02  2.943E+02  2.943E+02
   0.24097  10    0.38191  62   1.015E+05 -8.243E-09  5.333E-02  2.940E+02  2.940E+02
   0.24097  10    0.38822  63   1.015E+05 -6.282E-09  5.331E-02  2.938E+02  2.938E+02
   0.24097  10    0.39453  64   1.015E+05 -3.096E-09  5.330E-02  2.936E+02  2.936E+02
   0.24097  10    0.40084  65   1.015E+05 -1.826E-09  5.329E-02  2.935E+02  2.935E+02
   0.24097  10    0.40716  66   1.015E+05 -8.993E-10  5.328E-02  2.934E+02  2.934E+02
   0.24097  10    0.41347  67   1.015E+05  6.208E-10  5.327E-02  2.933E+02  2.933E+02
   0.24097  10    0.41978  68   1.014E+05  1.608E-09  5.327E-02  2.933E+02  2.933E+02
   0.24097  10    0.42609  69   1.014E+05  1.958E-09  5.326E-02  2.932E+02  2.932E+02
   0.24097  10    0.43241  70   1.014E+05  2.048E-09  5.325E-02  2.932E+02  2.932E+02
   0.24097  10    0.43872  71   1.014E+05  2.198E-09  5.325E-02  2.932E+02  2.932E+02
   0.24097  10    0.44503  72   1.014E+05  2.440E-09  5.325E-02  2.931E+02  2.931E+02
   0.24097  10    0.45134  73   1.014E+05  2.427E-09  5.324E-02  2.931E+02  2.931E+02
   0.24097  10    0.45766  74   1.014E+05  2.196E-09  5.324E-02  2.931E+02  2.931E+02
   0.24097  10    0.46397  75   1.014E+05  1.683E-09  5.323E-02  2.931E+02  2.931E+02
   0.24097  10    0.47028  76   1.014E+05  1.505E-09  5.323E-02  2.931E+02  2.931E+02
   0.24097  10    0.47659  77   1.014E+05  1.196E-09  5.323E-02  2.931E+02  2.931E+02
   0.24097  10    0.48291  78   1.014E+05  1.085E-09  5.323E-02  2.931E+02  2.931E+02
   0.24097  10    0.48922  79   1.013E+05  1.253E-09  5.323E-02  2.931E+02  2.931E+02
   0.24097  10    0.49553  80   1.013E+05  9.318E-10  5.322E-02  2.931E+02  2.931E+02
   0.24097  10    0.50184  81   1.013E+05  6.000E-10  5.322E-02  2.930E+02  2.930E+02
   0.24097  10    0.50500  82   1.013E+05  6.000E-10  5.322E-02  2.930E+02  2.930E+02
   0.26932  11    0.00000   1   1.021E+05 -2.181E-08  6.500E-02  2.930E+02  2.930E+02
   0.26932  11    0.00316   2   1.020E+05 -2.181E-08  6.363E-02  2.930E+02  2.930E+02
   0.26932  11    0.00947   3   1.020E+05 -5.048E-08  6.308E-02  2.930E+02  2.930E+02
   0.26932  11    0.01578   4   1.020E+05 -1.904E-08  6.200E-02  2.930E+02  2.930E+02
   0.26932  11    0.02209   5   1.020E+05 -3.315E-08  6.099E-02  2.930E+02  2.930E+02
   0.26932  11    0.02841   6   1.020E+05 -2.274E-08  6.010E-02  2.930E+02  2.930E+02
   0.26932  11    0.03472   7   1.020E+05 -2.128E-08  5.933E-02  2.931E+02  2.931E+02
   0.26932  11    0.04103   8   1.020E+05 -1.788E-08  5.866E-02  2.931E+02  2.931E+02
   0.26932  11    0.04734   9   1.020E+05 -1.548E-08  5.810E-02  2.932E+02  2.932E+02
   0.26932  11    0.05366  10   1.020E+05 -1.328E-08  5.761E-02  2.933E+02  2.933E+02
   0.26932  11    0.05997  11   1.020E+05 -1.143E-08  5.719E-02  2.935E+02  2.935E+02
   0.26932  11    0.06628  12   1.019E+05 -9.754E-09  5.683E-02  2.938E+02  2.938E+02
   0.26932  11    0.07259  13   1.019E+05 -8.187E-09  5.653E-02  2.943E+02  2.942E+02
   0.26932  11    0.07891  14   1.019E+05 -7.288E-09  5.625E-02  2.950E+02  2.949E+02
   0.26932  11    0.08522  15   1.019E+05 -6.588E-09  5.602E-02  2.960E+02  2.959E+02
   0.26932  11    0.09153  16   1.019E+05 -5.919E-09  5.582E-02  2.975E+02  2.974E+02
   0.26932  11    0.09784  17   1.019E+05 -5.530E-09  5.564E-02  2.996E+02  2.995E+02
   0.26932  11    0.10416  18   1.019E+05 -4.764E-09  5.549E-02  3.025E+02  3.023E+02
   0.26932  11    0.11047  19   1.019E+05 -3.884E-09  5.536E-02  3.063E+02  3.062E+02
   0.26932  11    0.11678  20   1.019E+05 -3.490E-09  5.524E-02  3.113E+02  3.112E+02
   0.26932  11    0.12309  21   1.019E+05 -4.134E-09  5.514E-02  3.177E+02  3.175E+02
   0.26932  11    0.12941  22   1.018E+05 -4.897E-09  5.505E-02  3.255E+02  3.252E+02
   0.26932  11    0.13572  23   1.018E+05 -5.326E-09  5.497E-02  3.347E+02  3.344E+02
   0.26932  11    0.14203  24   1.018E+05 -5.856E-09  5.492E-02  3.453E+02  3.449E+02
   0.26932  11    0.14834  25   1.018E+05 -5.798E-09  5.487E-02  3.571E+02  3.566E+02
   0.26932  11    0.15466  26   1.018E+05 -5.907E-09  5.483E-02  3.697E+02  3.692E+02
   0.26932  11    0.16097  27   1.018E+05 -6.206E-09  5.480E-02  3.826E+02  3.821E+02
   0.26932  11    0.16728  28   1.018E+05 -5.987E-09  5.476E-02  3.954E+02  3.949E+02
   0.26932  11    0.17359  29   1.018E+05 -5.657E-09  5.473E-02  4.074E+02  4.069E+02
   0.26932  11    0.17991  30   1.018E+05 -5.494E-09  5.471E-02  4.181E+02  4.177E+02
   0.26932  11    0.18622  31   1.018E+05 -5.135E-09  5.468E-02  4.270E+02  4.266E+02
   0.26932  11    0.19253  32   1.018E+05 -5.220E-09  5.465E-02  4.336E+02  4.333E+02
   0.26932  11    0.19884  33   1.018E+05 -4.818E-09  5.462E-02  4.376E+02  4.375E+02
   0.26932  11    0.20516  34   1.017E+05 -4.154E-09  5.459E-02  4.390E+02  4.390E+02
   0.26932  11    0.21147  35   1.017E+05 -4.250E-09  5.455E-02  4.377E+02  4.378E+02
   0.26932  11    0.21778  36   1.017E+05 -4.440E-09  5.450E-02  4.339E+02  4.340E+02
   0.26932  11    0.22409  37   1.017E+05 -4.291E-09  5.446E-02  4.279E+02  4.281E+02
   0.26932  11    0.23041  38   1.017E+05 -4.134E-09  5.441E-02  4.199E+02  4.203E+02
   0.26932  11    0.23672  39   1.017E+05 -3.919E-09  5.434E-02  4.106E+02  4.110E+02
   0.26932  11    0.24303  40   1.017E+05 -3.978E-09  5.429E-02  4.003E+02  4.007E+02
   0.26932  11    0.24934  41   1.017E+05 -4.060E-09  5.423E-02  3.894E+02  3.899E+02
   0.26932  11    0.25566  42   1.017E+05 -3.626E-09  5.417E-02  3.784E+02  3.789E+02
   0.26932  11    0.26197  43   1.017E+05 -3.509E-09  5.411E-02  3.677E+02  3.681E+02
   0.26932  11    0.26828  44   1.017E+05 -3.778E-09  5.403E-02  3.574E+02  3.578E+02
   0.26932  11    0.27459  45   1.016E+05 -3.870E-09  5.397E-02  3.478E+02  3.482E+02
   0.26932  11    0.28091  46   1.016E+05 -4.238E-09  5.391E-02  3.391E+02  3.394E+02
   0.26932  11    0.28722  47   1.016E+05 -4.809E-09  5.384E-02  3.313E+02  3.316E+02
   0.26932  11    0.29353  48   1.016E+05 -4.729E-09  5.378E-02  3.245E+02  3.248E+02
   0.26932  11    0.29984  49   1.016E+05 -4.291E-09  5.372E-02  3.186E+02  3.189E+02
   0.26932  11    0.30616  50   1.016E+05 -4.502E-09  5.367E-02  3.136E+02  3.138E+02
   0.26932  11    0.31247  51   1.016E+05 -4.330E-09  5.362E-02  3.095E+02  3.096E+02
   0.26932  11    0.31878  52   1.016E+05 -3.909E-09  5.358E-02  3.060E+02  3.062E+02
   0.26932  11    0.32509  53   1.016E+05 -4.871E-09  5.353E-02  3.032E+02  3.033E+02
   0.26932  11    0.33141  54   1.016E+05 -5.732E-09  5.350E-02  3.010E+02  3.011E+02
   0.26932  11    0.33772  55   1.016E+05 -5.877E-09  5.347E-02  2.992E+02  2.993E+02
   0.26932  11    0.34403  56   1.016E+05 -6.746E-09  5.344E-02  2.978E+02  2.978E+02
   0.26932  11    0.35034  57   1.015E+05 -8.293E-09  5.342E-02  2.967E+02  2.967E+02
   0.26932  11    0.35666  58   1.015E+05 -1.020E-08  5.339E-02  2.958E+02  2.959E+02
   0.26932  11    0.36297  59   1.015E+05 -1.387E-08  5.337E-02  2.952E+02  2.952E+02
   0.26932  11    0.36928  60   1.015E+05 -1.616E-08  5.335E-02  2.947E+02  2.947E+02
   0.26932  11    0.37559  61   1.015E+05 -3.120E-08  5.334E-02  2.943E+02  2.943E+02
   0.26932  11    0.38191  62   1.015E+05 -1.558E-08  5.333E-02  2.940E+02  2.940E+02
   0.26932  11    0.38822  63   1.015E+05 -1.308E-08  5.331E-02  2.938E+02  2.938E+02
   0.26932  11    0.39453  64   1.015E+05 -9.318E-09  5.330E-02  2.936E+02  2.936E+02
   0.26932  11    0.40084  65   1.015E+05 -6.755E-09  5.329E-02  2.935E+02  2.935E+02
   0.26932  11    0.40716  66   1.015E+05 -4.739E-09  5.328E-02  2.934E+02  2.934E+02
   0.26932  11    0.41347  67   1.015E+05 -3.334E-09  5.327E-02  2.933E+02  2.933E+02
   0.26932  11    0.41978  68   1.014E+05 -2.803E-09  5.326E-02  2.933E+02  2.933E+02
   0.26932  11    0.42609  69   1.014E+05 -2.203E-09  5.326E-02  2.932E+02  2.932E+02
   0.26932  11    0.43241  70   1.014E+05 -1.424E-09  5.325E-02  2.932E+02  2.932E+02
   0.26932  11    0.43872  71   1.014E+05 -4.613E-10  5.325E-02  2.932E+02  2.932E+02
   0.26932  11    0.44503  72   1.014E+05 -1.354E-10  5.325E-02  2.931E+02  2.931E+02
   0.26932  11    0.45134  73   1.014E+05 -2.147E-10  5.324E-02  2.931E+02  2.931E+02
   0.26932  11    0.45766  74   1.014E+05  1.232E-10  5.324E-02  2.931E+02  2.931E+02
   0.26932  11    0.46397  75   1.014E+05  8.036E-11  5.323E-02  2.931E+02  2.931E+02
   0.26932  11    0.47028  76   1.014E+05  3.176E-10  5.323E-02  2.931E+02  2.931E+02
   0.26932  11    0.47659  77   1.014E+05  3.473E-10  5.323E-02  2.931E+02  2.931E+02
   0.26932  11    0.48291  78   1.014E+05  3.185E-10  5.323E-02  2.931E+02  2.931E+02
   0.26932  11    0.48922  79   1.013E+05  7.073E-10  5.323E-02  2.931E+02  2.931E+02
   0.26932  11    0.49553  80   1.013E+05  8.314E-10  5.322E-02  2.931E+02  2.931E+02
   0.26932  11    0.50184  81   1.013E+05  8.397E-10  5.322E-02  2.930E+02  2.930E+02
   0.26932  11    0.50500  82   1.013E+05  8.397E-10  5.322E-02  2.930E+02  2.930E+02
   0.28350  12    0.00000   1   1.021E+05 -2.181E-08  6.500E-02  2.930E+02  2.930E+02
   0.28350  12    0.00316   2   1.020E+05  0.000E+00  0.000E+00  2.930E+02  2.930E+02
   0.28350  12    0.00947   3   1.020E+05  0.000E+00  0.000E+00  2.930E+02  2.930E+02
   0.28350  12    0.01578   4   1.020E+05  0.000E+00  0.000E+00  2.930E+02  2.930E+02
   0.28350  12    0.02209   5   1.020E+05  0.000E+00  0.000E+00  2.930E+02  2.930E+02
   0.28350  12    0.02841   6   1.020E+05  0.000E+00  0.000E+00  2.930E+02  2.930E+02
   0.28350  12    0.03472   7   1.020E+05  0.000E+00  0.000E+00  2.931E+02  2.931E+02
   0.28350  12    0.04103   8   1.020E+05  0.000E+00  0.000E+00  2.931E+02  2.931E+02
   0.28350  12    0.04734   9   1.020E+05  0.000E+00  0.000E+00  2.932E+02  2.932E+02
   0.28350  12    0.05366  10   1.020E+05  0.000E+00  0.000E+00  2.933E+02  2.933E+02
   0.28350  12    0.05997  11   1.020E+05  0.000E+00  0.000E+00  2.935E+02  2.935E+02
   0.28350  12    0.06628  12   1.019E+05  0.000E+00  0.000E+00  2.938E+02  2.938E+02
   0.28350  12    0.07259  13   1.019E+05  0.000E+00  0.000E+00  2.943E+02  2.942E+02
   0.28350  12    0.07891  14   1.019E+05  0.000E+00  0.000E+00  2.950E+02  2.949E+02
   0.28350  12    0.08522  15   1.019E+05  0.000E+00  0.000E+00  2.960E+02  2.959E+02
   0.28350  12    0.09153  16   1.019E+05  0.000E+00  0.000E+00  2.975E+02  2.974E+02
   0.28350  12    0.09784  17   1.019E+05  0.000E+00  0.000E+00  2.996E+02  2.995E+02
   0.28350  12    0.10416  18   1.019E+05  0.000E+00  0.000E+00  3.025E+02  3.023E+02
   0.28350  12    0.11047  19   1.019E+05  0.000E+00  0.000E+00  3.063E+02  3.062E+02
   0.28350  12    0.11678  20   1.019E+05  0.000E+00  0.000E+00  3.113E+02  3.112E+02
   0.28350  12    0.12309  21   1.019E+05  0.000E+00  0.000E+00  3.177E+02  3.175E+02
   0.28350  12    0.12941  22   1.018E+05  0.000E+00  0.000E+00  3.255E+02  3.252E+02
   0.28350  12    0.13572  23   1.018E+05  0.000E+00  0.000E+00  3.347E+02  3.344E+02
   0.28350  12    0.14203  24   1.018E+05  0.000E+00  0.000E+00  3.453E+02  3.449E+02
   0.28350  12    0.14834  25   1.018E+05  0.000E+00  0.000E+00  3.571E+02  3.566E+02
   0.28350  12    0.15466  26   1.018E+05  0.000E+00  0.000E+00  3.697E+02  3.692E+02
   0.28350  12    0.16097  27   1.018E+05  0.000E+00  0.000E+00  3.826E+02  3.821E+02
   0.28350  12    0.16728  28   1.018E+05  0.000E+00  0.000E+00  3.954E+02  3.949E+02
   0.28350  12    0.17359  29   1.018E+05  0.000E+00  0.000E+00  4.074E+02  4.069E+02
   0.28350  12    0.17991  30   1.018E+05  0.000E+00  0.000E+00  4.181E+02  4.177E+02
   0.28350  12    0.18622  31   1.018E+05  0.000E+00  0.000E+00  4.270E+02  4.266E+02
   0.28350  12    0.19253  32   1.018E+05  0.000E+00  0.000E+00  4.336E+02  4.333E+02
   0.28350  12    0.19884  33   1.018E+05  0.000E+00  0.000E+00  4.376E+02  4.375E+02
   0.28350  12    0.20516  34   1.017E+05  0.000E+00  0.000E+00  4.390E+02  4.390E+02
   0.28350  12    0.21147  35   1.017E+05  0.000E+00  0.000E+00  4.377E+02  4.378E+02
   0.28350  12    0.21778  36   1.017E+05  0.000E+00  0.000E+00  4.339E+02  4.340E+02
   0.28350  12    0.22409  37   1.017E+05  0.000E+00  0.000E+00  4.279E+02  4.281E+02
   0.28350  12    0.23041  38   1.017E+05  0.000E+00  0.000E+00  4.199E+02  4.203E+02
   0.28350  12    0.23672  39   1.017E+05  0.000E+00  0.000E+00  4.106E+02  4.110E+02
   0.28350  12    0.24303  40   1.017E+05  0.000E+00  0.000E+00  4.003E+02  4.007E+02
   0.28350  12    0.24934  41   1.017E+05  0.000E+00  0.000E+00  3.894E+02  3.899E+02
   0.28350  12    0.25566  42   1.017E+05  0.000E+00  0.000E+00  3.784E+02  3.789E+02
   0.28350  12    0.26197  43   1.017E+05  0.000E+00  0.000E+00  3.677E+02  3.681E+02
   0.28350  12    0.26828  44   1.017E+05  0.000E+00  0.000E+00  3.574E+02  3.578E+02
   0.28350  12    0.27459  45   1.016E+05  0.000E+00  0.000E+00  3.478E+02  3.482E+02
   0.28350  12    0.28091  46   1.016E+05  0.000E+00  0.000E+00  3.391E+02  3.394E+02
   0.28350  12    0.28722  47   1.016E+05  0.000E+00  0.000E+00  3.313E+02  3.316E+02
   0.28350  12    0.29353  48   1.016E+05  0.000E+00  0.000E+00  3.245E+02  3.248E+02
   0.28350  12    0.29984  49   1.016E+05  0.000E+00  0.000E+00  3.186E+02  3.189E+02
   0.28350  12    0.30616  50   1.016E+05  0.000E+00  0.000E+00  3.136E+02  3.138E+02
   0.28350  12    0.31247  51   1.016E+05  0.000E+00  0.000E+00  3.095E+02  3.096E+02
   0.28350  12    0.31878  52   1.016E+05  0.000E+00  0.000E+00  3.060E+02  3.062E+02
   0.28350  12    0.32509  53   1.016E+05  0.000E+00  0.000E+00  3.032E+02  3.033E+02
   0.28350  12    0.33141  54   1.016E+05  0.000E+00  0.000E+00  3.010E+02  3.011E+02
   0.28350  12    0.33772  55   1.016E+05  0.000E+00  0.000E+00  2.992E+02  2.993E+02
   0.28350  12    0.34403  56   1.016E+05  0.000E+00  0.000E+00  2.978E+02  2.978E+02
   0.28350  12    0.35034  57   1.015E+05  0.000E+00  0.000E+00  2.967E+02  2.967E+02
   0.28350  12    0.35666  58   1.015E+05  0.000E+00  0.000E+00  2.958E+02  2.959E+02
   0.28350  12    0.36297  59   1.015E+05  0.000E+00  0.000E+00  2.952E+02  2.952E+02
   0.28350  12    0.36928  60   1.015E+05  0.000E+00  0.000E+00  2.947E+02  2.947E+02
   0.28350  12    0.37559  61   1.015E+05  0.000E+00  0.000E+00  2.943E+02  2.943E+02
   0.28350  12    0.38191  62   1.015E+05  0.000E+00  0.000E+00  2.940E+02  2.940E+02
   0.28350  12    0.38822  63   1.015E+05  0.000E+00  0.000E+00  2.938E+02  2.938E+02
   0.28350  12    0.39453  64   1.015E+05  0.000E+00  0.000E+00  2.936E+02  2.936E+02
   0.28350  12    0.40084  65   1.015E+05  0.000E+00  0.000E+00  2.935E+02  2.935E+02
   0.28350  12    0.40716  66   1.015E+05  0.000E+00  0.000E+00  2.934E+02  2.934E+02
   0.28350  12    0.41347  67   1.015E+05  0.000E+00  0.000E+00  2.933E+02  2.933E+02
   0.28350  12    0.41978  68   1.014E+05  0.000E+00  0.000E+00  2.933E+02  2.933E+02
   0.28350  12    0.42609  69   1.014E+05  0.000E+00  0.000E+00  2.932E+02  2.932E+02
   0.28350  12    0.43241  70   1.014E+05  0.000E+00  0.000E+00  2.932E+02  2.932E+02
   0.28350  12    0.43872  71   1.014E+05  0.000E+00  0.000E+00  2.932E+02  2.932E+02
   0.28350  12    0.44503  72   1.014E+05  0.000E+00  0.000E+00  2.931E+02  2.931E+02
   0.28350  12    0.45134  73   1.014E+05  0.000E+00  0.000E+00  2.931E+02  2.931E+02
   0.28350  12    0.45766  74   1.014E+05  0.000E+00  0.000E+00  2.931E+02  2.931E+02
   0.28350  12    0.46397  75   1.014E+05  0.000E+00  0.000E+00  2.931E+02  2.931E+02
   0.28350  12    0.47028  76   1.014E+05  0.000E+00  0.000E+00  2.931E+02  2.931E+02
   0.28350  12    0.47659  77   1.014E+05  0.000E+00  0.000E+00  2.931E+02  2.931E+02
   0.28350  12    0.48291  78   1.014E+05  0.000E+00  0.000E+00  2.931E+02  2.931E+02
   0.28350  12    0.48922  79   1.013E+05  0.000E+00  0.000E+00  2.931E+02  2.931E+02
   0.28350  12    0.49553  80   1.013E+05  0.000E+00  0.000E+00  2.931E+02  2.931E+02
   0.28350  12    0.50184  81   1.013E+05  0.000E+00  0.000E+00  2.930E+02  2.930E+02
   0.28350  12    0.50500  82   1.013E+05  8.397E-10  5.322E-02  2.930E+02  2.930E+02
