# xp i yp j p u v ts tf
   0.00000   1    0.00000   1   1.013E+05  0.000E+00  0.000E+00  3.000E+02  2.930E+02
   0.00000   1    0.00316   2   1.013E+05  0.000E+00  0.000E+00  3.000E+02  2.930E+02
   0.00000   1    0.00947   3   1.013E+05  0.000E+00  0.000E+00  3.000E+02  2.930E+02
   0.00000   1    0.01578   4   1.013E+05  0.000E+00  0.000E+00  3.000E+02  2.930E+02
   0.00000   1    0.02209   5   1.013E+05  0.000E+00  0.000E+00  3.000E+02  2.930E+02
   0.00000   1    0.02841   6   1.013E+05  0.000E+00  0.000E+00  3.000E+02  2.930E+02
   0.00000   1    0.03472   7   1.013E+05  0.000E+00  0.000E+00  3.000E+02  2.930E+02
   0.00000   1    0.04103   8   1.013E+05  0.000E+00  0.000E+00  3.000E+02  2.930E+02
   0.00000   1    0.04734   9   1.013E+05  0.000E+00  0.000E+00  3.000E+02  2.930E+02
   0.00000   1    0.05366  10   1.013E+05  0.000E+00  0.000E+00  3.000E+02  2.930E+02
   0.00000   1    0.05997  11   1.013E+05  0.000E+00  0.000E+00  3.000E+02  2.930E+02
   0.00000   1    0.06628  12   1.013E+05  0.000E+00  0.000E+00  3.000E+02  2.930E+02
   0.00000   1    0.07259  13   1.013E+05  0.000E+00  0.000E+00  3.000E+02  2.930E+02
   0.00000   1    0.07891  14   1.013E+05  0.000E+00  0.000E+00  3.000E+02  2.930E+02
   0.00000   1    0.08522  15   1.013E+05  0.000E+00  0.000E+00  3.000E+02  2.930E+02
   0.00000   1    0.09153  16   1.013E+05  0.000E+00  0.000E+00  3.000E+02  2.930E+02
   0.00000   1    0.09784  17   1.013E+05  0.000E+00  0.000E+00  3.000E+02  2.930E+02
   0.00000   1    0.10416  18   1.013E+05  0.000E+00  0.000E+00  3.000E+02  2.930E+02
   0.00000   1    0.11047  19   1.013E+05  0.000E+00  0.000E+00  3.000E+02  2.930E+02
   0.00000   1    0.11678  20   1.013E+05  0.000E+00  0.000E+00  3.000E+02  2.930E+02
   0.00000   1    0.12309  21   1.013E+05  0.000E+00  0.000E+00  3.000E+02  2.930E+02
   0.00000   1    0.12941  22   1.013E+05  0.000E+00  0.000E+00  3.000E+02  2.930E+02
   0.00000   1    0.13572  23   1.013E+05  0.000E+00  0.000E+00  3.000E+02  2.930E+02
   0.00000   1    0.14203  24   1.013E+05  0.000E+00  0.000E+00  3.000E+02  2.930E+02
   0.00000   1    0.14834  25   1.013E+05  0.000E+00  0.000E+00  3.000E+02  2.930E+02
   0.00000   1    0.15466  26   1.013E+05  0.000E+00  0.000E+00  3.000E+02  2.930E+02
   0.00000   1    0.16097  27   1.013E+05  0.000E+00  0.000E+00  3.000E+02  2.930E+02
   0.00000   1    0.16728  28   1.013E+05  0.000E+00  0.000E+00  3.000E+02  2.930E+02
   0.00000   1    0.17359  29   1.013E+05  0.000E+00  0.000E+00  3.000E+02  2.930E+02
   0.00000   1    0.17991  30   1.013E+05  0.000E+00  0.000E+00  3.000E+02  2.930E+02
   0.00000   1    0.18622  31   1.013E+05  0.000E+00  0.000E+00  3.000E+02  2.930E+02
   0.00000   1    0.19253  32   1.013E+05  0.000E+00  0.000E+00  3.000E+02  2.930E+02
   0.00000   1    0.19884  33   1.013E+05  0.000E+00  0.000E+00  3.000E+02  2.930E+02
   0.00000   1    0.20516  34   1.013E+05  0.000E+00  0.000E+00  3.000E+02  2.930E+02
   0.00000   1    0.21147  35   1.013E+05  0.000E+00  0.000E+00  3.000E+02  2.930E+02
   0.00000   1    0.21778  36   1.013E+05  0.000E+00  0.000E+00  3.000E+02  2.930E+02
   0.00000   1    0.22409  37   1.013E+05  0.000E+00  0.000E+00  3.000E+02  2.930E+02
   0.00000   1    0.23041  38   1.013E+05  0.000E+00  0.000E+00  3.000E+02  2.930E+02
   0.00000   1    0.23672  39   1.013E+05  0.000E+00  0.000E+00  3.000E+02  2.930E+02
   0.00000   1    0.24303  40   1.013E+05  0.000E+00  0.000E+00  3.000E+02  2.930E+02
   0.00000   1    0.24934  41   1.013E+05  0.000E+00  0.000E+00  3.000E+02  2.930E+02
   0.00000   1    0.25566  42   1.013E+05  0.000E+00  0.000E+00  3.000E+02  2.930E+02
   0.00000   1    0.26197  43   1.013E+05  0.000E+00  0.000E+00  3.000E+02  2.930E+02
   0.00000   1    0.26828  44   1.013E+05  0.000E+00  0.000E+00  3.000E+02  2.930E+02
   0.00000   1    0.27459  45   1.013E+05  0.000E+00  0.000E+00  3.000E+02  2.930E+02
   0.00000   1    0.28091  46   1.013E+05  0.000E+00  0.000E+00  3.000E+02  2.930E+02
   0.00000   1    0.28722  47   1.013E+05  0.000E+00  0.000E+00  3.000E+02  2.930E+02
   0.00000   1    0.29353  48   1.013E+05  0.000E+00  0.000E+00  3.000E+02  2.930E+02
   0.00000   1    0.29984  49   1.013E+05  0.000E+00  0.000E+00  3.000E+02  2.930E+02
   0.00000   1    0.30616  50   1.013E+05  0.000E+00  0.000E+00  3.000E+02  2.930E+02
   0.00000   1    0.31247  51   1.013E+05  0.000E+00  0.000E+00  3.000E+02  2.930E+02
   0.00000   1    0.31878  52   1.013E+05  0.000E+00  0.000E+00  3.000E+02  2.930E+02
   0.00000   1    0.32509  53   1.013E+05  0.000E+00  0.000E+00  3.000E+02  2.930E+02
   0.00000   1    0.33141  54   1.013E+05  0.000E+00  0.000E+00  3.000E+02  2.930E+02
   0.00000   1    0.33772  55   1.013E+05  0.000E+00  0.000E+00  3.000E+02  2.930E+02
   0.00000   1    0.34403  56   1.013E+05  0.000E+00  0.000E+00  3.000E+02  2.930E+02
   0.00000   1    0.35034  57   1.013E+05  0.000E+00  0.000E+00  3.000E+02  2.930E+02
   0.00000   1    0.35666  58   1.013E+05  0.000E+00  0.000E+00  3.000E+02  2.930E+02
   0.00000   1    0.36297  59   1.013E+05  0.000E+00  0.000E+00  3.000E+02  2.930E+02
   0.00000   1    0.36928  60   1.013E+05  0.000E+00  0.000E+00  3.000E+02  2.930E+02
   0.00000   1    0.37559  61   1.013E+05  0.000E+00  0.000E+00  3.000E+02  2.930E+02
   0.00000   1    0.38191  62   1.013E+05  0.000E+00  0.000E+00  3.000E+02  2.930E+02
   0.00000   1    0.38822  63   1.013E+05  0.000E+00  0.000E+00  3.000E+02  2.930E+02
   0.00000   1    0.39453  64   1.013E+05  0.000E+00  0.000E+00  3.000E+02  2.930E+02
   0.00000   1    0.40084  65   1.013E+05  0.000E+00  0.000E+00  3.000E+02  2.930E+02
   0.00000   1    0.40716  66   1.013E+05  0.000E+00  0.000E+00  3.000E+02  2.930E+02
   0.00000   1    0.41347  67   1.013E+05  0.000E+00  0.000E+00  3.000E+02  2.930E+02
   0.00000   1    0.41978  68   1.013E+05  0.000E+00  0.000E+00  3.000E+02  2.930E+02
   0.00000   1    0.42609  69   1.013E+05  0.000E+00  0.000E+00  3.000E+02  2.930E+02
   0.00000   1    0.43241  70   1.013E+05  0.000E+00  0.000E+00  3.000E+02  2.930E+02
   0.00000   1    0.43872  71   1.013E+05  0.000E+00  0.000E+00  3.000E+02  2.930E+02
   0.00000   1    0.44503  72   1.013E+05  0.000E+00  0.000E+00  3.000E+02  2.930E+02
   0.00000   1    0.45134  73   1.013E+05  0.000E+00  0.000E+00  3.000E+02  2.930E+02
   0.00000   1    0.45766  74   1.013E+05  0.000E+00  0.000E+00  3.000E+02  2.930E+02
   0.00000   1    0.46397  75   1.013E+05  0.000E+00  0.000E+00  3.000E+02  2.930E+02
   0.00000   1    0.47028  76   1.013E+05  0.000E+00  0.000E+00  3.000E+02  2.930E+02
   0.00000   1    0.47659  77   1.013E+05  0.000E+00  0.000E+00  3.000E+02  2.930E+02
   0.00000   1    0.48291  78   1.013E+05  0.000E+00  0.000E+00  3.000E+02  2.930E+02
   0.00000   1    0.48922  79   1.013E+05  0.000E+00  0.000E+00  3.000E+02  2.930E+02
   0.00000   1    0.49553  80   1.013E+05  0.000E+00  0.000E+00  3.000E+02  2.930E+02
   0.00000   1    0.50184  81   1.013E+05  0.000E+00  0.000E+00  3.000E+02  2.930E+02
   0.00000   1    0.50500  82   1.013E+05  0.000E+00  0.000E+00  3.000E+02  2.930E+02
   0.01417   2    0.00000   1   1.013E+05  0.000E+00  0.000E+00  3.000E+02  2.991E+02
   0.01417   2    0.00316   2   1.013E+05  7.431E-03 -1.917E-01  3.000E+02  2.991E+02
   0.01417   2    0.00947   3   1.013E+05  4.805E-02 -6.955E-02  3.000E+02  2.991E+02
   0.01417   2    0.01578   4   1.013E+05  3.635E-02 -4.804E-02  3.000E+02  2.991E+02
   0.01417   2    0.02209   5   1.013E+05  2.939E-02 -4.587E-02  3.000E+02  2.992E+02
   0.01417   2    0.02841   6   1.013E+05  4.103E-02 -5.277E-02  3.000E+02  2.992E+02
   0.01417   2    0.03472   7   1.013E+05  3.575E-02 -4.412E-02  3.000E+02  2.992E+02
   0.01417   2    0.04103   8   1.013E+05  3.017E-02 -3.640E-02  3.000E+02  2.992E+02
   0.01417   2    0.04734   9   1.013E+05  2.593E-02 -4.042E-02  3.000E+02  2.992E+02
   0.01417   2    0.05366  10   1.013E+05  1.688E-02 -5.218E-02  3.000E+02  2.992E+02
   0.01417   2    0.05997  11   1.013E+05  1.605E-02 -6.167E-02  3.000E+02  2.992E+02
   0.01417   2    0.06628  12   1.013E+05  1.637E-02 -5.975E-02  3.000E+02  2.992E+02
   0.01417   2    0.07259  13   1.013E+05  1.617E-02 -5.742E-02  3.000E+02  2.992E+02
   0.01417   2    0.07891  14   1.013E+05  1.570E-02 -5.851E-02  3.000E+02  2.992E+02
   0.01417   2    0.08522  15   1.013E+05  1.503E-02 -6.031E-02  3.000E+02  2.992E+02
   0.01417   2    0.09153  16   1.013E+05  1.426E-02 -6.545E-02  3.000E+02  2.992E+02
   0.01417   2    0.09784  17   1.013E+05  1.331E-02 -7.580E-02  3.000E+02  2.992E+02
   0.01417   2    0.10416  18   1.013E+05  1.191E-02 -8.393E-02  3.000E+02  3.002E+02
   0.01417   2    0.11047  19   1.013E+05  1.069E-02 -8.189E-02  3.000E+02  3.002E+02
   0.01417   2    0.11678  20   1.013E+05  9.278E-03 -8.064E-02  3.000E+02  3.001E+02
   0.01417   2    0.12309  21   1.013E+05  8.495E-03 -8.656E-02  3.000E+02  3.001E+02
   0.01417   2    0.12941  22   1.013E+05  1.288E-02 -9.159E-02  3.000E+02  3.001E+02
   0.01417   2    0.13572  23   1.013E+05  1.120E-02 -8.837E-02  3.000E+02  3.001E+02
   0.01417   2    0.14203  24   1.013E+05  8.997E-03 -8.416E-02  3.000E+02  3.001E+02
   0.01417   2    0.14834  25   1.013E+05  7.475E-03 -8.230E-02  3.000E+02  3.000E+02
   0.01417   2    0.15466  26   1.013E+05  6.243E-03 -8.103E-02  3.000E+02  3.000E+02
   0.01417   2    0.16097  27   1.013E+05  5.082E-03 -7.999E-02  3.000E+02  3.000E+02
   0.01417   2    0.16728  28   1.013E+05  3.951E-03 -7.922E-02  3.000E+02  3.000E+02
   0.01417   2    0.17359  29   1.013E+05  2.875E-03 -7.843E-02  3.000E+02  3.000E+02
   0.01417   2    0.17991  30   1.013E+05  1.938E-03 -7.730E-02  3.000E+02  3.000E+02
   0.01417   2    0.18622  31   1.013E+05  1.088E-03 -7.558E-02  3.000E+02  3.000E+02
   0.01417   2    0.19253  32   1.013E+05  2.814E-04 -7.348E-02  3.000E+02  3.000E+02
   0.01417   2    0.19884  33   1.013E+05 -4.291E-04 -7.130E-02  3.000E+02  3.001E+02
   0.01417   2    0.20516  34   1.013E+05 -1.019E-03 -6.906E-02  3.000E+02  3.001E+02
   0.01417   2    0.21147  35   1.013E+05 -1.447E-03 -6.661E-02  3.000E+02  3.001E+02
   0.01417   2    0.21778  36   1.013E+05 -1.776E-03 -6.381E-02  3.000E+02  3.001E+02
   0.01417   2    0.22409  37   1.013E+05 -2.079E-03 -6.073E-02  3.000E+02  3.001E+02
   0.01417   2    0.23041  38   1.013E+05 -2.332E-03 -5.738E-02  3.000E+02  3.001E+02
   0.01417   2    0.23672  39   1.013E+05 -2.491E-03 -5.423E-02  3.000E+02  3.001E+02
   0.01417   2    0.24303  40   1.013E+05 -2.535E-03 -5.221E-02  3.000E+02  3.001E+02
   0.01417   2    0.24934  41   1.013E+05 -2.517E-03 -5.134E-02  3.000E+02  3.001E+02
   0.01417   2    0.25566  42   1.013E+05 -2.533E-03 -5.087E-02  3.000E+02  3.000E+02
   0.01417   2    0.26197  43   1.013E+05 -2.603E-03 -5.035E-02  3.000E+02  3.000E+02
   0.01417   2    0.26828  44   1.013E+05 -2.719E-03 -4.954E-02  3.000E+02  3.000E+02
   0.01417   2    0.27459  45   1.013E+05 -2.864E-03 -4.844E-02  3.000E+02  3.000E+02
   0.01417   2    0.28091  46   1.013E+05 -3.009E-03 -4.722E-02  3.000E+02  3.001E+02
   0.01417   2    0.28722  47   1.013E+05 -3.136E-03 -4.602E-02  3.000E+02  3.001E+02
   0.01417   2    0.29353  48   1.013E+05 -3.232E-03 -4.496E-02  3.000E+02  3.001E+02
   0.01417   2    0.29984  49   1.013E+05 -3.288E-03 -4.403E-02  3.000E+02  3.001E+02
   0.01417   2    0.30616  50   1.013E+05 -3.296E-03 -4.326E-02  3.000E+02  3.001E+02
   0.01417   2    0.31247  51   1.013E+05 -3.251E-03 -4.268E-02  3.000E+02  3.001E+02
   0.01417   2    0.31878  52   1.013E+05 -3.135E-03 -4.242E-02  3.000E+02  3.001E+02
   0.01417   2    0.32509  53   1.013E+05 -2.927E-03 -4.253E-02  3.000E+02  3.001E+02
   0.01417   2    0.33141  54   1.013E+05 -2.668E-03 -4.290E-02  3.000E+02  3.001E+02
   0.01417   2    0.33772  55   1.013E+05 -2.400E-03 -4.277E-02  3.000E+02  3.001E+02
   0.01417   2    0.34403  56   1.013E+05 -2.334E-03 -4.164E-02  3.000E+02  3.001E+02
   0.01417   2    0.35034  57   1.013E+05 -2.020E-03 -4.095E-02  3.000E+02  3.000E+02
   0.01417   2    0.35666  58   1.013E+05 -1.497E-03 -4.060E-02  3.000E+02  3.000E+02
   0.01417   2    0.36297  59   1.013E+05 -1.045E-03 -3.986E-02  3.000E+02  3.000E+02
   0.01417   2    0.36928  60   1.013E+05 -5.797E-04 -3.877E-02  3.000E+02  3.000E+02
   0.01417   2    0.37559  61   1.013E+05 -2.260E-04 -3.744E-02  3.000E+02  2.999E+02
   0.01417   2    0.38191  62   1.013E+05 -9.929E-06 -3.614E-02  3.000E+02  2.999E+02
   0.01417   2    0.38822  63   1.013E+05  4.697E-05 -3.500E-02  3.000E+02  2.999E+02
   0.01417   2    0.39453  64   1.013E+05 -1.361E-04 -3.350E-02  3.000E+02  2.999E+02
   0.01417   2    0.40084  65   1.013E+05 -5.058E-04 -3.180E-02  3.000E+02  2.998E+02
   0.01417   2    0.40716  66   1.013E+05 -9.393E-04 -3.021E-02  3.000E+02  2.996E+02
   0.01417   2    0.41347  67   1.013E+05 -1.384E-03 -2.888E-02  3.000E+02  2.995E+02
   0.01417   2    0.41978  68   1.013E+05 -1.833E-03 -2.791E-02  3.000E+02  2.994E+02
   0.01417   2    0.42609  69   1.013E+05 -2.246E-03 -2.722E-02  3.000E+02  2.993E+02
   0.01417   2    0.43241  70   1.013E+05 -2.585E-03 -2.664E-02  3.000E+02  2.992E+02
   0.01417   2    0.43872  71   1.013E+05 -2.836E-03 -2.609E-02  3.000E+02  2.991E+02
   0.01417   2    0.44503  72   1.013E+05 -2.976E-03 -2.557E-02  3.000E+02  2.989E+02
   0.01417   2    0.45134  73   1.013E+05 -3.002E-03 -2.514E-02  3.000E+02  2.988E+02
   0.01417   2    0.45766  74   1.013E+05 -2.979E-03 -2.479E-02  3.000E+02  2.987E+02
   0.01417   2    0.46397  75   1.013E+05 -2.933E-03 -2.448E-02  3.000E+02  2.987E+02
   0.01417   2    0.47028  76   1.013E+05 -2.874E-03 -2.419E-02  3.000E+02  2.986E+02
   0.01417   2    0.47659  77   1.013E+05 -2.809E-03 -2.391E-02  3.000E+02  2.985E+02
   0.01417   2    0.48291  78   1.013E+05 -2.745E-03 -2.364E-02  3.000E+02  2.984E+02
   0.01417   2    0.48922  79   1.013E+05 -2.687E-03 -2.339E-02  3.000E+02  2.984E+02
   0.01417   2    0.49553  80   1.013E+05 -2.631E-03 -2.312E-02  3.000E+02  2.983E+02
   0.01417   2    0.50184  81   1.013E+05 -2.567E-03 -2.298E-02  3.000E+02  2.983E+02
   0.01417   2    0.50500  82   1.013E+05 -2.567E-03 -2.298E-02  3.000E+02  2.983E+02
   0.04252   3    0.00000   1   1.013E+05  0.000E+00  0.000E+00  3.000E+02  2.993E+02
   0.04252   3    0.00316   2   1.013E+05  8.198E-03 -4.889E-02  3.000E+02  2.993E+02
   0.04252   3    0.00947   3   1.013E+05  1.041E-02 -4.657E-02  3.000E+02  2.993E+02
   0.04252   3    0.01578   4   1.013E+05  1.413E-02 -3.701E-02  3.000E+02  2.994E+02
   0.04252   3    0.02209   5   1.013E+05  1.640E-02 -1.938E-02  3.000E+02  2.995E+02
   0.04252   3    0.02841   6   1.013E+05  2.044E-02 -2.374E-02  3.000E+02  2.995E+02
   0.04252   3    0.03472   7   1.013E+05  2.155E-02 -2.974E-02  3.000E+02  2.996E+02
   0.04252   3    0.04103   8   1.013E+05  1.850E-02 -2.256E-02  3.000E+02  2.996E+02
   0.04252   3    0.04734   9   1.013E+05  1.646E-02 -2.427E-02  3.000E+02  2.996E+02
   0.04252   3    0.05366  10   1.013E+05  1.633E-02 -2.731E-02  3.000E+02  2.996E+02
   0.04252   3    0.05997  11   1.013E+05  1.766E-02 -2.001E-02  3.000E+02  2.996E+02
   0.04252   3    0.06628  12   1.013E+05  1.864E-02 -1.377E-02  3.000E+02  2.996E+02
   0.04252   3    0.07259  13   1.013E+05  1.826E-02 -1.304E-02  3.000E+02  2.996E+02
   0.04252   3    0.07891  14   1.013E+05  1.725E-02 -1.417E-02  3.000E+02  2.996E+02
   0.04252   3    0.08522  15   1.013E+05  1.611E-02 -1.549E-02  3.000E+02  2.996E+02
   0.04252   3    0.09153  16   1.013E+05  1.488E-02 -2.117E-02  3.000E+02  2.996E+02
   0.04252   3    0.09784  17   1.013E+05  1.371E-02 -2.960E-02  3.000E+02  2.996E+02
   0.04252   3    0.10416  18   1.013E+05  1.186E-02 -3.595E-02  3.000E+02  3.008E+02
   0.04252   3    0.11047  19   1.013E+05  1.081E-02 -3.430E-02  3.000E+02  3.008E+02
   0.04252   3    0.11678  20   1.013E+05  9.666E-03 -3.137E-02  3.000E+02  3.008E+02
   0.04252   3    0.12309  21   1.013E+05  8.369E-03 -3.236E-02  3.000E+02  3.008E+02
   0.04252   3    0.12941  22   1.013E+05  7.342E-03 -3.801E-02  3.000E+02  3.008E+02
   0.04252   3    0.13572  23   1.013E+05  5.994E-03 -4.200E-02  3.000E+02  3.008E+02
   0.04252   3    0.14203  24   1.013E+05  5.294E-03 -3.887E-02  3.000E+02  3.008E+02
   0.04252   3    0.14834  25   1.013E+05  4.582E-03 -3.506E-02  3.000E+02  3.008E+02
   0.04252   3    0.15466  26   1.013E+05  3.782E-03 -3.336E-02  3.000E+02  3.009E+02
   0.04252   3    0.16097  27   1.013E+05  2.864E-03 -3.246E-02  3.000E+02  3.009E+02
   0.04252   3    0.16728  28   1.013E+05  1.952E-03 -3.180E-02  3.000E+02  3.009E+02
   0.04252   3    0.17359  29   1.013E+05  1.227E-03 -3.123E-02  3.000E+02  3.009E+02
   0.04252   3    0.17991  30   1.013E+05  4.927E-04 -3.063E-02  3.000E+02  3.009E+02
   0.04252   3    0.18622  31   1.013E+05 -1.713E-04 -3.010E-02  3.000E+02  3.009E+02
   0.04252   3    0.19253  32   1.013E+05 -7.382E-04 -2.946E-02  3.000E+02  3.009E+02
   0.04252   3    0.19884  33   1.013E+05 -1.290E-03 -2.854E-02  3.000E+02  3.009E+02
   0.04252   3    0.20516  34   1.013E+05 -1.820E-03 -2.733E-02  3.000E+02  3.009E+02
   0.04252   3    0.21147  35   1.013E+05 -2.201E-03 -2.588E-02  3.000E+02  3.008E+02
   0.04252   3    0.21778  36   1.013E+05 -2.503E-03 -2.430E-02  3.000E+02  3.008E+02
   0.04252   3    0.22409  37   1.013E+05 -2.772E-03 -2.236E-02  3.000E+02  3.008E+02
   0.04252   3    0.23041  38   1.013E+05 -3.046E-03 -1.979E-02  3.000E+02  3.008E+02
   0.04252   3    0.23672  39   1.013E+05 -3.370E-03 -1.696E-02  3.000E+02  3.008E+02
   0.04252   3    0.24303  40   1.013E+05 -3.763E-03 -1.486E-02  3.000E+02  3.008E+02
   0.04252   3    0.24934  41   1.013E+05 -4.168E-03 -1.406E-02  3.000E+02  3.008E+02
   0.04252   3    0.25566  42   1.013E+05 -4.550E-03 -1.416E-02  3.000E+02  3.008E+02
   0.04252   3    0.26197  43   1.013E+05 -4.881E-03 -1.451E-02  3.000E+02  3.008E+02
   0.04252   3    0.26828  44   1.013E+05 -5.149E-03 -1.483E-02  3.000E+02  3.008E+02
   0.04252   3    0.27459  45   1.013E+05 -5.357E-03 -1.496E-02  3.000E+02  3.008E+02
   0.04252   3    0.28091  46   1.013E+05 -5.545E-03 -1.483E-02  3.000E+02  3.008E+02
   0.04252   3    0.28722  47   1.013E+05 -5.754E-03 -1.450E-02  3.000E+02  3.008E+02
   0.04252   3    0.29353  48   1.013E+05 -5.979E-03 -1.416E-02  3.000E+02  3.008E+02
   0.04252   3    0.29984  49   1.013E+05 -6.216E-03 -1.382E-02  3.000E+02  3.008E+02
   0.04252   3    0.30616  50   1.013E+05 -6.451E-03 -1.351E-02  3.000E+02  3.008E+02
   0.04252   3    0.31247  51   1.013E+05 -6.640E-03 -1.331E-02  3.000E+02  3.008E+02
   0.04252   3    0.31878  52   1.013E+05 -6.733E-03 -1.332E-02  3.000E+02  3.008E+02
   0.04252   3    0.32509  53   1.013E+05 -6.695E-03 -1.368E-02  3.000E+02  3.007E+02
   0.04252   3    0.33141  54   1.013E+05 -6.960E-03 -1.393E-02  3.000E+02  3.007E+02
   0.04252   3    0.33772  55   1.013E+05 -7.740E-03 -1.351E-02  3.000E+02  3.005E+02
   0.04252   3    0.34403  56   1.013E+05 -1.079E-02 -9.106E-03  3.000E+02  2.996E+02
   0.04252   3    0.35034  57   1.013E+05 -1.032E-02 -8.241E-03  3.000E+02  2.994E+02
   0.04252   3    0.35666  58   1.013E+05 -9.665E-03 -9.293E-03  3.000E+02  2.994E+02
   0.04252   3    0.36297  59   1.013E+05 -8.668E-03 -1.124E-02  3.000E+02  2.994E+02
   0.04252   3    0.36928  60   1.013E+05 -6.855E-03 -1.291E-02  3.000E+02  2.993E+02
   0.04252   3    0.37559  61   1.013E+05 -5.077E-03 -1.483E-02  3.000E+02  2.993E+02
   0.04252   3    0.38191  62   1.013E+05 -3.690E-03 -1.675E-02  3.000E+02  2.992E+02
   0.04252   3    0.38822  63   1.013E+05 -3.454E-03 -1.628E-02  3.000E+02  2.991E+02
   0.04252   3    0.39453  64   1.013E+05 -3.802E-03 -1.544E-02  3.000E+02  2.988E+02
   0.04252   3    0.40084  65   1.013E+05 -4.255E-03 -1.517E-02  3.000E+02  2.986E+02
   0.04252   3    0.40716  66   1.013E+05 -4.733E-03 -1.512E-02  3.000E+02  2.984E+02
   0.04252   3    0.41347  67   1.013E+05 -5.206E-03 -1.529E-02  3.000E+02  2.982E+02
   0.04252   3    0.41978  68   1.013E+05 -5.598E-03 -1.576E-02  3.000E+02  2.981E+02
   0.04252   3    0.42609  69   1.013E+05 -5.756E-03 -1.650E-02  3.000E+02  2.979E+02
   0.04252   3    0.43241  70   1.013E+05 -5.531E-03 -1.748E-02  3.000E+02  2.977E+02
   0.04252   3    0.43872  71   1.013E+05 -4.875E-03 -1.850E-02  3.000E+02  2.975E+02
   0.04252   3    0.44503  72   1.013E+05 -3.433E-03 -1.961E-02  3.000E+02  2.972E+02
   0.04252   3    0.45134  73   1.013E+05 -1.378E-03 -2.122E-02  3.000E+02  2.970E+02
   0.04252   3    0.45766  74   1.013E+05 -5.860E-04 -2.242E-02  3.000E+02  2.969E+02
   0.04252   3    0.46397  75   1.013E+05 -2.232E-04 -2.332E-02  3.000E+02  2.969E+02
   0.04252   3    0.47028  76   1.013E+05  8.696E-05 -2.420E-02  3.000E+02  2.968E+02
   0.04252   3    0.47659  77   1.013E+05  3.850E-04 -2.515E-02  3.000E+02  2.968E+02
   0.04252   3    0.48291  78   1.013E+05  6.489E-04 -2.609E-02  3.000E+02  2.967E+02
   0.04252   3    0.48922  79   1.013E+05  8.597E-04 -2.695E-02  3.000E+02  2.967E+02
   0.04252   3    0.49553  80   1.013E+05  1.015E-03 -2.781E-02  3.000E+02  2.967E+02
   0.04252   3    0.50184  81   1.013E+05  1.102E-03 -2.887E-02  3.000E+02  2.967E+02
   0.04252   3    0.50500  82   1.013E+05  1.102E-03 -2.887E-02  3.000E+02  2.967E+02
   0.07087   4    0.00000   1   1.013E+05  0.000E+00  0.000E+00  3.000E+02  2.993E+02
   0.07087   4    0.00316   2   1.013E+05  1.060E-02 -7.903E-02  3.000E+02  2.993E+02
   0.07087   4    0.00947   3   1.013E+05  1.680E-02 -2.860E-02  3.000E+02  2.994E+02
   0.07087   4    0.01578   4   1.013E+05  2.593E-02 -1.076E-02  3.000E+02  2.995E+02
   0.07087   4    0.02209   5   1.013E+05  3.150E-02  3.704E-03  3.000E+02  2.996E+02
   0.07087   4    0.02841   6   1.013E+05  3.162E-02 -7.646E-03  3.000E+02  2.997E+02
   0.07087   4    0.03472   7   1.013E+05  3.106E-02 -2.279E-02  3.000E+02  2.997E+02
   0.07087   4    0.04103   8   1.013E+05  2.877E-02 -2.644E-02  3.000E+02  2.997E+02
   0.07087   4    0.04734   9   1.013E+05  2.832E-02 -1.269E-02  3.000E+02  2.997E+02
   0.07087   4    0.05366  10   1.013E+05  2.864E-02 -1.985E-03  3.000E+02  2.997E+02
   0.07087   4    0.05997  11   1.013E+05  2.783E-02 -5.335E-04  3.000E+02  2.997E+02
   0.07087   4    0.06628  12   1.013E+05  2.558E-02 -1.941E-03  3.000E+02  2.997E+02
   0.07087   4    0.07259  13   1.013E+05  2.276E-02 -3.394E-03  3.000E+02  2.998E+02
   0.07087   4    0.07891  14   1.013E+05  2.123E-02 -4.357E-03  3.000E+02  2.998E+02
   0.07087   4    0.08522  15   1.013E+05  2.029E-02 -5.506E-03  3.000E+02  2.999E+02
   0.07087   4    0.09153  16   1.013E+05  1.939E-02 -9.646E-03  3.000E+02  2.999E+02
   0.07087   4    0.09784  17   1.013E+05  1.838E-02 -1.925E-02  3.000E+02  3.000E+02
   0.07087   4    0.10416  18   1.013E+05  1.552E-02 -2.698E-02  3.000E+02  3.019E+02
   0.07087   4    0.11047  19   1.013E+05  1.473E-02 -2.453E-02  3.000E+02  3.019E+02
   0.07087   4    0.11678  20   1.013E+05  1.386E-02 -2.326E-02  3.000E+02  3.018E+02
   0.07087   4    0.12309  21   1.013E+05  1.321E-02 -2.552E-02  3.000E+02  3.018E+02
   0.07087   4    0.12941  22   1.013E+05  1.003E-02 -3.226E-02  3.000E+02  3.017E+02
   0.07087   4    0.13572  23   1.013E+05  9.827E-03 -2.943E-02  3.000E+02  3.017E+02
   0.07087   4    0.14203  24   1.013E+05  1.001E-02 -2.577E-02  3.000E+02  3.017E+02
   0.07087   4    0.14834  25   1.013E+05  9.917E-03 -2.424E-02  3.000E+02  3.017E+02
   0.07087   4    0.15466  26   1.013E+05  9.590E-03 -2.322E-02  3.000E+02  3.017E+02
   0.07087   4    0.16097  27   1.013E+05  8.992E-03 -2.206E-02  3.000E+02  3.017E+02
   0.07087   4    0.16728  28   1.013E+05  8.259E-03 -2.078E-02  3.000E+02  3.016E+02
   0.07087   4    0.17359  29   1.013E+05  7.439E-03 -1.945E-02  3.000E+02  3.016E+02
   0.07087   4    0.17991  30   1.013E+05  6.661E-03 -1.841E-02  3.000E+02  3.016E+02
   0.07087   4    0.18622  31   1.013E+05  6.274E-03 -1.788E-02  3.000E+02  3.016E+02
   0.07087   4    0.19253  32   1.013E+05  6.029E-03 -1.707E-02  3.000E+02  3.016E+02
   0.07087   4    0.19884  33   1.013E+05  5.168E-03 -1.617E-02  3.000E+02  3.015E+02
   0.07087   4    0.20516  34   1.013E+05  4.491E-03 -1.432E-02  3.000E+02  3.015E+02
   0.07087   4    0.21147  35   1.013E+05  4.224E-03 -1.267E-02  3.000E+02  3.015E+02
   0.07087   4    0.21778  36   1.013E+05  3.875E-03 -1.050E-02  3.000E+02  3.014E+02
   0.07087   4    0.22409  37   1.013E+05  3.294E-03 -8.280E-03  3.000E+02  3.014E+02
   0.07087   4    0.23041  38   1.013E+05  2.601E-03 -5.952E-03  3.000E+02  3.014E+02
   0.07087   4    0.23672  39   1.013E+05  1.485E-03 -3.921E-03  3.000E+02  3.013E+02
   0.07087   4    0.24303  40   1.013E+05 -5.848E-06 -2.605E-03  3.000E+02  3.013E+02
   0.07087   4    0.24934  41   1.013E+05 -1.521E-03 -1.925E-03  3.000E+02  3.013E+02
   0.07087   4    0.25566  42   1.013E+05 -2.862E-03 -1.622E-03  3.000E+02  3.012E+02
   0.07087   4    0.26197  43   1.013E+05 -4.012E-03 -1.352E-03  3.000E+02  3.012E+02
   0.07087   4    0.26828  44   1.013E+05 -4.999E-03 -9.188E-04  3.000E+02  3.011E+02
   0.07087   4    0.27459  45   1.013E+05 -5.938E-03 -4.683E-04  3.000E+02  3.011E+02
   0.07087   4    0.28091  46   1.013E+05 -6.928E-03 -7.924E-05  3.000E+02  3.011E+02
   0.07087   4    0.28722  47   1.013E+05 -8.044E-03  3.043E-04  3.000E+02  3.011E+02
   0.07087   4    0.29353  48   1.013E+05 -9.301E-03  5.827E-04  3.000E+02  3.010E+02
   0.07087   4    0.29984  49   1.013E+05 -1.076E-02  8.161E-04  3.000E+02  3.010E+02
   0.07087   4    0.30616  50   1.013E+05 -1.240E-02  1.062E-03  3.000E+02  3.009E+02
   0.07087   4    0.31247  51   1.013E+05 -1.380E-02  1.073E-03  3.000E+02  3.008E+02
   0.07087   4    0.31878  52   1.013E+05 -1.467E-02  8.223E-04  3.000E+02  3.007E+02
   0.07087   4    0.32509  53   1.013E+05 -1.537E-02  2.792E-04  3.000E+02  3.006E+02
   0.07087   4    0.33141  54   1.013E+05 -1.887E-02 -2.051E-03  3.000E+02  2.999E+02
   0.07087   4    0.33772  55   1.013E+05 -2.084E-02 -2.285E-03  3.000E+02  2.994E+02
   0.07087   4    0.34403  56   1.013E+05 -2.080E-02 -1.235E-03  3.000E+02  2.994E+02
   0.07087   4    0.35034  57   1.013E+05 -2.054E-02 -1.467E-03  3.000E+02  2.994E+02
   0.07087   4    0.35666  58   1.013E+05 -2.004E-02 -1.910E-03  3.000E+02  2.994E+02
   0.07087   4    0.36297  59   1.013E+05 -1.843E-02 -2.712E-03  3.000E+02  2.992E+02
   0.07087   4    0.36928  60   1.013E+05 -1.468E-03 -5.345E-03  3.000E+02  2.973E+02
   0.07087   4    0.37559  61   1.013E+05  1.385E-03 -8.439E-03  3.000E+02  2.966E+02
   0.07087   4    0.38191  62   1.013E+05  6.780E-04 -1.111E-02  3.000E+02  2.965E+02
   0.07087   4    0.38822  63   1.013E+05  3.226E-04 -1.309E-02  3.000E+02  2.964E+02
   0.07087   4    0.39453  64   1.013E+05  3.829E-04 -1.507E-02  3.000E+02  2.964E+02
   0.07087   4    0.40084  65   1.013E+05  5.550E-04 -1.714E-02  3.000E+02  2.964E+02
   0.07087   4    0.40716  66   1.013E+05  7.557E-04 -1.889E-02  3.000E+02  2.964E+02
   0.07087   4    0.41347  67   1.013E+05  9.464E-04 -2.030E-02  3.000E+02  2.964E+02
   0.07087   4    0.41978  68   1.013E+05  1.113E-03 -2.153E-02  3.000E+02  2.963E+02
   0.07087   4    0.42609  69   1.013E+05  1.250E-03 -2.259E-02  3.000E+02  2.963E+02
   0.07087   4    0.43241  70   1.013E+05  1.349E-03 -2.348E-02  3.000E+02  2.963E+02
   0.07087   4    0.43872  71   1.013E+05  1.408E-03 -2.422E-02  3.000E+02  2.963E+02
   0.07087   4    0.44503  72   1.013E+05  1.436E-03 -2.476E-02  3.000E+02  2.963E+02
   0.07087   4    0.45134  73   1.013E+05  1.446E-03 -2.512E-02  3.000E+02  2.963E+02
   0.07087   4    0.45766  74   1.013E+05  1.448E-03 -2.540E-02  3.000E+02  2.963E+02
   0.07087   4    0.46397  75   1.013E+05  1.451E-03 -2.565E-02  3.000E+02  2.963E+02
   0.07087   4    0.47028  76   1.013E+05  1.454E-03 -2.588E-02  3.000E+02  2.963E+02
   0.07087   4    0.47659  77   1.013E+05  1.454E-03 -2.610E-02  3.000E+02  2.963E+02
   0.07087   4    0.48291  78   1.013E+05  1.452E-03 -2.631E-02  3.000E+02  2.963E+02
   0.07087   4    0.48922  79   1.013E+05  1.449E-03 -2.652E-02  3.000E+02  2.963E+02
   0.07087   4    0.49553  80   1.013E+05  1.446E-03 -2.677E-02  3.000E+02  2.963E+02
   0.07087   4    0.50184  81   1.013E+05  1.443E-03 -2.711E-02  3.000E+02  2.963E+02
   0.07087   4    0.50500  82   1.013E+05  1.443E-03 -2.711E-02  3.000E+02  2.963E+02
   0.09922   5    0.00000   1   1.013E+05  0.000E+00  0.000E+00  3.000E+02  2.992E+02
   0.09922   5    0.00316   2   1.013E+05  1.724E-02  1.644E-02  3.000E+02  2.992E+02
   0.09922   5    0.00947   3   1.013E+05  2.901E-02  1.265E-03  3.000E+02  2.994E+02
   0.09922   5    0.01578   4   1.013E+05  3.772E-02 -2.778E-03  3.000E+02  2.996E+02
   0.09922   5    0.02209   5   1.013E+05  3.876E-02 -1.207E-02  3.000E+02  2.997E+02
   0.09922   5    0.02841   6   1.013E+05  3.739E-02 -2.359E-02  3.000E+02  2.997E+02
   0.09922   5    0.03472   7   1.013E+05  3.674E-02 -2.665E-02  3.000E+02  2.998E+02
   0.09922   5    0.04103   8   1.013E+05  3.731E-02 -1.393E-02  3.000E+02  2.998E+02
   0.09922   5    0.04734   9   1.013E+05  3.534E-02 -5.007E-03  3.000E+02  2.998E+02
   0.09922   5    0.05366  10   1.013E+05  3.027E-02 -5.867E-03  3.000E+02  2.998E+02
   0.09922   5    0.05997  11   1.013E+05  2.706E-02 -5.680E-03  3.000E+02  2.998E+02
   0.09922   5    0.06628  12   1.013E+05  2.455E-02 -4.777E-03  3.000E+02  2.999E+02
   0.09922   5    0.07259  13   1.013E+05  2.178E-02 -4.622E-03  3.000E+02  2.999E+02
   0.09922   5    0.07891  14   1.013E+05  1.817E-02 -3.561E-03  3.000E+02  3.000E+02
   0.09922   5    0.08522  15   1.013E+05  1.494E-02 -3.840E-03  3.000E+02  3.001E+02
   0.09922   5    0.09153  16   1.013E+05  1.231E-02 -6.087E-03  3.000E+02  3.002E+02
   0.09922   5    0.09784  17   1.013E+05  1.087E-02 -1.509E-02  3.000E+02  3.003E+02
   0.09922   5    0.10416  18   1.013E+05  9.949E-03 -2.153E-02  3.000E+02  3.012E+02
   0.09922   5    0.11047  19   1.013E+05  9.375E-03 -2.180E-02  3.000E+02  3.012E+02
   0.09922   5    0.11678  20   1.013E+05  8.273E-03 -2.246E-02  3.000E+02  3.013E+02
   0.09922   5    0.12309  21   1.013E+05  8.367E-03 -2.616E-02  3.000E+02  3.013E+02
   0.09922   5    0.12941  22   1.013E+05  8.569E-03 -3.266E-02  3.000E+02  3.013E+02
   0.09922   5    0.13572  23   1.013E+05  8.851E-03 -2.998E-02  3.000E+02  3.013E+02
   0.09922   5    0.14203  24   1.013E+05  8.708E-03 -2.544E-02  3.000E+02  3.013E+02
   0.09922   5    0.14834  25   1.013E+05  7.953E-03 -2.156E-02  3.000E+02  3.013E+02
   0.09922   5    0.15466  26   1.013E+05  4.762E-03 -1.243E-02  3.000E+02  3.012E+02
   0.09922   5    0.16097  27   1.013E+05  1.360E-03 -1.256E-03  3.000E+02  3.013E+02
   0.09922   5    0.16728  28   1.013E+05  3.224E-03 -4.385E-03  3.000E+02  3.013E+02
   0.09922   5    0.17359  29   1.013E+05  5.037E-03 -5.032E-03  3.000E+02  3.014E+02
   0.09922   5    0.17991  30   1.013E+05  5.752E-03 -2.759E-03  3.000E+02  3.014E+02
   0.09922   5    0.18622  31   1.013E+05  6.241E-03 -1.486E-03  3.000E+02  3.013E+02
   0.09922   5    0.19253  32   1.013E+05  7.266E-03 -9.084E-04  3.000E+02  3.014E+02
   0.09922   5    0.19884  33   1.013E+05  6.945E-03 -4.831E-04  3.000E+02  3.014E+02
   0.09922   5    0.20516  34   1.013E+05  7.174E-03  6.692E-05  3.000E+02  3.014E+02
   0.09922   5    0.21147  35   1.013E+05  6.621E-03  5.130E-04  3.000E+02  3.014E+02
   0.09922   5    0.21778  36   1.013E+05  5.150E-03  2.584E-03  3.000E+02  3.014E+02
   0.09922   5    0.22409  37   1.013E+05  3.614E-03  3.539E-03  3.000E+02  3.013E+02
   0.09922   5    0.23041  38   1.013E+05  2.225E-03  6.036E-03  3.000E+02  3.013E+02
   0.09922   5    0.23672  39   1.013E+05  1.162E-03  7.829E-03  3.000E+02  3.013E+02
   0.09922   5    0.24303  40   1.013E+05  2.285E-04  9.315E-03  3.000E+02  3.013E+02
   0.09922   5    0.24934  41   1.013E+05 -4.870E-04  1.032E-02  3.000E+02  3.013E+02
   0.09922   5    0.25566  42   1.013E+05 -1.210E-03  1.121E-02  3.000E+02  3.012E+02
   0.09922   5    0.26197  43   1.013E+05 -2.273E-03  1.189E-02  3.000E+02  3.012E+02
   0.09922   5    0.26828  44   1.013E+05 -4.070E-03  1.256E-02  3.000E+02  3.012E+02
   0.09922   5    0.27459  45   1.013E+05 -6.476E-03  1.380E-02  3.000E+02  3.011E+02
   0.09922   5    0.28091  46   1.013E+05 -8.828E-03  1.409E-02  3.000E+02  3.010E+02
   0.09922   5    0.28722  47   1.013E+05 -1.119E-02  1.369E-02  3.000E+02  3.009E+02
   0.09922   5    0.29353  48   1.013E+05 -1.355E-02  1.269E-02  3.000E+02  3.008E+02
   0.09922   5    0.29984  49   1.013E+05 -1.598E-02  1.142E-02  3.000E+02  3.007E+02
   0.09922   5    0.30616  50   1.013E+05 -1.826E-02  1.039E-02  3.000E+02  3.005E+02
   0.09922   5    0.31247  51   1.013E+05 -2.023E-02  9.548E-03  3.000E+02  3.002E+02
   0.09922   5    0.31878  52   1.013E+05 -2.167E-02  8.852E-03  3.000E+02  3.000E+02
   0.09922   5    0.32509  53   1.013E+05 -2.242E-02  7.899E-03  3.000E+02  2.998E+02
   0.09922   5    0.33141  54   1.013E+05 -2.268E-02  6.549E-03  3.000E+02  2.996E+02
   0.09922   5    0.33772  55   1.013E+05 -2.237E-02  5.754E-03  3.000E+02  2.995E+02
   0.09922   5    0.34403  56   1.013E+05 -2.204E-02  5.916E-03  3.000E+02  2.995E+02
   0.09922   5    0.35034  57   1.013E+05 -2.130E-02  6.679E-03  3.000E+02  2.994E+02
   0.09922   5    0.35666  58   1.013E+05 -9.601E-03  8.396E-03  3.000E+02  2.984E+02
   0.09922   5    0.36297  59   1.013E+05  2.908E-03  8.875E-03  3.000E+02  2.972E+02
   0.09922   5    0.36928  60   1.013E+05  4.670E-03  8.324E-03  3.000E+02  2.970E+02
   0.09922   5    0.37559  61   1.013E+05  5.408E-03  7.882E-03  3.000E+02  2.968E+02
   0.09922   5    0.38191  62   1.013E+05  5.440E-03  7.502E-03  3.000E+02  2.968E+02
   0.09922   5    0.38822  63   1.013E+05  5.052E-03  7.010E-03  3.000E+02  2.967E+02
   0.09922   5    0.39453  64   1.013E+05  4.568E-03  6.485E-03  3.000E+02  2.967E+02
   0.09922   5    0.40084  65   1.013E+05  4.061E-03  5.900E-03  3.000E+02  2.967E+02
   0.09922   5    0.40716  66   1.013E+05  3.529E-03  5.270E-03  3.000E+02  2.967E+02
   0.09922   5    0.41347  67   1.013E+05  3.065E-03  4.668E-03  3.000E+02  2.967E+02
   0.09922   5    0.41978  68   1.013E+05  2.704E-03  4.085E-03  3.000E+02  2.967E+02
   0.09922   5    0.42609  69   1.013E+05  2.439E-03  3.458E-03  3.000E+02  2.967E+02
   0.09922   5    0.43241  70   1.013E+05  2.258E-03  2.760E-03  3.000E+02  2.966E+02
   0.09922   5    0.43872  71   1.013E+05  2.184E-03  2.128E-03  3.000E+02  2.966E+02
   0.09922   5    0.44503  72   1.013E+05  2.215E-03  1.640E-03  3.000E+02  2.966E+02
   0.09922   5    0.45134  73   1.013E+05  2.286E-03  1.206E-03  3.000E+02  2.966E+02
   0.09922   5    0.45766  74   1.013E+05  2.344E-03  7.839E-04  3.000E+02  2.966E+02
   0.09922   5    0.46397  75   1.013E+05  2.390E-03  3.783E-04  3.000E+02  2.966E+02
   0.09922   5    0.47028  76   1.013E+05  2.425E-03 -1.792E-05  3.000E+02  2.966E+02
   0.09922   5    0.47659  77   1.013E+05  2.450E-03 -4.116E-04  3.000E+02  2.966E+02
   0.09922   5    0.48291  78   1.013E+05  2.463E-03 -8.193E-04  3.000E+02  2.966E+02
   0.09922   5    0.48922  79   1.013E+05  2.466E-03 -1.276E-03  3.000E+02  2.966E+02
   0.09922   5    0.49553  80   1.013E+05  2.462E-03 -1.867E-03  3.000E+02  2.966E+02
   0.09922   5    0.50184  81   1.013E+05  2.456E-03 -2.795E-03  3.000E+02  2.966E+02
   0.09922   5    0.50500  82   1.013E+05  2.456E-03 -2.795E-03  3.000E+02  2.966E+02
   0.12757   6    0.00000   1   1.013E+05  0.000E+00  0.000E+00  3.000E+02  2.993E+02
   0.12757   6    0.00316   2   1.013E+05  1.787E-02  1.583E-02  3.000E+02  2.993E+02
   0.12757   6    0.00947   3   1.013E+05  2.835E-02 -5.149E-03  3.000E+02  2.995E+02
   0.12757   6    0.01578   4   1.013E+05  3.881E-02 -1.753E-02  3.000E+02  2.997E+02
   0.12757   6    0.02209   5   1.013E+05  4.460E-02 -2.538E-02  3.000E+02  2.998E+02
   0.12757   6    0.02841   6   1.013E+05  4.323E-02 -1.827E-02  3.000E+02  2.998E+02
   0.12757   6    0.03472   7   1.013E+05  4.211E-02 -1.056E-02  3.000E+02  2.998E+02
   0.12757   6    0.04103   8   1.013E+05  3.836E-02 -6.914E-03  3.000E+02  2.998E+02
   0.12757   6    0.04734   9   1.013E+05  3.448E-02 -1.713E-02  3.000E+02  2.999E+02
   0.12757   6    0.05366  10   1.013E+05  2.917E-02 -3.191E-02  3.000E+02  2.999E+02
   0.12757   6    0.05997  11   1.013E+05  2.725E-02 -2.477E-02  3.000E+02  2.999E+02
   0.12757   6    0.06628  12   1.013E+05  2.162E-02 -1.161E-02  3.000E+02  3.000E+02
   0.12757   6    0.07259  13   1.013E+05  1.520E-02 -9.408E-03  3.000E+02  3.002E+02
   0.12757   6    0.07891  14   1.013E+05  1.137E-02 -1.282E-02  3.000E+02  3.004E+02
   0.12757   6    0.08522  15   1.013E+05  9.670E-03 -1.293E-02  3.000E+02  3.006E+02
   0.12757   6    0.09153  16   1.013E+05  8.461E-03 -1.541E-02  3.000E+02  3.008E+02
   0.12757   6    0.09784  17   1.013E+05  6.949E-03 -2.669E-02  3.000E+02  3.011E+02
   0.12757   6    0.10416  18   1.013E+05  6.566E-03 -2.819E-02  3.000E+02  3.020E+02
   0.12757   6    0.11047  19   1.013E+05  6.781E-03 -3.164E-02  3.000E+02  3.020E+02
   0.12757   6    0.11678  20   1.013E+05  1.111E-02 -3.903E-02  3.000E+02  3.018E+02
   0.12757   6    0.12309  21   1.013E+05  1.906E-02 -4.544E-02  3.000E+02  3.015E+02
   0.12757   6    0.12941  22   1.013E+05  1.936E-02 -3.895E-02  3.000E+02  3.015E+02
   0.12757   6    0.13572  23   1.013E+05  1.259E-02 -1.534E-02  3.000E+02  3.013E+02
   0.12757   6    0.14203  24   1.013E+05  6.053E-03 -8.916E-03  3.000E+02  3.011E+02
   0.12757   6    0.14834  25   1.013E+05  5.093E-03 -6.081E-03  3.000E+02  3.011E+02
   0.12757   6    0.15466  26   1.013E+05  4.346E-03 -1.770E-03  3.000E+02  3.011E+02
   0.12757   6    0.16097  27   1.013E+05  4.385E-03  1.888E-03  3.000E+02  3.010E+02
   0.12757   6    0.16728  28   1.013E+05  5.624E-03  2.620E-03  3.000E+02  3.010E+02
   0.12757   6    0.17359  29   1.013E+05  6.279E-03  3.988E-03  3.000E+02  3.010E+02
   0.12757   6    0.17991  30   1.013E+05  6.838E-03  5.270E-03  3.000E+02  3.010E+02
   0.12757   6    0.18622  31   1.013E+05  7.679E-03  6.148E-03  3.000E+02  3.011E+02
   0.12757   6    0.19253  32   1.013E+05  8.900E-03  7.011E-03  3.000E+02  3.012E+02
   0.12757   6    0.19884  33   1.013E+05  9.202E-03  7.726E-03  3.000E+02  3.013E+02
   0.12757   6    0.20516  34   1.013E+05  8.897E-03  8.418E-03  3.000E+02  3.014E+02
   0.12757   6    0.21147  35   1.013E+05  7.933E-03  9.065E-03  3.000E+02  3.013E+02
   0.12757   6    0.21778  36   1.013E+05  6.371E-03  1.155E-02  3.000E+02  3.013E+02
   0.12757   6    0.22409  37   1.013E+05  4.943E-03  1.278E-02  3.000E+02  3.013E+02
   0.12757   6    0.23041  38   1.013E+05  3.660E-03  1.476E-02  3.000E+02  3.013E+02
   0.12757   6    0.23672  39   1.013E+05  2.372E-03  1.636E-02  3.000E+02  3.012E+02
   0.12757   6    0.24303  40   1.013E+05  8.469E-04  1.772E-02  3.000E+02  3.012E+02
   0.12757   6    0.24934  41   1.013E+05 -7.088E-04  1.991E-02  3.000E+02  3.012E+02
   0.12757   6    0.25566  42   1.013E+05 -2.044E-03  2.185E-02  3.000E+02  3.011E+02
   0.12757   6    0.26197  43   1.013E+05 -3.213E-03  2.293E-02  3.000E+02  3.011E+02
   0.12757   6    0.26828  44   1.013E+05 -4.584E-03  2.335E-02  3.000E+02  3.010E+02
   0.12757   6    0.27459  45   1.013E+05 -6.665E-03  2.341E-02  3.000E+02  3.010E+02
   0.12757   6    0.28091  46   1.013E+05 -9.433E-03  2.301E-02  3.000E+02  3.008E+02
   0.12757   6    0.28722  47   1.013E+05 -1.167E-02  2.217E-02  3.000E+02  3.007E+02
   0.12757   6    0.29353  48   1.013E+05 -1.326E-02  2.093E-02  3.000E+02  3.006E+02
   0.12757   6    0.29984  49   1.013E+05 -1.450E-02  1.935E-02  3.000E+02  3.004E+02
   0.12757   6    0.30616  50   1.013E+05 -1.505E-02  1.729E-02  3.000E+02  3.001E+02
   0.12757   6    0.31247  51   1.013E+05 -1.582E-02  1.589E-02  3.000E+02  2.998E+02
   0.12757   6    0.31878  52   1.013E+05 -1.721E-02  1.541E-02  3.000E+02  2.996E+02
   0.12757   6    0.32509  53   1.013E+05 -1.848E-02  1.513E-02  3.000E+02  2.995E+02
   0.12757   6    0.33141  54   1.013E+05 -1.946E-02  1.478E-02  3.000E+02  2.994E+02
   0.12757   6    0.33772  55   1.013E+05 -1.953E-02  1.437E-02  3.000E+02  2.993E+02
   0.12757   6    0.34403  56   1.013E+05 -1.912E-02  1.437E-02  3.000E+02  2.993E+02
   0.12757   6    0.35034  57   1.013E+05 -1.859E-02  1.456E-02  3.000E+02  2.992E+02
   0.12757   6    0.35666  58   1.013E+05 -1.670E-02  1.501E-02  3.000E+02  2.991E+02
   0.12757   6    0.36297  59   1.013E+05 -1.076E-02  1.803E-02  3.000E+02  2.986E+02
   0.12757   6    0.36928  60   1.013E+05 -9.971E-03  1.954E-02  3.000E+02  2.985E+02
   0.12757   6    0.37559  61   1.013E+05 -9.098E-03  1.987E-02  3.000E+02  2.984E+02
   0.12757   6    0.38191  62   1.013E+05 -3.908E-03  1.874E-02  3.000E+02  2.980E+02
   0.12757   6    0.38822  63   1.013E+05  3.797E-05  1.859E-02  3.000E+02  2.977E+02
   0.12757   6    0.39453  64   1.013E+05  1.635E-03  1.882E-02  3.000E+02  2.976E+02
   0.12757   6    0.40084  65   1.013E+05  2.825E-03  1.865E-02  3.000E+02  2.975E+02
   0.12757   6    0.40716  66   1.013E+05  3.707E-03  1.817E-02  3.000E+02  2.975E+02
   0.12757   6    0.41347  67   1.013E+05  4.347E-03  1.766E-02  3.000E+02  2.974E+02
   0.12757   6    0.41978  68   1.013E+05  4.791E-03  1.708E-02  3.000E+02  2.973E+02
   0.12757   6    0.42609  69   1.013E+05  5.088E-03  1.641E-02  3.000E+02  2.973E+02
   0.12757   6    0.43241  70   1.013E+05  5.291E-03  1.562E-02  3.000E+02  2.972E+02
   0.12757   6    0.43872  71   1.013E+05  5.384E-03  1.487E-02  3.000E+02  2.972E+02
   0.12757   6    0.44503  72   1.013E+05  5.337E-03  1.425E-02  3.000E+02  2.971E+02
   0.12757   6    0.45134  73   1.013E+05  5.264E-03  1.367E-02  3.000E+02  2.971E+02
   0.12757   6    0.45766  74   1.013E+05  5.186E-03  1.310E-02  3.000E+02  2.971E+02
   0.12757   6    0.46397  75   1.013E+05  5.104E-03  1.255E-02  3.000E+02  2.971E+02
   0.12757   6    0.47028  76   1.013E+05  5.022E-03  1.204E-02  3.000E+02  2.970E+02
   0.12757   6    0.47659  77   1.013E+05  4.939E-03  1.155E-02  3.000E+02  2.970E+02
   0.12757   6    0.48291  78   1.013E+05  4.854E-03  1.107E-02  3.000E+02  2.970E+02
   0.12757   6    0.48922  79   1.013E+05  4.769E-03  1.058E-02  3.000E+02  2.970E+02
   0.12757   6    0.49553  80   1.013E+05  4.691E-03  9.989E-03  3.000E+02  2.970E+02
   0.12757   6    0.50184  81   1.013E+05  4.648E-03  9.092E-03  3.000E+02  2.970E+02
   0.12757   6    0.50500  82   1.013E+05  4.648E-03  9.092E-03  3.000E+02  2.970E+02
   0.15592   7    0.00000   1   1.013E+05  0.000E+00  0.000E+00  3.000E+02  2.993E+02
   0.15592   7    0.00316   2   1.013E+05  6.713E-05  1.326E-02  3.000E+02  2.993E+02
   0.15592   7    0.00947   3   1.013E+05  1.902E-02 -4.066E-03  3.000E+02  2.996E+02
   0.15592   7    0.01578   4   1.013E+05  3.312E-02  4.454E-03  3.000E+02  2.998E+02
   0.15592   7    0.02209   5   1.013E+05  3.414E-02 -2.353E-03  3.000E+02  2.998E+02
   0.15592   7    0.02841   6   1.013E+05  3.175E-02 -2.056E-02  3.000E+02  2.998E+02
   0.15592   7    0.03472   7   1.013E+05  3.170E-02 -2.339E-02  3.000E+02  2.998E+02
   0.15592   7    0.04103   8   1.013E+05  2.661E-02 -5.846E-03  3.000E+02  2.999E+02
   0.15592   7    0.04734   9   1.013E+05  2.369E-02 -3.959E-03  3.000E+02  2.999E+02
   0.15592   7    0.05366  10   1.013E+05  2.087E-02 -2.271E-02  3.000E+02  2.999E+02
   0.15592   7    0.05997  11   1.013E+05  1.868E-02 -2.630E-02  3.000E+02  2.999E+02
   0.15592   7    0.06628  12   1.013E+05  1.054E-02 -6.189E-03  3.000E+02  3.002E+02
   0.15592   7    0.07259  13   1.013E+05  3.548E-03  1.042E-02  3.000E+02  3.006E+02
   0.15592   7    0.07891  14   1.013E+05  6.085E-03  8.856E-03  3.000E+02  3.009E+02
   0.15592   7    0.08522  15   1.013E+05  9.986E-03 -8.184E-03  3.000E+02  3.016E+02
   0.15592   7    0.09153  16   1.013E+05  7.305E-03 -2.181E-02  3.000E+02  3.027E+02
   0.15592   7    0.09784  17   1.013E+05  5.545E-03 -1.707E-02  3.000E+02  3.031E+02
   0.15592   7    0.10416  18   1.013E+05  3.731E-03 -4.746E-03  3.000E+02  3.039E+02
   0.15592   7    0.11047  19   1.013E+05  2.896E-03 -8.700E-03  3.000E+02  3.012E+02
   0.15592   7    0.11678  20   1.013E+05  5.208E-03 -1.721E-02  3.000E+02  3.010E+02
   0.15592   7    0.12309  21   1.013E+05  1.491E-02 -2.513E-02  3.000E+02  3.012E+02
   0.15592   7    0.12941  22   1.013E+05  1.387E-02 -1.900E-02  3.000E+02  3.012E+02
   0.15592   7    0.13572  23   1.013E+05  8.378E-03 -2.872E-03  3.000E+02  3.011E+02
   0.15592   7    0.14203  24   1.013E+05  5.349E-03  1.678E-03  3.000E+02  3.010E+02
   0.15592   7    0.14834  25   1.013E+05  4.907E-03  3.628E-03  3.000E+02  3.010E+02
   0.15592   7    0.15466  26   1.013E+05  5.342E-03  6.088E-03  3.000E+02  3.009E+02
   0.15592   7    0.16097  27   1.013E+05  6.123E-03  7.481E-03  3.000E+02  3.009E+02
   0.15592   7    0.16728  28   1.013E+05  7.179E-03  8.530E-03  3.000E+02  3.009E+02
   0.15592   7    0.17359  29   1.013E+05  8.126E-03  9.473E-03  3.000E+02  3.009E+02
   0.15592   7    0.17991  30   1.013E+05  9.323E-03  1.038E-02  3.000E+02  3.010E+02
   0.15592   7    0.18622  31   1.013E+05  1.005E-02  1.170E-02  3.000E+02  3.010E+02
   0.15592   7    0.19253  32   1.013E+05  1.084E-02  1.317E-02  3.000E+02  3.011E+02
   0.15592   7    0.19884  33   1.013E+05  1.112E-02  1.458E-02  3.000E+02  3.012E+02
   0.15592   7    0.20516  34   1.013E+05  1.094E-02  1.587E-02  3.000E+02  3.012E+02
   0.15592   7    0.21147  35   1.013E+05  1.022E-02  1.691E-02  3.000E+02  3.012E+02
   0.15592   7    0.21778  36   1.013E+05  8.938E-03  1.845E-02  3.000E+02  3.012E+02
   0.15592   7    0.22409  37   1.013E+05  7.509E-03  1.971E-02  3.000E+02  3.012E+02
   0.15592   7    0.23041  38   1.013E+05  6.311E-03  2.105E-02  3.000E+02  3.012E+02
   0.15592   7    0.23672  39   1.013E+05  5.325E-03  2.258E-02  3.000E+02  3.012E+02
   0.15592   7    0.24303  40   1.013E+05  4.095E-03  2.411E-02  3.000E+02  3.011E+02
   0.15592   7    0.24934  41   1.013E+05  3.048E-03  2.610E-02  3.000E+02  3.011E+02
   0.15592   7    0.25566  42   1.013E+05  1.981E-03  2.732E-02  3.000E+02  3.010E+02
   0.15592   7    0.26197  43   1.013E+05  2.720E-04  2.865E-02  3.000E+02  3.010E+02
   0.15592   7    0.26828  44   1.013E+05 -2.043E-03  3.005E-02  3.000E+02  3.009E+02
   0.15592   7    0.27459  45   1.013E+05 -4.976E-03  3.133E-02  3.000E+02  3.007E+02
   0.15592   7    0.28091  46   1.013E+05 -7.900E-03  3.147E-02  3.000E+02  3.005E+02
   0.15592   7    0.28722  47   1.013E+05 -9.577E-03  3.126E-02  3.000E+02  3.004E+02
   0.15592   7    0.29353  48   1.013E+05 -1.034E-02  3.055E-02  3.000E+02  3.003E+02
   0.15592   7    0.29984  49   1.013E+05 -1.104E-02  2.949E-02  3.000E+02  3.001E+02
   0.15592   7    0.30616  50   1.013E+05 -1.166E-02  2.717E-02  3.000E+02  2.999E+02
   0.15592   7    0.31247  51   1.013E+05 -1.223E-02  2.470E-02  3.000E+02  2.996E+02
   0.15592   7    0.31878  52   1.013E+05 -1.268E-02  2.321E-02  3.000E+02  2.995E+02
   0.15592   7    0.32509  53   1.013E+05 -1.276E-02  2.195E-02  3.000E+02  2.995E+02
   0.15592   7    0.33141  54   1.013E+05 -1.275E-02  2.144E-02  3.000E+02  2.994E+02
   0.15592   7    0.33772  55   1.013E+05 -1.237E-02  2.168E-02  3.000E+02  2.993E+02
   0.15592   7    0.34403  56   1.013E+05 -1.186E-02  2.219E-02  3.000E+02  2.992E+02
   0.15592   7    0.35034  57   1.013E+05 -1.132E-02  2.270E-02  3.000E+02  2.992E+02
   0.15592   7    0.35666  58   1.013E+05 -1.073E-02  2.295E-02  3.000E+02  2.991E+02
   0.15592   7    0.36297  59   1.013E+05 -9.940E-03  2.295E-02  3.000E+02  2.991E+02
   0.15592   7    0.36928  60   1.013E+05 -8.985E-03  2.287E-02  3.000E+02  2.990E+02
   0.15592   7    0.37559  61   1.013E+05 -8.264E-03  2.301E-02  3.000E+02  2.989E+02
   0.15592   7    0.38191  62   1.013E+05 -7.598E-03  2.349E-02  3.000E+02  2.989E+02
   0.15592   7    0.38822  63   1.013E+05 -6.754E-03  2.439E-02  3.000E+02  2.988E+02
   0.15592   7    0.39453  64   1.013E+05 -5.668E-03  2.556E-02  3.000E+02  2.988E+02
   0.15592   7    0.40084  65   1.013E+05 -4.499E-03  2.664E-02  3.000E+02  2.987E+02
   0.15592   7    0.40716  66   1.013E+05 -3.258E-03  2.750E-02  3.000E+02  2.986E+02
   0.15592   7    0.41347  67   1.013E+05 -1.785E-03  2.812E-02  3.000E+02  2.985E+02
   0.15592   7    0.41978  68   1.013E+05 -2.488E-05  2.820E-02  3.000E+02  2.984E+02
   0.15592   7    0.42609  69   1.013E+05  1.147E-03  2.784E-02  3.000E+02  2.983E+02
   0.15592   7    0.43241  70   1.013E+05  1.785E-03  2.767E-02  3.000E+02  2.982E+02
   0.15592   7    0.43872  71   1.013E+05  2.329E-03  2.745E-02  3.000E+02  2.982E+02
   0.15592   7    0.44503  72   1.013E+05  2.990E-03  2.691E-02  3.000E+02  2.981E+02
   0.15592   7    0.45134  73   1.013E+05  3.762E-03  2.616E-02  3.000E+02  2.981E+02
   0.15592   7    0.45766  74   1.013E+05  4.430E-03  2.538E-02  3.000E+02  2.980E+02
   0.15592   7    0.46397  75   1.013E+05  4.867E-03  2.458E-02  3.000E+02  2.979E+02
   0.15592   7    0.47028  76   1.013E+05  5.120E-03  2.386E-02  3.000E+02  2.978E+02
   0.15592   7    0.47659  77   1.013E+05  5.261E-03  2.328E-02  3.000E+02  2.977E+02
   0.15592   7    0.48291  78   1.013E+05  5.311E-03  2.279E-02  3.000E+02  2.976E+02
   0.15592   7    0.48922  79   1.013E+05  5.282E-03  2.236E-02  3.000E+02  2.975E+02
   0.15592   7    0.49553  80   1.013E+05  5.156E-03  2.213E-02  3.000E+02  2.975E+02
   0.15592   7    0.50184  81   1.013E+05  5.001E-03  2.062E-02  3.000E+02  2.974E+02
   0.15592   7    0.50500  82   1.013E+05  5.001E-03  2.062E-02  3.000E+02  2.974E+02
   0.18427   8    0.00000   1   1.013E+05  0.000E+00  0.000E+00  3.000E+02  2.992E+02
   0.18427   8    0.00316   2   1.013E+05 -2.819E-02  4.092E-02  3.000E+02  2.992E+02
   0.18427   8    0.00947   3   1.013E+05 -6.893E-03  1.969E-02  3.000E+02  2.995E+02
   0.18427   8    0.01578   4   1.013E+05  1.632E-02  6.980E-03  3.000E+02  2.998E+02
   0.18427   8    0.02209   5   1.013E+05  1.494E-02  6.659E-03  3.000E+02  2.998E+02
   0.18427   8    0.02841   6   1.013E+05  1.269E-02  5.743E-03  3.000E+02  2.998E+02
   0.18427   8    0.03472   7   1.013E+05  1.123E-02  2.433E-03  3.000E+02  2.999E+02
   0.18427   8    0.04103   8   1.013E+05  1.077E-02 -3.055E-03  3.000E+02  2.999E+02
   0.18427   8    0.04734   9   1.013E+05  9.890E-03 -4.055E-03  3.000E+02  2.999E+02
   0.18427   8    0.05366  10   1.013E+05  8.922E-03 -3.949E-03  3.000E+02  2.999E+02
   0.18427   8    0.05997  11   1.013E+05  8.602E-03 -3.089E-03  3.000E+02  2.999E+02
   0.18427   8    0.06628  12   1.013E+05  2.277E-03  1.617E-02  3.000E+02  3.004E+02
   0.18427   8    0.07259  13   1.013E+05 -1.723E-04  1.906E-02  3.000E+02  3.006E+02
   0.18427   8    0.07891  14   1.013E+05 -8.739E-04  1.797E-02  3.000E+02  3.007E+02
   0.18427   8    0.08522  15   1.013E+05 -8.864E-04  1.478E-02  3.000E+02  3.008E+02
   0.18427   8    0.09153  16   1.013E+05  5.031E-04  1.397E-02  3.000E+02  3.010E+02
   0.18427   8    0.09784  17   1.013E+05  6.266E-04  1.931E-02  3.000E+02  3.010E+02
   0.18427   8    0.10416  18   1.013E+05  7.390E-05  2.848E-02  3.000E+02  3.011E+02
   0.18427   8    0.11047  19   1.013E+05  3.913E-04  2.390E-02  3.000E+02  3.006E+02
   0.18427   8    0.11678  20   1.013E+05  1.582E-03  1.734E-02  3.000E+02  3.006E+02
   0.18427   8    0.12309  21   1.013E+05  3.206E-03  1.349E-02  3.000E+02  3.006E+02
   0.18427   8    0.12941  22   1.013E+05  3.898E-03  8.144E-03  3.000E+02  3.006E+02
   0.18427   8    0.13572  23   1.013E+05  2.983E-03  4.366E-03  3.000E+02  3.006E+02
   0.18427   8    0.14203  24   1.013E+05  2.770E-03  4.499E-03  3.000E+02  3.006E+02
   0.18427   8    0.14834  25   1.013E+05  4.222E-03  1.361E-02  3.000E+02  3.007E+02
   0.18427   8    0.15466  26   1.013E+05  3.853E-03  1.877E-02  3.000E+02  3.007E+02
   0.18427   8    0.16097  27   1.013E+05  2.643E-03  1.948E-02  3.000E+02  3.007E+02
   0.18427   8    0.16728  28   1.013E+05  2.524E-03  2.195E-02  3.000E+02  3.007E+02
   0.18427   8    0.17359  29   1.013E+05  2.428E-03  2.268E-02  3.000E+02  3.007E+02
   0.18427   8    0.17991  30   1.013E+05  2.836E-03  2.277E-02  3.000E+02  3.008E+02
   0.18427   8    0.18622  31   1.013E+05  2.764E-03  2.436E-02  3.000E+02  3.009E+02
   0.18427   8    0.19253  32   1.013E+05  2.503E-03  2.619E-02  3.000E+02  3.009E+02
   0.18427   8    0.19884  33   1.013E+05  1.848E-03  2.764E-02  3.000E+02  3.009E+02
   0.18427   8    0.20516  34   1.013E+05  8.855E-04  2.878E-02  3.000E+02  3.009E+02
   0.18427   8    0.21147  35   1.013E+05 -3.510E-04  2.991E-02  3.000E+02  3.010E+02
   0.18427   8    0.21778  36   1.013E+05 -1.827E-03  3.103E-02  3.000E+02  3.010E+02
   0.18427   8    0.22409  37   1.013E+05 -3.390E-03  3.192E-02  3.000E+02  3.010E+02
   0.18427   8    0.23041  38   1.013E+05 -4.959E-03  3.280E-02  3.000E+02  3.010E+02
   0.18427   8    0.23672  39   1.013E+05 -7.152E-03  3.431E-02  3.000E+02  3.009E+02
   0.18427   8    0.24303  40   1.013E+05 -9.799E-03  3.581E-02  3.000E+02  3.009E+02
   0.18427   8    0.24934  41   1.013E+05 -1.279E-02  3.608E-02  3.000E+02  3.006E+02
   0.18427   8    0.25566  42   1.013E+05 -1.606E-02  3.652E-02  3.000E+02  3.004E+02
   0.18427   8    0.26197  43   1.013E+05 -1.753E-02  3.702E-02  3.000E+02  3.002E+02
   0.18427   8    0.26828  44   1.013E+05 -1.838E-02  3.739E-02  3.000E+02  3.002E+02
   0.18427   8    0.27459  45   1.013E+05 -1.904E-02  3.752E-02  3.000E+02  3.002E+02
   0.18427   8    0.28091  46   1.013E+05 -1.924E-02  3.672E-02  3.000E+02  3.000E+02
   0.18427   8    0.28722  47   1.013E+05 -1.951E-02  3.540E-02  3.000E+02  2.998E+02
   0.18427   8    0.29353  48   1.013E+05 -1.898E-02  3.327E-02  3.000E+02  2.995E+02
   0.18427   8    0.29984  49   1.013E+05 -2.110E-02  3.204E-02  3.000E+02  2.993E+02
   0.18427   8    0.30616  50   1.013E+05 -2.538E-02  3.030E-02  3.000E+02  2.992E+02
   0.18427   8    0.31247  51   1.013E+05 -2.847E-02  2.931E-02  3.000E+02  2.990E+02
   0.18427   8    0.31878  52   1.013E+05 -2.883E-02  2.921E-02  3.000E+02  2.989E+02
   0.18427   8    0.32509  53   1.013E+05 -2.682E-02  2.945E-02  3.000E+02  2.987E+02
   0.18427   8    0.33141  54   1.013E+05 -2.226E-02  2.930E-02  3.000E+02  2.987E+02
   0.18427   8    0.33772  55   1.013E+05 -1.807E-02  2.909E-02  3.000E+02  2.986E+02
   0.18427   8    0.34403  56   1.013E+05 -1.566E-02  2.891E-02  3.000E+02  2.985E+02
   0.18427   8    0.35034  57   1.013E+05 -1.413E-02  2.885E-02  3.000E+02  2.985E+02
   0.18427   8    0.35666  58   1.013E+05 -1.308E-02  2.873E-02  3.000E+02  2.985E+02
   0.18427   8    0.36297  59   1.013E+05 -1.215E-02  2.848E-02  3.000E+02  2.985E+02
   0.18427   8    0.36928  60   1.013E+05 -1.150E-02  2.835E-02  3.000E+02  2.985E+02
   0.18427   8    0.37559  61   1.013E+05 -1.104E-02  2.820E-02  3.000E+02  2.985E+02
   0.18427   8    0.38191  62   1.013E+05 -1.062E-02  2.788E-02  3.000E+02  2.985E+02
   0.18427   8    0.38822  63   1.013E+05 -1.017E-02  2.741E-02  3.000E+02  2.985E+02
   0.18427   8    0.39453  64   1.013E+05 -9.586E-03  2.687E-02  3.000E+02  2.984E+02
   0.18427   8    0.40084  65   1.013E+05 -8.792E-03  2.636E-02  3.000E+02  2.984E+02
   0.18427   8    0.40716  66   1.013E+05 -7.898E-03  2.585E-02  3.000E+02  2.983E+02
   0.18427   8    0.41347  67   1.013E+05 -6.930E-03  2.531E-02  3.000E+02  2.982E+02
   0.18427   8    0.41978  68   1.013E+05 -5.904E-03  2.476E-02  3.000E+02  2.981E+02
   0.18427   8    0.42609  69   1.013E+05 -4.899E-03  2.424E-02  3.000E+02  2.980E+02
   0.18427   8    0.43241  70   1.013E+05 -3.982E-03  2.377E-02  3.000E+02  2.979E+02
   0.18427   8    0.43872  71   1.013E+05 -3.097E-03  2.330E-02  3.000E+02  2.978E+02
   0.18427   8    0.44503  72   1.013E+05 -2.229E-03  2.289E-02  3.000E+02  2.978E+02
   0.18427   8    0.45134  73   1.013E+05 -1.367E-03  2.245E-02  3.000E+02  2.977E+02
   0.18427   8    0.45766  74   1.013E+05 -5.909E-04  2.199E-02  3.000E+02  2.976E+02
   0.18427   8    0.46397  75   1.013E+05  6.438E-05  2.155E-02  3.000E+02  2.976E+02
   0.18427   8    0.47028  76   1.013E+05  5.921E-04  2.117E-02  3.000E+02  2.975E+02
   0.18427   8    0.47659  77   1.013E+05  1.012E-03  2.085E-02  3.000E+02  2.975E+02
   0.18427   8    0.48291  78   1.013E+05  1.340E-03  2.057E-02  3.000E+02  2.974E+02
   0.18427   8    0.48922  79   1.013E+05  1.586E-03  2.032E-02  3.000E+02  2.974E+02
   0.18427   8    0.49553  80   1.013E+05  1.751E-03  2.018E-02  3.000E+02  2.973E+02
   0.18427   8    0.50184  81   1.013E+05  1.887E-03  1.938E-02  3.000E+02  2.973E+02
   0.18427   8    0.50500  82   1.013E+05  1.887E-03  1.938E-02  3.000E+02  2.973E+02
   0.21262   9    0.00000   1   1.013E+05  0.000E+00  0.000E+00  3.000E+02  2.992E+02
   0.21262   9    0.00316   2   1.013E+05 -3.935E-02  7.245E-02  3.000E+02  2.992E+02
   0.21262   9    0.00947   3   1.013E+05 -3.173E-02  8.270E-02  3.000E+02  2.993E+02
   0.21262   9    0.01578   4   1.013E+05  8.316E-03  3.399E-02  3.000E+02  2.997E+02
   0.21262   9    0.02209   5   1.013E+05  6.803E-03  2.107E-02  3.000E+02  2.998E+02
   0.21262   9    0.02841   6   1.013E+05  4.241E-03  1.665E-02  3.000E+02  2.998E+02
   0.21262   9    0.03472   7   1.013E+05  3.132E-03  2.244E-02  3.000E+02  2.998E+02
   0.21262   9    0.04103   8   1.013E+05  7.665E-03  3.437E-02  3.000E+02  2.998E+02
   0.21262   9    0.04734   9   1.013E+05  1.067E-02  3.734E-02  3.000E+02  2.998E+02
   0.21262   9    0.05366  10   1.013E+05  1.040E-02  3.801E-02  3.000E+02  2.999E+02
   0.21262   9    0.05997  11   1.013E+05  8.343E-03  3.783E-02  3.000E+02  2.999E+02
   0.21262   9    0.06628  12   1.013E+05  6.992E-03  3.676E-02  3.000E+02  3.000E+02
   0.21262   9    0.07259  13   1.013E+05  5.616E-03  3.499E-02  3.000E+02  3.001E+02
   0.21262   9    0.07891  14   1.013E+05  4.844E-03  3.271E-02  3.000E+02  3.002E+02
   0.21262   9    0.08522  15   1.013E+05  4.354E-03  2.971E-02  3.000E+02  3.002E+02
   0.21262   9    0.09153  16   1.013E+05  4.555E-03  2.596E-02  3.000E+02  3.003E+02
   0.21262   9    0.09784  17   1.013E+05  5.285E-03  2.255E-02  3.000E+02  3.004E+02
   0.21262   9    0.10416  18   1.013E+05  4.867E-03  2.201E-02  3.000E+02  3.004E+02
   0.21262   9    0.11047  19   1.013E+05  5.746E-03  2.407E-02  3.000E+02  2.998E+02
   0.21262   9    0.11678  20   1.013E+05  7.620E-03  2.517E-02  3.000E+02  2.998E+02
   0.21262   9    0.12309  21   1.013E+05  1.002E-02  2.454E-02  3.000E+02  2.998E+02
   0.21262   9    0.12941  22   1.013E+05  1.129E-02  2.368E-02  3.000E+02  2.998E+02
   0.21262   9    0.13572  23   1.013E+05  1.428E-02  2.202E-02  3.000E+02  2.999E+02
   0.21262   9    0.14203  24   1.013E+05  1.838E-02  1.693E-02  3.000E+02  3.000E+02
   0.21262   9    0.14834  25   1.013E+05  1.698E-02  4.884E-03  3.000E+02  3.001E+02
   0.21262   9    0.15466  26   1.013E+05  1.489E-02  3.791E-04  3.000E+02  3.002E+02
   0.21262   9    0.16097  27   1.013E+05 -7.390E-04  2.605E-02  3.000E+02  3.002E+02
   0.21262   9    0.16728  28   1.013E+05  5.196E-03  3.625E-02  3.000E+02  3.002E+02
   0.21262   9    0.17359  29   1.013E+05  1.862E-02  3.637E-02  3.000E+02  3.001E+02
   0.21262   9    0.17991  30   1.013E+05  2.230E-02  3.885E-02  3.000E+02  3.001E+02
   0.21262   9    0.18622  31   1.013E+05  2.552E-02  4.146E-02  3.000E+02  3.000E+02
   0.21262   9    0.19253  32   1.013E+05  2.846E-02  4.418E-02  3.000E+02  3.000E+02
   0.21262   9    0.19884  33   1.013E+05  3.093E-02  4.618E-02  3.000E+02  2.999E+02
   0.21262   9    0.20516  34   1.013E+05  3.284E-02  4.713E-02  3.000E+02  2.999E+02
   0.21262   9    0.21147  35   1.013E+05  3.373E-02  4.704E-02  3.000E+02  2.999E+02
   0.21262   9    0.21778  36   1.013E+05  3.263E-02  4.858E-02  3.000E+02  3.000E+02
   0.21262   9    0.22409  37   1.013E+05  3.087E-02  5.063E-02  3.000E+02  3.001E+02
   0.21262   9    0.23041  38   1.013E+05  2.883E-02  5.262E-02  3.000E+02  3.001E+02
   0.21262   9    0.23672  39   1.013E+05  2.660E-02  5.426E-02  3.000E+02  3.002E+02
   0.21262   9    0.24303  40   1.013E+05  2.385E-02  5.647E-02  3.000E+02  3.002E+02
   0.21262   9    0.24934  41   1.013E+05  2.226E-02  5.797E-02  3.000E+02  3.001E+02
   0.21262   9    0.25566  42   1.013E+05  2.128E-02  5.896E-02  3.000E+02  3.001E+02
   0.21262   9    0.26197  43   1.013E+05  1.350E-02  5.924E-02  3.000E+02  2.999E+02
   0.21262   9    0.26828  44   1.013E+05  8.294E-03  5.900E-02  3.000E+02  2.998E+02
   0.21262   9    0.27459  45   1.013E+05  5.038E-03  5.823E-02  3.000E+02  2.997E+02
   0.21262   9    0.28091  46   1.013E+05  3.186E-03  5.653E-02  3.000E+02  2.997E+02
   0.21262   9    0.28722  47   1.013E+05  1.965E-03  5.463E-02  3.000E+02  2.996E+02
   0.21262   9    0.29353  48   1.013E+05  1.318E-03  4.476E-02  3.000E+02  2.995E+02
   0.21262   9    0.29984  49   1.013E+05  1.213E-03  2.639E-02  3.000E+02  2.994E+02
   0.21262   9    0.30616  50   1.013E+05 -1.113E-02 -2.945E-03  3.000E+02  2.993E+02
   0.21262   9    0.31247  51   1.013E+05 -1.358E-02  7.110E-03  3.000E+02  2.992E+02
   0.21262   9    0.31878  52   1.013E+05 -1.574E-02  2.525E-02  3.000E+02  2.992E+02
   0.21262   9    0.32509  53   1.013E+05 -1.786E-02  4.859E-02  3.000E+02  2.991E+02
   0.21262   9    0.33141  54   1.013E+05 -1.464E-02  5.600E-02  3.000E+02  2.991E+02
   0.21262   9    0.33772  55   1.013E+05 -1.056E-02  4.920E-02  3.000E+02  2.990E+02
   0.21262   9    0.34403  56   1.013E+05 -8.056E-03  3.889E-02  3.000E+02  2.990E+02
   0.21262   9    0.35034  57   1.013E+05 -4.869E-03  3.201E-02  3.000E+02  2.989E+02
   0.21262   9    0.35666  58   1.013E+05 -2.532E-03  2.749E-02  3.000E+02  2.989E+02
   0.21262   9    0.36297  59   1.013E+05 -9.206E-04  2.443E-02  3.000E+02  2.988E+02
   0.21262   9    0.36928  60   1.013E+05  1.238E-04  2.250E-02  3.000E+02  2.988E+02
   0.21262   9    0.37559  61   1.013E+05  7.541E-04  2.166E-02  3.000E+02  2.987E+02
   0.21262   9    0.38191  62   1.013E+05  1.095E-03  2.169E-02  3.000E+02  2.986E+02
   0.21262   9    0.38822  63   1.013E+05 -1.120E-04  2.215E-02  3.000E+02  2.986E+02
   0.21262   9    0.39453  64   1.013E+05 -1.282E-03  2.278E-02  3.000E+02  2.985E+02
   0.21262   9    0.40084  65   1.013E+05 -9.055E-04  2.351E-02  3.000E+02  2.985E+02
   0.21262   9    0.40716  66   1.013E+05 -5.036E-04  2.423E-02  3.000E+02  2.984E+02
   0.21262   9    0.41347  67   1.013E+05 -8.049E-05  2.460E-02  3.000E+02  2.982E+02
   0.21262   9    0.41978  68   1.013E+05  3.085E-04  2.468E-02  3.000E+02  2.981E+02
   0.21262   9    0.42609  69   1.013E+05  5.791E-04  2.464E-02  3.000E+02  2.980E+02
   0.21262   9    0.43241  70   1.013E+05  7.530E-04  2.518E-02  3.000E+02  2.979E+02
   0.21262   9    0.43872  71   1.013E+05  9.317E-04  2.614E-02  3.000E+02  2.979E+02
   0.21262   9    0.44503  72   1.013E+05  1.105E-03  2.679E-02  3.000E+02  2.978E+02
   0.21262   9    0.45134  73   1.013E+05  1.307E-03  2.620E-02  3.000E+02  2.977E+02
   0.21262   9    0.45766  74   1.013E+05  1.488E-03  2.455E-02  3.000E+02  2.976E+02
   0.21262   9    0.46397  75   1.013E+05  1.625E-03  2.262E-02  3.000E+02  2.975E+02
   0.21262   9    0.47028  76   1.013E+05  1.713E-03  2.071E-02  3.000E+02  2.974E+02
   0.21262   9    0.47659  77   1.013E+05  1.752E-03  1.890E-02  3.000E+02  2.973E+02
   0.21262   9    0.48291  78   1.013E+05  1.744E-03  1.721E-02  3.000E+02  2.972E+02
   0.21262   9    0.48922  79   1.013E+05  1.699E-03  1.557E-02  3.000E+02  2.971E+02
   0.21262   9    0.49553  80   1.013E+05  1.631E-03  1.434E-02  3.000E+02  2.971E+02
   0.21262   9    0.50184  81   1.013E+05  1.544E-03  1.031E-02  3.000E+02  2.970E+02
   0.21262   9    0.50500  82   1.013E+05  1.544E-03  1.031E-02  3.000E+02  2.970E+02
   0.24097  10    0.00000   1   1.013E+05  0.000E+00  0.000E+00  2.930E+02  2.931E+02
   0.24097  10    0.00316   2   1.013E+05  2.101E-05 -5.237E-06  2.930E+02  2.931E+02
   0.24097  10    0.00947   3   1.013E+05  1.521E-05 -1.297E-05  2.931E+02  2.931E+02
   0.24097  10    0.01578   4   1.013E+05  7.719E-06 -1.260E-05  2.931E+02  2.931E+02
   0.24097  10    0.02209   5   1.013E+05  5.437E-06 -9.767E-06  2.931E+02  2.931E+02
   0.24097  10    0.02841   6   1.013E+05  6.050E-06 -7.995E-06  2.931E+02  2.932E+02
   0.24097  10    0.03472   7   1.013E+05  1.554E-05 -1.022E-05  2.931E+02  2.932E+02
   0.24097  10    0.04103   8   1.013E+05  1.705E-05 -1.353E-05  2.932E+02  2.932E+02
   0.24097  10    0.04734   9   1.013E+05  1.059E-05 -1.722E-05  2.932E+02  2.932E+02
   0.24097  10    0.05366  10   1.013E+05  3.964E-06 -2.860E-05  2.932E+02  2.932E+02
   0.24097  10    0.05997  11   1.013E+05  4.030E-06 -2.691E-05  2.932E+02  2.932E+02
   0.24097  10    0.06628  12   1.013E+05  4.218E-06 -1.224E-05  2.932E+02  2.933E+02
   0.24097  10    0.07259  13   1.013E+05  6.185E-06 -6.162E-06  2.933E+02  2.933E+02
   0.24097  10    0.07891  14   1.013E+05  7.340E-06 -1.068E-05  2.934E+02  2.935E+02
   0.24097  10    0.08522  15   1.013E+05  7.083E-06 -2.140E-05  2.937E+02  2.938E+02
   0.24097  10    0.09153  16   1.013E+05  4.914E-06 -2.220E-05  2.944E+02  2.946E+02
   0.24097  10    0.09784  17   1.013E+05 -1.365E-06 -1.542E-05  2.959E+02  2.965E+02
   0.24097  10    0.10416  18   1.013E+05  2.856E-06  2.193E-05  2.982E+02  3.040E+02
   0.24097  10    0.11047  19   1.013E+05  2.942E-06  2.000E-06  2.958E+02  2.970E+02
   0.24097  10    0.11678  20   1.013E+05  2.207E-06  5.272E-06  2.944E+02  2.948E+02
   0.24097  10    0.12309  21   1.013E+05 -4.197E-06  3.067E-06  2.937E+02  2.938E+02
   0.24097  10    0.12941  22   1.013E+05 -4.093E-06  3.991E-06  2.934E+02  2.935E+02
   0.24097  10    0.13572  23   1.013E+05 -4.223E-06  6.462E-06  2.933E+02  2.933E+02
   0.24097  10    0.14203  24   1.013E+05 -1.163E-05  9.379E-06  2.932E+02  2.932E+02
   0.24097  10    0.14834  25   1.013E+05 -1.285E-05  1.135E-05  2.932E+02  2.932E+02
   0.24097  10    0.15466  26   1.013E+05 -7.400E-06 -1.380E-06  2.932E+02  2.932E+02
   0.24097  10    0.16097  27   1.013E+05 -1.626E-06 -8.789E-06  2.931E+02  2.932E+02
   0.24097  10    0.16728  28   1.013E+05 -1.535E-06  1.050E-06  2.931E+02  2.932E+02
   0.24097  10    0.17359  29   1.013E+05 -8.926E-06  3.399E-06  2.931E+02  2.932E+02
   0.24097  10    0.17991  30   1.013E+05 -9.719E-06  1.955E-06  2.931E+02  2.931E+02
   0.24097  10    0.18622  31   1.013E+05 -9.356E-06  1.826E-06  2.931E+02  2.931E+02
   0.24097  10    0.19253  32   1.013E+05 -9.201E-06  2.416E-06  2.931E+02  2.931E+02
   0.24097  10    0.19884  33   1.013E+05 -9.017E-06  3.803E-06  2.931E+02  2.931E+02
   0.24097  10    0.20516  34   1.013E+05 -8.886E-06  4.439E-06  2.931E+02  2.931E+02
   0.24097  10    0.21147  35   1.013E+05 -8.746E-06  3.449E-06  2.931E+02  2.931E+02
   0.24097  10    0.21778  36   1.013E+05 -8.624E-06  2.416E-06  2.931E+02  2.931E+02
   0.24097  10    0.22409  37   1.013E+05 -8.572E-06  2.184E-06  2.931E+02  2.931E+02
   0.24097  10    0.23041  38   1.013E+05 -8.576E-06  2.289E-06  2.931E+02  2.931E+02
   0.24097  10    0.23672  39   1.013E+05 -8.637E-06  2.747E-06  2.931E+02  2.931E+02
   0.24097  10    0.24303  40   1.013E+05 -7.678E-06  3.081E-06  2.931E+02  2.931E+02
   0.24097  10    0.24934  41   1.013E+05 -7.922E-06  3.292E-06  2.931E+02  2.931E+02
   0.24097  10    0.25566  42   1.013E+05 -6.976E-06  3.632E-06  2.931E+02  2.931E+02
   0.24097  10    0.26197  43   1.013E+05 -3.216E-07  4.172E-06  2.931E+02  2.931E+02
   0.24097  10    0.26828  44   1.013E+05  7.475E-07  4.509E-06  2.931E+02  2.931E+02
   0.24097  10    0.27459  45   1.013E+05  7.575E-07  4.388E-06  2.930E+02  2.931E+02
   0.24097  10    0.28091  46   1.013E+05  1.055E-06  4.289E-06  2.930E+02  2.931E+02
   0.24097  10    0.28722  47   1.013E+05  1.388E-06  4.567E-06  2.930E+02  2.931E+02
   0.24097  10    0.29353  48   1.013E+05  1.571E-06  5.303E-06  2.930E+02  2.931E+02
   0.24097  10    0.29984  49   1.013E+05  2.916E-06  8.059E-06  2.930E+02  2.931E+02
   0.24097  10    0.30616  50   1.013E+05  1.049E-05  9.536E-06  2.930E+02  2.931E+02
   0.24097  10    0.31247  51   1.013E+05  1.024E-05  6.976E-06  2.930E+02  2.931E+02
   0.24097  10    0.31878  52   1.013E+05  8.709E-06  3.276E-06  2.930E+02  2.931E+02
   0.24097  10    0.32509  53   1.013E+05  7.202E-06 -1.939E-06  2.930E+02  2.931E+02
   0.24097  10    0.33141  54   1.013E+05 -1.136E-06 -6.451E-06  2.930E+02  2.931E+02
   0.24097  10    0.33772  55   1.013E+05 -2.350E-07 -7.298E-06  2.930E+02  2.931E+02
   0.24097  10    0.34403  56   1.013E+05  5.750E-07 -6.812E-06  2.930E+02  2.931E+02
   0.24097  10    0.35034  57   1.013E+05  4.978E-08 -5.902E-06  2.930E+02  2.930E+02
   0.24097  10    0.35666  58   1.013E+05  2.959E-07 -4.628E-06  2.930E+02  2.931E+02
   0.24097  10    0.36297  59   1.013E+05  4.146E-07 -3.619E-06  2.930E+02  2.931E+02
   0.24097  10    0.36928  60   1.013E+05  4.516E-07 -2.576E-06  2.930E+02  2.931E+02
   0.24097  10    0.37559  61   1.013E+05  4.324E-07 -1.673E-06  2.930E+02  2.931E+02
   0.24097  10    0.38191  62   1.013E+05  3.581E-07 -8.112E-07  2.930E+02  2.930E+02
   0.24097  10    0.38822  63   1.013E+05  1.284E-06 -3.710E-07  2.930E+02  2.930E+02
   0.24097  10    0.39453  64   1.013E+05  1.224E-06 -6.500E-07  2.930E+02  2.931E+02
   0.24097  10    0.40084  65   1.013E+05  1.774E-07 -7.599E-07  2.930E+02  2.931E+02
   0.24097  10    0.40716  66   1.013E+05  1.414E-07 -5.553E-07  2.930E+02  2.931E+02
   0.24097  10    0.41347  67   1.013E+05  1.002E-07 -4.847E-07  2.930E+02  2.931E+02
   0.24097  10    0.41978  68   1.013E+05  5.755E-08 -4.310E-07  2.930E+02  2.931E+02
   0.24097  10    0.42609  69   1.013E+05  3.560E-08 -4.125E-07  2.930E+02  2.930E+02
   0.24097  10    0.43241  70   1.013E+05  7.386E-09 -3.085E-07  2.930E+02  2.930E+02
   0.24097  10    0.43872  71   1.013E+05 -8.778E-08 -3.588E-07  2.930E+02  2.931E+02
   0.24097  10    0.44503  72   1.013E+05 -1.799E-07 -4.711E-07  2.930E+02  2.931E+02
   0.24097  10    0.45134  73   1.013E+05 -2.672E-07 -4.925E-07  2.930E+02  2.931E+02
   0.24097  10    0.45766  74   1.013E+05 -2.681E-07 -5.900E-07  2.930E+02  2.931E+02
   0.24097  10    0.46397  75   1.013E+05 -2.425E-07 -6.375E-07  2.930E+02  2.931E+02
   0.24097  10    0.47028  76   1.013E+05 -2.088E-07 -6.509E-07  2.930E+02  2.931E+02
   0.24097  10    0.47659  77   1.013E+05 -1.758E-07 -6.358E-07  2.930E+02  2.931E+02
   0.24097  10    0.48291  78   1.013E+05 -1.454E-07 -5.954E-07  2.930E+02  2.931E+02
   0.24097  10    0.48922  79   1.013E+05 -1.174E-07 -5.501E-07  2.930E+02  2.931E+02
   0.24097  10    0.49553  80   1.013E+05 -8.910E-08 -4.110E-07  2.930E+02  2.931E+02
   0.24097  10    0.50184  81   1.013E+05 -8.660E-08 -6.750E-07  2.930E+02  2.931E+02
   0.24097  10    0.50500  82   1.013E+05 -8.660E-08 -6.750E-07  2.930E+02  2.930E+02
   0.26932  11    0.00000   1   1.013E+05  0.000E+00  0.000E+00  2.930E+02  2.930E+02
   0.26932  11    0.00316   2   1.013E+05  6.128E-06 -5.012E-05  2.930E+02  2.930E+02
   0.26932  11    0.00947   3   1.013E+05 -3.790E-06 -1.797E-05  2.930E+02  2.930E+02
   0.26932  11    0.01578   4   1.013E+05 -3.234E-06 -6.257E-06  2.930E+02  2.930E+02
   0.26932  11    0.02209   5   1.013E+05 -2.250E-06 -3.070E-06  2.930E+02  2.930E+02
   0.26932  11    0.02841   6   1.013E+05 -1.609E-06 -5.073E-06  2.930E+02  2.930E+02
   0.26932  11    0.03472   7   1.013E+05 -1.458E-06 -4.737E-06  2.930E+02  2.930E+02
   0.26932  11    0.04103   8   1.013E+05 -2.377E-07 -8.798E-06  2.930E+02  2.930E+02
   0.26932  11    0.04734   9   1.013E+05 -2.353E-07 -2.059E-05  2.930E+02  2.930E+02
   0.26932  11    0.05366  10   1.013E+05 -9.174E-06 -2.085E-05  2.930E+02  2.931E+02
   0.26932  11    0.05997  11   1.013E+05  1.696E-06 -9.123E-06  2.931E+02  2.931E+02
   0.26932  11    0.06628  12   1.013E+05  3.384E-06 -5.137E-06  2.931E+02  2.931E+02
   0.26932  11    0.07259  13   1.013E+05  3.525E-06 -4.817E-06  2.931E+02  2.931E+02
   0.26932  11    0.07891  14   1.013E+05  3.960E-06 -8.236E-06  2.932E+02  2.933E+02
   0.26932  11    0.08522  15   1.013E+05  4.363E-06 -1.814E-05  2.935E+02  2.936E+02
   0.26932  11    0.09153  16   1.013E+05  4.997E-06 -1.967E-05  2.942E+02  2.944E+02
   0.26932  11    0.09784  17   1.013E+05  5.341E-06 -1.750E-05  2.956E+02  2.962E+02
   0.26932  11    0.10416  18   1.013E+05  5.148E-06  1.483E-05  2.980E+02  3.027E+02
   0.26932  11    0.11047  19   1.013E+05  5.374E-06 -4.233E-06  2.956E+02  2.963E+02
   0.26932  11    0.11678  20   1.013E+05  4.460E-06 -1.247E-05  2.942E+02  2.944E+02
   0.26932  11    0.12309  21   1.013E+05 -6.405E-06 -1.446E-05  2.935E+02  2.936E+02
   0.26932  11    0.12941  22   1.013E+05 -7.476E-06 -2.135E-06  2.932E+02  2.933E+02
   0.26932  11    0.13572  23   1.013E+05 -7.519E-06  2.768E-06  2.931E+02  2.931E+02
   0.26932  11    0.14203  24   1.013E+05 -8.094E-06  2.638E-06  2.931E+02  2.931E+02
   0.26932  11    0.14834  25   1.013E+05 -8.843E-06  2.764E-06  2.931E+02  2.931E+02
   0.26932  11    0.15466  26   1.013E+05 -9.853E-06  3.492E-06  2.930E+02  2.930E+02
   0.26932  11    0.16097  27   1.013E+05  7.507E-07 -8.609E-07  2.930E+02  2.930E+02
   0.26932  11    0.16728  28   1.013E+05  4.193E-07 -1.271E-05  2.930E+02  2.930E+02
   0.26932  11    0.17359  29   1.013E+05 -1.056E-05 -1.283E-05  2.930E+02  2.930E+02
   0.26932  11    0.17991  30   1.013E+05 -1.145E-05 -1.381E-06  2.930E+02  2.930E+02
   0.26932  11    0.18622  31   1.013E+05 -1.119E-05  2.672E-06  2.930E+02  2.930E+02
   0.26932  11    0.19253  32   1.013E+05 -1.115E-05  1.878E-06  2.930E+02  2.930E+02
   0.26932  11    0.19884  33   1.013E+05 -1.120E-05  2.038E-06  2.930E+02  2.930E+02
   0.26932  11    0.20516  34   1.013E+05 -1.144E-05  1.967E-06  2.930E+02  2.930E+02
   0.26932  11    0.21147  35   1.013E+05 -1.165E-05  1.856E-06  2.930E+02  2.930E+02
   0.26932  11    0.21778  36   1.013E+05 -1.170E-05  1.695E-06  2.930E+02  2.930E+02
   0.26932  11    0.22409  37   1.013E+05 -1.173E-05  1.522E-06  2.930E+02  2.930E+02
   0.26932  11    0.23041  38   1.013E+05 -1.176E-05  1.308E-06  2.930E+02  2.930E+02
   0.26932  11    0.23672  39   1.013E+05 -1.186E-05  1.149E-06  2.930E+02  2.930E+02
   0.26932  11    0.24303  40   1.013E+05 -1.203E-05  3.557E-07  2.930E+02  2.930E+02
   0.26932  11    0.24934  41   1.013E+05 -1.238E-05  4.855E-06  2.930E+02  2.930E+02
   0.26932  11    0.25566  42   1.013E+05 -1.160E-05  1.692E-05  2.930E+02  2.930E+02
   0.26932  11    0.26197  43   1.013E+05 -9.613E-07  1.721E-05  2.930E+02  2.930E+02
   0.26932  11    0.26828  44   1.013E+05 -2.432E-07  5.578E-06  2.930E+02  2.930E+02
   0.26932  11    0.27459  45   1.013E+05 -6.491E-07  1.386E-06  2.930E+02  2.930E+02
   0.26932  11    0.28091  46   1.013E+05 -8.443E-07  2.012E-06  2.930E+02  2.930E+02
   0.26932  11    0.28722  47   1.013E+05 -1.096E-06  1.665E-06  2.930E+02  2.930E+02
   0.26932  11    0.29353  48   1.013E+05 -1.437E-06  1.400E-06  2.930E+02  2.930E+02
   0.26932  11    0.29984  49   1.013E+05 -1.921E-06  1.082E-06  2.930E+02  2.930E+02
   0.26932  11    0.30616  50   1.013E+05 -2.959E-06  1.022E-06  2.930E+02  2.930E+02
   0.26932  11    0.31247  51   1.013E+05 -3.801E-06  1.097E-06  2.930E+02  2.930E+02
   0.26932  11    0.31878  52   1.013E+05 -4.249E-06  9.626E-07  2.930E+02  2.930E+02
   0.26932  11    0.32509  53   1.013E+05 -4.290E-06  7.228E-07  2.930E+02  2.930E+02
   0.26932  11    0.33141  54   1.013E+05 -3.622E-06 -1.537E-09  2.930E+02  2.930E+02
   0.26932  11    0.33772  55   1.013E+05 -2.818E-06 -7.803E-07  2.930E+02  2.930E+02
   0.26932  11    0.34403  56   1.013E+05 -2.139E-06 -6.949E-07  2.930E+02  2.930E+02
   0.26932  11    0.35034  57   1.013E+05 -1.431E-06 -7.279E-07  2.930E+02  2.930E+02
   0.26932  11    0.35666  58   1.013E+05 -9.655E-07 -1.032E-06  2.930E+02  2.930E+02
   0.26932  11    0.36297  59   1.013E+05 -6.109E-07 -1.093E-06  2.930E+02  2.930E+02
   0.26932  11    0.36928  60   1.013E+05 -3.858E-07 -1.090E-06  2.930E+02  2.930E+02
   0.26932  11    0.37559  61   1.013E+05 -2.636E-07 -1.020E-06  2.930E+02  2.930E+02
   0.26932  11    0.38191  62   1.013E+05 -2.245E-07 -9.870E-07  2.930E+02  2.930E+02
   0.26932  11    0.38822  63   1.013E+05 -2.873E-07 -6.268E-07  2.930E+02  2.930E+02
   0.26932  11    0.39453  64   1.013E+05 -2.663E-07  1.714E-08  2.930E+02  2.930E+02
   0.26932  11    0.40084  65   1.013E+05 -1.239E-07  1.097E-07  2.930E+02  2.930E+02
   0.26932  11    0.40716  66   1.013E+05 -5.806E-08 -1.073E-07  2.930E+02  2.930E+02
   0.26932  11    0.41347  67   1.013E+05 -9.660E-09 -2.011E-07  2.930E+02  2.930E+02
   0.26932  11    0.41978  68   1.013E+05  1.915E-08 -2.856E-07  2.930E+02  2.930E+02
   0.26932  11    0.42609  69   1.013E+05  3.647E-08 -3.397E-07  2.930E+02  2.930E+02
   0.26932  11    0.43241  70   1.013E+05  4.921E-08 -3.910E-07  2.930E+02  2.930E+02
   0.26932  11    0.43872  71   1.013E+05  3.228E-08 -3.685E-07  2.930E+02  2.930E+02
   0.26932  11    0.44503  72   1.013E+05  6.168E-08 -5.121E-07  2.930E+02  2.930E+02
   0.26932  11    0.45134  73   1.013E+05  3.786E-08 -6.503E-07  2.930E+02  2.930E+02
   0.26932  11    0.45766  74   1.013E+05  4.099E-08 -6.135E-07  2.930E+02  2.930E+02
   0.26932  11    0.46397  75   1.013E+05  4.583E-08 -6.346E-07  2.930E+02  2.930E+02
   0.26932  11    0.47028  76   1.013E+05  5.391E-08 -6.348E-07  2.930E+02  2.930E+02
   0.26932  11    0.47659  77   1.013E+05  6.106E-08 -6.339E-07  2.930E+02  2.930E+02
   0.26932  11    0.48291  78   1.013E+05  6.512E-08 -6.238E-07  2.930E+02  2.930E+02
   0.26932  11    0.48922  79   1.013E+05  6.482E-08 -6.346E-07  2.930E+02  2.930E+02
   0.26932  11    0.49553  80   1.013E+05  5.566E-08 -5.060E-07  2.930E+02  2.930E+02
   0.26932  11    0.50184  81   1.013E+05  5.226E-08 -1.186E-06  2.930E+02  2.930E+02
   0.26932  11    0.50500  82   1.013E+05  5.226E-08 -1.186E-06  2.930E+02  2.930E+02
   0.28350  12    0.00000   1   1.013E+05  0.000E+00  0.000E+00  2.930E+02  2.930E+02
   0.28350  12    0.00316   2   1.013E+05  0.000E+00  0.000E+00  2.930E+02  2.930E+02
   0.28350  12    0.00947   3   1.013E+05  0.000E+00  0.000E+00  2.930E+02  2.930E+02
   0.28350  12    0.01578   4   1.013E+05  0.000E+00  0.000E+00  2.930E+02  2.930E+02
   0.28350  12    0.02209   5   1.013E+05  0.000E+00  0.000E+00  2.930E+02  2.930E+02
   0.28350  12    0.02841   6   1.013E+05  0.000E+00  0.000E+00  2.930E+02  2.930E+02
   0.28350  12    0.03472   7   1.013E+05  0.000E+00  0.000E+00  2.930E+02  2.930E+02
   0.28350  12    0.04103   8   1.013E+05  0.000E+00  0.000E+00  2.930E+02  2.930E+02
   0.28350  12    0.04734   9   1.013E+05  0.000E+00  0.000E+00  2.930E+02  2.930E+02
   0.28350  12    0.05366  10   1.013E+05  0.000E+00  0.000E+00  2.930E+02  2.931E+02
   0.28350  12    0.05997  11   1.013E+05  0.000E+00  0.000E+00  2.931E+02  2.931E+02
   0.28350  12    0.06628  12   1.013E+05  0.000E+00  0.000E+00  2.931E+02  2.931E+02
   0.28350  12    0.07259  13   1.013E+05  0.000E+00  0.000E+00  2.931E+02  2.931E+02
   0.28350  12    0.07891  14   1.013E+05  0.000E+00  0.000E+00  2.932E+02  2.933E+02
   0.28350  12    0.08522  15   1.013E+05  0.000E+00  0.000E+00  2.935E+02  2.936E+02
   0.28350  12    0.09153  16   1.013E+05  0.000E+00  0.000E+00  2.942E+02  2.944E+02
   0.28350  12    0.09784  17   1.013E+05  0.000E+00  0.000E+00  2.956E+02  2.962E+02
   0.28350  12    0.10416  18   1.013E+05  0.000E+00  0.000E+00  2.980E+02  3.027E+02
   0.28350  12    0.11047  19   1.013E+05  0.000E+00  0.000E+00  2.956E+02  2.963E+02
   0.28350  12    0.11678  20   1.013E+05  0.000E+00  0.000E+00  2.942E+02  2.944E+02
   0.28350  12    0.12309  21   1.013E+05  0.000E+00  0.000E+00  2.935E+02  2.936E+02
   0.28350  12    0.12941  22   1.013E+05  0.000E+00  0.000E+00  2.932E+02  2.933E+02
   0.28350  12    0.13572  23   1.013E+05  0.000E+00  0.000E+00  2.931E+02  2.931E+02
   0.28350  12    0.14203  24   1.013E+05  0.000E+00  0.000E+00  2.931E+02  2.931E+02
   0.28350  12    0.14834  25   1.013E+05  0.000E+00  0.000E+00  2.931E+02  2.931E+02
   0.28350  12    0.15466  26   1.013E+05  0.000E+00  0.000E+00  2.930E+02  2.930E+02
   0.28350  12    0.16097  27   1.013E+05  0.000E+00  0.000E+00  2.930E+02  2.930E+02
   0.28350  12    0.16728  28   1.013E+05  0.000E+00  0.000E+00  2.930E+02  2.930E+02
   0.28350  12    0.17359  29   1.013E+05  0.000E+00  0.000E+00  2.930E+02  2.930E+02
   0.28350  12    0.17991  30   1.013E+05  0.000E+00  0.000E+00  2.930E+02  2.930E+02
   0.28350  12    0.18622  31   1.013E+05  0.000E+00  0.000E+00  2.930E+02  2.930E+02
   0.28350  12    0.19253  32   1.013E+05  0.000E+00  0.000E+00  2.930E+02  2.930E+02
   0.28350  12    0.19884  33   1.013E+05  0.000E+00  0.000E+00  2.930E+02  2.930E+02
   0.28350  12    0.20516  34   1.013E+05  0.000E+00  0.000E+00  2.930E+02  2.930E+02
   0.28350  12    0.21147  35   1.013E+05  0.000E+00  0.000E+00  2.930E+02  2.930E+02
   0.28350  12    0.21778  36   1.013E+05  0.000E+00  0.000E+00  2.930E+02  2.930E+02
   0.28350  12    0.22409  37   1.013E+05  0.000E+00  0.000E+00  2.930E+02  2.930E+02
   0.28350  12    0.23041  38   1.013E+05  0.000E+00  0.000E+00  2.930E+02  2.930E+02
   0.28350  12    0.23672  39   1.013E+05  0.000E+00  0.000E+00  2.930E+02  2.930E+02
   0.28350  12    0.24303  40   1.013E+05  0.000E+00  0.000E+00  2.930E+02  2.930E+02
   0.28350  12    0.24934  41   1.013E+05  0.000E+00  0.000E+00  2.930E+02  2.930E+02
   0.28350  12    0.25566  42   1.013E+05  0.000E+00  0.000E+00  2.930E+02  2.930E+02
   0.28350  12    0.26197  43   1.013E+05  0.000E+00  0.000E+00  2.930E+02  2.930E+02
   0.28350  12    0.26828  44   1.013E+05  0.000E+00  0.000E+00  2.930E+02  2.930E+02
   0.28350  12    0.27459  45   1.013E+05  0.000E+00  0.000E+00  2.930E+02  2.930E+02
   0.28350  12    0.28091  46   1.013E+05  0.000E+00  0.000E+00  2.930E+02  2.930E+02
   0.28350  12    0.28722  47   1.013E+05  0.000E+00  0.000E+00  2.930E+02  2.930E+02
   0.28350  12    0.29353  48   1.013E+05  0.000E+00  0.000E+00  2.930E+02  2.930E+02
   0.28350  12    0.29984  49   1.013E+05  0.000E+00  0.000E+00  2.930E+02  2.930E+02
   0.28350  12    0.30616  50   1.013E+05  0.000E+00  0.000E+00  2.930E+02  2.930E+02
   0.28350  12    0.31247  51   1.013E+05  0.000E+00  0.000E+00  2.930E+02  2.930E+02
   0.28350  12    0.31878  52   1.013E+05  0.000E+00  0.000E+00  2.930E+02  2.930E+02
   0.28350  12    0.32509  53   1.013E+05  0.000E+00  0.000E+00  2.930E+02  2.930E+02
   0.28350  12    0.33141  54   1.013E+05  0.000E+00  0.000E+00  2.930E+02  2.930E+02
   0.28350  12    0.33772  55   1.013E+05  0.000E+00  0.000E+00  2.930E+02  2.930E+02
   0.28350  12    0.34403  56   1.013E+05  0.000E+00  0.000E+00  2.930E+02  2.930E+02
   0.28350  12    0.35034  57   1.013E+05  0.000E+00  0.000E+00  2.930E+02  2.930E+02
   0.28350  12    0.35666  58   1.013E+05  0.000E+00  0.000E+00  2.930E+02  2.930E+02
   0.28350  12    0.36297  59   1.013E+05  0.000E+00  0.000E+00  2.930E+02  2.930E+02
   0.28350  12    0.36928  60   1.013E+05  0.000E+00  0.000E+00  2.930E+02  2.930E+02
   0.28350  12    0.37559  61   1.013E+05  0.000E+00  0.000E+00  2.930E+02  2.930E+02
   0.28350  12    0.38191  62   1.013E+05  0.000E+00  0.000E+00  2.930E+02  2.930E+02
   0.28350  12    0.38822  63   1.013E+05  0.000E+00  0.000E+00  2.930E+02  2.930E+02
   0.28350  12    0.39453  64   1.013E+05  0.000E+00  0.000E+00  2.930E+02  2.930E+02
   0.28350  12    0.40084  65   1.013E+05  0.000E+00  0.000E+00  2.930E+02  2.930E+02
   0.28350  12    0.40716  66   1.013E+05  0.000E+00  0.000E+00  2.930E+02  2.930E+02
   0.28350  12    0.41347  67   1.013E+05  0.000E+00  0.000E+00  2.930E+02  2.930E+02
   0.28350  12    0.41978  68   1.013E+05  0.000E+00  0.000E+00  2.930E+02  2.930E+02
   0.28350  12    0.42609  69   1.013E+05  0.000E+00  0.000E+00  2.930E+02  2.930E+02
   0.28350  12    0.43241  70   1.013E+05  0.000E+00  0.000E+00  2.930E+02  2.930E+02
   0.28350  12    0.43872  71   1.013E+05  0.000E+00  0.000E+00  2.930E+02  2.930E+02
   0.28350  12    0.44503  72   1.013E+05  0.000E+00  0.000E+00  2.930E+02  2.930E+02
   0.28350  12    0.45134  73   1.013E+05  0.000E+00  0.000E+00  2.930E+02  2.930E+02
   0.28350  12    0.45766  74   1.013E+05  0.000E+00  0.000E+00  2.930E+02  2.930E+02
   0.28350  12    0.46397  75   1.013E+05  0.000E+00  0.000E+00  2.930E+02  2.930E+02
   0.28350  12    0.47028  76   1.013E+05  0.000E+00  0.000E+00  2.930E+02  2.930E+02
   0.28350  12    0.47659  77   1.013E+05  0.000E+00  0.000E+00  2.930E+02  2.930E+02
   0.28350  12    0.48291  78   1.013E+05  0.000E+00  0.000E+00  2.930E+02  2.930E+02
   0.28350  12    0.48922  79   1.013E+05  0.000E+00  0.000E+00  2.930E+02  2.930E+02
   0.28350  12    0.49553  80   1.013E+05  0.000E+00  0.000E+00  2.930E+02  2.930E+02
   0.28350  12    0.50184  81   1.013E+05  0.000E+00  0.000E+00  2.930E+02  2.930E+02
   0.28350  12    0.50500  82   1.013E+05  5.226E-08 -1.186E-06  2.930E+02  2.930E+02
