VARIABLES="XP","YP","P","U","V","TS","TF"
ZONE T="Zone 001"I=    82 J=    12 F=POINT
  0.000E+00  0.000E+00  1.020E+05  0.000E+00  0.000E+00  2.930E+02  2.930E+02
  0.000E+00  3.156E-03  1.020E+05  0.000E+00  0.000E+00  2.930E+02  2.930E+02
  0.000E+00  9.469E-03  1.020E+05  0.000E+00  0.000E+00  2.930E+02  2.930E+02
  0.000E+00  1.578E-02  1.020E+05  0.000E+00  0.000E+00  2.930E+02  2.930E+02
  0.000E+00  2.209E-02  1.020E+05  0.000E+00  0.000E+00  2.930E+02  2.930E+02
  0.000E+00  2.841E-02  1.020E+05  0.000E+00  0.000E+00  2.930E+02  2.930E+02
  0.000E+00  3.472E-02  1.020E+05  0.000E+00  0.000E+00  2.930E+02  2.930E+02
  0.000E+00  4.103E-02  1.019E+05  0.000E+00  0.000E+00  2.930E+02  2.930E+02
  0.000E+00  4.734E-02  1.019E+05  0.000E+00  0.000E+00  2.930E+02  2.930E+02
  0.000E+00  5.366E-02  1.019E+05  0.000E+00  0.000E+00  2.930E+02  2.930E+02
  0.000E+00  5.997E-02  1.019E+05  0.000E+00  0.000E+00  2.931E+02  2.930E+02
  0.000E+00  6.628E-02  1.019E+05  0.000E+00  0.000E+00  2.931E+02  2.931E+02
  0.000E+00  7.259E-02  1.019E+05  0.000E+00  0.000E+00  2.931E+02  2.931E+02
  0.000E+00  7.891E-02  1.019E+05  0.000E+00  0.000E+00  2.932E+02  2.932E+02
  0.000E+00  8.522E-02  1.019E+05  0.000E+00  0.000E+00  2.933E+02  2.933E+02
  0.000E+00  9.153E-02  1.019E+05  0.000E+00  0.000E+00  2.934E+02  2.934E+02
  0.000E+00  9.784E-02  1.019E+05  0.000E+00  0.000E+00  2.936E+02  2.936E+02
  0.000E+00  1.042E-01  1.019E+05  0.000E+00  0.000E+00  2.939E+02  2.939E+02
  0.000E+00  1.105E-01  1.019E+05  0.000E+00  0.000E+00  2.943E+02  2.943E+02
  0.000E+00  1.168E-01  1.019E+05  0.000E+00  0.000E+00  2.949E+02  2.948E+02
  0.000E+00  1.231E-01  1.018E+05  0.000E+00  0.000E+00  2.956E+02  2.955E+02
  0.000E+00  1.294E-01  1.018E+05  0.000E+00  0.000E+00  2.966E+02  2.965E+02
  0.000E+00  1.357E-01  1.018E+05  0.000E+00  0.000E+00  2.979E+02  2.977E+02
  0.000E+00  1.420E-01  1.018E+05  0.000E+00  0.000E+00  2.995E+02  2.993E+02
  0.000E+00  1.483E-01  1.018E+05  0.000E+00  0.000E+00  3.016E+02  3.013E+02
  0.000E+00  1.547E-01  1.018E+05  0.000E+00  0.000E+00  3.041E+02  3.037E+02
  0.000E+00  1.610E-01  1.018E+05  0.000E+00  0.000E+00  3.072E+02  3.067E+02
  0.000E+00  1.673E-01  1.018E+05  0.000E+00  0.000E+00  3.109E+02  3.103E+02
  0.000E+00  1.736E-01  1.018E+05  0.000E+00  0.000E+00  3.153E+02  3.146E+02
  0.000E+00  1.799E-01  1.018E+05  0.000E+00  0.000E+00  3.203E+02  3.195E+02
  0.000E+00  1.862E-01  1.018E+05  0.000E+00  0.000E+00  3.259E+02  3.250E+02
  0.000E+00  1.925E-01  1.018E+05  0.000E+00  0.000E+00  3.322E+02  3.312E+02
  0.000E+00  1.988E-01  1.017E+05  0.000E+00  0.000E+00  3.390E+02  3.379E+02
  0.000E+00  2.052E-01  1.017E+05  0.000E+00  0.000E+00  3.462E+02  3.451E+02
  0.000E+00  2.115E-01  1.017E+05  0.000E+00  0.000E+00  3.538E+02  3.527E+02
  0.000E+00  2.178E-01  1.017E+05  0.000E+00  0.000E+00  3.615E+02  3.604E+02
  0.000E+00  2.241E-01  1.017E+05  0.000E+00  0.000E+00  3.692E+02  3.680E+02
  0.000E+00  2.304E-01  1.017E+05  0.000E+00  0.000E+00  3.766E+02  3.755E+02
  0.000E+00  2.367E-01  1.017E+05  0.000E+00  0.000E+00  3.836E+02  3.825E+02
  0.000E+00  2.430E-01  1.017E+05  0.000E+00  0.000E+00  3.899E+02  3.889E+02
  0.000E+00  2.493E-01  1.017E+05  0.000E+00  0.000E+00  3.953E+02  3.945E+02
  0.000E+00  2.557E-01  1.017E+05  0.000E+00  0.000E+00  3.997E+02  3.990E+02
  0.000E+00  2.620E-01  1.017E+05  0.000E+00  0.000E+00  4.030E+02  4.025E+02
  0.000E+00  2.683E-01  1.016E+05  0.000E+00  0.000E+00  4.050E+02  4.046E+02
  0.000E+00  2.746E-01  1.016E+05  0.000E+00  0.000E+00  4.057E+02  4.055E+02
  0.000E+00  2.809E-01  1.016E+05  0.000E+00  0.000E+00  4.051E+02  4.052E+02
  0.000E+00  2.872E-01  1.016E+05  0.000E+00  0.000E+00  4.033E+02  4.035E+02
  0.000E+00  2.935E-01  1.016E+05  0.000E+00  0.000E+00  4.004E+02  4.008E+02
  0.000E+00  2.998E-01  1.016E+05  0.000E+00  0.000E+00  3.964E+02  3.969E+02
  0.000E+00  3.062E-01  1.016E+05  0.000E+00  0.000E+00  3.916E+02  3.922E+02
  0.000E+00  3.125E-01  1.016E+05  0.000E+00  0.000E+00  3.860E+02  3.868E+02
  0.000E+00  3.188E-01  1.016E+05  0.000E+00  0.000E+00  3.799E+02  3.808E+02
  0.000E+00  3.251E-01  1.016E+05  0.000E+00  0.000E+00  3.735E+02  3.744E+02
  0.000E+00  3.314E-01  1.015E+05  0.000E+00  0.000E+00  3.669E+02  3.679E+02
  0.000E+00  3.377E-01  1.015E+05  0.000E+00  0.000E+00  3.602E+02  3.612E+02
  0.000E+00  3.440E-01  1.015E+05  0.000E+00  0.000E+00  3.536E+02  3.546E+02
  0.000E+00  3.503E-01  1.015E+05  0.000E+00  0.000E+00  3.472E+02  3.482E+02
  0.000E+00  3.567E-01  1.015E+05  0.000E+00  0.000E+00  3.411E+02  3.420E+02
  0.000E+00  3.630E-01  1.015E+05  0.000E+00  0.000E+00  3.354E+02  3.363E+02
  0.000E+00  3.693E-01  1.015E+05  0.000E+00  0.000E+00  3.300E+02  3.309E+02
  0.000E+00  3.756E-01  1.015E+05  0.000E+00  0.000E+00  3.251E+02  3.259E+02
  0.000E+00  3.819E-01  1.015E+05  0.000E+00  0.000E+00  3.207E+02  3.214E+02
  0.000E+00  3.882E-01  1.015E+05  0.000E+00  0.000E+00  3.167E+02  3.173E+02
  0.000E+00  3.945E-01  1.015E+05  0.000E+00  0.000E+00  3.131E+02  3.137E+02
  0.000E+00  4.008E-01  1.015E+05  0.000E+00  0.000E+00  3.100E+02  3.105E+02
  0.000E+00  4.072E-01  1.014E+05  0.000E+00  0.000E+00  3.073E+02  3.077E+02
  0.000E+00  4.135E-01  1.014E+05  0.000E+00  0.000E+00  3.049E+02  3.053E+02
  0.000E+00  4.198E-01  1.014E+05  0.000E+00  0.000E+00  3.029E+02  3.032E+02
  0.000E+00  4.261E-01  1.014E+05  0.000E+00  0.000E+00  3.012E+02  3.015E+02
  0.000E+00  4.324E-01  1.014E+05  0.000E+00  0.000E+00  2.997E+02  3.000E+02
  0.000E+00  4.387E-01  1.014E+05  0.000E+00  0.000E+00  2.985E+02  2.987E+02
  0.000E+00  4.450E-01  1.014E+05  0.000E+00  0.000E+00  2.975E+02  2.976E+02
  0.000E+00  4.513E-01  1.014E+05  0.000E+00  0.000E+00  2.966E+02  2.968E+02
  0.000E+00  4.577E-01  1.014E+05  0.000E+00  0.000E+00  2.959E+02  2.960E+02
  0.000E+00  4.640E-01  1.014E+05  0.000E+00  0.000E+00  2.954E+02  2.955E+02
  0.000E+00  4.703E-01  1.014E+05  0.000E+00  0.000E+00  2.949E+02  2.950E+02
  0.000E+00  4.766E-01  1.014E+05  0.000E+00  0.000E+00  2.945E+02  2.946E+02
  0.000E+00  4.829E-01  1.014E+05  0.000E+00  0.000E+00  2.942E+02  2.943E+02
  0.000E+00  4.892E-01  1.013E+05  0.000E+00  0.000E+00  2.940E+02  2.940E+02
  0.000E+00  4.955E-01  1.013E+05  0.000E+00  0.000E+00  2.938E+02  2.938E+02
  0.000E+00  5.018E-01  1.013E+05  0.000E+00  0.000E+00  2.936E+02  2.936E+02
  0.000E+00  5.050E-01  1.013E+05  0.000E+00  0.000E+00  2.936E+02  2.936E+02
  1.417E-02  0.000E+00  1.020E+05  7.628E-08  6.500E-02  2.930E+02  2.930E+02
  1.417E-02  3.156E-03  1.020E+05  7.628E-08  6.501E-02  2.930E+02  2.930E+02
  1.417E-02  9.469E-03  1.020E+05  5.615E-08  6.500E-02  2.930E+02  2.930E+02
  1.417E-02  1.578E-02  1.020E+05  4.108E-08  6.501E-02  2.930E+02  2.930E+02
  1.417E-02  2.209E-02  1.020E+05  2.992E-08  6.500E-02  2.930E+02  2.930E+02
  1.417E-02  2.841E-02  1.020E+05  3.555E-09  6.499E-02  2.930E+02  2.930E+02
  1.417E-02  3.472E-02  1.020E+05  1.939E-08  6.499E-02  2.930E+02  2.930E+02
  1.417E-02  4.103E-02  1.019E+05  1.939E-08  6.500E-02  2.930E+02  2.930E+02
  1.417E-02  4.734E-02  1.019E+05  2.241E-08  6.500E-02  2.930E+02  2.930E+02
  1.417E-02  5.366E-02  1.019E+05  2.463E-08  6.500E-02  2.930E+02  2.930E+02
  1.417E-02  5.997E-02  1.019E+05  2.718E-08  6.500E-02  2.931E+02  2.930E+02
  1.417E-02  6.628E-02  1.019E+05  3.027E-08  6.500E-02  2.931E+02  2.931E+02
  1.417E-02  7.259E-02  1.019E+05  3.392E-08  6.501E-02  2.931E+02  2.931E+02
  1.417E-02  7.891E-02  1.019E+05  3.701E-08  6.500E-02  2.932E+02  2.932E+02
  1.417E-02  8.522E-02  1.019E+05  3.947E-08  6.500E-02  2.933E+02  2.933E+02
  1.417E-02  9.153E-02  1.019E+05  4.367E-08  6.501E-02  2.934E+02  2.934E+02
  1.417E-02  9.784E-02  1.019E+05  4.741E-08  6.502E-02  2.936E+02  2.936E+02
  1.417E-02  1.042E-01  1.019E+05  5.068E-08  6.503E-02  2.939E+02  2.939E+02
  1.417E-02  1.105E-01  1.019E+05  5.428E-08  6.504E-02  2.943E+02  2.943E+02
  1.417E-02  1.168E-01  1.019E+05  5.821E-08  6.505E-02  2.949E+02  2.948E+02
  1.417E-02  1.231E-01  1.018E+05  6.185E-08  6.506E-02  2.956E+02  2.955E+02
  1.417E-02  1.294E-01  1.018E+05  6.504E-08  6.508E-02  2.966E+02  2.965E+02
  1.417E-02  1.357E-01  1.018E+05  6.746E-08  6.510E-02  2.979E+02  2.977E+02
  1.417E-02  1.420E-01  1.018E+05  6.736E-08  6.512E-02  2.995E+02  2.993E+02
  1.417E-02  1.483E-01  1.018E+05  6.920E-08  6.517E-02  3.016E+02  3.013E+02
  1.417E-02  1.547E-01  1.018E+05  5.358E-08  6.520E-02  3.041E+02  3.037E+02
  1.417E-02  1.610E-01  1.018E+05  7.626E-08  6.523E-02  3.072E+02  3.067E+02
  1.417E-02  1.673E-01  1.018E+05  7.933E-08  6.527E-02  3.109E+02  3.103E+02
  1.417E-02  1.736E-01  1.018E+05  8.139E-08  6.531E-02  3.153E+02  3.146E+02
  1.417E-02  1.799E-01  1.018E+05  7.653E-08  6.536E-02  3.203E+02  3.195E+02
  1.417E-02  1.862E-01  1.018E+05  6.966E-08  6.540E-02  3.259E+02  3.250E+02
  1.417E-02  1.925E-01  1.018E+05  4.217E-08  6.543E-02  3.322E+02  3.312E+02
  1.417E-02  1.988E-01  1.017E+05  4.791E-08  6.544E-02  3.390E+02  3.379E+02
  1.417E-02  2.052E-01  1.017E+05  3.123E-08  6.544E-02  3.462E+02  3.451E+02
  1.417E-02  2.115E-01  1.017E+05  1.902E-08  6.545E-02  3.538E+02  3.527E+02
  1.417E-02  2.178E-01  1.017E+05 -8.934E-09  6.545E-02  3.615E+02  3.604E+02
  1.417E-02  2.241E-01  1.017E+05 -4.838E-09  6.543E-02  3.692E+02  3.680E+02
  1.417E-02  2.304E-01  1.017E+05 -1.707E-08  6.540E-02  3.766E+02  3.755E+02
  1.417E-02  2.367E-01  1.017E+05 -2.885E-08  6.536E-02  3.836E+02  3.825E+02
  1.417E-02  2.430E-01  1.017E+05 -4.158E-08  6.531E-02  3.899E+02  3.889E+02
  1.417E-02  2.493E-01  1.017E+05 -5.519E-08  6.525E-02  3.953E+02  3.945E+02
  1.417E-02  2.557E-01  1.017E+05 -6.572E-08  6.519E-02  3.997E+02  3.990E+02
  1.417E-02  2.620E-01  1.017E+05 -7.291E-08  6.513E-02  4.030E+02  4.025E+02
  1.417E-02  2.683E-01  1.016E+05 -7.991E-08  6.506E-02  4.050E+02  4.046E+02
  1.417E-02  2.746E-01  1.016E+05 -8.613E-08  6.499E-02  4.057E+02  4.055E+02
  1.417E-02  2.809E-01  1.016E+05 -9.185E-08  6.493E-02  4.051E+02  4.052E+02
  1.417E-02  2.872E-01  1.016E+05 -9.769E-08  6.487E-02  4.033E+02  4.035E+02
  1.417E-02  2.935E-01  1.016E+05 -1.049E-07  6.480E-02  4.004E+02  4.008E+02
  1.417E-02  2.998E-01  1.016E+05 -1.180E-07  6.476E-02  3.964E+02  3.969E+02
  1.417E-02  3.062E-01  1.016E+05 -1.188E-07  6.471E-02  3.916E+02  3.922E+02
  1.417E-02  3.125E-01  1.016E+05 -1.635E-07  6.467E-02  3.860E+02  3.868E+02
  1.417E-02  3.188E-01  1.016E+05 -2.313E-07  6.465E-02  3.799E+02  3.808E+02
  1.417E-02  3.251E-01  1.016E+05 -3.296E-07  6.463E-02  3.735E+02  3.744E+02
  1.417E-02  3.314E-01  1.015E+05 -2.770E-07  6.462E-02  3.669E+02  3.679E+02
  1.417E-02  3.377E-01  1.015E+05 -2.322E-07  6.461E-02  3.602E+02  3.612E+02
  1.417E-02  3.440E-01  1.015E+05 -1.904E-07  6.458E-02  3.536E+02  3.546E+02
  1.417E-02  3.503E-01  1.015E+05 -1.511E-07  6.460E-02  3.472E+02  3.482E+02
  1.417E-02  3.567E-01  1.015E+05 -1.275E-07  6.463E-02  3.411E+02  3.420E+02
  1.417E-02  3.630E-01  1.015E+05 -1.080E-07  6.465E-02  3.354E+02  3.363E+02
  1.417E-02  3.693E-01  1.015E+05 -9.291E-08  6.467E-02  3.300E+02  3.309E+02
  1.417E-02  3.756E-01  1.015E+05 -8.132E-08  6.469E-02  3.251E+02  3.259E+02
  1.417E-02  3.819E-01  1.015E+05 -7.108E-08  6.472E-02  3.207E+02  3.214E+02
  1.417E-02  3.882E-01  1.015E+05 -6.079E-08  6.476E-02  3.167E+02  3.173E+02
  1.417E-02  3.945E-01  1.015E+05 -5.088E-08  6.479E-02  3.131E+02  3.137E+02
  1.417E-02  4.008E-01  1.015E+05 -4.237E-08  6.480E-02  3.100E+02  3.105E+02
  1.417E-02  4.072E-01  1.014E+05 -3.515E-08  6.483E-02  3.073E+02  3.077E+02
  1.417E-02  4.135E-01  1.014E+05 -2.920E-08  6.485E-02  3.049E+02  3.053E+02
  1.417E-02  4.198E-01  1.014E+05 -2.437E-08  6.487E-02  3.029E+02  3.032E+02
  1.417E-02  4.261E-01  1.014E+05 -2.057E-08  6.489E-02  3.012E+02  3.015E+02
  1.417E-02  4.324E-01  1.014E+05 -1.737E-08  6.491E-02  2.997E+02  3.000E+02
  1.417E-02  4.387E-01  1.014E+05 -1.439E-08  6.492E-02  2.985E+02  2.987E+02
  1.417E-02  4.450E-01  1.014E+05 -1.181E-08  6.493E-02  2.975E+02  2.976E+02
  1.417E-02  4.513E-01  1.014E+05 -9.667E-09  6.495E-02  2.966E+02  2.968E+02
  1.417E-02  4.577E-01  1.014E+05 -7.667E-09  6.496E-02  2.959E+02  2.960E+02
  1.417E-02  4.640E-01  1.014E+05 -5.839E-09  6.496E-02  2.954E+02  2.955E+02
  1.417E-02  4.703E-01  1.014E+05 -4.337E-09  6.497E-02  2.949E+02  2.950E+02
  1.417E-02  4.766E-01  1.014E+05 -3.071E-09  6.498E-02  2.945E+02  2.946E+02
  1.417E-02  4.829E-01  1.014E+05 -2.032E-09  6.499E-02  2.942E+02  2.943E+02
  1.417E-02  4.892E-01  1.013E+05 -1.215E-09  6.499E-02  2.940E+02  2.940E+02
  1.417E-02  4.955E-01  1.013E+05 -5.884E-10  6.499E-02  2.938E+02  2.938E+02
  1.417E-02  5.018E-01  1.013E+05 -3.518E-10  6.500E-02  2.936E+02  2.936E+02
  1.417E-02  5.050E-01  1.013E+05 -3.518E-10  6.500E-02  2.936E+02  2.930E+02
  4.252E-02  0.000E+00  1.020E+05  1.135E-07  6.500E-02  2.930E+02  2.930E+02
  4.252E-02  3.156E-03  1.020E+05  1.135E-07  6.501E-02  2.930E+02  2.930E+02
  4.252E-02  9.469E-03  1.020E+05  9.255E-08  6.500E-02  2.930E+02  2.930E+02
  4.252E-02  1.578E-02  1.020E+05  7.641E-08  6.501E-02  2.930E+02  2.930E+02
  4.252E-02  2.209E-02  1.020E+05  6.420E-08  6.500E-02  2.930E+02  2.930E+02
  4.252E-02  2.841E-02  1.020E+05  3.643E-08  6.499E-02  2.930E+02  2.930E+02
  4.252E-02  3.472E-02  1.020E+05  5.198E-08  6.499E-02  2.930E+02  2.930E+02
  4.252E-02  4.103E-02  1.019E+05  5.148E-08  6.500E-02  2.930E+02  2.930E+02
  4.252E-02  4.734E-02  1.019E+05  5.446E-08  6.500E-02  2.930E+02  2.930E+02
  4.252E-02  5.366E-02  1.019E+05  5.691E-08  6.500E-02  2.930E+02  2.930E+02
  4.252E-02  5.997E-02  1.019E+05  6.007E-08  6.500E-02  2.931E+02  2.930E+02
  4.252E-02  6.628E-02  1.019E+05  6.394E-08  6.500E-02  2.931E+02  2.931E+02
  4.252E-02  7.259E-02  1.019E+05  6.767E-08  6.501E-02  2.931E+02  2.931E+02
  4.252E-02  7.891E-02  1.019E+05  7.597E-08  6.500E-02  2.932E+02  2.932E+02
  4.252E-02  8.522E-02  1.019E+05  6.411E-08  6.500E-02  2.933E+02  2.933E+02
  4.252E-02  9.153E-02  1.019E+05  8.745E-08  6.501E-02  2.934E+02  2.934E+02
  4.252E-02  9.784E-02  1.019E+05  9.099E-08  6.502E-02  2.936E+02  2.936E+02
  4.252E-02  1.042E-01  1.019E+05  9.895E-08  6.503E-02  2.939E+02  2.939E+02
  4.252E-02  1.105E-01  1.019E+05  1.065E-07  6.504E-02  2.943E+02  2.943E+02
  4.252E-02  1.168E-01  1.019E+05  1.145E-07  6.505E-02  2.949E+02  2.948E+02
  4.252E-02  1.231E-01  1.018E+05  1.225E-07  6.506E-02  2.956E+02  2.955E+02
  4.252E-02  1.294E-01  1.018E+05  1.300E-07  6.508E-02  2.966E+02  2.964E+02
  4.252E-02  1.357E-01  1.018E+05  1.364E-07  6.510E-02  2.979E+02  2.977E+02
  4.252E-02  1.420E-01  1.018E+05  1.394E-07  6.512E-02  2.995E+02  2.993E+02
  4.252E-02  1.483E-01  1.018E+05  1.437E-07  6.517E-02  3.016E+02  3.013E+02
  4.252E-02  1.547E-01  1.018E+05  1.275E-07  6.520E-02  3.041E+02  3.037E+02
  4.252E-02  1.610E-01  1.018E+05  1.504E-07  6.523E-02  3.072E+02  3.067E+02
  4.252E-02  1.673E-01  1.018E+05  1.348E-07  6.527E-02  3.109E+02  3.103E+02
  4.252E-02  1.736E-01  1.018E+05  1.565E-07  6.531E-02  3.153E+02  3.146E+02
  4.252E-02  1.799E-01  1.018E+05  1.537E-07  6.536E-02  3.202E+02  3.195E+02
  4.252E-02  1.862E-01  1.018E+05  1.499E-07  6.540E-02  3.259E+02  3.250E+02
  4.252E-02  1.925E-01  1.018E+05  1.196E-07  6.543E-02  3.322E+02  3.312E+02
  4.252E-02  1.988E-01  1.017E+05  1.226E-07  6.544E-02  3.390E+02  3.379E+02
  4.252E-02  2.052E-01  1.017E+05  8.477E-08  6.544E-02  3.462E+02  3.451E+02
  4.252E-02  2.115E-01  1.017E+05  8.711E-08  6.545E-02  3.538E+02  3.526E+02
  4.252E-02  2.178E-01  1.017E+05  5.900E-08  6.545E-02  3.615E+02  3.603E+02
  4.252E-02  2.241E-01  1.017E+05  6.256E-08  6.543E-02  3.692E+02  3.680E+02
  4.252E-02  2.304E-01  1.017E+05  4.466E-08  6.540E-02  3.766E+02  3.755E+02
  4.252E-02  2.367E-01  1.017E+05  2.388E-08  6.536E-02  3.835E+02  3.825E+02
  4.252E-02  2.430E-01  1.017E+05  4.360E-11  6.532E-02  3.898E+02  3.889E+02
  4.252E-02  2.493E-01  1.017E+05 -2.666E-08  6.525E-02  3.953E+02  3.945E+02
  4.252E-02  2.557E-01  1.017E+05 -4.835E-08  6.519E-02  3.997E+02  3.990E+02
  4.252E-02  2.620E-01  1.017E+05 -6.397E-08  6.513E-02  4.029E+02  4.024E+02
  4.252E-02  2.683E-01  1.016E+05 -7.766E-08  6.506E-02  4.050E+02  4.046E+02
  4.252E-02  2.746E-01  1.016E+05 -8.797E-08  6.499E-02  4.057E+02  4.055E+02
  4.252E-02  2.809E-01  1.016E+05 -9.185E-08  6.493E-02  4.051E+02  4.052E+02
  4.252E-02  2.872E-01  1.016E+05 -9.269E-08  6.487E-02  4.033E+02  4.035E+02
  4.252E-02  2.935E-01  1.016E+05 -1.062E-07  6.481E-02  4.004E+02  4.008E+02
  4.252E-02  2.998E-01  1.016E+05 -1.147E-07  6.476E-02  3.964E+02  3.969E+02
  4.252E-02  3.062E-01  1.016E+05 -8.864E-08  6.471E-02  3.916E+02  3.922E+02
  4.252E-02  3.125E-01  1.016E+05  9.085E-08  6.467E-02  3.860E+02  3.868E+02
  4.252E-02  3.188E-01  1.016E+05 -7.234E-07  6.465E-02  3.799E+02  3.808E+02
  4.252E-02  3.251E-01  1.016E+05 -1.665E-06  6.463E-02  3.735E+02  3.744E+02
  4.252E-02  3.314E-01  1.015E+05 -1.391E-06  6.462E-02  3.669E+02  3.679E+02
  4.252E-02  3.377E-01  1.015E+05 -1.627E-06  6.461E-02  3.602E+02  3.612E+02
  4.252E-02  3.440E-01  1.015E+05 -7.544E-07  6.459E-02  3.536E+02  3.546E+02
  4.252E-02  3.503E-01  1.015E+05  7.224E-08  6.460E-02  3.472E+02  3.482E+02
  4.252E-02  3.567E-01  1.015E+05 -1.629E-07  6.463E-02  3.411E+02  3.420E+02
  4.252E-02  3.630E-01  1.015E+05 -1.539E-07  6.465E-02  3.354E+02  3.363E+02
  4.252E-02  3.693E-01  1.015E+05 -1.633E-07  6.467E-02  3.300E+02  3.309E+02
  4.252E-02  3.756E-01  1.015E+05 -1.891E-07  6.469E-02  3.251E+02  3.259E+02
  4.252E-02  3.819E-01  1.015E+05 -2.062E-07  6.473E-02  3.207E+02  3.214E+02
  4.252E-02  3.882E-01  1.015E+05 -1.772E-07  6.476E-02  3.167E+02  3.173E+02
  4.252E-02  3.945E-01  1.015E+05 -1.397E-07  6.479E-02  3.131E+02  3.137E+02
  4.252E-02  4.008E-01  1.015E+05 -1.177E-07  6.481E-02  3.100E+02  3.105E+02
  4.252E-02  4.072E-01  1.014E+05 -9.919E-08  6.483E-02  3.073E+02  3.077E+02
  4.252E-02  4.135E-01  1.014E+05 -8.508E-08  6.485E-02  3.049E+02  3.053E+02
  4.252E-02  4.198E-01  1.014E+05 -7.379E-08  6.487E-02  3.029E+02  3.032E+02
  4.252E-02  4.261E-01  1.014E+05 -6.486E-08  6.489E-02  3.012E+02  3.015E+02
  4.252E-02  4.324E-01  1.014E+05 -5.823E-08  6.491E-02  2.997E+02  3.000E+02
  4.252E-02  4.387E-01  1.014E+05 -5.368E-08  6.492E-02  2.985E+02  2.987E+02
  4.252E-02  4.450E-01  1.014E+05 -4.874E-08  6.493E-02  2.975E+02  2.976E+02
  4.252E-02  4.513E-01  1.014E+05 -4.067E-08  6.495E-02  2.966E+02  2.968E+02
  4.252E-02  4.577E-01  1.014E+05 -3.180E-08  6.496E-02  2.959E+02  2.960E+02
  4.252E-02  4.640E-01  1.014E+05 -2.501E-08  6.496E-02  2.954E+02  2.955E+02
  4.252E-02  4.703E-01  1.014E+05 -1.970E-08  6.497E-02  2.949E+02  2.950E+02
  4.252E-02  4.766E-01  1.014E+05 -1.516E-08  6.498E-02  2.945E+02  2.946E+02
  4.252E-02  4.829E-01  1.014E+05 -1.130E-08  6.499E-02  2.942E+02  2.943E+02
  4.252E-02  4.892E-01  1.013E+05 -7.986E-09  6.499E-02  2.940E+02  2.940E+02
  4.252E-02  4.955E-01  1.013E+05 -4.994E-09  6.499E-02  2.938E+02  2.938E+02
  4.252E-02  5.018E-01  1.013E+05 -3.531E-09  6.500E-02  2.936E+02  2.936E+02
  4.252E-02  5.050E-01  1.013E+05 -3.531E-09  6.500E-02  2.936E+02  2.930E+02
  7.087E-02  0.000E+00  1.020E+05  6.846E-08  6.500E-02  2.930E+02  2.930E+02
  7.087E-02  3.156E-03  1.020E+05  6.846E-08  6.501E-02  2.930E+02  2.930E+02
  7.087E-02  9.469E-03  1.020E+05  6.738E-08  6.500E-02  2.930E+02  2.930E+02
  7.087E-02  1.578E-02  1.020E+05  6.590E-08  6.501E-02  2.930E+02  2.930E+02
  7.087E-02  2.209E-02  1.020E+05  6.450E-08  6.500E-02  2.930E+02  2.930E+02
  7.087E-02  2.841E-02  1.020E+05  6.279E-08  6.499E-02  2.930E+02  2.930E+02
  7.087E-02  3.472E-02  1.020E+05  6.276E-08  6.499E-02  2.930E+02  2.930E+02
  7.087E-02  4.103E-02  1.019E+05  6.280E-08  6.500E-02  2.930E+02  2.930E+02
  7.087E-02  4.734E-02  1.019E+05  6.384E-08  6.500E-02  2.930E+02  2.930E+02
  7.087E-02  5.366E-02  1.019E+05  6.575E-08  6.500E-02  2.930E+02  2.930E+02
  7.087E-02  5.997E-02  1.019E+05  6.968E-08  6.500E-02  2.931E+02  2.930E+02
  7.087E-02  6.628E-02  1.019E+05  7.363E-08  6.500E-02  2.931E+02  2.931E+02
  7.087E-02  7.259E-02  1.019E+05  8.164E-08  6.501E-02  2.931E+02  2.931E+02
  7.087E-02  7.891E-02  1.019E+05  1.397E-07  6.500E-02  2.932E+02  2.932E+02
  7.087E-02  8.522E-02  1.019E+05  1.519E-07  6.500E-02  2.933E+02  2.933E+02
  7.087E-02  9.153E-02  1.019E+05  1.481E-07  6.501E-02  2.934E+02  2.934E+02
  7.087E-02  9.784E-02  1.019E+05  9.816E-08  6.502E-02  2.936E+02  2.936E+02
  7.087E-02  1.042E-01  1.019E+05  9.771E-08  6.503E-02  2.939E+02  2.939E+02
  7.087E-02  1.105E-01  1.019E+05  1.016E-07  6.504E-02  2.943E+02  2.943E+02
  7.087E-02  1.168E-01  1.019E+05  1.054E-07  6.505E-02  2.949E+02  2.948E+02
  7.087E-02  1.231E-01  1.018E+05  1.112E-07  6.506E-02  2.956E+02  2.955E+02
  7.087E-02  1.294E-01  1.018E+05  1.175E-07  6.508E-02  2.966E+02  2.964E+02
  7.087E-02  1.357E-01  1.018E+05  1.240E-07  6.510E-02  2.979E+02  2.977E+02
  7.087E-02  1.420E-01  1.018E+05  1.300E-07  6.512E-02  2.995E+02  2.993E+02
  7.087E-02  1.483E-01  1.018E+05  1.352E-07  6.517E-02  3.016E+02  3.013E+02
  7.087E-02  1.547E-01  1.018E+05  1.367E-07  6.520E-02  3.041E+02  3.037E+02
  7.087E-02  1.610E-01  1.018E+05  1.386E-07  6.523E-02  3.072E+02  3.067E+02
  7.087E-02  1.673E-01  1.018E+05  1.175E-07  6.527E-02  3.109E+02  3.103E+02
  7.087E-02  1.736E-01  1.018E+05  1.355E-07  6.531E-02  3.152E+02  3.146E+02
  7.087E-02  1.799E-01  1.018E+05  1.173E-07  6.536E-02  3.202E+02  3.195E+02
  7.087E-02  1.862E-01  1.018E+05  1.391E-07  6.540E-02  3.259E+02  3.250E+02
  7.087E-02  1.925E-01  1.018E+05  1.384E-07  6.543E-02  3.322E+02  3.312E+02
  7.087E-02  1.988E-01  1.017E+05  1.399E-07  6.544E-02  3.390E+02  3.379E+02
  7.087E-02  2.052E-01  1.017E+05  1.198E-07  6.544E-02  3.462E+02  3.451E+02
  7.087E-02  2.115E-01  1.017E+05  1.372E-07  6.545E-02  3.538E+02  3.526E+02
  7.087E-02  2.178E-01  1.017E+05  1.236E-07  6.545E-02  3.615E+02  3.603E+02
  7.087E-02  2.241E-01  1.017E+05  1.412E-07  6.543E-02  3.692E+02  3.680E+02
  7.087E-02  2.304E-01  1.017E+05  1.535E-07  6.540E-02  3.766E+02  3.755E+02
  7.087E-02  2.367E-01  1.017E+05  1.284E-07  6.536E-02  3.835E+02  3.825E+02
  7.087E-02  2.430E-01  1.017E+05  1.276E-07  6.532E-02  3.898E+02  3.889E+02
  7.087E-02  2.493E-01  1.017E+05  9.028E-08  6.525E-02  3.953E+02  3.945E+02
  7.087E-02  2.557E-01  1.017E+05  6.931E-08  6.519E-02  3.997E+02  3.990E+02
  7.087E-02  2.620E-01  1.017E+05  4.875E-08  6.513E-02  4.029E+02  4.024E+02
  7.087E-02  2.683E-01  1.016E+05  3.003E-08  6.506E-02  4.049E+02  4.046E+02
  7.087E-02  2.746E-01  1.016E+05  1.188E-08  6.499E-02  4.057E+02  4.055E+02
  7.087E-02  2.809E-01  1.016E+05 -3.553E-09  6.493E-02  4.051E+02  4.051E+02
  7.087E-02  2.872E-01  1.016E+05 -2.153E-08  6.487E-02  4.033E+02  4.035E+02
  7.087E-02  2.935E-01  1.016E+05 -5.879E-08  6.481E-02  4.004E+02  4.008E+02
  7.087E-02  2.998E-01  1.016E+05 -1.003E-07  6.476E-02  3.964E+02  3.969E+02
  7.087E-02  3.062E-01  1.016E+05 -1.327E-07  6.471E-02  3.916E+02  3.922E+02
  7.087E-02  3.125E-01  1.016E+05  9.427E-08  6.467E-02  3.860E+02  3.868E+02
  7.087E-02  3.188E-01  1.016E+05 -6.783E-07  6.464E-02  3.799E+02  3.808E+02
  7.087E-02  3.251E-01  1.016E+05 -1.559E-06  6.463E-02  3.735E+02  3.744E+02
  7.087E-02  3.314E-01  1.015E+05 -1.367E-06  6.462E-02  3.669E+02  3.679E+02
  7.087E-02  3.377E-01  1.015E+05 -1.664E-06  6.461E-02  3.602E+02  3.612E+02
  7.087E-02  3.440E-01  1.015E+05 -7.832E-07  6.459E-02  3.536E+02  3.546E+02
  7.087E-02  3.503E-01  1.015E+05  6.114E-08  6.461E-02  3.472E+02  3.482E+02
  7.087E-02  3.567E-01  1.015E+05 -1.550E-07  6.463E-02  3.411E+02  3.420E+02
  7.087E-02  3.630E-01  1.015E+05 -1.631E-07  6.465E-02  3.354E+02  3.363E+02
  7.087E-02  3.693E-01  1.015E+05 -1.736E-07  6.467E-02  3.300E+02  3.309E+02
  7.087E-02  3.756E-01  1.015E+05 -2.042E-07  6.469E-02  3.251E+02  3.259E+02
  7.087E-02  3.819E-01  1.015E+05 -2.072E-07  6.473E-02  3.207E+02  3.214E+02
  7.087E-02  3.882E-01  1.015E+05 -2.011E-07  6.476E-02  3.167E+02  3.173E+02
  7.087E-02  3.945E-01  1.015E+05 -1.685E-07  6.479E-02  3.131E+02  3.137E+02
  7.087E-02  4.008E-01  1.015E+05 -1.518E-07  6.481E-02  3.100E+02  3.105E+02
  7.087E-02  4.072E-01  1.014E+05 -1.353E-07  6.483E-02  3.073E+02  3.077E+02
  7.087E-02  4.135E-01  1.014E+05 -1.212E-07  6.485E-02  3.049E+02  3.053E+02
  7.087E-02  4.198E-01  1.014E+05 -1.089E-07  6.487E-02  3.029E+02  3.032E+02
  7.087E-02  4.261E-01  1.014E+05 -9.411E-08  6.489E-02  3.012E+02  3.015E+02
  7.087E-02  4.324E-01  1.014E+05 -8.474E-08  6.491E-02  2.997E+02  3.000E+02
  7.087E-02  4.387E-01  1.014E+05 -1.045E-07  6.492E-02  2.985E+02  2.987E+02
  7.087E-02  4.450E-01  1.014E+05 -1.215E-07  6.493E-02  2.975E+02  2.976E+02
  7.087E-02  4.513E-01  1.014E+05 -8.752E-08  6.495E-02  2.966E+02  2.968E+02
  7.087E-02  4.577E-01  1.014E+05 -4.757E-08  6.496E-02  2.959E+02  2.960E+02
  7.087E-02  4.640E-01  1.014E+05 -3.876E-08  6.496E-02  2.954E+02  2.955E+02
  7.087E-02  4.703E-01  1.014E+05 -3.523E-08  6.497E-02  2.949E+02  2.950E+02
  7.087E-02  4.766E-01  1.014E+05 -2.889E-08  6.498E-02  2.945E+02  2.946E+02
  7.087E-02  4.829E-01  1.014E+05 -2.330E-08  6.499E-02  2.942E+02  2.943E+02
  7.087E-02  4.892E-01  1.013E+05 -1.770E-08  6.499E-02  2.940E+02  2.940E+02
  7.087E-02  4.955E-01  1.013E+05 -1.191E-08  6.499E-02  2.938E+02  2.938E+02
  7.087E-02  5.018E-01  1.013E+05 -8.763E-09  6.500E-02  2.936E+02  2.936E+02
  7.087E-02  5.050E-01  1.013E+05 -8.763E-09  6.500E-02  2.936E+02  2.930E+02
  9.922E-02  0.000E+00  1.020E+05  5.639E-08  6.500E-02  2.930E+02  2.930E+02
  9.922E-02  3.156E-03  1.020E+05  5.639E-08  6.501E-02  2.930E+02  2.930E+02
  9.922E-02  9.469E-03  1.020E+05  5.636E-08  6.500E-02  2.930E+02  2.930E+02
  9.922E-02  1.578E-02  1.020E+05  5.650E-08  6.501E-02  2.930E+02  2.930E+02
  9.922E-02  2.209E-02  1.020E+05  5.704E-08  6.500E-02  2.930E+02  2.930E+02
  9.922E-02  2.841E-02  1.020E+05  5.811E-08  6.499E-02  2.930E+02  2.930E+02
  9.922E-02  3.472E-02  1.020E+05  6.044E-08  6.499E-02  2.930E+02  2.930E+02
  9.922E-02  4.103E-02  1.019E+05  6.397E-08  6.500E-02  2.930E+02  2.930E+02
  9.922E-02  4.734E-02  1.019E+05  6.939E-08  6.500E-02  2.930E+02  2.930E+02
  9.922E-02  5.366E-02  1.019E+05  7.732E-08  6.500E-02  2.930E+02  2.930E+02
  9.922E-02  5.997E-02  1.019E+05  8.950E-08  6.500E-02  2.931E+02  2.930E+02
  9.922E-02  6.628E-02  1.019E+05  1.059E-07  6.500E-02  2.931E+02  2.931E+02
  9.922E-02  7.259E-02  1.019E+05  1.308E-07  6.501E-02  2.931E+02  2.931E+02
  9.922E-02  7.891E-02  1.019E+05  2.173E-07  6.500E-02  2.932E+02  2.932E+02
  9.922E-02  8.522E-02  1.019E+05  2.697E-07  6.500E-02  2.933E+02  2.933E+02
  9.922E-02  9.153E-02  1.019E+05  2.244E-07  6.501E-02  2.934E+02  2.934E+02
  9.922E-02  9.784E-02  1.019E+05  1.447E-07  6.502E-02  2.936E+02  2.936E+02
  9.922E-02  1.042E-01  1.019E+05  1.265E-07  6.503E-02  2.939E+02  2.939E+02
  9.922E-02  1.105E-01  1.019E+05  1.175E-07  6.504E-02  2.943E+02  2.943E+02
  9.922E-02  1.168E-01  1.019E+05  1.133E-07  6.505E-02  2.949E+02  2.948E+02
  9.922E-02  1.231E-01  1.018E+05  1.146E-07  6.506E-02  2.956E+02  2.955E+02
  9.922E-02  1.294E-01  1.018E+05  1.202E-07  6.508E-02  2.966E+02  2.964E+02
  9.922E-02  1.357E-01  1.018E+05  1.305E-07  6.510E-02  2.979E+02  2.977E+02
  9.922E-02  1.420E-01  1.018E+05  1.468E-07  6.512E-02  2.995E+02  2.993E+02
  9.922E-02  1.483E-01  1.018E+05  1.720E-07  6.517E-02  3.016E+02  3.013E+02
  9.922E-02  1.547E-01  1.018E+05  2.023E-07  6.520E-02  3.041E+02  3.037E+02
  9.922E-02  1.610E-01  1.018E+05  2.683E-07  6.523E-02  3.072E+02  3.067E+02
  9.922E-02  1.673E-01  1.018E+05  3.024E-07  6.527E-02  3.109E+02  3.103E+02
  9.922E-02  1.736E-01  1.018E+05  3.058E-07  6.531E-02  3.152E+02  3.146E+02
  9.922E-02  1.799E-01  1.018E+05  2.410E-07  6.536E-02  3.202E+02  3.195E+02
  9.922E-02  1.862E-01  1.018E+05  2.437E-07  6.540E-02  3.259E+02  3.250E+02
  9.922E-02  1.925E-01  1.018E+05  2.138E-07  6.543E-02  3.322E+02  3.312E+02
  9.922E-02  1.988E-01  1.017E+05  2.189E-07  6.544E-02  3.390E+02  3.379E+02
  9.922E-02  2.052E-01  1.017E+05  2.149E-07  6.544E-02  3.462E+02  3.451E+02
  9.922E-02  2.115E-01  1.017E+05  2.805E-07  6.545E-02  3.538E+02  3.526E+02
  9.922E-02  2.178E-01  1.017E+05  3.076E-07  6.545E-02  3.615E+02  3.603E+02
  9.922E-02  2.241E-01  1.017E+05  2.961E-07  6.543E-02  3.692E+02  3.680E+02
  9.922E-02  2.304E-01  1.017E+05  2.881E-07  6.540E-02  3.766E+02  3.755E+02
  9.922E-02  2.367E-01  1.017E+05  2.659E-07  6.536E-02  3.835E+02  3.825E+02
  9.922E-02  2.430E-01  1.017E+05  2.347E-07  6.532E-02  3.898E+02  3.889E+02
  9.922E-02  2.493E-01  1.017E+05  1.694E-07  6.525E-02  3.953E+02  3.945E+02
  9.922E-02  2.557E-01  1.017E+05  1.345E-07  6.519E-02  3.997E+02  3.990E+02
  9.922E-02  2.620E-01  1.017E+05  1.017E-07  6.513E-02  4.029E+02  4.024E+02
  9.922E-02  2.683E-01  1.016E+05  7.418E-08  6.506E-02  4.049E+02  4.046E+02
  9.922E-02  2.746E-01  1.016E+05  4.798E-08  6.499E-02  4.057E+02  4.055E+02
  9.922E-02  2.809E-01  1.016E+05  2.167E-08  6.493E-02  4.051E+02  4.051E+02
  9.922E-02  2.872E-01  1.016E+05 -6.441E-09  6.487E-02  4.033E+02  4.035E+02
  9.922E-02  2.935E-01  1.016E+05 -3.834E-08  6.481E-02  4.004E+02  4.007E+02
  9.922E-02  2.998E-01  1.016E+05 -7.391E-08  6.476E-02  3.964E+02  3.969E+02
  9.922E-02  3.062E-01  1.016E+05 -1.121E-07  6.471E-02  3.916E+02  3.922E+02
  9.922E-02  3.125E-01  1.016E+05 -1.524E-07  6.467E-02  3.860E+02  3.868E+02
  9.922E-02  3.188E-01  1.016E+05 -2.263E-07  6.464E-02  3.799E+02  3.808E+02
  9.922E-02  3.251E-01  1.016E+05 -2.636E-07  6.463E-02  3.735E+02  3.744E+02
  9.922E-02  3.314E-01  1.015E+05 -3.202E-07  6.462E-02  3.669E+02  3.678E+02
  9.922E-02  3.377E-01  1.015E+05 -3.086E-07  6.461E-02  3.602E+02  3.612E+02
  9.922E-02  3.440E-01  1.015E+05 -2.790E-07  6.459E-02  3.536E+02  3.546E+02
  9.922E-02  3.503E-01  1.015E+05 -2.242E-07  6.461E-02  3.472E+02  3.482E+02
  9.922E-02  3.567E-01  1.015E+05 -1.864E-07  6.463E-02  3.411E+02  3.420E+02
  9.922E-02  3.630E-01  1.015E+05 -1.871E-07  6.465E-02  3.354E+02  3.363E+02
  9.922E-02  3.693E-01  1.015E+05 -1.749E-07  6.467E-02  3.300E+02  3.309E+02
  9.922E-02  3.756E-01  1.015E+05 -1.689E-07  6.469E-02  3.251E+02  3.259E+02
  9.922E-02  3.819E-01  1.015E+05 -1.438E-07  6.473E-02  3.207E+02  3.214E+02
  9.922E-02  3.882E-01  1.015E+05 -1.555E-07  6.476E-02  3.167E+02  3.173E+02
  9.922E-02  3.945E-01  1.015E+05 -1.483E-07  6.479E-02  3.131E+02  3.137E+02
  9.922E-02  4.008E-01  1.015E+05 -1.425E-07  6.481E-02  3.100E+02  3.105E+02
  9.922E-02  4.072E-01  1.014E+05 -1.348E-07  6.483E-02  3.073E+02  3.077E+02
  9.922E-02  4.135E-01  1.014E+05 -1.269E-07  6.485E-02  3.049E+02  3.053E+02
  9.922E-02  4.198E-01  1.014E+05 -1.206E-07  6.487E-02  3.029E+02  3.032E+02
  9.922E-02  4.261E-01  1.014E+05 -1.094E-07  6.489E-02  3.012E+02  3.015E+02
  9.922E-02  4.324E-01  1.014E+05 -9.892E-08  6.491E-02  2.997E+02  3.000E+02
  9.922E-02  4.387E-01  1.014E+05 -1.160E-07  6.492E-02  2.985E+02  2.987E+02
  9.922E-02  4.450E-01  1.014E+05 -1.315E-07  6.493E-02  2.975E+02  2.976E+02
  9.922E-02  4.513E-01  1.014E+05 -9.675E-08  6.495E-02  2.966E+02  2.968E+02
  9.922E-02  4.577E-01  1.014E+05 -5.611E-08  6.496E-02  2.959E+02  2.960E+02
  9.922E-02  4.640E-01  1.014E+05 -4.657E-08  6.496E-02  2.954E+02  2.955E+02
  9.922E-02  4.703E-01  1.014E+05 -4.235E-08  6.497E-02  2.949E+02  2.950E+02
  9.922E-02  4.766E-01  1.014E+05 -3.531E-08  6.498E-02  2.945E+02  2.946E+02
  9.922E-02  4.829E-01  1.014E+05 -2.894E-08  6.499E-02  2.942E+02  2.943E+02
  9.922E-02  4.892E-01  1.013E+05 -2.244E-08  6.499E-02  2.940E+02  2.940E+02
  9.922E-02  4.955E-01  1.013E+05 -1.550E-08  6.499E-02  2.938E+02  2.938E+02
  9.922E-02  5.018E-01  1.013E+05 -1.162E-08  6.500E-02  2.936E+02  2.937E+02
  9.922E-02  5.050E-01  1.013E+05 -1.162E-08  6.500E-02  2.936E+02  2.930E+02
  1.276E-01  0.000E+00  1.020E+05  3.885E-08  6.500E-02  2.930E+02  2.930E+02
  1.276E-01  3.156E-03  1.020E+05  3.885E-08  6.501E-02  2.930E+02  2.930E+02
  1.276E-01  9.469E-03  1.020E+05  3.870E-08  6.500E-02  2.930E+02  2.930E+02
  1.276E-01  1.578E-02  1.020E+05  3.836E-08  6.501E-02  2.930E+02  2.930E+02
  1.276E-01  2.209E-02  1.020E+05  3.777E-08  6.500E-02  2.930E+02  2.930E+02
  1.276E-01  2.841E-02  1.020E+05  3.674E-08  6.499E-02  2.930E+02  2.930E+02
  1.276E-01  3.472E-02  1.020E+05  3.506E-08  6.499E-02  2.930E+02  2.930E+02
  1.276E-01  4.103E-02  1.019E+05  3.235E-08  6.500E-02  2.930E+02  2.930E+02
  1.276E-01  4.734E-02  1.019E+05  2.780E-08  6.500E-02  2.930E+02  2.930E+02
  1.276E-01  5.366E-02  1.019E+05  2.156E-08  6.500E-02  2.930E+02  2.930E+02
  1.276E-01  5.997E-02  1.019E+05  5.754E-09  6.500E-02  2.931E+02  2.930E+02
  1.276E-01  6.628E-02  1.019E+05  1.651E-08  6.500E-02  2.931E+02  2.931E+02
  1.276E-01  7.259E-02  1.019E+05 -1.768E-07  6.501E-02  2.931E+02  2.931E+02
  1.276E-01  7.891E-02  1.019E+05  7.718E-07  6.500E-02  2.932E+02  2.932E+02
  1.276E-01  8.522E-02  1.019E+05  2.025E-06  6.500E-02  2.933E+02  2.933E+02
  1.276E-01  9.153E-02  1.019E+05  7.838E-07  6.501E-02  2.934E+02  2.934E+02
  1.276E-01  9.784E-02  1.019E+05 -1.631E-07  6.502E-02  2.936E+02  2.936E+02
  1.276E-01  1.042E-01  1.019E+05  3.442E-08  6.503E-02  2.939E+02  2.939E+02
  1.276E-01  1.105E-01  1.019E+05  3.205E-08  6.504E-02  2.943E+02  2.943E+02
  1.276E-01  1.168E-01  1.019E+05  5.282E-08  6.505E-02  2.949E+02  2.948E+02
  1.276E-01  1.231E-01  1.018E+05  5.927E-08  6.506E-02  2.956E+02  2.955E+02
  1.276E-01  1.294E-01  1.018E+05  6.082E-08  6.508E-02  2.966E+02  2.965E+02
  1.276E-01  1.357E-01  1.018E+05  6.082E-08  6.510E-02  2.979E+02  2.977E+02
  1.276E-01  1.420E-01  1.018E+05  5.226E-08  6.512E-02  2.995E+02  2.993E+02
  1.276E-01  1.483E-01  1.018E+05  7.387E-08  6.517E-02  3.016E+02  3.013E+02
  1.276E-01  1.547E-01  1.018E+05 -1.106E-07  6.520E-02  3.041E+02  3.037E+02
  1.276E-01  1.610E-01  1.018E+05  8.704E-07  6.523E-02  3.072E+02  3.067E+02
  1.276E-01  1.673E-01  1.018E+05  1.887E-06  6.527E-02  3.109E+02  3.103E+02
  1.276E-01  1.736E-01  1.018E+05  1.611E-06  6.531E-02  3.153E+02  3.146E+02
  1.276E-01  1.799E-01  1.018E+05  1.838E-06  6.536E-02  3.202E+02  3.195E+02
  1.276E-01  1.862E-01  1.018E+05  8.442E-07  6.540E-02  3.259E+02  3.250E+02
  1.276E-01  1.925E-01  1.018E+05 -6.120E-08  6.543E-02  3.322E+02  3.312E+02
  1.276E-01  1.988E-01  1.017E+05  1.817E-07  6.544E-02  3.390E+02  3.379E+02
  1.276E-01  2.052E-01  1.017E+05  2.458E-08  6.544E-02  3.462E+02  3.451E+02
  1.276E-01  2.115E-01  1.017E+05  8.437E-07  6.545E-02  3.538E+02  3.526E+02
  1.276E-01  2.178E-01  1.017E+05  1.871E-06  6.545E-02  3.615E+02  3.603E+02
  1.276E-01  2.241E-01  1.017E+05  5.824E-07  6.543E-02  3.692E+02  3.680E+02
  1.276E-01  2.304E-01  1.017E+05  5.471E-07  6.540E-02  3.766E+02  3.755E+02
  1.276E-01  2.367E-01  1.017E+05  1.708E-06  6.536E-02  3.835E+02  3.825E+02
  1.276E-01  2.430E-01  1.017E+05  6.286E-07  6.532E-02  3.898E+02  3.889E+02
  1.276E-01  2.493E-01  1.017E+05 -1.582E-07  6.525E-02  3.953E+02  3.945E+02
  1.276E-01  2.557E-01  1.017E+05 -1.138E-08  6.519E-02  3.997E+02  3.990E+02
  1.276E-01  2.620E-01  1.017E+05 -2.577E-08  6.513E-02  4.029E+02  4.024E+02
  1.276E-01  2.683E-01  1.016E+05 -2.462E-08  6.506E-02  4.049E+02  4.046E+02
  1.276E-01  2.746E-01  1.016E+05 -3.335E-08  6.499E-02  4.057E+02  4.055E+02
  1.276E-01  2.809E-01  1.016E+05 -4.624E-08  6.493E-02  4.051E+02  4.051E+02
  1.276E-01  2.872E-01  1.016E+05 -6.410E-08  6.487E-02  4.033E+02  4.035E+02
  1.276E-01  2.935E-01  1.016E+05 -8.385E-08  6.481E-02  4.004E+02  4.007E+02
  1.276E-01  2.998E-01  1.016E+05 -1.216E-07  6.476E-02  3.964E+02  3.969E+02
  1.276E-01  3.062E-01  1.016E+05 -1.261E-07  6.471E-02  3.916E+02  3.922E+02
  1.276E-01  3.125E-01  1.016E+05 -1.554E-07  6.467E-02  3.860E+02  3.868E+02
  1.276E-01  3.188E-01  1.016E+05 -1.644E-07  6.464E-02  3.799E+02  3.808E+02
  1.276E-01  3.251E-01  1.016E+05 -1.511E-07  6.463E-02  3.735E+02  3.744E+02
  1.276E-01  3.314E-01  1.015E+05 -1.654E-07  6.462E-02  3.669E+02  3.678E+02
  1.276E-01  3.377E-01  1.015E+05 -1.301E-07  6.461E-02  3.602E+02  3.612E+02
  1.276E-01  3.440E-01  1.015E+05 -1.466E-07  6.459E-02  3.536E+02  3.546E+02
  1.276E-01  3.503E-01  1.015E+05 -1.426E-07  6.461E-02  3.472E+02  3.482E+02
  1.276E-01  3.567E-01  1.015E+05 -1.416E-07  6.463E-02  3.411E+02  3.420E+02
  1.276E-01  3.630E-01  1.015E+05 -1.406E-07  6.465E-02  3.353E+02  3.362E+02
  1.276E-01  3.693E-01  1.015E+05 -1.391E-07  6.467E-02  3.300E+02  3.309E+02
  1.276E-01  3.756E-01  1.015E+05 -1.368E-07  6.469E-02  3.251E+02  3.259E+02
  1.276E-01  3.819E-01  1.015E+05 -1.329E-07  6.473E-02  3.207E+02  3.214E+02
  1.276E-01  3.882E-01  1.015E+05 -1.289E-07  6.476E-02  3.167E+02  3.173E+02
  1.276E-01  3.945E-01  1.015E+05 -1.230E-07  6.479E-02  3.131E+02  3.137E+02
  1.276E-01  4.008E-01  1.015E+05 -1.170E-07  6.481E-02  3.100E+02  3.105E+02
  1.276E-01  4.072E-01  1.014E+05 -1.073E-07  6.483E-02  3.073E+02  3.077E+02
  1.276E-01  4.135E-01  1.014E+05 -1.022E-07  6.485E-02  3.049E+02  3.053E+02
  1.276E-01  4.198E-01  1.014E+05 -1.258E-07  6.487E-02  3.029E+02  3.032E+02
  1.276E-01  4.261E-01  1.014E+05 -1.467E-07  6.489E-02  3.012E+02  3.015E+02
  1.276E-01  4.324E-01  1.014E+05 -1.156E-07  6.491E-02  2.997E+02  3.000E+02
  1.276E-01  4.387E-01  1.014E+05 -7.851E-08  6.492E-02  2.985E+02  2.987E+02
  1.276E-01  4.450E-01  1.014E+05 -7.154E-08  6.493E-02  2.975E+02  2.976E+02
  1.276E-01  4.513E-01  1.014E+05 -6.592E-08  6.495E-02  2.966E+02  2.968E+02
  1.276E-01  4.577E-01  1.014E+05 -5.584E-08  6.496E-02  2.959E+02  2.960E+02
  1.276E-01  4.640E-01  1.014E+05 -4.779E-08  6.496E-02  2.954E+02  2.955E+02
  1.276E-01  4.703E-01  1.014E+05 -4.060E-08  6.497E-02  2.949E+02  2.950E+02
  1.276E-01  4.766E-01  1.014E+05 -3.384E-08  6.498E-02  2.945E+02  2.946E+02
  1.276E-01  4.829E-01  1.014E+05 -2.743E-08  6.499E-02  2.942E+02  2.943E+02
  1.276E-01  4.892E-01  1.013E+05 -2.126E-08  6.499E-02  2.940E+02  2.940E+02
  1.276E-01  4.955E-01  1.013E+05 -1.475E-08  6.499E-02  2.938E+02  2.938E+02
  1.276E-01  5.018E-01  1.013E+05 -1.112E-08  6.500E-02  2.936E+02  2.936E+02
  1.276E-01  5.050E-01  1.013E+05 -1.112E-08  6.500E-02  2.936E+02  2.930E+02
  1.559E-01  0.000E+00  1.020E+05  2.083E-08  6.500E-02  2.930E+02  2.930E+02
  1.559E-01  3.156E-03  1.020E+05  2.083E-08  6.501E-02  2.930E+02  2.930E+02
  1.559E-01  9.469E-03  1.020E+05  2.067E-08  6.500E-02  2.930E+02  2.930E+02
  1.559E-01  1.578E-02  1.020E+05  2.032E-08  6.501E-02  2.930E+02  2.930E+02
  1.559E-01  2.209E-02  1.020E+05  1.969E-08  6.500E-02  2.930E+02  2.930E+02
  1.559E-01  2.841E-02  1.020E+05  1.856E-08  6.499E-02  2.930E+02  2.930E+02
  1.559E-01  3.472E-02  1.020E+05  1.676E-08  6.499E-02  2.930E+02  2.930E+02
  1.559E-01  4.103E-02  1.019E+05  1.395E-08  6.500E-02  2.930E+02  2.930E+02
  1.559E-01  4.734E-02  1.019E+05  9.483E-09  6.500E-02  2.930E+02  2.930E+02
  1.559E-01  5.366E-02  1.019E+05  3.836E-09  6.500E-02  2.930E+02  2.930E+02
  1.559E-01  5.997E-02  1.019E+05 -1.053E-08  6.500E-02  2.931E+02  2.930E+02
  1.559E-01  6.628E-02  1.019E+05  4.234E-09  6.500E-02  2.931E+02  2.931E+02
  1.559E-01  7.259E-02  1.019E+05 -1.848E-07  6.501E-02  2.931E+02  2.931E+02
  1.559E-01  7.891E-02  1.019E+05  7.849E-07  6.501E-02  2.932E+02  2.932E+02
  1.559E-01  8.522E-02  1.019E+05  2.038E-06  6.500E-02  2.933E+02  2.933E+02
  1.559E-01  9.153E-02  1.019E+05  7.961E-07  6.500E-02  2.934E+02  2.934E+02
  1.559E-01  9.784E-02  1.019E+05 -1.752E-07  6.502E-02  2.936E+02  2.936E+02
  1.559E-01  1.042E-01  1.019E+05  1.886E-08  6.503E-02  2.939E+02  2.939E+02
  1.559E-01  1.105E-01  1.019E+05  4.141E-08  6.504E-02  2.943E+02  2.943E+02
  1.559E-01  1.168E-01  1.019E+05  8.511E-08  6.505E-02  2.949E+02  2.948E+02
  1.559E-01  1.231E-01  1.018E+05  6.943E-08  6.506E-02  2.956E+02  2.955E+02
  1.559E-01  1.294E-01  1.018E+05  4.599E-08  6.508E-02  2.966E+02  2.965E+02
  1.559E-01  1.357E-01  1.018E+05  4.710E-08  6.510E-02  2.979E+02  2.977E+02
  1.559E-01  1.420E-01  1.018E+05  4.283E-08  6.512E-02  2.995E+02  2.993E+02
  1.559E-01  1.483E-01  1.018E+05  6.282E-08  6.517E-02  3.016E+02  3.013E+02
  1.559E-01  1.547E-01  1.018E+05 -1.234E-07  6.520E-02  3.041E+02  3.037E+02
  1.559E-01  1.610E-01  1.018E+05  8.400E-07  6.524E-02  3.072E+02  3.067E+02
  1.559E-01  1.673E-01  1.018E+05  1.860E-06  6.527E-02  3.109E+02  3.103E+02
  1.559E-01  1.736E-01  1.018E+05  1.603E-06  6.531E-02  3.153E+02  3.146E+02
  1.559E-01  1.799E-01  1.018E+05  1.854E-06  6.535E-02  3.202E+02  3.195E+02
  1.559E-01  1.862E-01  1.018E+05  8.484E-07  6.540E-02  3.259E+02  3.250E+02
  1.559E-01  1.925E-01  1.018E+05 -2.633E-07  6.542E-02  3.322E+02  3.312E+02
  1.559E-01  1.988E-01  1.017E+05  8.134E-07  6.544E-02  3.390E+02  3.379E+02
  1.559E-01  2.052E-01  1.017E+05  1.772E-06  6.545E-02  3.462E+02  3.451E+02
  1.559E-01  2.115E-01  1.017E+05  1.469E-06  6.546E-02  3.538E+02  3.526E+02
  1.559E-01  2.178E-01  1.017E+05  1.636E-06  6.545E-02  3.615E+02  3.603E+02
  1.559E-01  2.241E-01  1.017E+05  5.112E-07  6.543E-02  3.692E+02  3.680E+02
  1.559E-01  2.304E-01  1.017E+05  4.690E-07  6.541E-02  3.766E+02  3.755E+02
  1.559E-01  2.367E-01  1.017E+05  1.651E-06  6.536E-02  3.835E+02  3.825E+02
  1.559E-01  2.430E-01  1.017E+05  5.800E-07  6.531E-02  3.898E+02  3.889E+02
  1.559E-01  2.493E-01  1.017E+05 -1.996E-07  6.525E-02  3.953E+02  3.945E+02
  1.559E-01  2.557E-01  1.017E+05 -4.549E-08  6.519E-02  3.997E+02  3.990E+02
  1.559E-01  2.620E-01  1.017E+05 -5.075E-08  6.513E-02  4.029E+02  4.024E+02
  1.559E-01  2.683E-01  1.016E+05 -3.974E-08  6.506E-02  4.049E+02  4.046E+02
  1.559E-01  2.746E-01  1.016E+05 -3.728E-08  6.499E-02  4.057E+02  4.055E+02
  1.559E-01  2.809E-01  1.016E+05 -3.145E-08  6.493E-02  4.051E+02  4.051E+02
  1.559E-01  2.872E-01  1.016E+05 -5.288E-08  6.487E-02  4.033E+02  4.035E+02
  1.559E-01  2.935E-01  1.016E+05  8.631E-08  6.481E-02  4.004E+02  4.007E+02
  1.559E-01  2.998E-01  1.016E+05 -7.238E-07  6.476E-02  3.964E+02  3.969E+02
  1.559E-01  3.062E-01  1.016E+05 -1.764E-06  6.471E-02  3.915E+02  3.922E+02
  1.559E-01  3.125E-01  1.016E+05 -7.649E-07  6.467E-02  3.860E+02  3.868E+02
  1.559E-01  3.188E-01  1.016E+05  4.939E-08  6.464E-02  3.799E+02  3.808E+02
  1.559E-01  3.251E-01  1.016E+05 -1.086E-07  6.463E-02  3.735E+02  3.744E+02
  1.559E-01  3.314E-01  1.015E+05 -9.672E-08  6.462E-02  3.669E+02  3.678E+02
  1.559E-01  3.377E-01  1.015E+05 -1.103E-07  6.461E-02  3.602E+02  3.612E+02
  1.559E-01  3.440E-01  1.015E+05 -1.175E-07  6.459E-02  3.536E+02  3.546E+02
  1.559E-01  3.503E-01  1.015E+05 -1.194E-07  6.461E-02  3.472E+02  3.482E+02
  1.559E-01  3.567E-01  1.015E+05 -1.192E-07  6.463E-02  3.411E+02  3.420E+02
  1.559E-01  3.630E-01  1.015E+05 -1.185E-07  6.465E-02  3.353E+02  3.362E+02
  1.559E-01  3.693E-01  1.015E+05 -1.171E-07  6.467E-02  3.300E+02  3.309E+02
  1.559E-01  3.756E-01  1.015E+05 -1.148E-07  6.469E-02  3.251E+02  3.259E+02
  1.559E-01  3.819E-01  1.015E+05 -1.116E-07  6.473E-02  3.207E+02  3.214E+02
  1.559E-01  3.882E-01  1.015E+05 -1.079E-07  6.476E-02  3.167E+02  3.173E+02
  1.559E-01  3.945E-01  1.015E+05 -1.030E-07  6.479E-02  3.131E+02  3.137E+02
  1.559E-01  4.008E-01  1.015E+05 -9.801E-08  6.481E-02  3.100E+02  3.105E+02
  1.559E-01  4.072E-01  1.014E+05 -8.930E-08  6.483E-02  3.073E+02  3.077E+02
  1.559E-01  4.135E-01  1.014E+05 -8.475E-08  6.485E-02  3.049E+02  3.053E+02
  1.559E-01  4.198E-01  1.014E+05 -1.078E-07  6.487E-02  3.029E+02  3.032E+02
  1.559E-01  4.261E-01  1.014E+05 -1.284E-07  6.489E-02  3.012E+02  3.015E+02
  1.559E-01  4.324E-01  1.014E+05 -9.804E-08  6.491E-02  2.997E+02  3.000E+02
  1.559E-01  4.387E-01  1.014E+05 -6.049E-08  6.492E-02  2.985E+02  2.987E+02
  1.559E-01  4.450E-01  1.014E+05 -5.328E-08  6.493E-02  2.975E+02  2.976E+02
  1.559E-01  4.513E-01  1.014E+05 -5.079E-08  6.495E-02  2.966E+02  2.968E+02
  1.559E-01  4.577E-01  1.014E+05 -4.496E-08  6.496E-02  2.959E+02  2.960E+02
  1.559E-01  4.640E-01  1.014E+05 -3.952E-08  6.496E-02  2.954E+02  2.955E+02
  1.559E-01  4.703E-01  1.014E+05 -3.393E-08  6.497E-02  2.949E+02  2.950E+02
  1.559E-01  4.766E-01  1.014E+05 -2.841E-08  6.498E-02  2.945E+02  2.946E+02
  1.559E-01  4.829E-01  1.014E+05 -2.299E-08  6.499E-02  2.942E+02  2.943E+02
  1.559E-01  4.892E-01  1.013E+05 -1.776E-08  6.499E-02  2.940E+02  2.940E+02
  1.559E-01  4.955E-01  1.013E+05 -1.223E-08  6.499E-02  2.938E+02  2.938E+02
  1.559E-01  5.018E-01  1.013E+05 -9.161E-09  6.500E-02  2.936E+02  2.936E+02
  1.559E-01  5.050E-01  1.013E+05 -9.161E-09  6.500E-02  2.936E+02  2.930E+02
  1.843E-01  0.000E+00  1.020E+05  6.767E-09  6.500E-02  2.930E+02  2.930E+02
  1.843E-01  3.156E-03  1.020E+05  6.767E-09  6.501E-02  2.930E+02  2.930E+02
  1.843E-01  9.469E-03  1.020E+05  7.556E-09  6.500E-02  2.930E+02  2.930E+02
  1.843E-01  1.578E-02  1.020E+05  8.988E-09  6.501E-02  2.930E+02  2.930E+02
  1.843E-01  2.209E-02  1.020E+05  1.107E-08  6.500E-02  2.930E+02  2.930E+02
  1.843E-01  2.841E-02  1.020E+05  1.381E-08  6.499E-02  2.930E+02  2.930E+02
  1.843E-01  3.472E-02  1.020E+05  1.739E-08  6.499E-02  2.930E+02  2.930E+02
  1.843E-01  4.103E-02  1.019E+05  2.190E-08  6.500E-02  2.930E+02  2.930E+02
  1.843E-01  4.734E-02  1.019E+05  2.801E-08  6.500E-02  2.930E+02  2.930E+02
  1.843E-01  5.366E-02  1.019E+05  3.651E-08  6.500E-02  2.930E+02  2.930E+02
  1.843E-01  5.997E-02  1.019E+05  4.823E-08  6.500E-02  2.931E+02  2.930E+02
  1.843E-01  6.628E-02  1.019E+05  6.656E-08  6.500E-02  2.931E+02  2.931E+02
  1.843E-01  7.259E-02  1.019E+05  8.686E-08  6.501E-02  2.931E+02  2.931E+02
  1.843E-01  7.891E-02  1.019E+05  1.425E-07  6.501E-02  2.932E+02  2.932E+02
  1.843E-01  8.522E-02  1.019E+05  1.501E-07  6.500E-02  2.933E+02  2.933E+02
  1.843E-01  9.153E-02  1.019E+05  1.479E-07  6.500E-02  2.934E+02  2.934E+02
  1.843E-01  9.784E-02  1.019E+05  9.517E-08  6.502E-02  2.936E+02  2.936E+02
  1.843E-01  1.042E-01  1.019E+05  8.269E-08  6.503E-02  2.939E+02  2.939E+02
  1.843E-01  1.105E-01  1.019E+05  1.014E-07  6.504E-02  2.943E+02  2.943E+02
  1.843E-01  1.168E-01  1.019E+05  1.220E-07  6.505E-02  2.949E+02  2.948E+02
  1.843E-01  1.231E-01  1.018E+05  9.902E-08  6.506E-02  2.956E+02  2.955E+02
  1.843E-01  1.294E-01  1.018E+05  7.599E-08  6.508E-02  2.966E+02  2.965E+02
  1.843E-01  1.357E-01  1.018E+05  8.394E-08  6.510E-02  2.979E+02  2.977E+02
  1.843E-01  1.420E-01  1.018E+05  1.009E-07  6.512E-02  2.995E+02  2.993E+02
  1.843E-01  1.483E-01  1.018E+05  1.207E-07  6.517E-02  3.016E+02  3.013E+02
  1.843E-01  1.547E-01  1.018E+05  1.449E-07  6.520E-02  3.041E+02  3.037E+02
  1.843E-01  1.610E-01  1.018E+05  1.914E-07  6.524E-02  3.072E+02  3.067E+02
  1.843E-01  1.673E-01  1.018E+05  2.135E-07  6.527E-02  3.109E+02  3.103E+02
  1.843E-01  1.736E-01  1.018E+05  2.618E-07  6.531E-02  3.153E+02  3.146E+02
  1.843E-01  1.799E-01  1.018E+05  2.308E-07  6.535E-02  3.202E+02  3.195E+02
  1.843E-01  1.862E-01  1.018E+05  2.309E-07  6.539E-02  3.259E+02  3.250E+02
  1.843E-01  1.925E-01  1.018E+05  3.727E-09  6.543E-02  3.322E+02  3.312E+02
  1.843E-01  1.988E-01  1.017E+05  8.690E-07  6.545E-02  3.390E+02  3.379E+02
  1.843E-01  2.052E-01  1.017E+05  1.985E-06  6.545E-02  3.462E+02  3.451E+02
  1.843E-01  2.115E-01  1.017E+05  9.270E-07  6.545E-02  3.538E+02  3.526E+02
  1.843E-01  2.178E-01  1.017E+05  6.971E-08  6.544E-02  3.615E+02  3.603E+02
  1.843E-01  2.241E-01  1.017E+05  2.142E-07  6.543E-02  3.692E+02  3.680E+02
  1.843E-01  2.304E-01  1.017E+05  1.908E-07  6.541E-02  3.766E+02  3.755E+02
  1.843E-01  2.367E-01  1.017E+05  1.998E-07  6.536E-02  3.835E+02  3.825E+02
  1.843E-01  2.430E-01  1.017E+05  1.584E-07  6.531E-02  3.898E+02  3.889E+02
  1.843E-01  2.493E-01  1.017E+05  9.821E-08  6.525E-02  3.953E+02  3.945E+02
  1.843E-01  2.557E-01  1.017E+05  6.925E-08  6.519E-02  3.997E+02  3.990E+02
  1.843E-01  2.620E-01  1.017E+05  4.786E-08  6.513E-02  4.029E+02  4.024E+02
  1.843E-01  2.683E-01  1.016E+05  3.388E-08  6.506E-02  4.049E+02  4.046E+02
  1.843E-01  2.746E-01  1.016E+05  2.455E-08  6.499E-02  4.057E+02  4.055E+02
  1.843E-01  2.809E-01  1.016E+05  2.490E-08  6.493E-02  4.051E+02  4.051E+02
  1.843E-01  2.872E-01  1.016E+05  4.344E-09  6.487E-02  4.033E+02  4.035E+02
  1.843E-01  2.935E-01  1.016E+05  1.479E-07  6.480E-02  4.003E+02  4.007E+02
  1.843E-01  2.998E-01  1.016E+05 -6.417E-07  6.475E-02  3.964E+02  3.969E+02
  1.843E-01  3.062E-01  1.016E+05 -1.678E-06  6.471E-02  3.915E+02  3.922E+02
  1.843E-01  3.125E-01  1.016E+05 -6.799E-07  6.468E-02  3.860E+02  3.868E+02
  1.843E-01  3.188E-01  1.016E+05  1.152E-07  6.464E-02  3.799E+02  3.808E+02
  1.843E-01  3.251E-01  1.016E+05 -4.904E-08  6.463E-02  3.735E+02  3.744E+02
  1.843E-01  3.314E-01  1.015E+05 -4.504E-08  6.462E-02  3.669E+02  3.678E+02
  1.843E-01  3.377E-01  1.015E+05 -6.345E-08  6.461E-02  3.602E+02  3.612E+02
  1.843E-01  3.440E-01  1.015E+05 -7.298E-08  6.459E-02  3.536E+02  3.546E+02
  1.843E-01  3.503E-01  1.015E+05 -8.023E-08  6.461E-02  3.472E+02  3.482E+02
  1.843E-01  3.567E-01  1.015E+05 -8.552E-08  6.463E-02  3.411E+02  3.420E+02
  1.843E-01  3.630E-01  1.015E+05 -8.846E-08  6.465E-02  3.353E+02  3.362E+02
  1.843E-01  3.693E-01  1.015E+05 -8.980E-08  6.467E-02  3.300E+02  3.309E+02
  1.843E-01  3.756E-01  1.015E+05 -8.987E-08  6.469E-02  3.251E+02  3.259E+02
  1.843E-01  3.819E-01  1.015E+05 -8.890E-08  6.473E-02  3.207E+02  3.214E+02
  1.843E-01  3.882E-01  1.015E+05 -8.711E-08  6.476E-02  3.167E+02  3.173E+02
  1.843E-01  3.945E-01  1.015E+05 -8.464E-08  6.479E-02  3.131E+02  3.137E+02
  1.843E-01  4.008E-01  1.015E+05 -8.173E-08  6.481E-02  3.100E+02  3.105E+02
  1.843E-01  4.072E-01  1.014E+05 -7.845E-08  6.483E-02  3.073E+02  3.077E+02
  1.843E-01  4.135E-01  1.014E+05 -7.534E-08  6.485E-02  3.049E+02  3.053E+02
  1.843E-01  4.198E-01  1.014E+05 -7.239E-08  6.487E-02  3.029E+02  3.032E+02
  1.843E-01  4.261E-01  1.014E+05 -6.831E-08  6.489E-02  3.012E+02  3.015E+02
  1.843E-01  4.324E-01  1.014E+05 -6.232E-08  6.491E-02  2.997E+02  3.000E+02
  1.843E-01  4.387E-01  1.014E+05 -5.529E-08  6.492E-02  2.985E+02  2.987E+02
  1.843E-01  4.450E-01  1.014E+05 -4.874E-08  6.493E-02  2.975E+02  2.976E+02
  1.843E-01  4.513E-01  1.014E+05 -4.285E-08  6.495E-02  2.966E+02  2.968E+02
  1.843E-01  4.577E-01  1.014E+05 -3.723E-08  6.496E-02  2.959E+02  2.960E+02
  1.843E-01  4.640E-01  1.014E+05 -3.195E-08  6.496E-02  2.954E+02  2.955E+02
  1.843E-01  4.703E-01  1.014E+05 -2.696E-08  6.497E-02  2.949E+02  2.950E+02
  1.843E-01  4.766E-01  1.014E+05 -2.223E-08  6.498E-02  2.945E+02  2.946E+02
  1.843E-01  4.829E-01  1.014E+05 -1.775E-08  6.499E-02  2.942E+02  2.943E+02
  1.843E-01  4.892E-01  1.013E+05 -1.353E-08  6.499E-02  2.940E+02  2.940E+02
  1.843E-01  4.955E-01  1.013E+05 -9.186E-09  6.499E-02  2.938E+02  2.938E+02
  1.843E-01  5.018E-01  1.013E+05 -6.812E-09  6.500E-02  2.936E+02  2.936E+02
  1.843E-01  5.050E-01  1.013E+05 -6.812E-09  6.500E-02  2.936E+02  2.930E+02
  2.126E-01  0.000E+00  1.020E+05 -1.561E-08  6.500E-02  2.930E+02  2.930E+02
  2.126E-01  3.156E-03  1.020E+05 -1.561E-08  6.501E-02  2.930E+02  2.930E+02
  2.126E-01  9.469E-03  1.020E+05 -1.405E-08  6.500E-02  2.930E+02  2.930E+02
  2.126E-01  1.578E-02  1.020E+05 -1.163E-08  6.501E-02  2.930E+02  2.930E+02
  2.126E-01  2.209E-02  1.020E+05 -8.611E-09  6.500E-02  2.930E+02  2.930E+02
  2.126E-01  2.841E-02  1.020E+05 -5.250E-09  6.499E-02  2.930E+02  2.930E+02
  2.126E-01  3.472E-02  1.020E+05 -1.669E-09  6.499E-02  2.930E+02  2.930E+02
  2.126E-01  4.103E-02  1.019E+05  1.803E-09  6.500E-02  2.930E+02  2.930E+02
  2.126E-01  4.734E-02  1.019E+05  5.270E-09  6.500E-02  2.930E+02  2.930E+02
  2.126E-01  5.366E-02  1.019E+05  8.585E-09  6.500E-02  2.930E+02  2.930E+02
  2.126E-01  5.997E-02  1.019E+05  1.156E-08  6.500E-02  2.931E+02  2.930E+02
  2.126E-01  6.628E-02  1.019E+05  1.407E-08  6.500E-02  2.931E+02  2.931E+02
  2.126E-01  7.259E-02  1.019E+05  1.443E-08  6.501E-02  2.931E+02  2.931E+02
  2.126E-01  7.891E-02  1.019E+05  1.675E-08  6.501E-02  2.932E+02  2.932E+02
  2.126E-01  8.522E-02  1.019E+05 -3.835E-10  6.500E-02  2.933E+02  2.933E+02
  2.126E-01  9.153E-02  1.019E+05  2.198E-08  6.500E-02  2.934E+02  2.934E+02
  2.126E-01  9.784E-02  1.019E+05  2.507E-08  6.502E-02  2.936E+02  2.936E+02
  2.126E-01  1.042E-01  1.019E+05  3.051E-08  6.503E-02  2.939E+02  2.939E+02
  2.126E-01  1.105E-01  1.019E+05  3.438E-08  6.504E-02  2.943E+02  2.943E+02
  2.126E-01  1.168E-01  1.019E+05  3.696E-08  6.505E-02  2.949E+02  2.948E+02
  2.126E-01  1.231E-01  1.018E+05  3.620E-08  6.506E-02  2.956E+02  2.955E+02
  2.126E-01  1.294E-01  1.018E+05  3.451E-08  6.508E-02  2.966E+02  2.965E+02
  2.126E-01  1.357E-01  1.018E+05  3.338E-08  6.510E-02  2.979E+02  2.977E+02
  2.126E-01  1.420E-01  1.018E+05  3.278E-08  6.512E-02  2.995E+02  2.993E+02
  2.126E-01  1.483E-01  1.018E+05  3.261E-08  6.517E-02  3.016E+02  3.013E+02
  2.126E-01  1.547E-01  1.018E+05  3.159E-08  6.520E-02  3.041E+02  3.037E+02
  2.126E-01  1.610E-01  1.018E+05  3.386E-08  6.524E-02  3.072E+02  3.067E+02
  2.126E-01  1.673E-01  1.018E+05  1.999E-08  6.527E-02  3.109E+02  3.103E+02
  2.126E-01  1.736E-01  1.018E+05  4.679E-08  6.531E-02  3.152E+02  3.146E+02
  2.126E-01  1.799E-01  1.018E+05  5.494E-08  6.535E-02  3.202E+02  3.195E+02
  2.126E-01  1.862E-01  1.018E+05  6.527E-08  6.539E-02  3.259E+02  3.250E+02
  2.126E-01  1.925E-01  1.018E+05  7.330E-08  6.543E-02  3.322E+02  3.312E+02
  2.126E-01  1.988E-01  1.017E+05  9.922E-08  6.545E-02  3.390E+02  3.379E+02
  2.126E-01  2.052E-01  1.017E+05  1.002E-07  6.545E-02  3.462E+02  3.451E+02
  2.126E-01  2.115E-01  1.017E+05  9.550E-08  6.545E-02  3.538E+02  3.526E+02
  2.126E-01  2.178E-01  1.017E+05  4.849E-08  6.544E-02  3.615E+02  3.603E+02
  2.126E-01  2.241E-01  1.017E+05  4.676E-08  6.543E-02  3.692E+02  3.680E+02
  2.126E-01  2.304E-01  1.017E+05  3.182E-08  6.541E-02  3.766E+02  3.755E+02
  2.126E-01  2.367E-01  1.017E+05 -8.043E-09  6.536E-02  3.835E+02  3.825E+02
  2.126E-01  2.430E-01  1.017E+05  1.881E-08  6.531E-02  3.898E+02  3.889E+02
  2.126E-01  2.493E-01  1.017E+05  1.689E-08  6.525E-02  3.953E+02  3.945E+02
  2.126E-01  2.557E-01  1.017E+05  1.805E-08  6.519E-02  3.997E+02  3.990E+02
  2.126E-01  2.620E-01  1.017E+05  1.621E-08  6.513E-02  4.029E+02  4.024E+02
  2.126E-01  2.683E-01  1.016E+05  1.302E-08  6.506E-02  4.049E+02  4.046E+02
  2.126E-01  2.746E-01  1.016E+05  8.763E-09  6.499E-02  4.057E+02  4.055E+02
  2.126E-01  2.809E-01  1.016E+05  3.781E-09  6.493E-02  4.051E+02  4.051E+02
  2.126E-01  2.872E-01  1.016E+05 -1.562E-09  6.487E-02  4.033E+02  4.035E+02
  2.126E-01  2.935E-01  1.016E+05 -7.496E-09  6.480E-02  4.003E+02  4.007E+02
  2.126E-01  2.998E-01  1.016E+05 -1.405E-08  6.475E-02  3.964E+02  3.969E+02
  2.126E-01  3.062E-01  1.016E+05 -1.988E-08  6.471E-02  3.915E+02  3.922E+02
  2.126E-01  3.125E-01  1.016E+05 -2.666E-08  6.468E-02  3.860E+02  3.868E+02
  2.126E-01  3.188E-01  1.016E+05 -3.253E-08  6.464E-02  3.799E+02  3.808E+02
  2.126E-01  3.251E-01  1.016E+05 -3.743E-08  6.463E-02  3.735E+02  3.744E+02
  2.126E-01  3.314E-01  1.015E+05 -4.332E-08  6.462E-02  3.669E+02  3.678E+02
  2.126E-01  3.377E-01  1.015E+05 -4.899E-08  6.461E-02  3.602E+02  3.612E+02
  2.126E-01  3.440E-01  1.015E+05 -5.137E-08  6.459E-02  3.536E+02  3.546E+02
  2.126E-01  3.503E-01  1.015E+05 -5.267E-08  6.461E-02  3.472E+02  3.482E+02
  2.126E-01  3.567E-01  1.015E+05 -5.429E-08  6.463E-02  3.411E+02  3.420E+02
  2.126E-01  3.630E-01  1.015E+05 -5.559E-08  6.465E-02  3.353E+02  3.362E+02
  2.126E-01  3.693E-01  1.015E+05 -5.623E-08  6.467E-02  3.300E+02  3.309E+02
  2.126E-01  3.756E-01  1.015E+05 -5.627E-08  6.469E-02  3.251E+02  3.259E+02
  2.126E-01  3.819E-01  1.015E+05 -5.574E-08  6.473E-02  3.207E+02  3.214E+02
  2.126E-01  3.882E-01  1.015E+05 -5.473E-08  6.476E-02  3.167E+02  3.173E+02
  2.126E-01  3.945E-01  1.015E+05 -5.329E-08  6.479E-02  3.131E+02  3.137E+02
  2.126E-01  4.008E-01  1.015E+05 -5.149E-08  6.481E-02  3.100E+02  3.105E+02
  2.126E-01  4.072E-01  1.014E+05 -4.931E-08  6.483E-02  3.073E+02  3.077E+02
  2.126E-01  4.135E-01  1.014E+05 -4.690E-08  6.485E-02  3.049E+02  3.053E+02
  2.126E-01  4.198E-01  1.014E+05 -4.410E-08  6.487E-02  3.029E+02  3.032E+02
  2.126E-01  4.261E-01  1.014E+05 -4.097E-08  6.489E-02  3.012E+02  3.015E+02
  2.126E-01  4.324E-01  1.014E+05 -3.778E-08  6.491E-02  2.997E+02  3.000E+02
  2.126E-01  4.387E-01  1.014E+05 -3.428E-08  6.492E-02  2.985E+02  2.987E+02
  2.126E-01  4.450E-01  1.014E+05 -3.061E-08  6.493E-02  2.975E+02  2.976E+02
  2.126E-01  4.513E-01  1.014E+05 -2.705E-08  6.495E-02  2.966E+02  2.968E+02
  2.126E-01  4.577E-01  1.014E+05 -2.357E-08  6.496E-02  2.959E+02  2.960E+02
  2.126E-01  4.640E-01  1.014E+05 -2.021E-08  6.496E-02  2.954E+02  2.955E+02
  2.126E-01  4.703E-01  1.014E+05 -1.699E-08  6.497E-02  2.949E+02  2.950E+02
  2.126E-01  4.766E-01  1.014E+05 -1.395E-08  6.498E-02  2.945E+02  2.946E+02
  2.126E-01  4.829E-01  1.014E+05 -1.105E-08  6.499E-02  2.942E+02  2.943E+02
  2.126E-01  4.892E-01  1.013E+05 -8.312E-09  6.499E-02  2.940E+02  2.940E+02
  2.126E-01  4.955E-01  1.013E+05 -5.563E-09  6.499E-02  2.938E+02  2.938E+02
  2.126E-01  5.018E-01  1.013E+05 -4.105E-09  6.500E-02  2.936E+02  2.936E+02
  2.126E-01  5.050E-01  1.013E+05 -4.105E-09  6.500E-02  2.936E+02  2.930E+02
  2.410E-01  0.000E+00  1.020E+05 -9.004E-08  6.500E-02  2.930E+02  2.930E+02
  2.410E-01  3.156E-03  1.020E+05 -9.004E-08  6.501E-02  2.930E+02  2.930E+02
  2.410E-01  9.469E-03  1.020E+05 -6.999E-08  6.500E-02  2.930E+02  2.930E+02
  2.410E-01  1.578E-02  1.020E+05 -5.671E-08  6.501E-02  2.930E+02  2.930E+02
  2.410E-01  2.209E-02  1.020E+05 -4.532E-08  6.500E-02  2.930E+02  2.930E+02
  2.410E-01  2.841E-02  1.020E+05 -3.606E-08  6.499E-02  2.930E+02  2.930E+02
  2.410E-01  3.472E-02  1.020E+05 -2.843E-08  6.499E-02  2.930E+02  2.930E+02
  2.410E-01  4.103E-02  1.019E+05 -2.221E-08  6.500E-02  2.930E+02  2.930E+02
  2.410E-01  4.734E-02  1.019E+05 -1.718E-08  6.500E-02  2.930E+02  2.930E+02
  2.410E-01  5.366E-02  1.019E+05 -1.317E-08  6.500E-02  2.930E+02  2.930E+02
  2.410E-01  5.997E-02  1.019E+05 -1.007E-08  6.500E-02  2.931E+02  2.930E+02
  2.410E-01  6.628E-02  1.019E+05 -7.778E-09  6.500E-02  2.931E+02  2.931E+02
  2.410E-01  7.259E-02  1.019E+05 -6.304E-09  6.501E-02  2.931E+02  2.931E+02
  2.410E-01  7.891E-02  1.019E+05 -5.371E-09  6.501E-02  2.932E+02  2.932E+02
  2.410E-01  8.522E-02  1.019E+05 -5.685E-09  6.500E-02  2.933E+02  2.933E+02
  2.410E-01  9.153E-02  1.019E+05 -5.428E-09  6.500E-02  2.934E+02  2.934E+02
  2.410E-01  9.784E-02  1.019E+05 -6.373E-09  6.502E-02  2.936E+02  2.936E+02
  2.410E-01  1.042E-01  1.019E+05 -8.039E-09  6.503E-02  2.939E+02  2.939E+02
  2.410E-01  1.105E-01  1.019E+05 -1.073E-08  6.504E-02  2.943E+02  2.943E+02
  2.410E-01  1.168E-01  1.019E+05 -1.279E-08  6.505E-02  2.949E+02  2.948E+02
  2.410E-01  1.231E-01  1.018E+05 -1.156E-08  6.506E-02  2.956E+02  2.955E+02
  2.410E-01  1.294E-01  1.018E+05 -9.590E-09  6.508E-02  2.966E+02  2.965E+02
  2.410E-01  1.357E-01  1.018E+05 -8.265E-09  6.510E-02  2.979E+02  2.977E+02
  2.410E-01  1.420E-01  1.018E+05 -7.310E-09  6.512E-02  2.995E+02  2.993E+02
  2.410E-01  1.483E-01  1.018E+05 -6.307E-09  6.517E-02  3.016E+02  3.013E+02
  2.410E-01  1.547E-01  1.018E+05 -5.022E-09  6.520E-02  3.041E+02  3.037E+02
  2.410E-01  1.610E-01  1.018E+05 -3.086E-09  6.524E-02  3.072E+02  3.067E+02
  2.410E-01  1.673E-01  1.018E+05  6.060E-10  6.527E-02  3.109E+02  3.103E+02
  2.410E-01  1.736E-01  1.018E+05  3.298E-09  6.531E-02  3.152E+02  3.146E+02
  2.410E-01  1.799E-01  1.018E+05  2.197E-08  6.535E-02  3.202E+02  3.195E+02
  2.410E-01  1.862E-01  1.018E+05  3.926E-09  6.539E-02  3.259E+02  3.250E+02
  2.410E-01  1.925E-01  1.018E+05  1.610E-09  6.543E-02  3.322E+02  3.312E+02
  2.410E-01  1.988E-01  1.017E+05 -2.427E-09  6.545E-02  3.390E+02  3.379E+02
  2.410E-01  2.052E-01  1.017E+05 -6.228E-09  6.545E-02  3.462E+02  3.451E+02
  2.410E-01  2.115E-01  1.017E+05 -1.021E-08  6.545E-02  3.538E+02  3.526E+02
  2.410E-01  2.178E-01  1.017E+05 -1.911E-08  6.544E-02  3.615E+02  3.603E+02
  2.410E-01  2.241E-01  1.017E+05 -3.001E-08  6.543E-02  3.692E+02  3.680E+02
  2.410E-01  2.304E-01  1.017E+05 -5.308E-08  6.541E-02  3.766E+02  3.755E+02
  2.410E-01  2.367E-01  1.017E+05 -8.550E-08  6.536E-02  3.835E+02  3.825E+02
  2.410E-01  2.430E-01  1.017E+05 -4.509E-08  6.531E-02  3.898E+02  3.889E+02
  2.410E-01  2.493E-01  1.017E+05 -1.531E-08  6.525E-02  3.953E+02  3.945E+02
  2.410E-01  2.557E-01  1.017E+05  1.820E-09  6.519E-02  3.997E+02  3.990E+02
  2.410E-01  2.620E-01  1.017E+05  1.379E-08  6.513E-02  4.029E+02  4.024E+02
  2.410E-01  2.683E-01  1.016E+05  2.249E-08  6.506E-02  4.049E+02  4.046E+02
  2.410E-01  2.746E-01  1.016E+05  2.972E-08  6.499E-02  4.057E+02  4.055E+02
  2.410E-01  2.809E-01  1.016E+05  3.682E-08  6.493E-02  4.051E+02  4.051E+02
  2.410E-01  2.872E-01  1.016E+05  4.567E-08  6.487E-02  4.033E+02  4.035E+02
  2.410E-01  2.935E-01  1.016E+05  5.652E-08  6.480E-02  4.003E+02  4.007E+02
  2.410E-01  2.998E-01  1.016E+05  7.968E-08  6.475E-02  3.964E+02  3.969E+02
  2.410E-01  3.062E-01  1.016E+05  9.709E-08  6.471E-02  3.915E+02  3.922E+02
  2.410E-01  3.125E-01  1.016E+05  7.474E-08  6.468E-02  3.860E+02  3.868E+02
  2.410E-01  3.188E-01  1.016E+05  4.623E-08  6.464E-02  3.799E+02  3.808E+02
  2.410E-01  3.251E-01  1.016E+05  3.051E-08  6.463E-02  3.735E+02  3.744E+02
  2.410E-01  3.314E-01  1.015E+05  1.711E-08  6.462E-02  3.669E+02  3.678E+02
  2.410E-01  3.377E-01  1.015E+05  6.587E-09  6.461E-02  3.602E+02  3.612E+02
  2.410E-01  3.440E-01  1.015E+05 -1.836E-09  6.459E-02  3.536E+02  3.546E+02
  2.410E-01  3.503E-01  1.015E+05 -7.991E-09  6.461E-02  3.472E+02  3.482E+02
  2.410E-01  3.567E-01  1.015E+05 -1.252E-08  6.463E-02  3.411E+02  3.420E+02
  2.410E-01  3.630E-01  1.015E+05 -1.607E-08  6.465E-02  3.353E+02  3.362E+02
  2.410E-01  3.693E-01  1.015E+05 -1.876E-08  6.467E-02  3.300E+02  3.309E+02
  2.410E-01  3.756E-01  1.015E+05 -2.071E-08  6.469E-02  3.251E+02  3.259E+02
  2.410E-01  3.819E-01  1.015E+05 -2.204E-08  6.473E-02  3.207E+02  3.214E+02
  2.410E-01  3.882E-01  1.015E+05 -2.285E-08  6.476E-02  3.167E+02  3.173E+02
  2.410E-01  3.945E-01  1.015E+05 -2.323E-08  6.479E-02  3.131E+02  3.137E+02
  2.410E-01  4.008E-01  1.015E+05 -2.319E-08  6.481E-02  3.100E+02  3.105E+02
  2.410E-01  4.072E-01  1.014E+05 -2.278E-08  6.483E-02  3.073E+02  3.077E+02
  2.410E-01  4.135E-01  1.014E+05 -2.207E-08  6.485E-02  3.049E+02  3.053E+02
  2.410E-01  4.198E-01  1.014E+05 -2.112E-08  6.487E-02  3.029E+02  3.032E+02
  2.410E-01  4.261E-01  1.014E+05 -2.000E-08  6.489E-02  3.012E+02  3.015E+02
  2.410E-01  4.324E-01  1.014E+05 -1.860E-08  6.491E-02  2.997E+02  3.000E+02
  2.410E-01  4.387E-01  1.014E+05 -1.700E-08  6.492E-02  2.985E+02  2.987E+02
  2.410E-01  4.450E-01  1.014E+05 -1.535E-08  6.493E-02  2.975E+02  2.976E+02
  2.410E-01  4.513E-01  1.014E+05 -1.366E-08  6.495E-02  2.966E+02  2.968E+02
  2.410E-01  4.577E-01  1.014E+05 -1.197E-08  6.496E-02  2.959E+02  2.960E+02
  2.410E-01  4.640E-01  1.014E+05 -1.031E-08  6.496E-02  2.954E+02  2.955E+02
  2.410E-01  4.703E-01  1.014E+05 -8.694E-09  6.497E-02  2.949E+02  2.950E+02
  2.410E-01  4.766E-01  1.014E+05 -7.140E-09  6.498E-02  2.945E+02  2.946E+02
  2.410E-01  4.829E-01  1.014E+05 -5.643E-09  6.499E-02  2.942E+02  2.943E+02
  2.410E-01  4.892E-01  1.013E+05 -4.241E-09  6.499E-02  2.940E+02  2.940E+02
  2.410E-01  4.955E-01  1.013E+05 -2.851E-09  6.499E-02  2.938E+02  2.938E+02
  2.410E-01  5.018E-01  1.013E+05 -2.114E-09  6.500E-02  2.936E+02  2.936E+02
  2.410E-01  5.050E-01  1.013E+05 -2.114E-09  6.500E-02  2.936E+02  2.930E+02
  2.693E-01  0.000E+00  1.020E+05 -7.502E-08  6.500E-02  2.930E+02  2.930E+02
  2.693E-01  3.156E-03  1.020E+05 -7.502E-08  6.501E-02  2.930E+02  2.930E+02
  2.693E-01  9.469E-03  1.020E+05 -5.596E-08  6.500E-02  2.930E+02  2.930E+02
  2.693E-01  1.578E-02  1.020E+05 -4.417E-08  6.501E-02  2.930E+02  2.930E+02
  2.693E-01  2.209E-02  1.020E+05 -3.457E-08  6.500E-02  2.930E+02  2.930E+02
  2.693E-01  2.841E-02  1.020E+05 -2.721E-08  6.499E-02  2.930E+02  2.930E+02
  2.693E-01  3.472E-02  1.020E+05 -2.150E-08  6.499E-02  2.930E+02  2.930E+02
  2.693E-01  4.103E-02  1.019E+05 -1.715E-08  6.500E-02  2.930E+02  2.930E+02
  2.693E-01  4.734E-02  1.019E+05 -1.388E-08  6.500E-02  2.930E+02  2.930E+02
  2.693E-01  5.366E-02  1.019E+05 -1.154E-08  6.500E-02  2.930E+02  2.930E+02
  2.693E-01  5.997E-02  1.019E+05 -9.985E-09  6.500E-02  2.931E+02  2.930E+02
  2.693E-01  6.628E-02  1.019E+05 -9.133E-09  6.500E-02  2.931E+02  2.931E+02
  2.693E-01  7.259E-02  1.019E+05 -8.949E-09  6.501E-02  2.931E+02  2.931E+02
  2.693E-01  7.891E-02  1.019E+05 -9.384E-09  6.501E-02  2.932E+02  2.932E+02
  2.693E-01  8.522E-02  1.019E+05 -1.051E-08  6.500E-02  2.933E+02  2.933E+02
  2.693E-01  9.153E-02  1.019E+05 -1.212E-08  6.500E-02  2.934E+02  2.934E+02
  2.693E-01  9.784E-02  1.019E+05 -1.439E-08  6.502E-02  2.936E+02  2.936E+02
  2.693E-01  1.042E-01  1.019E+05 -1.752E-08  6.503E-02  2.939E+02  2.939E+02
  2.693E-01  1.105E-01  1.019E+05 -2.134E-08  6.504E-02  2.943E+02  2.943E+02
  2.693E-01  1.168E-01  1.019E+05 -2.435E-08  6.505E-02  2.949E+02  2.948E+02
  2.693E-01  1.231E-01  1.018E+05 -2.313E-08  6.506E-02  2.956E+02  2.955E+02
  2.693E-01  1.294E-01  1.018E+05 -2.106E-08  6.508E-02  2.966E+02  2.965E+02
  2.693E-01  1.357E-01  1.018E+05 -1.957E-08  6.510E-02  2.979E+02  2.977E+02
  2.693E-01  1.420E-01  1.018E+05 -1.881E-08  6.512E-02  2.995E+02  2.993E+02
  2.693E-01  1.483E-01  1.018E+05 -1.850E-08  6.517E-02  3.016E+02  3.013E+02
  2.693E-01  1.547E-01  1.018E+05 -1.864E-08  6.520E-02  3.041E+02  3.037E+02
  2.693E-01  1.610E-01  1.018E+05 -1.897E-08  6.524E-02  3.072E+02  3.067E+02
  2.693E-01  1.673E-01  1.018E+05 -1.942E-08  6.527E-02  3.109E+02  3.103E+02
  2.693E-01  1.736E-01  1.018E+05 -1.965E-08  6.531E-02  3.153E+02  3.146E+02
  2.693E-01  1.799E-01  1.018E+05 -1.957E-08  6.535E-02  3.202E+02  3.195E+02
  2.693E-01  1.862E-01  1.018E+05 -1.938E-08  6.539E-02  3.259E+02  3.250E+02
  2.693E-01  1.925E-01  1.018E+05 -1.878E-08  6.543E-02  3.322E+02  3.312E+02
  2.693E-01  1.988E-01  1.017E+05 -1.787E-08  6.545E-02  3.390E+02  3.379E+02
  2.693E-01  2.052E-01  1.017E+05 -1.689E-08  6.545E-02  3.462E+02  3.451E+02
  2.693E-01  2.115E-01  1.017E+05 -1.539E-08  6.545E-02  3.538E+02  3.526E+02
  2.693E-01  2.178E-01  1.017E+05 -1.464E-08  6.544E-02  3.615E+02  3.603E+02
  2.693E-01  2.241E-01  1.017E+05 -1.352E-08  6.543E-02  3.692E+02  3.680E+02
  2.693E-01  2.304E-01  1.017E+05 -1.221E-08  6.541E-02  3.766E+02  3.755E+02
  2.693E-01  2.367E-01  1.017E+05 -1.039E-08  6.536E-02  3.835E+02  3.825E+02
  2.693E-01  2.430E-01  1.017E+05 -5.404E-09  6.531E-02  3.898E+02  3.889E+02
  2.693E-01  2.493E-01  1.017E+05 -3.648E-11  6.525E-02  3.953E+02  3.945E+02
  2.693E-01  2.557E-01  1.017E+05  4.764E-09  6.519E-02  3.997E+02  3.990E+02
  2.693E-01  2.620E-01  1.017E+05  8.658E-09  6.513E-02  4.029E+02  4.024E+02
  2.693E-01  2.683E-01  1.016E+05  1.221E-08  6.506E-02  4.049E+02  4.046E+02
  2.693E-01  2.746E-01  1.016E+05  1.532E-08  6.499E-02  4.057E+02  4.055E+02
  2.693E-01  2.809E-01  1.016E+05  1.805E-08  6.493E-02  4.051E+02  4.051E+02
  2.693E-01  2.872E-01  1.016E+05  2.039E-08  6.487E-02  4.033E+02  4.035E+02
  2.693E-01  2.935E-01  1.016E+05  2.266E-08  6.480E-02  4.003E+02  4.007E+02
  2.693E-01  2.998E-01  1.016E+05  2.478E-08  6.475E-02  3.964E+02  3.969E+02
  2.693E-01  3.062E-01  1.016E+05  2.533E-08  6.471E-02  3.915E+02  3.922E+02
  2.693E-01  3.125E-01  1.016E+05  2.345E-08  6.468E-02  3.860E+02  3.868E+02
  2.693E-01  3.188E-01  1.016E+05  2.019E-08  6.464E-02  3.799E+02  3.808E+02
  2.693E-01  3.251E-01  1.016E+05  1.636E-08  6.463E-02  3.735E+02  3.744E+02
  2.693E-01  3.314E-01  1.015E+05  1.395E-08  6.462E-02  3.669E+02  3.678E+02
  2.693E-01  3.377E-01  1.015E+05  1.165E-08  6.461E-02  3.602E+02  3.612E+02
  2.693E-01  3.440E-01  1.015E+05  7.311E-09  6.459E-02  3.536E+02  3.546E+02
  2.693E-01  3.503E-01  1.015E+05  3.279E-09  6.461E-02  3.472E+02  3.482E+02
  2.693E-01  3.567E-01  1.015E+05  6.419E-10  6.463E-02  3.411E+02  3.420E+02
  2.693E-01  3.630E-01  1.015E+05 -1.215E-09  6.465E-02  3.353E+02  3.362E+02
  2.693E-01  3.693E-01  1.015E+05 -2.722E-09  6.467E-02  3.300E+02  3.309E+02
  2.693E-01  3.756E-01  1.015E+05 -3.910E-09  6.469E-02  3.251E+02  3.259E+02
  2.693E-01  3.819E-01  1.015E+05 -4.844E-09  6.473E-02  3.207E+02  3.214E+02
  2.693E-01  3.882E-01  1.015E+05 -5.543E-09  6.476E-02  3.167E+02  3.173E+02
  2.693E-01  3.945E-01  1.015E+05 -6.047E-09  6.479E-02  3.131E+02  3.137E+02
  2.693E-01  4.008E-01  1.015E+05 -6.348E-09  6.481E-02  3.100E+02  3.105E+02
  2.693E-01  4.072E-01  1.014E+05 -6.468E-09  6.483E-02  3.073E+02  3.077E+02
  2.693E-01  4.135E-01  1.014E+05 -6.459E-09  6.485E-02  3.049E+02  3.053E+02
  2.693E-01  4.198E-01  1.014E+05 -6.313E-09  6.487E-02  3.029E+02  3.032E+02
  2.693E-01  4.261E-01  1.014E+05 -6.089E-09  6.489E-02  3.012E+02  3.015E+02
  2.693E-01  4.324E-01  1.014E+05 -5.750E-09  6.491E-02  2.997E+02  3.000E+02
  2.693E-01  4.387E-01  1.014E+05 -5.331E-09  6.492E-02  2.985E+02  2.987E+02
  2.693E-01  4.450E-01  1.014E+05 -4.880E-09  6.493E-02  2.975E+02  2.976E+02
  2.693E-01  4.513E-01  1.014E+05 -4.384E-09  6.495E-02  2.966E+02  2.968E+02
  2.693E-01  4.577E-01  1.014E+05 -3.867E-09  6.496E-02  2.959E+02  2.960E+02
  2.693E-01  4.640E-01  1.014E+05 -3.358E-09  6.496E-02  2.954E+02  2.955E+02
  2.693E-01  4.703E-01  1.014E+05 -2.855E-09  6.497E-02  2.949E+02  2.950E+02
  2.693E-01  4.766E-01  1.014E+05 -2.356E-09  6.498E-02  2.945E+02  2.946E+02
  2.693E-01  4.829E-01  1.014E+05 -1.875E-09  6.499E-02  2.942E+02  2.943E+02
  2.693E-01  4.892E-01  1.013E+05 -1.437E-09  6.499E-02  2.940E+02  2.940E+02
  2.693E-01  4.955E-01  1.013E+05 -9.947E-10  6.499E-02  2.938E+02  2.938E+02
  2.693E-01  5.018E-01  1.013E+05 -7.404E-10  6.500E-02  2.936E+02  2.936E+02
  2.693E-01  5.050E-01  1.013E+05 -7.404E-10  6.500E-02  2.936E+02  2.930E+02
  2.835E-01  0.000E+00  1.020E+05 -7.502E-08  6.500E-02  2.930E+02  2.930E+02
  2.835E-01  3.156E-03  1.020E+05  0.000E+00  0.000E+00  2.930E+02  2.930E+02
  2.835E-01  9.469E-03  1.020E+05  0.000E+00  0.000E+00  2.930E+02  2.930E+02
  2.835E-01  1.578E-02  1.020E+05  0.000E+00  0.000E+00  2.930E+02  2.930E+02
  2.835E-01  2.209E-02  1.020E+05  0.000E+00  0.000E+00  2.930E+02  2.930E+02
  2.835E-01  2.841E-02  1.020E+05  0.000E+00  0.000E+00  2.930E+02  2.930E+02
  2.835E-01  3.472E-02  1.020E+05  0.000E+00  0.000E+00  2.930E+02  2.930E+02
  2.835E-01  4.103E-02  1.019E+05  0.000E+00  0.000E+00  2.930E+02  2.930E+02
  2.835E-01  4.734E-02  1.019E+05  0.000E+00  0.000E+00  2.930E+02  2.930E+02
  2.835E-01  5.366E-02  1.019E+05  0.000E+00  0.000E+00  2.930E+02  2.930E+02
  2.835E-01  5.997E-02  1.019E+05  0.000E+00  0.000E+00  2.931E+02  2.930E+02
  2.835E-01  6.628E-02  1.019E+05  0.000E+00  0.000E+00  2.931E+02  2.931E+02
  2.835E-01  7.259E-02  1.019E+05  0.000E+00  0.000E+00  2.931E+02  2.931E+02
  2.835E-01  7.891E-02  1.019E+05  0.000E+00  0.000E+00  2.932E+02  2.932E+02
  2.835E-01  8.522E-02  1.019E+05  0.000E+00  0.000E+00  2.933E+02  2.933E+02
  2.835E-01  9.153E-02  1.019E+05  0.000E+00  0.000E+00  2.934E+02  2.934E+02
  2.835E-01  9.784E-02  1.019E+05  0.000E+00  0.000E+00  2.936E+02  2.936E+02
  2.835E-01  1.042E-01  1.019E+05  0.000E+00  0.000E+00  2.939E+02  2.939E+02
  2.835E-01  1.105E-01  1.019E+05  0.000E+00  0.000E+00  2.943E+02  2.943E+02
  2.835E-01  1.168E-01  1.019E+05  0.000E+00  0.000E+00  2.949E+02  2.948E+02
  2.835E-01  1.231E-01  1.018E+05  0.000E+00  0.000E+00  2.956E+02  2.955E+02
  2.835E-01  1.294E-01  1.018E+05  0.000E+00  0.000E+00  2.966E+02  2.965E+02
  2.835E-01  1.357E-01  1.018E+05  0.000E+00  0.000E+00  2.979E+02  2.977E+02
  2.835E-01  1.420E-01  1.018E+05  0.000E+00  0.000E+00  2.995E+02  2.993E+02
  2.835E-01  1.483E-01  1.018E+05  0.000E+00  0.000E+00  3.016E+02  3.013E+02
  2.835E-01  1.547E-01  1.018E+05  0.000E+00  0.000E+00  3.041E+02  3.037E+02
  2.835E-01  1.610E-01  1.018E+05  0.000E+00  0.000E+00  3.072E+02  3.067E+02
  2.835E-01  1.673E-01  1.018E+05  0.000E+00  0.000E+00  3.109E+02  3.103E+02
  2.835E-01  1.736E-01  1.018E+05  0.000E+00  0.000E+00  3.153E+02  3.146E+02
  2.835E-01  1.799E-01  1.018E+05  0.000E+00  0.000E+00  3.202E+02  3.195E+02
  2.835E-01  1.862E-01  1.018E+05  0.000E+00  0.000E+00  3.259E+02  3.250E+02
  2.835E-01  1.925E-01  1.018E+05  0.000E+00  0.000E+00  3.322E+02  3.312E+02
  2.835E-01  1.988E-01  1.017E+05  0.000E+00  0.000E+00  3.390E+02  3.379E+02
  2.835E-01  2.052E-01  1.017E+05  0.000E+00  0.000E+00  3.462E+02  3.451E+02
  2.835E-01  2.115E-01  1.017E+05  0.000E+00  0.000E+00  3.538E+02  3.526E+02
  2.835E-01  2.178E-01  1.017E+05  0.000E+00  0.000E+00  3.615E+02  3.603E+02
  2.835E-01  2.241E-01  1.017E+05  0.000E+00  0.000E+00  3.692E+02  3.680E+02
  2.835E-01  2.304E-01  1.017E+05  0.000E+00  0.000E+00  3.766E+02  3.755E+02
  2.835E-01  2.367E-01  1.017E+05  0.000E+00  0.000E+00  3.835E+02  3.825E+02
  2.835E-01  2.430E-01  1.017E+05  0.000E+00  0.000E+00  3.898E+02  3.889E+02
  2.835E-01  2.493E-01  1.017E+05  0.000E+00  0.000E+00  3.953E+02  3.945E+02
  2.835E-01  2.557E-01  1.017E+05  0.000E+00  0.000E+00  3.997E+02  3.990E+02
  2.835E-01  2.620E-01  1.017E+05  0.000E+00  0.000E+00  4.029E+02  4.024E+02
  2.835E-01  2.683E-01  1.016E+05  0.000E+00  0.000E+00  4.049E+02  4.046E+02
  2.835E-01  2.746E-01  1.016E+05  0.000E+00  0.000E+00  4.057E+02  4.055E+02
  2.835E-01  2.809E-01  1.016E+05  0.000E+00  0.000E+00  4.051E+02  4.051E+02
  2.835E-01  2.872E-01  1.016E+05  0.000E+00  0.000E+00  4.033E+02  4.035E+02
  2.835E-01  2.935E-01  1.016E+05  0.000E+00  0.000E+00  4.003E+02  4.007E+02
  2.835E-01  2.998E-01  1.016E+05  0.000E+00  0.000E+00  3.964E+02  3.969E+02
  2.835E-01  3.062E-01  1.016E+05  0.000E+00  0.000E+00  3.915E+02  3.922E+02
  2.835E-01  3.125E-01  1.016E+05  0.000E+00  0.000E+00  3.860E+02  3.868E+02
  2.835E-01  3.188E-01  1.016E+05  0.000E+00  0.000E+00  3.799E+02  3.808E+02
  2.835E-01  3.251E-01  1.016E+05  0.000E+00  0.000E+00  3.735E+02  3.744E+02
  2.835E-01  3.314E-01  1.015E+05  0.000E+00  0.000E+00  3.669E+02  3.678E+02
  2.835E-01  3.377E-01  1.015E+05  0.000E+00  0.000E+00  3.602E+02  3.612E+02
  2.835E-01  3.440E-01  1.015E+05  0.000E+00  0.000E+00  3.536E+02  3.546E+02
  2.835E-01  3.503E-01  1.015E+05  0.000E+00  0.000E+00  3.472E+02  3.482E+02
  2.835E-01  3.567E-01  1.015E+05  0.000E+00  0.000E+00  3.411E+02  3.420E+02
  2.835E-01  3.630E-01  1.015E+05  0.000E+00  0.000E+00  3.353E+02  3.362E+02
  2.835E-01  3.693E-01  1.015E+05  0.000E+00  0.000E+00  3.300E+02  3.309E+02
  2.835E-01  3.756E-01  1.015E+05  0.000E+00  0.000E+00  3.251E+02  3.259E+02
  2.835E-01  3.819E-01  1.015E+05  0.000E+00  0.000E+00  3.207E+02  3.214E+02
  2.835E-01  3.882E-01  1.015E+05  0.000E+00  0.000E+00  3.167E+02  3.173E+02
  2.835E-01  3.945E-01  1.015E+05  0.000E+00  0.000E+00  3.131E+02  3.137E+02
  2.835E-01  4.008E-01  1.015E+05  0.000E+00  0.000E+00  3.100E+02  3.105E+02
  2.835E-01  4.072E-01  1.014E+05  0.000E+00  0.000E+00  3.073E+02  3.077E+02
  2.835E-01  4.135E-01  1.014E+05  0.000E+00  0.000E+00  3.049E+02  3.053E+02
  2.835E-01  4.198E-01  1.014E+05  0.000E+00  0.000E+00  3.029E+02  3.032E+02
  2.835E-01  4.261E-01  1.014E+05  0.000E+00  0.000E+00  3.012E+02  3.015E+02
  2.835E-01  4.324E-01  1.014E+05  0.000E+00  0.000E+00  2.997E+02  3.000E+02
  2.835E-01  4.387E-01  1.014E+05  0.000E+00  0.000E+00  2.985E+02  2.987E+02
  2.835E-01  4.450E-01  1.014E+05  0.000E+00  0.000E+00  2.975E+02  2.976E+02
  2.835E-01  4.513E-01  1.014E+05  0.000E+00  0.000E+00  2.966E+02  2.968E+02
  2.835E-01  4.577E-01  1.014E+05  0.000E+00  0.000E+00  2.959E+02  2.960E+02
  2.835E-01  4.640E-01  1.014E+05  0.000E+00  0.000E+00  2.954E+02  2.955E+02
  2.835E-01  4.703E-01  1.014E+05  0.000E+00  0.000E+00  2.949E+02  2.950E+02
  2.835E-01  4.766E-01  1.014E+05  0.000E+00  0.000E+00  2.945E+02  2.946E+02
  2.835E-01  4.829E-01  1.014E+05  0.000E+00  0.000E+00  2.942E+02  2.943E+02
  2.835E-01  4.892E-01  1.013E+05  0.000E+00  0.000E+00  2.940E+02  2.940E+02
  2.835E-01  4.955E-01  1.013E+05  0.000E+00  0.000E+00  2.938E+02  2.938E+02
  2.835E-01  5.018E-01  1.013E+05  0.000E+00  0.000E+00  2.936E+02  2.936E+02
  2.835E-01  5.050E-01  1.013E+05 -7.404E-10  6.500E-02  2.936E+02  2.930E+02
