VARIABLES="XP","YP","P","U","V","TS","TF"
ZONE T="Zone 001"I=    82 J=    12 F=POINT
  0.000E+00  0.000E+00  1.013E+05  0.000E+00  0.000E+00  2.932E+02  2.932E+02
  0.000E+00  3.156E-03  1.013E+05  0.000E+00  0.000E+00  2.932E+02  2.932E+02
  0.000E+00  9.469E-03  1.013E+05  0.000E+00  0.000E+00  2.935E+02  2.935E+02
  0.000E+00  1.578E-02  1.013E+05  0.000E+00  0.000E+00  2.938E+02  2.938E+02
  0.000E+00  2.209E-02  1.013E+05  0.000E+00  0.000E+00  2.942E+02  2.942E+02
  0.000E+00  2.841E-02  1.013E+05  0.000E+00  0.000E+00  2.948E+02  2.948E+02
  0.000E+00  3.472E-02  1.013E+05  0.000E+00  0.000E+00  2.957E+02  2.957E+02
  0.000E+00  4.103E-02  1.013E+05  0.000E+00  0.000E+00  2.972E+02  2.972E+02
  0.000E+00  4.734E-02  1.013E+05  0.000E+00  0.000E+00  2.998E+02  2.998E+02
  0.000E+00  5.366E-02  1.013E+05  0.000E+00  0.000E+00  3.041E+02  3.042E+02
  0.000E+00  5.997E-02  1.013E+05  0.000E+00  0.000E+00  3.115E+02  3.116E+02
  0.000E+00  6.628E-02  1.013E+05  0.000E+00  0.000E+00  3.233E+02  3.234E+02
  0.000E+00  7.259E-02  1.013E+05  0.000E+00  0.000E+00  3.418E+02  3.419E+02
  0.000E+00  7.891E-02  1.013E+05  0.000E+00  0.000E+00  3.696E+02  3.697E+02
  0.000E+00  8.522E-02  1.013E+05  0.000E+00  0.000E+00  4.098E+02  4.099E+02
  0.000E+00  9.153E-02  1.013E+05  0.000E+00  0.000E+00  4.656E+02  4.657E+02
  0.000E+00  9.784E-02  1.013E+05  0.000E+00  0.000E+00  5.402E+02  5.405E+02
  0.000E+00  1.042E-01  1.013E+05  0.000E+00  0.000E+00  6.344E+02  6.535E+02
  0.000E+00  1.105E-01  1.013E+05  0.000E+00  0.000E+00  5.459E+02  5.476E+02
  0.000E+00  1.168E-01  1.013E+05  0.000E+00  0.000E+00  4.731E+02  4.742E+02
  0.000E+00  1.231E-01  1.013E+05  0.000E+00  0.000E+00  4.170E+02  4.178E+02
  0.000E+00  1.294E-01  1.013E+05  0.000E+00  0.000E+00  3.755E+02  3.762E+02
  0.000E+00  1.357E-01  1.013E+05  0.000E+00  0.000E+00  3.461E+02  3.466E+02
  0.000E+00  1.420E-01  1.013E+05  0.000E+00  0.000E+00  3.262E+02  3.266E+02
  0.000E+00  1.483E-01  1.013E+05  0.000E+00  0.000E+00  3.133E+02  3.135E+02
  0.000E+00  1.547E-01  1.013E+05  0.000E+00  0.000E+00  3.052E+02  3.053E+02
  0.000E+00  1.610E-01  1.013E+05  0.000E+00  0.000E+00  3.003E+02  3.004E+02
  0.000E+00  1.673E-01  1.013E+05  0.000E+00  0.000E+00  2.974E+02  2.975E+02
  0.000E+00  1.736E-01  1.013E+05  0.000E+00  0.000E+00  2.958E+02  2.958E+02
  0.000E+00  1.799E-01  1.013E+05  0.000E+00  0.000E+00  2.949E+02  2.949E+02
  0.000E+00  1.862E-01  1.013E+05  0.000E+00  0.000E+00  2.944E+02  2.944E+02
  0.000E+00  1.925E-01  1.013E+05  0.000E+00  0.000E+00  2.941E+02  2.941E+02
  0.000E+00  1.988E-01  1.013E+05  0.000E+00  0.000E+00  2.939E+02  2.939E+02
  0.000E+00  2.052E-01  1.013E+05  0.000E+00  0.000E+00  2.938E+02  2.938E+02
  0.000E+00  2.115E-01  1.013E+05  0.000E+00  0.000E+00  2.937E+02  2.937E+02
  0.000E+00  2.178E-01  1.013E+05  0.000E+00  0.000E+00  2.936E+02  2.936E+02
  0.000E+00  2.241E-01  1.013E+05  0.000E+00  0.000E+00  2.936E+02  2.936E+02
  0.000E+00  2.304E-01  1.013E+05  0.000E+00  0.000E+00  2.935E+02  2.935E+02
  0.000E+00  2.367E-01  1.013E+05  0.000E+00  0.000E+00  2.935E+02  2.935E+02
  0.000E+00  2.430E-01  1.013E+05  0.000E+00  0.000E+00  2.934E+02  2.934E+02
  0.000E+00  2.493E-01  1.013E+05  0.000E+00  0.000E+00  2.934E+02  2.934E+02
  0.000E+00  2.557E-01  1.013E+05  0.000E+00  0.000E+00  2.933E+02  2.933E+02
  0.000E+00  2.620E-01  1.013E+05  0.000E+00  0.000E+00  2.933E+02  2.933E+02
  0.000E+00  2.683E-01  1.013E+05  0.000E+00  0.000E+00  2.933E+02  2.933E+02
  0.000E+00  2.746E-01  1.013E+05  0.000E+00  0.000E+00  2.933E+02  2.933E+02
  0.000E+00  2.809E-01  1.013E+05  0.000E+00  0.000E+00  2.932E+02  2.932E+02
  0.000E+00  2.872E-01  1.013E+05  0.000E+00  0.000E+00  2.932E+02  2.932E+02
  0.000E+00  2.935E-01  1.013E+05  0.000E+00  0.000E+00  2.932E+02  2.932E+02
  0.000E+00  2.998E-01  1.013E+05  0.000E+00  0.000E+00  2.932E+02  2.932E+02
  0.000E+00  3.062E-01  1.013E+05  0.000E+00  0.000E+00  2.932E+02  2.932E+02
  0.000E+00  3.125E-01  1.013E+05  0.000E+00  0.000E+00  2.931E+02  2.931E+02
  0.000E+00  3.188E-01  1.013E+05  0.000E+00  0.000E+00  2.931E+02  2.931E+02
  0.000E+00  3.251E-01  1.013E+05  0.000E+00  0.000E+00  2.931E+02  2.931E+02
  0.000E+00  3.314E-01  1.013E+05  0.000E+00  0.000E+00  2.931E+02  2.931E+02
  0.000E+00  3.377E-01  1.013E+05  0.000E+00  0.000E+00  2.931E+02  2.931E+02
  0.000E+00  3.440E-01  1.013E+05  0.000E+00  0.000E+00  2.931E+02  2.931E+02
  0.000E+00  3.503E-01  1.013E+05  0.000E+00  0.000E+00  2.931E+02  2.931E+02
  0.000E+00  3.567E-01  1.013E+05  0.000E+00  0.000E+00  2.931E+02  2.931E+02
  0.000E+00  3.630E-01  1.013E+05  0.000E+00  0.000E+00  2.931E+02  2.931E+02
  0.000E+00  3.693E-01  1.013E+05  0.000E+00  0.000E+00  2.931E+02  2.931E+02
  0.000E+00  3.756E-01  1.013E+05  0.000E+00  0.000E+00  2.931E+02  2.931E+02
  0.000E+00  3.819E-01  1.013E+05  0.000E+00  0.000E+00  2.930E+02  2.930E+02
  0.000E+00  3.882E-01  1.013E+05  0.000E+00  0.000E+00  2.930E+02  2.930E+02
  0.000E+00  3.945E-01  1.013E+05  0.000E+00  0.000E+00  2.930E+02  2.930E+02
  0.000E+00  4.008E-01  1.013E+05  0.000E+00  0.000E+00  2.930E+02  2.930E+02
  0.000E+00  4.072E-01  1.013E+05  0.000E+00  0.000E+00  2.930E+02  2.930E+02
  0.000E+00  4.135E-01  1.013E+05  0.000E+00  0.000E+00  2.930E+02  2.930E+02
  0.000E+00  4.198E-01  1.013E+05  0.000E+00  0.000E+00  2.930E+02  2.930E+02
  0.000E+00  4.261E-01  1.013E+05  0.000E+00  0.000E+00  2.930E+02  2.930E+02
  0.000E+00  4.324E-01  1.013E+05  0.000E+00  0.000E+00  2.930E+02  2.930E+02
  0.000E+00  4.387E-01  1.013E+05  0.000E+00  0.000E+00  2.930E+02  2.930E+02
  0.000E+00  4.450E-01  1.013E+05  0.000E+00  0.000E+00  2.930E+02  2.930E+02
  0.000E+00  4.513E-01  1.013E+05  0.000E+00  0.000E+00  2.930E+02  2.930E+02
  0.000E+00  4.577E-01  1.013E+05  0.000E+00  0.000E+00  2.930E+02  2.930E+02
  0.000E+00  4.640E-01  1.013E+05  0.000E+00  0.000E+00  2.930E+02  2.930E+02
  0.000E+00  4.703E-01  1.013E+05  0.000E+00  0.000E+00  2.930E+02  2.930E+02
  0.000E+00  4.766E-01  1.013E+05  0.000E+00  0.000E+00  2.930E+02  2.930E+02
  0.000E+00  4.829E-01  1.013E+05  0.000E+00  0.000E+00  2.930E+02  2.930E+02
  0.000E+00  4.892E-01  1.013E+05  0.000E+00  0.000E+00  2.930E+02  2.930E+02
  0.000E+00  4.955E-01  1.013E+05  0.000E+00  0.000E+00  2.930E+02  2.930E+02
  0.000E+00  5.018E-01  1.013E+05  0.000E+00  0.000E+00  2.930E+02  2.930E+02
  0.000E+00  5.050E-01  1.013E+05  0.000E+00  0.000E+00  2.930E+02  2.930E+02
  1.417E-02  0.000E+00  1.013E+05  0.000E+00  0.000E+00  2.930E+02  2.932E+02
  1.417E-02  3.156E-03  1.013E+05  4.515E-07  2.048E-05  2.932E+02  2.932E+02
  1.417E-02  9.469E-03  1.013E+05 -6.332E-07  6.667E-05  2.935E+02  2.935E+02
  1.417E-02  1.578E-02  1.013E+05 -1.042E-05  1.147E-04  2.938E+02  2.938E+02
  1.417E-02  2.209E-02  1.013E+05 -6.863E-07  1.576E-04  2.942E+02  2.942E+02
  1.417E-02  2.841E-02  1.013E+05  3.601E-07  2.120E-04  2.948E+02  2.948E+02
  1.417E-02  3.472E-02  1.013E+05  1.105E-07  2.760E-04  2.957E+02  2.957E+02
  1.417E-02  4.103E-02  1.013E+05  1.026E-07  3.406E-04  2.972E+02  2.972E+02
  1.417E-02  4.734E-02  1.013E+05  7.032E-08  4.093E-04  2.998E+02  2.998E+02
  1.417E-02  5.366E-02  1.013E+05  5.320E-08  4.843E-04  3.041E+02  3.042E+02
  1.417E-02  5.997E-02  1.013E+05  4.165E-08  5.626E-04  3.115E+02  3.116E+02
  1.417E-02  6.628E-02  1.013E+05  3.509E-08  6.457E-04  3.233E+02  3.234E+02
  1.417E-02  7.259E-02  1.013E+05  3.200E-08  7.378E-04  3.418E+02  3.419E+02
  1.417E-02  7.891E-02  1.013E+05  3.151E-08  8.293E-04  3.696E+02  3.697E+02
  1.417E-02  8.522E-02  1.013E+05  3.154E-08  9.188E-04  4.098E+02  4.099E+02
  1.417E-02  9.153E-02  1.013E+05  3.308E-08  9.972E-04  4.656E+02  4.657E+02
  1.417E-02  9.784E-02  1.013E+05  3.608E-08  1.009E-03  5.402E+02  5.405E+02
  1.417E-02  1.042E-01  1.013E+05  4.277E-08  1.719E-03  6.344E+02  6.535E+02
  1.417E-02  1.105E-01  1.013E+05  5.184E-08  1.043E-03  5.459E+02  5.476E+02
  1.417E-02  1.168E-01  1.013E+05  5.895E-08  1.036E-03  4.731E+02  4.742E+02
  1.417E-02  1.231E-01  1.013E+05  6.552E-08  9.791E-04  4.170E+02  4.178E+02
  1.417E-02  1.294E-01  1.013E+05  7.133E-08  9.038E-04  3.755E+02  3.762E+02
  1.417E-02  1.357E-01  1.013E+05  7.642E-08  8.172E-04  3.461E+02  3.466E+02
  1.417E-02  1.420E-01  1.013E+05  8.327E-08  7.227E-04  3.262E+02  3.266E+02
  1.417E-02  1.483E-01  1.013E+05  9.316E-08  6.353E-04  3.133E+02  3.135E+02
  1.417E-02  1.547E-01  1.013E+05  1.211E-07  5.700E-04  3.052E+02  3.053E+02
  1.417E-02  1.610E-01  1.013E+05  1.575E-07  5.132E-04  3.003E+02  3.004E+02
  1.417E-02  1.673E-01  1.013E+05  1.325E-07  4.567E-04  2.974E+02  2.975E+02
  1.417E-02  1.736E-01  1.013E+05  5.166E-08  4.017E-04  2.958E+02  2.958E+02
  1.417E-02  1.799E-01  1.013E+05 -3.038E-08  3.583E-04  2.949E+02  2.949E+02
  1.417E-02  1.862E-01  1.013E+05 -6.296E-08  3.239E-04  2.944E+02  2.944E+02
  1.417E-02  1.925E-01  1.013E+05 -4.375E-08  2.858E-04  2.941E+02  2.941E+02
  1.417E-02  1.988E-01  1.013E+05 -5.916E-08  2.471E-04  2.939E+02  2.939E+02
  1.417E-02  2.052E-01  1.013E+05 -1.097E-07  2.163E-04  2.938E+02  2.938E+02
  1.417E-02  2.115E-01  1.013E+05 -1.346E-07  1.982E-04  2.937E+02  2.937E+02
  1.417E-02  2.178E-01  1.013E+05 -1.074E-07  1.863E-04  2.936E+02  2.936E+02
  1.417E-02  2.241E-01  1.013E+05 -6.846E-08  1.761E-04  2.936E+02  2.936E+02
  1.417E-02  2.304E-01  1.013E+05 -4.654E-08  1.622E-04  2.935E+02  2.935E+02
  1.417E-02  2.367E-01  1.013E+05 -2.793E-08  1.430E-04  2.935E+02  2.935E+02
  1.417E-02  2.430E-01  1.013E+05 -1.469E-08  1.323E-04  2.934E+02  2.934E+02
  1.417E-02  2.493E-01  1.013E+05 -5.349E-09  1.222E-04  2.934E+02  2.934E+02
  1.417E-02  2.557E-01  1.013E+05  5.236E-10  1.055E-04  2.933E+02  2.933E+02
  1.417E-02  2.620E-01  1.013E+05  3.490E-09  9.627E-05  2.933E+02  2.933E+02
  1.417E-02  2.683E-01  1.013E+05  4.078E-09  9.216E-05  2.933E+02  2.933E+02
  1.417E-02  2.746E-01  1.013E+05  2.829E-09  8.843E-05  2.933E+02  2.933E+02
  1.417E-02  2.809E-01  1.013E+05  2.538E-10  8.055E-05  2.932E+02  2.932E+02
  1.417E-02  2.872E-01  1.013E+05 -3.213E-09  6.523E-05  2.932E+02  2.932E+02
  1.417E-02  2.935E-01  1.013E+05 -7.249E-09  6.257E-05  2.932E+02  2.932E+02
  1.417E-02  2.998E-01  1.013E+05 -1.166E-08  6.682E-05  2.932E+02  2.932E+02
  1.417E-02  3.062E-01  1.013E+05 -1.640E-08  5.671E-05  2.932E+02  2.932E+02
  1.417E-02  3.125E-01  1.013E+05 -2.163E-08  5.460E-05  2.931E+02  2.931E+02
  1.417E-02  3.188E-01  1.013E+05 -2.739E-08  6.068E-05  2.931E+02  2.931E+02
  1.417E-02  3.251E-01  1.013E+05 -3.534E-08  4.654E-05  2.931E+02  2.931E+02
  1.417E-02  3.314E-01  1.013E+05 -4.087E-08  3.273E-05  2.931E+02  2.931E+02
  1.417E-02  3.377E-01  1.013E+05 -6.645E-08  3.808E-05  2.931E+02  2.931E+02
  1.417E-02  3.440E-01  1.013E+05 -4.465E-08  4.131E-05  2.931E+02  2.931E+02
  1.417E-02  3.503E-01  1.013E+05 -4.262E-08  3.898E-05  2.931E+02  2.931E+02
  1.417E-02  3.567E-01  1.013E+05 -3.787E-08  3.781E-05  2.931E+02  2.931E+02
  1.417E-02  3.630E-01  1.013E+05 -3.290E-08  3.721E-05  2.931E+02  2.931E+02
  1.417E-02  3.693E-01  1.013E+05 -2.822E-08  3.154E-05  2.931E+02  2.931E+02
  1.417E-02  3.756E-01  1.013E+05 -2.400E-08  1.898E-05  2.931E+02  2.931E+02
  1.417E-02  3.819E-01  1.013E+05 -2.024E-08  1.776E-05  2.930E+02  2.930E+02
  1.417E-02  3.882E-01  1.013E+05 -1.721E-08  2.915E-05  2.930E+02  2.930E+02
  1.417E-02  3.945E-01  1.013E+05 -1.418E-08  2.730E-05  2.930E+02  2.930E+02
  1.417E-02  4.008E-01  1.013E+05 -1.176E-08  1.912E-05  2.930E+02  2.930E+02
  1.417E-02  4.072E-01  1.013E+05 -9.613E-09  2.578E-05  2.930E+02  2.930E+02
  1.417E-02  4.135E-01  1.013E+05 -7.770E-09  2.605E-05  2.930E+02  2.930E+02
  1.417E-02  4.198E-01  1.013E+05 -6.159E-09  1.432E-05  2.930E+02  2.930E+02
  1.417E-02  4.261E-01  1.013E+05 -4.748E-09  8.867E-06  2.930E+02  2.930E+02
  1.417E-02  4.324E-01  1.013E+05 -3.508E-09  1.298E-05  2.930E+02  2.930E+02
  1.417E-02  4.387E-01  1.013E+05 -2.425E-09  2.382E-05  2.930E+02  2.930E+02
  1.417E-02  4.450E-01  1.013E+05 -1.487E-09  2.342E-05  2.930E+02  2.930E+02
  1.417E-02  4.513E-01  1.013E+05 -7.256E-10  1.113E-05  2.930E+02  2.930E+02
  1.417E-02  4.577E-01  1.013E+05 -6.429E-11  6.822E-06  2.930E+02  2.930E+02
  1.417E-02  4.640E-01  1.013E+05  1.614E-10  6.775E-06  2.930E+02  2.930E+02
  1.417E-02  4.703E-01  1.013E+05  6.246E-10  1.030E-05  2.930E+02  2.930E+02
  1.417E-02  4.766E-01  1.013E+05  6.742E-10  2.140E-05  2.930E+02  2.930E+02
  1.417E-02  4.829E-01  1.013E+05  6.664E-10  2.127E-05  2.930E+02  2.930E+02
  1.417E-02  4.892E-01  1.013E+05  5.552E-10  9.930E-06  2.930E+02  2.930E+02
  1.417E-02  4.955E-01  1.013E+05  3.879E-10  4.608E-06  2.930E+02  2.930E+02
  1.417E-02  5.018E-01  1.013E+05  2.948E-10  1.190E-05  2.930E+02  2.930E+02
  1.417E-02  5.050E-01  1.013E+05  2.948E-10  1.190E-05  2.930E+02  2.930E+02
  4.252E-02  0.000E+00  1.013E+05  0.000E+00  0.000E+00  2.930E+02  2.932E+02
  4.252E-02  3.156E-03  1.013E+05  2.665E-07  1.559E-05  2.932E+02  2.932E+02
  4.252E-02  9.469E-03  1.013E+05 -8.133E-07  5.514E-05  2.935E+02  2.935E+02
  4.252E-02  1.578E-02  1.013E+05 -2.297E-06  1.144E-04  2.938E+02  2.938E+02
  4.252E-02  2.209E-02  1.013E+05 -8.371E-07  1.685E-04  2.942E+02  2.942E+02
  4.252E-02  2.841E-02  1.013E+05  2.514E-07  2.155E-04  2.948E+02  2.948E+02
  4.252E-02  3.472E-02  1.013E+05  2.559E-08  2.748E-04  2.957E+02  2.957E+02
  4.252E-02  4.103E-02  1.013E+05  3.806E-08  3.405E-04  2.972E+02  2.972E+02
  4.252E-02  4.734E-02  1.013E+05  2.306E-08  4.091E-04  2.998E+02  2.998E+02
  4.252E-02  5.366E-02  1.013E+05  2.344E-08  4.843E-04  3.041E+02  3.042E+02
  4.252E-02  5.997E-02  1.013E+05  2.983E-08  5.626E-04  3.115E+02  3.116E+02
  4.252E-02  6.628E-02  1.013E+05  4.430E-08  6.458E-04  3.233E+02  3.234E+02
  4.252E-02  7.259E-02  1.013E+05  5.915E-08  7.380E-04  3.418E+02  3.419E+02
  4.252E-02  7.891E-02  1.013E+05  9.418E-08  8.294E-04  3.696E+02  3.697E+02
  4.252E-02  8.522E-02  1.013E+05  7.961E-08  9.190E-04  4.098E+02  4.099E+02
  4.252E-02  9.153E-02  1.013E+05  8.345E-08  9.974E-04  4.657E+02  4.657E+02
  4.252E-02  9.784E-02  1.013E+05  8.433E-08  1.009E-03  5.402E+02  5.405E+02
  4.252E-02  1.042E-01  1.013E+05  8.808E-08  1.719E-03  6.344E+02  6.535E+02
  4.252E-02  1.105E-01  1.013E+05  9.664E-08  1.044E-03  5.459E+02  5.476E+02
  4.252E-02  1.168E-01  1.013E+05  1.076E-07  1.036E-03  4.732E+02  4.742E+02
  4.252E-02  1.231E-01  1.013E+05  1.196E-07  9.796E-04  4.170E+02  4.179E+02
  4.252E-02  1.294E-01  1.013E+05  1.295E-07  9.044E-04  3.755E+02  3.762E+02
  4.252E-02  1.357E-01  1.013E+05  1.336E-07  8.179E-04  3.462E+02  3.467E+02
  4.252E-02  1.420E-01  1.013E+05  1.373E-07  7.236E-04  3.262E+02  3.266E+02
  4.252E-02  1.483E-01  1.013E+05  1.189E-07  6.364E-04  3.133E+02  3.135E+02
  4.252E-02  1.547E-01  1.013E+05  1.604E-07  5.713E-04  3.052E+02  3.053E+02
  4.252E-02  1.610E-01  1.013E+05  1.852E-07  5.143E-04  3.003E+02  3.004E+02
  4.252E-02  1.673E-01  1.013E+05  1.442E-07  4.572E-04  2.974E+02  2.975E+02
  4.252E-02  1.736E-01  1.013E+05  3.918E-08  4.018E-04  2.958E+02  2.959E+02
  4.252E-02  1.799E-01  1.013E+05 -6.739E-08  3.586E-04  2.949E+02  2.949E+02
  4.252E-02  1.862E-01  1.013E+05 -1.389E-07  3.245E-04  2.944E+02  2.944E+02
  4.252E-02  1.925E-01  1.013E+05 -1.479E-07  2.863E-04  2.941E+02  2.941E+02
  4.252E-02  1.988E-01  1.013E+05 -1.419E-07  2.473E-04  2.939E+02  2.939E+02
  4.252E-02  2.052E-01  1.013E+05 -1.639E-07  2.163E-04  2.938E+02  2.938E+02
  4.252E-02  2.115E-01  1.013E+05 -1.753E-07  1.984E-04  2.937E+02  2.937E+02
  4.252E-02  2.178E-01  1.013E+05 -1.323E-07  1.868E-04  2.936E+02  2.936E+02
  4.252E-02  2.241E-01  1.013E+05 -8.065E-08  1.766E-04  2.936E+02  2.936E+02
  4.252E-02  2.304E-01  1.013E+05 -4.823E-08  1.625E-04  2.935E+02  2.935E+02
  4.252E-02  2.367E-01  1.013E+05 -2.168E-08  1.433E-04  2.935E+02  2.935E+02
  4.252E-02  2.430E-01  1.013E+05 -3.121E-09  1.325E-04  2.934E+02  2.934E+02
  4.252E-02  2.493E-01  1.013E+05  9.085E-09  1.224E-04  2.934E+02  2.934E+02
  4.252E-02  2.557E-01  1.013E+05  1.567E-08  1.058E-04  2.933E+02  2.933E+02
  4.252E-02  2.620E-01  1.013E+05  1.769E-08  9.651E-05  2.933E+02  2.933E+02
  4.252E-02  2.683E-01  1.013E+05  1.621E-08  9.241E-05  2.933E+02  2.933E+02
  4.252E-02  2.746E-01  1.013E+05  1.236E-08  8.869E-05  2.933E+02  2.933E+02
  4.252E-02  2.809E-01  1.013E+05  7.183E-09  8.081E-05  2.932E+02  2.932E+02
  4.252E-02  2.872E-01  1.013E+05  1.643E-09  6.549E-05  2.932E+02  2.932E+02
  4.252E-02  2.935E-01  1.013E+05 -3.487E-09  6.282E-05  2.932E+02  2.932E+02
  4.252E-02  2.998E-01  1.013E+05 -7.513E-09  6.706E-05  2.932E+02  2.932E+02
  4.252E-02  3.062E-01  1.013E+05 -9.718E-09  5.692E-05  2.932E+02  2.932E+02
  4.252E-02  3.125E-01  1.013E+05 -9.579E-09  5.479E-05  2.932E+02  2.932E+02
  4.252E-02  3.188E-01  1.013E+05 -5.141E-09  6.083E-05  2.931E+02  2.931E+02
  4.252E-02  3.251E-01  1.013E+05  9.400E-10  4.667E-05  2.931E+02  2.931E+02
  4.252E-02  3.314E-01  1.013E+05  2.796E-08  3.276E-05  2.931E+02  2.931E+02
  4.252E-02  3.377E-01  1.013E+05  2.847E-08  3.821E-05  2.931E+02  2.931E+02
  4.252E-02  3.440E-01  1.013E+05  2.403E-08  4.155E-05  2.931E+02  2.931E+02
  4.252E-02  3.503E-01  1.013E+05 -7.085E-09  3.913E-05  2.931E+02  2.931E+02
  4.252E-02  3.567E-01  1.013E+05 -1.772E-08  3.795E-05  2.931E+02  2.931E+02
  4.252E-02  3.630E-01  1.013E+05 -2.650E-08  3.733E-05  2.931E+02  2.931E+02
  4.252E-02  3.693E-01  1.013E+05 -3.200E-08  3.165E-05  2.931E+02  2.931E+02
  4.252E-02  3.756E-01  1.013E+05 -3.802E-08  1.908E-05  2.931E+02  2.931E+02
  4.252E-02  3.819E-01  1.013E+05 -4.046E-08  1.784E-05  2.930E+02  2.930E+02
  4.252E-02  3.882E-01  1.013E+05 -6.263E-08  2.922E-05  2.930E+02  2.930E+02
  4.252E-02  3.945E-01  1.013E+05 -3.645E-08  2.736E-05  2.930E+02  2.930E+02
  4.252E-02  4.008E-01  1.013E+05 -3.041E-08  1.917E-05  2.930E+02  2.930E+02
  4.252E-02  4.072E-01  1.013E+05 -2.182E-08  2.582E-05  2.930E+02  2.930E+02
  4.252E-02  4.135E-01  1.013E+05 -1.547E-08  2.608E-05  2.930E+02  2.930E+02
  4.252E-02  4.198E-01  1.013E+05 -9.713E-09  1.435E-05  2.930E+02  2.930E+02
  4.252E-02  4.261E-01  1.013E+05 -4.477E-09  8.889E-06  2.930E+02  2.930E+02
  4.252E-02  4.324E-01  1.013E+05  5.241E-10  1.299E-05  2.930E+02  2.930E+02
  4.252E-02  4.387E-01  1.013E+05  5.402E-09  2.383E-05  2.930E+02  2.930E+02
  4.252E-02  4.450E-01  1.013E+05  1.023E-08  2.343E-05  2.930E+02  2.930E+02
  4.252E-02  4.513E-01  1.013E+05  1.476E-08  1.114E-05  2.930E+02  2.930E+02
  4.252E-02  4.577E-01  1.013E+05  1.889E-08  6.828E-06  2.930E+02  2.930E+02
  4.252E-02  4.640E-01  1.013E+05  2.089E-08  6.780E-06  2.930E+02  2.930E+02
  4.252E-02  4.703E-01  1.013E+05  1.995E-08  1.031E-05  2.930E+02  2.930E+02
  4.252E-02  4.766E-01  1.013E+05  1.691E-08  2.140E-05  2.930E+02  2.930E+02
  4.252E-02  4.829E-01  1.013E+05  1.358E-08  2.127E-05  2.930E+02  2.930E+02
  4.252E-02  4.892E-01  1.013E+05  1.017E-08  9.930E-06  2.930E+02  2.930E+02
  4.252E-02  4.955E-01  1.013E+05  6.704E-09  4.608E-06  2.930E+02  2.930E+02
  4.252E-02  5.018E-01  1.013E+05  4.788E-09  1.190E-05  2.930E+02  2.930E+02
  4.252E-02  5.050E-01  1.013E+05  4.788E-09  1.190E-05  2.930E+02  2.930E+02
  7.087E-02  0.000E+00  1.013E+05  0.000E+00  0.000E+00  2.930E+02  2.932E+02
  7.087E-02  3.156E-03  1.013E+05 -1.900E-07  1.558E-05  2.932E+02  2.932E+02
  7.087E-02  9.469E-03  1.013E+05 -1.594E-07  5.504E-05  2.935E+02  2.935E+02
  7.087E-02  1.578E-02  1.013E+05 -1.723E-07  1.144E-04  2.938E+02  2.938E+02
  7.087E-02  2.209E-02  1.013E+05 -1.593E-07  1.687E-04  2.942E+02  2.942E+02
  7.087E-02  2.841E-02  1.013E+05 -1.262E-07  2.156E-04  2.948E+02  2.948E+02
  7.087E-02  3.472E-02  1.013E+05 -1.122E-07  2.747E-04  2.957E+02  2.957E+02
  7.087E-02  4.103E-02  1.013E+05 -9.912E-08  3.403E-04  2.972E+02  2.972E+02
  7.087E-02  4.734E-02  1.013E+05 -8.892E-08  4.088E-04  2.997E+02  2.998E+02
  7.087E-02  5.366E-02  1.013E+05 -7.794E-08  4.839E-04  3.041E+02  3.042E+02
  7.087E-02  5.997E-02  1.013E+05 -6.702E-08  5.622E-04  3.115E+02  3.116E+02
  7.087E-02  6.628E-02  1.013E+05 -5.502E-08  6.454E-04  3.233E+02  3.234E+02
  7.087E-02  7.259E-02  1.013E+05 -6.414E-08  7.376E-04  3.418E+02  3.419E+02
  7.087E-02  7.891E-02  1.013E+05 -4.939E-08  8.290E-04  3.696E+02  3.697E+02
  7.087E-02  8.522E-02  1.013E+05 -3.304E-08  9.185E-04  4.098E+02  4.099E+02
  7.087E-02  9.153E-02  1.013E+05  6.975E-09  9.971E-04  4.656E+02  4.657E+02
  7.087E-02  9.784E-02  1.013E+05  2.517E-08  1.009E-03  5.402E+02  5.405E+02
  7.087E-02  1.042E-01  1.013E+05  4.278E-08  1.719E-03  6.344E+02  6.535E+02
  7.087E-02  1.105E-01  1.013E+05  5.825E-08  1.043E-03  5.459E+02  5.476E+02
  7.087E-02  1.168E-01  1.013E+05  7.018E-08  1.036E-03  4.732E+02  4.742E+02
  7.087E-02  1.231E-01  1.013E+05  7.720E-08  9.795E-04  4.170E+02  4.179E+02
  7.087E-02  1.294E-01  1.013E+05  7.743E-08  9.044E-04  3.755E+02  3.762E+02
  7.087E-02  1.357E-01  1.013E+05  6.767E-08  8.180E-04  3.462E+02  3.467E+02
  7.087E-02  1.420E-01  1.013E+05  5.204E-08  7.237E-04  3.262E+02  3.266E+02
  7.087E-02  1.483E-01  1.013E+05  8.435E-09  6.367E-04  3.133E+02  3.135E+02
  7.087E-02  1.547E-01  1.013E+05  4.620E-09  5.718E-04  3.052E+02  3.054E+02
  7.087E-02  1.610E-01  1.013E+05 -2.560E-08  5.147E-04  3.003E+02  3.004E+02
  7.087E-02  1.673E-01  1.013E+05 -7.443E-08  4.575E-04  2.975E+02  2.975E+02
  7.087E-02  1.736E-01  1.013E+05 -1.191E-07  4.021E-04  2.958E+02  2.959E+02
  7.087E-02  1.799E-01  1.013E+05 -1.066E-07  3.587E-04  2.949E+02  2.949E+02
  7.087E-02  1.862E-01  1.013E+05 -8.146E-08  3.245E-04  2.944E+02  2.944E+02
  7.087E-02  1.925E-01  1.013E+05 -6.632E-08  2.865E-04  2.941E+02  2.941E+02
  7.087E-02  1.988E-01  1.013E+05 -4.900E-08  2.476E-04  2.939E+02  2.939E+02
  7.087E-02  2.052E-01  1.013E+05 -3.281E-08  2.166E-04  2.938E+02  2.938E+02
  7.087E-02  2.115E-01  1.013E+05 -1.650E-08  1.986E-04  2.937E+02  2.937E+02
  7.087E-02  2.178E-01  1.013E+05 -1.170E-09  1.869E-04  2.936E+02  2.936E+02
  7.087E-02  2.241E-01  1.013E+05  1.210E-08  1.767E-04  2.936E+02  2.936E+02
  7.087E-02  2.304E-01  1.013E+05  2.205E-08  1.626E-04  2.935E+02  2.935E+02
  7.087E-02  2.367E-01  1.013E+05  2.859E-08  1.434E-04  2.935E+02  2.935E+02
  7.087E-02  2.430E-01  1.013E+05  3.154E-08  1.327E-04  2.934E+02  2.934E+02
  7.087E-02  2.493E-01  1.013E+05  3.122E-08  1.225E-04  2.934E+02  2.934E+02
  7.087E-02  2.557E-01  1.013E+05  2.816E-08  1.059E-04  2.934E+02  2.934E+02
  7.087E-02  2.620E-01  1.013E+05  2.302E-08  9.670E-05  2.933E+02  2.933E+02
  7.087E-02  2.683E-01  1.013E+05  1.644E-08  9.261E-05  2.933E+02  2.933E+02
  7.087E-02  2.746E-01  1.013E+05  8.912E-09  8.889E-05  2.933E+02  2.933E+02
  7.087E-02  2.809E-01  1.013E+05  6.588E-10  8.101E-05  2.932E+02  2.932E+02
  7.087E-02  2.872E-01  1.013E+05 -8.414E-09  6.569E-05  2.932E+02  2.932E+02
  7.087E-02  2.935E-01  1.013E+05 -1.874E-08  6.302E-05  2.932E+02  2.932E+02
  7.087E-02  2.998E-01  1.013E+05 -3.139E-08  6.725E-05  2.932E+02  2.932E+02
  7.087E-02  3.062E-01  1.013E+05 -4.642E-08  5.712E-05  2.932E+02  2.932E+02
  7.087E-02  3.125E-01  1.013E+05 -7.336E-08  5.500E-05  2.932E+02  2.932E+02
  7.087E-02  3.188E-01  1.013E+05 -7.016E-08  6.107E-05  2.931E+02  2.931E+02
  7.087E-02  3.251E-01  1.013E+05 -3.061E-07  4.699E-05  2.931E+02  2.931E+02
  7.087E-02  3.314E-01  1.013E+05  7.871E-07  3.312E-05  2.931E+02  2.931E+02
  7.087E-02  3.377E-01  1.013E+05  2.237E-06  3.829E-05  2.931E+02  2.931E+02
  7.087E-02  3.440E-01  1.013E+05  7.896E-07  4.136E-05  2.931E+02  2.931E+02
  7.087E-02  3.503E-01  1.013E+05 -3.014E-07  3.897E-05  2.931E+02  2.931E+02
  7.087E-02  3.567E-01  1.013E+05 -6.252E-08  3.787E-05  2.931E+02  2.931E+02
  7.087E-02  3.630E-01  1.013E+05 -6.286E-08  3.727E-05  2.931E+02  2.931E+02
  7.087E-02  3.693E-01  1.013E+05 -3.019E-08  3.160E-05  2.931E+02  2.931E+02
  7.087E-02  3.756E-01  1.013E+05 -9.051E-09  1.903E-05  2.931E+02  2.931E+02
  7.087E-02  3.819E-01  1.013E+05  2.967E-08  1.773E-05  2.930E+02  2.930E+02
  7.087E-02  3.882E-01  1.013E+05  3.879E-08  2.923E-05  2.930E+02  2.930E+02
  7.087E-02  3.945E-01  1.013E+05  4.144E-08  2.749E-05  2.930E+02  2.930E+02
  7.087E-02  4.008E-01  1.013E+05  1.639E-08  1.923E-05  2.930E+02  2.930E+02
  7.087E-02  4.072E-01  1.013E+05  1.155E-08  2.587E-05  2.930E+02  2.930E+02
  7.087E-02  4.135E-01  1.013E+05  7.870E-09  2.612E-05  2.930E+02  2.930E+02
  7.087E-02  4.198E-01  1.013E+05  8.356E-09  1.439E-05  2.930E+02  2.930E+02
  7.087E-02  4.261E-01  1.013E+05  1.149E-08  8.922E-06  2.930E+02  2.930E+02
  7.087E-02  4.324E-01  1.013E+05  1.750E-08  1.303E-05  2.930E+02  2.930E+02
  7.087E-02  4.387E-01  1.013E+05  2.669E-08  2.387E-05  2.930E+02  2.930E+02
  7.087E-02  4.450E-01  1.013E+05  4.087E-08  2.346E-05  2.930E+02  2.930E+02
  7.087E-02  4.513E-01  1.013E+05  5.866E-08  1.117E-05  2.930E+02  2.930E+02
  7.087E-02  4.577E-01  1.013E+05  9.462E-08  6.852E-06  2.930E+02  2.930E+02
  7.087E-02  4.640E-01  1.013E+05  1.224E-07  6.782E-06  2.930E+02  2.930E+02
  7.087E-02  4.703E-01  1.013E+05  9.472E-08  1.029E-05  2.930E+02  2.930E+02
  7.087E-02  4.766E-01  1.013E+05  5.878E-08  2.138E-05  2.930E+02  2.930E+02
  7.087E-02  4.829E-01  1.013E+05  4.085E-08  2.124E-05  2.930E+02  2.930E+02
  7.087E-02  4.892E-01  1.013E+05  2.635E-08  9.902E-06  2.930E+02  2.930E+02
  7.087E-02  4.955E-01  1.013E+05  1.583E-08  4.586E-06  2.930E+02  2.930E+02
  7.087E-02  5.018E-01  1.013E+05  1.025E-08  1.185E-05  2.930E+02  2.930E+02
  7.087E-02  5.050E-01  1.013E+05  1.025E-08  1.185E-05  2.930E+02  2.930E+02
  9.922E-02  0.000E+00  1.013E+05  0.000E+00  0.000E+00  2.930E+02  2.932E+02
  9.922E-02  3.156E-03  1.013E+05 -2.089E-09  1.569E-05  2.932E+02  2.932E+02
  9.922E-02  9.469E-03  1.013E+05  2.685E-08  5.513E-05  2.935E+02  2.935E+02
  9.922E-02  1.578E-02  1.013E+05  2.506E-08  1.142E-04  2.938E+02  2.938E+02
  9.922E-02  2.209E-02  1.013E+05  1.705E-08  1.686E-04  2.942E+02  2.942E+02
  9.922E-02  2.841E-02  1.013E+05 -2.085E-08  2.155E-04  2.948E+02  2.948E+02
  9.922E-02  3.472E-02  1.013E+05 -4.097E-08  2.746E-04  2.957E+02  2.957E+02
  9.922E-02  4.103E-02  1.013E+05 -6.008E-08  3.402E-04  2.972E+02  2.972E+02
  9.922E-02  4.734E-02  1.013E+05 -8.866E-08  4.088E-04  2.997E+02  2.998E+02
  9.922E-02  5.366E-02  1.013E+05 -9.365E-08  4.840E-04  3.041E+02  3.042E+02
  9.922E-02  5.997E-02  1.013E+05 -7.087E-08  5.623E-04  3.115E+02  3.116E+02
  9.922E-02  6.628E-02  1.013E+05  1.981E-07  6.454E-04  3.233E+02  3.234E+02
  9.922E-02  7.259E-02  1.013E+05 -8.656E-07  7.376E-04  3.418E+02  3.419E+02
  9.922E-02  7.891E-02  1.013E+05 -2.283E-06  8.293E-04  3.696E+02  3.697E+02
  9.922E-02  8.522E-02  1.013E+05 -8.319E-07  9.191E-04  4.098E+02  4.099E+02
  9.922E-02  9.153E-02  1.013E+05  2.634E-07  9.976E-04  4.657E+02  4.657E+02
  9.922E-02  9.784E-02  1.013E+05  4.240E-08  1.009E-03  5.402E+02  5.405E+02
  9.922E-02  1.042E-01  1.013E+05  5.939E-08  1.719E-03  6.344E+02  6.535E+02
  9.922E-02  1.105E-01  1.013E+05  4.620E-08  1.044E-03  5.459E+02  5.476E+02
  9.922E-02  1.168E-01  1.013E+05  3.879E-08  1.037E-03  4.732E+02  4.742E+02
  9.922E-02  1.231E-01  1.013E+05  2.967E-08  9.800E-04  4.170E+02  4.179E+02
  9.922E-02  1.294E-01  1.013E+05  1.973E-08  9.049E-04  3.755E+02  3.762E+02
  9.922E-02  1.357E-01  1.013E+05  9.002E-09  8.186E-04  3.462E+02  3.467E+02
  9.922E-02  1.420E-01  1.013E+05 -2.055E-09  7.243E-04  3.263E+02  3.266E+02
  9.922E-02  1.483E-01  1.013E+05 -1.324E-08  6.372E-04  3.133E+02  3.135E+02
  9.922E-02  1.547E-01  1.013E+05 -2.454E-08  5.721E-04  3.052E+02  3.054E+02
  9.922E-02  1.610E-01  1.013E+05 -3.679E-08  5.148E-04  3.003E+02  3.004E+02
  9.922E-02  1.673E-01  1.013E+05 -6.446E-08  4.575E-04  2.975E+02  2.975E+02
  9.922E-02  1.736E-01  1.013E+05 -8.375E-08  4.023E-04  2.958E+02  2.959E+02
  9.922E-02  1.799E-01  1.013E+05 -4.910E-08  3.592E-04  2.949E+02  2.949E+02
  9.922E-02  1.862E-01  1.013E+05 -6.070E-09  3.249E-04  2.944E+02  2.944E+02
  9.922E-02  1.925E-01  1.013E+05  2.121E-08  2.865E-04  2.941E+02  2.941E+02
  9.922E-02  1.988E-01  1.013E+05  4.742E-08  2.474E-04  2.939E+02  2.939E+02
  9.922E-02  2.052E-01  1.013E+05  8.326E-08  2.163E-04  2.938E+02  2.938E+02
  9.922E-02  2.115E-01  1.013E+05  1.118E-07  1.984E-04  2.937E+02  2.937E+02
  9.922E-02  2.178E-01  1.013E+05  6.389E-08  1.867E-04  2.936E+02  2.936E+02
  9.922E-02  2.241E-01  1.013E+05  5.516E-08  1.765E-04  2.936E+02  2.936E+02
  9.922E-02  2.304E-01  1.013E+05  4.197E-08  1.624E-04  2.935E+02  2.935E+02
  9.922E-02  2.367E-01  1.013E+05  3.327E-08  1.432E-04  2.935E+02  2.935E+02
  9.922E-02  2.430E-01  1.013E+05  2.583E-08  1.325E-04  2.934E+02  2.934E+02
  9.922E-02  2.493E-01  1.013E+05  1.982E-08  1.224E-04  2.934E+02  2.934E+02
  9.922E-02  2.557E-01  1.013E+05  1.495E-08  1.059E-04  2.934E+02  2.934E+02
  9.922E-02  2.620E-01  1.013E+05  1.114E-08  9.662E-05  2.933E+02  2.933E+02
  9.922E-02  2.683E-01  1.013E+05  8.170E-09  9.253E-05  2.933E+02  2.933E+02
  9.922E-02  2.746E-01  1.013E+05  5.707E-09  8.880E-05  2.933E+02  2.933E+02
  9.922E-02  2.809E-01  1.013E+05  3.193E-09  8.090E-05  2.932E+02  2.932E+02
  9.922E-02  2.872E-01  1.013E+05 -1.004E-10  6.556E-05  2.932E+02  2.932E+02
  9.922E-02  2.935E-01  1.013E+05 -5.121E-09  6.285E-05  2.932E+02  2.932E+02
  9.922E-02  2.998E-01  1.013E+05 -1.334E-08  6.704E-05  2.932E+02  2.932E+02
  9.922E-02  3.062E-01  1.013E+05 -2.512E-08  5.683E-05  2.932E+02  2.932E+02
  9.922E-02  3.125E-01  1.013E+05 -5.021E-08  5.476E-05  2.932E+02  2.932E+02
  9.922E-02  3.188E-01  1.013E+05 -4.679E-08  5.985E-05  2.931E+02  2.931E+02
  9.922E-02  3.251E-01  1.013E+05 -2.843E-07  5.058E-05  2.931E+02  2.931E+02
  9.922E-02  3.314E-01  1.013E+05  8.052E-07  4.424E-05  2.931E+02  2.931E+02
  9.922E-02  3.377E-01  1.013E+05  2.249E-06  3.827E-05  2.931E+02  2.931E+02
  9.922E-02  3.440E-01  1.013E+05  7.917E-07  3.020E-05  2.931E+02  2.931E+02
  9.922E-02  3.503E-01  1.013E+05 -3.131E-07  3.535E-05  2.931E+02  2.931E+02
  9.922E-02  3.567E-01  1.013E+05 -9.273E-08  3.907E-05  2.931E+02  2.931E+02
  9.922E-02  3.630E-01  1.013E+05 -1.250E-07  3.753E-05  2.931E+02  2.931E+02
  9.922E-02  3.693E-01  1.013E+05 -9.832E-08  3.195E-05  2.931E+02  2.931E+02
  9.922E-02  3.756E-01  1.013E+05 -3.240E-07  1.939E-05  2.931E+02  2.931E+02
  9.922E-02  3.819E-01  1.013E+05  7.767E-07  1.810E-05  2.930E+02  2.930E+02
  9.922E-02  3.882E-01  1.013E+05  2.231E-06  2.931E-05  2.930E+02  2.930E+02
  9.922E-02  3.945E-01  1.013E+05  7.846E-07  2.729E-05  2.930E+02  2.930E+02
  9.922E-02  4.008E-01  1.013E+05 -3.063E-07  1.906E-05  2.930E+02  2.930E+02
  9.922E-02  4.072E-01  1.013E+05 -6.794E-08  2.580E-05  2.930E+02  2.930E+02
  9.922E-02  4.135E-01  1.013E+05 -6.899E-08  2.608E-05  2.930E+02  2.930E+02
  9.922E-02  4.198E-01  1.013E+05 -3.971E-08  1.438E-05  2.930E+02  2.930E+02
  9.922E-02  4.261E-01  1.013E+05 -2.174E-08  8.937E-06  2.930E+02  2.930E+02
  9.922E-02  4.324E-01  1.013E+05 -5.003E-09  1.307E-05  2.930E+02  2.930E+02
  9.922E-02  4.387E-01  1.013E+05  1.128E-08  2.394E-05  2.930E+02  2.930E+02
  9.922E-02  4.450E-01  1.013E+05  3.031E-08  2.358E-05  2.930E+02  2.930E+02
  9.922E-02  4.513E-01  1.013E+05  5.145E-08  1.138E-05  2.930E+02  2.930E+02
  9.922E-02  4.577E-01  1.013E+05  8.977E-08  7.119E-06  2.930E+02  2.930E+02
  9.922E-02  4.640E-01  1.013E+05  1.192E-07  6.784E-06  2.930E+02  2.930E+02
  9.922E-02  4.703E-01  1.013E+05  9.275E-08  1.003E-05  2.930E+02  2.930E+02
  9.922E-02  4.766E-01  1.013E+05  5.766E-08  2.117E-05  2.930E+02  2.930E+02
  9.922E-02  4.829E-01  1.013E+05  4.030E-08  2.113E-05  2.930E+02  2.930E+02
  9.922E-02  4.892E-01  1.013E+05  2.617E-08  9.821E-06  2.930E+02  2.930E+02
  9.922E-02  4.955E-01  1.013E+05  1.582E-08  4.539E-06  2.930E+02  2.930E+02
  9.922E-02  5.018E-01  1.013E+05  1.032E-08  1.179E-05  2.930E+02  2.930E+02
  9.922E-02  5.050E-01  1.013E+05  1.032E-08  1.179E-05  2.930E+02  2.930E+02
  1.276E-01  0.000E+00  1.013E+05  0.000E+00  0.000E+00  2.930E+02  2.932E+02
  1.276E-01  3.156E-03  1.013E+05  2.733E-08  1.573E-05  2.932E+02  2.932E+02
  1.276E-01  9.469E-03  1.013E+05 -1.412E-08  5.520E-05  2.935E+02  2.935E+02
  1.276E-01  1.578E-02  1.013E+05 -6.454E-08  1.144E-04  2.938E+02  2.938E+02
  1.276E-01  2.209E-02  1.013E+05 -1.157E-07  1.686E-04  2.942E+02  2.942E+02
  1.276E-01  2.841E-02  1.013E+05 -1.160E-07  2.155E-04  2.948E+02  2.948E+02
  1.276E-01  3.472E-02  1.013E+05 -1.125E-07  2.747E-04  2.957E+02  2.957E+02
  1.276E-01  4.103E-02  1.013E+05 -1.254E-07  3.403E-04  2.972E+02  2.972E+02
  1.276E-01  4.734E-02  1.013E+05 -1.507E-07  4.089E-04  2.997E+02  2.998E+02
  1.276E-01  5.366E-02  1.013E+05 -1.575E-07  4.843E-04  3.041E+02  3.042E+02
  1.276E-01  5.997E-02  1.013E+05 -1.166E-07  5.638E-04  3.115E+02  3.116E+02
  1.276E-01  6.628E-02  1.013E+05  1.266E-07  6.421E-04  3.233E+02  3.234E+02
  1.276E-01  7.259E-02  1.013E+05 -9.520E-07  7.268E-04  3.418E+02  3.419E+02
  1.276E-01  7.891E-02  1.013E+05 -2.392E-06  8.294E-04  3.696E+02  3.697E+02
  1.276E-01  8.522E-02  1.013E+05 -9.279E-07  9.302E-04  4.098E+02  4.099E+02
  1.276E-01  9.153E-02  1.013E+05  1.936E-07  1.001E-03  4.657E+02  4.657E+02
  1.276E-01  9.784E-02  1.013E+05 -3.038E-08  1.008E-03  5.402E+02  5.405E+02
  1.276E-01  1.042E-01  1.013E+05 -3.296E-08  1.719E-03  6.344E+02  6.535E+02
  1.276E-01  1.105E-01  1.013E+05 -6.173E-08  1.044E-03  5.459E+02  5.476E+02
  1.276E-01  1.168E-01  1.013E+05 -7.197E-08  1.036E-03  4.732E+02  4.742E+02
  1.276E-01  1.231E-01  1.013E+05 -7.347E-08  9.799E-04  4.170E+02  4.179E+02
  1.276E-01  1.294E-01  1.013E+05 -6.470E-08  9.048E-04  3.755E+02  3.762E+02
  1.276E-01  1.357E-01  1.013E+05 -4.579E-08  8.184E-04  3.462E+02  3.467E+02
  1.276E-01  1.420E-01  1.013E+05 -1.769E-08  7.241E-04  3.263E+02  3.266E+02
  1.276E-01  1.483E-01  1.013E+05  1.737E-08  6.369E-04  3.133E+02  3.135E+02
  1.276E-01  1.547E-01  1.013E+05  5.878E-08  5.719E-04  3.052E+02  3.054E+02
  1.276E-01  1.610E-01  1.013E+05  1.026E-07  5.145E-04  3.003E+02  3.004E+02
  1.276E-01  1.673E-01  1.013E+05  1.615E-07  4.572E-04  2.975E+02  2.975E+02
  1.276E-01  1.736E-01  1.013E+05  2.095E-07  4.019E-04  2.958E+02  2.959E+02
  1.276E-01  1.799E-01  1.013E+05  1.994E-07  3.587E-04  2.949E+02  2.949E+02
  1.276E-01  1.862E-01  1.013E+05  1.764E-07  3.244E-04  2.944E+02  2.944E+02
  1.276E-01  1.925E-01  1.013E+05  1.636E-07  2.864E-04  2.941E+02  2.941E+02
  1.276E-01  1.988E-01  1.013E+05  1.446E-07  2.475E-04  2.939E+02  2.939E+02
  1.276E-01  2.052E-01  1.013E+05  1.210E-07  2.165E-04  2.938E+02  2.938E+02
  1.276E-01  2.115E-01  1.013E+05  9.789E-08  1.981E-04  2.937E+02  2.937E+02
  1.276E-01  2.178E-01  1.013E+05  5.331E-08  1.863E-04  2.936E+02  2.936E+02
  1.276E-01  2.241E-01  1.013E+05  5.645E-08  1.762E-04  2.936E+02  2.936E+02
  1.276E-01  2.304E-01  1.013E+05  4.030E-08  1.622E-04  2.935E+02  2.935E+02
  1.276E-01  2.367E-01  1.013E+05  2.861E-08  1.430E-04  2.935E+02  2.935E+02
  1.276E-01  2.430E-01  1.013E+05  1.746E-08  1.323E-04  2.934E+02  2.934E+02
  1.276E-01  2.493E-01  1.013E+05  9.020E-09  1.222E-04  2.934E+02  2.934E+02
  1.276E-01  2.557E-01  1.013E+05  3.460E-09  1.056E-04  2.933E+02  2.933E+02
  1.276E-01  2.620E-01  1.013E+05  1.013E-09  9.632E-05  2.933E+02  2.933E+02
  1.276E-01  2.683E-01  1.013E+05  1.077E-09  9.222E-05  2.933E+02  2.933E+02
  1.276E-01  2.746E-01  1.013E+05  4.124E-09  8.849E-05  2.933E+02  2.933E+02
  1.276E-01  2.809E-01  1.013E+05  8.672E-09  8.059E-05  2.932E+02  2.932E+02
  1.276E-01  2.872E-01  1.013E+05  1.451E-08  6.525E-05  2.932E+02  2.932E+02
  1.276E-01  2.935E-01  1.013E+05  2.106E-08  6.256E-05  2.932E+02  2.932E+02
  1.276E-01  2.998E-01  1.013E+05  2.802E-08  6.678E-05  2.932E+02  2.932E+02
  1.276E-01  3.062E-01  1.013E+05  3.538E-08  5.659E-05  2.932E+02  2.932E+02
  1.276E-01  3.125E-01  1.013E+05  4.316E-08  5.457E-05  2.931E+02  2.931E+02
  1.276E-01  3.188E-01  1.013E+05  5.303E-08  5.972E-05  2.931E+02  2.931E+02
  1.276E-01  3.251E-01  1.013E+05  6.209E-08  5.056E-05  2.931E+02  2.931E+02
  1.276E-01  3.314E-01  1.013E+05  8.944E-08  4.428E-05  2.931E+02  2.931E+02
  1.276E-01  3.377E-01  1.013E+05  8.735E-08  3.805E-05  2.931E+02  2.931E+02
  1.276E-01  3.440E-01  1.013E+05  7.715E-08  2.971E-05  2.931E+02  2.931E+02
  1.276E-01  3.503E-01  1.013E+05  3.598E-08  3.489E-05  2.931E+02  2.931E+02
  1.276E-01  3.567E-01  1.013E+05  1.127E-08  3.864E-05  2.931E+02  2.931E+02
  1.276E-01  3.630E-01  1.013E+05 -2.562E-08  3.720E-05  2.931E+02  2.931E+02
  1.276E-01  3.693E-01  1.013E+05 -2.976E-08  3.069E-05  2.931E+02  2.931E+02
  1.276E-01  3.756E-01  1.013E+05 -2.721E-07  2.296E-05  2.931E+02  2.931E+02
  1.276E-01  3.819E-01  1.013E+05  8.160E-07  2.921E-05  2.930E+02  2.930E+02
  1.276E-01  3.882E-01  1.013E+05  2.262E-06  2.928E-05  2.930E+02  2.930E+02
  1.276E-01  3.945E-01  1.013E+05  8.086E-07  1.612E-05  2.930E+02  2.930E+02
  1.276E-01  4.008E-01  1.013E+05 -2.872E-07  1.543E-05  2.930E+02  2.930E+02
  1.276E-01  4.072E-01  1.013E+05 -5.279E-08  2.697E-05  2.930E+02  2.930E+02
  1.276E-01  4.135E-01  1.013E+05 -5.736E-08  2.628E-05  2.930E+02  2.930E+02
  1.276E-01  4.198E-01  1.013E+05 -3.163E-08  1.463E-05  2.930E+02  2.930E+02
  1.276E-01  4.261E-01  1.013E+05 -1.779E-08  9.103E-06  2.930E+02  2.930E+02
  1.276E-01  4.324E-01  1.013E+05 -6.436E-09  1.320E-05  2.930E+02  2.930E+02
  1.276E-01  4.387E-01  1.013E+05  2.291E-09  2.405E-05  2.930E+02  2.930E+02
  1.276E-01  4.450E-01  1.013E+05  9.732E-09  2.366E-05  2.930E+02  2.930E+02
  1.276E-01  4.513E-01  1.013E+05  1.544E-08  1.145E-05  2.930E+02  2.930E+02
  1.276E-01  4.577E-01  1.013E+05  2.035E-08  7.167E-06  2.930E+02  2.930E+02
  1.276E-01  4.640E-01  1.013E+05  2.264E-08  6.804E-06  2.930E+02  2.930E+02
  1.276E-01  4.703E-01  1.013E+05  2.173E-08  1.002E-05  2.930E+02  2.930E+02
  1.276E-01  4.766E-01  1.013E+05  1.864E-08  2.115E-05  2.930E+02  2.930E+02
  1.276E-01  4.829E-01  1.013E+05  1.490E-08  2.111E-05  2.930E+02  2.930E+02
  1.276E-01  4.892E-01  1.013E+05  1.147E-08  9.795E-06  2.930E+02  2.930E+02
  1.276E-01  4.955E-01  1.013E+05  7.616E-09  4.518E-06  2.930E+02  2.930E+02
  1.276E-01  5.018E-01  1.013E+05  5.543E-09  1.174E-05  2.930E+02  2.930E+02
  1.276E-01  5.050E-01  1.013E+05  5.543E-09  1.174E-05  2.930E+02  2.930E+02
  1.559E-01  0.000E+00  1.013E+05  0.000E+00  0.000E+00  2.930E+02  2.932E+02
  1.559E-01  3.156E-03  1.013E+05  3.263E-08  1.562E-05  2.932E+02  2.932E+02
  1.559E-01  9.469E-03  1.013E+05  2.945E-07  5.501E-05  2.935E+02  2.935E+02
  1.559E-01  1.578E-02  1.013E+05 -7.498E-07  1.142E-04  2.938E+02  2.938E+02
  1.559E-01  2.209E-02  1.013E+05 -2.199E-06  1.689E-04  2.942E+02  2.943E+02
  1.559E-01  2.841E-02  1.013E+05 -7.795E-07  2.161E-04  2.948E+02  2.948E+02
  1.559E-01  3.472E-02  1.013E+05  2.524E-07  2.753E-04  2.957E+02  2.957E+02
  1.559E-01  4.103E-02  1.013E+05 -1.672E-08  3.407E-04  2.972E+02  2.972E+02
  1.559E-01  4.734E-02  1.013E+05 -4.323E-08  4.092E-04  2.998E+02  2.998E+02
  1.559E-01  5.366E-02  1.013E+05 -9.244E-08  4.846E-04  3.041E+02  3.042E+02
  1.559E-01  5.997E-02  1.013E+05 -1.014E-07  5.639E-04  3.115E+02  3.116E+02
  1.559E-01  6.628E-02  1.013E+05 -1.443E-07  6.419E-04  3.233E+02  3.234E+02
  1.559E-01  7.259E-02  1.013E+05 -1.888E-07  7.267E-04  3.418E+02  3.419E+02
  1.559E-01  7.891E-02  1.013E+05 -2.082E-07  8.294E-04  3.696E+02  3.697E+02
  1.559E-01  8.522E-02  1.013E+05 -1.874E-07  9.299E-04  4.098E+02  4.099E+02
  1.559E-01  9.153E-02  1.013E+05 -1.073E-07  1.001E-03  4.656E+02  4.657E+02
  1.559E-01  9.784E-02  1.013E+05 -1.235E-07  1.008E-03  5.402E+02  5.405E+02
  1.559E-01  1.042E-01  1.013E+05 -1.403E-07  1.719E-03  6.344E+02  6.535E+02
  1.559E-01  1.105E-01  1.013E+05 -1.600E-07  1.043E-03  5.459E+02  5.476E+02
  1.559E-01  1.168E-01  1.013E+05 -1.618E-07  1.036E-03  4.732E+02  4.742E+02
  1.559E-01  1.231E-01  1.013E+05 -1.539E-07  9.794E-04  4.170E+02  4.179E+02
  1.559E-01  1.294E-01  1.013E+05 -1.332E-07  9.042E-04  3.755E+02  3.762E+02
  1.559E-01  1.357E-01  1.013E+05 -9.550E-08  8.177E-04  3.462E+02  3.466E+02
  1.559E-01  1.420E-01  1.013E+05 -4.256E-08  7.234E-04  3.262E+02  3.266E+02
  1.559E-01  1.483E-01  1.013E+05  1.982E-08  6.363E-04  3.133E+02  3.135E+02
  1.559E-01  1.547E-01  1.013E+05  8.723E-08  5.713E-04  3.052E+02  3.053E+02
  1.559E-01  1.610E-01  1.013E+05  1.549E-07  5.141E-04  3.003E+02  3.004E+02
  1.559E-01  1.673E-01  1.013E+05  2.350E-07  4.569E-04  2.974E+02  2.975E+02
  1.559E-01  1.736E-01  1.013E+05  3.021E-07  4.014E-04  2.958E+02  2.958E+02
  1.559E-01  1.799E-01  1.013E+05  3.066E-07  3.582E-04  2.949E+02  2.949E+02
  1.559E-01  1.862E-01  1.013E+05  3.088E-07  3.240E-04  2.944E+02  2.944E+02
  1.559E-01  1.925E-01  1.013E+05  3.077E-07  2.859E-04  2.941E+02  2.941E+02
  1.559E-01  1.988E-01  1.013E+05  2.453E-07  2.468E-04  2.939E+02  2.939E+02
  1.559E-01  2.052E-01  1.013E+05  1.575E-07  2.158E-04  2.938E+02  2.938E+02
  1.559E-01  2.115E-01  1.013E+05  9.206E-08  1.979E-04  2.937E+02  2.937E+02
  1.559E-01  2.178E-01  1.013E+05  8.122E-08  1.864E-04  2.936E+02  2.936E+02
  1.559E-01  2.241E-01  1.013E+05  8.192E-08  1.764E-04  2.936E+02  2.936E+02
  1.559E-01  2.304E-01  1.013E+05  6.789E-08  1.622E-04  2.935E+02  2.935E+02
  1.559E-01  2.367E-01  1.013E+05  5.436E-08  1.430E-04  2.935E+02  2.935E+02
  1.559E-01  2.430E-01  1.013E+05  4.048E-08  1.323E-04  2.934E+02  2.934E+02
  1.559E-01  2.493E-01  1.013E+05  2.857E-08  1.221E-04  2.934E+02  2.934E+02
  1.559E-01  2.557E-01  1.013E+05  1.931E-08  1.055E-04  2.933E+02  2.933E+02
  1.559E-01  2.620E-01  1.013E+05  1.302E-08  9.621E-05  2.933E+02  2.933E+02
  1.559E-01  2.683E-01  1.013E+05  9.552E-09  9.208E-05  2.933E+02  2.933E+02
  1.559E-01  2.746E-01  1.013E+05  8.532E-09  8.833E-05  2.933E+02  2.933E+02
  1.559E-01  2.809E-01  1.013E+05  9.351E-09  8.041E-05  2.932E+02  2.932E+02
  1.559E-01  2.872E-01  1.013E+05  1.139E-08  6.507E-05  2.932E+02  2.932E+02
  1.559E-01  2.935E-01  1.013E+05  1.398E-08  6.237E-05  2.932E+02  2.932E+02
  1.559E-01  2.998E-01  1.013E+05  1.654E-08  6.658E-05  2.932E+02  2.932E+02
  1.559E-01  3.062E-01  1.013E+05  1.851E-08  5.640E-05  2.932E+02  2.932E+02
  1.559E-01  3.125E-01  1.013E+05  1.934E-08  5.438E-05  2.931E+02  2.931E+02
  1.559E-01  3.188E-01  1.013E+05  1.878E-08  5.952E-05  2.931E+02  2.931E+02
  1.559E-01  3.251E-01  1.013E+05  1.511E-08  5.037E-05  2.931E+02  2.931E+02
  1.559E-01  3.314E-01  1.013E+05  1.306E-08  4.403E-05  2.931E+02  2.931E+02
  1.559E-01  3.377E-01  1.013E+05 -9.908E-09  3.794E-05  2.931E+02  2.931E+02
  1.559E-01  3.440E-01  1.013E+05  1.443E-08  2.974E-05  2.931E+02  2.931E+02
  1.559E-01  3.503E-01  1.013E+05  1.877E-08  3.487E-05  2.931E+02  2.931E+02
  1.559E-01  3.567E-01  1.013E+05  2.575E-08  3.865E-05  2.931E+02  2.931E+02
  1.559E-01  3.630E-01  1.013E+05  3.149E-08  3.724E-05  2.931E+02  2.931E+02
  1.559E-01  3.693E-01  1.013E+05  3.968E-08  3.076E-05  2.931E+02  2.931E+02
  1.559E-01  3.756E-01  1.013E+05  4.798E-08  2.314E-05  2.931E+02  2.931E+02
  1.559E-01  3.819E-01  1.013E+05  7.620E-08  2.945E-05  2.930E+02  2.930E+02
  1.559E-01  3.882E-01  1.013E+05  7.725E-08  2.926E-05  2.930E+02  2.930E+02
  1.559E-01  3.945E-01  1.013E+05  7.321E-08  1.584E-05  2.930E+02  2.930E+02
  1.559E-01  4.008E-01  1.013E+05  4.237E-08  1.520E-05  2.930E+02  2.930E+02
  1.559E-01  4.072E-01  1.013E+05  3.211E-08  2.684E-05  2.930E+02  2.930E+02
  1.559E-01  4.135E-01  1.013E+05  2.296E-08  2.619E-05  2.930E+02  2.930E+02
  1.559E-01  4.198E-01  1.013E+05  1.752E-08  1.457E-05  2.930E+02  2.930E+02
  1.559E-01  4.261E-01  1.013E+05  1.378E-08  9.066E-06  2.930E+02  2.930E+02
  1.559E-01  4.324E-01  1.013E+05  1.125E-08  1.317E-05  2.930E+02  2.930E+02
  1.559E-01  4.387E-01  1.013E+05  9.462E-09  2.403E-05  2.930E+02  2.930E+02
  1.559E-01  4.450E-01  1.013E+05  8.137E-09  2.365E-05  2.930E+02  2.930E+02
  1.559E-01  4.513E-01  1.013E+05  7.051E-09  1.144E-05  2.930E+02  2.930E+02
  1.559E-01  4.577E-01  1.013E+05  6.175E-09  7.159E-06  2.930E+02  2.930E+02
  1.559E-01  4.640E-01  1.013E+05  5.106E-09  6.797E-06  2.930E+02  2.930E+02
  1.559E-01  4.703E-01  1.013E+05  4.454E-09  1.001E-05  2.930E+02  2.930E+02
  1.559E-01  4.766E-01  1.013E+05  3.617E-09  2.114E-05  2.930E+02  2.930E+02
  1.559E-01  4.829E-01  1.013E+05  2.618E-09  2.110E-05  2.930E+02  2.930E+02
  1.559E-01  4.892E-01  1.013E+05  2.095E-09  9.791E-06  2.930E+02  2.930E+02
  1.559E-01  4.955E-01  1.013E+05  1.340E-09  4.515E-06  2.930E+02  2.930E+02
  1.559E-01  5.018E-01  1.013E+05  1.012E-09  1.173E-05  2.930E+02  2.930E+02
  1.559E-01  5.050E-01  1.013E+05  1.012E-09  1.173E-05  2.930E+02  2.930E+02
  1.843E-01  0.000E+00  1.013E+05  0.000E+00  0.000E+00  2.930E+02  2.932E+02
  1.843E-01  3.156E-03  1.013E+05 -2.915E-06  1.704E-05  2.932E+02  2.932E+02
  1.843E-01  9.469E-03  1.013E+05 -4.234E-07  5.204E-05  2.935E+02  2.935E+02
  1.843E-01  1.578E-02  1.013E+05  3.846E-07  1.038E-04  2.938E+02  2.938E+02
  1.843E-01  2.209E-02  1.013E+05  1.290E-07  1.692E-04  2.943E+02  2.943E+02
  1.843E-01  2.841E-02  1.013E+05  8.505E-08  2.272E-04  2.948E+02  2.948E+02
  1.843E-01  3.472E-02  1.013E+05  2.864E-08  2.789E-04  2.957E+02  2.957E+02
  1.843E-01  4.103E-02  1.013E+05 -8.723E-09  3.396E-04  2.972E+02  2.972E+02
  1.843E-01  4.734E-02  1.013E+05 -3.585E-08  4.091E-04  2.998E+02  2.998E+02
  1.843E-01  5.366E-02  1.013E+05 -5.304E-08  4.844E-04  3.041E+02  3.042E+02
  1.843E-01  5.997E-02  1.013E+05 -6.141E-08  5.638E-04  3.115E+02  3.116E+02
  1.843E-01  6.628E-02  1.013E+05 -6.058E-08  6.418E-04  3.233E+02  3.234E+02
  1.843E-01  7.259E-02  1.013E+05 -5.669E-08  7.268E-04  3.418E+02  3.419E+02
  1.843E-01  7.891E-02  1.013E+05 -2.801E-08  8.294E-04  3.696E+02  3.697E+02
  1.843E-01  8.522E-02  1.013E+05 -4.888E-08  9.299E-04  4.098E+02  4.099E+02
  1.843E-01  9.153E-02  1.013E+05 -3.155E-08  1.001E-03  4.656E+02  4.657E+02
  1.843E-01  9.784E-02  1.013E+05 -6.585E-08  1.008E-03  5.402E+02  5.405E+02
  1.843E-01  1.042E-01  1.013E+05 -8.554E-08  1.719E-03  6.344E+02  6.535E+02
  1.843E-01  1.105E-01  1.013E+05 -1.077E-07  1.043E-03  5.459E+02  5.476E+02
  1.843E-01  1.168E-01  1.013E+05 -1.130E-07  1.036E-03  4.731E+02  4.742E+02
  1.843E-01  1.231E-01  1.013E+05 -1.101E-07  9.792E-04  4.170E+02  4.178E+02
  1.843E-01  1.294E-01  1.013E+05 -9.751E-08  9.039E-04  3.755E+02  3.762E+02
  1.843E-01  1.357E-01  1.013E+05 -7.130E-08  8.172E-04  3.461E+02  3.466E+02
  1.843E-01  1.420E-01  1.013E+05 -3.319E-08  7.227E-04  3.262E+02  3.266E+02
  1.843E-01  1.483E-01  1.013E+05  1.166E-08  6.356E-04  3.133E+02  3.135E+02
  1.843E-01  1.547E-01  1.013E+05  5.841E-08  5.706E-04  3.052E+02  3.053E+02
  1.843E-01  1.610E-01  1.013E+05  1.044E-07  5.135E-04  3.003E+02  3.004E+02
  1.843E-01  1.673E-01  1.013E+05  1.496E-07  4.563E-04  2.974E+02  2.975E+02
  1.843E-01  1.736E-01  1.013E+05  1.901E-07  4.009E-04  2.958E+02  2.958E+02
  1.843E-01  1.799E-01  1.013E+05  2.389E-07  3.577E-04  2.949E+02  2.949E+02
  1.843E-01  1.862E-01  1.013E+05  2.714E-07  3.236E-04  2.944E+02  2.944E+02
  1.843E-01  1.925E-01  1.013E+05  2.415E-07  2.855E-04  2.941E+02  2.941E+02
  1.843E-01  1.988E-01  1.013E+05  1.959E-07  2.465E-04  2.939E+02  2.939E+02
  1.843E-01  2.052E-01  1.013E+05  1.640E-07  2.156E-04  2.938E+02  2.938E+02
  1.843E-01  2.115E-01  1.013E+05  1.344E-07  1.977E-04  2.937E+02  2.937E+02
  1.843E-01  2.178E-01  1.013E+05  1.110E-07  1.863E-04  2.936E+02  2.936E+02
  1.843E-01  2.241E-01  1.013E+05  9.150E-08  1.763E-04  2.936E+02  2.936E+02
  1.843E-01  2.304E-01  1.013E+05  7.454E-08  1.622E-04  2.935E+02  2.935E+02
  1.843E-01  2.367E-01  1.013E+05  6.029E-08  1.430E-04  2.935E+02  2.935E+02
  1.843E-01  2.430E-01  1.013E+05  4.838E-08  1.323E-04  2.934E+02  2.934E+02
  1.843E-01  2.493E-01  1.013E+05  3.876E-08  1.222E-04  2.934E+02  2.934E+02
  1.843E-01  2.557E-01  1.013E+05  3.141E-08  1.055E-04  2.933E+02  2.933E+02
  1.843E-01  2.620E-01  1.013E+05  2.621E-08  9.622E-05  2.933E+02  2.933E+02
  1.843E-01  2.683E-01  1.013E+05  2.292E-08  9.208E-05  2.933E+02  2.933E+02
  1.843E-01  2.746E-01  1.013E+05  2.125E-08  8.832E-05  2.933E+02  2.933E+02
  1.843E-01  2.809E-01  1.013E+05  2.080E-08  8.040E-05  2.932E+02  2.932E+02
  1.843E-01  2.872E-01  1.013E+05  2.118E-08  6.504E-05  2.932E+02  2.932E+02
  1.843E-01  2.935E-01  1.013E+05  2.200E-08  6.234E-05  2.932E+02  2.932E+02
  1.843E-01  2.998E-01  1.013E+05  2.293E-08  6.656E-05  2.932E+02  2.932E+02
  1.843E-01  3.062E-01  1.013E+05  2.370E-08  5.637E-05  2.932E+02  2.932E+02
  1.843E-01  3.125E-01  1.013E+05  2.411E-08  5.435E-05  2.931E+02  2.931E+02
  1.843E-01  3.188E-01  1.013E+05  2.404E-08  5.950E-05  2.931E+02  2.931E+02
  1.843E-01  3.251E-01  1.013E+05  2.345E-08  5.035E-05  2.931E+02  2.931E+02
  1.843E-01  3.314E-01  1.013E+05  2.245E-08  4.401E-05  2.931E+02  2.931E+02
  1.843E-01  3.377E-01  1.013E+05  2.073E-08  3.792E-05  2.931E+02  2.931E+02
  1.843E-01  3.440E-01  1.013E+05  1.923E-08  2.973E-05  2.931E+02  2.931E+02
  1.843E-01  3.503E-01  1.013E+05  1.700E-08  3.486E-05  2.931E+02  2.931E+02
  1.843E-01  3.567E-01  1.013E+05  1.427E-08  3.864E-05  2.931E+02  2.931E+02
  1.843E-01  3.630E-01  1.013E+05  1.066E-08  3.722E-05  2.931E+02  2.931E+02
  1.843E-01  3.693E-01  1.013E+05  6.259E-09  3.073E-05  2.931E+02  2.931E+02
  1.843E-01  3.756E-01  1.013E+05 -5.293E-10  2.310E-05  2.931E+02  2.931E+02
  1.843E-01  3.819E-01  1.013E+05 -5.002E-09  2.933E-05  2.930E+02  2.930E+02
  1.843E-01  3.882E-01  1.013E+05 -2.994E-08  2.926E-05  2.930E+02  2.930E+02
  1.843E-01  3.945E-01  1.013E+05 -7.036E-09  1.596E-05  2.930E+02  2.930E+02
  1.843E-01  4.008E-01  1.013E+05 -4.629E-09  1.524E-05  2.930E+02  2.930E+02
  1.843E-01  4.072E-01  1.013E+05  2.913E-11  2.688E-05  2.930E+02  2.930E+02
  1.843E-01  4.135E-01  1.013E+05  2.187E-09  2.621E-05  2.930E+02  2.930E+02
  1.843E-01  4.198E-01  1.013E+05  3.489E-09  1.458E-05  2.930E+02  2.930E+02
  1.843E-01  4.261E-01  1.013E+05  3.992E-09  9.074E-06  2.930E+02  2.930E+02
  1.843E-01  4.324E-01  1.013E+05  3.951E-09  1.318E-05  2.930E+02  2.930E+02
  1.843E-01  4.387E-01  1.013E+05  3.613E-09  2.403E-05  2.930E+02  2.930E+02
  1.843E-01  4.450E-01  1.013E+05  2.816E-09  2.365E-05  2.930E+02  2.930E+02
  1.843E-01  4.513E-01  1.013E+05  2.369E-09  1.144E-05  2.930E+02  2.930E+02
  1.843E-01  4.577E-01  1.013E+05  1.615E-09  7.161E-06  2.930E+02  2.930E+02
  1.843E-01  4.640E-01  1.013E+05  1.246E-09  6.800E-06  2.930E+02  2.930E+02
  1.843E-01  4.703E-01  1.013E+05  5.725E-10  1.001E-05  2.930E+02  2.930E+02
  1.843E-01  4.766E-01  1.013E+05  2.731E-10  2.114E-05  2.930E+02  2.930E+02
  1.843E-01  4.829E-01  1.013E+05  7.743E-12  2.110E-05  2.930E+02  2.930E+02
  1.843E-01  4.892E-01  1.013E+05 -1.294E-10  9.793E-06  2.930E+02  2.930E+02
  1.843E-01  4.955E-01  1.013E+05 -1.764E-10  4.516E-06  2.930E+02  2.930E+02
  1.843E-01  5.018E-01  1.013E+05 -1.781E-10  1.173E-05  2.930E+02  2.930E+02
  1.843E-01  5.050E-01  1.013E+05 -1.781E-10  1.173E-05  2.930E+02  2.930E+02
  2.126E-01  0.000E+00  1.013E+05  0.000E+00  0.000E+00  2.930E+02  2.932E+02
  2.126E-01  3.156E-03  1.013E+05 -2.351E-07  6.416E-05  2.932E+02  2.932E+02
  2.126E-01  9.469E-03  1.013E+05 -4.458E-07  6.987E-05  2.935E+02  2.935E+02
  2.126E-01  1.578E-02  1.013E+05  6.318E-07  1.168E-04  2.938E+02  2.938E+02
  2.126E-01  2.209E-02  1.013E+05  2.086E-06  1.676E-04  2.942E+02  2.943E+02
  2.126E-01  2.841E-02  1.013E+05  6.599E-07  2.158E-04  2.948E+02  2.948E+02
  2.126E-01  3.472E-02  1.013E+05 -3.879E-07  2.749E-04  2.957E+02  2.957E+02
  2.126E-01  4.103E-02  1.013E+05 -1.387E-07  3.405E-04  2.972E+02  2.972E+02
  2.126E-01  4.734E-02  1.013E+05 -1.314E-07  4.090E-04  2.998E+02  2.998E+02
  2.126E-01  5.366E-02  1.013E+05 -1.005E-07  4.844E-04  3.041E+02  3.042E+02
  2.126E-01  5.997E-02  1.013E+05 -8.495E-08  5.637E-04  3.115E+02  3.116E+02
  2.126E-01  6.628E-02  1.013E+05 -7.446E-08  6.417E-04  3.233E+02  3.234E+02
  2.126E-01  7.259E-02  1.013E+05 -6.749E-08  7.266E-04  3.418E+02  3.419E+02
  2.126E-01  7.891E-02  1.013E+05 -6.196E-08  8.293E-04  3.696E+02  3.697E+02
  2.126E-01  8.522E-02  1.013E+05 -5.785E-08  9.297E-04  4.098E+02  4.099E+02
  2.126E-01  9.153E-02  1.013E+05 -5.323E-08  1.001E-03  4.656E+02  4.657E+02
  2.126E-01  9.784E-02  1.013E+05 -4.889E-08  1.008E-03  5.402E+02  5.405E+02
  2.126E-01  1.042E-01  1.013E+05 -4.298E-08  1.719E-03  6.344E+02  6.535E+02
  2.126E-01  1.105E-01  1.013E+05 -3.339E-08  1.043E-03  5.459E+02  5.476E+02
  2.126E-01  1.168E-01  1.013E+05 -1.751E-08  1.036E-03  4.731E+02  4.742E+02
  2.126E-01  1.231E-01  1.013E+05  2.026E-08  9.791E-04  4.170E+02  4.178E+02
  2.126E-01  1.294E-01  1.013E+05  1.998E-09  9.037E-04  3.755E+02  3.762E+02
  2.126E-01  1.357E-01  1.013E+05  4.521E-09  8.171E-04  3.461E+02  3.466E+02
  2.126E-01  1.420E-01  1.013E+05  1.176E-08  7.226E-04  3.262E+02  3.266E+02
  2.126E-01  1.483E-01  1.013E+05  2.318E-08  6.355E-04  3.133E+02  3.135E+02
  2.126E-01  1.547E-01  1.013E+05  3.714E-08  5.705E-04  3.052E+02  3.053E+02
  2.126E-01  1.610E-01  1.013E+05  5.280E-08  5.134E-04  3.003E+02  3.004E+02
  2.126E-01  1.673E-01  1.013E+05  7.143E-08  4.563E-04  2.974E+02  2.975E+02
  2.126E-01  1.736E-01  1.013E+05  9.105E-08  4.011E-04  2.958E+02  2.958E+02
  2.126E-01  1.799E-01  1.013E+05  1.265E-07  3.579E-04  2.949E+02  2.949E+02
  2.126E-01  1.862E-01  1.013E+05  1.523E-07  3.236E-04  2.944E+02  2.944E+02
  2.126E-01  1.925E-01  1.013E+05  1.249E-07  2.852E-04  2.941E+02  2.941E+02
  2.126E-01  1.988E-01  1.013E+05  9.032E-08  2.462E-04  2.939E+02  2.939E+02
  2.126E-01  2.052E-01  1.013E+05  7.259E-08  2.155E-04  2.938E+02  2.938E+02
  2.126E-01  2.115E-01  1.013E+05  5.806E-08  1.976E-04  2.937E+02  2.937E+02
  2.126E-01  2.178E-01  1.013E+05  4.713E-08  1.863E-04  2.936E+02  2.936E+02
  2.126E-01  2.241E-01  1.013E+05  3.848E-08  1.763E-04  2.936E+02  2.936E+02
  2.126E-01  2.304E-01  1.013E+05  3.153E-08  1.622E-04  2.935E+02  2.935E+02
  2.126E-01  2.367E-01  1.013E+05  2.622E-08  1.430E-04  2.935E+02  2.935E+02
  2.126E-01  2.430E-01  1.013E+05  2.210E-08  1.323E-04  2.934E+02  2.934E+02
  2.126E-01  2.493E-01  1.013E+05  1.896E-08  1.221E-04  2.934E+02  2.934E+02
  2.126E-01  2.557E-01  1.013E+05  1.670E-08  1.055E-04  2.933E+02  2.933E+02
  2.126E-01  2.620E-01  1.013E+05  1.539E-08  9.620E-05  2.933E+02  2.933E+02
  2.126E-01  2.683E-01  1.013E+05  1.458E-08  9.207E-05  2.933E+02  2.933E+02
  2.126E-01  2.746E-01  1.013E+05  1.509E-08  8.831E-05  2.933E+02  2.933E+02
  2.126E-01  2.809E-01  1.013E+05  1.583E-08  8.040E-05  2.932E+02  2.932E+02
  2.126E-01  2.872E-01  1.013E+05  1.695E-08  6.505E-05  2.932E+02  2.932E+02
  2.126E-01  2.935E-01  1.013E+05  1.809E-08  6.236E-05  2.932E+02  2.932E+02
  2.126E-01  2.998E-01  1.013E+05  1.907E-08  6.657E-05  2.932E+02  2.932E+02
  2.126E-01  3.062E-01  1.013E+05  1.969E-08  5.640E-05  2.932E+02  2.932E+02
  2.126E-01  3.125E-01  1.013E+05  1.985E-08  5.438E-05  2.931E+02  2.931E+02
  2.126E-01  3.188E-01  1.013E+05  1.952E-08  5.953E-05  2.931E+02  2.931E+02
  2.126E-01  3.251E-01  1.013E+05  1.878E-08  5.038E-05  2.931E+02  2.931E+02
  2.126E-01  3.314E-01  1.013E+05  1.802E-08  4.404E-05  2.931E+02  2.931E+02
  2.126E-01  3.377E-01  1.013E+05  1.708E-08  3.795E-05  2.931E+02  2.931E+02
  2.126E-01  3.440E-01  1.013E+05  1.631E-08  2.975E-05  2.931E+02  2.931E+02
  2.126E-01  3.503E-01  1.013E+05  1.557E-08  3.487E-05  2.931E+02  2.931E+02
  2.126E-01  3.567E-01  1.013E+05  1.495E-08  3.865E-05  2.931E+02  2.931E+02
  2.126E-01  3.630E-01  1.013E+05  1.438E-08  3.722E-05  2.931E+02  2.931E+02
  2.126E-01  3.693E-01  1.013E+05  1.391E-08  3.072E-05  2.931E+02  2.931E+02
  2.126E-01  3.756E-01  1.013E+05  1.350E-08  2.310E-05  2.931E+02  2.931E+02
  2.126E-01  3.819E-01  1.013E+05  1.313E-08  2.932E-05  2.930E+02  2.930E+02
  2.126E-01  3.882E-01  1.013E+05  1.237E-08  2.925E-05  2.930E+02  2.930E+02
  2.126E-01  3.945E-01  1.013E+05  1.205E-08  1.595E-05  2.930E+02  2.930E+02
  2.126E-01  4.008E-01  1.013E+05  1.113E-08  1.523E-05  2.930E+02  2.930E+02
  2.126E-01  4.072E-01  1.013E+05  9.869E-09  2.687E-05  2.930E+02  2.930E+02
  2.126E-01  4.135E-01  1.013E+05  8.084E-09  2.620E-05  2.930E+02  2.930E+02
  2.126E-01  4.198E-01  1.013E+05  5.737E-09  1.458E-05  2.930E+02  2.930E+02
  2.126E-01  4.261E-01  1.013E+05  2.757E-09  9.067E-06  2.930E+02  2.930E+02
  2.126E-01  4.324E-01  1.013E+05 -8.908E-10  1.317E-05  2.930E+02  2.930E+02
  2.126E-01  4.387E-01  1.013E+05 -5.202E-09  2.403E-05  2.930E+02  2.930E+02
  2.126E-01  4.450E-01  1.013E+05 -1.010E-08  2.364E-05  2.930E+02  2.930E+02
  2.126E-01  4.513E-01  1.013E+05 -1.523E-08  1.144E-05  2.930E+02  2.930E+02
  2.126E-01  4.577E-01  1.013E+05 -2.029E-08  7.158E-06  2.930E+02  2.930E+02
  2.126E-01  4.640E-01  1.013E+05 -2.346E-08  6.797E-06  2.930E+02  2.930E+02
  2.126E-01  4.703E-01  1.013E+05 -2.279E-08  1.001E-05  2.930E+02  2.930E+02
  2.126E-01  4.766E-01  1.013E+05 -2.012E-08  2.114E-05  2.930E+02  2.930E+02
  2.126E-01  4.829E-01  1.013E+05 -1.706E-08  2.110E-05  2.930E+02  2.930E+02
  2.126E-01  4.892E-01  1.013E+05 -1.388E-08  9.794E-06  2.930E+02  2.930E+02
  2.126E-01  4.955E-01  1.013E+05 -9.413E-09  4.518E-06  2.930E+02  2.930E+02
  2.126E-01  5.018E-01  1.013E+05 -6.938E-09  1.173E-05  2.930E+02  2.930E+02
  2.126E-01  5.050E-01  1.013E+05 -6.938E-09  1.173E-05  2.930E+02  2.930E+02
  2.410E-01  0.000E+00  1.013E+05  0.000E+00  0.000E+00  2.930E+02  2.932E+02
  2.410E-01  3.156E-03  1.013E+05  2.909E-06  1.605E-05  2.932E+02  2.932E+02
  2.410E-01  9.469E-03  1.013E+05  4.246E-07  5.581E-05  2.935E+02  2.935E+02
  2.410E-01  1.578E-02  1.013E+05 -3.548E-07  1.149E-04  2.938E+02  2.938E+02
  2.410E-01  2.209E-02  1.013E+05 -7.662E-08  1.691E-04  2.942E+02  2.943E+02
  2.410E-01  2.841E-02  1.013E+05 -6.304E-08  2.159E-04  2.948E+02  2.948E+02
  2.410E-01  3.472E-02  1.013E+05 -4.471E-08  2.751E-04  2.957E+02  2.957E+02
  2.410E-01  4.103E-02  1.013E+05 -2.894E-08  3.406E-04  2.972E+02  2.972E+02
  2.410E-01  4.734E-02  1.013E+05 -2.127E-08  4.092E-04  2.998E+02  2.998E+02
  2.410E-01  5.366E-02  1.013E+05 -1.923E-08  4.845E-04  3.041E+02  3.042E+02
  2.410E-01  5.997E-02  1.013E+05 -2.263E-08  5.638E-04  3.115E+02  3.116E+02
  2.410E-01  6.628E-02  1.013E+05 -3.013E-08  6.418E-04  3.233E+02  3.234E+02
  2.410E-01  7.259E-02  1.013E+05 -3.982E-08  7.267E-04  3.418E+02  3.419E+02
  2.410E-01  7.891E-02  1.013E+05 -4.915E-08  8.293E-04  3.696E+02  3.697E+02
  2.410E-01  8.522E-02  1.013E+05 -5.695E-08  9.298E-04  4.098E+02  4.099E+02
  2.410E-01  9.153E-02  1.013E+05 -6.249E-08  1.001E-03  4.656E+02  4.657E+02
  2.410E-01  9.784E-02  1.013E+05 -6.707E-08  1.008E-03  5.402E+02  5.405E+02
  2.410E-01  1.042E-01  1.013E+05 -6.765E-08  1.719E-03  6.344E+02  6.535E+02
  2.410E-01  1.105E-01  1.013E+05 -7.752E-08  1.043E-03  5.459E+02  5.476E+02
  2.410E-01  1.168E-01  1.013E+05 -9.388E-08  1.036E-03  4.731E+02  4.742E+02
  2.410E-01  1.231E-01  1.013E+05 -1.167E-07  9.792E-04  4.170E+02  4.178E+02
  2.410E-01  1.294E-01  1.013E+05 -8.910E-08  9.036E-04  3.755E+02  3.762E+02
  2.410E-01  1.357E-01  1.013E+05 -7.892E-08  8.171E-04  3.461E+02  3.466E+02
  2.410E-01  1.420E-01  1.013E+05 -6.135E-08  7.227E-04  3.262E+02  3.266E+02
  2.410E-01  1.483E-01  1.013E+05 -5.177E-08  6.357E-04  3.133E+02  3.135E+02
  2.410E-01  1.547E-01  1.013E+05 -4.345E-08  5.707E-04  3.052E+02  3.053E+02
  2.410E-01  1.610E-01  1.013E+05 -3.852E-08  5.137E-04  3.003E+02  3.004E+02
  2.410E-01  1.673E-01  1.013E+05 -3.942E-08  4.566E-04  2.974E+02  2.975E+02
  2.410E-01  1.736E-01  1.013E+05 -4.545E-08  4.014E-04  2.958E+02  2.958E+02
  2.410E-01  1.799E-01  1.013E+05 -7.099E-08  3.583E-04  2.949E+02  2.949E+02
  2.410E-01  1.862E-01  1.013E+05 -9.121E-08  3.239E-04  2.944E+02  2.944E+02
  2.410E-01  1.925E-01  1.013E+05 -6.159E-08  2.856E-04  2.941E+02  2.941E+02
  2.410E-01  1.988E-01  1.013E+05 -2.721E-08  2.466E-04  2.939E+02  2.939E+02
  2.410E-01  2.052E-01  1.013E+05 -1.177E-08  2.158E-04  2.938E+02  2.938E+02
  2.410E-01  2.115E-01  1.013E+05 -2.378E-10  1.979E-04  2.937E+02  2.937E+02
  2.410E-01  2.178E-01  1.013E+05  6.707E-09  1.865E-04  2.936E+02  2.936E+02
  2.410E-01  2.241E-01  1.013E+05  1.121E-08  1.765E-04  2.936E+02  2.936E+02
  2.410E-01  2.304E-01  1.013E+05  1.397E-08  1.624E-04  2.935E+02  2.935E+02
  2.410E-01  2.367E-01  1.013E+05  1.552E-08  1.432E-04  2.935E+02  2.935E+02
  2.410E-01  2.430E-01  1.013E+05  1.617E-08  1.324E-04  2.934E+02  2.934E+02
  2.410E-01  2.493E-01  1.013E+05  1.615E-08  1.222E-04  2.934E+02  2.934E+02
  2.410E-01  2.557E-01  1.013E+05  1.566E-08  1.056E-04  2.933E+02  2.933E+02
  2.410E-01  2.620E-01  1.013E+05  1.496E-08  9.626E-05  2.933E+02  2.933E+02
  2.410E-01  2.683E-01  1.013E+05  1.426E-08  9.210E-05  2.933E+02  2.933E+02
  2.410E-01  2.746E-01  1.013E+05  1.381E-08  8.833E-05  2.933E+02  2.933E+02
  2.410E-01  2.809E-01  1.013E+05  1.374E-08  8.039E-05  2.932E+02  2.932E+02
  2.410E-01  2.872E-01  1.013E+05  1.417E-08  6.503E-05  2.932E+02  2.932E+02
  2.410E-01  2.935E-01  1.013E+05  1.507E-08  6.233E-05  2.932E+02  2.932E+02
  2.410E-01  2.998E-01  1.013E+05  1.636E-08  6.654E-05  2.932E+02  2.932E+02
  2.410E-01  3.062E-01  1.013E+05  1.789E-08  5.636E-05  2.932E+02  2.932E+02
  2.410E-01  3.125E-01  1.013E+05  1.946E-08  5.435E-05  2.931E+02  2.931E+02
  2.410E-01  3.188E-01  1.013E+05  2.087E-08  5.949E-05  2.931E+02  2.931E+02
  2.410E-01  3.251E-01  1.013E+05  2.197E-08  5.035E-05  2.931E+02  2.931E+02
  2.410E-01  3.314E-01  1.013E+05  2.242E-08  4.401E-05  2.931E+02  2.931E+02
  2.410E-01  3.377E-01  1.013E+05  2.251E-08  3.792E-05  2.931E+02  2.931E+02
  2.410E-01  3.440E-01  1.013E+05  2.233E-08  2.972E-05  2.931E+02  2.931E+02
  2.410E-01  3.503E-01  1.013E+05  2.196E-08  3.485E-05  2.931E+02  2.931E+02
  2.410E-01  3.567E-01  1.013E+05  2.151E-08  3.862E-05  2.931E+02  2.931E+02
  2.410E-01  3.630E-01  1.013E+05  2.098E-08  3.719E-05  2.931E+02  2.931E+02
  2.410E-01  3.693E-01  1.013E+05  2.043E-08  3.070E-05  2.931E+02  2.931E+02
  2.410E-01  3.756E-01  1.013E+05  1.986E-08  2.307E-05  2.931E+02  2.931E+02
  2.410E-01  3.819E-01  1.013E+05  1.928E-08  2.929E-05  2.930E+02  2.930E+02
  2.410E-01  3.882E-01  1.013E+05  1.862E-08  2.922E-05  2.930E+02  2.930E+02
  2.410E-01  3.945E-01  1.013E+05  1.804E-08  1.593E-05  2.930E+02  2.930E+02
  2.410E-01  4.008E-01  1.013E+05  1.719E-08  1.521E-05  2.930E+02  2.930E+02
  2.410E-01  4.072E-01  1.013E+05  1.598E-08  2.685E-05  2.930E+02  2.930E+02
  2.410E-01  4.135E-01  1.013E+05  1.419E-08  2.618E-05  2.930E+02  2.930E+02
  2.410E-01  4.198E-01  1.013E+05  1.155E-08  1.455E-05  2.930E+02  2.930E+02
  2.410E-01  4.261E-01  1.013E+05  7.668E-09  9.042E-06  2.930E+02  2.930E+02
  2.410E-01  4.324E-01  1.013E+05  1.946E-09  1.314E-05  2.930E+02  2.930E+02
  2.410E-01  4.387E-01  1.013E+05 -6.446E-09  2.399E-05  2.930E+02  2.930E+02
  2.410E-01  4.450E-01  1.013E+05 -1.925E-08  2.361E-05  2.930E+02  2.930E+02
  2.410E-01  4.513E-01  1.013E+05 -3.608E-08  1.140E-05  2.930E+02  2.930E+02
  2.410E-01  4.577E-01  1.013E+05 -7.099E-08  7.131E-06  2.930E+02  2.930E+02
  2.410E-01  4.640E-01  1.013E+05 -9.849E-08  6.794E-06  2.930E+02  2.930E+02
  2.410E-01  4.703E-01  1.013E+05 -7.167E-08  1.004E-05  2.930E+02  2.930E+02
  2.410E-01  4.766E-01  1.013E+05 -3.746E-08  2.117E-05  2.930E+02  2.930E+02
  2.410E-01  4.829E-01  1.013E+05 -2.185E-08  2.114E-05  2.930E+02  2.930E+02
  2.410E-01  4.892E-01  1.013E+05 -1.016E-08  9.831E-06  2.930E+02  2.930E+02
  2.410E-01  4.955E-01  1.013E+05 -4.427E-09  4.550E-06  2.930E+02  2.930E+02
  2.410E-01  5.018E-01  1.013E+05 -1.454E-09  1.180E-05  2.930E+02  2.930E+02
  2.410E-01  5.050E-01  1.013E+05 -1.454E-09  1.180E-05  2.930E+02  2.930E+02
  2.693E-01  0.000E+00  1.013E+05  0.000E+00  0.000E+00  2.930E+02  2.932E+02
  2.693E-01  3.156E-03  1.013E+05  2.199E-07  1.567E-05  2.932E+02  2.932E+02
  2.693E-01  9.469E-03  1.013E+05  1.325E-07  5.520E-05  2.935E+02  2.935E+02
  2.693E-01  1.578E-02  1.013E+05  7.727E-08  1.145E-04  2.938E+02  2.938E+02
  2.693E-01  2.209E-02  1.013E+05  2.454E-08  1.690E-04  2.943E+02  2.943E+02
  2.693E-01  2.841E-02  1.013E+05  2.886E-08  2.160E-04  2.948E+02  2.948E+02
  2.693E-01  3.472E-02  1.013E+05  2.054E-08  2.753E-04  2.957E+02  2.957E+02
  2.693E-01  4.103E-02  1.013E+05  1.777E-08  3.409E-04  2.972E+02  2.972E+02
  2.693E-01  4.734E-02  1.013E+05  1.377E-08  4.095E-04  2.998E+02  2.998E+02
  2.693E-01  5.366E-02  1.013E+05  8.546E-09  4.849E-04  3.042E+02  3.042E+02
  2.693E-01  5.997E-02  1.013E+05  1.309E-09  5.643E-04  3.115E+02  3.116E+02
  2.693E-01  6.628E-02  1.013E+05 -7.821E-09  6.422E-04  3.233E+02  3.234E+02
  2.693E-01  7.259E-02  1.013E+05 -1.812E-08  7.272E-04  3.418E+02  3.420E+02
  2.693E-01  7.891E-02  1.013E+05 -2.825E-08  8.297E-04  3.696E+02  3.697E+02
  2.693E-01  8.522E-02  1.013E+05 -3.774E-08  9.301E-04  4.098E+02  4.099E+02
  2.693E-01  9.153E-02  1.013E+05 -4.676E-08  1.001E-03  4.656E+02  4.657E+02
  2.693E-01  9.784E-02  1.013E+05 -5.637E-08  1.008E-03  5.402E+02  5.405E+02
  2.693E-01  1.042E-01  1.013E+05 -6.483E-08  1.719E-03  6.344E+02  6.535E+02
  2.693E-01  1.105E-01  1.013E+05 -8.629E-08  1.044E-03  5.459E+02  5.476E+02
  2.693E-01  1.168E-01  1.013E+05 -1.168E-07  1.036E-03  4.731E+02  4.742E+02
  2.693E-01  1.231E-01  1.013E+05 -1.730E-07  9.792E-04  4.170E+02  4.178E+02
  2.693E-01  1.294E-01  1.013E+05 -1.206E-07  9.044E-04  3.755E+02  3.762E+02
  2.693E-01  1.357E-01  1.013E+05 -1.035E-07  8.173E-04  3.461E+02  3.466E+02
  2.693E-01  1.420E-01  1.013E+05 -8.144E-08  7.229E-04  3.262E+02  3.266E+02
  2.693E-01  1.483E-01  1.013E+05 -6.981E-08  6.357E-04  3.133E+02  3.135E+02
  2.693E-01  1.547E-01  1.013E+05 -6.082E-08  5.707E-04  3.052E+02  3.053E+02
  2.693E-01  1.610E-01  1.013E+05 -5.578E-08  5.136E-04  3.003E+02  3.004E+02
  2.693E-01  1.673E-01  1.013E+05 -5.655E-08  4.565E-04  2.974E+02  2.975E+02
  2.693E-01  1.736E-01  1.013E+05 -6.194E-08  4.011E-04  2.958E+02  2.958E+02
  2.693E-01  1.799E-01  1.013E+05 -8.635E-08  3.579E-04  2.949E+02  2.949E+02
  2.693E-01  1.862E-01  1.013E+05 -1.040E-07  3.238E-04  2.944E+02  2.944E+02
  2.693E-01  1.925E-01  1.013E+05 -7.239E-08  2.857E-04  2.941E+02  2.941E+02
  2.693E-01  1.988E-01  1.013E+05 -3.598E-08  2.467E-04  2.939E+02  2.939E+02
  2.693E-01  2.052E-01  1.013E+05 -1.871E-08  2.158E-04  2.938E+02  2.938E+02
  2.693E-01  2.115E-01  1.013E+05 -5.621E-09  1.980E-04  2.937E+02  2.937E+02
  2.693E-01  2.178E-01  1.013E+05  2.538E-09  1.865E-04  2.936E+02  2.936E+02
  2.693E-01  2.241E-01  1.013E+05  7.890E-09  1.765E-04  2.936E+02  2.936E+02
  2.693E-01  2.304E-01  1.013E+05  1.116E-08  1.624E-04  2.935E+02  2.935E+02
  2.693E-01  2.367E-01  1.013E+05  1.294E-08  1.432E-04  2.935E+02  2.935E+02
  2.693E-01  2.430E-01  1.013E+05  1.358E-08  1.324E-04  2.934E+02  2.934E+02
  2.693E-01  2.493E-01  1.013E+05  1.338E-08  1.223E-04  2.934E+02  2.934E+02
  2.693E-01  2.557E-01  1.013E+05  1.259E-08  1.056E-04  2.933E+02  2.933E+02
  2.693E-01  2.620E-01  1.013E+05  1.147E-08  9.632E-05  2.933E+02  2.933E+02
  2.693E-01  2.683E-01  1.013E+05  1.028E-08  9.216E-05  2.933E+02  2.933E+02
  2.693E-01  2.746E-01  1.013E+05  9.251E-09  8.839E-05  2.933E+02  2.933E+02
  2.693E-01  2.809E-01  1.013E+05  8.572E-09  8.045E-05  2.932E+02  2.932E+02
  2.693E-01  2.872E-01  1.013E+05  8.371E-09  6.508E-05  2.932E+02  2.932E+02
  2.693E-01  2.935E-01  1.013E+05  8.691E-09  6.237E-05  2.932E+02  2.932E+02
  2.693E-01  2.998E-01  1.013E+05  9.515E-09  6.657E-05  2.932E+02  2.932E+02
  2.693E-01  3.062E-01  1.013E+05  1.078E-08  5.637E-05  2.932E+02  2.932E+02
  2.693E-01  3.125E-01  1.013E+05  1.235E-08  5.435E-05  2.931E+02  2.931E+02
  2.693E-01  3.188E-01  1.013E+05  1.401E-08  5.949E-05  2.931E+02  2.931E+02
  2.693E-01  3.251E-01  1.013E+05  1.557E-08  5.034E-05  2.931E+02  2.931E+02
  2.693E-01  3.314E-01  1.013E+05  1.638E-08  4.399E-05  2.931E+02  2.931E+02
  2.693E-01  3.377E-01  1.013E+05  1.682E-08  3.790E-05  2.931E+02  2.931E+02
  2.693E-01  3.440E-01  1.013E+05  1.716E-08  2.970E-05  2.931E+02  2.931E+02
  2.693E-01  3.503E-01  1.013E+05  1.678E-08  3.483E-05  2.931E+02  2.931E+02
  2.693E-01  3.567E-01  1.013E+05  1.643E-08  3.860E-05  2.931E+02  2.931E+02
  2.693E-01  3.630E-01  1.013E+05  1.587E-08  3.718E-05  2.931E+02  2.931E+02
  2.693E-01  3.693E-01  1.013E+05  1.528E-08  3.068E-05  2.931E+02  2.931E+02
  2.693E-01  3.756E-01  1.013E+05  1.470E-08  2.306E-05  2.931E+02  2.931E+02
  2.693E-01  3.819E-01  1.013E+05  1.419E-08  2.929E-05  2.930E+02  2.930E+02
  2.693E-01  3.882E-01  1.013E+05  1.378E-08  2.922E-05  2.930E+02  2.930E+02
  2.693E-01  3.945E-01  1.013E+05  1.348E-08  1.593E-05  2.930E+02  2.930E+02
  2.693E-01  4.008E-01  1.013E+05  1.323E-08  1.521E-05  2.930E+02  2.930E+02
  2.693E-01  4.072E-01  1.013E+05  1.297E-08  2.685E-05  2.930E+02  2.930E+02
  2.693E-01  4.135E-01  1.013E+05  1.257E-08  2.619E-05  2.930E+02  2.930E+02
  2.693E-01  4.198E-01  1.013E+05  1.179E-08  1.455E-05  2.930E+02  2.930E+02
  2.693E-01  4.261E-01  1.013E+05  1.032E-08  9.031E-06  2.930E+02  2.930E+02
  2.693E-01  4.324E-01  1.013E+05  7.601E-09  1.312E-05  2.930E+02  2.930E+02
  2.693E-01  4.387E-01  1.013E+05  2.804E-09  2.394E-05  2.930E+02  2.930E+02
  2.693E-01  4.450E-01  1.013E+05 -5.872E-09  2.352E-05  2.930E+02  2.930E+02
  2.693E-01  4.513E-01  1.013E+05 -1.834E-08  1.121E-05  2.930E+02  2.930E+02
  2.693E-01  4.577E-01  1.013E+05 -4.900E-08  6.885E-06  2.930E+02  2.930E+02
  2.693E-01  4.640E-01  1.013E+05 -7.381E-08  6.800E-06  2.930E+02  2.930E+02
  2.693E-01  4.703E-01  1.013E+05 -4.836E-08  1.029E-05  2.930E+02  2.930E+02
  2.693E-01  4.766E-01  1.013E+05 -1.715E-08  2.137E-05  2.930E+02  2.930E+02
  2.693E-01  4.829E-01  1.013E+05 -4.854E-09  2.123E-05  2.930E+02  2.930E+02
  2.693E-01  4.892E-01  1.013E+05  3.536E-09  9.875E-06  2.930E+02  2.930E+02
  2.693E-01  4.955E-01  1.013E+05  4.785E-09  4.558E-06  2.930E+02  2.930E+02
  2.693E-01  5.018E-01  1.013E+05  5.279E-09  1.176E-05  2.930E+02  2.930E+02
  2.693E-01  5.050E-01  1.013E+05  5.279E-09  1.176E-05  2.930E+02  2.930E+02
  2.835E-01  0.000E+00  1.013E+05  0.000E+00  0.000E+00  2.930E+02  2.932E+02
  2.835E-01  3.156E-03  1.013E+05  0.000E+00  0.000E+00  2.932E+02  2.932E+02
  2.835E-01  9.469E-03  1.013E+05  0.000E+00  0.000E+00  2.935E+02  2.935E+02
  2.835E-01  1.578E-02  1.013E+05  0.000E+00  0.000E+00  2.938E+02  2.938E+02
  2.835E-01  2.209E-02  1.013E+05  0.000E+00  0.000E+00  2.943E+02  2.943E+02
  2.835E-01  2.841E-02  1.013E+05  0.000E+00  0.000E+00  2.948E+02  2.948E+02
  2.835E-01  3.472E-02  1.013E+05  0.000E+00  0.000E+00  2.957E+02  2.957E+02
  2.835E-01  4.103E-02  1.013E+05  0.000E+00  0.000E+00  2.972E+02  2.972E+02
  2.835E-01  4.734E-02  1.013E+05  0.000E+00  0.000E+00  2.998E+02  2.998E+02
  2.835E-01  5.366E-02  1.013E+05  0.000E+00  0.000E+00  3.042E+02  3.042E+02
  2.835E-01  5.997E-02  1.013E+05  0.000E+00  0.000E+00  3.115E+02  3.116E+02
  2.835E-01  6.628E-02  1.013E+05  0.000E+00  0.000E+00  3.233E+02  3.234E+02
  2.835E-01  7.259E-02  1.013E+05  0.000E+00  0.000E+00  3.418E+02  3.420E+02
  2.835E-01  7.891E-02  1.013E+05  0.000E+00  0.000E+00  3.696E+02  3.697E+02
  2.835E-01  8.522E-02  1.013E+05  0.000E+00  0.000E+00  4.098E+02  4.099E+02
  2.835E-01  9.153E-02  1.013E+05  0.000E+00  0.000E+00  4.656E+02  4.657E+02
  2.835E-01  9.784E-02  1.013E+05  0.000E+00  0.000E+00  5.402E+02  5.405E+02
  2.835E-01  1.042E-01  1.013E+05  0.000E+00  0.000E+00  6.344E+02  6.535E+02
  2.835E-01  1.105E-01  1.013E+05  0.000E+00  0.000E+00  5.459E+02  5.476E+02
  2.835E-01  1.168E-01  1.013E+05  0.000E+00  0.000E+00  4.731E+02  4.742E+02
  2.835E-01  1.231E-01  1.013E+05  0.000E+00  0.000E+00  4.170E+02  4.178E+02
  2.835E-01  1.294E-01  1.013E+05  0.000E+00  0.000E+00  3.755E+02  3.762E+02
  2.835E-01  1.357E-01  1.013E+05  0.000E+00  0.000E+00  3.461E+02  3.466E+02
  2.835E-01  1.420E-01  1.013E+05  0.000E+00  0.000E+00  3.262E+02  3.266E+02
  2.835E-01  1.483E-01  1.013E+05  0.000E+00  0.000E+00  3.133E+02  3.135E+02
  2.835E-01  1.547E-01  1.013E+05  0.000E+00  0.000E+00  3.052E+02  3.053E+02
  2.835E-01  1.610E-01  1.013E+05  0.000E+00  0.000E+00  3.003E+02  3.004E+02
  2.835E-01  1.673E-01  1.013E+05  0.000E+00  0.000E+00  2.974E+02  2.975E+02
  2.835E-01  1.736E-01  1.013E+05  0.000E+00  0.000E+00  2.958E+02  2.958E+02
  2.835E-01  1.799E-01  1.013E+05  0.000E+00  0.000E+00  2.949E+02  2.949E+02
  2.835E-01  1.862E-01  1.013E+05  0.000E+00  0.000E+00  2.944E+02  2.944E+02
  2.835E-01  1.925E-01  1.013E+05  0.000E+00  0.000E+00  2.941E+02  2.941E+02
  2.835E-01  1.988E-01  1.013E+05  0.000E+00  0.000E+00  2.939E+02  2.939E+02
  2.835E-01  2.052E-01  1.013E+05  0.000E+00  0.000E+00  2.938E+02  2.938E+02
  2.835E-01  2.115E-01  1.013E+05  0.000E+00  0.000E+00  2.937E+02  2.937E+02
  2.835E-01  2.178E-01  1.013E+05  0.000E+00  0.000E+00  2.936E+02  2.936E+02
  2.835E-01  2.241E-01  1.013E+05  0.000E+00  0.000E+00  2.936E+02  2.936E+02
  2.835E-01  2.304E-01  1.013E+05  0.000E+00  0.000E+00  2.935E+02  2.935E+02
  2.835E-01  2.367E-01  1.013E+05  0.000E+00  0.000E+00  2.935E+02  2.935E+02
  2.835E-01  2.430E-01  1.013E+05  0.000E+00  0.000E+00  2.934E+02  2.934E+02
  2.835E-01  2.493E-01  1.013E+05  0.000E+00  0.000E+00  2.934E+02  2.934E+02
  2.835E-01  2.557E-01  1.013E+05  0.000E+00  0.000E+00  2.933E+02  2.933E+02
  2.835E-01  2.620E-01  1.013E+05  0.000E+00  0.000E+00  2.933E+02  2.933E+02
  2.835E-01  2.683E-01  1.013E+05  0.000E+00  0.000E+00  2.933E+02  2.933E+02
  2.835E-01  2.746E-01  1.013E+05  0.000E+00  0.000E+00  2.933E+02  2.933E+02
  2.835E-01  2.809E-01  1.013E+05  0.000E+00  0.000E+00  2.932E+02  2.932E+02
  2.835E-01  2.872E-01  1.013E+05  0.000E+00  0.000E+00  2.932E+02  2.932E+02
  2.835E-01  2.935E-01  1.013E+05  0.000E+00  0.000E+00  2.932E+02  2.932E+02
  2.835E-01  2.998E-01  1.013E+05  0.000E+00  0.000E+00  2.932E+02  2.932E+02
  2.835E-01  3.062E-01  1.013E+05  0.000E+00  0.000E+00  2.932E+02  2.932E+02
  2.835E-01  3.125E-01  1.013E+05  0.000E+00  0.000E+00  2.931E+02  2.931E+02
  2.835E-01  3.188E-01  1.013E+05  0.000E+00  0.000E+00  2.931E+02  2.931E+02
  2.835E-01  3.251E-01  1.013E+05  0.000E+00  0.000E+00  2.931E+02  2.931E+02
  2.835E-01  3.314E-01  1.013E+05  0.000E+00  0.000E+00  2.931E+02  2.931E+02
  2.835E-01  3.377E-01  1.013E+05  0.000E+00  0.000E+00  2.931E+02  2.931E+02
  2.835E-01  3.440E-01  1.013E+05  0.000E+00  0.000E+00  2.931E+02  2.931E+02
  2.835E-01  3.503E-01  1.013E+05  0.000E+00  0.000E+00  2.931E+02  2.931E+02
  2.835E-01  3.567E-01  1.013E+05  0.000E+00  0.000E+00  2.931E+02  2.931E+02
  2.835E-01  3.630E-01  1.013E+05  0.000E+00  0.000E+00  2.931E+02  2.931E+02
  2.835E-01  3.693E-01  1.013E+05  0.000E+00  0.000E+00  2.931E+02  2.931E+02
  2.835E-01  3.756E-01  1.013E+05  0.000E+00  0.000E+00  2.931E+02  2.931E+02
  2.835E-01  3.819E-01  1.013E+05  0.000E+00  0.000E+00  2.930E+02  2.930E+02
  2.835E-01  3.882E-01  1.013E+05  0.000E+00  0.000E+00  2.930E+02  2.930E+02
  2.835E-01  3.945E-01  1.013E+05  0.000E+00  0.000E+00  2.930E+02  2.930E+02
  2.835E-01  4.008E-01  1.013E+05  0.000E+00  0.000E+00  2.930E+02  2.930E+02
  2.835E-01  4.072E-01  1.013E+05  0.000E+00  0.000E+00  2.930E+02  2.930E+02
  2.835E-01  4.135E-01  1.013E+05  0.000E+00  0.000E+00  2.930E+02  2.930E+02
  2.835E-01  4.198E-01  1.013E+05  0.000E+00  0.000E+00  2.930E+02  2.930E+02
  2.835E-01  4.261E-01  1.013E+05  0.000E+00  0.000E+00  2.930E+02  2.930E+02
  2.835E-01  4.324E-01  1.013E+05  0.000E+00  0.000E+00  2.930E+02  2.930E+02
  2.835E-01  4.387E-01  1.013E+05  0.000E+00  0.000E+00  2.930E+02  2.930E+02
  2.835E-01  4.450E-01  1.013E+05  0.000E+00  0.000E+00  2.930E+02  2.930E+02
  2.835E-01  4.513E-01  1.013E+05  0.000E+00  0.000E+00  2.930E+02  2.930E+02
  2.835E-01  4.577E-01  1.013E+05  0.000E+00  0.000E+00  2.930E+02  2.930E+02
  2.835E-01  4.640E-01  1.013E+05  0.000E+00  0.000E+00  2.930E+02  2.930E+02
  2.835E-01  4.703E-01  1.013E+05  0.000E+00  0.000E+00  2.930E+02  2.930E+02
  2.835E-01  4.766E-01  1.013E+05  0.000E+00  0.000E+00  2.930E+02  2.930E+02
  2.835E-01  4.829E-01  1.013E+05  0.000E+00  0.000E+00  2.930E+02  2.930E+02
  2.835E-01  4.892E-01  1.013E+05  0.000E+00  0.000E+00  2.930E+02  2.930E+02
  2.835E-01  4.955E-01  1.013E+05  0.000E+00  0.000E+00  2.930E+02  2.930E+02
  2.835E-01  5.018E-01  1.013E+05  0.000E+00  0.000E+00  2.930E+02  2.930E+02
  2.835E-01  5.050E-01  1.013E+05  5.279E-09  1.176E-05  2.930E+02  2.930E+02
