VARIABLES="XP","YP","P","U","V","TS","TF"
ZONE T="Zone 001"I=    82 J=    12 F=POINT
  0.000E+00  0.000E+00  1.019E+05  0.000E+00  0.000E+00  2.932E+02  2.932E+02
  0.000E+00  3.156E-03  1.019E+05  0.000E+00  0.000E+00  2.932E+02  2.932E+02
  0.000E+00  9.469E-03  1.019E+05  0.000E+00  0.000E+00  2.935E+02  2.935E+02
  0.000E+00  1.578E-02  1.019E+05  0.000E+00  0.000E+00  2.940E+02  2.939E+02
  0.000E+00  2.209E-02  1.019E+05  0.000E+00  0.000E+00  2.946E+02  2.945E+02
  0.000E+00  2.841E-02  1.019E+05  0.000E+00  0.000E+00  2.956E+02  2.954E+02
  0.000E+00  3.472E-02  1.019E+05  0.000E+00  0.000E+00  2.970E+02  2.968E+02
  0.000E+00  4.103E-02  1.018E+05  0.000E+00  0.000E+00  2.994E+02  2.991E+02
  0.000E+00  4.734E-02  1.018E+05  0.000E+00  0.000E+00  3.031E+02  3.026E+02
  0.000E+00  5.366E-02  1.018E+05  0.000E+00  0.000E+00  3.091E+02  3.083E+02
  0.000E+00  5.997E-02  1.018E+05  0.000E+00  0.000E+00  3.183E+02  3.171E+02
  0.000E+00  6.628E-02  1.018E+05  0.000E+00  0.000E+00  3.323E+02  3.306E+02
  0.000E+00  7.259E-02  1.018E+05  0.000E+00  0.000E+00  3.528E+02  3.502E+02
  0.000E+00  7.891E-02  1.018E+05  0.000E+00  0.000E+00  3.816E+02  3.781E+02
  0.000E+00  8.522E-02  1.018E+05  0.000E+00  0.000E+00  4.207E+02  4.161E+02
  0.000E+00  9.153E-02  1.018E+05  0.000E+00  0.000E+00  4.720E+02  4.662E+02
  0.000E+00  9.784E-02  1.018E+05  0.000E+00  0.000E+00  5.380E+02  5.311E+02
  0.000E+00  1.042E-01  1.018E+05  0.000E+00  0.000E+00  6.278E+02  6.256E+02
  0.000E+00  1.105E-01  1.018E+05  0.000E+00  0.000E+00  5.857E+02  5.896E+02
  0.000E+00  1.168E-01  1.017E+05  0.000E+00  0.000E+00  5.297E+02  5.358E+02
  0.000E+00  1.231E-01  1.017E+05  0.000E+00  0.000E+00  4.740E+02  4.807E+02
  0.000E+00  1.294E-01  1.017E+05  0.000E+00  0.000E+00  4.257E+02  4.319E+02
  0.000E+00  1.357E-01  1.017E+05  0.000E+00  0.000E+00  3.870E+02  3.923E+02
  0.000E+00  1.420E-01  1.017E+05  0.000E+00  0.000E+00  3.576E+02  3.618E+02
  0.000E+00  1.483E-01  1.017E+05  0.000E+00  0.000E+00  3.363E+02  3.395E+02
  0.000E+00  1.547E-01  1.017E+05  0.000E+00  0.000E+00  3.214E+02  3.237E+02
  0.000E+00  1.610E-01  1.017E+05  0.000E+00  0.000E+00  3.113E+02  3.129E+02
  0.000E+00  1.673E-01  1.017E+05  0.000E+00  0.000E+00  3.047E+02  3.057E+02
  0.000E+00  1.736E-01  1.017E+05  0.000E+00  0.000E+00  3.005E+02  3.011E+02
  0.000E+00  1.799E-01  1.017E+05  0.000E+00  0.000E+00  2.978E+02  2.982E+02
  0.000E+00  1.862E-01  1.017E+05  0.000E+00  0.000E+00  2.961E+02  2.964E+02
  0.000E+00  1.925E-01  1.017E+05  0.000E+00  0.000E+00  2.951E+02  2.953E+02
  0.000E+00  1.988E-01  1.016E+05  0.000E+00  0.000E+00  2.945E+02  2.946E+02
  0.000E+00  2.052E-01  1.016E+05  0.000E+00  0.000E+00  2.941E+02  2.942E+02
  0.000E+00  2.115E-01  1.016E+05  0.000E+00  0.000E+00  2.939E+02  2.939E+02
  0.000E+00  2.178E-01  1.016E+05  0.000E+00  0.000E+00  2.937E+02  2.938E+02
  0.000E+00  2.241E-01  1.016E+05  0.000E+00  0.000E+00  2.936E+02  2.937E+02
  0.000E+00  2.304E-01  1.016E+05  0.000E+00  0.000E+00  2.936E+02  2.936E+02
  0.000E+00  2.367E-01  1.016E+05  0.000E+00  0.000E+00  2.935E+02  2.935E+02
  0.000E+00  2.430E-01  1.016E+05  0.000E+00  0.000E+00  2.934E+02  2.935E+02
  0.000E+00  2.493E-01  1.016E+05  0.000E+00  0.000E+00  2.934E+02  2.934E+02
  0.000E+00  2.557E-01  1.016E+05  0.000E+00  0.000E+00  2.934E+02  2.934E+02
  0.000E+00  2.620E-01  1.016E+05  0.000E+00  0.000E+00  2.933E+02  2.933E+02
  0.000E+00  2.683E-01  1.016E+05  0.000E+00  0.000E+00  2.933E+02  2.933E+02
  0.000E+00  2.746E-01  1.016E+05  0.000E+00  0.000E+00  2.933E+02  2.933E+02
  0.000E+00  2.809E-01  1.016E+05  0.000E+00  0.000E+00  2.932E+02  2.933E+02
  0.000E+00  2.872E-01  1.016E+05  0.000E+00  0.000E+00  2.932E+02  2.932E+02
  0.000E+00  2.935E-01  1.015E+05  0.000E+00  0.000E+00  2.932E+02  2.932E+02
  0.000E+00  2.998E-01  1.015E+05  0.000E+00  0.000E+00  2.932E+02  2.932E+02
  0.000E+00  3.062E-01  1.015E+05  0.000E+00  0.000E+00  2.932E+02  2.932E+02
  0.000E+00  3.125E-01  1.015E+05  0.000E+00  0.000E+00  2.932E+02  2.932E+02
  0.000E+00  3.188E-01  1.015E+05  0.000E+00  0.000E+00  2.931E+02  2.931E+02
  0.000E+00  3.251E-01  1.015E+05  0.000E+00  0.000E+00  2.931E+02  2.931E+02
  0.000E+00  3.314E-01  1.015E+05  0.000E+00  0.000E+00  2.931E+02  2.931E+02
  0.000E+00  3.377E-01  1.015E+05  0.000E+00  0.000E+00  2.931E+02  2.931E+02
  0.000E+00  3.440E-01  1.015E+05  0.000E+00  0.000E+00  2.931E+02  2.931E+02
  0.000E+00  3.503E-01  1.015E+05  0.000E+00  0.000E+00  2.931E+02  2.931E+02
  0.000E+00  3.567E-01  1.015E+05  0.000E+00  0.000E+00  2.931E+02  2.931E+02
  0.000E+00  3.630E-01  1.015E+05  0.000E+00  0.000E+00  2.931E+02  2.931E+02
  0.000E+00  3.693E-01  1.015E+05  0.000E+00  0.000E+00  2.931E+02  2.931E+02
  0.000E+00  3.756E-01  1.015E+05  0.000E+00  0.000E+00  2.931E+02  2.931E+02
  0.000E+00  3.819E-01  1.015E+05  0.000E+00  0.000E+00  2.931E+02  2.931E+02
  0.000E+00  3.882E-01  1.014E+05  0.000E+00  0.000E+00  2.930E+02  2.930E+02
  0.000E+00  3.945E-01  1.014E+05  0.000E+00  0.000E+00  2.930E+02  2.930E+02
  0.000E+00  4.008E-01  1.014E+05  0.000E+00  0.000E+00  2.930E+02  2.930E+02
  0.000E+00  4.072E-01  1.014E+05  0.000E+00  0.000E+00  2.930E+02  2.930E+02
  0.000E+00  4.135E-01  1.014E+05  0.000E+00  0.000E+00  2.930E+02  2.930E+02
  0.000E+00  4.198E-01  1.014E+05  0.000E+00  0.000E+00  2.930E+02  2.930E+02
  0.000E+00  4.261E-01  1.014E+05  0.000E+00  0.000E+00  2.930E+02  2.930E+02
  0.000E+00  4.324E-01  1.014E+05  0.000E+00  0.000E+00  2.930E+02  2.930E+02
  0.000E+00  4.387E-01  1.014E+05  0.000E+00  0.000E+00  2.930E+02  2.930E+02
  0.000E+00  4.450E-01  1.014E+05  0.000E+00  0.000E+00  2.930E+02  2.930E+02
  0.000E+00  4.513E-01  1.014E+05  0.000E+00  0.000E+00  2.930E+02  2.930E+02
  0.000E+00  4.577E-01  1.014E+05  0.000E+00  0.000E+00  2.930E+02  2.930E+02
  0.000E+00  4.640E-01  1.014E+05  0.000E+00  0.000E+00  2.930E+02  2.930E+02
  0.000E+00  4.703E-01  1.014E+05  0.000E+00  0.000E+00  2.930E+02  2.930E+02
  0.000E+00  4.766E-01  1.014E+05  0.000E+00  0.000E+00  2.930E+02  2.930E+02
  0.000E+00  4.829E-01  1.013E+05  0.000E+00  0.000E+00  2.930E+02  2.930E+02
  0.000E+00  4.892E-01  1.013E+05  0.000E+00  0.000E+00  2.930E+02  2.930E+02
  0.000E+00  4.955E-01  1.013E+05  0.000E+00  0.000E+00  2.930E+02  2.930E+02
  0.000E+00  5.018E-01  1.013E+05  0.000E+00  0.000E+00  2.930E+02  2.930E+02
  0.000E+00  5.050E-01  1.013E+05  0.000E+00  0.000E+00  2.930E+02  2.930E+02
  1.417E-02  0.000E+00  1.019E+05  7.942E-06  6.500E-02  2.930E+02  2.932E+02
  1.417E-02  3.156E-03  1.019E+05  7.942E-06  5.075E-02  2.932E+02  2.932E+02
  1.417E-02  9.469E-03  1.019E+05  1.593E-05  5.585E-02  2.935E+02  2.935E+02
  1.417E-02  1.578E-02  1.019E+05  1.582E-05  5.625E-02  2.940E+02  2.939E+02
  1.417E-02  2.209E-02  1.019E+05  1.615E-05  5.626E-02  2.946E+02  2.945E+02
  1.417E-02  2.841E-02  1.019E+05  3.302E-05  5.627E-02  2.956E+02  2.954E+02
  1.417E-02  3.472E-02  1.019E+05  3.424E-05  5.636E-02  2.970E+02  2.968E+02
  1.417E-02  4.103E-02  1.018E+05  5.161E-05  5.643E-02  2.994E+02  2.991E+02
  1.417E-02  4.734E-02  1.018E+05  7.169E-05  5.656E-02  3.031E+02  3.026E+02
  1.417E-02  5.366E-02  1.018E+05  1.003E-04  5.672E-02  3.091E+02  3.083E+02
  1.417E-02  5.997E-02  1.018E+05  1.202E-04  5.692E-02  3.183E+02  3.171E+02
  1.417E-02  6.628E-02  1.018E+05  1.285E-04  5.716E-02  3.323E+02  3.306E+02
  1.417E-02  7.259E-02  1.018E+05  1.181E-04  5.745E-02  3.528E+02  3.502E+02
  1.417E-02  7.891E-02  1.018E+05  9.075E-05  5.786E-02  3.816E+02  3.781E+02
  1.417E-02  8.522E-02  1.018E+05  5.723E-05  5.839E-02  4.207E+02  4.161E+02
  1.417E-02  9.153E-02  1.018E+05  1.972E-05  5.943E-02  4.720E+02  4.662E+02
  1.417E-02  9.784E-02  1.018E+05 -1.503E-05  6.099E-02  5.380E+02  5.311E+02
  1.417E-02  1.042E-01  1.018E+05 -6.005E-06  5.897E-02  6.278E+02  6.256E+02
  1.417E-02  1.105E-01  1.018E+05 -1.444E-06  5.971E-02  5.857E+02  5.896E+02
  1.417E-02  1.168E-01  1.017E+05 -6.546E-05  5.813E-02  5.297E+02  5.358E+02
  1.417E-02  1.231E-01  1.017E+05 -1.258E-04  5.722E-02  4.740E+02  4.807E+02
  1.417E-02  1.294E-01  1.017E+05 -1.541E-04  5.688E-02  4.257E+02  4.319E+02
  1.417E-02  1.357E-01  1.017E+05 -1.483E-04  5.664E-02  3.870E+02  3.923E+02
  1.417E-02  1.420E-01  1.017E+05 -1.047E-04  5.647E-02  3.576E+02  3.618E+02
  1.417E-02  1.483E-01  1.017E+05 -5.604E-05  5.647E-02  3.363E+02  3.395E+02
  1.417E-02  1.547E-01  1.017E+05 -4.724E-05  5.644E-02  3.214E+02  3.237E+02
  1.417E-02  1.610E-01  1.017E+05 -4.931E-05  5.637E-02  3.113E+02  3.129E+02
  1.417E-02  1.673E-01  1.017E+05 -4.134E-05  5.630E-02  3.047E+02  3.057E+02
  1.417E-02  1.736E-01  1.017E+05 -2.373E-05  5.626E-02  3.005E+02  3.011E+02
  1.417E-02  1.799E-01  1.017E+05 -1.393E-05  5.622E-02  2.978E+02  2.982E+02
  1.417E-02  1.862E-01  1.017E+05 -5.694E-06  5.618E-02  2.961E+02  2.964E+02
  1.417E-02  1.925E-01  1.017E+05 -5.352E-06  5.615E-02  2.951E+02  2.953E+02
  1.417E-02  1.988E-01  1.016E+05  2.804E-06  5.614E-02  2.945E+02  2.946E+02
  1.417E-02  2.052E-01  1.016E+05  2.795E-06  5.614E-02  2.941E+02  2.942E+02
  1.417E-02  2.115E-01  1.016E+05  2.058E-06  5.613E-02  2.939E+02  2.939E+02
  1.417E-02  2.178E-01  1.016E+05  1.626E-06  5.612E-02  2.937E+02  2.938E+02
  1.417E-02  2.241E-01  1.016E+05  1.247E-06  5.611E-02  2.936E+02  2.937E+02
  1.417E-02  2.304E-01  1.016E+05  9.299E-07  5.611E-02  2.936E+02  2.936E+02
  1.417E-02  2.367E-01  1.016E+05  6.908E-07  5.611E-02  2.935E+02  2.935E+02
  1.417E-02  2.430E-01  1.016E+05  4.719E-07  5.611E-02  2.934E+02  2.935E+02
  1.417E-02  2.493E-01  1.016E+05  3.957E-07  5.610E-02  2.934E+02  2.934E+02
  1.417E-02  2.557E-01  1.016E+05  3.160E-07  5.611E-02  2.934E+02  2.934E+02
  1.417E-02  2.620E-01  1.016E+05  2.294E-07  5.611E-02  2.933E+02  2.933E+02
  1.417E-02  2.683E-01  1.016E+05  1.772E-07  5.611E-02  2.933E+02  2.933E+02
  1.417E-02  2.746E-01  1.016E+05  1.315E-07  5.611E-02  2.933E+02  2.933E+02
  1.417E-02  2.809E-01  1.016E+05  1.309E-07  5.611E-02  2.932E+02  2.933E+02
  1.417E-02  2.872E-01  1.016E+05  7.468E-08  5.611E-02  2.932E+02  2.932E+02
  1.417E-02  2.935E-01  1.015E+05  2.357E-08  5.611E-02  2.932E+02  2.932E+02
  1.417E-02  2.998E-01  1.015E+05 -2.518E-08  5.610E-02  2.932E+02  2.932E+02
  1.417E-02  3.062E-01  1.015E+05 -2.739E-08  5.610E-02  2.932E+02  2.932E+02
  1.417E-02  3.125E-01  1.015E+05 -2.471E-08  5.611E-02  2.932E+02  2.932E+02
  1.417E-02  3.188E-01  1.015E+05 -5.141E-08  5.612E-02  2.931E+02  2.931E+02
  1.417E-02  3.251E-01  1.015E+05 -7.409E-08  5.611E-02  2.931E+02  2.931E+02
  1.417E-02  3.314E-01  1.015E+05 -5.139E-08  5.611E-02  2.931E+02  2.931E+02
  1.417E-02  3.377E-01  1.015E+05 -2.135E-08  5.611E-02  2.931E+02  2.931E+02
  1.417E-02  3.440E-01  1.015E+05 -6.019E-09  5.611E-02  2.931E+02  2.931E+02
  1.417E-02  3.503E-01  1.015E+05  5.939E-09  5.610E-02  2.931E+02  2.931E+02
  1.417E-02  3.567E-01  1.015E+05  1.466E-08  5.610E-02  2.931E+02  2.931E+02
  1.417E-02  3.630E-01  1.015E+05  2.214E-08  5.611E-02  2.931E+02  2.931E+02
  1.417E-02  3.693E-01  1.015E+05  2.843E-08  5.612E-02  2.931E+02  2.931E+02
  1.417E-02  3.756E-01  1.015E+05  3.538E-08  5.611E-02  2.931E+02  2.931E+02
  1.417E-02  3.819E-01  1.015E+05  4.376E-08  5.611E-02  2.931E+02  2.931E+02
  1.417E-02  3.882E-01  1.014E+05  5.025E-08  5.612E-02  2.930E+02  2.930E+02
  1.417E-02  3.945E-01  1.014E+05  7.427E-08  5.611E-02  2.930E+02  2.930E+02
  1.417E-02  4.008E-01  1.014E+05  5.588E-08  5.610E-02  2.930E+02  2.930E+02
  1.417E-02  4.072E-01  1.014E+05  5.818E-08  5.611E-02  2.930E+02  2.930E+02
  1.417E-02  4.135E-01  1.014E+05  6.563E-08  5.612E-02  2.930E+02  2.930E+02
  1.417E-02  4.198E-01  1.014E+05  8.218E-08  5.611E-02  2.930E+02  2.930E+02
  1.417E-02  4.261E-01  1.014E+05  1.148E-07  5.611E-02  2.930E+02  2.930E+02
  1.417E-02  4.324E-01  1.014E+05  1.291E-07  5.611E-02  2.930E+02  2.930E+02
  1.417E-02  4.387E-01  1.014E+05  3.607E-07  5.611E-02  2.930E+02  2.930E+02
  1.417E-02  4.450E-01  1.014E+05 -5.514E-07  5.612E-02  2.930E+02  2.930E+02
  1.417E-02  4.513E-01  1.014E+05 -9.118E-06  5.611E-02  2.930E+02  2.930E+02
  1.417E-02  4.577E-01  1.014E+05 -5.843E-07  5.610E-02  2.930E+02  2.930E+02
  1.417E-02  4.640E-01  1.014E+05  3.560E-07  5.611E-02  2.930E+02  2.930E+02
  1.417E-02  4.703E-01  1.014E+05  1.231E-07  5.610E-02  2.930E+02  2.930E+02
  1.417E-02  4.766E-01  1.014E+05  1.052E-07  5.614E-02  2.930E+02  2.930E+02
  1.417E-02  4.829E-01  1.013E+05  6.856E-08  5.609E-02  2.930E+02  2.930E+02
  1.417E-02  4.892E-01  1.013E+05  4.662E-08  5.575E-02  2.930E+02  2.930E+02
  1.417E-02  4.955E-01  1.013E+05  2.862E-08  5.796E-02  2.930E+02  2.930E+02
  1.417E-02  5.018E-01  1.013E+05  1.881E-08  6.500E-02  2.930E+02  2.930E+02
  1.417E-02  5.050E-01  1.013E+05  1.881E-08  6.500E-02  2.930E+02  2.930E+02
  4.252E-02  0.000E+00  1.019E+05 -3.220E-06  6.500E-02  2.930E+02  2.932E+02
  4.252E-02  3.156E-03  1.019E+05 -3.220E-06  5.079E-02  2.932E+02  2.932E+02
  4.252E-02  9.469E-03  1.019E+05 -2.060E-06  5.585E-02  2.935E+02  2.935E+02
  4.252E-02  1.578E-02  1.019E+05 -8.684E-07  5.625E-02  2.940E+02  2.939E+02
  4.252E-02  2.209E-02  1.019E+05 -4.517E-07  5.627E-02  2.946E+02  2.945E+02
  4.252E-02  2.841E-02  1.019E+05 -6.109E-07  5.628E-02  2.956E+02  2.954E+02
  4.252E-02  3.472E-02  1.019E+05 -1.590E-06  5.638E-02  2.970E+02  2.968E+02
  4.252E-02  4.103E-02  1.018E+05 -1.723E-06  5.647E-02  2.994E+02  2.990E+02
  4.252E-02  4.734E-02  1.018E+05 -2.661E-06  5.662E-02  3.031E+02  3.026E+02
  4.252E-02  5.366E-02  1.018E+05 -1.987E-06  5.678E-02  3.090E+02  3.083E+02
  4.252E-02  5.997E-02  1.018E+05  2.778E-06  5.696E-02  3.183E+02  3.171E+02
  4.252E-02  6.628E-02  1.018E+05  7.100E-06  5.716E-02  3.322E+02  3.304E+02
  4.252E-02  7.259E-02  1.018E+05  7.868E-06  5.740E-02  3.526E+02  3.500E+02
  4.252E-02  7.891E-02  1.018E+05  9.469E-06  5.779E-02  3.813E+02  3.778E+02
  4.252E-02  8.522E-02  1.018E+05  1.359E-05  5.829E-02  4.204E+02  4.158E+02
  4.252E-02  9.153E-02  1.018E+05  1.229E-05  5.932E-02  4.717E+02  4.659E+02
  4.252E-02  9.784E-02  1.018E+05  6.161E-06  6.093E-02  5.376E+02  5.307E+02
  4.252E-02  1.042E-01  1.018E+05  6.559E-06  5.899E-02  6.273E+02  6.250E+02
  4.252E-02  1.105E-01  1.018E+05  1.583E-05  5.962E-02  5.858E+02  5.896E+02
  4.252E-02  1.168E-01  1.017E+05  1.988E-05  5.796E-02  5.299E+02  5.360E+02
  4.252E-02  1.231E-01  1.017E+05  1.059E-05  5.709E-02  4.742E+02  4.809E+02
  4.252E-02  1.294E-01  1.017E+05 -2.914E-06  5.685E-02  4.258E+02  4.320E+02
  4.252E-02  1.357E-01  1.017E+05 -1.169E-05  5.672E-02  3.870E+02  3.923E+02
  4.252E-02  1.420E-01  1.017E+05 -1.274E-05  5.660E-02  3.576E+02  3.618E+02
  4.252E-02  1.483E-01  1.017E+05 -1.038E-05  5.654E-02  3.363E+02  3.394E+02
  4.252E-02  1.547E-01  1.017E+05 -1.054E-05  5.644E-02  3.214E+02  3.237E+02
  4.252E-02  1.610E-01  1.017E+05 -1.183E-05  5.636E-02  3.113E+02  3.129E+02
  4.252E-02  1.673E-01  1.017E+05 -9.788E-06  5.632E-02  3.047E+02  3.057E+02
  4.252E-02  1.736E-01  1.017E+05 -6.979E-06  5.629E-02  3.005E+02  3.011E+02
  4.252E-02  1.799E-01  1.017E+05 -5.678E-06  5.624E-02  2.978E+02  2.982E+02
  4.252E-02  1.862E-01  1.017E+05 -2.940E-06  5.619E-02  2.962E+02  2.964E+02
  4.252E-02  1.925E-01  1.017E+05 -7.375E-09  5.616E-02  2.951E+02  2.953E+02
  4.252E-02  1.988E-01  1.016E+05  6.231E-07  5.615E-02  2.945E+02  2.946E+02
  4.252E-02  2.052E-01  1.016E+05  4.857E-07  5.613E-02  2.942E+02  2.942E+02
  4.252E-02  2.115E-01  1.016E+05  4.965E-07  5.613E-02  2.939E+02  2.940E+02
  4.252E-02  2.178E-01  1.016E+05  4.658E-07  5.612E-02  2.938E+02  2.938E+02
  4.252E-02  2.241E-01  1.016E+05  4.453E-07  5.611E-02  2.936E+02  2.937E+02
  4.252E-02  2.304E-01  1.016E+05  3.528E-07  5.611E-02  2.936E+02  2.936E+02
  4.252E-02  2.367E-01  1.016E+05  2.962E-07  5.611E-02  2.935E+02  2.935E+02
  4.252E-02  2.430E-01  1.016E+05  1.697E-07  5.610E-02  2.934E+02  2.935E+02
  4.252E-02  2.493E-01  1.016E+05  1.618E-07  5.610E-02  2.934E+02  2.934E+02
  4.252E-02  2.557E-01  1.016E+05  1.412E-07  5.611E-02  2.934E+02  2.934E+02
  4.252E-02  2.620E-01  1.016E+05  1.554E-07  5.611E-02  2.933E+02  2.933E+02
  4.252E-02  2.683E-01  1.016E+05  1.347E-07  5.611E-02  2.933E+02  2.933E+02
  4.252E-02  2.746E-01  1.016E+05  1.610E-07  5.611E-02  2.933E+02  2.933E+02
  4.252E-02  2.809E-01  1.016E+05  1.597E-07  5.611E-02  2.932E+02  2.933E+02
  4.252E-02  2.872E-01  1.016E+05  3.648E-07  5.611E-02  2.932E+02  2.932E+02
  4.252E-02  2.935E-01  1.015E+05 -5.693E-07  5.611E-02  2.932E+02  2.932E+02
  4.252E-02  2.998E-01  1.015E+05 -1.859E-06  5.610E-02  2.932E+02  2.932E+02
  4.252E-02  3.062E-01  1.015E+05 -6.461E-07  5.610E-02  2.932E+02  2.932E+02
  4.252E-02  3.125E-01  1.015E+05  5.487E-07  5.611E-02  2.932E+02  2.932E+02
  4.252E-02  3.188E-01  1.015E+05 -6.073E-07  5.612E-02  2.931E+02  2.931E+02
  4.252E-02  3.251E-01  1.015E+05 -1.922E-06  5.611E-02  2.931E+02  2.931E+02
  4.252E-02  3.314E-01  1.015E+05 -7.075E-07  5.611E-02  2.931E+02  2.931E+02
  4.252E-02  3.377E-01  1.015E+05  2.961E-07  5.611E-02  2.931E+02  2.931E+02
  4.252E-02  3.440E-01  1.015E+05  1.592E-07  5.611E-02  2.931E+02  2.931E+02
  4.252E-02  3.503E-01  1.015E+05  1.358E-07  5.610E-02  2.931E+02  2.931E+02
  4.252E-02  3.567E-01  1.015E+05  1.187E-07  5.611E-02  2.931E+02  2.931E+02
  4.252E-02  3.630E-01  1.015E+05  1.061E-07  5.611E-02  2.931E+02  2.931E+02
  4.252E-02  3.693E-01  1.015E+05  9.589E-08  5.612E-02  2.931E+02  2.931E+02
  4.252E-02  3.756E-01  1.015E+05  1.078E-07  5.611E-02  2.931E+02  2.931E+02
  4.252E-02  3.819E-01  1.015E+05  8.157E-08  5.611E-02  2.931E+02  2.931E+02
  4.252E-02  3.882E-01  1.014E+05  7.037E-08  5.612E-02  2.930E+02  2.930E+02
  4.252E-02  3.945E-01  1.014E+05  7.218E-08  5.611E-02  2.930E+02  2.930E+02
  4.252E-02  4.008E-01  1.014E+05  1.583E-08  5.610E-02  2.930E+02  2.930E+02
  4.252E-02  4.072E-01  1.014E+05 -1.425E-08  5.611E-02  2.930E+02  2.930E+02
  4.252E-02  4.135E-01  1.014E+05  6.548E-09  5.612E-02  2.930E+02  2.930E+02
  4.252E-02  4.198E-01  1.014E+05  4.108E-08  5.611E-02  2.930E+02  2.930E+02
  4.252E-02  4.261E-01  1.014E+05  7.238E-08  5.611E-02  2.930E+02  2.930E+02
  4.252E-02  4.324E-01  1.014E+05  7.678E-08  5.611E-02  2.930E+02  2.930E+02
  4.252E-02  4.387E-01  1.014E+05  2.889E-07  5.611E-02  2.930E+02  2.930E+02
  4.252E-02  4.450E-01  1.014E+05 -6.622E-07  5.611E-02  2.930E+02  2.930E+02
  4.252E-02  4.513E-01  1.014E+05 -1.933E-06  5.611E-02  2.930E+02  2.930E+02
  4.252E-02  4.577E-01  1.014E+05 -6.695E-07  5.611E-02  2.930E+02  2.930E+02
  4.252E-02  4.640E-01  1.014E+05  2.862E-07  5.612E-02  2.930E+02  2.930E+02
  4.252E-02  4.703E-01  1.014E+05  7.595E-08  5.610E-02  2.930E+02  2.930E+02
  4.252E-02  4.766E-01  1.014E+05  7.460E-08  5.614E-02  2.930E+02  2.930E+02
  4.252E-02  4.829E-01  1.013E+05  4.865E-08  5.609E-02  2.930E+02  2.930E+02
  4.252E-02  4.892E-01  1.013E+05  3.400E-08  5.575E-02  2.930E+02  2.930E+02
  4.252E-02  4.955E-01  1.013E+05  2.108E-08  5.796E-02  2.930E+02  2.930E+02
  4.252E-02  5.018E-01  1.013E+05  1.384E-08  6.500E-02  2.930E+02  2.930E+02
  4.252E-02  5.050E-01  1.013E+05  1.384E-08  6.500E-02  2.930E+02  2.930E+02
  7.087E-02  0.000E+00  1.019E+05 -1.776E-06  6.500E-02  2.930E+02  2.932E+02
  7.087E-02  3.156E-03  1.019E+05 -1.776E-06  5.079E-02  2.932E+02  2.932E+02
  7.087E-02  9.469E-03  1.019E+05 -2.684E-06  5.586E-02  2.935E+02  2.935E+02
  7.087E-02  1.578E-02  1.019E+05 -3.200E-06  5.625E-02  2.940E+02  2.939E+02
  7.087E-02  2.209E-02  1.019E+05 -3.317E-06  5.626E-02  2.946E+02  2.945E+02
  7.087E-02  2.841E-02  1.019E+05 -5.495E-06  5.626E-02  2.956E+02  2.954E+02
  7.087E-02  3.472E-02  1.019E+05 -8.400E-06  5.636E-02  2.970E+02  2.968E+02
  7.087E-02  4.103E-02  1.018E+05 -1.025E-05  5.643E-02  2.994E+02  2.991E+02
  7.087E-02  4.734E-02  1.018E+05 -1.043E-05  5.655E-02  3.031E+02  3.026E+02
  7.087E-02  5.366E-02  1.018E+05 -9.203E-06  5.674E-02  3.091E+02  3.083E+02
  7.087E-02  5.997E-02  1.018E+05 -6.047E-06  5.697E-02  3.183E+02  3.171E+02
  7.087E-02  6.628E-02  1.018E+05 -3.368E-06  5.720E-02  3.323E+02  3.305E+02
  7.087E-02  7.259E-02  1.018E+05 -3.241E-06  5.748E-02  3.527E+02  3.501E+02
  7.087E-02  7.891E-02  1.018E+05 -5.163E-06  5.794E-02  3.814E+02  3.779E+02
  7.087E-02  8.522E-02  1.018E+05 -1.343E-05  5.848E-02  4.205E+02  4.159E+02
  7.087E-02  9.153E-02  1.018E+05 -2.981E-05  5.944E-02  4.719E+02  4.661E+02
  7.087E-02  9.784E-02  1.018E+05 -4.675E-05  6.101E-02  5.380E+02  5.310E+02
  7.087E-02  1.042E-01  1.018E+05 -4.611E-05  5.908E-02  6.276E+02  6.255E+02
  7.087E-02  1.105E-01  1.018E+05 -2.157E-05  5.980E-02  5.857E+02  5.896E+02
  7.087E-02  1.168E-01  1.017E+05  1.916E-05  5.811E-02  5.297E+02  5.358E+02
  7.087E-02  1.231E-01  1.017E+05  4.304E-05  5.710E-02  4.741E+02  4.808E+02
  7.087E-02  1.294E-01  1.017E+05  4.530E-05  5.676E-02  4.258E+02  4.320E+02
  7.087E-02  1.357E-01  1.017E+05  3.810E-05  5.659E-02  3.871E+02  3.923E+02
  7.087E-02  1.420E-01  1.017E+05  2.833E-05  5.648E-02  3.577E+02  3.619E+02
  7.087E-02  1.483E-01  1.017E+05  1.972E-05  5.648E-02  3.364E+02  3.395E+02
  7.087E-02  1.547E-01  1.017E+05  1.457E-05  5.642E-02  3.214E+02  3.237E+02
  7.087E-02  1.610E-01  1.017E+05  1.004E-05  5.637E-02  3.114E+02  3.129E+02
  7.087E-02  1.673E-01  1.017E+05  6.342E-06  5.632E-02  3.047E+02  3.058E+02
  7.087E-02  1.736E-01  1.017E+05  2.969E-06  5.628E-02  3.005E+02  3.011E+02
  7.087E-02  1.799E-01  1.017E+05 -9.016E-07  5.624E-02  2.978E+02  2.982E+02
  7.087E-02  1.862E-01  1.017E+05 -1.272E-06  5.620E-02  2.962E+02  2.964E+02
  7.087E-02  1.925E-01  1.017E+05 -9.389E-07  5.617E-02  2.952E+02  2.953E+02
  7.087E-02  1.988E-01  1.016E+05 -2.361E-06  5.614E-02  2.945E+02  2.946E+02
  7.087E-02  2.052E-01  1.016E+05 -2.554E-06  5.614E-02  2.942E+02  2.942E+02
  7.087E-02  2.115E-01  1.016E+05 -1.942E-06  5.613E-02  2.939E+02  2.940E+02
  7.087E-02  2.178E-01  1.016E+05 -1.588E-06  5.612E-02  2.938E+02  2.938E+02
  7.087E-02  2.241E-01  1.016E+05 -1.246E-06  5.611E-02  2.936E+02  2.937E+02
  7.087E-02  2.304E-01  1.016E+05 -1.011E-06  5.611E-02  2.936E+02  2.936E+02
  7.087E-02  2.367E-01  1.016E+05 -8.678E-07  5.611E-02  2.935E+02  2.935E+02
  7.087E-02  2.430E-01  1.016E+05 -7.066E-07  5.611E-02  2.934E+02  2.935E+02
  7.087E-02  2.493E-01  1.016E+05 -6.331E-07  5.610E-02  2.934E+02  2.934E+02
  7.087E-02  2.557E-01  1.016E+05 -5.204E-07  5.611E-02  2.934E+02  2.934E+02
  7.087E-02  2.620E-01  1.016E+05 -3.786E-07  5.611E-02  2.933E+02  2.933E+02
  7.087E-02  2.683E-01  1.016E+05 -2.854E-07  5.611E-02  2.933E+02  2.933E+02
  7.087E-02  2.746E-01  1.016E+05 -1.932E-07  5.611E-02  2.933E+02  2.933E+02
  7.087E-02  2.809E-01  1.016E+05 -1.593E-07  5.611E-02  2.933E+02  2.933E+02
  7.087E-02  2.872E-01  1.016E+05  6.636E-08  5.611E-02  2.932E+02  2.932E+02
  7.087E-02  2.935E-01  1.015E+05 -9.025E-07  5.610E-02  2.932E+02  2.932E+02
  7.087E-02  2.998E-01  1.015E+05 -2.192E-06  5.610E-02  2.932E+02  2.932E+02
  7.087E-02  3.062E-01  1.015E+05 -9.768E-07  5.611E-02  2.932E+02  2.932E+02
  7.087E-02  3.125E-01  1.015E+05  2.151E-07  5.611E-02  2.932E+02  2.932E+02
  7.087E-02  3.188E-01  1.015E+05 -8.959E-07  5.610E-02  2.931E+02  2.931E+02
  7.087E-02  3.251E-01  1.015E+05 -2.163E-06  5.610E-02  2.931E+02  2.931E+02
  7.087E-02  3.314E-01  1.015E+05 -8.860E-07  5.612E-02  2.931E+02  2.931E+02
  7.087E-02  3.377E-01  1.015E+05  1.002E-07  5.612E-02  2.931E+02  2.931E+02
  7.087E-02  3.440E-01  1.015E+05 -4.822E-08  5.611E-02  2.931E+02  2.931E+02
  7.087E-02  3.503E-01  1.015E+05  2.877E-08  5.610E-02  2.931E+02  2.931E+02
  7.087E-02  3.567E-01  1.015E+05  9.097E-08  5.610E-02  2.931E+02  2.931E+02
  7.087E-02  3.630E-01  1.015E+05  1.043E-07  5.611E-02  2.931E+02  2.931E+02
  7.087E-02  3.693E-01  1.015E+05  6.064E-08  5.612E-02  2.931E+02  2.931E+02
  7.087E-02  3.756E-01  1.015E+05  5.950E-08  5.611E-02  2.931E+02  2.931E+02
  7.087E-02  3.819E-01  1.015E+05  2.924E-07  5.611E-02  2.931E+02  2.931E+02
  7.087E-02  3.882E-01  1.014E+05 -6.451E-07  5.612E-02  2.930E+02  2.930E+02
  7.087E-02  3.945E-01  1.014E+05 -1.927E-06  5.611E-02  2.930E+02  2.930E+02
  7.087E-02  4.008E-01  1.014E+05 -6.915E-07  5.610E-02  2.930E+02  2.930E+02
  7.087E-02  4.072E-01  1.014E+05  2.140E-07  5.611E-02  2.930E+02  2.930E+02
  7.087E-02  4.135E-01  1.014E+05  1.205E-08  5.612E-02  2.930E+02  2.930E+02
  7.087E-02  4.198E-01  1.014E+05  2.646E-08  5.611E-02  2.930E+02  2.930E+02
  7.087E-02  4.261E-01  1.014E+05 -4.303E-10  5.611E-02  2.930E+02  2.930E+02
  7.087E-02  4.324E-01  1.014E+05 -2.794E-08  5.611E-02  2.930E+02  2.930E+02
  7.087E-02  4.387E-01  1.014E+05 -6.674E-08  5.611E-02  2.930E+02  2.930E+02
  7.087E-02  4.450E-01  1.014E+05 -1.419E-07  5.611E-02  2.930E+02  2.930E+02
  7.087E-02  4.513E-01  1.014E+05 -2.002E-07  5.611E-02  2.930E+02  2.930E+02
  7.087E-02  4.577E-01  1.014E+05 -1.514E-07  5.611E-02  2.930E+02  2.930E+02
  7.087E-02  4.640E-01  1.014E+05 -8.682E-08  5.612E-02  2.930E+02  2.930E+02
  7.087E-02  4.703E-01  1.014E+05 -5.797E-08  5.610E-02  2.930E+02  2.930E+02
  7.087E-02  4.766E-01  1.014E+05 -3.579E-08  5.614E-02  2.930E+02  2.930E+02
  7.087E-02  4.829E-01  1.013E+05 -2.237E-08  5.609E-02  2.930E+02  2.930E+02
  7.087E-02  4.892E-01  1.013E+05 -1.365E-08  5.575E-02  2.930E+02  2.930E+02
  7.087E-02  4.955E-01  1.013E+05 -8.232E-09  5.796E-02  2.930E+02  2.930E+02
  7.087E-02  5.018E-01  1.013E+05 -5.543E-09  6.500E-02  2.930E+02  2.930E+02
  7.087E-02  5.050E-01  1.013E+05 -5.543E-09  6.500E-02  2.930E+02  2.930E+02
  9.922E-02  0.000E+00  1.019E+05 -9.187E-06  6.500E-02  2.930E+02  2.932E+02
  9.922E-02  3.156E-03  1.019E+05 -9.187E-06  5.075E-02  2.932E+02  2.932E+02
  9.922E-02  9.469E-03  1.019E+05 -9.224E-06  5.585E-02  2.935E+02  2.935E+02
  9.922E-02  1.578E-02  1.019E+05 -9.217E-06  5.624E-02  2.940E+02  2.939E+02
  9.922E-02  2.209E-02  1.019E+05 -1.038E-05  5.626E-02  2.946E+02  2.945E+02
  9.922E-02  2.841E-02  1.019E+05 -1.275E-05  5.626E-02  2.956E+02  2.954E+02
  9.922E-02  3.472E-02  1.019E+05 -1.400E-05  5.635E-02  2.970E+02  2.968E+02
  9.922E-02  4.103E-02  1.018E+05 -1.414E-05  5.646E-02  2.994E+02  2.991E+02
  9.922E-02  4.734E-02  1.018E+05 -1.523E-05  5.662E-02  3.031E+02  3.026E+02
  9.922E-02  5.366E-02  1.018E+05 -1.851E-05  5.680E-02  3.091E+02  3.083E+02
  9.922E-02  5.997E-02  1.018E+05 -2.133E-05  5.698E-02  3.183E+02  3.171E+02
  9.922E-02  6.628E-02  1.018E+05 -2.040E-05  5.718E-02  3.323E+02  3.305E+02
  9.922E-02  7.259E-02  1.018E+05 -1.766E-05  5.740E-02  3.526E+02  3.501E+02
  9.922E-02  7.891E-02  1.018E+05 -1.848E-05  5.776E-02  3.813E+02  3.778E+02
  9.922E-02  8.522E-02  1.018E+05 -2.201E-05  5.820E-02  4.204E+02  4.158E+02
  9.922E-02  9.153E-02  1.018E+05 -1.237E-05  5.917E-02  4.718E+02  4.660E+02
  9.922E-02  9.784E-02  1.018E+05  1.124E-05  6.085E-02  5.379E+02  5.310E+02
  9.922E-02  1.042E-01  1.018E+05  2.417E-05  5.915E-02  6.274E+02  6.252E+02
  9.922E-02  1.105E-01  1.018E+05  3.013E-05  5.998E-02  5.857E+02  5.896E+02
  9.922E-02  1.168E-01  1.017E+05  3.987E-05  5.828E-02  5.298E+02  5.359E+02
  9.922E-02  1.231E-01  1.017E+05  4.390E-05  5.720E-02  4.742E+02  4.808E+02
  9.922E-02  1.294E-01  1.017E+05  3.289E-05  5.679E-02  4.259E+02  4.320E+02
  9.922E-02  1.357E-01  1.017E+05  2.080E-05  5.661E-02  3.871E+02  3.923E+02
  9.922E-02  1.420E-01  1.017E+05  1.570E-05  5.649E-02  3.577E+02  3.618E+02
  9.922E-02  1.483E-01  1.017E+05  1.264E-05  5.647E-02  3.363E+02  3.395E+02
  9.922E-02  1.547E-01  1.017E+05  9.996E-06  5.639E-02  3.214E+02  3.237E+02
  9.922E-02  1.610E-01  1.017E+05  7.403E-06  5.633E-02  3.113E+02  3.129E+02
  9.922E-02  1.673E-01  1.017E+05  3.131E-06  5.629E-02  3.047E+02  3.058E+02
  9.922E-02  1.736E-01  1.017E+05  1.522E-06  5.625E-02  3.005E+02  3.011E+02
  9.922E-02  1.799E-01  1.017E+05  1.087E-06  5.622E-02  2.978E+02  2.982E+02
  9.922E-02  1.862E-01  1.017E+05 -9.909E-07  5.618E-02  2.962E+02  2.964E+02
  9.922E-02  1.925E-01  1.017E+05 -1.755E-06  5.615E-02  2.952E+02  2.953E+02
  9.922E-02  1.988E-01  1.016E+05 -1.458E-06  5.614E-02  2.945E+02  2.946E+02
  9.922E-02  2.052E-01  1.016E+05 -1.353E-06  5.614E-02  2.942E+02  2.942E+02
  9.922E-02  2.115E-01  1.016E+05 -1.149E-06  5.613E-02  2.939E+02  2.940E+02
  9.922E-02  2.178E-01  1.016E+05 -9.792E-07  5.612E-02  2.938E+02  2.938E+02
  9.922E-02  2.241E-01  1.016E+05 -6.450E-07  5.611E-02  2.936E+02  2.937E+02
  9.922E-02  2.304E-01  1.016E+05 -1.421E-06  5.611E-02  2.936E+02  2.936E+02
  9.922E-02  2.367E-01  1.016E+05 -2.661E-06  5.611E-02  2.935E+02  2.935E+02
  9.922E-02  2.430E-01  1.016E+05 -1.259E-06  5.611E-02  2.934E+02  2.935E+02
  9.922E-02  2.493E-01  1.016E+05 -1.708E-07  5.610E-02  2.934E+02  2.934E+02
  9.922E-02  2.557E-01  1.016E+05 -2.731E-07  5.611E-02  2.934E+02  2.934E+02
  9.922E-02  2.620E-01  1.016E+05 -2.112E-07  5.611E-02  2.933E+02  2.933E+02
  9.922E-02  2.683E-01  1.016E+05 -1.419E-07  5.611E-02  2.933E+02  2.933E+02
  9.922E-02  2.746E-01  1.016E+05 -1.328E-07  5.611E-02  2.933E+02  2.933E+02
  9.922E-02  2.809E-01  1.016E+05  8.336E-08  5.611E-02  2.933E+02  2.933E+02
  9.922E-02  2.872E-01  1.016E+05 -9.065E-07  5.611E-02  2.932E+02  2.932E+02
  9.922E-02  2.935E-01  1.015E+05 -2.224E-06  5.610E-02  2.932E+02  2.932E+02
  9.922E-02  2.998E-01  1.015E+05 -9.982E-07  5.610E-02  2.932E+02  2.932E+02
  9.922E-02  3.062E-01  1.015E+05  1.684E-07  5.611E-02  2.932E+02  2.932E+02
  9.922E-02  3.125E-01  1.015E+05 -9.789E-07  5.611E-02  2.932E+02  2.932E+02
  9.922E-02  3.188E-01  1.015E+05 -2.183E-06  5.610E-02  2.931E+02  2.931E+02
  9.922E-02  3.251E-01  1.015E+05 -9.008E-07  5.611E-02  2.931E+02  2.931E+02
  9.922E-02  3.314E-01  1.015E+05  3.461E-07  5.612E-02  2.931E+02  2.931E+02
  9.922E-02  3.377E-01  1.015E+05 -7.732E-07  5.612E-02  2.931E+02  2.931E+02
  9.922E-02  3.440E-01  1.015E+05 -2.006E-06  5.611E-02  2.931E+02  2.931E+02
  9.922E-02  3.503E-01  1.015E+05 -6.163E-07  5.610E-02  2.931E+02  2.931E+02
  9.922E-02  3.567E-01  1.015E+05  4.557E-07  5.611E-02  2.931E+02  2.931E+02
  9.922E-02  3.630E-01  1.015E+05  4.821E-07  5.611E-02  2.931E+02  2.931E+02
  9.922E-02  3.693E-01  1.015E+05 -5.300E-07  5.612E-02  2.931E+02  2.931E+02
  9.922E-02  3.756E-01  1.015E+05 -1.875E-06  5.611E-02  2.931E+02  2.931E+02
  9.922E-02  3.819E-01  1.015E+05 -4.076E-07  5.611E-02  2.931E+02  2.931E+02
  9.922E-02  3.882E-01  1.014E+05 -4.553E-07  5.611E-02  2.930E+02  2.930E+02
  9.922E-02  3.945E-01  1.014E+05 -1.951E-06  5.611E-02  2.930E+02  2.930E+02
  9.922E-02  4.008E-01  1.014E+05 -6.116E-07  5.611E-02  2.930E+02  2.930E+02
  9.922E-02  4.072E-01  1.014E+05  3.518E-07  5.611E-02  2.930E+02  2.930E+02
  9.922E-02  4.135E-01  1.014E+05  9.091E-08  5.612E-02  2.930E+02  2.930E+02
  9.922E-02  4.198E-01  1.014E+05  1.113E-07  5.611E-02  2.930E+02  2.930E+02
  9.922E-02  4.261E-01  1.014E+05  9.688E-08  5.611E-02  2.930E+02  2.930E+02
  9.922E-02  4.324E-01  1.014E+05  1.020E-07  5.611E-02  2.930E+02  2.930E+02
  9.922E-02  4.387E-01  1.014E+05  5.324E-08  5.611E-02  2.930E+02  2.930E+02
  9.922E-02  4.450E-01  1.014E+05 -1.667E-08  5.611E-02  2.930E+02  2.930E+02
  9.922E-02  4.513E-01  1.014E+05 -8.818E-09  5.611E-02  2.930E+02  2.930E+02
  9.922E-02  4.577E-01  1.014E+05 -2.815E-08  5.611E-02  2.930E+02  2.930E+02
  9.922E-02  4.640E-01  1.014E+05 -6.822E-09  5.612E-02  2.930E+02  2.930E+02
  9.922E-02  4.703E-01  1.014E+05 -4.145E-09  5.610E-02  2.930E+02  2.930E+02
  9.922E-02  4.766E-01  1.014E+05 -3.343E-10  5.614E-02  2.930E+02  2.930E+02
  9.922E-02  4.829E-01  1.013E+05  8.337E-10  5.609E-02  2.930E+02  2.930E+02
  9.922E-02  4.892E-01  1.013E+05  1.144E-09  5.575E-02  2.930E+02  2.930E+02
  9.922E-02  4.955E-01  1.013E+05  2.413E-10  5.796E-02  2.930E+02  2.930E+02
  9.922E-02  5.018E-01  1.013E+05 -4.775E-10  6.500E-02  2.930E+02  2.930E+02
  9.922E-02  5.050E-01  1.013E+05 -4.775E-10  6.500E-02  2.930E+02  2.930E+02
  1.276E-01  0.000E+00  1.019E+05 -6.666E-06  6.500E-02  2.930E+02  2.932E+02
  1.276E-01  3.156E-03  1.019E+05 -6.666E-06  5.079E-02  2.932E+02  2.932E+02
  1.276E-01  9.469E-03  1.019E+05 -5.389E-06  5.586E-02  2.935E+02  2.935E+02
  1.276E-01  1.578E-02  1.019E+05 -4.873E-06  5.625E-02  2.940E+02  2.939E+02
  1.276E-01  2.209E-02  1.019E+05 -7.679E-06  5.625E-02  2.946E+02  2.945E+02
  1.276E-01  2.841E-02  1.019E+05 -1.012E-05  5.625E-02  2.956E+02  2.954E+02
  1.276E-01  3.472E-02  1.019E+05 -1.051E-05  5.635E-02  2.970E+02  2.968E+02
  1.276E-01  4.103E-02  1.018E+05 -9.866E-06  5.642E-02  2.994E+02  2.991E+02
  1.276E-01  4.734E-02  1.018E+05 -1.097E-05  5.653E-02  3.031E+02  3.027E+02
  1.276E-01  5.366E-02  1.018E+05 -1.665E-05  5.671E-02  3.091E+02  3.083E+02
  1.276E-01  5.997E-02  1.018E+05 -2.270E-05  5.694E-02  3.184E+02  3.172E+02
  1.276E-01  6.628E-02  1.018E+05 -2.174E-05  5.720E-02  3.323E+02  3.306E+02
  1.276E-01  7.259E-02  1.018E+05 -1.588E-05  5.745E-02  3.528E+02  3.502E+02
  1.276E-01  7.891E-02  1.018E+05 -8.970E-06  5.785E-02  3.816E+02  3.781E+02
  1.276E-01  8.522E-02  1.018E+05  4.994E-06  5.842E-02  4.208E+02  4.162E+02
  1.276E-01  9.153E-02  1.018E+05  3.488E-05  5.953E-02  4.722E+02  4.664E+02
  1.276E-01  9.784E-02  1.018E+05  6.822E-05  6.118E-02  5.382E+02  5.312E+02
  1.276E-01  1.042E-01  1.018E+05  7.490E-05  5.913E-02  6.279E+02  6.258E+02
  1.276E-01  1.105E-01  1.018E+05  6.464E-05  5.987E-02  5.858E+02  5.896E+02
  1.276E-01  1.168E-01  1.017E+05  4.645E-05  5.819E-02  5.296E+02  5.357E+02
  1.276E-01  1.231E-01  1.017E+05  2.869E-05  5.706E-02  4.740E+02  4.806E+02
  1.276E-01  1.294E-01  1.017E+05  1.045E-05  5.663E-02  4.258E+02  4.319E+02
  1.276E-01  1.357E-01  1.017E+05 -2.315E-06  5.652E-02  3.870E+02  3.923E+02
  1.276E-01  1.420E-01  1.017E+05 -1.013E-05  5.646E-02  3.576E+02  3.618E+02
  1.276E-01  1.483E-01  1.017E+05 -1.495E-05  5.647E-02  3.363E+02  3.394E+02
  1.276E-01  1.547E-01  1.017E+05 -1.599E-05  5.642E-02  3.214E+02  3.236E+02
  1.276E-01  1.610E-01  1.017E+05 -1.337E-05  5.635E-02  3.113E+02  3.129E+02
  1.276E-01  1.673E-01  1.017E+05 -1.205E-05  5.630E-02  3.047E+02  3.057E+02
  1.276E-01  1.736E-01  1.017E+05 -1.019E-05  5.627E-02  3.005E+02  3.011E+02
  1.276E-01  1.799E-01  1.017E+05 -7.083E-06  5.624E-02  2.978E+02  2.982E+02
  1.276E-01  1.862E-01  1.017E+05 -7.170E-06  5.620E-02  2.961E+02  2.964E+02
  1.276E-01  1.925E-01  1.017E+05 -5.642E-06  5.617E-02  2.951E+02  2.953E+02
  1.276E-01  1.988E-01  1.016E+05 -2.748E-06  5.615E-02  2.945E+02  2.946E+02
  1.276E-01  2.052E-01  1.016E+05 -2.392E-06  5.614E-02  2.942E+02  2.942E+02
  1.276E-01  2.115E-01  1.016E+05 -2.762E-06  5.613E-02  2.939E+02  2.940E+02
  1.276E-01  2.178E-01  1.016E+05 -3.116E-06  5.612E-02  2.938E+02  2.938E+02
  1.276E-01  2.241E-01  1.016E+05 -2.237E-06  5.611E-02  2.936E+02  2.937E+02
  1.276E-01  2.304E-01  1.016E+05 -9.669E-07  5.610E-02  2.936E+02  2.936E+02
  1.276E-01  2.367E-01  1.016E+05 -2.393E-06  5.611E-02  2.935E+02  2.935E+02
  1.276E-01  2.430E-01  1.016E+05 -2.591E-06  5.612E-02  2.934E+02  2.935E+02
  1.276E-01  2.493E-01  1.016E+05 -3.629E-07  5.611E-02  2.934E+02  2.934E+02
  1.276E-01  2.557E-01  1.016E+05  4.635E-07  5.611E-02  2.934E+02  2.934E+02
  1.276E-01  2.620E-01  1.016E+05  3.571E-07  5.611E-02  2.933E+02  2.933E+02
  1.276E-01  2.683E-01  1.016E+05  5.386E-07  5.611E-02  2.933E+02  2.933E+02
  1.276E-01  2.746E-01  1.016E+05 -3.392E-07  5.611E-02  2.933E+02  2.933E+02
  1.276E-01  2.809E-01  1.016E+05 -2.452E-06  5.611E-02  2.932E+02  2.933E+02
  1.276E-01  2.872E-01  1.016E+05 -3.449E-06  5.610E-02  2.932E+02  2.932E+02
  1.276E-01  2.935E-01  1.015E+05 -2.474E-06  5.610E-02  2.932E+02  2.932E+02
  1.276E-01  2.998E-01  1.015E+05 -4.097E-07  5.611E-02  2.932E+02  2.932E+02
  1.276E-01  3.062E-01  1.015E+05  5.788E-07  5.611E-02  2.932E+02  2.932E+02
  1.276E-01  3.125E-01  1.015E+05 -6.023E-07  5.610E-02  2.932E+02  2.932E+02
  1.276E-01  3.188E-01  1.015E+05 -1.961E-06  5.610E-02  2.931E+02  2.931E+02
  1.276E-01  3.251E-01  1.015E+05 -7.185E-07  5.612E-02  2.931E+02  2.931E+02
  1.276E-01  3.314E-01  1.015E+05  3.964E-07  5.612E-02  2.931E+02  2.931E+02
  1.276E-01  3.377E-01  1.015E+05 -8.119E-07  5.611E-02  2.931E+02  2.931E+02
  1.276E-01  3.440E-01  1.015E+05 -2.067E-06  5.611E-02  2.931E+02  2.931E+02
  1.276E-01  3.503E-01  1.015E+05 -7.140E-07  5.611E-02  2.931E+02  2.931E+02
  1.276E-01  3.567E-01  1.015E+05  3.536E-07  5.611E-02  2.931E+02  2.931E+02
  1.276E-01  3.630E-01  1.015E+05  3.506E-07  5.611E-02  2.931E+02  2.931E+02
  1.276E-01  3.693E-01  1.015E+05 -6.591E-07  5.611E-02  2.931E+02  2.931E+02
  1.276E-01  3.756E-01  1.015E+05 -2.026E-06  5.611E-02  2.931E+02  2.931E+02
  1.276E-01  3.819E-01  1.015E+05 -7.633E-07  5.612E-02  2.931E+02  2.931E+02
  1.276E-01  3.882E-01  1.014E+05  1.968E-07  5.611E-02  2.930E+02  2.930E+02
  1.276E-01  3.945E-01  1.014E+05  1.227E-08  5.611E-02  2.930E+02  2.930E+02
  1.276E-01  4.008E-01  1.014E+05  5.886E-08  5.611E-02  2.930E+02  2.930E+02
  1.276E-01  4.072E-01  1.014E+05  8.964E-08  5.611E-02  2.930E+02  2.930E+02
  1.276E-01  4.135E-01  1.014E+05  3.956E-08  5.612E-02  2.930E+02  2.930E+02
  1.276E-01  4.198E-01  1.014E+05  8.291E-08  5.611E-02  2.930E+02  2.930E+02
  1.276E-01  4.261E-01  1.014E+05  7.639E-08  5.611E-02  2.930E+02  2.930E+02
  1.276E-01  4.324E-01  1.014E+05  9.979E-08  5.611E-02  2.930E+02  2.930E+02
  1.276E-01  4.387E-01  1.014E+05  6.521E-08  5.611E-02  2.930E+02  2.930E+02
  1.276E-01  4.450E-01  1.014E+05  2.628E-08  5.611E-02  2.930E+02  2.930E+02
  1.276E-01  4.513E-01  1.014E+05  4.031E-08  5.611E-02  2.930E+02  2.930E+02
  1.276E-01  4.577E-01  1.014E+05  2.014E-08  5.611E-02  2.930E+02  2.930E+02
  1.276E-01  4.640E-01  1.014E+05  1.684E-08  5.612E-02  2.930E+02  2.930E+02
  1.276E-01  4.703E-01  1.014E+05  1.218E-08  5.610E-02  2.930E+02  2.930E+02
  1.276E-01  4.766E-01  1.014E+05  9.321E-09  5.614E-02  2.930E+02  2.930E+02
  1.276E-01  4.829E-01  1.013E+05  6.736E-09  5.609E-02  2.930E+02  2.930E+02
  1.276E-01  4.892E-01  1.013E+05  4.582E-09  5.575E-02  2.930E+02  2.930E+02
  1.276E-01  4.955E-01  1.013E+05  1.998E-09  5.796E-02  2.930E+02  2.930E+02
  1.276E-01  5.018E-01  1.013E+05  4.033E-10  6.500E-02  2.930E+02  2.930E+02
  1.276E-01  5.050E-01  1.013E+05  4.033E-10  6.500E-02  2.930E+02  2.930E+02
  1.559E-01  0.000E+00  1.019E+05 -1.623E-07  6.500E-02  2.930E+02  2.932E+02
  1.559E-01  3.156E-03  1.019E+05 -1.623E-07  5.079E-02  2.932E+02  2.932E+02
  1.559E-01  9.469E-03  1.019E+05 -3.122E-07  5.586E-02  2.935E+02  2.935E+02
  1.559E-01  1.578E-02  1.019E+05 -4.789E-07  5.624E-02  2.940E+02  2.939E+02
  1.559E-01  2.209E-02  1.019E+05 -1.200E-06  5.624E-02  2.946E+02  2.946E+02
  1.559E-01  2.841E-02  1.019E+05 -3.723E-07  5.625E-02  2.956E+02  2.955E+02
  1.559E-01  3.472E-02  1.019E+05  3.482E-06  5.637E-02  2.970E+02  2.968E+02
  1.559E-01  4.103E-02  1.018E+05  8.353E-06  5.648E-02  2.994E+02  2.991E+02
  1.559E-01  4.734E-02  1.018E+05  1.707E-05  5.661E-02  3.031E+02  3.026E+02
  1.559E-01  5.366E-02  1.018E+05  2.845E-05  5.676E-02  3.091E+02  3.083E+02
  1.559E-01  5.997E-02  1.018E+05  3.525E-05  5.699E-02  3.183E+02  3.171E+02
  1.559E-01  6.628E-02  1.018E+05  3.241E-05  5.725E-02  3.323E+02  3.305E+02
  1.559E-01  7.259E-02  1.018E+05  2.154E-05  5.750E-02  3.527E+02  3.501E+02
  1.559E-01  7.891E-02  1.018E+05  7.282E-06  5.787E-02  3.815E+02  3.780E+02
  1.559E-01  8.522E-02  1.018E+05 -1.941E-06  5.841E-02  4.206E+02  4.160E+02
  1.559E-01  9.153E-02  1.018E+05 -4.706E-06  5.950E-02  4.719E+02  4.661E+02
  1.559E-01  9.784E-02  1.018E+05 -1.136E-05  6.112E-02  5.379E+02  5.309E+02
  1.559E-01  1.042E-01  1.018E+05 -1.510E-05  5.910E-02  6.278E+02  6.256E+02
  1.559E-01  1.105E-01  1.018E+05 -1.070E-05  5.982E-02  5.857E+02  5.896E+02
  1.559E-01  1.168E-01  1.017E+05 -3.061E-06  5.808E-02  5.297E+02  5.358E+02
  1.559E-01  1.231E-01  1.017E+05  1.741E-06  5.700E-02  4.742E+02  4.808E+02
  1.559E-01  1.294E-01  1.017E+05  6.043E-06  5.663E-02  4.259E+02  4.320E+02
  1.559E-01  1.357E-01  1.017E+05  7.555E-06  5.651E-02  3.871E+02  3.924E+02
  1.559E-01  1.420E-01  1.017E+05  3.376E-06  5.643E-02  3.577E+02  3.619E+02
  1.559E-01  1.483E-01  1.017E+05 -3.069E-06  5.643E-02  3.364E+02  3.395E+02
  1.559E-01  1.547E-01  1.017E+05 -7.226E-06  5.639E-02  3.215E+02  3.237E+02
  1.559E-01  1.610E-01  1.017E+05 -7.963E-06  5.634E-02  3.114E+02  3.129E+02
  1.559E-01  1.673E-01  1.017E+05 -6.897E-06  5.630E-02  3.047E+02  3.058E+02
  1.559E-01  1.736E-01  1.017E+05 -7.507E-06  5.627E-02  3.005E+02  3.011E+02
  1.559E-01  1.799E-01  1.017E+05 -8.040E-06  5.623E-02  2.978E+02  2.982E+02
  1.559E-01  1.862E-01  1.017E+05 -7.349E-06  5.619E-02  2.961E+02  2.964E+02
  1.559E-01  1.925E-01  1.017E+05 -7.156E-06  5.617E-02  2.951E+02  2.953E+02
  1.559E-01  1.988E-01  1.016E+05 -5.999E-06  5.615E-02  2.945E+02  2.946E+02
  1.559E-01  2.052E-01  1.016E+05 -4.616E-06  5.613E-02  2.942E+02  2.942E+02
  1.559E-01  2.115E-01  1.016E+05 -5.880E-06  5.613E-02  2.939E+02  2.940E+02
  1.559E-01  2.178E-01  1.016E+05 -6.945E-06  5.612E-02  2.938E+02  2.938E+02
  1.559E-01  2.241E-01  1.016E+05 -6.158E-06  5.612E-02  2.936E+02  2.937E+02
  1.559E-01  2.304E-01  1.016E+05 -3.217E-06  5.611E-02  2.936E+02  2.936E+02
  1.559E-01  2.367E-01  1.016E+05 -1.142E-06  5.611E-02  2.935E+02  2.935E+02
  1.559E-01  2.430E-01  1.016E+05 -2.814E-06  5.611E-02  2.934E+02  2.935E+02
  1.559E-01  2.493E-01  1.016E+05 -3.090E-06  5.612E-02  2.934E+02  2.934E+02
  1.559E-01  2.557E-01  1.016E+05 -8.630E-07  5.611E-02  2.934E+02  2.934E+02
  1.559E-01  2.620E-01  1.016E+05 -1.301E-07  5.611E-02  2.933E+02  2.933E+02
  1.559E-01  2.683E-01  1.016E+05 -1.637E-07  5.611E-02  2.933E+02  2.933E+02
  1.559E-01  2.746E-01  1.016E+05 -9.380E-07  5.610E-02  2.933E+02  2.933E+02
  1.559E-01  2.809E-01  1.016E+05 -3.110E-06  5.610E-02  2.932E+02  2.933E+02
  1.559E-01  2.872E-01  1.016E+05 -3.013E-06  5.611E-02  2.932E+02  2.932E+02
  1.559E-01  2.935E-01  1.015E+05 -6.624E-07  5.611E-02  2.932E+02  2.932E+02
  1.559E-01  2.998E-01  1.015E+05  2.299E-07  5.612E-02  2.932E+02  2.932E+02
  1.559E-01  3.062E-01  1.015E+05  8.506E-08  5.611E-02  2.932E+02  2.932E+02
  1.559E-01  3.125E-01  1.015E+05  5.032E-08  5.610E-02  2.932E+02  2.932E+02
  1.559E-01  3.188E-01  1.015E+05 -4.781E-08  5.610E-02  2.931E+02  2.931E+02
  1.559E-01  3.251E-01  1.015E+05  1.475E-07  5.612E-02  2.931E+02  2.931E+02
  1.559E-01  3.314E-01  1.015E+05 -8.139E-07  5.612E-02  2.931E+02  2.931E+02
  1.559E-01  3.377E-01  1.015E+05 -2.149E-06  5.611E-02  2.931E+02  2.931E+02
  1.559E-01  3.440E-01  1.015E+05 -9.006E-07  5.611E-02  2.931E+02  2.931E+02
  1.559E-01  3.503E-01  1.015E+05  1.227E-08  5.612E-02  2.931E+02  2.931E+02
  1.559E-01  3.567E-01  1.015E+05 -1.692E-07  5.611E-02  2.931E+02  2.931E+02
  1.559E-01  3.630E-01  1.015E+05 -9.868E-08  5.611E-02  2.931E+02  2.931E+02
  1.559E-01  3.693E-01  1.015E+05 -7.156E-08  5.611E-02  2.931E+02  2.931E+02
  1.559E-01  3.756E-01  1.015E+05 -8.302E-08  5.611E-02  2.931E+02  2.931E+02
  1.559E-01  3.819E-01  1.015E+05 -9.305E-08  5.612E-02  2.931E+02  2.931E+02
  1.559E-01  3.882E-01  1.014E+05 -1.474E-08  5.611E-02  2.930E+02  2.930E+02
  1.559E-01  3.945E-01  1.014E+05  2.485E-08  5.611E-02  2.930E+02  2.930E+02
  1.559E-01  4.008E-01  1.014E+05 -1.438E-08  5.611E-02  2.930E+02  2.930E+02
  1.559E-01  4.072E-01  1.014E+05 -3.336E-08  5.611E-02  2.930E+02  2.930E+02
  1.559E-01  4.135E-01  1.014E+05 -9.469E-08  5.612E-02  2.930E+02  2.930E+02
  1.559E-01  4.198E-01  1.014E+05 -1.208E-07  5.611E-02  2.930E+02  2.930E+02
  1.559E-01  4.261E-01  1.014E+05 -9.262E-08  5.611E-02  2.930E+02  2.930E+02
  1.559E-01  4.324E-01  1.014E+05 -3.501E-08  5.611E-02  2.930E+02  2.930E+02
  1.559E-01  4.387E-01  1.014E+05 -1.559E-08  5.611E-02  2.930E+02  2.930E+02
  1.559E-01  4.450E-01  1.014E+05 -1.983E-09  5.611E-02  2.930E+02  2.930E+02
  1.559E-01  4.513E-01  1.014E+05  5.878E-09  5.611E-02  2.930E+02  2.930E+02
  1.559E-01  4.577E-01  1.014E+05  9.382E-09  5.611E-02  2.930E+02  2.930E+02
  1.559E-01  4.640E-01  1.014E+05  1.107E-08  5.612E-02  2.930E+02  2.930E+02
  1.559E-01  4.703E-01  1.014E+05  1.102E-08  5.610E-02  2.930E+02  2.930E+02
  1.559E-01  4.766E-01  1.014E+05  9.947E-09  5.614E-02  2.930E+02  2.930E+02
  1.559E-01  4.829E-01  1.013E+05  8.118E-09  5.609E-02  2.930E+02  2.930E+02
  1.559E-01  4.892E-01  1.013E+05  6.062E-09  5.575E-02  2.930E+02  2.930E+02
  1.559E-01  4.955E-01  1.013E+05  3.179E-09  5.796E-02  2.930E+02  2.930E+02
  1.559E-01  5.018E-01  1.013E+05  1.365E-09  6.500E-02  2.930E+02  2.930E+02
  1.559E-01  5.050E-01  1.013E+05  1.365E-09  6.500E-02  2.930E+02  2.930E+02
  1.843E-01  0.000E+00  1.019E+05  7.700E-06  6.500E-02  2.930E+02  2.932E+02
  1.843E-01  3.156E-03  1.019E+05  7.700E-06  5.079E-02  2.932E+02  2.932E+02
  1.843E-01  9.469E-03  1.019E+05  6.981E-06  5.586E-02  2.935E+02  2.935E+02
  1.843E-01  1.578E-02  1.019E+05  6.302E-06  5.625E-02  2.940E+02  2.939E+02
  1.843E-01  2.209E-02  1.019E+05  7.421E-06  5.625E-02  2.946E+02  2.946E+02
  1.843E-01  2.841E-02  1.019E+05  7.317E-06  5.627E-02  2.956E+02  2.955E+02
  1.843E-01  3.472E-02  1.019E+05  7.036E-06  5.640E-02  2.970E+02  2.968E+02
  1.843E-01  4.103E-02  1.018E+05  4.189E-06  5.649E-02  2.994E+02  2.991E+02
  1.843E-01  4.734E-02  1.018E+05 -2.788E-06  5.664E-02  3.031E+02  3.026E+02
  1.843E-01  5.366E-02  1.018E+05 -8.227E-06  5.680E-02  3.091E+02  3.083E+02
  1.843E-01  5.997E-02  1.018E+05 -1.132E-05  5.698E-02  3.183E+02  3.171E+02
  1.843E-01  6.628E-02  1.018E+05 -1.402E-05  5.714E-02  3.323E+02  3.305E+02
  1.843E-01  7.259E-02  1.018E+05 -1.316E-05  5.735E-02  3.527E+02  3.502E+02
  1.843E-01  7.891E-02  1.018E+05 -3.926E-06  5.777E-02  3.816E+02  3.780E+02
  1.843E-01  8.522E-02  1.018E+05  1.374E-05  5.840E-02  4.207E+02  4.161E+02
  1.843E-01  9.153E-02  1.018E+05  2.881E-05  5.954E-02  4.721E+02  4.663E+02
  1.843E-01  9.784E-02  1.018E+05  2.639E-05  6.112E-02  5.382E+02  5.313E+02
  1.843E-01  1.042E-01  1.018E+05  6.019E-06  5.914E-02  6.279E+02  6.258E+02
  1.843E-01  1.105E-01  1.018E+05 -1.251E-05  5.997E-02  5.854E+02  5.893E+02
  1.843E-01  1.168E-01  1.017E+05 -1.012E-05  5.826E-02  5.292E+02  5.354E+02
  1.843E-01  1.231E-01  1.017E+05  1.066E-05  5.713E-02  4.737E+02  4.803E+02
  1.843E-01  1.294E-01  1.017E+05  2.457E-05  5.668E-02  4.256E+02  4.317E+02
  1.843E-01  1.357E-01  1.017E+05  2.411E-05  5.651E-02  3.869E+02  3.921E+02
  1.843E-01  1.420E-01  1.017E+05  1.776E-05  5.639E-02  3.576E+02  3.618E+02
  1.843E-01  1.483E-01  1.017E+05  7.836E-06  5.640E-02  3.363E+02  3.395E+02
  1.843E-01  1.547E-01  1.017E+05 -1.392E-06  5.638E-02  3.214E+02  3.237E+02
  1.843E-01  1.610E-01  1.017E+05 -7.841E-06  5.635E-02  3.113E+02  3.129E+02
  1.843E-01  1.673E-01  1.017E+05 -1.076E-05  5.630E-02  3.047E+02  3.057E+02
  1.843E-01  1.736E-01  1.017E+05 -1.279E-05  5.626E-02  3.004E+02  3.011E+02
  1.843E-01  1.799E-01  1.017E+05 -1.367E-05  5.623E-02  2.978E+02  2.982E+02
  1.843E-01  1.862E-01  1.017E+05 -1.145E-05  5.620E-02  2.961E+02  2.964E+02
  1.843E-01  1.925E-01  1.017E+05 -1.030E-05  5.617E-02  2.951E+02  2.953E+02
  1.843E-01  1.988E-01  1.016E+05 -9.407E-06  5.616E-02  2.945E+02  2.946E+02
  1.843E-01  2.052E-01  1.016E+05 -7.331E-06  5.614E-02  2.942E+02  2.942E+02
  1.843E-01  2.115E-01  1.016E+05 -5.655E-06  5.612E-02  2.939E+02  2.939E+02
  1.843E-01  2.178E-01  1.016E+05 -3.483E-06  5.612E-02  2.938E+02  2.938E+02
  1.843E-01  2.241E-01  1.016E+05 -3.527E-06  5.613E-02  2.936E+02  2.937E+02
  1.843E-01  2.304E-01  1.016E+05 -4.923E-06  5.613E-02  2.936E+02  2.936E+02
  1.843E-01  2.367E-01  1.016E+05 -3.588E-06  5.611E-02  2.935E+02  2.935E+02
  1.843E-01  2.430E-01  1.016E+05 -2.621E-06  5.611E-02  2.934E+02  2.935E+02
  1.843E-01  2.493E-01  1.016E+05 -2.832E-06  5.612E-02  2.934E+02  2.934E+02
  1.843E-01  2.557E-01  1.016E+05 -2.866E-06  5.612E-02  2.934E+02  2.934E+02
  1.843E-01  2.620E-01  1.016E+05 -2.949E-06  5.611E-02  2.933E+02  2.933E+02
  1.843E-01  2.683E-01  1.016E+05 -3.201E-06  5.611E-02  2.933E+02  2.933E+02
  1.843E-01  2.746E-01  1.016E+05 -2.420E-06  5.610E-02  2.933E+02  2.933E+02
  1.843E-01  2.809E-01  1.016E+05 -3.503E-07  5.610E-02  2.932E+02  2.933E+02
  1.843E-01  2.872E-01  1.016E+05  4.436E-07  5.611E-02  2.932E+02  2.932E+02
  1.843E-01  2.935E-01  1.015E+05  2.861E-07  5.612E-02  2.932E+02  2.932E+02
  1.843E-01  2.998E-01  1.015E+05  2.459E-07  5.612E-02  2.932E+02  2.932E+02
  1.843E-01  3.062E-01  1.015E+05  1.779E-07  5.611E-02  2.932E+02  2.932E+02
  1.843E-01  3.125E-01  1.015E+05  1.370E-07  5.610E-02  2.932E+02  2.932E+02
  1.843E-01  3.188E-01  1.015E+05  1.985E-07  5.611E-02  2.931E+02  2.931E+02
  1.843E-01  3.251E-01  1.015E+05  3.570E-07  5.611E-02  2.931E+02  2.931E+02
  1.843E-01  3.314E-01  1.015E+05 -6.724E-07  5.611E-02  2.931E+02  2.931E+02
  1.843E-01  3.377E-01  1.015E+05 -1.962E-06  5.611E-02  2.931E+02  2.931E+02
  1.843E-01  3.440E-01  1.015E+05 -4.216E-07  5.612E-02  2.931E+02  2.931E+02
  1.843E-01  3.503E-01  1.015E+05 -4.259E-07  5.612E-02  2.931E+02  2.931E+02
  1.843E-01  3.567E-01  1.015E+05 -1.935E-06  5.611E-02  2.931E+02  2.931E+02
  1.843E-01  3.630E-01  1.015E+05 -5.995E-07  5.611E-02  2.931E+02  2.931E+02
  1.843E-01  3.693E-01  1.015E+05  3.962E-07  5.611E-02  2.931E+02  2.931E+02
  1.843E-01  3.756E-01  1.015E+05  1.976E-07  5.611E-02  2.931E+02  2.931E+02
  1.843E-01  3.819E-01  1.015E+05  1.021E-07  5.612E-02  2.931E+02  2.931E+02
  1.843E-01  3.882E-01  1.014E+05  7.573E-08  5.611E-02  2.930E+02  2.930E+02
  1.843E-01  3.945E-01  1.014E+05  7.711E-08  5.611E-02  2.930E+02  2.930E+02
  1.843E-01  4.008E-01  1.014E+05  7.479E-08  5.611E-02  2.930E+02  2.930E+02
  1.843E-01  4.072E-01  1.014E+05  2.663E-07  5.611E-02  2.930E+02  2.930E+02
  1.843E-01  4.135E-01  1.014E+05 -7.224E-07  5.612E-02  2.930E+02  2.930E+02
  1.843E-01  4.198E-01  1.014E+05 -2.023E-06  5.611E-02  2.930E+02  2.930E+02
  1.843E-01  4.261E-01  1.014E+05 -7.316E-07  5.611E-02  2.930E+02  2.930E+02
  1.843E-01  4.324E-01  1.014E+05  2.608E-07  5.611E-02  2.930E+02  2.930E+02
  1.843E-01  4.387E-01  1.014E+05  6.709E-08  5.611E-02  2.930E+02  2.930E+02
  1.843E-01  4.450E-01  1.014E+05  7.840E-08  5.611E-02  2.930E+02  2.930E+02
  1.843E-01  4.513E-01  1.014E+05  5.988E-08  5.611E-02  2.930E+02  2.930E+02
  1.843E-01  4.577E-01  1.014E+05  4.958E-08  5.611E-02  2.930E+02  2.930E+02
  1.843E-01  4.640E-01  1.014E+05  4.012E-08  5.612E-02  2.930E+02  2.930E+02
  1.843E-01  4.703E-01  1.014E+05  3.229E-08  5.610E-02  2.930E+02  2.930E+02
  1.843E-01  4.766E-01  1.014E+05  2.530E-08  5.614E-02  2.930E+02  2.930E+02
  1.843E-01  4.829E-01  1.013E+05  1.894E-08  5.609E-02  2.930E+02  2.930E+02
  1.843E-01  4.892E-01  1.013E+05  1.356E-08  5.575E-02  2.930E+02  2.930E+02
  1.843E-01  4.955E-01  1.013E+05  7.959E-09  5.796E-02  2.930E+02  2.930E+02
  1.843E-01  5.018E-01  1.013E+05  4.638E-09  6.500E-02  2.930E+02  2.930E+02
  1.843E-01  5.050E-01  1.013E+05  4.638E-09  6.500E-02  2.930E+02  2.930E+02
  2.126E-01  0.000E+00  1.019E+05  1.205E-05  6.500E-02  2.930E+02  2.932E+02
  2.126E-01  3.156E-03  1.019E+05  1.205E-05  5.079E-02  2.932E+02  2.932E+02
  2.126E-01  9.469E-03  1.019E+05  1.238E-05  5.585E-02  2.935E+02  2.935E+02
  2.126E-01  1.578E-02  1.019E+05  1.163E-05  5.624E-02  2.940E+02  2.939E+02
  2.126E-01  2.209E-02  1.019E+05  1.087E-05  5.625E-02  2.946E+02  2.946E+02
  2.126E-01  2.841E-02  1.019E+05  1.192E-05  5.626E-02  2.956E+02  2.955E+02
  2.126E-01  3.472E-02  1.019E+05  1.085E-05  5.636E-02  2.970E+02  2.968E+02
  2.126E-01  4.103E-02  1.018E+05  6.735E-06  5.644E-02  2.994E+02  2.991E+02
  2.126E-01  4.734E-02  1.018E+05  1.549E-06  5.656E-02  3.031E+02  3.026E+02
  2.126E-01  5.366E-02  1.018E+05 -7.150E-06  5.673E-02  3.091E+02  3.083E+02
  2.126E-01  5.997E-02  1.018E+05 -2.000E-05  5.697E-02  3.184E+02  3.172E+02
  2.126E-01  6.628E-02  1.018E+05 -2.834E-05  5.726E-02  3.323E+02  3.305E+02
  2.126E-01  7.259E-02  1.018E+05 -2.654E-05  5.758E-02  3.527E+02  3.502E+02
  2.126E-01  7.891E-02  1.018E+05 -9.278E-06  5.806E-02  3.815E+02  3.780E+02
  2.126E-01  8.522E-02  1.018E+05  1.665E-05  5.864E-02  4.207E+02  4.161E+02
  2.126E-01  9.153E-02  1.018E+05  3.525E-05  5.965E-02  4.720E+02  4.663E+02
  2.126E-01  9.784E-02  1.018E+05  4.526E-05  6.105E-02  5.383E+02  5.314E+02
  2.126E-01  1.042E-01  1.018E+05  4.043E-05  5.895E-02  6.281E+02  6.260E+02
  2.126E-01  1.105E-01  1.018E+05  2.103E-05  5.975E-02  5.857E+02  5.896E+02
  2.126E-01  1.168E-01  1.017E+05 -8.312E-06  5.826E-02  5.293E+02  5.355E+02
  2.126E-01  1.231E-01  1.017E+05 -2.673E-05  5.720E-02  4.738E+02  4.804E+02
  2.126E-01  1.294E-01  1.017E+05 -2.700E-05  5.670E-02  4.256E+02  4.318E+02
  2.126E-01  1.357E-01  1.017E+05 -1.710E-05  5.646E-02  3.870E+02  3.922E+02
  2.126E-01  1.420E-01  1.017E+05 -6.065E-06  5.634E-02  3.577E+02  3.619E+02
  2.126E-01  1.483E-01  1.017E+05  2.339E-06  5.634E-02  3.364E+02  3.395E+02
  2.126E-01  1.547E-01  1.017E+05  5.061E-06  5.632E-02  3.215E+02  3.237E+02
  2.126E-01  1.610E-01  1.017E+05  3.504E-06  5.629E-02  3.114E+02  3.129E+02
  2.126E-01  1.673E-01  1.017E+05  1.419E-07  5.627E-02  3.047E+02  3.058E+02
  2.126E-01  1.736E-01  1.017E+05 -2.950E-06  5.626E-02  3.005E+02  3.011E+02
  2.126E-01  1.799E-01  1.017E+05 -3.520E-06  5.623E-02  2.978E+02  2.982E+02
  2.126E-01  1.862E-01  1.017E+05 -4.317E-06  5.620E-02  2.961E+02  2.964E+02
  2.126E-01  1.925E-01  1.017E+05 -5.309E-06  5.618E-02  2.951E+02  2.953E+02
  2.126E-01  1.988E-01  1.016E+05 -4.916E-06  5.617E-02  2.945E+02  2.946E+02
  2.126E-01  2.052E-01  1.016E+05 -5.141E-06  5.615E-02  2.941E+02  2.942E+02
  2.126E-01  2.115E-01  1.016E+05 -4.162E-06  5.614E-02  2.939E+02  2.939E+02
  2.126E-01  2.178E-01  1.016E+05 -2.215E-06  5.613E-02  2.938E+02  2.938E+02
  2.126E-01  2.241E-01  1.016E+05 -1.100E-06  5.611E-02  2.936E+02  2.937E+02
  2.126E-01  2.304E-01  1.016E+05 -2.273E-06  5.611E-02  2.936E+02  2.936E+02
  2.126E-01  2.367E-01  1.016E+05 -3.324E-06  5.612E-02  2.935E+02  2.935E+02
  2.126E-01  2.430E-01  1.016E+05 -2.054E-06  5.612E-02  2.934E+02  2.935E+02
  2.126E-01  2.493E-01  1.016E+05 -7.139E-07  5.612E-02  2.934E+02  2.934E+02
  2.126E-01  2.557E-01  1.016E+05 -1.970E-06  5.611E-02  2.934E+02  2.934E+02
  2.126E-01  2.620E-01  1.016E+05 -2.915E-06  5.611E-02  2.933E+02  2.933E+02
  2.126E-01  2.683E-01  1.016E+05 -2.869E-06  5.611E-02  2.933E+02  2.933E+02
  2.126E-01  2.746E-01  1.016E+05 -2.060E-06  5.611E-02  2.933E+02  2.933E+02
  2.126E-01  2.809E-01  1.016E+05  3.741E-09  5.611E-02  2.932E+02  2.933E+02
  2.126E-01  2.872E-01  1.016E+05  7.482E-07  5.611E-02  2.932E+02  2.932E+02
  2.126E-01  2.935E-01  1.015E+05  4.537E-07  5.611E-02  2.932E+02  2.932E+02
  2.126E-01  2.998E-01  1.015E+05  5.228E-07  5.612E-02  2.932E+02  2.932E+02
  2.126E-01  3.062E-01  1.015E+05 -5.185E-07  5.611E-02  2.932E+02  2.932E+02
  2.126E-01  3.125E-01  1.015E+05 -1.741E-06  5.610E-02  2.932E+02  2.932E+02
  2.126E-01  3.188E-01  1.015E+05 -1.971E-07  5.611E-02  2.931E+02  2.931E+02
  2.126E-01  3.251E-01  1.015E+05 -1.959E-07  5.611E-02  2.931E+02  2.931E+02
  2.126E-01  3.314E-01  1.015E+05 -1.757E-06  5.611E-02  2.931E+02  2.931E+02
  2.126E-01  3.377E-01  1.015E+05 -5.665E-07  5.611E-02  2.931E+02  2.931E+02
  2.126E-01  3.440E-01  1.015E+05  5.442E-07  5.611E-02  2.931E+02  2.931E+02
  2.126E-01  3.503E-01  1.015E+05 -5.839E-07  5.611E-02  2.931E+02  2.931E+02
  2.126E-01  3.567E-01  1.015E+05 -1.889E-06  5.611E-02  2.931E+02  2.931E+02
  2.126E-01  3.630E-01  1.015E+05 -6.486E-07  5.612E-02  2.931E+02  2.931E+02
  2.126E-01  3.693E-01  1.015E+05  2.851E-07  5.611E-02  2.931E+02  2.931E+02
  2.126E-01  3.756E-01  1.015E+05  4.281E-08  5.611E-02  2.931E+02  2.931E+02
  2.126E-01  3.819E-01  1.015E+05 -2.614E-08  5.612E-02  2.931E+02  2.931E+02
  2.126E-01  3.882E-01  1.014E+05 -1.027E-07  5.611E-02  2.930E+02  2.930E+02
  2.126E-01  3.945E-01  1.014E+05 -5.303E-08  5.611E-02  2.930E+02  2.930E+02
  2.126E-01  4.008E-01  1.014E+05 -1.304E-08  5.611E-02  2.930E+02  2.930E+02
  2.126E-01  4.072E-01  1.014E+05  1.858E-07  5.611E-02  2.930E+02  2.930E+02
  2.126E-01  4.135E-01  1.014E+05 -7.381E-07  5.611E-02  2.930E+02  2.930E+02
  2.126E-01  4.198E-01  1.014E+05 -2.001E-06  5.611E-02  2.930E+02  2.930E+02
  2.126E-01  4.261E-01  1.014E+05 -7.184E-07  5.612E-02  2.930E+02  2.930E+02
  2.126E-01  4.324E-01  1.014E+05  2.574E-07  5.611E-02  2.930E+02  2.930E+02
  2.126E-01  4.387E-01  1.014E+05  6.049E-08  5.611E-02  2.930E+02  2.930E+02
  2.126E-01  4.450E-01  1.014E+05  6.988E-08  5.611E-02  2.930E+02  2.930E+02
  2.126E-01  4.513E-01  1.014E+05  5.244E-08  5.611E-02  2.930E+02  2.930E+02
  2.126E-01  4.577E-01  1.014E+05  4.480E-08  5.611E-02  2.930E+02  2.930E+02
  2.126E-01  4.640E-01  1.014E+05  3.771E-08  5.612E-02  2.930E+02  2.930E+02
  2.126E-01  4.703E-01  1.014E+05  3.012E-08  5.610E-02  2.930E+02  2.930E+02
  2.126E-01  4.766E-01  1.014E+05  2.263E-08  5.614E-02  2.930E+02  2.930E+02
  2.126E-01  4.829E-01  1.013E+05  1.654E-08  5.609E-02  2.930E+02  2.930E+02
  2.126E-01  4.892E-01  1.013E+05  1.175E-08  5.575E-02  2.930E+02  2.930E+02
  2.126E-01  4.955E-01  1.013E+05  6.941E-09  5.796E-02  2.930E+02  2.930E+02
  2.126E-01  5.018E-01  1.013E+05  4.112E-09  6.500E-02  2.930E+02  2.930E+02
  2.126E-01  5.050E-01  1.013E+05  4.112E-09  6.500E-02  2.930E+02  2.930E+02
  2.410E-01  0.000E+00  1.019E+05  9.181E-06  6.500E-02  2.930E+02  2.932E+02
  2.410E-01  3.156E-03  1.019E+05  9.181E-06  5.079E-02  2.932E+02  2.932E+02
  2.410E-01  9.469E-03  1.019E+05  9.676E-06  5.586E-02  2.935E+02  2.935E+02
  2.410E-01  1.578E-02  1.019E+05  1.090E-05  5.624E-02  2.940E+02  2.939E+02
  2.410E-01  2.209E-02  1.019E+05  1.242E-05  5.625E-02  2.946E+02  2.946E+02
  2.410E-01  2.841E-02  1.019E+05  1.592E-05  5.627E-02  2.956E+02  2.955E+02
  2.410E-01  3.472E-02  1.019E+05  1.959E-05  5.637E-02  2.970E+02  2.968E+02
  2.410E-01  4.103E-02  1.018E+05  2.409E-05  5.645E-02  2.994E+02  2.991E+02
  2.410E-01  4.734E-02  1.018E+05  2.923E-05  5.657E-02  3.031E+02  3.026E+02
  2.410E-01  5.366E-02  1.018E+05  3.014E-05  5.670E-02  3.091E+02  3.083E+02
  2.410E-01  5.997E-02  1.018E+05  2.471E-05  5.687E-02  3.183E+02  3.171E+02
  2.410E-01  6.628E-02  1.018E+05  1.297E-05  5.711E-02  3.323E+02  3.305E+02
  2.410E-01  7.259E-02  1.018E+05 -3.682E-06  5.746E-02  3.527E+02  3.501E+02
  2.410E-01  7.891E-02  1.018E+05 -1.988E-05  5.801E-02  3.814E+02  3.779E+02
  2.410E-01  8.522E-02  1.018E+05 -3.548E-05  5.866E-02  4.206E+02  4.160E+02
  2.410E-01  9.153E-02  1.018E+05 -4.884E-05  5.972E-02  4.720E+02  4.662E+02
  2.410E-01  9.784E-02  1.018E+05 -5.066E-05  6.122E-02  5.381E+02  5.312E+02
  2.410E-01  1.042E-01  1.018E+05 -2.916E-05  5.904E-02  6.279E+02  6.258E+02
  2.410E-01  1.105E-01  1.018E+05  1.052E-06  5.967E-02  5.859E+02  5.897E+02
  2.410E-01  1.168E-01  1.017E+05  1.342E-05  5.798E-02  5.298E+02  5.359E+02
  2.410E-01  1.231E-01  1.017E+05 -3.450E-06  5.700E-02  4.741E+02  4.807E+02
  2.410E-01  1.294E-01  1.017E+05 -2.007E-05  5.671E-02  4.257E+02  4.319E+02
  2.410E-01  1.357E-01  1.017E+05 -2.134E-05  5.660E-02  3.869E+02  3.922E+02
  2.410E-01  1.420E-01  1.017E+05 -1.512E-05  5.650E-02  3.575E+02  3.617E+02
  2.410E-01  1.483E-01  1.017E+05 -6.255E-06  5.647E-02  3.362E+02  3.394E+02
  2.410E-01  1.547E-01  1.017E+05  2.931E-07  5.639E-02  3.214E+02  3.236E+02
  2.410E-01  1.610E-01  1.017E+05  3.972E-06  5.632E-02  3.113E+02  3.129E+02
  2.410E-01  1.673E-01  1.017E+05  5.436E-06  5.627E-02  3.047E+02  3.057E+02
  2.410E-01  1.736E-01  1.017E+05  7.146E-06  5.625E-02  3.005E+02  3.011E+02
  2.410E-01  1.799E-01  1.017E+05  7.182E-06  5.622E-02  2.978E+02  2.982E+02
  2.410E-01  1.862E-01  1.017E+05  4.889E-06  5.619E-02  2.961E+02  2.964E+02
  2.410E-01  1.925E-01  1.017E+05  4.301E-06  5.617E-02  2.951E+02  2.953E+02
  2.410E-01  1.988E-01  1.016E+05  3.654E-06  5.616E-02  2.945E+02  2.946E+02
  2.410E-01  2.052E-01  1.016E+05  1.725E-06  5.614E-02  2.942E+02  2.942E+02
  2.410E-01  2.115E-01  1.016E+05  1.036E-07  5.613E-02  2.939E+02  2.940E+02
  2.410E-01  2.178E-01  1.016E+05 -2.077E-06  5.613E-02  2.938E+02  2.938E+02
  2.410E-01  2.241E-01  1.016E+05 -2.206E-06  5.613E-02  2.936E+02  2.937E+02
  2.410E-01  2.304E-01  1.016E+05 -9.564E-09  5.612E-02  2.936E+02  2.936E+02
  2.410E-01  2.367E-01  1.016E+05  6.099E-07  5.611E-02  2.935E+02  2.935E+02
  2.410E-01  2.430E-01  1.016E+05  3.229E-07  5.612E-02  2.934E+02  2.935E+02
  2.410E-01  2.493E-01  1.016E+05  3.202E-07  5.612E-02  2.934E+02  2.934E+02
  2.410E-01  2.557E-01  1.016E+05  2.146E-07  5.611E-02  2.934E+02  2.934E+02
  2.410E-01  2.620E-01  1.016E+05  1.197E-07  5.611E-02  2.933E+02  2.933E+02
  2.410E-01  2.683E-01  1.016E+05  1.416E-07  5.611E-02  2.933E+02  2.933E+02
  2.410E-01  2.746E-01  1.016E+05  2.106E-07  5.611E-02  2.933E+02  2.933E+02
  2.410E-01  2.809E-01  1.016E+05  2.747E-07  5.611E-02  2.932E+02  2.933E+02
  2.410E-01  2.872E-01  1.016E+05  3.150E-07  5.611E-02  2.932E+02  2.932E+02
  2.410E-01  2.935E-01  1.015E+05  4.711E-07  5.611E-02  2.932E+02  2.932E+02
  2.410E-01  2.998E-01  1.015E+05 -3.079E-07  5.611E-02  2.932E+02  2.932E+02
  2.410E-01  3.062E-01  1.015E+05 -2.545E-06  5.610E-02  2.932E+02  2.932E+02
  2.410E-01  3.125E-01  1.015E+05 -2.539E-06  5.610E-02  2.932E+02  2.932E+02
  2.410E-01  3.188E-01  1.015E+05 -3.035E-07  5.611E-02  2.931E+02  2.931E+02
  2.410E-01  3.251E-01  1.015E+05  5.054E-07  5.611E-02  2.931E+02  2.931E+02
  2.410E-01  3.314E-01  1.015E+05  3.327E-07  5.611E-02  2.931E+02  2.931E+02
  2.410E-01  3.377E-01  1.015E+05  2.537E-07  5.612E-02  2.931E+02  2.931E+02
  2.410E-01  3.440E-01  1.015E+05  1.154E-07  5.612E-02  2.931E+02  2.931E+02
  2.410E-01  3.503E-01  1.015E+05  1.356E-08  5.611E-02  2.931E+02  2.931E+02
  2.410E-01  3.567E-01  1.015E+05  2.155E-08  5.611E-02  2.931E+02  2.931E+02
  2.410E-01  3.630E-01  1.015E+05  6.241E-08  5.611E-02  2.931E+02  2.931E+02
  2.410E-01  3.693E-01  1.015E+05  1.155E-07  5.611E-02  2.931E+02  2.931E+02
  2.410E-01  3.756E-01  1.015E+05  3.412E-07  5.611E-02  2.931E+02  2.931E+02
  2.410E-01  3.819E-01  1.015E+05 -6.023E-07  5.612E-02  2.931E+02  2.931E+02
  2.410E-01  3.882E-01  1.014E+05 -1.876E-06  5.611E-02  2.930E+02  2.930E+02
  2.410E-01  3.945E-01  1.014E+05 -6.150E-07  5.611E-02  2.930E+02  2.930E+02
  2.410E-01  4.008E-01  1.014E+05  3.647E-07  5.611E-02  2.930E+02  2.930E+02
  2.410E-01  4.072E-01  1.014E+05  1.852E-07  5.611E-02  2.930E+02  2.930E+02
  2.410E-01  4.135E-01  1.014E+05  7.000E-08  5.611E-02  2.930E+02  2.930E+02
  2.410E-01  4.198E-01  1.014E+05 -2.915E-08  5.611E-02  2.930E+02  2.930E+02
  2.410E-01  4.261E-01  1.014E+05 -3.095E-08  5.612E-02  2.930E+02  2.930E+02
  2.410E-01  4.324E-01  1.014E+05  9.345E-09  5.611E-02  2.930E+02  2.930E+02
  2.410E-01  4.387E-01  1.014E+05  1.665E-08  5.611E-02  2.930E+02  2.930E+02
  2.410E-01  4.450E-01  1.014E+05  2.406E-08  5.611E-02  2.930E+02  2.930E+02
  2.410E-01  4.513E-01  1.014E+05  2.667E-08  5.611E-02  2.930E+02  2.930E+02
  2.410E-01  4.577E-01  1.014E+05  2.809E-08  5.611E-02  2.930E+02  2.930E+02
  2.410E-01  4.640E-01  1.014E+05  2.730E-08  5.612E-02  2.930E+02  2.930E+02
  2.410E-01  4.703E-01  1.014E+05  2.333E-08  5.610E-02  2.930E+02  2.930E+02
  2.410E-01  4.766E-01  1.014E+05  1.815E-08  5.614E-02  2.930E+02  2.930E+02
  2.410E-01  4.829E-01  1.013E+05  1.359E-08  5.609E-02  2.930E+02  2.930E+02
  2.410E-01  4.892E-01  1.013E+05  9.636E-09  5.575E-02  2.930E+02  2.930E+02
  2.410E-01  4.955E-01  1.013E+05  5.578E-09  5.796E-02  2.930E+02  2.930E+02
  2.410E-01  5.018E-01  1.013E+05  3.251E-09  6.500E-02  2.930E+02  2.930E+02
  2.410E-01  5.050E-01  1.013E+05  3.251E-09  6.500E-02  2.930E+02  2.930E+02
  2.693E-01  0.000E+00  1.019E+05  1.690E-05  6.500E-02  2.930E+02  2.932E+02
  2.693E-01  3.156E-03  1.019E+05  1.690E-05  5.079E-02  2.932E+02  2.932E+02
  2.693E-01  9.469E-03  1.019E+05  1.638E-05  5.586E-02  2.935E+02  2.935E+02
  2.693E-01  1.578E-02  1.019E+05  1.653E-05  5.625E-02  2.940E+02  2.939E+02
  2.693E-01  2.209E-02  1.019E+05  2.614E-05  5.627E-02  2.946E+02  2.946E+02
  2.693E-01  2.841E-02  1.019E+05  3.516E-05  5.628E-02  2.956E+02  2.955E+02
  2.693E-01  3.472E-02  1.019E+05  3.593E-05  5.639E-02  2.970E+02  2.968E+02
  2.693E-01  4.103E-02  1.018E+05  5.331E-05  5.647E-02  2.994E+02  2.991E+02
  2.693E-01  4.734E-02  1.018E+05  6.166E-05  5.657E-02  3.031E+02  3.026E+02
  2.693E-01  5.366E-02  1.018E+05  6.016E-05  5.670E-02  3.091E+02  3.083E+02
  2.693E-01  5.997E-02  1.018E+05  6.661E-05  5.686E-02  3.183E+02  3.171E+02
  2.693E-01  6.628E-02  1.018E+05  6.466E-05  5.708E-02  3.323E+02  3.305E+02
  2.693E-01  7.259E-02  1.018E+05  4.565E-05  5.736E-02  3.527E+02  3.501E+02
  2.693E-01  7.891E-02  1.018E+05  3.444E-06  5.783E-02  3.814E+02  3.779E+02
  2.693E-01  8.522E-02  1.018E+05 -6.911E-05  5.843E-02  4.205E+02  4.159E+02
  2.693E-01  9.153E-02  1.018E+05 -1.397E-04  5.951E-02  4.719E+02  4.661E+02
  2.693E-01  9.784E-02  1.018E+05 -1.972E-04  6.111E-02  5.380E+02  5.310E+02
  2.693E-01  1.042E-01  1.018E+05 -1.940E-04  5.916E-02  6.278E+02  6.256E+02
  2.693E-01  1.105E-01  1.018E+05 -8.571E-05  6.001E-02  5.853E+02  5.892E+02
  2.693E-01  1.168E-01  1.017E+05  3.358E-05  5.821E-02  5.293E+02  5.354E+02
  2.693E-01  1.231E-01  1.017E+05  7.835E-05  5.703E-02  4.739E+02  4.805E+02
  2.693E-01  1.294E-01  1.017E+05  5.850E-05  5.662E-02  4.257E+02  4.318E+02
  2.693E-01  1.357E-01  1.017E+05  2.619E-05  5.651E-02  3.870E+02  3.922E+02
  2.693E-01  1.420E-01  1.017E+05  4.283E-07  5.643E-02  3.576E+02  3.618E+02
  2.693E-01  1.483E-01  1.017E+05 -1.721E-05  5.643E-02  3.363E+02  3.395E+02
  2.693E-01  1.547E-01  1.017E+05 -2.608E-05  5.638E-02  3.214E+02  3.237E+02
  2.693E-01  1.610E-01  1.017E+05 -2.630E-05  5.633E-02  3.113E+02  3.129E+02
  2.693E-01  1.673E-01  1.017E+05 -2.453E-05  5.630E-02  3.047E+02  3.057E+02
  2.693E-01  1.736E-01  1.017E+05 -6.162E-06  5.627E-02  3.004E+02  3.011E+02
  2.693E-01  1.799E-01  1.017E+05 -4.927E-06  5.623E-02  2.978E+02  2.982E+02
  2.693E-01  1.862E-01  1.017E+05 -5.073E-06  5.619E-02  2.961E+02  2.964E+02
  2.693E-01  1.925E-01  1.017E+05  3.607E-06  5.617E-02  2.951E+02  2.953E+02
  2.693E-01  1.988E-01  1.016E+05  3.719E-06  5.615E-02  2.945E+02  2.946E+02
  2.693E-01  2.052E-01  1.016E+05  2.868E-06  5.613E-02  2.942E+02  2.942E+02
  2.693E-01  2.115E-01  1.016E+05  2.497E-06  5.613E-02  2.939E+02  2.940E+02
  2.693E-01  2.178E-01  1.016E+05  1.035E-06  5.612E-02  2.938E+02  2.938E+02
  2.693E-01  2.241E-01  1.016E+05 -7.848E-06  5.612E-02  2.936E+02  2.937E+02
  2.693E-01  2.304E-01  1.016E+05  5.531E-07  5.612E-02  2.936E+02  2.936E+02
  2.693E-01  2.367E-01  1.016E+05  1.283E-06  5.612E-02  2.935E+02  2.935E+02
  2.693E-01  2.430E-01  1.016E+05  8.336E-07  5.612E-02  2.934E+02  2.935E+02
  2.693E-01  2.493E-01  1.016E+05  7.010E-07  5.611E-02  2.934E+02  2.934E+02
  2.693E-01  2.557E-01  1.016E+05  5.734E-07  5.611E-02  2.934E+02  2.934E+02
  2.693E-01  2.620E-01  1.016E+05  4.800E-07  5.611E-02  2.933E+02  2.933E+02
  2.693E-01  2.683E-01  1.016E+05  4.113E-07  5.611E-02  2.933E+02  2.933E+02
  2.693E-01  2.746E-01  1.016E+05  3.597E-07  5.611E-02  2.933E+02  2.933E+02
  2.693E-01  2.809E-01  1.016E+05  3.076E-07  5.611E-02  2.932E+02  2.933E+02
  2.693E-01  2.872E-01  1.016E+05  2.572E-07  5.611E-02  2.932E+02  2.932E+02
  2.693E-01  2.935E-01  1.015E+05  4.054E-07  5.611E-02  2.932E+02  2.932E+02
  2.693E-01  2.998E-01  1.015E+05 -5.849E-07  5.610E-02  2.932E+02  2.932E+02
  2.693E-01  3.062E-01  1.015E+05 -9.225E-06  5.610E-02  2.932E+02  2.932E+02
  2.693E-01  3.125E-01  1.015E+05 -7.192E-07  5.611E-02  2.932E+02  2.932E+02
  2.693E-01  3.188E-01  1.015E+05  2.159E-08  5.612E-02  2.931E+02  2.931E+02
  2.693E-01  3.251E-01  1.015E+05  7.780E-07  5.611E-02  2.931E+02  2.931E+02
  2.693E-01  3.314E-01  1.015E+05  9.397E-06  5.611E-02  2.931E+02  2.931E+02
  2.693E-01  3.377E-01  1.015E+05  7.774E-07  5.611E-02  2.931E+02  2.931E+02
  2.693E-01  3.440E-01  1.015E+05 -2.234E-07  5.611E-02  2.931E+02  2.931E+02
  2.693E-01  3.503E-01  1.015E+05 -3.949E-08  5.611E-02  2.931E+02  2.931E+02
  2.693E-01  3.567E-01  1.015E+05  3.013E-08  5.611E-02  2.931E+02  2.931E+02
  2.693E-01  3.630E-01  1.015E+05  9.906E-08  5.612E-02  2.931E+02  2.931E+02
  2.693E-01  3.693E-01  1.015E+05  1.624E-07  5.611E-02  2.931E+02  2.931E+02
  2.693E-01  3.756E-01  1.015E+05  4.155E-07  5.611E-02  2.931E+02  2.931E+02
  2.693E-01  3.819E-01  1.015E+05 -4.825E-07  5.611E-02  2.931E+02  2.931E+02
  2.693E-01  3.882E-01  1.014E+05 -9.042E-06  5.611E-02  2.930E+02  2.930E+02
  2.693E-01  3.945E-01  1.014E+05 -4.971E-07  5.612E-02  2.930E+02  2.930E+02
  2.693E-01  4.008E-01  1.014E+05  4.858E-07  5.611E-02  2.930E+02  2.930E+02
  2.693E-01  4.072E-01  1.014E+05  3.232E-07  5.611E-02  2.930E+02  2.930E+02
  2.693E-01  4.135E-01  1.014E+05  2.001E-07  5.611E-02  2.930E+02  2.930E+02
  2.693E-01  4.198E-01  1.014E+05  1.090E-07  5.611E-02  2.930E+02  2.930E+02
  2.693E-01  4.261E-01  1.014E+05  6.995E-08  5.612E-02  2.930E+02  2.930E+02
  2.693E-01  4.324E-01  1.014E+05  6.991E-08  5.611E-02  2.930E+02  2.930E+02
  2.693E-01  4.387E-01  1.014E+05  5.577E-08  5.611E-02  2.930E+02  2.930E+02
  2.693E-01  4.450E-01  1.014E+05  4.684E-08  5.611E-02  2.930E+02  2.930E+02
  2.693E-01  4.513E-01  1.014E+05  3.836E-08  5.611E-02  2.930E+02  2.930E+02
  2.693E-01  4.577E-01  1.014E+05  3.134E-08  5.611E-02  2.930E+02  2.930E+02
  2.693E-01  4.640E-01  1.014E+05  2.529E-08  5.612E-02  2.930E+02  2.930E+02
  2.693E-01  4.703E-01  1.014E+05  1.998E-08  5.610E-02  2.930E+02  2.930E+02
  2.693E-01  4.766E-01  1.014E+05  1.532E-08  5.614E-02  2.930E+02  2.930E+02
  2.693E-01  4.829E-01  1.013E+05  1.126E-08  5.609E-02  2.930E+02  2.930E+02
  2.693E-01  4.892E-01  1.013E+05  7.813E-09  5.575E-02  2.930E+02  2.930E+02
  2.693E-01  4.955E-01  1.013E+05  4.585E-09  5.796E-02  2.930E+02  2.930E+02
  2.693E-01  5.018E-01  1.013E+05  2.726E-09  6.500E-02  2.930E+02  2.930E+02
  2.693E-01  5.050E-01  1.013E+05  2.726E-09  6.500E-02  2.930E+02  2.930E+02
  2.835E-01  0.000E+00  1.019E+05  1.690E-05  6.500E-02  2.930E+02  2.932E+02
  2.835E-01  3.156E-03  1.019E+05  0.000E+00  0.000E+00  2.932E+02  2.932E+02
  2.835E-01  9.469E-03  1.019E+05  0.000E+00  0.000E+00  2.935E+02  2.935E+02
  2.835E-01  1.578E-02  1.019E+05  0.000E+00  0.000E+00  2.940E+02  2.939E+02
  2.835E-01  2.209E-02  1.019E+05  0.000E+00  0.000E+00  2.946E+02  2.946E+02
  2.835E-01  2.841E-02  1.019E+05  0.000E+00  0.000E+00  2.956E+02  2.955E+02
  2.835E-01  3.472E-02  1.019E+05  0.000E+00  0.000E+00  2.970E+02  2.968E+02
  2.835E-01  4.103E-02  1.018E+05  0.000E+00  0.000E+00  2.994E+02  2.991E+02
  2.835E-01  4.734E-02  1.018E+05  0.000E+00  0.000E+00  3.031E+02  3.026E+02
  2.835E-01  5.366E-02  1.018E+05  0.000E+00  0.000E+00  3.091E+02  3.083E+02
  2.835E-01  5.997E-02  1.018E+05  0.000E+00  0.000E+00  3.183E+02  3.171E+02
  2.835E-01  6.628E-02  1.018E+05  0.000E+00  0.000E+00  3.323E+02  3.305E+02
  2.835E-01  7.259E-02  1.018E+05  0.000E+00  0.000E+00  3.527E+02  3.501E+02
  2.835E-01  7.891E-02  1.018E+05  0.000E+00  0.000E+00  3.814E+02  3.779E+02
  2.835E-01  8.522E-02  1.018E+05  0.000E+00  0.000E+00  4.205E+02  4.159E+02
  2.835E-01  9.153E-02  1.018E+05  0.000E+00  0.000E+00  4.719E+02  4.661E+02
  2.835E-01  9.784E-02  1.018E+05  0.000E+00  0.000E+00  5.380E+02  5.310E+02
  2.835E-01  1.042E-01  1.018E+05  0.000E+00  0.000E+00  6.278E+02  6.256E+02
  2.835E-01  1.105E-01  1.018E+05  0.000E+00  0.000E+00  5.853E+02  5.892E+02
  2.835E-01  1.168E-01  1.017E+05  0.000E+00  0.000E+00  5.293E+02  5.354E+02
  2.835E-01  1.231E-01  1.017E+05  0.000E+00  0.000E+00  4.739E+02  4.805E+02
  2.835E-01  1.294E-01  1.017E+05  0.000E+00  0.000E+00  4.257E+02  4.318E+02
  2.835E-01  1.357E-01  1.017E+05  0.000E+00  0.000E+00  3.870E+02  3.922E+02
  2.835E-01  1.420E-01  1.017E+05  0.000E+00  0.000E+00  3.576E+02  3.618E+02
  2.835E-01  1.483E-01  1.017E+05  0.000E+00  0.000E+00  3.363E+02  3.395E+02
  2.835E-01  1.547E-01  1.017E+05  0.000E+00  0.000E+00  3.214E+02  3.237E+02
  2.835E-01  1.610E-01  1.017E+05  0.000E+00  0.000E+00  3.113E+02  3.129E+02
  2.835E-01  1.673E-01  1.017E+05  0.000E+00  0.000E+00  3.047E+02  3.057E+02
  2.835E-01  1.736E-01  1.017E+05  0.000E+00  0.000E+00  3.004E+02  3.011E+02
  2.835E-01  1.799E-01  1.017E+05  0.000E+00  0.000E+00  2.978E+02  2.982E+02
  2.835E-01  1.862E-01  1.017E+05  0.000E+00  0.000E+00  2.961E+02  2.964E+02
  2.835E-01  1.925E-01  1.017E+05  0.000E+00  0.000E+00  2.951E+02  2.953E+02
  2.835E-01  1.988E-01  1.016E+05  0.000E+00  0.000E+00  2.945E+02  2.946E+02
  2.835E-01  2.052E-01  1.016E+05  0.000E+00  0.000E+00  2.942E+02  2.942E+02
  2.835E-01  2.115E-01  1.016E+05  0.000E+00  0.000E+00  2.939E+02  2.940E+02
  2.835E-01  2.178E-01  1.016E+05  0.000E+00  0.000E+00  2.938E+02  2.938E+02
  2.835E-01  2.241E-01  1.016E+05  0.000E+00  0.000E+00  2.936E+02  2.937E+02
  2.835E-01  2.304E-01  1.016E+05  0.000E+00  0.000E+00  2.936E+02  2.936E+02
  2.835E-01  2.367E-01  1.016E+05  0.000E+00  0.000E+00  2.935E+02  2.935E+02
  2.835E-01  2.430E-01  1.016E+05  0.000E+00  0.000E+00  2.934E+02  2.935E+02
  2.835E-01  2.493E-01  1.016E+05  0.000E+00  0.000E+00  2.934E+02  2.934E+02
  2.835E-01  2.557E-01  1.016E+05  0.000E+00  0.000E+00  2.934E+02  2.934E+02
  2.835E-01  2.620E-01  1.016E+05  0.000E+00  0.000E+00  2.933E+02  2.933E+02
  2.835E-01  2.683E-01  1.016E+05  0.000E+00  0.000E+00  2.933E+02  2.933E+02
  2.835E-01  2.746E-01  1.016E+05  0.000E+00  0.000E+00  2.933E+02  2.933E+02
  2.835E-01  2.809E-01  1.016E+05  0.000E+00  0.000E+00  2.932E+02  2.933E+02
  2.835E-01  2.872E-01  1.016E+05  0.000E+00  0.000E+00  2.932E+02  2.932E+02
  2.835E-01  2.935E-01  1.015E+05  0.000E+00  0.000E+00  2.932E+02  2.932E+02
  2.835E-01  2.998E-01  1.015E+05  0.000E+00  0.000E+00  2.932E+02  2.932E+02
  2.835E-01  3.062E-01  1.015E+05  0.000E+00  0.000E+00  2.932E+02  2.932E+02
  2.835E-01  3.125E-01  1.015E+05  0.000E+00  0.000E+00  2.932E+02  2.932E+02
  2.835E-01  3.188E-01  1.015E+05  0.000E+00  0.000E+00  2.931E+02  2.931E+02
  2.835E-01  3.251E-01  1.015E+05  0.000E+00  0.000E+00  2.931E+02  2.931E+02
  2.835E-01  3.314E-01  1.015E+05  0.000E+00  0.000E+00  2.931E+02  2.931E+02
  2.835E-01  3.377E-01  1.015E+05  0.000E+00  0.000E+00  2.931E+02  2.931E+02
  2.835E-01  3.440E-01  1.015E+05  0.000E+00  0.000E+00  2.931E+02  2.931E+02
  2.835E-01  3.503E-01  1.015E+05  0.000E+00  0.000E+00  2.931E+02  2.931E+02
  2.835E-01  3.567E-01  1.015E+05  0.000E+00  0.000E+00  2.931E+02  2.931E+02
  2.835E-01  3.630E-01  1.015E+05  0.000E+00  0.000E+00  2.931E+02  2.931E+02
  2.835E-01  3.693E-01  1.015E+05  0.000E+00  0.000E+00  2.931E+02  2.931E+02
  2.835E-01  3.756E-01  1.015E+05  0.000E+00  0.000E+00  2.931E+02  2.931E+02
  2.835E-01  3.819E-01  1.015E+05  0.000E+00  0.000E+00  2.931E+02  2.931E+02
  2.835E-01  3.882E-01  1.014E+05  0.000E+00  0.000E+00  2.930E+02  2.930E+02
  2.835E-01  3.945E-01  1.014E+05  0.000E+00  0.000E+00  2.930E+02  2.930E+02
  2.835E-01  4.008E-01  1.014E+05  0.000E+00  0.000E+00  2.930E+02  2.930E+02
  2.835E-01  4.072E-01  1.014E+05  0.000E+00  0.000E+00  2.930E+02  2.930E+02
  2.835E-01  4.135E-01  1.014E+05  0.000E+00  0.000E+00  2.930E+02  2.930E+02
  2.835E-01  4.198E-01  1.014E+05  0.000E+00  0.000E+00  2.930E+02  2.930E+02
  2.835E-01  4.261E-01  1.014E+05  0.000E+00  0.000E+00  2.930E+02  2.930E+02
  2.835E-01  4.324E-01  1.014E+05  0.000E+00  0.000E+00  2.930E+02  2.930E+02
  2.835E-01  4.387E-01  1.014E+05  0.000E+00  0.000E+00  2.930E+02  2.930E+02
  2.835E-01  4.450E-01  1.014E+05  0.000E+00  0.000E+00  2.930E+02  2.930E+02
  2.835E-01  4.513E-01  1.014E+05  0.000E+00  0.000E+00  2.930E+02  2.930E+02
  2.835E-01  4.577E-01  1.014E+05  0.000E+00  0.000E+00  2.930E+02  2.930E+02
  2.835E-01  4.640E-01  1.014E+05  0.000E+00  0.000E+00  2.930E+02  2.930E+02
  2.835E-01  4.703E-01  1.014E+05  0.000E+00  0.000E+00  2.930E+02  2.930E+02
  2.835E-01  4.766E-01  1.014E+05  0.000E+00  0.000E+00  2.930E+02  2.930E+02
  2.835E-01  4.829E-01  1.013E+05  0.000E+00  0.000E+00  2.930E+02  2.930E+02
  2.835E-01  4.892E-01  1.013E+05  0.000E+00  0.000E+00  2.930E+02  2.930E+02
  2.835E-01  4.955E-01  1.013E+05  0.000E+00  0.000E+00  2.930E+02  2.930E+02
  2.835E-01  5.018E-01  1.013E+05  0.000E+00  0.000E+00  2.930E+02  2.930E+02
  2.835E-01  5.050E-01  1.013E+05  2.726E-09  6.500E-02  2.930E+02  2.930E+02
