VARIABLES="XP","YP","P","U","V","TS","TF"
ZONE T="Zone 001"I=    82 J=    12 F=POINT
  0.000E+00  0.000E+00  1.020E+05  0.000E+00  0.000E+00  2.930E+02  2.930E+02
  0.000E+00  3.156E-03  1.020E+05  0.000E+00  0.000E+00  2.930E+02  2.930E+02
  0.000E+00  9.469E-03  1.020E+05  0.000E+00  0.000E+00  2.930E+02  2.930E+02
  0.000E+00  1.578E-02  1.020E+05  0.000E+00  0.000E+00  2.930E+02  2.930E+02
  0.000E+00  2.209E-02  1.020E+05  0.000E+00  0.000E+00  2.930E+02  2.930E+02
  0.000E+00  2.841E-02  1.020E+05  0.000E+00  0.000E+00  2.931E+02  2.931E+02
  0.000E+00  3.472E-02  1.020E+05  0.000E+00  0.000E+00  2.931E+02  2.931E+02
  0.000E+00  4.103E-02  1.019E+05  0.000E+00  0.000E+00  2.932E+02  2.932E+02
  0.000E+00  4.734E-02  1.019E+05  0.000E+00  0.000E+00  2.933E+02  2.933E+02
  0.000E+00  5.366E-02  1.019E+05  0.000E+00  0.000E+00  2.934E+02  2.934E+02
  0.000E+00  5.997E-02  1.019E+05  0.000E+00  0.000E+00  2.937E+02  2.937E+02
  0.000E+00  6.628E-02  1.019E+05  0.000E+00  0.000E+00  2.941E+02  2.940E+02
  0.000E+00  7.259E-02  1.019E+05  0.000E+00  0.000E+00  2.947E+02  2.946E+02
  0.000E+00  7.891E-02  1.019E+05  0.000E+00  0.000E+00  2.955E+02  2.954E+02
  0.000E+00  8.522E-02  1.019E+05  0.000E+00  0.000E+00  2.968E+02  2.966E+02
  0.000E+00  9.153E-02  1.019E+05  0.000E+00  0.000E+00  2.986E+02  2.983E+02
  0.000E+00  9.784E-02  1.019E+05  0.000E+00  0.000E+00  3.010E+02  3.007E+02
  0.000E+00  1.042E-01  1.019E+05  0.000E+00  0.000E+00  3.044E+02  3.039E+02
  0.000E+00  1.105E-01  1.019E+05  0.000E+00  0.000E+00  3.088E+02  3.081E+02
  0.000E+00  1.168E-01  1.019E+05  0.000E+00  0.000E+00  3.145E+02  3.136E+02
  0.000E+00  1.231E-01  1.018E+05  0.000E+00  0.000E+00  3.215E+02  3.204E+02
  0.000E+00  1.294E-01  1.018E+05  0.000E+00  0.000E+00  3.300E+02  3.288E+02
  0.000E+00  1.357E-01  1.018E+05  0.000E+00  0.000E+00  3.400E+02  3.385E+02
  0.000E+00  1.420E-01  1.018E+05  0.000E+00  0.000E+00  3.512E+02  3.495E+02
  0.000E+00  1.483E-01  1.018E+05  0.000E+00  0.000E+00  3.635E+02  3.616E+02
  0.000E+00  1.547E-01  1.018E+05  0.000E+00  0.000E+00  3.763E+02  3.744E+02
  0.000E+00  1.610E-01  1.018E+05  0.000E+00  0.000E+00  3.892E+02  3.873E+02
  0.000E+00  1.673E-01  1.018E+05  0.000E+00  0.000E+00  4.015E+02  3.997E+02
  0.000E+00  1.736E-01  1.018E+05  0.000E+00  0.000E+00  4.128E+02  4.112E+02
  0.000E+00  1.799E-01  1.018E+05  0.000E+00  0.000E+00  4.224E+02  4.210E+02
  0.000E+00  1.862E-01  1.018E+05  0.000E+00  0.000E+00  4.299E+02  4.288E+02
  0.000E+00  1.925E-01  1.017E+05  0.000E+00  0.000E+00  4.348E+02  4.341E+02
  0.000E+00  1.988E-01  1.017E+05  0.000E+00  0.000E+00  4.371E+02  4.367E+02
  0.000E+00  2.052E-01  1.017E+05  0.000E+00  0.000E+00  4.366E+02  4.366E+02
  0.000E+00  2.115E-01  1.017E+05  0.000E+00  0.000E+00  4.336E+02  4.340E+02
  0.000E+00  2.178E-01  1.017E+05  0.000E+00  0.000E+00  4.283E+02  4.290E+02
  0.000E+00  2.241E-01  1.017E+05  0.000E+00  0.000E+00  4.210E+02  4.220E+02
  0.000E+00  2.304E-01  1.017E+05  0.000E+00  0.000E+00  4.122E+02  4.134E+02
  0.000E+00  2.367E-01  1.017E+05  0.000E+00  0.000E+00  4.024E+02  4.037E+02
  0.000E+00  2.430E-01  1.017E+05  0.000E+00  0.000E+00  3.919E+02  3.934E+02
  0.000E+00  2.493E-01  1.017E+05  0.000E+00  0.000E+00  3.812E+02  3.828E+02
  0.000E+00  2.557E-01  1.016E+05  0.000E+00  0.000E+00  3.707E+02  3.723E+02
  0.000E+00  2.620E-01  1.016E+05  0.000E+00  0.000E+00  3.606E+02  3.621E+02
  0.000E+00  2.683E-01  1.016E+05  0.000E+00  0.000E+00  3.511E+02  3.526E+02
  0.000E+00  2.746E-01  1.016E+05  0.000E+00  0.000E+00  3.425E+02  3.438E+02
  0.000E+00  2.809E-01  1.016E+05  0.000E+00  0.000E+00  3.346E+02  3.359E+02
  0.000E+00  2.872E-01  1.016E+05  0.000E+00  0.000E+00  3.277E+02  3.288E+02
  0.000E+00  2.935E-01  1.016E+05  0.000E+00  0.000E+00  3.216E+02  3.226E+02
  0.000E+00  2.998E-01  1.016E+05  0.000E+00  0.000E+00  3.164E+02  3.173E+02
  0.000E+00  3.062E-01  1.016E+05  0.000E+00  0.000E+00  3.120E+02  3.127E+02
  0.000E+00  3.125E-01  1.016E+05  0.000E+00  0.000E+00  3.083E+02  3.089E+02
  0.000E+00  3.188E-01  1.016E+05  0.000E+00  0.000E+00  3.052E+02  3.057E+02
  0.000E+00  3.251E-01  1.015E+05  0.000E+00  0.000E+00  3.027E+02  3.031E+02
  0.000E+00  3.314E-01  1.015E+05  0.000E+00  0.000E+00  3.006E+02  3.009E+02
  0.000E+00  3.377E-01  1.015E+05  0.000E+00  0.000E+00  2.990E+02  2.992E+02
  0.000E+00  3.440E-01  1.015E+05  0.000E+00  0.000E+00  2.976E+02  2.979E+02
  0.000E+00  3.503E-01  1.015E+05  0.000E+00  0.000E+00  2.966E+02  2.968E+02
  0.000E+00  3.567E-01  1.015E+05  0.000E+00  0.000E+00  2.958E+02  2.959E+02
  0.000E+00  3.630E-01  1.015E+05  0.000E+00  0.000E+00  2.952E+02  2.953E+02
  0.000E+00  3.693E-01  1.015E+05  0.000E+00  0.000E+00  2.947E+02  2.948E+02
  0.000E+00  3.756E-01  1.015E+05  0.000E+00  0.000E+00  2.943E+02  2.944E+02
  0.000E+00  3.819E-01  1.015E+05  0.000E+00  0.000E+00  2.940E+02  2.941E+02
  0.000E+00  3.882E-01  1.015E+05  0.000E+00  0.000E+00  2.938E+02  2.938E+02
  0.000E+00  3.945E-01  1.015E+05  0.000E+00  0.000E+00  2.936E+02  2.937E+02
  0.000E+00  4.008E-01  1.015E+05  0.000E+00  0.000E+00  2.935E+02  2.935E+02
  0.000E+00  4.072E-01  1.014E+05  0.000E+00  0.000E+00  2.934E+02  2.934E+02
  0.000E+00  4.135E-01  1.014E+05  0.000E+00  0.000E+00  2.933E+02  2.933E+02
  0.000E+00  4.198E-01  1.014E+05  0.000E+00  0.000E+00  2.933E+02  2.933E+02
  0.000E+00  4.261E-01  1.014E+05  0.000E+00  0.000E+00  2.932E+02  2.932E+02
  0.000E+00  4.324E-01  1.014E+05  0.000E+00  0.000E+00  2.932E+02  2.932E+02
  0.000E+00  4.387E-01  1.014E+05  0.000E+00  0.000E+00  2.932E+02  2.932E+02
  0.000E+00  4.450E-01  1.014E+05  0.000E+00  0.000E+00  2.931E+02  2.931E+02
  0.000E+00  4.513E-01  1.014E+05  0.000E+00  0.000E+00  2.931E+02  2.931E+02
  0.000E+00  4.577E-01  1.014E+05  0.000E+00  0.000E+00  2.931E+02  2.931E+02
  0.000E+00  4.640E-01  1.014E+05  0.000E+00  0.000E+00  2.931E+02  2.931E+02
  0.000E+00  4.703E-01  1.014E+05  0.000E+00  0.000E+00  2.931E+02  2.931E+02
  0.000E+00  4.766E-01  1.014E+05  0.000E+00  0.000E+00  2.931E+02  2.931E+02
  0.000E+00  4.829E-01  1.014E+05  0.000E+00  0.000E+00  2.931E+02  2.931E+02
  0.000E+00  4.892E-01  1.013E+05  0.000E+00  0.000E+00  2.931E+02  2.931E+02
  0.000E+00  4.955E-01  1.013E+05  0.000E+00  0.000E+00  2.931E+02  2.931E+02
  0.000E+00  5.018E-01  1.013E+05  0.000E+00  0.000E+00  2.930E+02  2.930E+02
  0.000E+00  5.050E-01  1.013E+05  0.000E+00  0.000E+00  2.930E+02  2.930E+02
  1.417E-02  0.000E+00  1.020E+05 -2.385E-08  6.500E-02  2.930E+02  2.930E+02
  1.417E-02  3.156E-03  1.020E+05 -2.385E-08  6.501E-02  2.930E+02  2.930E+02
  1.417E-02  9.469E-03  1.020E+05 -5.756E-08  6.500E-02  2.930E+02  2.930E+02
  1.417E-02  1.578E-02  1.020E+05 -6.702E-08  6.499E-02  2.930E+02  2.930E+02
  1.417E-02  2.209E-02  1.020E+05 -2.692E-07  6.499E-02  2.930E+02  2.930E+02
  1.417E-02  2.841E-02  1.020E+05  6.299E-07  6.500E-02  2.931E+02  2.931E+02
  1.417E-02  3.472E-02  1.020E+05  8.998E-06  6.501E-02  2.931E+02  2.931E+02
  1.417E-02  4.103E-02  1.019E+05  6.599E-07  6.501E-02  2.932E+02  2.932E+02
  1.417E-02  4.734E-02  1.019E+05 -2.639E-07  6.500E-02  2.933E+02  2.933E+02
  1.417E-02  5.366E-02  1.019E+05 -2.886E-08  6.502E-02  2.934E+02  2.934E+02
  1.417E-02  5.997E-02  1.019E+05  9.144E-10  6.503E-02  2.937E+02  2.937E+02
  1.417E-02  6.628E-02  1.019E+05  5.202E-08  6.503E-02  2.941E+02  2.940E+02
  1.417E-02  7.259E-02  1.019E+05  9.055E-08  6.505E-02  2.947E+02  2.946E+02
  1.417E-02  7.891E-02  1.019E+05  1.216E-07  6.507E-02  2.955E+02  2.954E+02
  1.417E-02  8.522E-02  1.019E+05  1.487E-07  6.510E-02  2.968E+02  2.966E+02
  1.417E-02  9.153E-02  1.019E+05  1.730E-07  6.514E-02  2.986E+02  2.983E+02
  1.417E-02  9.784E-02  1.019E+05  1.947E-07  6.519E-02  3.010E+02  3.007E+02
  1.417E-02  1.042E-01  1.019E+05  2.124E-07  6.526E-02  3.044E+02  3.039E+02
  1.417E-02  1.105E-01  1.019E+05  2.221E-07  6.533E-02  3.088E+02  3.081E+02
  1.417E-02  1.168E-01  1.019E+05  2.238E-07  6.543E-02  3.145E+02  3.136E+02
  1.417E-02  1.231E-01  1.018E+05  2.148E-07  6.553E-02  3.215E+02  3.204E+02
  1.417E-02  1.294E-01  1.018E+05  1.919E-07  6.561E-02  3.300E+02  3.288E+02
  1.417E-02  1.357E-01  1.018E+05  1.492E-07  6.566E-02  3.400E+02  3.385E+02
  1.417E-02  1.420E-01  1.018E+05  1.013E-07  6.569E-02  3.512E+02  3.495E+02
  1.417E-02  1.483E-01  1.018E+05  2.237E-08  6.573E-02  3.635E+02  3.616E+02
  1.417E-02  1.547E-01  1.018E+05 -3.018E-08  6.573E-02  3.763E+02  3.744E+02
  1.417E-02  1.610E-01  1.018E+05 -5.582E-08  6.568E-02  3.892E+02  3.873E+02
  1.417E-02  1.673E-01  1.018E+05 -1.018E-07  6.560E-02  4.015E+02  3.997E+02
  1.417E-02  1.736E-01  1.018E+05 -1.427E-07  6.552E-02  4.128E+02  4.112E+02
  1.417E-02  1.799E-01  1.018E+05 -2.022E-07  6.542E-02  4.224E+02  4.210E+02
  1.417E-02  1.862E-01  1.018E+05 -2.715E-07  6.529E-02  4.299E+02  4.288E+02
  1.417E-02  1.925E-01  1.017E+05 -2.209E-07  6.515E-02  4.348E+02  4.341E+02
  1.417E-02  1.988E-01  1.017E+05 -1.764E-07  6.502E-02  4.371E+02  4.367E+02
  1.417E-02  2.052E-01  1.017E+05 -1.565E-07  6.489E-02  4.366E+02  4.366E+02
  1.417E-02  2.115E-01  1.017E+05  2.607E-08  6.477E-02  4.336E+02  4.340E+02
  1.417E-02  2.178E-01  1.017E+05 -6.479E-07  6.468E-02  4.283E+02  4.290E+02
  1.417E-02  2.241E-01  1.017E+05 -7.139E-06  6.459E-02  4.210E+02  4.220E+02
  1.417E-02  2.304E-01  1.017E+05 -6.195E-07  6.450E-02  4.122E+02  4.134E+02
  1.417E-02  2.367E-01  1.017E+05  3.360E-07  6.444E-02  4.024E+02  4.037E+02
  1.417E-02  2.430E-01  1.017E+05 -5.376E-07  6.443E-02  3.919E+02  3.934E+02
  1.417E-02  2.493E-01  1.017E+05 -7.529E-06  6.441E-02  3.812E+02  3.828E+02
  1.417E-02  2.557E-01  1.016E+05 -5.759E-07  6.441E-02  3.707E+02  3.723E+02
  1.417E-02  2.620E-01  1.016E+05  2.276E-07  6.442E-02  3.606E+02  3.621E+02
  1.417E-02  2.683E-01  1.016E+05  4.808E-08  6.443E-02  3.511E+02  3.526E+02
  1.417E-02  2.746E-01  1.016E+05  6.737E-08  6.448E-02  3.425E+02  3.438E+02
  1.417E-02  2.809E-01  1.016E+05  3.269E-08  6.453E-02  3.346E+02  3.359E+02
  1.417E-02  2.872E-01  1.016E+05  2.471E-08  6.458E-02  3.277E+02  3.288E+02
  1.417E-02  2.935E-01  1.016E+05  1.757E-08  6.464E-02  3.216E+02  3.226E+02
  1.417E-02  2.998E-01  1.016E+05  1.408E-08  6.468E-02  3.164E+02  3.173E+02
  1.417E-02  3.062E-01  1.016E+05  1.316E-08  6.473E-02  3.120E+02  3.127E+02
  1.417E-02  3.125E-01  1.016E+05  1.699E-08  6.478E-02  3.083E+02  3.089E+02
  1.417E-02  3.188E-01  1.016E+05  2.003E-08  6.482E-02  3.052E+02  3.057E+02
  1.417E-02  3.251E-01  1.015E+05  3.951E-08  6.484E-02  3.027E+02  3.031E+02
  1.417E-02  3.314E-01  1.015E+05  1.867E-08  6.486E-02  3.006E+02  3.009E+02
  1.417E-02  3.377E-01  1.015E+05  1.555E-08  6.490E-02  2.990E+02  2.992E+02
  1.417E-02  3.440E-01  1.015E+05  1.011E-08  6.492E-02  2.976E+02  2.979E+02
  1.417E-02  3.503E-01  1.015E+05  7.020E-09  6.493E-02  2.966E+02  2.968E+02
  1.417E-02  3.567E-01  1.015E+05  3.935E-09  6.495E-02  2.958E+02  2.959E+02
  1.417E-02  3.630E-01  1.015E+05  2.025E-09  6.497E-02  2.952E+02  2.953E+02
  1.417E-02  3.693E-01  1.015E+05  5.771E-10  6.497E-02  2.947E+02  2.948E+02
  1.417E-02  3.756E-01  1.015E+05 -3.611E-10  6.497E-02  2.943E+02  2.944E+02
  1.417E-02  3.819E-01  1.015E+05 -9.370E-10  6.498E-02  2.940E+02  2.941E+02
  1.417E-02  3.882E-01  1.015E+05 -1.203E-09  6.500E-02  2.938E+02  2.938E+02
  1.417E-02  3.945E-01  1.015E+05 -1.236E-09  6.499E-02  2.936E+02  2.937E+02
  1.417E-02  4.008E-01  1.015E+05 -1.107E-09  6.499E-02  2.935E+02  2.935E+02
  1.417E-02  4.072E-01  1.014E+05 -8.378E-10  6.499E-02  2.934E+02  2.934E+02
  1.417E-02  4.135E-01  1.014E+05 -4.705E-10  6.499E-02  2.933E+02  2.933E+02
  1.417E-02  4.198E-01  1.014E+05 -5.912E-11  6.499E-02  2.933E+02  2.933E+02
  1.417E-02  4.261E-01  1.014E+05  3.738E-10  6.500E-02  2.932E+02  2.932E+02
  1.417E-02  4.324E-01  1.014E+05  7.817E-10  6.500E-02  2.932E+02  2.932E+02
  1.417E-02  4.387E-01  1.014E+05  1.146E-09  6.500E-02  2.932E+02  2.932E+02
  1.417E-02  4.450E-01  1.014E+05  1.473E-09  6.499E-02  2.931E+02  2.931E+02
  1.417E-02  4.513E-01  1.014E+05  1.747E-09  6.500E-02  2.931E+02  2.931E+02
  1.417E-02  4.577E-01  1.014E+05  1.943E-09  6.500E-02  2.931E+02  2.931E+02
  1.417E-02  4.640E-01  1.014E+05  2.052E-09  6.501E-02  2.931E+02  2.931E+02
  1.417E-02  4.703E-01  1.014E+05  2.094E-09  6.501E-02  2.931E+02  2.931E+02
  1.417E-02  4.766E-01  1.014E+05  2.043E-09  6.499E-02  2.931E+02  2.931E+02
  1.417E-02  4.829E-01  1.014E+05  1.901E-09  6.499E-02  2.931E+02  2.931E+02
  1.417E-02  4.892E-01  1.013E+05  1.666E-09  6.500E-02  2.931E+02  2.931E+02
  1.417E-02  4.955E-01  1.013E+05  1.283E-09  6.500E-02  2.931E+02  2.931E+02
  1.417E-02  5.018E-01  1.013E+05  1.014E-09  6.500E-02  2.930E+02  2.930E+02
  1.417E-02  5.050E-01  1.013E+05  1.014E-09  6.500E-02  2.930E+02  2.930E+02
  4.252E-02  0.000E+00  1.020E+05  1.846E-07  6.500E-02  2.930E+02  2.930E+02
  4.252E-02  3.156E-03  1.020E+05  1.846E-07  6.501E-02  2.930E+02  2.930E+02
  4.252E-02  9.469E-03  1.020E+05  1.683E-07  6.500E-02  2.930E+02  2.930E+02
  4.252E-02  1.578E-02  1.020E+05  2.085E-07  6.499E-02  2.930E+02  2.930E+02
  4.252E-02  2.209E-02  1.020E+05  5.971E-08  6.499E-02  2.930E+02  2.930E+02
  4.252E-02  2.841E-02  1.020E+05  1.016E-06  6.501E-02  2.931E+02  2.931E+02
  4.252E-02  3.472E-02  1.020E+05  2.211E-06  6.501E-02  2.931E+02  2.931E+02
  4.252E-02  4.103E-02  1.019E+05  9.340E-07  6.500E-02  2.932E+02  2.932E+02
  4.252E-02  4.734E-02  1.019E+05 -4.396E-08  6.500E-02  2.933E+02  2.933E+02
  4.252E-02  5.366E-02  1.019E+05  1.454E-07  6.502E-02  2.934E+02  2.934E+02
  4.252E-02  5.997E-02  1.019E+05  1.426E-07  6.503E-02  2.937E+02  2.937E+02
  4.252E-02  6.628E-02  1.019E+05  1.739E-07  6.503E-02  2.941E+02  2.940E+02
  4.252E-02  7.259E-02  1.019E+05  2.006E-07  6.505E-02  2.947E+02  2.946E+02
  4.252E-02  7.891E-02  1.019E+05  2.266E-07  6.507E-02  2.955E+02  2.954E+02
  4.252E-02  8.522E-02  1.019E+05  2.528E-07  6.510E-02  2.968E+02  2.966E+02
  4.252E-02  9.153E-02  1.019E+05  2.790E-07  6.514E-02  2.986E+02  2.983E+02
  4.252E-02  9.784E-02  1.019E+05  3.052E-07  6.520E-02  3.010E+02  3.006E+02
  4.252E-02  1.042E-01  1.019E+05  3.298E-07  6.526E-02  3.044E+02  3.039E+02
  4.252E-02  1.105E-01  1.019E+05  3.491E-07  6.534E-02  3.088E+02  3.081E+02
  4.252E-02  1.168E-01  1.019E+05  3.642E-07  6.543E-02  3.144E+02  3.136E+02
  4.252E-02  1.231E-01  1.018E+05  3.740E-07  6.553E-02  3.215E+02  3.204E+02
  4.252E-02  1.294E-01  1.018E+05  3.792E-07  6.562E-02  3.300E+02  3.287E+02
  4.252E-02  1.357E-01  1.018E+05  3.753E-07  6.566E-02  3.400E+02  3.385E+02
  4.252E-02  1.420E-01  1.018E+05  3.978E-07  6.569E-02  3.512E+02  3.495E+02
  4.252E-02  1.483E-01  1.018E+05  4.012E-07  6.573E-02  3.634E+02  3.616E+02
  4.252E-02  1.547E-01  1.018E+05  3.382E-07  6.573E-02  3.762E+02  3.744E+02
  4.252E-02  1.610E-01  1.018E+05  2.166E-07  6.569E-02  3.891E+02  3.872E+02
  4.252E-02  1.673E-01  1.018E+05  9.359E-08  6.561E-02  4.015E+02  3.997E+02
  4.252E-02  1.736E-01  1.018E+05  8.924E-09  6.552E-02  4.128E+02  4.112E+02
  4.252E-02  1.799E-01  1.018E+05 -8.406E-08  6.542E-02  4.224E+02  4.210E+02
  4.252E-02  1.862E-01  1.018E+05 -1.694E-07  6.529E-02  4.298E+02  4.287E+02
  4.252E-02  1.925E-01  1.017E+05 -1.735E-07  6.516E-02  4.348E+02  4.341E+02
  4.252E-02  1.988E-01  1.017E+05 -1.728E-07  6.502E-02  4.371E+02  4.367E+02
  4.252E-02  2.052E-01  1.017E+05 -1.995E-07  6.489E-02  4.366E+02  4.366E+02
  4.252E-02  2.115E-01  1.017E+05 -6.658E-08  6.477E-02  4.336E+02  4.340E+02
  4.252E-02  2.178E-01  1.017E+05 -8.041E-07  6.467E-02  4.283E+02  4.289E+02
  4.252E-02  2.241E-01  1.017E+05 -1.786E-06  6.459E-02  4.210E+02  4.220E+02
  4.252E-02  2.304E-01  1.017E+05 -8.262E-07  6.451E-02  4.122E+02  4.134E+02
  4.252E-02  2.367E-01  1.017E+05  1.013E-07  6.444E-02  4.024E+02  4.037E+02
  4.252E-02  2.430E-01  1.017E+05 -8.198E-07  6.442E-02  3.919E+02  3.934E+02
  4.252E-02  2.493E-01  1.017E+05 -1.867E-06  6.441E-02  3.812E+02  3.828E+02
  4.252E-02  2.557E-01  1.016E+05 -8.273E-07  6.441E-02  3.707E+02  3.723E+02
  4.252E-02  2.620E-01  1.016E+05  1.537E-08  6.442E-02  3.606E+02  3.622E+02
  4.252E-02  2.683E-01  1.016E+05 -1.326E-07  6.443E-02  3.512E+02  3.526E+02
  4.252E-02  2.746E-01  1.016E+05 -7.361E-08  6.448E-02  3.425E+02  3.438E+02
  4.252E-02  2.809E-01  1.016E+05 -1.127E-07  6.453E-02  3.346E+02  3.359E+02
  4.252E-02  2.872E-01  1.016E+05 -1.086E-07  6.458E-02  3.277E+02  3.288E+02
  4.252E-02  2.935E-01  1.016E+05 -1.142E-07  6.464E-02  3.216E+02  3.226E+02
  4.252E-02  2.998E-01  1.016E+05 -1.425E-07  6.468E-02  3.164E+02  3.173E+02
  4.252E-02  3.062E-01  1.016E+05 -1.737E-07  6.473E-02  3.120E+02  3.127E+02
  4.252E-02  3.125E-01  1.016E+05 -1.573E-07  6.478E-02  3.083E+02  3.089E+02
  4.252E-02  3.188E-01  1.016E+05 -1.482E-07  6.482E-02  3.052E+02  3.057E+02
  4.252E-02  3.251E-01  1.015E+05 -1.452E-07  6.484E-02  3.027E+02  3.031E+02
  4.252E-02  3.314E-01  1.015E+05 -1.380E-07  6.486E-02  3.006E+02  3.010E+02
  4.252E-02  3.377E-01  1.015E+05 -1.005E-07  6.490E-02  2.990E+02  2.992E+02
  4.252E-02  3.440E-01  1.015E+05 -8.390E-08  6.492E-02  2.976E+02  2.979E+02
  4.252E-02  3.503E-01  1.015E+05 -4.971E-08  6.493E-02  2.966E+02  2.968E+02
  4.252E-02  3.567E-01  1.015E+05 -5.848E-08  6.495E-02  2.958E+02  2.959E+02
  4.252E-02  3.630E-01  1.015E+05 -5.017E-08  6.497E-02  2.952E+02  2.953E+02
  4.252E-02  3.693E-01  1.015E+05 -4.539E-08  6.497E-02  2.947E+02  2.948E+02
  4.252E-02  3.756E-01  1.015E+05 -3.973E-08  6.497E-02  2.943E+02  2.944E+02
  4.252E-02  3.819E-01  1.015E+05 -3.450E-08  6.498E-02  2.940E+02  2.941E+02
  4.252E-02  3.882E-01  1.015E+05 -2.961E-08  6.500E-02  2.938E+02  2.938E+02
  4.252E-02  3.945E-01  1.015E+05 -2.511E-08  6.499E-02  2.936E+02  2.937E+02
  4.252E-02  4.008E-01  1.015E+05 -2.103E-08  6.499E-02  2.935E+02  2.935E+02
  4.252E-02  4.072E-01  1.014E+05 -1.734E-08  6.499E-02  2.934E+02  2.934E+02
  4.252E-02  4.135E-01  1.014E+05 -1.400E-08  6.499E-02  2.933E+02  2.933E+02
  4.252E-02  4.198E-01  1.014E+05 -1.101E-08  6.499E-02  2.933E+02  2.933E+02
  4.252E-02  4.261E-01  1.014E+05 -8.356E-09  6.500E-02  2.932E+02  2.932E+02
  4.252E-02  4.324E-01  1.014E+05 -6.041E-09  6.500E-02  2.932E+02  2.932E+02
  4.252E-02  4.387E-01  1.014E+05 -4.047E-09  6.500E-02  2.932E+02  2.932E+02
  4.252E-02  4.450E-01  1.014E+05 -2.337E-09  6.499E-02  2.931E+02  2.931E+02
  4.252E-02  4.513E-01  1.014E+05 -9.227E-10  6.500E-02  2.931E+02  2.931E+02
  4.252E-02  4.577E-01  1.014E+05  2.078E-10  6.500E-02  2.931E+02  2.931E+02
  4.252E-02  4.640E-01  1.014E+05  1.090E-09  6.501E-02  2.931E+02  2.931E+02
  4.252E-02  4.703E-01  1.014E+05  1.729E-09  6.501E-02  2.931E+02  2.931E+02
  4.252E-02  4.766E-01  1.014E+05  2.117E-09  6.499E-02  2.931E+02  2.931E+02
  4.252E-02  4.829E-01  1.014E+05  2.269E-09  6.499E-02  2.931E+02  2.931E+02
  4.252E-02  4.892E-01  1.013E+05  2.194E-09  6.500E-02  2.931E+02  2.931E+02
  4.252E-02  4.955E-01  1.013E+05  1.806E-09  6.500E-02  2.931E+02  2.931E+02
  4.252E-02  5.018E-01  1.013E+05  1.453E-09  6.500E-02  2.930E+02  2.930E+02
  4.252E-02  5.050E-01  1.013E+05  1.453E-09  6.500E-02  2.930E+02  2.930E+02
  7.087E-02  0.000E+00  1.020E+05  1.226E-07  6.500E-02  2.930E+02  2.930E+02
  7.087E-02  3.156E-03  1.020E+05  1.226E-07  6.501E-02  2.930E+02  2.930E+02
  7.087E-02  9.469E-03  1.020E+05 -4.372E-08  6.500E-02  2.930E+02  2.930E+02
  7.087E-02  1.578E-02  1.020E+05  9.354E-07  6.499E-02  2.930E+02  2.930E+02
  7.087E-02  2.209E-02  1.020E+05  2.242E-06  6.499E-02  2.930E+02  2.930E+02
  7.087E-02  2.841E-02  1.020E+05  1.085E-06  6.501E-02  2.931E+02  2.931E+02
  7.087E-02  3.472E-02  1.020E+05  1.446E-07  6.501E-02  2.931E+02  2.931E+02
  7.087E-02  4.103E-02  1.019E+05  2.780E-07  6.500E-02  2.932E+02  2.932E+02
  7.087E-02  4.734E-02  1.019E+05  1.928E-07  6.500E-02  2.933E+02  2.933E+02
  7.087E-02  5.366E-02  1.019E+05  1.736E-07  6.502E-02  2.934E+02  2.934E+02
  7.087E-02  5.997E-02  1.019E+05  1.536E-07  6.503E-02  2.937E+02  2.937E+02
  7.087E-02  6.628E-02  1.019E+05  1.401E-07  6.503E-02  2.941E+02  2.940E+02
  7.087E-02  7.259E-02  1.019E+05  1.301E-07  6.505E-02  2.947E+02  2.946E+02
  7.087E-02  7.891E-02  1.019E+05  1.264E-07  6.507E-02  2.955E+02  2.954E+02
  7.087E-02  8.522E-02  1.019E+05  1.248E-07  6.510E-02  2.968E+02  2.966E+02
  7.087E-02  9.153E-02  1.019E+05  1.221E-07  6.514E-02  2.986E+02  2.983E+02
  7.087E-02  9.784E-02  1.019E+05  1.185E-07  6.520E-02  3.010E+02  3.006E+02
  7.087E-02  1.042E-01  1.019E+05  1.142E-07  6.526E-02  3.044E+02  3.039E+02
  7.087E-02  1.105E-01  1.019E+05  1.085E-07  6.534E-02  3.088E+02  3.081E+02
  7.087E-02  1.168E-01  1.019E+05  1.024E-07  6.543E-02  3.144E+02  3.136E+02
  7.087E-02  1.231E-01  1.018E+05  9.043E-08  6.553E-02  3.215E+02  3.204E+02
  7.087E-02  1.294E-01  1.018E+05  9.840E-08  6.562E-02  3.300E+02  3.287E+02
  7.087E-02  1.357E-01  1.018E+05 -4.383E-08  6.567E-02  3.400E+02  3.385E+02
  7.087E-02  1.420E-01  1.018E+05  6.837E-07  6.569E-02  3.512E+02  3.495E+02
  7.087E-02  1.483E-01  1.018E+05  2.620E-06  6.573E-02  3.634E+02  3.616E+02
  7.087E-02  1.547E-01  1.018E+05  2.556E-06  6.573E-02  3.762E+02  3.744E+02
  7.087E-02  1.610E-01  1.018E+05  6.610E-07  6.569E-02  3.891E+02  3.872E+02
  7.087E-02  1.673E-01  1.018E+05  1.467E-08  6.561E-02  4.015E+02  3.997E+02
  7.087E-02  1.736E-01  1.018E+05  1.498E-07  6.552E-02  4.128E+02  4.112E+02
  7.087E-02  1.799E-01  1.018E+05  1.664E-07  6.542E-02  4.224E+02  4.210E+02
  7.087E-02  1.862E-01  1.018E+05  1.954E-07  6.529E-02  4.298E+02  4.287E+02
  7.087E-02  1.925E-01  1.017E+05  1.384E-07  6.516E-02  4.348E+02  4.340E+02
  7.087E-02  1.988E-01  1.017E+05  8.250E-08  6.502E-02  4.371E+02  4.367E+02
  7.087E-02  2.052E-01  1.017E+05  2.843E-08  6.490E-02  4.366E+02  4.366E+02
  7.087E-02  2.115E-01  1.017E+05 -3.285E-08  6.477E-02  4.336E+02  4.339E+02
  7.087E-02  2.178E-01  1.017E+05 -1.286E-07  6.467E-02  4.283E+02  4.289E+02
  7.087E-02  2.241E-01  1.017E+05 -2.183E-07  6.459E-02  4.210E+02  4.219E+02
  7.087E-02  2.304E-01  1.017E+05 -2.321E-07  6.451E-02  4.122E+02  4.134E+02
  7.087E-02  2.367E-01  1.017E+05 -2.368E-07  6.444E-02  4.023E+02  4.037E+02
  7.087E-02  2.430E-01  1.017E+05 -3.007E-07  6.442E-02  3.919E+02  3.934E+02
  7.087E-02  2.493E-01  1.017E+05 -3.428E-07  6.441E-02  3.812E+02  3.828E+02
  7.087E-02  2.557E-01  1.016E+05 -3.390E-07  6.442E-02  3.707E+02  3.723E+02
  7.087E-02  2.620E-01  1.016E+05 -3.058E-07  6.442E-02  3.606E+02  3.621E+02
  7.087E-02  2.683E-01  1.016E+05 -3.194E-07  6.443E-02  3.512E+02  3.526E+02
  7.087E-02  2.746E-01  1.016E+05 -3.124E-07  6.448E-02  3.425E+02  3.438E+02
  7.087E-02  2.809E-01  1.016E+05 -3.016E-07  6.453E-02  3.346E+02  3.359E+02
  7.087E-02  2.872E-01  1.016E+05 -2.621E-07  6.458E-02  3.277E+02  3.288E+02
  7.087E-02  2.935E-01  1.016E+05 -2.386E-07  6.464E-02  3.216E+02  3.226E+02
  7.087E-02  2.998E-01  1.016E+05 -2.301E-07  6.468E-02  3.164E+02  3.173E+02
  7.087E-02  3.062E-01  1.016E+05 -2.513E-07  6.473E-02  3.120E+02  3.127E+02
  7.087E-02  3.125E-01  1.016E+05 -3.396E-08  6.478E-02  3.083E+02  3.089E+02
  7.087E-02  3.188E-01  1.016E+05 -9.614E-07  6.482E-02  3.052E+02  3.057E+02
  7.087E-02  3.251E-01  1.015E+05 -2.213E-06  6.484E-02  3.027E+02  3.031E+02
  7.087E-02  3.314E-01  1.015E+05 -9.841E-07  6.486E-02  3.006E+02  3.010E+02
  7.087E-02  3.377E-01  1.015E+05 -7.578E-09  6.490E-02  2.990E+02  2.992E+02
  7.087E-02  3.440E-01  1.015E+05 -2.394E-07  6.492E-02  2.976E+02  2.979E+02
  7.087E-02  3.503E-01  1.015E+05 -2.461E-07  6.494E-02  2.966E+02  2.968E+02
  7.087E-02  3.567E-01  1.015E+05 -2.246E-07  6.495E-02  2.958E+02  2.959E+02
  7.087E-02  3.630E-01  1.015E+05 -1.637E-07  6.497E-02  2.952E+02  2.953E+02
  7.087E-02  3.693E-01  1.015E+05 -1.347E-07  6.497E-02  2.947E+02  2.948E+02
  7.087E-02  3.756E-01  1.015E+05 -1.086E-07  6.497E-02  2.943E+02  2.944E+02
  7.087E-02  3.819E-01  1.015E+05 -8.941E-08  6.498E-02  2.940E+02  2.941E+02
  7.087E-02  3.882E-01  1.015E+05 -7.407E-08  6.500E-02  2.938E+02  2.938E+02
  7.087E-02  3.945E-01  1.015E+05 -6.181E-08  6.499E-02  2.936E+02  2.937E+02
  7.087E-02  4.008E-01  1.015E+05 -5.179E-08  6.499E-02  2.935E+02  2.935E+02
  7.087E-02  4.072E-01  1.014E+05 -4.349E-08  6.499E-02  2.934E+02  2.934E+02
  7.087E-02  4.135E-01  1.014E+05 -3.655E-08  6.499E-02  2.933E+02  2.933E+02
  7.087E-02  4.198E-01  1.014E+05 -3.068E-08  6.499E-02  2.933E+02  2.933E+02
  7.087E-02  4.261E-01  1.014E+05 -2.566E-08  6.500E-02  2.932E+02  2.932E+02
  7.087E-02  4.324E-01  1.014E+05 -2.136E-08  6.500E-02  2.932E+02  2.932E+02
  7.087E-02  4.387E-01  1.014E+05 -1.766E-08  6.500E-02  2.932E+02  2.932E+02
  7.087E-02  4.450E-01  1.014E+05 -1.446E-08  6.499E-02  2.931E+02  2.931E+02
  7.087E-02  4.513E-01  1.014E+05 -1.171E-08  6.500E-02  2.931E+02  2.931E+02
  7.087E-02  4.577E-01  1.014E+05 -9.339E-09  6.500E-02  2.931E+02  2.931E+02
  7.087E-02  4.640E-01  1.014E+05 -7.290E-09  6.501E-02  2.931E+02  2.931E+02
  7.087E-02  4.703E-01  1.014E+05 -5.552E-09  6.501E-02  2.931E+02  2.931E+02
  7.087E-02  4.766E-01  1.014E+05 -4.094E-09  6.499E-02  2.931E+02  2.931E+02
  7.087E-02  4.829E-01  1.014E+05 -2.888E-09  6.499E-02  2.931E+02  2.931E+02
  7.087E-02  4.892E-01  1.013E+05 -1.905E-09  6.500E-02  2.931E+02  2.931E+02
  7.087E-02  4.955E-01  1.013E+05 -1.091E-09  6.500E-02  2.931E+02  2.931E+02
  7.087E-02  5.018E-01  1.013E+05 -7.203E-10  6.500E-02  2.930E+02  2.930E+02
  7.087E-02  5.050E-01  1.013E+05 -7.203E-10  6.500E-02  2.930E+02  2.930E+02
  9.922E-02  0.000E+00  1.020E+05  5.157E-08  6.500E-02  2.930E+02  2.930E+02
  9.922E-02  3.156E-03  1.020E+05  5.157E-08  6.501E-02  2.930E+02  2.930E+02
  9.922E-02  9.469E-03  1.020E+05 -1.212E-07  6.500E-02  2.930E+02  2.930E+02
  9.922E-02  1.578E-02  1.020E+05  8.544E-07  6.500E-02  2.930E+02  2.930E+02
  9.922E-02  2.209E-02  1.020E+05  2.130E-06  6.499E-02  2.930E+02  2.930E+02
  9.922E-02  2.841E-02  1.020E+05  8.693E-07  6.500E-02  2.931E+02  2.931E+02
  9.922E-02  3.472E-02  1.020E+05 -1.231E-07  6.501E-02  2.931E+02  2.931E+02
  9.922E-02  4.103E-02  1.019E+05  8.107E-08  6.500E-02  2.932E+02  2.932E+02
  9.922E-02  4.734E-02  1.019E+05  6.449E-08  6.500E-02  2.933E+02  2.933E+02
  9.922E-02  5.366E-02  1.019E+05  7.545E-08  6.502E-02  2.934E+02  2.934E+02
  9.922E-02  5.997E-02  1.019E+05  7.465E-08  6.503E-02  2.937E+02  2.937E+02
  9.922E-02  6.628E-02  1.019E+05  7.070E-08  6.503E-02  2.941E+02  2.940E+02
  9.922E-02  7.259E-02  1.019E+05  6.430E-08  6.505E-02  2.947E+02  2.946E+02
  9.922E-02  7.891E-02  1.019E+05  5.910E-08  6.507E-02  2.955E+02  2.954E+02
  9.922E-02  8.522E-02  1.019E+05  5.326E-08  6.510E-02  2.968E+02  2.966E+02
  9.922E-02  9.153E-02  1.019E+05  4.511E-08  6.514E-02  2.986E+02  2.983E+02
  9.922E-02  9.784E-02  1.019E+05  3.446E-08  6.520E-02  3.010E+02  3.006E+02
  9.922E-02  1.042E-01  1.019E+05  2.209E-08  6.526E-02  3.044E+02  3.039E+02
  9.922E-02  1.105E-01  1.019E+05  8.971E-09  6.534E-02  3.088E+02  3.081E+02
  9.922E-02  1.168E-01  1.019E+05 -2.303E-09  6.543E-02  3.144E+02  3.136E+02
  9.922E-02  1.231E-01  1.018E+05 -1.681E-08  6.553E-02  3.215E+02  3.204E+02
  9.922E-02  1.294E-01  1.018E+05 -7.862E-09  6.562E-02  3.300E+02  3.287E+02
  9.922E-02  1.357E-01  1.018E+05 -1.451E-07  6.567E-02  3.400E+02  3.385E+02
  9.922E-02  1.420E-01  1.018E+05  5.884E-07  6.570E-02  3.512E+02  3.495E+02
  9.922E-02  1.483E-01  1.018E+05  2.516E-06  6.574E-02  3.634E+02  3.616E+02
  9.922E-02  1.547E-01  1.018E+05  2.470E-06  6.573E-02  3.762E+02  3.744E+02
  9.922E-02  1.610E-01  1.018E+05  6.136E-07  6.567E-02  3.891E+02  3.873E+02
  9.922E-02  1.673E-01  1.018E+05 -8.681E-09  6.560E-02  4.015E+02  3.997E+02
  9.922E-02  1.736E-01  1.018E+05  1.445E-07  6.552E-02  4.128E+02  4.112E+02
  9.922E-02  1.799E-01  1.018E+05  1.750E-07  6.542E-02  4.224E+02  4.210E+02
  9.922E-02  1.862E-01  1.018E+05  2.072E-07  6.529E-02  4.299E+02  4.288E+02
  9.922E-02  1.925E-01  1.017E+05  1.950E-07  6.516E-02  4.348E+02  4.341E+02
  9.922E-02  1.988E-01  1.017E+05  1.728E-07  6.502E-02  4.371E+02  4.367E+02
  9.922E-02  2.052E-01  1.017E+05  1.549E-07  6.489E-02  4.366E+02  4.366E+02
  9.922E-02  2.115E-01  1.017E+05  1.336E-07  6.477E-02  4.336E+02  4.339E+02
  9.922E-02  2.178E-01  1.017E+05  8.972E-08  6.467E-02  4.283E+02  4.289E+02
  9.922E-02  2.241E-01  1.017E+05  7.534E-08  6.459E-02  4.210E+02  4.219E+02
  9.922E-02  2.304E-01  1.017E+05  3.368E-08  6.451E-02  4.122E+02  4.134E+02
  9.922E-02  2.367E-01  1.017E+05  3.001E-08  6.444E-02  4.023E+02  4.037E+02
  9.922E-02  2.430E-01  1.017E+05  8.440E-09  6.442E-02  3.919E+02  3.934E+02
  9.922E-02  2.493E-01  1.017E+05  2.979E-08  6.441E-02  3.812E+02  3.828E+02
  9.922E-02  2.557E-01  1.016E+05 -4.360E-08  6.442E-02  3.707E+02  3.723E+02
  9.922E-02  2.620E-01  1.016E+05  7.528E-08  6.442E-02  3.606E+02  3.621E+02
  9.922E-02  2.683E-01  1.016E+05 -8.295E-07  6.443E-02  3.511E+02  3.526E+02
  9.922E-02  2.746E-01  1.016E+05 -1.991E-06  6.448E-02  3.425E+02  3.438E+02
  9.922E-02  2.809E-01  1.016E+05 -8.509E-07  6.453E-02  3.346E+02  3.359E+02
  9.922E-02  2.872E-01  1.016E+05  3.534E-08  6.458E-02  3.277E+02  3.288E+02
  9.922E-02  2.935E-01  1.016E+05 -1.377E-07  6.464E-02  3.216E+02  3.226E+02
  9.922E-02  2.998E-01  1.016E+05 -1.083E-07  6.469E-02  3.164E+02  3.173E+02
  9.922E-02  3.062E-01  1.016E+05 -1.269E-07  6.473E-02  3.120E+02  3.127E+02
  9.922E-02  3.125E-01  1.016E+05  6.069E-08  6.478E-02  3.083E+02  3.089E+02
  9.922E-02  3.188E-01  1.016E+05 -8.991E-07  6.481E-02  3.052E+02  3.057E+02
  9.922E-02  3.251E-01  1.015E+05 -2.137E-06  6.484E-02  3.027E+02  3.031E+02
  9.922E-02  3.314E-01  1.015E+05 -9.136E-07  6.487E-02  3.006E+02  3.010E+02
  9.922E-02  3.377E-01  1.015E+05  2.570E-07  6.490E-02  2.990E+02  2.992E+02
  9.922E-02  3.440E-01  1.015E+05 -9.064E-07  6.492E-02  2.976E+02  2.979E+02
  9.922E-02  3.503E-01  1.015E+05 -2.155E-06  6.494E-02  2.966E+02  2.968E+02
  9.922E-02  3.567E-01  1.015E+05 -9.051E-07  6.495E-02  2.958E+02  2.959E+02
  9.922E-02  3.630E-01  1.015E+05  9.223E-08  6.497E-02  2.952E+02  2.953E+02
  9.922E-02  3.693E-01  1.015E+05 -7.924E-08  6.497E-02  2.947E+02  2.948E+02
  9.922E-02  3.756E-01  1.015E+05 -5.202E-08  6.497E-02  2.943E+02  2.944E+02
  9.922E-02  3.819E-01  1.015E+05 -5.574E-08  6.498E-02  2.940E+02  2.941E+02
  9.922E-02  3.882E-01  1.015E+05 -5.274E-08  6.500E-02  2.938E+02  2.938E+02
  9.922E-02  3.945E-01  1.015E+05 -4.991E-08  6.499E-02  2.936E+02  2.937E+02
  9.922E-02  4.008E-01  1.015E+05 -4.647E-08  6.499E-02  2.935E+02  2.935E+02
  9.922E-02  4.072E-01  1.014E+05 -4.284E-08  6.499E-02  2.934E+02  2.934E+02
  9.922E-02  4.135E-01  1.014E+05 -3.922E-08  6.499E-02  2.933E+02  2.933E+02
  9.922E-02  4.198E-01  1.014E+05 -3.570E-08  6.499E-02  2.933E+02  2.933E+02
  9.922E-02  4.261E-01  1.014E+05 -3.232E-08  6.500E-02  2.932E+02  2.932E+02
  9.922E-02  4.324E-01  1.014E+05 -2.912E-08  6.500E-02  2.932E+02  2.932E+02
  9.922E-02  4.387E-01  1.014E+05 -2.609E-08  6.500E-02  2.932E+02  2.932E+02
  9.922E-02  4.450E-01  1.014E+05 -2.326E-08  6.499E-02  2.931E+02  2.931E+02
  9.922E-02  4.513E-01  1.014E+05 -2.057E-08  6.500E-02  2.931E+02  2.931E+02
  9.922E-02  4.577E-01  1.014E+05 -1.801E-08  6.500E-02  2.931E+02  2.931E+02
  9.922E-02  4.640E-01  1.014E+05 -1.559E-08  6.501E-02  2.931E+02  2.931E+02
  9.922E-02  4.703E-01  1.014E+05 -1.330E-08  6.501E-02  2.931E+02  2.931E+02
  9.922E-02  4.766E-01  1.014E+05 -1.109E-08  6.499E-02  2.931E+02  2.931E+02
  9.922E-02  4.829E-01  1.014E+05 -8.955E-09  6.499E-02  2.931E+02  2.931E+02
  9.922E-02  4.892E-01  1.013E+05 -6.897E-09  6.500E-02  2.931E+02  2.931E+02
  9.922E-02  4.955E-01  1.013E+05 -4.725E-09  6.500E-02  2.931E+02  2.931E+02
  9.922E-02  5.018E-01  1.013E+05 -3.502E-09  6.500E-02  2.930E+02  2.930E+02
  9.922E-02  5.050E-01  1.013E+05 -3.502E-09  6.500E-02  2.930E+02  2.930E+02
  1.276E-01  0.000E+00  1.020E+05  2.147E-07  6.500E-02  2.930E+02  2.930E+02
  1.276E-01  3.156E-03  1.020E+05  2.147E-07  6.501E-02  2.930E+02  2.930E+02
  1.276E-01  9.469E-03  1.020E+05  2.333E-07  6.500E-02  2.930E+02  2.930E+02
  1.276E-01  1.578E-02  1.020E+05  2.945E-07  6.500E-02  2.930E+02  2.930E+02
  1.276E-01  2.209E-02  1.020E+05  3.476E-07  6.499E-02  2.930E+02  2.930E+02
  1.276E-01  2.841E-02  1.020E+05  3.407E-07  6.500E-02  2.931E+02  2.931E+02
  1.276E-01  3.472E-02  1.020E+05  2.796E-07  6.501E-02  2.931E+02  2.931E+02
  1.276E-01  4.103E-02  1.019E+05  2.372E-07  6.500E-02  2.932E+02  2.932E+02
  1.276E-01  4.734E-02  1.019E+05  2.275E-07  6.500E-02  2.933E+02  2.933E+02
  1.276E-01  5.366E-02  1.019E+05  1.752E-07  6.502E-02  2.934E+02  2.934E+02
  1.276E-01  5.997E-02  1.019E+05  1.283E-07  6.503E-02  2.937E+02  2.937E+02
  1.276E-01  6.628E-02  1.019E+05  1.178E-07  6.503E-02  2.941E+02  2.940E+02
  1.276E-01  7.259E-02  1.019E+05  1.173E-07  6.505E-02  2.947E+02  2.946E+02
  1.276E-01  7.891E-02  1.019E+05  1.172E-07  6.507E-02  2.955E+02  2.954E+02
  1.276E-01  8.522E-02  1.019E+05  1.198E-07  6.510E-02  2.968E+02  2.966E+02
  1.276E-01  9.153E-02  1.019E+05  1.245E-07  6.514E-02  2.986E+02  2.983E+02
  1.276E-01  9.784E-02  1.019E+05  1.284E-07  6.520E-02  3.010E+02  3.007E+02
  1.276E-01  1.042E-01  1.019E+05  1.330E-07  6.526E-02  3.044E+02  3.039E+02
  1.276E-01  1.105E-01  1.019E+05  1.006E-07  6.533E-02  3.088E+02  3.081E+02
  1.276E-01  1.168E-01  1.019E+05  1.286E-07  6.543E-02  3.145E+02  3.136E+02
  1.276E-01  1.231E-01  1.018E+05  1.613E-07  6.553E-02  3.215E+02  3.204E+02
  1.276E-01  1.294E-01  1.018E+05  1.914E-07  6.561E-02  3.300E+02  3.287E+02
  1.276E-01  1.357E-01  1.018E+05  2.524E-07  6.567E-02  3.400E+02  3.385E+02
  1.276E-01  1.420E-01  1.018E+05  3.311E-07  6.570E-02  3.512E+02  3.495E+02
  1.276E-01  1.483E-01  1.018E+05  3.634E-07  6.574E-02  3.634E+02  3.616E+02
  1.276E-01  1.547E-01  1.018E+05  3.454E-07  6.572E-02  3.763E+02  3.744E+02
  1.276E-01  1.610E-01  1.018E+05  2.878E-07  6.567E-02  3.891E+02  3.873E+02
  1.276E-01  1.673E-01  1.018E+05  2.242E-07  6.560E-02  4.015E+02  3.997E+02
  1.276E-01  1.736E-01  1.018E+05  1.861E-07  6.552E-02  4.128E+02  4.112E+02
  1.276E-01  1.799E-01  1.018E+05  1.518E-07  6.542E-02  4.224E+02  4.210E+02
  1.276E-01  1.862E-01  1.018E+05  1.237E-07  6.529E-02  4.299E+02  4.288E+02
  1.276E-01  1.925E-01  1.017E+05  9.979E-08  6.515E-02  4.348E+02  4.341E+02
  1.276E-01  1.988E-01  1.017E+05  7.677E-08  6.502E-02  4.371E+02  4.367E+02
  1.276E-01  2.052E-01  1.017E+05  5.445E-08  6.489E-02  4.366E+02  4.366E+02
  1.276E-01  2.115E-01  1.017E+05  3.665E-08  6.477E-02  4.336E+02  4.340E+02
  1.276E-01  2.178E-01  1.017E+05  1.514E-08  6.467E-02  4.283E+02  4.289E+02
  1.276E-01  2.241E-01  1.017E+05 -5.494E-09  6.459E-02  4.210E+02  4.219E+02
  1.276E-01  2.304E-01  1.017E+05 -5.890E-08  6.451E-02  4.122E+02  4.134E+02
  1.276E-01  2.367E-01  1.017E+05 -6.107E-08  6.444E-02  4.023E+02  4.037E+02
  1.276E-01  2.430E-01  1.017E+05 -5.627E-08  6.442E-02  3.919E+02  3.934E+02
  1.276E-01  2.493E-01  1.017E+05 -5.959E-08  6.441E-02  3.812E+02  3.828E+02
  1.276E-01  2.557E-01  1.016E+05 -9.079E-08  6.442E-02  3.707E+02  3.723E+02
  1.276E-01  2.620E-01  1.016E+05  4.163E-08  6.442E-02  3.606E+02  3.621E+02
  1.276E-01  2.683E-01  1.016E+05 -8.487E-07  6.442E-02  3.511E+02  3.526E+02
  1.276E-01  2.746E-01  1.016E+05 -1.984E-06  6.448E-02  3.425E+02  3.438E+02
  1.276E-01  2.809E-01  1.016E+05 -8.542E-07  6.454E-02  3.346E+02  3.359E+02
  1.276E-01  2.872E-01  1.016E+05  3.408E-08  6.459E-02  3.277E+02  3.288E+02
  1.276E-01  2.935E-01  1.016E+05 -1.484E-07  6.464E-02  3.216E+02  3.226E+02
  1.276E-01  2.998E-01  1.016E+05 -1.422E-07  6.469E-02  3.164E+02  3.173E+02
  1.276E-01  3.062E-01  1.016E+05 -1.604E-07  6.473E-02  3.120E+02  3.127E+02
  1.276E-01  3.125E-01  1.016E+05 -1.674E-07  6.478E-02  3.083E+02  3.089E+02
  1.276E-01  3.188E-01  1.016E+05 -1.888E-07  6.481E-02  3.052E+02  3.057E+02
  1.276E-01  3.251E-01  1.015E+05 -1.728E-07  6.484E-02  3.027E+02  3.031E+02
  1.276E-01  3.314E-01  1.015E+05 -1.769E-07  6.487E-02  3.006E+02  3.010E+02
  1.276E-01  3.377E-01  1.015E+05  4.494E-08  6.490E-02  2.990E+02  2.992E+02
  1.276E-01  3.440E-01  1.015E+05 -8.951E-07  6.491E-02  2.976E+02  2.979E+02
  1.276E-01  3.503E-01  1.015E+05 -2.121E-06  6.494E-02  2.966E+02  2.968E+02
  1.276E-01  3.567E-01  1.015E+05 -8.727E-07  6.496E-02  2.958E+02  2.959E+02
  1.276E-01  3.630E-01  1.015E+05  1.077E-07  6.497E-02  2.952E+02  2.953E+02
  1.276E-01  3.693E-01  1.015E+05 -6.826E-08  6.497E-02  2.947E+02  2.948E+02
  1.276E-01  3.756E-01  1.015E+05 -4.548E-08  6.497E-02  2.943E+02  2.944E+02
  1.276E-01  3.819E-01  1.015E+05 -5.157E-08  6.498E-02  2.940E+02  2.941E+02
  1.276E-01  3.882E-01  1.015E+05 -4.999E-08  6.500E-02  2.938E+02  2.938E+02
  1.276E-01  3.945E-01  1.015E+05 -4.830E-08  6.499E-02  2.936E+02  2.937E+02
  1.276E-01  4.008E-01  1.015E+05 -4.549E-08  6.499E-02  2.935E+02  2.935E+02
  1.276E-01  4.072E-01  1.014E+05 -4.223E-08  6.499E-02  2.934E+02  2.934E+02
  1.276E-01  4.135E-01  1.014E+05 -3.905E-08  6.499E-02  2.933E+02  2.933E+02
  1.276E-01  4.198E-01  1.014E+05 -3.593E-08  6.499E-02  2.933E+02  2.933E+02
  1.276E-01  4.261E-01  1.014E+05 -3.300E-08  6.500E-02  2.932E+02  2.932E+02
  1.276E-01  4.324E-01  1.014E+05 -3.022E-08  6.500E-02  2.932E+02  2.932E+02
  1.276E-01  4.387E-01  1.014E+05 -2.760E-08  6.500E-02  2.932E+02  2.932E+02
  1.276E-01  4.450E-01  1.014E+05 -2.512E-08  6.499E-02  2.931E+02  2.931E+02
  1.276E-01  4.513E-01  1.014E+05 -2.273E-08  6.500E-02  2.931E+02  2.931E+02
  1.276E-01  4.577E-01  1.014E+05 -2.039E-08  6.500E-02  2.931E+02  2.931E+02
  1.276E-01  4.640E-01  1.014E+05 -1.808E-08  6.501E-02  2.931E+02  2.931E+02
  1.276E-01  4.703E-01  1.014E+05 -1.578E-08  6.501E-02  2.931E+02  2.931E+02
  1.276E-01  4.766E-01  1.014E+05 -1.347E-08  6.499E-02  2.931E+02  2.931E+02
  1.276E-01  4.829E-01  1.014E+05 -1.113E-08  6.499E-02  2.931E+02  2.931E+02
  1.276E-01  4.892E-01  1.013E+05 -8.750E-09  6.500E-02  2.931E+02  2.931E+02
  1.276E-01  4.955E-01  1.013E+05 -6.106E-09  6.500E-02  2.931E+02  2.931E+02
  1.276E-01  5.018E-01  1.013E+05 -4.583E-09  6.500E-02  2.930E+02  2.930E+02
  1.276E-01  5.050E-01  1.013E+05 -4.583E-09  6.500E-02  2.930E+02  2.930E+02
  1.559E-01  0.000E+00  1.020E+05 -1.252E-08  6.500E-02  2.930E+02  2.930E+02
  1.559E-01  3.156E-03  1.020E+05 -1.252E-08  6.501E-02  2.930E+02  2.930E+02
  1.559E-01  9.469E-03  1.020E+05  5.005E-09  6.500E-02  2.930E+02  2.930E+02
  1.559E-01  1.578E-02  1.020E+05 -1.819E-07  6.500E-02  2.930E+02  2.930E+02
  1.559E-01  2.209E-02  1.020E+05  7.693E-07  6.499E-02  2.930E+02  2.930E+02
  1.559E-01  2.841E-02  1.020E+05  2.041E-06  6.500E-02  2.931E+02  2.931E+02
  1.559E-01  3.472E-02  1.020E+05  8.042E-07  6.501E-02  2.931E+02  2.931E+02
  1.559E-01  4.103E-02  1.019E+05 -1.250E-07  6.500E-02  2.932E+02  2.932E+02
  1.559E-01  4.734E-02  1.019E+05  1.003E-07  6.500E-02  2.933E+02  2.933E+02
  1.559E-01  5.366E-02  1.019E+05  7.132E-08  6.502E-02  2.934E+02  2.934E+02
  1.559E-01  5.997E-02  1.019E+05  6.575E-08  6.503E-02  2.937E+02  2.937E+02
  1.559E-01  6.628E-02  1.019E+05  8.448E-08  6.503E-02  2.941E+02  2.940E+02
  1.559E-01  7.259E-02  1.019E+05  1.103E-07  6.505E-02  2.947E+02  2.946E+02
  1.559E-01  7.891E-02  1.019E+05  1.357E-07  6.507E-02  2.955E+02  2.954E+02
  1.559E-01  8.522E-02  1.019E+05  1.624E-07  6.510E-02  2.968E+02  2.966E+02
  1.559E-01  9.153E-02  1.019E+05  2.003E-07  6.514E-02  2.986E+02  2.983E+02
  1.559E-01  9.784E-02  1.019E+05  2.730E-07  6.520E-02  3.010E+02  3.007E+02
  1.559E-01  1.042E-01  1.019E+05  3.692E-07  6.526E-02  3.044E+02  3.039E+02
  1.559E-01  1.105E-01  1.019E+05  3.850E-07  6.534E-02  3.088E+02  3.081E+02
  1.559E-01  1.168E-01  1.019E+05  3.439E-07  6.543E-02  3.144E+02  3.136E+02
  1.559E-01  1.231E-01  1.018E+05  2.870E-07  6.553E-02  3.215E+02  3.204E+02
  1.559E-01  1.294E-01  1.018E+05  2.635E-07  6.561E-02  3.300E+02  3.287E+02
  1.559E-01  1.357E-01  1.018E+05  2.578E-07  6.567E-02  3.400E+02  3.385E+02
  1.559E-01  1.420E-01  1.018E+05  2.464E-07  6.570E-02  3.512E+02  3.495E+02
  1.559E-01  1.483E-01  1.018E+05  1.919E-07  6.574E-02  3.634E+02  3.616E+02
  1.559E-01  1.547E-01  1.018E+05  1.567E-07  6.573E-02  3.762E+02  3.744E+02
  1.559E-01  1.610E-01  1.018E+05  1.454E-07  6.567E-02  3.891E+02  3.873E+02
  1.559E-01  1.673E-01  1.018E+05  1.250E-07  6.560E-02  4.015E+02  3.997E+02
  1.559E-01  1.736E-01  1.018E+05  1.030E-07  6.552E-02  4.128E+02  4.112E+02
  1.559E-01  1.799E-01  1.018E+05  7.712E-08  6.542E-02  4.224E+02  4.210E+02
  1.559E-01  1.862E-01  1.018E+05  4.977E-08  6.529E-02  4.299E+02  4.288E+02
  1.559E-01  1.925E-01  1.017E+05  2.216E-08  6.516E-02  4.348E+02  4.341E+02
  1.559E-01  1.988E-01  1.017E+05 -4.436E-09  6.502E-02  4.371E+02  4.367E+02
  1.559E-01  2.052E-01  1.017E+05 -2.975E-08  6.489E-02  4.366E+02  4.366E+02
  1.559E-01  2.115E-01  1.017E+05 -5.092E-08  6.477E-02  4.336E+02  4.339E+02
  1.559E-01  2.178E-01  1.017E+05 -7.298E-08  6.467E-02  4.282E+02  4.289E+02
  1.559E-01  2.241E-01  1.017E+05 -1.082E-07  6.459E-02  4.210E+02  4.219E+02
  1.559E-01  2.304E-01  1.017E+05 -1.459E-07  6.452E-02  4.122E+02  4.134E+02
  1.559E-01  2.367E-01  1.017E+05 -1.510E-07  6.444E-02  4.023E+02  4.037E+02
  1.559E-01  2.430E-01  1.017E+05 -1.513E-07  6.442E-02  3.919E+02  3.934E+02
  1.559E-01  2.493E-01  1.017E+05 -1.740E-07  6.441E-02  3.812E+02  3.828E+02
  1.559E-01  2.557E-01  1.016E+05 -2.021E-07  6.442E-02  3.707E+02  3.723E+02
  1.559E-01  2.620E-01  1.016E+05 -2.301E-07  6.442E-02  3.606E+02  3.621E+02
  1.559E-01  2.683E-01  1.016E+05 -2.889E-07  6.442E-02  3.511E+02  3.526E+02
  1.559E-01  2.746E-01  1.016E+05 -3.002E-07  6.448E-02  3.425E+02  3.438E+02
  1.559E-01  2.809E-01  1.016E+05 -2.941E-07  6.454E-02  3.346E+02  3.359E+02
  1.559E-01  2.872E-01  1.016E+05 -2.405E-07  6.459E-02  3.277E+02  3.288E+02
  1.559E-01  2.935E-01  1.016E+05 -2.203E-07  6.464E-02  3.216E+02  3.226E+02
  1.559E-01  2.998E-01  1.016E+05 -2.016E-07  6.469E-02  3.164E+02  3.173E+02
  1.559E-01  3.062E-01  1.016E+05 -1.846E-07  6.473E-02  3.120E+02  3.127E+02
  1.559E-01  3.125E-01  1.016E+05 -1.671E-07  6.478E-02  3.083E+02  3.089E+02
  1.559E-01  3.188E-01  1.016E+05 -1.547E-07  6.481E-02  3.052E+02  3.057E+02
  1.559E-01  3.251E-01  1.015E+05 -1.278E-07  6.484E-02  3.027E+02  3.031E+02
  1.559E-01  3.314E-01  1.015E+05 -1.462E-07  6.487E-02  3.006E+02  3.010E+02
  1.559E-01  3.377E-01  1.015E+05 -1.488E-07  6.490E-02  2.990E+02  2.992E+02
  1.559E-01  3.440E-01  1.015E+05 -1.709E-07  6.491E-02  2.976E+02  2.979E+02
  1.559E-01  3.503E-01  1.015E+05 -1.666E-07  6.494E-02  2.966E+02  2.968E+02
  1.559E-01  3.567E-01  1.015E+05 -1.563E-07  6.496E-02  2.958E+02  2.959E+02
  1.559E-01  3.630E-01  1.015E+05 -1.211E-07  6.497E-02  2.952E+02  2.953E+02
  1.559E-01  3.693E-01  1.015E+05 -1.039E-07  6.497E-02  2.947E+02  2.948E+02
  1.559E-01  3.756E-01  1.015E+05 -8.899E-08  6.497E-02  2.943E+02  2.944E+02
  1.559E-01  3.819E-01  1.015E+05 -7.940E-08  6.498E-02  2.940E+02  2.941E+02
  1.559E-01  3.882E-01  1.015E+05 -7.072E-08  6.500E-02  2.938E+02  2.938E+02
  1.559E-01  3.945E-01  1.015E+05 -6.019E-08  6.499E-02  2.936E+02  2.937E+02
  1.559E-01  4.008E-01  1.015E+05 -4.969E-08  6.499E-02  2.935E+02  2.935E+02
  1.559E-01  4.072E-01  1.014E+05 -4.184E-08  6.499E-02  2.934E+02  2.934E+02
  1.559E-01  4.135E-01  1.014E+05 -3.605E-08  6.499E-02  2.933E+02  2.933E+02
  1.559E-01  4.198E-01  1.014E+05 -3.141E-08  6.499E-02  2.933E+02  2.933E+02
  1.559E-01  4.261E-01  1.014E+05 -2.770E-08  6.500E-02  2.932E+02  2.932E+02
  1.559E-01  4.324E-01  1.014E+05 -2.463E-08  6.500E-02  2.932E+02  2.932E+02
  1.559E-01  4.387E-01  1.014E+05 -2.200E-08  6.500E-02  2.932E+02  2.932E+02
  1.559E-01  4.450E-01  1.014E+05 -1.968E-08  6.499E-02  2.931E+02  2.931E+02
  1.559E-01  4.513E-01  1.014E+05 -1.762E-08  6.500E-02  2.931E+02  2.931E+02
  1.559E-01  4.577E-01  1.014E+05 -1.569E-08  6.500E-02  2.931E+02  2.931E+02
  1.559E-01  4.640E-01  1.014E+05 -1.384E-08  6.501E-02  2.931E+02  2.931E+02
  1.559E-01  4.703E-01  1.014E+05 -1.202E-08  6.501E-02  2.931E+02  2.931E+02
  1.559E-01  4.766E-01  1.014E+05 -1.023E-08  6.499E-02  2.931E+02  2.931E+02
  1.559E-01  4.829E-01  1.014E+05 -8.429E-09  6.499E-02  2.931E+02  2.931E+02
  1.559E-01  4.892E-01  1.013E+05 -6.622E-09  6.500E-02  2.931E+02  2.931E+02
  1.559E-01  4.955E-01  1.013E+05 -4.617E-09  6.500E-02  2.931E+02  2.931E+02
  1.559E-01  5.018E-01  1.013E+05 -3.463E-09  6.500E-02  2.930E+02  2.930E+02
  1.559E-01  5.050E-01  1.013E+05 -3.463E-09  6.500E-02  2.930E+02  2.930E+02
  1.843E-01  0.000E+00  1.020E+05 -5.836E-08  6.500E-02  2.930E+02  2.930E+02
  1.843E-01  3.156E-03  1.020E+05 -5.836E-08  6.501E-02  2.930E+02  2.930E+02
  1.843E-01  9.469E-03  1.020E+05 -4.252E-08  6.500E-02  2.930E+02  2.930E+02
  1.843E-01  1.578E-02  1.020E+05 -2.340E-07  6.500E-02  2.930E+02  2.930E+02
  1.843E-01  2.209E-02  1.020E+05  7.129E-07  6.500E-02  2.930E+02  2.930E+02
  1.843E-01  2.841E-02  1.020E+05  1.968E-06  6.500E-02  2.931E+02  2.931E+02
  1.843E-01  3.472E-02  1.020E+05  7.322E-07  6.500E-02  2.931E+02  2.931E+02
  1.843E-01  4.103E-02  1.019E+05 -2.059E-07  6.499E-02  2.932E+02  2.932E+02
  1.843E-01  4.734E-02  1.019E+05 -2.794E-09  6.500E-02  2.933E+02  2.933E+02
  1.843E-01  5.366E-02  1.019E+05 -6.137E-09  6.502E-02  2.934E+02  2.934E+02
  1.843E-01  5.997E-02  1.019E+05  1.352E-08  6.503E-02  2.937E+02  2.937E+02
  1.843E-01  6.628E-02  1.019E+05  2.470E-08  6.503E-02  2.941E+02  2.940E+02
  1.843E-01  7.259E-02  1.019E+05  3.490E-08  6.505E-02  2.947E+02  2.946E+02
  1.843E-01  7.891E-02  1.019E+05  4.536E-08  6.507E-02  2.955E+02  2.954E+02
  1.843E-01  8.522E-02  1.019E+05  4.652E-08  6.510E-02  2.968E+02  2.966E+02
  1.843E-01  9.153E-02  1.019E+05  7.969E-08  6.514E-02  2.986E+02  2.983E+02
  1.843E-01  9.784E-02  1.019E+05 -4.457E-08  6.520E-02  3.010E+02  3.007E+02
  1.843E-01  1.042E-01  1.019E+05  9.877E-07  6.526E-02  3.044E+02  3.039E+02
  1.843E-01  1.105E-01  1.019E+05  2.266E-06  6.534E-02  3.088E+02  3.081E+02
  1.843E-01  1.168E-01  1.019E+05  1.049E-06  6.543E-02  3.144E+02  3.136E+02
  1.843E-01  1.231E-01  1.018E+05  7.366E-08  6.553E-02  3.215E+02  3.204E+02
  1.843E-01  1.294E-01  1.018E+05  2.172E-07  6.561E-02  3.300E+02  3.287E+02
  1.843E-01  1.357E-01  1.018E+05  1.686E-07  6.567E-02  3.400E+02  3.385E+02
  1.843E-01  1.420E-01  1.018E+05  1.634E-07  6.570E-02  3.512E+02  3.495E+02
  1.843E-01  1.483E-01  1.018E+05  1.521E-07  6.574E-02  3.634E+02  3.616E+02
  1.843E-01  1.547E-01  1.018E+05  1.413E-07  6.573E-02  3.762E+02  3.744E+02
  1.843E-01  1.610E-01  1.018E+05  1.292E-07  6.567E-02  3.891E+02  3.873E+02
  1.843E-01  1.673E-01  1.018E+05  1.170E-07  6.560E-02  4.015E+02  3.997E+02
  1.843E-01  1.736E-01  1.018E+05  1.045E-07  6.552E-02  4.128E+02  4.112E+02
  1.843E-01  1.799E-01  1.018E+05  8.876E-08  6.542E-02  4.224E+02  4.210E+02
  1.843E-01  1.862E-01  1.018E+05  7.048E-08  6.529E-02  4.298E+02  4.287E+02
  1.843E-01  1.925E-01  1.017E+05  5.016E-08  6.516E-02  4.348E+02  4.340E+02
  1.843E-01  1.988E-01  1.017E+05  2.858E-08  6.503E-02  4.371E+02  4.367E+02
  1.843E-01  2.052E-01  1.017E+05  6.463E-09  6.490E-02  4.366E+02  4.366E+02
  1.843E-01  2.115E-01  1.017E+05 -1.544E-08  6.477E-02  4.336E+02  4.339E+02
  1.843E-01  2.178E-01  1.017E+05 -3.679E-08  6.468E-02  4.282E+02  4.289E+02
  1.843E-01  2.241E-01  1.017E+05 -5.726E-08  6.459E-02  4.210E+02  4.219E+02
  1.843E-01  2.304E-01  1.017E+05 -7.559E-08  6.452E-02  4.122E+02  4.134E+02
  1.843E-01  2.367E-01  1.017E+05 -9.382E-08  6.444E-02  4.023E+02  4.037E+02
  1.843E-01  2.430E-01  1.017E+05 -1.129E-07  6.442E-02  3.919E+02  3.934E+02
  1.843E-01  2.493E-01  1.017E+05 -1.307E-07  6.441E-02  3.812E+02  3.828E+02
  1.843E-01  2.557E-01  1.016E+05 -1.501E-07  6.442E-02  3.707E+02  3.723E+02
  1.843E-01  2.620E-01  1.016E+05 -1.698E-07  6.442E-02  3.606E+02  3.621E+02
  1.843E-01  2.683E-01  1.016E+05 -2.054E-07  6.442E-02  3.511E+02  3.526E+02
  1.843E-01  2.746E-01  1.016E+05 -2.141E-07  6.448E-02  3.424E+02  3.438E+02
  1.843E-01  2.809E-01  1.016E+05 -2.123E-07  6.454E-02  3.346E+02  3.359E+02
  1.843E-01  2.872E-01  1.016E+05 -1.854E-07  6.459E-02  3.277E+02  3.288E+02
  1.843E-01  2.935E-01  1.016E+05 -1.738E-07  6.464E-02  3.216E+02  3.226E+02
  1.843E-01  2.998E-01  1.016E+05 -1.610E-07  6.469E-02  3.164E+02  3.173E+02
  1.843E-01  3.062E-01  1.016E+05 -1.488E-07  6.473E-02  3.120E+02  3.127E+02
  1.843E-01  3.125E-01  1.016E+05 -1.364E-07  6.478E-02  3.083E+02  3.089E+02
  1.843E-01  3.188E-01  1.016E+05 -1.241E-07  6.481E-02  3.052E+02  3.057E+02
  1.843E-01  3.251E-01  1.015E+05 -1.112E-07  6.484E-02  3.027E+02  3.031E+02
  1.843E-01  3.314E-01  1.015E+05 -9.852E-08  6.487E-02  3.006E+02  3.010E+02
  1.843E-01  3.377E-01  1.015E+05 -8.378E-08  6.490E-02  2.990E+02  2.992E+02
  1.843E-01  3.440E-01  1.015E+05 -7.116E-08  6.491E-02  2.976E+02  2.979E+02
  1.843E-01  3.503E-01  1.015E+05 -4.091E-08  6.494E-02  2.966E+02  2.968E+02
  1.843E-01  3.567E-01  1.015E+05 -5.197E-08  6.496E-02  2.958E+02  2.959E+02
  1.843E-01  3.630E-01  1.015E+05 -4.621E-08  6.497E-02  2.952E+02  2.953E+02
  1.843E-01  3.693E-01  1.015E+05 -3.964E-08  6.497E-02  2.947E+02  2.948E+02
  1.843E-01  3.756E-01  1.015E+05 -3.615E-08  6.497E-02  2.943E+02  2.944E+02
  1.843E-01  3.819E-01  1.015E+05 -6.259E-08  6.498E-02  2.940E+02  2.941E+02
  1.843E-01  3.882E-01  1.015E+05 -8.497E-08  6.500E-02  2.938E+02  2.938E+02
  1.843E-01  3.945E-01  1.015E+05 -5.544E-08  6.499E-02  2.936E+02  2.937E+02
  1.843E-01  4.008E-01  1.015E+05 -2.075E-08  6.499E-02  2.935E+02  2.935E+02
  1.843E-01  4.072E-01  1.014E+05 -1.669E-08  6.499E-02  2.934E+02  2.934E+02
  1.843E-01  4.135E-01  1.014E+05 -1.792E-08  6.499E-02  2.933E+02  2.933E+02
  1.843E-01  4.198E-01  1.014E+05 -1.617E-08  6.499E-02  2.933E+02  2.933E+02
  1.843E-01  4.261E-01  1.014E+05 -1.503E-08  6.500E-02  2.932E+02  2.932E+02
  1.843E-01  4.324E-01  1.014E+05 -1.370E-08  6.500E-02  2.932E+02  2.932E+02
  1.843E-01  4.387E-01  1.014E+05 -1.242E-08  6.500E-02  2.932E+02  2.932E+02
  1.843E-01  4.450E-01  1.014E+05 -1.117E-08  6.499E-02  2.931E+02  2.931E+02
  1.843E-01  4.513E-01  1.014E+05 -9.969E-09  6.500E-02  2.931E+02  2.931E+02
  1.843E-01  4.577E-01  1.014E+05 -8.810E-09  6.500E-02  2.931E+02  2.931E+02
  1.843E-01  4.640E-01  1.014E+05 -7.699E-09  6.501E-02  2.931E+02  2.931E+02
  1.843E-01  4.703E-01  1.014E+05 -6.629E-09  6.501E-02  2.931E+02  2.931E+02
  1.843E-01  4.766E-01  1.014E+05 -5.572E-09  6.499E-02  2.931E+02  2.931E+02
  1.843E-01  4.829E-01  1.014E+05 -4.512E-09  6.499E-02  2.931E+02  2.931E+02
  1.843E-01  4.892E-01  1.013E+05 -3.482E-09  6.500E-02  2.931E+02  2.931E+02
  1.843E-01  4.955E-01  1.013E+05 -2.377E-09  6.500E-02  2.931E+02  2.931E+02
  1.843E-01  5.018E-01  1.013E+05 -1.774E-09  6.500E-02  2.930E+02  2.930E+02
  1.843E-01  5.050E-01  1.013E+05 -1.774E-09  6.500E-02  2.930E+02  2.930E+02
  2.126E-01  0.000E+00  1.020E+05  7.954E-09  6.500E-02  2.930E+02  2.930E+02
  2.126E-01  3.156E-03  1.020E+05  7.954E-09  6.501E-02  2.930E+02  2.930E+02
  2.126E-01  9.469E-03  1.020E+05  1.358E-08  6.500E-02  2.930E+02  2.930E+02
  2.126E-01  1.578E-02  1.020E+05  2.158E-08  6.500E-02  2.930E+02  2.930E+02
  2.126E-01  2.209E-02  1.020E+05  4.802E-08  6.500E-02  2.930E+02  2.930E+02
  2.126E-01  2.841E-02  1.020E+05  5.168E-08  6.500E-02  2.931E+02  2.931E+02
  2.126E-01  3.472E-02  1.020E+05  5.170E-08  6.500E-02  2.931E+02  2.931E+02
  2.126E-01  4.103E-02  1.019E+05  2.786E-08  6.499E-02  2.932E+02  2.932E+02
  2.126E-01  4.734E-02  1.019E+05  2.064E-08  6.500E-02  2.933E+02  2.933E+02
  2.126E-01  5.366E-02  1.019E+05  1.328E-08  6.502E-02  2.934E+02  2.934E+02
  2.126E-01  5.997E-02  1.019E+05  7.393E-09  6.503E-02  2.937E+02  2.937E+02
  2.126E-01  6.628E-02  1.019E+05  9.687E-10  6.503E-02  2.941E+02  2.940E+02
  2.126E-01  7.259E-02  1.019E+05 -6.469E-09  6.505E-02  2.947E+02  2.946E+02
  2.126E-01  7.891E-02  1.019E+05 -1.632E-08  6.507E-02  2.955E+02  2.954E+02
  2.126E-01  8.522E-02  1.019E+05 -3.305E-08  6.510E-02  2.968E+02  2.966E+02
  2.126E-01  9.153E-02  1.019E+05 -3.995E-08  6.514E-02  2.986E+02  2.983E+02
  2.126E-01  9.784E-02  1.019E+05 -2.432E-07  6.520E-02  3.010E+02  3.007E+02
  2.126E-01  1.042E-01  1.019E+05  5.107E-07  6.527E-02  3.044E+02  3.039E+02
  2.126E-01  1.105E-01  1.019E+05  2.673E-06  6.534E-02  3.088E+02  3.081E+02
  2.126E-01  1.168E-01  1.019E+05  2.676E-06  6.542E-02  3.144E+02  3.136E+02
  2.126E-01  1.231E-01  1.018E+05  6.439E-07  6.553E-02  3.215E+02  3.204E+02
  2.126E-01  1.294E-01  1.018E+05 -8.866E-08  6.562E-02  3.300E+02  3.287E+02
  2.126E-01  1.357E-01  1.018E+05  3.915E-08  6.567E-02  3.400E+02  3.385E+02
  2.126E-01  1.420E-01  1.018E+05  2.951E-08  6.570E-02  3.512E+02  3.495E+02
  2.126E-01  1.483E-01  1.018E+05  3.777E-08  6.574E-02  3.634E+02  3.616E+02
  2.126E-01  1.547E-01  1.018E+05  3.923E-08  6.573E-02  3.762E+02  3.744E+02
  2.126E-01  1.610E-01  1.018E+05  3.835E-08  6.567E-02  3.891E+02  3.873E+02
  2.126E-01  1.673E-01  1.018E+05  3.707E-08  6.560E-02  4.015E+02  3.997E+02
  2.126E-01  1.736E-01  1.018E+05  3.561E-08  6.552E-02  4.128E+02  4.112E+02
  2.126E-01  1.799E-01  1.018E+05  3.240E-08  6.542E-02  4.224E+02  4.210E+02
  2.126E-01  1.862E-01  1.018E+05  2.771E-08  6.529E-02  4.298E+02  4.287E+02
  2.126E-01  1.925E-01  1.017E+05  2.180E-08  6.516E-02  4.348E+02  4.340E+02
  2.126E-01  1.988E-01  1.017E+05  1.465E-08  6.503E-02  4.371E+02  4.367E+02
  2.126E-01  2.052E-01  1.017E+05  6.477E-09  6.490E-02  4.366E+02  4.366E+02
  2.126E-01  2.115E-01  1.017E+05 -2.448E-09  6.478E-02  4.336E+02  4.339E+02
  2.126E-01  2.178E-01  1.017E+05 -1.195E-08  6.468E-02  4.282E+02  4.289E+02
  2.126E-01  2.241E-01  1.017E+05 -2.171E-08  6.459E-02  4.210E+02  4.219E+02
  2.126E-01  2.304E-01  1.017E+05 -3.137E-08  6.452E-02  4.122E+02  4.134E+02
  2.126E-01  2.367E-01  1.017E+05 -4.200E-08  6.444E-02  4.023E+02  4.037E+02
  2.126E-01  2.430E-01  1.017E+05 -5.326E-08  6.442E-02  3.919E+02  3.934E+02
  2.126E-01  2.493E-01  1.017E+05 -6.386E-08  6.441E-02  3.812E+02  3.828E+02
  2.126E-01  2.557E-01  1.016E+05 -7.407E-08  6.442E-02  3.707E+02  3.723E+02
  2.126E-01  2.620E-01  1.016E+05 -8.409E-08  6.442E-02  3.606E+02  3.621E+02
  2.126E-01  2.683E-01  1.016E+05 -9.301E-08  6.442E-02  3.511E+02  3.526E+02
  2.126E-01  2.746E-01  1.016E+05 -9.788E-08  6.448E-02  3.424E+02  3.438E+02
  2.126E-01  2.809E-01  1.016E+05 -9.992E-08  6.454E-02  3.346E+02  3.359E+02
  2.126E-01  2.872E-01  1.016E+05 -9.863E-08  6.459E-02  3.277E+02  3.288E+02
  2.126E-01  2.935E-01  1.016E+05 -9.474E-08  6.464E-02  3.216E+02  3.226E+02
  2.126E-01  2.998E-01  1.016E+05 -8.955E-08  6.469E-02  3.164E+02  3.173E+02
  2.126E-01  3.062E-01  1.016E+05 -8.434E-08  6.473E-02  3.120E+02  3.127E+02
  2.126E-01  3.125E-01  1.016E+05 -7.869E-08  6.478E-02  3.083E+02  3.089E+02
  2.126E-01  3.188E-01  1.016E+05 -7.277E-08  6.481E-02  3.052E+02  3.057E+02
  2.126E-01  3.251E-01  1.015E+05 -6.668E-08  6.484E-02  3.027E+02  3.031E+02
  2.126E-01  3.314E-01  1.015E+05 -6.060E-08  6.487E-02  3.006E+02  3.010E+02
  2.126E-01  3.377E-01  1.015E+05 -5.440E-08  6.490E-02  2.990E+02  2.992E+02
  2.126E-01  3.440E-01  1.015E+05 -4.829E-08  6.491E-02  2.976E+02  2.979E+02
  2.126E-01  3.503E-01  1.015E+05 -4.200E-08  6.494E-02  2.966E+02  2.968E+02
  2.126E-01  3.567E-01  1.015E+05 -3.607E-08  6.496E-02  2.958E+02  2.959E+02
  2.126E-01  3.630E-01  1.015E+05 -3.044E-08  6.497E-02  2.952E+02  2.953E+02
  2.126E-01  3.693E-01  1.015E+05 -2.172E-08  6.497E-02  2.947E+02  2.948E+02
  2.126E-01  3.756E-01  1.015E+05 -1.745E-08  6.497E-02  2.943E+02  2.944E+02
  2.126E-01  3.819E-01  1.015E+05 -4.278E-08  6.498E-02  2.940E+02  2.941E+02
  2.126E-01  3.882E-01  1.015E+05 -6.488E-08  6.500E-02  2.938E+02  2.938E+02
  2.126E-01  3.945E-01  1.015E+05 -3.792E-08  6.499E-02  2.936E+02  2.937E+02
  2.126E-01  4.008E-01  1.015E+05 -6.335E-09  6.499E-02  2.935E+02  2.935E+02
  2.126E-01  4.072E-01  1.014E+05 -4.559E-09  6.499E-02  2.934E+02  2.934E+02
  2.126E-01  4.135E-01  1.014E+05 -7.501E-09  6.499E-02  2.933E+02  2.933E+02
  2.126E-01  4.198E-01  1.014E+05 -7.154E-09  6.499E-02  2.933E+02  2.933E+02
  2.126E-01  4.261E-01  1.014E+05 -7.148E-09  6.500E-02  2.932E+02  2.932E+02
  2.126E-01  4.324E-01  1.014E+05 -6.756E-09  6.500E-02  2.932E+02  2.932E+02
  2.126E-01  4.387E-01  1.014E+05 -6.294E-09  6.500E-02  2.932E+02  2.932E+02
  2.126E-01  4.450E-01  1.014E+05 -5.758E-09  6.499E-02  2.931E+02  2.931E+02
  2.126E-01  4.513E-01  1.014E+05 -5.168E-09  6.500E-02  2.931E+02  2.931E+02
  2.126E-01  4.577E-01  1.014E+05 -4.573E-09  6.500E-02  2.931E+02  2.931E+02
  2.126E-01  4.640E-01  1.014E+05 -3.984E-09  6.501E-02  2.931E+02  2.931E+02
  2.126E-01  4.703E-01  1.014E+05 -3.401E-09  6.501E-02  2.931E+02  2.931E+02
  2.126E-01  4.766E-01  1.014E+05 -2.844E-09  6.499E-02  2.931E+02  2.931E+02
  2.126E-01  4.829E-01  1.014E+05 -2.303E-09  6.499E-02  2.931E+02  2.931E+02
  2.126E-01  4.892E-01  1.013E+05 -1.768E-09  6.500E-02  2.931E+02  2.931E+02
  2.126E-01  4.955E-01  1.013E+05 -1.188E-09  6.500E-02  2.931E+02  2.931E+02
  2.126E-01  5.018E-01  1.013E+05 -8.821E-10  6.500E-02  2.930E+02  2.930E+02
  2.126E-01  5.050E-01  1.013E+05 -8.821E-10  6.500E-02  2.930E+02  2.930E+02
  2.410E-01  0.000E+00  1.020E+05 -1.019E-07  6.500E-02  2.930E+02  2.930E+02
  2.410E-01  3.156E-03  1.020E+05 -1.019E-07  6.501E-02  2.930E+02  2.930E+02
  2.410E-01  9.469E-03  1.020E+05 -8.348E-08  6.500E-02  2.930E+02  2.930E+02
  2.410E-01  1.578E-02  1.020E+05 -7.469E-08  6.500E-02  2.930E+02  2.930E+02
  2.410E-01  2.209E-02  1.020E+05 -6.647E-08  6.500E-02  2.930E+02  2.930E+02
  2.410E-01  2.841E-02  1.020E+05 -7.855E-08  6.500E-02  2.931E+02  2.931E+02
  2.410E-01  3.472E-02  1.020E+05 -5.194E-08  6.500E-02  2.931E+02  2.931E+02
  2.410E-01  4.103E-02  1.019E+05 -4.495E-08  6.499E-02  2.932E+02  2.932E+02
  2.410E-01  4.734E-02  1.019E+05 -3.813E-08  6.500E-02  2.933E+02  2.933E+02
  2.410E-01  5.366E-02  1.019E+05 -3.545E-08  6.502E-02  2.934E+02  2.934E+02
  2.410E-01  5.997E-02  1.019E+05 -3.559E-08  6.503E-02  2.937E+02  2.937E+02
  2.410E-01  6.628E-02  1.019E+05 -3.869E-08  6.503E-02  2.941E+02  2.940E+02
  2.410E-01  7.259E-02  1.019E+05 -4.460E-08  6.505E-02  2.947E+02  2.946E+02
  2.410E-01  7.891E-02  1.019E+05 -5.446E-08  6.507E-02  2.955E+02  2.954E+02
  2.410E-01  8.522E-02  1.019E+05 -6.491E-08  6.510E-02  2.968E+02  2.966E+02
  2.410E-01  9.153E-02  1.019E+05 -8.864E-08  6.514E-02  2.986E+02  2.983E+02
  2.410E-01  9.784E-02  1.019E+05 -1.281E-07  6.520E-02  3.010E+02  3.007E+02
  2.410E-01  1.042E-01  1.019E+05 -3.086E-07  6.527E-02  3.044E+02  3.039E+02
  2.410E-01  1.105E-01  1.019E+05  4.670E-07  6.535E-02  3.088E+02  3.081E+02
  2.410E-01  1.168E-01  1.019E+05  2.588E-06  6.542E-02  3.144E+02  3.136E+02
  2.410E-01  1.231E-01  1.018E+05  2.472E-06  6.552E-02  3.215E+02  3.204E+02
  2.410E-01  1.294E-01  1.018E+05  3.950E-07  6.561E-02  3.300E+02  3.287E+02
  2.410E-01  1.357E-01  1.018E+05 -2.822E-07  6.567E-02  3.400E+02  3.385E+02
  2.410E-01  1.420E-01  1.018E+05 -1.046E-07  6.570E-02  3.512E+02  3.495E+02
  2.410E-01  1.483E-01  1.018E+05 -8.793E-08  6.574E-02  3.634E+02  3.616E+02
  2.410E-01  1.547E-01  1.018E+05 -5.890E-08  6.573E-02  3.762E+02  3.744E+02
  2.410E-01  1.610E-01  1.018E+05 -4.194E-08  6.567E-02  3.891E+02  3.873E+02
  2.410E-01  1.673E-01  1.018E+05 -2.905E-08  6.560E-02  4.015E+02  3.997E+02
  2.410E-01  1.736E-01  1.018E+05 -1.928E-08  6.552E-02  4.128E+02  4.112E+02
  2.410E-01  1.799E-01  1.018E+05 -1.229E-08  6.542E-02  4.224E+02  4.210E+02
  2.410E-01  1.862E-01  1.018E+05 -7.322E-09  6.529E-02  4.298E+02  4.287E+02
  2.410E-01  1.925E-01  1.017E+05 -4.084E-09  6.516E-02  4.348E+02  4.340E+02
  2.410E-01  1.988E-01  1.017E+05 -1.893E-09  6.503E-02  4.371E+02  4.367E+02
  2.410E-01  2.052E-01  1.017E+05 -4.393E-10  6.490E-02  4.366E+02  4.366E+02
  2.410E-01  2.115E-01  1.017E+05  4.526E-10  6.478E-02  4.336E+02  4.339E+02
  2.410E-01  2.178E-01  1.017E+05  7.932E-10  6.468E-02  4.282E+02  4.289E+02
  2.410E-01  2.241E-01  1.017E+05  5.759E-10  6.459E-02  4.210E+02  4.219E+02
  2.410E-01  2.304E-01  1.017E+05 -3.204E-10  6.452E-02  4.122E+02  4.134E+02
  2.410E-01  2.367E-01  1.017E+05 -1.593E-09  6.444E-02  4.023E+02  4.037E+02
  2.410E-01  2.430E-01  1.017E+05 -3.157E-09  6.442E-02  3.919E+02  3.934E+02
  2.410E-01  2.493E-01  1.017E+05 -5.308E-09  6.441E-02  3.812E+02  3.828E+02
  2.410E-01  2.557E-01  1.016E+05 -7.800E-09  6.442E-02  3.707E+02  3.723E+02
  2.410E-01  2.620E-01  1.016E+05 -1.046E-08  6.442E-02  3.606E+02  3.621E+02
  2.410E-01  2.683E-01  1.016E+05 -1.159E-08  6.442E-02  3.511E+02  3.526E+02
  2.410E-01  2.746E-01  1.016E+05 -1.309E-08  6.448E-02  3.424E+02  3.438E+02
  2.410E-01  2.809E-01  1.016E+05 -1.672E-08  6.454E-02  3.346E+02  3.359E+02
  2.410E-01  2.872E-01  1.016E+05 -1.973E-08  6.459E-02  3.277E+02  3.288E+02
  2.410E-01  2.935E-01  1.016E+05 -2.081E-08  6.464E-02  3.216E+02  3.226E+02
  2.410E-01  2.998E-01  1.016E+05 -2.119E-08  6.469E-02  3.164E+02  3.173E+02
  2.410E-01  3.062E-01  1.016E+05 -2.195E-08  6.473E-02  3.120E+02  3.127E+02
  2.410E-01  3.125E-01  1.016E+05 -2.242E-08  6.478E-02  3.083E+02  3.089E+02
  2.410E-01  3.188E-01  1.016E+05 -2.252E-08  6.481E-02  3.052E+02  3.057E+02
  2.410E-01  3.251E-01  1.015E+05 -2.235E-08  6.484E-02  3.027E+02  3.031E+02
  2.410E-01  3.314E-01  1.015E+05 -2.181E-08  6.487E-02  3.006E+02  3.010E+02
  2.410E-01  3.377E-01  1.015E+05 -2.099E-08  6.490E-02  2.990E+02  2.992E+02
  2.410E-01  3.440E-01  1.015E+05 -2.023E-08  6.491E-02  2.976E+02  2.979E+02
  2.410E-01  3.503E-01  1.015E+05 -1.958E-08  6.494E-02  2.966E+02  2.968E+02
  2.410E-01  3.567E-01  1.015E+05 -1.934E-08  6.496E-02  2.958E+02  2.959E+02
  2.410E-01  3.630E-01  1.015E+05 -1.951E-08  6.497E-02  2.952E+02  2.953E+02
  2.410E-01  3.693E-01  1.015E+05 -2.012E-08  6.497E-02  2.947E+02  2.948E+02
  2.410E-01  3.756E-01  1.015E+05 -2.180E-08  6.497E-02  2.943E+02  2.944E+02
  2.410E-01  3.819E-01  1.015E+05 -2.491E-08  6.498E-02  2.940E+02  2.941E+02
  2.410E-01  3.882E-01  1.015E+05 -2.652E-08  6.500E-02  2.938E+02  2.938E+02
  2.410E-01  3.945E-01  1.015E+05 -2.303E-08  6.499E-02  2.936E+02  2.937E+02
  2.410E-01  4.008E-01  1.015E+05 -1.798E-08  6.499E-02  2.935E+02  2.935E+02
  2.410E-01  4.072E-01  1.014E+05 -1.434E-08  6.499E-02  2.934E+02  2.934E+02
  2.410E-01  4.135E-01  1.014E+05 -1.182E-08  6.499E-02  2.933E+02  2.933E+02
  2.410E-01  4.198E-01  1.014E+05 -9.787E-09  6.499E-02  2.933E+02  2.933E+02
  2.410E-01  4.261E-01  1.014E+05 -8.221E-09  6.500E-02  2.932E+02  2.932E+02
  2.410E-01  4.324E-01  1.014E+05 -6.964E-09  6.500E-02  2.932E+02  2.932E+02
  2.410E-01  4.387E-01  1.014E+05 -5.930E-09  6.500E-02  2.932E+02  2.932E+02
  2.410E-01  4.450E-01  1.014E+05 -5.069E-09  6.499E-02  2.931E+02  2.931E+02
  2.410E-01  4.513E-01  1.014E+05 -4.354E-09  6.500E-02  2.931E+02  2.931E+02
  2.410E-01  4.577E-01  1.014E+05 -3.751E-09  6.500E-02  2.931E+02  2.931E+02
  2.410E-01  4.640E-01  1.014E+05 -3.191E-09  6.501E-02  2.931E+02  2.931E+02
  2.410E-01  4.703E-01  1.014E+05 -2.685E-09  6.501E-02  2.931E+02  2.931E+02
  2.410E-01  4.766E-01  1.014E+05 -2.241E-09  6.499E-02  2.931E+02  2.931E+02
  2.410E-01  4.829E-01  1.014E+05 -1.815E-09  6.499E-02  2.931E+02  2.931E+02
  2.410E-01  4.892E-01  1.013E+05 -1.406E-09  6.500E-02  2.931E+02  2.931E+02
  2.410E-01  4.955E-01  1.013E+05 -9.638E-10  6.500E-02  2.931E+02  2.931E+02
  2.410E-01  5.018E-01  1.013E+05 -7.147E-10  6.500E-02  2.930E+02  2.930E+02
  2.410E-01  5.050E-01  1.013E+05 -7.147E-10  6.500E-02  2.930E+02  2.930E+02
  2.693E-01  0.000E+00  1.020E+05 -7.835E-08  6.500E-02  2.930E+02  2.930E+02
  2.693E-01  3.156E-03  1.020E+05 -7.835E-08  6.501E-02  2.930E+02  2.930E+02
  2.693E-01  9.469E-03  1.020E+05 -5.961E-08  6.500E-02  2.930E+02  2.930E+02
  2.693E-01  1.578E-02  1.020E+05 -4.839E-08  6.500E-02  2.930E+02  2.930E+02
  2.693E-01  2.209E-02  1.020E+05 -3.957E-08  6.500E-02  2.930E+02  2.930E+02
  2.693E-01  2.841E-02  1.020E+05 -3.354E-08  6.500E-02  2.931E+02  2.931E+02
  2.693E-01  3.472E-02  1.020E+05 -2.919E-08  6.500E-02  2.931E+02  2.931E+02
  2.693E-01  4.103E-02  1.019E+05 -2.685E-08  6.499E-02  2.932E+02  2.932E+02
  2.693E-01  4.734E-02  1.019E+05 -2.614E-08  6.500E-02  2.933E+02  2.933E+02
  2.693E-01  5.366E-02  1.019E+05 -2.709E-08  6.502E-02  2.934E+02  2.934E+02
  2.693E-01  5.997E-02  1.019E+05 -2.971E-08  6.503E-02  2.937E+02  2.937E+02
  2.693E-01  6.628E-02  1.019E+05 -3.410E-08  6.503E-02  2.941E+02  2.940E+02
  2.693E-01  7.259E-02  1.019E+05 -4.053E-08  6.505E-02  2.947E+02  2.946E+02
  2.693E-01  7.891E-02  1.019E+05 -4.905E-08  6.507E-02  2.955E+02  2.954E+02
  2.693E-01  8.522E-02  1.019E+05 -6.044E-08  6.510E-02  2.968E+02  2.966E+02
  2.693E-01  9.153E-02  1.019E+05 -7.383E-08  6.514E-02  2.986E+02  2.983E+02
  2.693E-01  9.784E-02  1.019E+05 -1.004E-07  6.520E-02  3.010E+02  3.007E+02
  2.693E-01  1.042E-01  1.019E+05 -9.302E-08  6.527E-02  3.044E+02  3.039E+02
  2.693E-01  1.105E-01  1.019E+05 -2.515E-07  6.535E-02  3.088E+02  3.081E+02
  2.693E-01  1.168E-01  1.019E+05  7.107E-07  6.543E-02  3.144E+02  3.136E+02
  2.693E-01  1.231E-01  1.018E+05  8.419E-06  6.552E-02  3.215E+02  3.204E+02
  2.693E-01  1.294E-01  1.018E+05  5.762E-07  6.560E-02  3.300E+02  3.287E+02
  2.693E-01  1.357E-01  1.018E+05 -2.830E-07  6.566E-02  3.400E+02  3.385E+02
  2.693E-01  1.420E-01  1.018E+05 -8.713E-08  6.570E-02  3.512E+02  3.495E+02
  2.693E-01  1.483E-01  1.018E+05 -7.744E-08  6.574E-02  3.634E+02  3.616E+02
  2.693E-01  1.547E-01  1.018E+05 -4.960E-08  6.573E-02  3.762E+02  3.744E+02
  2.693E-01  1.610E-01  1.018E+05 -3.360E-08  6.567E-02  3.891E+02  3.872E+02
  2.693E-01  1.673E-01  1.018E+05 -2.182E-08  6.560E-02  4.015E+02  3.997E+02
  2.693E-01  1.736E-01  1.018E+05 -1.357E-08  6.552E-02  4.128E+02  4.112E+02
  2.693E-01  1.799E-01  1.018E+05 -7.987E-09  6.542E-02  4.224E+02  4.210E+02
  2.693E-01  1.862E-01  1.018E+05 -4.325E-09  6.529E-02  4.298E+02  4.287E+02
  2.693E-01  1.925E-01  1.017E+05 -2.127E-09  6.516E-02  4.348E+02  4.340E+02
  2.693E-01  1.988E-01  1.017E+05 -6.866E-10  6.503E-02  4.371E+02  4.367E+02
  2.693E-01  2.052E-01  1.017E+05  3.268E-10  6.490E-02  4.366E+02  4.366E+02
  2.693E-01  2.115E-01  1.017E+05  1.264E-09  6.478E-02  4.336E+02  4.339E+02
  2.693E-01  2.178E-01  1.017E+05  2.136E-09  6.468E-02  4.282E+02  4.289E+02
  2.693E-01  2.241E-01  1.017E+05  2.966E-09  6.459E-02  4.210E+02  4.219E+02
  2.693E-01  2.304E-01  1.017E+05  3.593E-09  6.452E-02  4.122E+02  4.134E+02
  2.693E-01  2.367E-01  1.017E+05  4.429E-09  6.444E-02  4.023E+02  4.037E+02
  2.693E-01  2.430E-01  1.017E+05  5.519E-09  6.442E-02  3.919E+02  3.934E+02
  2.693E-01  2.493E-01  1.017E+05  6.307E-09  6.441E-02  3.812E+02  3.828E+02
  2.693E-01  2.557E-01  1.016E+05  6.761E-09  6.442E-02  3.707E+02  3.723E+02
  2.693E-01  2.620E-01  1.016E+05  6.639E-09  6.442E-02  3.606E+02  3.621E+02
  2.693E-01  2.683E-01  1.016E+05  6.744E-09  6.442E-02  3.511E+02  3.526E+02
  2.693E-01  2.746E-01  1.016E+05  6.268E-09  6.448E-02  3.424E+02  3.438E+02
  2.693E-01  2.809E-01  1.016E+05  5.279E-09  6.454E-02  3.346E+02  3.359E+02
  2.693E-01  2.872E-01  1.016E+05  3.939E-09  6.459E-02  3.277E+02  3.288E+02
  2.693E-01  2.935E-01  1.016E+05  2.675E-09  6.464E-02  3.216E+02  3.226E+02
  2.693E-01  2.998E-01  1.016E+05  1.468E-09  6.469E-02  3.164E+02  3.173E+02
  2.693E-01  3.062E-01  1.016E+05  2.300E-10  6.473E-02  3.120E+02  3.127E+02
  2.693E-01  3.125E-01  1.016E+05 -9.653E-10  6.478E-02  3.083E+02  3.089E+02
  2.693E-01  3.188E-01  1.016E+05 -2.102E-09  6.481E-02  3.052E+02  3.057E+02
  2.693E-01  3.251E-01  1.015E+05 -3.232E-09  6.484E-02  3.027E+02  3.031E+02
  2.693E-01  3.314E-01  1.015E+05 -4.253E-09  6.487E-02  3.006E+02  3.010E+02
  2.693E-01  3.377E-01  1.015E+05 -5.187E-09  6.490E-02  2.990E+02  2.992E+02
  2.693E-01  3.440E-01  1.015E+05 -6.220E-09  6.491E-02  2.976E+02  2.979E+02
  2.693E-01  3.503E-01  1.015E+05 -7.353E-09  6.493E-02  2.966E+02  2.968E+02
  2.693E-01  3.567E-01  1.015E+05 -8.618E-09  6.496E-02  2.958E+02  2.959E+02
  2.693E-01  3.630E-01  1.015E+05 -1.013E-08  6.497E-02  2.952E+02  2.953E+02
  2.693E-01  3.693E-01  1.015E+05 -1.187E-08  6.497E-02  2.947E+02  2.948E+02
  2.693E-01  3.756E-01  1.015E+05 -1.415E-08  6.497E-02  2.943E+02  2.944E+02
  2.693E-01  3.819E-01  1.015E+05 -1.690E-08  6.498E-02  2.940E+02  2.941E+02
  2.693E-01  3.882E-01  1.015E+05 -1.868E-08  6.500E-02  2.938E+02  2.938E+02
  2.693E-01  3.945E-01  1.015E+05 -1.656E-08  6.499E-02  2.936E+02  2.937E+02
  2.693E-01  4.008E-01  1.015E+05 -1.348E-08  6.499E-02  2.935E+02  2.935E+02
  2.693E-01  4.072E-01  1.014E+05 -1.090E-08  6.499E-02  2.934E+02  2.934E+02
  2.693E-01  4.135E-01  1.014E+05 -8.919E-09  6.499E-02  2.933E+02  2.933E+02
  2.693E-01  4.198E-01  1.014E+05 -7.237E-09  6.499E-02  2.933E+02  2.933E+02
  2.693E-01  4.261E-01  1.014E+05 -5.899E-09  6.500E-02  2.932E+02  2.932E+02
  2.693E-01  4.324E-01  1.014E+05 -4.823E-09  6.500E-02  2.932E+02  2.932E+02
  2.693E-01  4.387E-01  1.014E+05 -3.943E-09  6.500E-02  2.932E+02  2.932E+02
  2.693E-01  4.450E-01  1.014E+05 -3.226E-09  6.499E-02  2.931E+02  2.931E+02
  2.693E-01  4.513E-01  1.014E+05 -2.658E-09  6.500E-02  2.931E+02  2.931E+02
  2.693E-01  4.577E-01  1.014E+05 -2.218E-09  6.500E-02  2.931E+02  2.931E+02
  2.693E-01  4.640E-01  1.014E+05 -1.832E-09  6.501E-02  2.931E+02  2.931E+02
  2.693E-01  4.703E-01  1.014E+05 -1.513E-09  6.501E-02  2.931E+02  2.931E+02
  2.693E-01  4.766E-01  1.014E+05 -1.248E-09  6.499E-02  2.931E+02  2.931E+02
  2.693E-01  4.829E-01  1.014E+05 -9.926E-10  6.499E-02  2.931E+02  2.931E+02
  2.693E-01  4.892E-01  1.013E+05 -7.624E-10  6.500E-02  2.931E+02  2.931E+02
  2.693E-01  4.955E-01  1.013E+05 -5.220E-10  6.500E-02  2.931E+02  2.931E+02
  2.693E-01  5.018E-01  1.013E+05 -3.844E-10  6.500E-02  2.930E+02  2.930E+02
  2.693E-01  5.050E-01  1.013E+05 -3.844E-10  6.500E-02  2.930E+02  2.930E+02
  2.835E-01  0.000E+00  1.020E+05 -7.835E-08  6.500E-02  2.930E+02  2.930E+02
  2.835E-01  3.156E-03  1.020E+05  0.000E+00  0.000E+00  2.930E+02  2.930E+02
  2.835E-01  9.469E-03  1.020E+05  0.000E+00  0.000E+00  2.930E+02  2.930E+02
  2.835E-01  1.578E-02  1.020E+05  0.000E+00  0.000E+00  2.930E+02  2.930E+02
  2.835E-01  2.209E-02  1.020E+05  0.000E+00  0.000E+00  2.930E+02  2.930E+02
  2.835E-01  2.841E-02  1.020E+05  0.000E+00  0.000E+00  2.931E+02  2.931E+02
  2.835E-01  3.472E-02  1.020E+05  0.000E+00  0.000E+00  2.931E+02  2.931E+02
  2.835E-01  4.103E-02  1.019E+05  0.000E+00  0.000E+00  2.932E+02  2.932E+02
  2.835E-01  4.734E-02  1.019E+05  0.000E+00  0.000E+00  2.933E+02  2.933E+02
  2.835E-01  5.366E-02  1.019E+05  0.000E+00  0.000E+00  2.934E+02  2.934E+02
  2.835E-01  5.997E-02  1.019E+05  0.000E+00  0.000E+00  2.937E+02  2.937E+02
  2.835E-01  6.628E-02  1.019E+05  0.000E+00  0.000E+00  2.941E+02  2.940E+02
  2.835E-01  7.259E-02  1.019E+05  0.000E+00  0.000E+00  2.947E+02  2.946E+02
  2.835E-01  7.891E-02  1.019E+05  0.000E+00  0.000E+00  2.955E+02  2.954E+02
  2.835E-01  8.522E-02  1.019E+05  0.000E+00  0.000E+00  2.968E+02  2.966E+02
  2.835E-01  9.153E-02  1.019E+05  0.000E+00  0.000E+00  2.986E+02  2.983E+02
  2.835E-01  9.784E-02  1.019E+05  0.000E+00  0.000E+00  3.010E+02  3.007E+02
  2.835E-01  1.042E-01  1.019E+05  0.000E+00  0.000E+00  3.044E+02  3.039E+02
  2.835E-01  1.105E-01  1.019E+05  0.000E+00  0.000E+00  3.088E+02  3.081E+02
  2.835E-01  1.168E-01  1.019E+05  0.000E+00  0.000E+00  3.144E+02  3.136E+02
  2.835E-01  1.231E-01  1.018E+05  0.000E+00  0.000E+00  3.215E+02  3.204E+02
  2.835E-01  1.294E-01  1.018E+05  0.000E+00  0.000E+00  3.300E+02  3.287E+02
  2.835E-01  1.357E-01  1.018E+05  0.000E+00  0.000E+00  3.400E+02  3.385E+02
  2.835E-01  1.420E-01  1.018E+05  0.000E+00  0.000E+00  3.512E+02  3.495E+02
  2.835E-01  1.483E-01  1.018E+05  0.000E+00  0.000E+00  3.634E+02  3.616E+02
  2.835E-01  1.547E-01  1.018E+05  0.000E+00  0.000E+00  3.762E+02  3.744E+02
  2.835E-01  1.610E-01  1.018E+05  0.000E+00  0.000E+00  3.891E+02  3.872E+02
  2.835E-01  1.673E-01  1.018E+05  0.000E+00  0.000E+00  4.015E+02  3.997E+02
  2.835E-01  1.736E-01  1.018E+05  0.000E+00  0.000E+00  4.128E+02  4.112E+02
  2.835E-01  1.799E-01  1.018E+05  0.000E+00  0.000E+00  4.224E+02  4.210E+02
  2.835E-01  1.862E-01  1.018E+05  0.000E+00  0.000E+00  4.298E+02  4.287E+02
  2.835E-01  1.925E-01  1.017E+05  0.000E+00  0.000E+00  4.348E+02  4.340E+02
  2.835E-01  1.988E-01  1.017E+05  0.000E+00  0.000E+00  4.371E+02  4.367E+02
  2.835E-01  2.052E-01  1.017E+05  0.000E+00  0.000E+00  4.366E+02  4.366E+02
  2.835E-01  2.115E-01  1.017E+05  0.000E+00  0.000E+00  4.336E+02  4.339E+02
  2.835E-01  2.178E-01  1.017E+05  0.000E+00  0.000E+00  4.282E+02  4.289E+02
  2.835E-01  2.241E-01  1.017E+05  0.000E+00  0.000E+00  4.210E+02  4.219E+02
  2.835E-01  2.304E-01  1.017E+05  0.000E+00  0.000E+00  4.122E+02  4.134E+02
  2.835E-01  2.367E-01  1.017E+05  0.000E+00  0.000E+00  4.023E+02  4.037E+02
  2.835E-01  2.430E-01  1.017E+05  0.000E+00  0.000E+00  3.919E+02  3.934E+02
  2.835E-01  2.493E-01  1.017E+05  0.000E+00  0.000E+00  3.812E+02  3.828E+02
  2.835E-01  2.557E-01  1.016E+05  0.000E+00  0.000E+00  3.707E+02  3.723E+02
  2.835E-01  2.620E-01  1.016E+05  0.000E+00  0.000E+00  3.606E+02  3.621E+02
  2.835E-01  2.683E-01  1.016E+05  0.000E+00  0.000E+00  3.511E+02  3.526E+02
  2.835E-01  2.746E-01  1.016E+05  0.000E+00  0.000E+00  3.424E+02  3.438E+02
  2.835E-01  2.809E-01  1.016E+05  0.000E+00  0.000E+00  3.346E+02  3.359E+02
  2.835E-01  2.872E-01  1.016E+05  0.000E+00  0.000E+00  3.277E+02  3.288E+02
  2.835E-01  2.935E-01  1.016E+05  0.000E+00  0.000E+00  3.216E+02  3.226E+02
  2.835E-01  2.998E-01  1.016E+05  0.000E+00  0.000E+00  3.164E+02  3.173E+02
  2.835E-01  3.062E-01  1.016E+05  0.000E+00  0.000E+00  3.120E+02  3.127E+02
  2.835E-01  3.125E-01  1.016E+05  0.000E+00  0.000E+00  3.083E+02  3.089E+02
  2.835E-01  3.188E-01  1.016E+05  0.000E+00  0.000E+00  3.052E+02  3.057E+02
  2.835E-01  3.251E-01  1.015E+05  0.000E+00  0.000E+00  3.027E+02  3.031E+02
  2.835E-01  3.314E-01  1.015E+05  0.000E+00  0.000E+00  3.006E+02  3.010E+02
  2.835E-01  3.377E-01  1.015E+05  0.000E+00  0.000E+00  2.990E+02  2.992E+02
  2.835E-01  3.440E-01  1.015E+05  0.000E+00  0.000E+00  2.976E+02  2.979E+02
  2.835E-01  3.503E-01  1.015E+05  0.000E+00  0.000E+00  2.966E+02  2.968E+02
  2.835E-01  3.567E-01  1.015E+05  0.000E+00  0.000E+00  2.958E+02  2.959E+02
  2.835E-01  3.630E-01  1.015E+05  0.000E+00  0.000E+00  2.952E+02  2.953E+02
  2.835E-01  3.693E-01  1.015E+05  0.000E+00  0.000E+00  2.947E+02  2.948E+02
  2.835E-01  3.756E-01  1.015E+05  0.000E+00  0.000E+00  2.943E+02  2.944E+02
  2.835E-01  3.819E-01  1.015E+05  0.000E+00  0.000E+00  2.940E+02  2.941E+02
  2.835E-01  3.882E-01  1.015E+05  0.000E+00  0.000E+00  2.938E+02  2.938E+02
  2.835E-01  3.945E-01  1.015E+05  0.000E+00  0.000E+00  2.936E+02  2.937E+02
  2.835E-01  4.008E-01  1.015E+05  0.000E+00  0.000E+00  2.935E+02  2.935E+02
  2.835E-01  4.072E-01  1.014E+05  0.000E+00  0.000E+00  2.934E+02  2.934E+02
  2.835E-01  4.135E-01  1.014E+05  0.000E+00  0.000E+00  2.933E+02  2.933E+02
  2.835E-01  4.198E-01  1.014E+05  0.000E+00  0.000E+00  2.933E+02  2.933E+02
  2.835E-01  4.261E-01  1.014E+05  0.000E+00  0.000E+00  2.932E+02  2.932E+02
  2.835E-01  4.324E-01  1.014E+05  0.000E+00  0.000E+00  2.932E+02  2.932E+02
  2.835E-01  4.387E-01  1.014E+05  0.000E+00  0.000E+00  2.932E+02  2.932E+02
  2.835E-01  4.450E-01  1.014E+05  0.000E+00  0.000E+00  2.931E+02  2.931E+02
  2.835E-01  4.513E-01  1.014E+05  0.000E+00  0.000E+00  2.931E+02  2.931E+02
  2.835E-01  4.577E-01  1.014E+05  0.000E+00  0.000E+00  2.931E+02  2.931E+02
  2.835E-01  4.640E-01  1.014E+05  0.000E+00  0.000E+00  2.931E+02  2.931E+02
  2.835E-01  4.703E-01  1.014E+05  0.000E+00  0.000E+00  2.931E+02  2.931E+02
  2.835E-01  4.766E-01  1.014E+05  0.000E+00  0.000E+00  2.931E+02  2.931E+02
  2.835E-01  4.829E-01  1.014E+05  0.000E+00  0.000E+00  2.931E+02  2.931E+02
  2.835E-01  4.892E-01  1.013E+05  0.000E+00  0.000E+00  2.931E+02  2.931E+02
  2.835E-01  4.955E-01  1.013E+05  0.000E+00  0.000E+00  2.931E+02  2.931E+02
  2.835E-01  5.018E-01  1.013E+05  0.000E+00  0.000E+00  2.930E+02  2.930E+02
  2.835E-01  5.050E-01  1.013E+05 -3.844E-10  6.500E-02  2.930E+02  2.930E+02
