VARIABLES="XP","YP","P","U","V","TS","TF"
ZONE T="Zone 001"I=    82 J=    12 F=POINT
  0.000E+00  0.000E+00  1.013E+05  0.000E+00  0.000E+00  2.932E+02  2.936E+02
  0.000E+00  3.156E-03  1.013E+05  0.000E+00  0.000E+00  2.932E+02  2.936E+02
  0.000E+00  9.469E-03  1.013E+05  0.000E+00  0.000E+00  2.936E+02  2.938E+02
  0.000E+00  1.578E-02  1.013E+05  0.000E+00  0.000E+00  2.939E+02  2.940E+02
  0.000E+00  2.209E-02  1.013E+05  0.000E+00  0.000E+00  2.941E+02  2.942E+02
  0.000E+00  2.841E-02  1.013E+05  0.000E+00  0.000E+00  2.943E+02  2.945E+02
  0.000E+00  3.472E-02  1.013E+05  0.000E+00  0.000E+00  2.944E+02  2.949E+02
  0.000E+00  4.103E-02  1.013E+05  0.000E+00  0.000E+00  2.946E+02  2.954E+02
  0.000E+00  4.734E-02  1.013E+05  0.000E+00  0.000E+00  2.948E+02  2.963E+02
  0.000E+00  5.366E-02  1.013E+05  0.000E+00  0.000E+00  2.954E+02  2.981E+02
  0.000E+00  5.997E-02  1.013E+05  0.000E+00  0.000E+00  2.965E+02  3.008E+02
  0.000E+00  6.628E-02  1.013E+05  0.000E+00  0.000E+00  2.991E+02  3.047E+02
  0.000E+00  7.259E-02  1.013E+05  0.000E+00  0.000E+00  3.043E+02  3.127E+02
  0.000E+00  7.891E-02  1.013E+05  0.000E+00  0.000E+00  3.148E+02  3.286E+02
  0.000E+00  8.522E-02  1.013E+05  0.000E+00  0.000E+00  3.346E+02  3.591E+02
  0.000E+00  9.153E-02  1.013E+05  0.000E+00  0.000E+00  3.692E+02  4.189E+02
  0.000E+00  9.784E-02  1.013E+05  0.000E+00  0.000E+00  4.233E+02  5.365E+02
  0.000E+00  1.042E-01  1.013E+05  0.000E+00  0.000E+00  4.992E+02  7.372E+02
  0.000E+00  1.105E-01  1.013E+05  0.000E+00  0.000E+00  4.239E+02  5.186E+02
  0.000E+00  1.168E-01  1.013E+05  0.000E+00  0.000E+00  3.690E+02  4.178E+02
  0.000E+00  1.231E-01  1.013E+05  0.000E+00  0.000E+00  3.342E+02  3.694E+02
  0.000E+00  1.294E-01  1.013E+05  0.000E+00  0.000E+00  3.146E+02  3.353E+02
  0.000E+00  1.357E-01  1.013E+05  0.000E+00  0.000E+00  3.041E+02  3.193E+02
  0.000E+00  1.420E-01  1.013E+05  0.000E+00  0.000E+00  2.989E+02  3.095E+02
  0.000E+00  1.483E-01  1.013E+05  0.000E+00  0.000E+00  2.963E+02  3.042E+02
  0.000E+00  1.547E-01  1.013E+05  0.000E+00  0.000E+00  2.952E+02  3.000E+02
  0.000E+00  1.610E-01  1.013E+05  0.000E+00  0.000E+00  2.946E+02  2.975E+02
  0.000E+00  1.673E-01  1.013E+05  0.000E+00  0.000E+00  2.943E+02  2.959E+02
  0.000E+00  1.736E-01  1.013E+05  0.000E+00  0.000E+00  2.941E+02  2.951E+02
  0.000E+00  1.799E-01  1.013E+05  0.000E+00  0.000E+00  2.940E+02  2.945E+02
  0.000E+00  1.862E-01  1.013E+05  0.000E+00  0.000E+00  2.939E+02  2.942E+02
  0.000E+00  1.925E-01  1.013E+05  0.000E+00  0.000E+00  2.938E+02  2.940E+02
  0.000E+00  1.988E-01  1.013E+05  0.000E+00  0.000E+00  2.937E+02  2.939E+02
  0.000E+00  2.052E-01  1.013E+05  0.000E+00  0.000E+00  2.937E+02  2.938E+02
  0.000E+00  2.115E-01  1.013E+05  0.000E+00  0.000E+00  2.936E+02  2.937E+02
  0.000E+00  2.178E-01  1.013E+05  0.000E+00  0.000E+00  2.936E+02  2.936E+02
  0.000E+00  2.241E-01  1.013E+05  0.000E+00  0.000E+00  2.935E+02  2.935E+02
  0.000E+00  2.304E-01  1.013E+05  0.000E+00  0.000E+00  2.935E+02  2.935E+02
  0.000E+00  2.367E-01  1.013E+05  0.000E+00  0.000E+00  2.934E+02  2.934E+02
  0.000E+00  2.430E-01  1.013E+05  0.000E+00  0.000E+00  2.934E+02  2.934E+02
  0.000E+00  2.493E-01  1.013E+05  0.000E+00  0.000E+00  2.933E+02  2.934E+02
  0.000E+00  2.557E-01  1.013E+05  0.000E+00  0.000E+00  2.933E+02  2.933E+02
  0.000E+00  2.620E-01  1.013E+05  0.000E+00  0.000E+00  2.933E+02  2.933E+02
  0.000E+00  2.683E-01  1.013E+05  0.000E+00  0.000E+00  2.933E+02  2.933E+02
  0.000E+00  2.746E-01  1.013E+05  0.000E+00  0.000E+00  2.932E+02  2.933E+02
  0.000E+00  2.809E-01  1.013E+05  0.000E+00  0.000E+00  2.932E+02  2.932E+02
  0.000E+00  2.872E-01  1.013E+05  0.000E+00  0.000E+00  2.932E+02  2.932E+02
  0.000E+00  2.935E-01  1.013E+05  0.000E+00  0.000E+00  2.932E+02  2.932E+02
  0.000E+00  2.998E-01  1.013E+05  0.000E+00  0.000E+00  2.932E+02  2.932E+02
  0.000E+00  3.062E-01  1.013E+05  0.000E+00  0.000E+00  2.931E+02  2.932E+02
  0.000E+00  3.125E-01  1.013E+05  0.000E+00  0.000E+00  2.931E+02  2.931E+02
  0.000E+00  3.188E-01  1.013E+05  0.000E+00  0.000E+00  2.931E+02  2.931E+02
  0.000E+00  3.251E-01  1.013E+05  0.000E+00  0.000E+00  2.931E+02  2.931E+02
  0.000E+00  3.314E-01  1.013E+05  0.000E+00  0.000E+00  2.931E+02  2.931E+02
  0.000E+00  3.377E-01  1.013E+05  0.000E+00  0.000E+00  2.931E+02  2.931E+02
  0.000E+00  3.440E-01  1.013E+05  0.000E+00  0.000E+00  2.931E+02  2.931E+02
  0.000E+00  3.503E-01  1.013E+05  0.000E+00  0.000E+00  2.931E+02  2.931E+02
  0.000E+00  3.567E-01  1.013E+05  0.000E+00  0.000E+00  2.931E+02  2.931E+02
  0.000E+00  3.630E-01  1.013E+05  0.000E+00  0.000E+00  2.931E+02  2.931E+02
  0.000E+00  3.693E-01  1.013E+05  0.000E+00  0.000E+00  2.931E+02  2.931E+02
  0.000E+00  3.756E-01  1.013E+05  0.000E+00  0.000E+00  2.930E+02  2.931E+02
  0.000E+00  3.819E-01  1.013E+05  0.000E+00  0.000E+00  2.930E+02  2.930E+02
  0.000E+00  3.882E-01  1.013E+05  0.000E+00  0.000E+00  2.930E+02  2.930E+02
  0.000E+00  3.945E-01  1.013E+05  0.000E+00  0.000E+00  2.930E+02  2.930E+02
  0.000E+00  4.008E-01  1.013E+05  0.000E+00  0.000E+00  2.930E+02  2.930E+02
  0.000E+00  4.072E-01  1.013E+05  0.000E+00  0.000E+00  2.930E+02  2.930E+02
  0.000E+00  4.135E-01  1.013E+05  0.000E+00  0.000E+00  2.930E+02  2.930E+02
  0.000E+00  4.198E-01  1.013E+05  0.000E+00  0.000E+00  2.930E+02  2.930E+02
  0.000E+00  4.261E-01  1.013E+05  0.000E+00  0.000E+00  2.930E+02  2.930E+02
  0.000E+00  4.324E-01  1.013E+05  0.000E+00  0.000E+00  2.930E+02  2.930E+02
  0.000E+00  4.387E-01  1.013E+05  0.000E+00  0.000E+00  2.930E+02  2.930E+02
  0.000E+00  4.450E-01  1.013E+05  0.000E+00  0.000E+00  2.930E+02  2.930E+02
  0.000E+00  4.513E-01  1.013E+05  0.000E+00  0.000E+00  2.930E+02  2.930E+02
  0.000E+00  4.577E-01  1.013E+05  0.000E+00  0.000E+00  2.930E+02  2.930E+02
  0.000E+00  4.640E-01  1.013E+05  0.000E+00  0.000E+00  2.930E+02  2.930E+02
  0.000E+00  4.703E-01  1.013E+05  0.000E+00  0.000E+00  2.930E+02  2.930E+02
  0.000E+00  4.766E-01  1.013E+05  0.000E+00  0.000E+00  2.930E+02  2.930E+02
  0.000E+00  4.829E-01  1.013E+05  0.000E+00  0.000E+00  2.930E+02  2.930E+02
  0.000E+00  4.892E-01  1.013E+05  0.000E+00  0.000E+00  2.930E+02  2.930E+02
  0.000E+00  4.955E-01  1.013E+05  0.000E+00  0.000E+00  2.930E+02  2.930E+02
  0.000E+00  5.018E-01  1.013E+05  0.000E+00  0.000E+00  2.930E+02  2.930E+02
  0.000E+00  5.050E-01  1.013E+05  0.000E+00  0.000E+00  2.930E+02  2.930E+02
  1.417E-02  0.000E+00  1.013E+05  0.000E+00  0.000E+00  2.930E+02  2.936E+02
  1.417E-02  3.156E-03  1.013E+05  4.231E-07 -3.898E-05  2.932E+02  2.936E+02
  1.417E-02  9.469E-03  1.013E+05  9.516E-06 -9.239E-06  2.936E+02  2.938E+02
  1.417E-02  1.578E-02  1.013E+05  9.845E-06 -3.181E-06  2.939E+02  2.940E+02
  1.417E-02  2.209E-02  1.013E+05 -5.375E-08  2.201E-06  2.941E+02  2.942E+02
  1.417E-02  2.841E-02  1.013E+05 -6.177E-07  2.371E-06  2.943E+02  2.945E+02
  1.417E-02  3.472E-02  1.013E+05 -2.649E-07  4.409E-06  2.944E+02  2.949E+02
  1.417E-02  4.103E-02  1.013E+05 -1.538E-07  1.544E-06  2.946E+02  2.954E+02
  1.417E-02  4.734E-02  1.013E+05 -6.156E-08 -7.005E-06  2.948E+02  2.963E+02
  1.417E-02  5.366E-02  1.013E+05 -1.012E-08 -7.569E-06  2.954E+02  2.981E+02
  1.417E-02  5.997E-02  1.013E+05 -1.295E-09 -6.178E-06  2.965E+02  3.008E+02
  1.417E-02  6.628E-02  1.013E+05 -6.117E-08 -1.169E-05  2.991E+02  3.047E+02
  1.417E-02  7.259E-02  1.013E+05 -4.988E-08 -2.110E-05  3.043E+02  3.127E+02
  1.417E-02  7.891E-02  1.013E+05 -1.248E-07 -3.633E-05  3.148E+02  3.286E+02
  1.417E-02  8.522E-02  1.013E+05 -5.357E-07 -4.884E-05  3.346E+02  3.591E+02
  1.417E-02  9.153E-02  1.013E+05 -1.829E-09 -4.516E-05  3.692E+02  4.189E+02
  1.417E-02  9.784E-02  1.013E+05  6.298E-06 -1.936E-05  4.233E+02  5.365E+02
  1.417E-02  1.042E-01  1.013E+05  2.021E-08  9.027E-05  4.992E+02  7.372E+02
  1.417E-02  1.105E-01  1.013E+05 -6.545E-07 -9.268E-06  4.239E+02  5.186E+02
  1.417E-02  1.168E-01  1.013E+05 -2.499E-07 -1.934E-05  3.690E+02  4.178E+02
  1.417E-02  1.231E-01  1.013E+05 -1.403E-08 -2.338E-05  3.342E+02  3.694E+02
  1.417E-02  1.294E-01  1.013E+05  1.244E-07 -2.252E-05  3.146E+02  3.353E+02
  1.417E-02  1.357E-01  1.013E+05  2.383E-07 -1.262E-05  3.041E+02  3.193E+02
  1.417E-02  1.420E-01  1.013E+05  2.914E-07 -6.067E-06  2.989E+02  3.095E+02
  1.417E-02  1.483E-01  1.013E+05  6.125E-07  2.635E-06  2.963E+02  3.042E+02
  1.417E-02  1.547E-01  1.013E+05 -3.391E-07  5.925E-06  2.952E+02  3.000E+02
  1.417E-02  1.610E-01  1.013E+05 -9.458E-06 -5.044E-06  2.946E+02  2.975E+02
  1.417E-02  1.673E-01  1.013E+05 -4.715E-07 -8.113E-06  2.943E+02  2.959E+02
  1.417E-02  1.736E-01  1.013E+05  4.714E-07  1.651E-06  2.941E+02  2.951E+02
  1.417E-02  1.799E-01  1.013E+05  1.878E-07  4.252E-06  2.940E+02  2.945E+02
  1.417E-02  1.862E-01  1.013E+05  1.433E-07  2.842E-06  2.939E+02  2.942E+02
  1.417E-02  1.925E-01  1.013E+05  8.473E-08  2.549E-06  2.938E+02  2.940E+02
  1.417E-02  1.988E-01  1.013E+05  4.861E-08  2.150E-06  2.937E+02  2.939E+02
  1.417E-02  2.052E-01  1.013E+05  2.291E-08  1.878E-06  2.937E+02  2.938E+02
  1.417E-02  2.115E-01  1.013E+05  5.515E-09  1.648E-06  2.936E+02  2.937E+02
  1.417E-02  2.178E-01  1.013E+05 -6.171E-09  1.454E-06  2.936E+02  2.936E+02
  1.417E-02  2.241E-01  1.013E+05 -1.384E-08  1.290E-06  2.935E+02  2.935E+02
  1.417E-02  2.304E-01  1.013E+05 -1.874E-08  1.138E-06  2.935E+02  2.935E+02
  1.417E-02  2.367E-01  1.013E+05 -2.179E-08  1.020E-06  2.934E+02  2.934E+02
  1.417E-02  2.430E-01  1.013E+05 -2.376E-08  9.275E-07  2.934E+02  2.934E+02
  1.417E-02  2.493E-01  1.013E+05 -2.518E-08  8.424E-07  2.933E+02  2.934E+02
  1.417E-02  2.557E-01  1.013E+05 -2.642E-08  7.680E-07  2.933E+02  2.933E+02
  1.417E-02  2.620E-01  1.013E+05 -2.781E-08  7.007E-07  2.933E+02  2.933E+02
  1.417E-02  2.683E-01  1.013E+05 -2.965E-08  6.415E-07  2.933E+02  2.933E+02
  1.417E-02  2.746E-01  1.013E+05 -3.230E-08  5.899E-07  2.932E+02  2.933E+02
  1.417E-02  2.809E-01  1.013E+05 -3.618E-08  5.465E-07  2.932E+02  2.932E+02
  1.417E-02  2.872E-01  1.013E+05 -4.186E-08  5.117E-07  2.932E+02  2.932E+02
  1.417E-02  2.935E-01  1.013E+05 -5.017E-08  4.864E-07  2.932E+02  2.932E+02
  1.417E-02  2.998E-01  1.013E+05 -6.221E-08  4.738E-07  2.932E+02  2.932E+02
  1.417E-02  3.062E-01  1.013E+05 -7.988E-08  4.704E-07  2.931E+02  2.932E+02
  1.417E-02  3.125E-01  1.013E+05 -1.043E-07  5.173E-07  2.931E+02  2.931E+02
  1.417E-02  3.188E-01  1.013E+05 -1.467E-07  4.135E-07  2.931E+02  2.931E+02
  1.417E-02  3.251E-01  1.013E+05 -1.667E-07  1.365E-06  2.931E+02  2.931E+02
  1.417E-02  3.314E-01  1.013E+05 -4.364E-07 -3.473E-06  2.931E+02  2.931E+02
  1.417E-02  3.377E-01  1.013E+05  5.595E-07 -9.981E-06  2.931E+02  2.931E+02
  1.417E-02  3.440E-01  1.013E+05  9.694E-06 -3.518E-06  2.931E+02  2.931E+02
  1.417E-02  3.503E-01  1.013E+05  5.708E-07 -3.827E-06  2.931E+02  2.931E+02
  1.417E-02  3.567E-01  1.013E+05 -3.976E-07 -1.079E-05  2.931E+02  2.931E+02
  1.417E-02  3.630E-01  1.013E+05 -1.456E-07 -4.401E-06  2.931E+02  2.931E+02
  1.417E-02  3.693E-01  1.013E+05 -1.258E-07  6.233E-07  2.931E+02  2.931E+02
  1.417E-02  3.756E-01  1.013E+05 -8.607E-08 -1.731E-07  2.930E+02  2.931E+02
  1.417E-02  3.819E-01  1.013E+05 -6.270E-08  5.785E-09  2.930E+02  2.930E+02
  1.417E-02  3.882E-01  1.013E+05 -4.556E-08  2.547E-09  2.930E+02  2.930E+02
  1.417E-02  3.945E-01  1.013E+05 -3.359E-08  1.936E-08  2.930E+02  2.930E+02
  1.417E-02  4.008E-01  1.013E+05 -2.507E-08  2.552E-08  2.930E+02  2.930E+02
  1.417E-02  4.072E-01  1.013E+05 -1.896E-08  2.863E-08  2.930E+02  2.930E+02
  1.417E-02  4.135E-01  1.013E+05 -1.455E-08  2.904E-08  2.930E+02  2.930E+02
  1.417E-02  4.198E-01  1.013E+05 -1.133E-08  2.779E-08  2.930E+02  2.930E+02
  1.417E-02  4.261E-01  1.013E+05 -8.942E-09  2.543E-08  2.930E+02  2.930E+02
  1.417E-02  4.324E-01  1.013E+05 -7.152E-09  2.236E-08  2.930E+02  2.930E+02
  1.417E-02  4.387E-01  1.013E+05 -5.788E-09  1.884E-08  2.930E+02  2.930E+02
  1.417E-02  4.450E-01  1.013E+05 -4.727E-09  1.504E-08  2.930E+02  2.930E+02
  1.417E-02  4.513E-01  1.013E+05 -3.886E-09  1.106E-08  2.930E+02  2.930E+02
  1.417E-02  4.577E-01  1.013E+05 -3.205E-09  6.960E-09  2.930E+02  2.930E+02
  1.417E-02  4.640E-01  1.013E+05 -2.640E-09  2.784E-09  2.930E+02  2.930E+02
  1.417E-02  4.703E-01  1.013E+05 -2.159E-09 -1.452E-09  2.930E+02  2.930E+02
  1.417E-02  4.766E-01  1.013E+05 -1.741E-09 -5.787E-09  2.930E+02  2.930E+02
  1.417E-02  4.829E-01  1.013E+05 -1.367E-09 -9.995E-09  2.930E+02  2.930E+02
  1.417E-02  4.892E-01  1.013E+05 -1.029E-09 -1.546E-08  2.930E+02  2.930E+02
  1.417E-02  4.955E-01  1.013E+05 -6.887E-10 -1.426E-08  2.930E+02  2.930E+02
  1.417E-02  5.018E-01  1.013E+05 -5.028E-10 -5.282E-08  2.930E+02  2.930E+02
  1.417E-02  5.050E-01  1.013E+05 -5.028E-10 -5.282E-08  2.930E+02  2.930E+02
  4.252E-02  0.000E+00  1.013E+05  0.000E+00  0.000E+00  2.930E+02  2.936E+02
  4.252E-02  3.156E-03  1.013E+05  6.015E-07  1.869E-06  2.932E+02  2.936E+02
  4.252E-02  9.469E-03  1.013E+05  6.232E-07 -2.028E-06  2.936E+02  2.938E+02
  4.252E-02  1.578E-02  1.013E+05  6.806E-07 -1.103E-05  2.939E+02  2.940E+02
  4.252E-02  2.209E-02  1.013E+05  5.949E-07 -9.665E-06  2.941E+02  2.942E+02
  4.252E-02  2.841E-02  1.013E+05  5.393E-07  1.469E-06  2.943E+02  2.945E+02
  4.252E-02  3.472E-02  1.013E+05  5.129E-07  6.582E-06  2.944E+02  2.949E+02
  4.252E-02  4.103E-02  1.013E+05  4.959E-07  2.612E-06  2.946E+02  2.955E+02
  4.252E-02  4.734E-02  1.013E+05  4.853E-07 -6.150E-06  2.949E+02  2.964E+02
  4.252E-02  5.366E-02  1.013E+05  4.898E-07 -6.823E-06  2.954E+02  2.981E+02
  4.252E-02  5.997E-02  1.013E+05  4.144E-07 -5.234E-06  2.966E+02  3.011E+02
  4.252E-02  6.628E-02  1.013E+05  3.183E-07 -1.020E-05  2.991E+02  3.066E+02
  4.252E-02  7.259E-02  1.013E+05  2.527E-07 -1.867E-05  3.043E+02  3.166E+02
  4.252E-02  7.891E-02  1.013E+05  1.077E-07 -3.370E-05  3.149E+02  3.347E+02
  4.252E-02  8.522E-02  1.013E+05 -3.782E-07 -4.046E-05  3.346E+02  3.704E+02
  4.252E-02  9.153E-02  1.013E+05  1.019E-07 -3.310E-05  3.685E+02  4.388E+02
  4.252E-02  9.784E-02  1.013E+05  9.932E-07 -2.426E-05  4.238E+02  5.258E+02
  4.252E-02  1.042E-01  1.013E+05  2.324E-08  8.471E-05  4.990E+02  7.380E+02
  4.252E-02  1.105E-01  1.013E+05 -7.040E-07 -1.878E-05  4.239E+02  5.091E+02
  4.252E-02  1.168E-01  1.013E+05 -3.106E-07 -2.701E-05  3.690E+02  4.153E+02
  4.252E-02  1.231E-01  1.013E+05 -8.748E-08 -2.932E-05  3.343E+02  3.695E+02
  4.252E-02  1.294E-01  1.013E+05 -6.696E-09 -2.761E-05  3.146E+02  3.377E+02
  4.252E-02  1.357E-01  1.013E+05  4.808E-08 -1.652E-05  3.041E+02  3.181E+02
  4.252E-02  1.420E-01  1.013E+05  7.373E-08 -8.997E-06  2.989E+02  3.070E+02
  4.252E-02  1.483E-01  1.013E+05  3.880E-07 -4.512E-06  2.964E+02  3.018E+02
  4.252E-02  1.547E-01  1.013E+05 -5.557E-07 -5.814E-06  2.952E+02  2.989E+02
  4.252E-02  1.610E-01  1.013E+05 -1.957E-06 -6.598E-06  2.946E+02  2.968E+02
  4.252E-02  1.673E-01  1.013E+05 -6.306E-07  1.140E-06  2.943E+02  2.956E+02
  4.252E-02  1.736E-01  1.013E+05  3.164E-07  4.407E-06  2.941E+02  2.949E+02
  4.252E-02  1.799E-01  1.013E+05  5.531E-08  2.736E-06  2.940E+02  2.944E+02
  4.252E-02  1.862E-01  1.013E+05  2.262E-08  2.396E-06  2.939E+02  2.941E+02
  4.252E-02  1.925E-01  1.013E+05 -2.535E-08  2.141E-06  2.938E+02  2.940E+02
  4.252E-02  1.988E-01  1.013E+05 -5.258E-08  1.889E-06  2.937E+02  2.939E+02
  4.252E-02  2.052E-01  1.013E+05 -7.035E-08  1.697E-06  2.937E+02  2.938E+02
  4.252E-02  2.115E-01  1.013E+05 -8.056E-08  1.526E-06  2.936E+02  2.937E+02
  4.252E-02  2.178E-01  1.013E+05 -8.567E-08  1.373E-06  2.936E+02  2.936E+02
  4.252E-02  2.241E-01  1.013E+05 -8.729E-08  1.237E-06  2.935E+02  2.935E+02
  4.252E-02  2.304E-01  1.013E+05 -8.663E-08  1.103E-06  2.935E+02  2.935E+02
  4.252E-02  2.367E-01  1.013E+05 -8.465E-08  9.984E-07  2.934E+02  2.934E+02
  4.252E-02  2.430E-01  1.013E+05 -8.204E-08  9.157E-07  2.934E+02  2.934E+02
  4.252E-02  2.493E-01  1.013E+05 -7.928E-08  8.363E-07  2.933E+02  2.934E+02
  4.252E-02  2.557E-01  1.013E+05 -7.668E-08  7.644E-07  2.933E+02  2.933E+02
  4.252E-02  2.620E-01  1.013E+05 -7.446E-08  6.963E-07  2.933E+02  2.933E+02
  4.252E-02  2.683E-01  1.013E+05 -7.284E-08  6.327E-07  2.933E+02  2.933E+02
  4.252E-02  2.746E-01  1.013E+05 -7.207E-08  5.728E-07  2.932E+02  2.933E+02
  4.252E-02  2.809E-01  1.013E+05 -7.244E-08  5.159E-07  2.932E+02  2.932E+02
  4.252E-02  2.872E-01  1.013E+05 -7.436E-08  4.609E-07  2.932E+02  2.932E+02
  4.252E-02  2.935E-01  1.013E+05 -7.841E-08  4.065E-07  2.932E+02  2.932E+02
  4.252E-02  2.998E-01  1.013E+05 -8.541E-08  3.508E-07  2.932E+02  2.932E+02
  4.252E-02  3.062E-01  1.013E+05 -9.681E-08  2.912E-07  2.932E+02  2.932E+02
  4.252E-02  3.125E-01  1.013E+05 -1.130E-07  2.256E-07  2.931E+02  2.931E+02
  4.252E-02  3.188E-01  1.013E+05 -1.445E-07  1.404E-07  2.931E+02  2.931E+02
  4.252E-02  3.251E-01  1.013E+05 -1.495E-07  7.066E-08  2.931E+02  2.931E+02
  4.252E-02  3.314E-01  1.013E+05 -3.963E-07 -2.084E-07  2.931E+02  2.931E+02
  4.252E-02  3.377E-01  1.013E+05  6.227E-07  3.413E-07  2.931E+02  2.931E+02
  4.252E-02  3.440E-01  1.013E+05  2.002E-06 -3.462E-06  2.931E+02  2.931E+02
  4.252E-02  3.503E-01  1.013E+05  6.622E-07 -1.397E-05  2.931E+02  2.931E+02
  4.252E-02  3.567E-01  1.013E+05 -3.436E-07 -1.400E-05  2.931E+02  2.931E+02
  4.252E-02  3.630E-01  1.013E+05 -1.123E-07 -3.177E-06  2.931E+02  2.931E+02
  4.252E-02  3.693E-01  1.013E+05 -1.077E-07  8.937E-07  2.931E+02  2.931E+02
  4.252E-02  3.756E-01  1.013E+05 -7.755E-08  1.131E-07  2.930E+02  2.931E+02
  4.252E-02  3.819E-01  1.013E+05 -6.048E-08  1.898E-07  2.930E+02  2.930E+02
  4.252E-02  3.882E-01  1.013E+05 -4.732E-08  1.350E-07  2.930E+02  2.930E+02
  4.252E-02  3.945E-01  1.013E+05 -3.777E-08  1.128E-07  2.930E+02  2.930E+02
  4.252E-02  4.008E-01  1.013E+05 -3.063E-08  9.236E-08  2.930E+02  2.930E+02
  4.252E-02  4.072E-01  1.013E+05 -2.522E-08  7.680E-08  2.930E+02  2.930E+02
  4.252E-02  4.135E-01  1.013E+05 -2.104E-08  6.412E-08  2.930E+02  2.930E+02
  4.252E-02  4.198E-01  1.013E+05 -1.776E-08  5.363E-08  2.930E+02  2.930E+02
  4.252E-02  4.261E-01  1.013E+05 -1.512E-08  4.473E-08  2.930E+02  2.930E+02
  4.252E-02  4.324E-01  1.013E+05 -1.295E-08  3.700E-08  2.930E+02  2.930E+02
  4.252E-02  4.387E-01  1.013E+05 -1.115E-08  3.013E-08  2.930E+02  2.930E+02
  4.252E-02  4.450E-01  1.013E+05 -9.607E-09  2.392E-08  2.930E+02  2.930E+02
  4.252E-02  4.513E-01  1.013E+05 -8.270E-09  1.818E-08  2.930E+02  2.930E+02
  4.252E-02  4.577E-01  1.013E+05 -7.090E-09  1.281E-08  2.930E+02  2.930E+02
  4.252E-02  4.640E-01  1.013E+05 -6.031E-09  7.699E-09  2.930E+02  2.930E+02
  4.252E-02  4.703E-01  1.013E+05 -5.066E-09  2.772E-09  2.930E+02  2.930E+02
  4.252E-02  4.766E-01  1.013E+05 -4.173E-09 -2.070E-09  2.930E+02  2.930E+02
  4.252E-02  4.829E-01  1.013E+05 -3.333E-09 -6.671E-09  2.930E+02  2.930E+02
  4.252E-02  4.892E-01  1.013E+05 -2.544E-09 -1.232E-08  2.930E+02  2.930E+02
  4.252E-02  4.955E-01  1.013E+05 -1.722E-09 -1.184E-08  2.930E+02  2.930E+02
  4.252E-02  5.018E-01  1.013E+05 -1.275E-09 -4.745E-08  2.930E+02  2.930E+02
  4.252E-02  5.050E-01  1.013E+05 -1.275E-09 -4.745E-08  2.930E+02  2.930E+02
  7.087E-02  0.000E+00  1.013E+05  0.000E+00  0.000E+00  2.930E+02  2.937E+02
  7.087E-02  3.156E-03  1.013E+05  9.087E-07 -3.884E-05  2.932E+02  2.937E+02
  7.087E-02  9.469E-03  1.013E+05  9.096E-07 -8.839E-06  2.936E+02  2.938E+02
  7.087E-02  1.578E-02  1.013E+05  9.095E-07 -3.252E-06  2.939E+02  2.940E+02
  7.087E-02  2.209E-02  1.013E+05  8.133E-07  1.658E-06  2.941E+02  2.943E+02
  7.087E-02  2.841E-02  1.013E+05  7.606E-07  2.167E-06  2.943E+02  2.945E+02
  7.087E-02  3.472E-02  1.013E+05  7.329E-07  4.492E-06  2.944E+02  2.949E+02
  7.087E-02  4.103E-02  1.013E+05  7.108E-07  1.827E-06  2.946E+02  2.956E+02
  7.087E-02  4.734E-02  1.013E+05  6.850E-07 -6.542E-06  2.948E+02  2.967E+02
  7.087E-02  5.366E-02  1.013E+05  6.640E-07 -6.885E-06  2.954E+02  2.985E+02
  7.087E-02  5.997E-02  1.013E+05  5.829E-07 -4.924E-06  2.966E+02  3.013E+02
  7.087E-02  6.628E-02  1.013E+05  5.279E-07 -1.002E-05  2.991E+02  3.071E+02
  7.087E-02  7.259E-02  1.013E+05  4.326E-07 -1.860E-05  3.043E+02  3.174E+02
  7.087E-02  7.891E-02  1.013E+05  1.300E-07 -3.315E-05  3.148E+02  3.356E+02
  7.087E-02  8.522E-02  1.013E+05  9.421E-07 -3.968E-05  3.346E+02  3.713E+02
  7.087E-02  9.153E-02  1.013E+05  1.952E-06 -3.307E-05  3.685E+02  4.388E+02
  7.087E-02  9.784E-02  1.013E+05  7.845E-07 -2.536E-05  4.238E+02  5.269E+02
  7.087E-02  1.042E-01  1.013E+05  9.585E-08  8.437E-05  4.989E+02  7.389E+02
  7.087E-02  1.105E-01  1.013E+05  1.639E-07 -1.919E-05  4.239E+02  5.098E+02
  7.087E-02  1.168E-01  1.013E+05 -1.998E-08 -2.729E-05  3.690E+02  4.170E+02
  7.087E-02  1.231E-01  1.013E+05 -2.288E-07 -2.966E-05  3.343E+02  3.716E+02
  7.087E-02  1.294E-01  1.013E+05 -4.532E-07 -2.807E-05  3.145E+02  3.412E+02
  7.087E-02  1.357E-01  1.013E+05 -5.869E-07 -1.697E-05  3.042E+02  3.189E+02
  7.087E-02  1.420E-01  1.013E+05 -6.055E-07 -9.567E-06  2.989E+02  3.087E+02
  7.087E-02  1.483E-01  1.013E+05 -5.714E-07 -5.201E-06  2.964E+02  3.027E+02
  7.087E-02  1.547E-01  1.013E+05 -5.200E-07 -6.615E-06  2.952E+02  2.996E+02
  7.087E-02  1.610E-01  1.013E+05 -4.902E-07 -6.791E-06  2.947E+02  2.971E+02
  7.087E-02  1.673E-01  1.013E+05 -3.892E-07  1.412E-06  2.943E+02  2.957E+02
  7.087E-02  1.736E-01  1.013E+05 -3.573E-07  4.412E-06  2.942E+02  2.950E+02
  7.087E-02  1.799E-01  1.013E+05 -3.174E-07  2.848E-06  2.940E+02  2.944E+02
  7.087E-02  1.862E-01  1.013E+05 -2.880E-07  2.485E-06  2.939E+02  2.942E+02
  7.087E-02  1.925E-01  1.013E+05 -2.623E-07  2.227E-06  2.938E+02  2.940E+02
  7.087E-02  1.988E-01  1.013E+05 -2.405E-07  1.964E-06  2.937E+02  2.939E+02
  7.087E-02  2.052E-01  1.013E+05 -2.214E-07  1.765E-06  2.937E+02  2.938E+02
  7.087E-02  2.115E-01  1.013E+05 -2.042E-07  1.587E-06  2.936E+02  2.937E+02
  7.087E-02  2.178E-01  1.013E+05 -1.886E-07  1.428E-06  2.936E+02  2.936E+02
  7.087E-02  2.241E-01  1.013E+05 -1.743E-07  1.289E-06  2.935E+02  2.935E+02
  7.087E-02  2.304E-01  1.013E+05 -1.612E-07  1.152E-06  2.935E+02  2.935E+02
  7.087E-02  2.367E-01  1.013E+05 -1.493E-07  1.046E-06  2.934E+02  2.934E+02
  7.087E-02  2.430E-01  1.013E+05 -1.385E-07  9.620E-07  2.934E+02  2.934E+02
  7.087E-02  2.493E-01  1.013E+05 -1.287E-07  8.817E-07  2.934E+02  2.934E+02
  7.087E-02  2.557E-01  1.013E+05 -1.196E-07  8.086E-07  2.933E+02  2.933E+02
  7.087E-02  2.620E-01  1.013E+05 -1.111E-07  7.396E-07  2.933E+02  2.933E+02
  7.087E-02  2.683E-01  1.013E+05 -1.031E-07  6.754E-07  2.933E+02  2.933E+02
  7.087E-02  2.746E-01  1.013E+05 -9.549E-08  6.154E-07  2.932E+02  2.933E+02
  7.087E-02  2.809E-01  1.013E+05 -8.803E-08  5.594E-07  2.932E+02  2.932E+02
  7.087E-02  2.872E-01  1.013E+05 -8.052E-08  5.068E-07  2.932E+02  2.932E+02
  7.087E-02  2.935E-01  1.013E+05 -7.268E-08  4.571E-07  2.932E+02  2.932E+02
  7.087E-02  2.998E-01  1.013E+05 -6.410E-08  4.096E-07  2.932E+02  2.932E+02
  7.087E-02  3.062E-01  1.013E+05 -5.419E-08  3.630E-07  2.932E+02  2.932E+02
  7.087E-02  3.125E-01  1.013E+05 -4.199E-08  3.179E-07  2.931E+02  2.931E+02
  7.087E-02  3.188E-01  1.013E+05 -2.631E-08  2.625E-07  2.931E+02  2.931E+02
  7.087E-02  3.251E-01  1.013E+05 -4.292E-09  2.453E-07  2.931E+02  2.931E+02
  7.087E-02  3.314E-01  1.013E+05  2.414E-08  4.562E-09  2.931E+02  2.931E+02
  7.087E-02  3.377E-01  1.013E+05  7.442E-08  7.989E-07  2.931E+02  2.931E+02
  7.087E-02  3.440E-01  1.013E+05  1.345E-07 -3.333E-06  2.931E+02  2.931E+02
  7.087E-02  3.503E-01  1.013E+05  1.064E-07 -1.435E-05  2.931E+02  2.931E+02
  7.087E-02  3.567E-01  1.013E+05  4.551E-08 -1.426E-05  2.931E+02  2.931E+02
  7.087E-02  3.630E-01  1.013E+05  2.271E-08 -3.336E-06  2.931E+02  2.931E+02
  7.087E-02  3.693E-01  1.013E+05  4.126E-09  7.841E-07  2.931E+02  2.931E+02
  7.087E-02  3.756E-01  1.013E+05 -6.371E-09  4.302E-08  2.930E+02  2.931E+02
  7.087E-02  3.819E-01  1.013E+05 -1.278E-08  1.449E-07  2.930E+02  2.930E+02
  7.087E-02  3.882E-01  1.013E+05 -1.627E-08  1.074E-07  2.930E+02  2.930E+02
  7.087E-02  3.945E-01  1.013E+05 -1.792E-08  9.669E-08  2.930E+02  2.930E+02
  7.087E-02  4.008E-01  1.013E+05 -1.839E-08  8.391E-08  2.930E+02  2.930E+02
  7.087E-02  4.072E-01  1.013E+05 -1.811E-08  7.341E-08  2.930E+02  2.930E+02
  7.087E-02  4.135E-01  1.013E+05 -1.737E-08  6.403E-08  2.930E+02  2.930E+02
  7.087E-02  4.198E-01  1.013E+05 -1.636E-08  5.566E-08  2.930E+02  2.930E+02
  7.087E-02  4.261E-01  1.013E+05 -1.520E-08  4.807E-08  2.930E+02  2.930E+02
  7.087E-02  4.324E-01  1.013E+05 -1.396E-08  4.113E-08  2.930E+02  2.930E+02
  7.087E-02  4.387E-01  1.013E+05 -1.270E-08  3.471E-08  2.930E+02  2.930E+02
  7.087E-02  4.450E-01  1.013E+05 -1.144E-08  2.871E-08  2.930E+02  2.930E+02
  7.087E-02  4.513E-01  1.013E+05 -1.021E-08  2.304E-08  2.930E+02  2.930E+02
  7.087E-02  4.577E-01  1.013E+05 -9.006E-09  1.764E-08  2.930E+02  2.930E+02
  7.087E-02  4.640E-01  1.013E+05 -7.840E-09  1.245E-08  2.930E+02  2.930E+02
  7.087E-02  4.703E-01  1.013E+05 -6.707E-09  7.412E-09  2.930E+02  2.930E+02
  7.087E-02  4.766E-01  1.013E+05 -5.606E-09  2.453E-09  2.930E+02  2.930E+02
  7.087E-02  4.829E-01  1.013E+05 -4.529E-09 -2.292E-09  2.930E+02  2.930E+02
  7.087E-02  4.892E-01  1.013E+05 -3.487E-09 -7.913E-09  2.930E+02  2.930E+02
  7.087E-02  4.955E-01  1.013E+05 -2.374E-09 -8.346E-09  2.930E+02  2.930E+02
  7.087E-02  5.018E-01  1.013E+05 -1.765E-09 -3.928E-08  2.930E+02  2.930E+02
  7.087E-02  5.050E-01  1.013E+05 -1.765E-09 -3.928E-08  2.930E+02  2.930E+02
  9.922E-02  0.000E+00  1.013E+05  0.000E+00  0.000E+00  2.930E+02  2.937E+02
  9.922E-02  3.156E-03  1.013E+05  1.671E-06  2.697E-06  2.932E+02  2.937E+02
  9.922E-02  9.469E-03  1.013E+05  1.930E-06 -1.649E-06  2.936E+02  2.939E+02
  9.922E-02  1.578E-02  1.013E+05  8.009E-07 -1.121E-05  2.939E+02  2.940E+02
  9.922E-02  2.209E-02  1.013E+05 -4.854E-08 -1.010E-05  2.941E+02  2.942E+02
  9.922E-02  2.841E-02  1.013E+05  3.369E-07  1.392E-06  2.943E+02  2.945E+02
  9.922E-02  3.472E-02  1.013E+05  4.190E-07  6.779E-06  2.944E+02  2.950E+02
  9.922E-02  4.103E-02  1.013E+05  4.892E-07  3.030E-06  2.946E+02  2.956E+02
  9.922E-02  4.734E-02  1.013E+05  5.146E-07 -5.582E-06  2.948E+02  2.967E+02
  9.922E-02  5.366E-02  1.013E+05  4.947E-07 -6.192E-06  2.954E+02  2.987E+02
  9.922E-02  5.997E-02  1.013E+05  5.116E-07 -4.794E-06  2.966E+02  3.018E+02
  9.922E-02  6.628E-02  1.013E+05  5.348E-07 -1.014E-05  2.991E+02  3.081E+02
  9.922E-02  7.259E-02  1.013E+05  4.811E-07 -1.981E-05  3.043E+02  3.196E+02
  9.922E-02  7.891E-02  1.013E+05  2.471E-07 -3.059E-05  3.148E+02  3.407E+02
  9.922E-02  8.522E-02  1.013E+05  1.306E-06 -3.170E-05  3.344E+02  3.813E+02
  9.922E-02  9.153E-02  1.013E+05  2.374E-06 -3.418E-05  3.685E+02  4.478E+02
  9.922E-02  9.784E-02  1.013E+05  9.391E-07 -3.331E-05  4.237E+02  5.343E+02
  9.922E-02  1.042E-01  1.013E+05  1.284E-07  8.295E-05  4.989E+02  7.415E+02
  9.922E-02  1.105E-01  1.013E+05  2.111E-07 -1.609E-05  4.240E+02  5.071E+02
  9.922E-02  1.168E-01  1.013E+05 -6.360E-08 -2.179E-05  3.691E+02  4.139E+02
  9.922E-02  1.231E-01  1.013E+05 -3.858E-07 -2.532E-05  3.344E+02  3.705E+02
  9.922E-02  1.294E-01  1.013E+05 -6.321E-07 -2.418E-05  3.145E+02  3.436E+02
  9.922E-02  1.357E-01  1.013E+05 -7.854E-07 -1.450E-05  3.041E+02  3.244E+02
  9.922E-02  1.420E-01  1.013E+05 -8.358E-07 -7.780E-06  2.989E+02  3.135E+02
  9.922E-02  1.483E-01  1.013E+05 -1.073E-06 -3.772E-06  2.964E+02  3.049E+02
  9.922E-02  1.547E-01  1.013E+05 -3.316E-08 -5.285E-06  2.952E+02  3.007E+02
  9.922E-02  1.610E-01  1.013E+05  1.392E-06 -6.055E-06  2.947E+02  2.976E+02
  9.922E-02  1.673E-01  1.013E+05  5.816E-08  1.692E-06  2.944E+02  2.959E+02
  9.922E-02  1.736E-01  1.013E+05 -8.259E-07  4.689E-06  2.942E+02  2.951E+02
  9.922E-02  1.799E-01  1.013E+05 -5.404E-07  3.025E-06  2.940E+02  2.945E+02
  9.922E-02  1.862E-01  1.013E+05 -4.812E-07  2.623E-06  2.939E+02  2.942E+02
  9.922E-02  1.925E-01  1.013E+05 -4.094E-07  2.342E-06  2.938E+02  2.940E+02
  9.922E-02  1.988E-01  1.013E+05 -3.583E-07  2.063E-06  2.937E+02  2.939E+02
  9.922E-02  2.052E-01  1.013E+05 -3.175E-07  1.851E-06  2.937E+02  2.938E+02
  9.922E-02  2.115E-01  1.013E+05 -2.845E-07  1.664E-06  2.936E+02  2.937E+02
  9.922E-02  2.178E-01  1.013E+05 -2.570E-07  1.498E-06  2.936E+02  2.936E+02
  9.922E-02  2.241E-01  1.013E+05 -2.335E-07  1.353E-06  2.935E+02  2.935E+02
  9.922E-02  2.304E-01  1.013E+05 -2.131E-07  1.213E-06  2.935E+02  2.935E+02
  9.922E-02  2.367E-01  1.013E+05 -1.952E-07  1.104E-06  2.934E+02  2.934E+02
  9.922E-02  2.430E-01  1.013E+05 -1.792E-07  1.017E-06  2.934E+02  2.934E+02
  9.922E-02  2.493E-01  1.013E+05 -1.649E-07  9.336E-07  2.934E+02  2.934E+02
  9.922E-02  2.557E-01  1.013E+05 -1.520E-07  8.572E-07  2.933E+02  2.933E+02
  9.922E-02  2.620E-01  1.013E+05 -1.401E-07  7.848E-07  2.933E+02  2.933E+02
  9.922E-02  2.683E-01  1.013E+05 -1.292E-07  7.173E-07  2.933E+02  2.933E+02
  9.922E-02  2.746E-01  1.013E+05 -1.189E-07  6.542E-07  2.932E+02  2.933E+02
  9.922E-02  2.809E-01  1.013E+05 -1.093E-07  5.955E-07  2.932E+02  2.932E+02
  9.922E-02  2.872E-01  1.013E+05 -1.002E-07  5.408E-07  2.932E+02  2.932E+02
  9.922E-02  2.935E-01  1.013E+05 -9.133E-08  4.898E-07  2.932E+02  2.932E+02
  9.922E-02  2.998E-01  1.013E+05 -8.262E-08  4.423E-07  2.932E+02  2.932E+02
  9.922E-02  3.062E-01  1.013E+05 -7.380E-08  3.978E-07  2.932E+02  2.932E+02
  9.922E-02  3.125E-01  1.013E+05 -6.450E-08  3.572E-07  2.931E+02  2.931E+02
  9.922E-02  3.188E-01  1.013E+05 -5.449E-08  3.154E-07  2.931E+02  2.931E+02
  9.922E-02  3.251E-01  1.013E+05 -4.193E-08  3.024E-07  2.931E+02  2.931E+02
  9.922E-02  3.314E-01  1.013E+05 -3.102E-08  1.498E-07  2.931E+02  2.931E+02
  9.922E-02  3.377E-01  1.013E+05  8.597E-10  8.412E-07  2.931E+02  2.931E+02
  9.922E-02  3.440E-01  1.013E+05 -1.325E-08 -3.315E-06  2.931E+02  2.931E+02
  9.922E-02  3.503E-01  1.013E+05  9.293E-09 -1.436E-05  2.931E+02  2.931E+02
  9.922E-02  3.567E-01  1.013E+05 -1.472E-08 -1.438E-05  2.931E+02  2.931E+02
  9.922E-02  3.630E-01  1.013E+05 -1.776E-08 -3.360E-06  2.931E+02  2.931E+02
  9.922E-02  3.693E-01  1.013E+05 -2.232E-08  7.661E-07  2.931E+02  2.931E+02
  9.922E-02  3.756E-01  1.013E+05 -2.409E-08  4.000E-08  2.931E+02  2.931E+02
  9.922E-02  3.819E-01  1.013E+05 -2.482E-08  1.480E-07  2.930E+02  2.930E+02
  9.922E-02  3.882E-01  1.013E+05 -2.468E-08  1.143E-07  2.930E+02  2.930E+02
  9.922E-02  3.945E-01  1.013E+05 -2.401E-08  1.055E-07  2.930E+02  2.930E+02
  9.922E-02  4.008E-01  1.013E+05 -2.298E-08  9.352E-08  2.930E+02  2.930E+02
  9.922E-02  4.072E-01  1.013E+05 -2.174E-08  8.317E-08  2.930E+02  2.930E+02
  9.922E-02  4.135E-01  1.013E+05 -2.037E-08  7.361E-08  2.930E+02  2.930E+02
  9.922E-02  4.198E-01  1.013E+05 -1.893E-08  6.488E-08  2.930E+02  2.930E+02
  9.922E-02  4.261E-01  1.013E+05 -1.747E-08  5.686E-08  2.930E+02  2.930E+02
  9.922E-02  4.324E-01  1.013E+05 -1.600E-08  4.947E-08  2.930E+02  2.930E+02
  9.922E-02  4.387E-01  1.013E+05 -1.455E-08  4.260E-08  2.930E+02  2.930E+02
  9.922E-02  4.450E-01  1.013E+05 -1.313E-08  3.619E-08  2.930E+02  2.930E+02
  9.922E-02  4.513E-01  1.013E+05 -1.174E-08  3.014E-08  2.930E+02  2.930E+02
  9.922E-02  4.577E-01  1.013E+05 -1.039E-08  2.440E-08  2.930E+02  2.930E+02
  9.922E-02  4.640E-01  1.013E+05 -9.066E-09  1.889E-08  2.930E+02  2.930E+02
  9.922E-02  4.703E-01  1.013E+05 -7.777E-09  1.358E-08  2.930E+02  2.930E+02
  9.922E-02  4.766E-01  1.013E+05 -6.516E-09  8.387E-09  2.930E+02  2.930E+02
  9.922E-02  4.829E-01  1.013E+05 -5.276E-09  3.405E-09  2.930E+02  2.930E+02
  9.922E-02  4.892E-01  1.013E+05 -4.069E-09 -2.212E-09  2.930E+02  2.930E+02
  9.922E-02  4.955E-01  1.013E+05 -2.774E-09 -3.833E-09  2.930E+02  2.930E+02
  9.922E-02  5.018E-01  1.013E+05 -2.064E-09 -2.877E-08  2.930E+02  2.930E+02
  9.922E-02  5.050E-01  1.013E+05 -2.064E-09 -2.877E-08  2.930E+02  2.930E+02
  1.276E-01  0.000E+00  1.013E+05  0.000E+00  0.000E+00  2.930E+02  2.937E+02
  1.276E-01  3.156E-03  1.013E+05  1.119E-06 -1.685E-06  2.932E+02  2.937E+02
  1.276E-01  9.469E-03  1.013E+05  1.020E-07 -1.237E-05  2.936E+02  2.939E+02
  1.276E-01  1.578E-02  1.013E+05 -1.368E-06 -1.188E-05  2.939E+02  2.940E+02
  1.276E-01  2.209E-02  1.013E+05 -7.610E-08 -1.725E-07  2.941E+02  2.943E+02
  1.276E-01  2.841E-02  1.013E+05  9.044E-07  4.546E-06  2.943E+02  2.946E+02
  1.276E-01  3.472E-02  1.013E+05  6.579E-07  5.567E-06  2.944E+02  2.950E+02
  1.276E-01  4.103E-02  1.013E+05  6.286E-07  2.836E-06  2.946E+02  2.957E+02
  1.276E-01  4.734E-02  1.013E+05  6.111E-07 -5.880E-06  2.949E+02  2.969E+02
  1.276E-01  5.366E-02  1.013E+05  4.801E-07 -6.145E-06  2.954E+02  2.988E+02
  1.276E-01  5.997E-02  1.013E+05  4.839E-07 -5.930E-06  2.966E+02  3.019E+02
  1.276E-01  6.628E-02  1.013E+05  5.176E-07 -1.025E-05  2.991E+02  3.079E+02
  1.276E-01  7.259E-02  1.013E+05  2.522E-07 -1.895E-05  3.044E+02  3.186E+02
  1.276E-01  7.891E-02  1.013E+05  1.137E-06 -3.069E-05  3.149E+02  3.377E+02
  1.276E-01  8.522E-02  1.013E+05  2.568E-06 -3.367E-05  3.347E+02  3.735E+02
  1.276E-01  9.153E-02  1.013E+05  4.526E-07 -3.433E-05  3.690E+02  4.369E+02
  1.276E-01  9.784E-02  1.013E+05 -1.330E-06 -3.147E-05  4.233E+02  5.465E+02
  1.276E-01  1.042E-01  1.013E+05 -2.398E-07  8.299E-05  4.989E+02  7.485E+02
  1.276E-01  1.105E-01  1.013E+05  5.126E-07 -1.619E-05  4.240E+02  5.156E+02
  1.276E-01  1.168E-01  1.013E+05 -5.658E-07 -2.184E-05  3.691E+02  4.214E+02
  1.276E-01  1.231E-01  1.013E+05 -2.029E-06 -2.521E-05  3.343E+02  3.773E+02
  1.276E-01  1.294E-01  1.013E+05 -1.023E-06 -2.376E-05  3.146E+02  3.456E+02
  1.276E-01  1.357E-01  1.013E+05 -1.785E-07 -1.395E-05  3.041E+02  3.268E+02
  1.276E-01  1.420E-01  1.013E+05 -5.952E-07 -8.216E-06  2.988E+02  3.155E+02
  1.276E-01  1.483E-01  1.013E+05 -9.904E-07  9.946E-08  2.964E+02  3.057E+02
  1.276E-01  1.547E-01  1.013E+05  1.184E-07  5.676E-06  2.952E+02  3.010E+02
  1.276E-01  1.610E-01  1.013E+05  1.652E-06 -5.832E-06  2.947E+02  2.978E+02
  1.276E-01  1.673E-01  1.013E+05  3.661E-07 -8.345E-06  2.944E+02  2.960E+02
  1.276E-01  1.736E-01  1.013E+05 -6.241E-07  1.792E-06  2.942E+02  2.951E+02
  1.276E-01  1.799E-01  1.013E+05 -4.140E-07  4.389E-06  2.940E+02  2.945E+02
  1.276E-01  1.862E-01  1.013E+05 -4.040E-07  3.037E-06  2.939E+02  2.942E+02
  1.276E-01  1.925E-01  1.013E+05 -3.675E-07  2.748E-06  2.938E+02  2.940E+02
  1.276E-01  1.988E-01  1.013E+05 -3.386E-07  2.362E-06  2.937E+02  2.939E+02
  1.276E-01  2.052E-01  1.013E+05 -3.120E-07  2.088E-06  2.937E+02  2.938E+02
  1.276E-01  2.115E-01  1.013E+05 -2.878E-07  1.854E-06  2.936E+02  2.937E+02
  1.276E-01  2.178E-01  1.013E+05 -2.658E-07  1.652E-06  2.936E+02  2.936E+02
  1.276E-01  2.241E-01  1.013E+05 -2.456E-07  1.478E-06  2.935E+02  2.935E+02
  1.276E-01  2.304E-01  1.013E+05 -2.269E-07  1.318E-06  2.935E+02  2.935E+02
  1.276E-01  2.367E-01  1.013E+05 -2.096E-07  1.192E-06  2.934E+02  2.934E+02
  1.276E-01  2.430E-01  1.013E+05 -1.936E-07  1.092E-06  2.934E+02  2.934E+02
  1.276E-01  2.493E-01  1.013E+05 -1.787E-07  9.991E-07  2.934E+02  2.934E+02
  1.276E-01  2.557E-01  1.013E+05 -1.649E-07  9.152E-07  2.933E+02  2.933E+02
  1.276E-01  2.620E-01  1.013E+05 -1.520E-07  8.367E-07  2.933E+02  2.933E+02
  1.276E-01  2.683E-01  1.013E+05 -1.400E-07  7.645E-07  2.933E+02  2.933E+02
  1.276E-01  2.746E-01  1.013E+05 -1.287E-07  6.980E-07  2.932E+02  2.933E+02
  1.276E-01  2.809E-01  1.013E+05 -1.181E-07  6.369E-07  2.932E+02  2.932E+02
  1.276E-01  2.872E-01  1.013E+05 -1.080E-07  5.808E-07  2.932E+02  2.932E+02
  1.276E-01  2.935E-01  1.013E+05 -9.832E-08  5.293E-07  2.932E+02  2.932E+02
  1.276E-01  2.998E-01  1.013E+05 -8.905E-08  4.822E-07  2.932E+02  2.932E+02
  1.276E-01  3.062E-01  1.013E+05 -8.007E-08  4.388E-07  2.932E+02  2.932E+02
  1.276E-01  3.125E-01  1.013E+05 -7.129E-08  3.998E-07  2.931E+02  2.931E+02
  1.276E-01  3.188E-01  1.013E+05 -6.270E-08  3.599E-07  2.931E+02  2.931E+02
  1.276E-01  3.251E-01  1.013E+05 -5.427E-08  3.475E-07  2.931E+02  2.931E+02
  1.276E-01  3.314E-01  1.013E+05 -4.629E-08  1.943E-07  2.931E+02  2.931E+02
  1.276E-01  3.377E-01  1.013E+05 -3.862E-08  8.769E-07  2.931E+02  2.931E+02
  1.276E-01  3.440E-01  1.013E+05 -3.349E-08 -3.296E-06  2.931E+02  2.931E+02
  1.276E-01  3.503E-01  1.013E+05 -2.957E-08 -1.436E-05  2.931E+02  2.931E+02
  1.276E-01  3.567E-01  1.013E+05 -2.850E-08 -1.439E-05  2.931E+02  2.931E+02
  1.276E-01  3.630E-01  1.013E+05 -2.761E-08 -3.371E-06  2.931E+02  2.931E+02
  1.276E-01  3.693E-01  1.013E+05 -2.707E-08  7.562E-07  2.931E+02  2.931E+02
  1.276E-01  3.756E-01  1.013E+05 -2.648E-08  3.285E-08  2.931E+02  2.931E+02
  1.276E-01  3.819E-01  1.013E+05 -2.579E-08  1.437E-07  2.930E+02  2.930E+02
  1.276E-01  3.882E-01  1.013E+05 -2.494E-08  1.128E-07  2.930E+02  2.930E+02
  1.276E-01  3.945E-01  1.013E+05 -2.394E-08  1.062E-07  2.930E+02  2.930E+02
  1.276E-01  4.008E-01  1.013E+05 -2.282E-08  9.612E-08  2.930E+02  2.930E+02
  1.276E-01  4.072E-01  1.013E+05 -2.160E-08  8.719E-08  2.930E+02  2.930E+02
  1.276E-01  4.135E-01  1.013E+05 -2.030E-08  7.866E-08  2.930E+02  2.930E+02
  1.276E-01  4.198E-01  1.013E+05 -1.895E-08  7.064E-08  2.930E+02  2.930E+02
  1.276E-01  4.261E-01  1.013E+05 -1.757E-08  6.309E-08  2.930E+02  2.930E+02
  1.276E-01  4.324E-01  1.013E+05 -1.617E-08  5.596E-08  2.930E+02  2.930E+02
  1.276E-01  4.387E-01  1.013E+05 -1.478E-08  4.923E-08  2.930E+02  2.930E+02
  1.276E-01  4.450E-01  1.013E+05 -1.340E-08  4.283E-08  2.930E+02  2.930E+02
  1.276E-01  4.513E-01  1.013E+05 -1.203E-08  3.674E-08  2.930E+02  2.930E+02
  1.276E-01  4.577E-01  1.013E+05 -1.068E-08  3.091E-08  2.930E+02  2.930E+02
  1.276E-01  4.640E-01  1.013E+05 -9.356E-09  2.529E-08  2.930E+02  2.930E+02
  1.276E-01  4.703E-01  1.013E+05 -8.050E-09  1.985E-08  2.930E+02  2.930E+02
  1.276E-01  4.766E-01  1.013E+05 -6.763E-09  1.453E-08  2.930E+02  2.930E+02
  1.276E-01  4.829E-01  1.013E+05 -5.488E-09  9.386E-09  2.930E+02  2.930E+02
  1.276E-01  4.892E-01  1.013E+05 -4.240E-09  3.843E-09  2.930E+02  2.930E+02
  1.276E-01  4.955E-01  1.013E+05 -2.895E-09  9.863E-10  2.930E+02  2.930E+02
  1.276E-01  5.018E-01  1.013E+05 -2.157E-09 -1.745E-08  2.930E+02  2.930E+02
  1.276E-01  5.050E-01  1.013E+05 -2.157E-09 -1.745E-08  2.930E+02  2.930E+02
  1.559E-01  0.000E+00  1.013E+05  0.000E+00  0.000E+00  2.930E+02  2.938E+02
  1.559E-01  3.156E-03  1.013E+05  5.953E-08 -1.761E-06  2.932E+02  2.938E+02
  1.559E-01  9.469E-03  1.013E+05  5.731E-08 -1.271E-05  2.936E+02  2.939E+02
  1.559E-01  1.578E-02  1.013E+05  1.414E-07 -1.187E-05  2.939E+02  2.941E+02
  1.559E-01  2.209E-02  1.013E+05  2.317E-07  3.009E-07  2.941E+02  2.944E+02
  1.559E-01  2.841E-02  1.013E+05  2.956E-07  4.914E-06  2.943E+02  2.948E+02
  1.559E-01  3.472E-02  1.013E+05  3.232E-07  5.832E-06  2.944E+02  2.954E+02
  1.559E-01  4.103E-02  1.013E+05  2.988E-07  3.204E-06  2.946E+02  2.965E+02
  1.559E-01  4.734E-02  1.013E+05  2.921E-07 -5.810E-06  2.949E+02  2.984E+02
  1.559E-01  5.366E-02  1.013E+05  3.227E-07 -6.207E-06  2.954E+02  3.014E+02
  1.559E-01  5.997E-02  1.013E+05  3.909E-07 -5.938E-06  2.966E+02  3.068E+02
  1.559E-01  6.628E-02  1.013E+05  4.393E-07 -1.120E-05  2.991E+02  3.148E+02
  1.559E-01  7.259E-02  1.013E+05  4.482E-07 -1.564E-05  3.043E+02  3.293E+02
  1.559E-01  7.891E-02  1.013E+05  6.211E-07 -2.044E-05  3.146E+02  3.555E+02
  1.559E-01  8.522E-02  1.013E+05 -1.124E-07 -3.723E-05  3.342E+02  3.925E+02
  1.559E-01  9.153E-02  1.013E+05 -1.849E-06 -5.077E-05  3.686E+02  4.441E+02
  1.559E-01  9.784E-02  1.013E+05 -1.202E-06 -3.267E-05  4.237E+02  5.267E+02
  1.559E-01  1.042E-01  1.013E+05  5.355E-07  9.026E-05  4.989E+02  7.388E+02
  1.559E-01  1.105E-01  1.013E+05  1.175E-06 -1.489E-05  4.240E+02  5.100E+02
  1.559E-01  1.168E-01  1.013E+05 -3.329E-07 -2.969E-05  3.691E+02  4.153E+02
  1.559E-01  1.231E-01  1.013E+05 -2.171E-06 -2.404E-05  3.343E+02  3.703E+02
  1.559E-01  1.294E-01  1.013E+05 -1.215E-06 -1.251E-05  3.145E+02  3.431E+02
  1.559E-01  1.357E-01  1.013E+05 -2.649E-07 -7.521E-06  3.041E+02  3.235E+02
  1.559E-01  1.420E-01  1.013E+05 -5.733E-07 -4.655E-06  2.988E+02  3.123E+02
  1.559E-01  1.483E-01  1.013E+05 -5.991E-07  2.378E-06  2.964E+02  3.040E+02
  1.559E-01  1.547E-01  1.013E+05 -6.627E-07  5.597E-06  2.952E+02  2.999E+02
  1.559E-01  1.610E-01  1.013E+05  5.108E-07 -5.730E-06  2.946E+02  2.972E+02
  1.559E-01  1.673E-01  1.013E+05  1.925E-06 -8.924E-06  2.943E+02  2.957E+02
  1.559E-01  1.736E-01  1.013E+05  5.080E-07  6.989E-07  2.941E+02  2.950E+02
  1.559E-01  1.799E-01  1.013E+05 -4.867E-07  3.766E-06  2.940E+02  2.944E+02
  1.559E-01  1.862E-01  1.013E+05 -2.906E-07  2.715E-06  2.939E+02  2.941E+02
  1.559E-01  1.925E-01  1.013E+05 -3.031E-07  2.573E-06  2.938E+02  2.940E+02
  1.559E-01  1.988E-01  1.013E+05 -2.811E-07  2.289E-06  2.937E+02  2.938E+02
  1.559E-01  2.052E-01  1.013E+05 -2.661E-07  2.078E-06  2.937E+02  2.937E+02
  1.559E-01  2.115E-01  1.013E+05 -2.505E-07  1.882E-06  2.936E+02  2.937E+02
  1.559E-01  2.178E-01  1.013E+05 -2.355E-07  1.702E-06  2.936E+02  2.936E+02
  1.559E-01  2.241E-01  1.013E+05 -2.209E-07  1.540E-06  2.935E+02  2.935E+02
  1.559E-01  2.304E-01  1.013E+05 -2.069E-07  1.385E-06  2.935E+02  2.935E+02
  1.559E-01  2.367E-01  1.013E+05 -1.934E-07  1.259E-06  2.934E+02  2.934E+02
  1.559E-01  2.430E-01  1.013E+05 -1.806E-07  1.157E-06  2.934E+02  2.934E+02
  1.559E-01  2.493E-01  1.013E+05 -1.683E-07  1.061E-06  2.934E+02  2.934E+02
  1.559E-01  2.557E-01  1.013E+05 -1.567E-07  9.726E-07  2.933E+02  2.933E+02
  1.559E-01  2.620E-01  1.013E+05 -1.456E-07  8.899E-07  2.933E+02  2.933E+02
  1.559E-01  2.683E-01  1.013E+05 -1.352E-07  8.135E-07  2.933E+02  2.933E+02
  1.559E-01  2.746E-01  1.013E+05 -1.253E-07  7.430E-07  2.932E+02  2.933E+02
  1.559E-01  2.809E-01  1.013E+05 -1.160E-07  6.783E-07  2.932E+02  2.932E+02
  1.559E-01  2.872E-01  1.013E+05 -1.073E-07  6.190E-07  2.932E+02  2.932E+02
  1.559E-01  2.935E-01  1.013E+05 -9.906E-08  5.645E-07  2.932E+02  2.932E+02
  1.559E-01  2.998E-01  1.013E+05 -9.137E-08  5.147E-07  2.932E+02  2.932E+02
  1.559E-01  3.062E-01  1.013E+05 -8.418E-08  4.688E-07  2.931E+02  2.932E+02
  1.559E-01  3.125E-01  1.013E+05 -7.749E-08  4.274E-07  2.931E+02  2.931E+02
  1.559E-01  3.188E-01  1.013E+05 -7.130E-08  3.851E-07  2.931E+02  2.931E+02
  1.559E-01  3.251E-01  1.013E+05 -6.560E-08  3.702E-07  2.931E+02  2.931E+02
  1.559E-01  3.314E-01  1.013E+05 -6.042E-08  2.151E-07  2.931E+02  2.931E+02
  1.559E-01  3.377E-01  1.013E+05 -5.561E-08  8.945E-07  2.931E+02  2.931E+02
  1.559E-01  3.440E-01  1.013E+05 -5.160E-08 -3.278E-06  2.931E+02  2.931E+02
  1.559E-01  3.503E-01  1.013E+05 -4.707E-08 -1.434E-05  2.931E+02  2.931E+02
  1.559E-01  3.567E-01  1.013E+05 -4.331E-08 -1.437E-05  2.931E+02  2.931E+02
  1.559E-01  3.630E-01  1.013E+05 -3.983E-08 -3.356E-06  2.931E+02  2.931E+02
  1.559E-01  3.693E-01  1.013E+05 -3.673E-08  7.690E-07  2.931E+02  2.931E+02
  1.559E-01  3.756E-01  1.013E+05 -3.392E-08  4.457E-08  2.930E+02  2.931E+02
  1.559E-01  3.819E-01  1.013E+05 -3.136E-08  1.546E-07  2.930E+02  2.930E+02
  1.559E-01  3.882E-01  1.013E+05 -2.902E-08  1.230E-07  2.930E+02  2.930E+02
  1.559E-01  3.945E-01  1.013E+05 -2.684E-08  1.160E-07  2.930E+02  2.930E+02
  1.559E-01  4.008E-01  1.013E+05 -2.481E-08  1.054E-07  2.930E+02  2.930E+02
  1.559E-01  4.072E-01  1.013E+05 -2.291E-08  9.611E-08  2.930E+02  2.930E+02
  1.559E-01  4.135E-01  1.013E+05 -2.110E-08  8.726E-08  2.930E+02  2.930E+02
  1.559E-01  4.198E-01  1.013E+05 -1.939E-08  7.896E-08  2.930E+02  2.930E+02
  1.559E-01  4.261E-01  1.013E+05 -1.775E-08  7.114E-08  2.930E+02  2.930E+02
  1.559E-01  4.324E-01  1.013E+05 -1.618E-08  6.376E-08  2.930E+02  2.930E+02
  1.559E-01  4.387E-01  1.013E+05 -1.467E-08  5.678E-08  2.930E+02  2.930E+02
  1.559E-01  4.450E-01  1.013E+05 -1.322E-08  5.016E-08  2.930E+02  2.930E+02
  1.559E-01  4.513E-01  1.013E+05 -1.182E-08  4.384E-08  2.930E+02  2.930E+02
  1.559E-01  4.577E-01  1.013E+05 -1.046E-08  3.779E-08  2.930E+02  2.930E+02
  1.559E-01  4.640E-01  1.013E+05 -9.137E-09  3.197E-08  2.930E+02  2.930E+02
  1.559E-01  4.703E-01  1.013E+05 -7.849E-09  2.634E-08  2.930E+02  2.930E+02
  1.559E-01  4.766E-01  1.013E+05 -6.587E-09  2.085E-08  2.930E+02  2.930E+02
  1.559E-01  4.829E-01  1.013E+05 -5.341E-09  1.551E-08  2.930E+02  2.930E+02
  1.559E-01  4.892E-01  1.013E+05 -4.126E-09  1.002E-08  2.930E+02  2.930E+02
  1.559E-01  4.955E-01  1.013E+05 -2.815E-09  5.889E-09  2.930E+02  2.930E+02
  1.559E-01  5.018E-01  1.013E+05 -2.096E-09 -5.977E-09  2.930E+02  2.930E+02
  1.559E-01  5.050E-01  1.013E+05 -2.096E-09 -5.977E-09  2.930E+02  2.930E+02
  1.843E-01  0.000E+00  1.013E+05  0.000E+00  0.000E+00  2.930E+02  2.937E+02
  1.843E-01  3.156E-03  1.013E+05 -1.421E-06 -1.628E-06  2.932E+02  2.937E+02
  1.843E-01  9.469E-03  1.013E+05 -1.669E-06 -1.191E-05  2.936E+02  2.939E+02
  1.843E-01  1.578E-02  1.013E+05 -3.936E-07 -1.098E-05  2.939E+02  2.941E+02
  1.843E-01  2.209E-02  1.013E+05  7.010E-07  6.718E-07  2.941E+02  2.944E+02
  1.843E-01  2.841E-02  1.013E+05  4.942E-07  5.124E-06  2.943E+02  2.948E+02
  1.843E-01  3.472E-02  1.013E+05  7.279E-07  5.789E-06  2.944E+02  2.954E+02
  1.843E-01  4.103E-02  1.013E+05 -2.993E-07  2.990E-06  2.946E+02  2.964E+02
  1.843E-01  4.734E-02  1.013E+05 -1.657E-06 -5.335E-06  2.949E+02  2.981E+02
  1.843E-01  5.366E-02  1.013E+05 -2.351E-07 -5.020E-06  2.954E+02  3.008E+02
  1.843E-01  5.997E-02  1.013E+05  8.189E-07 -5.161E-06  2.966E+02  3.053E+02
  1.843E-01  6.628E-02  1.013E+05  5.852E-07 -9.742E-06  2.991E+02  3.118E+02
  1.843E-01  7.259E-02  1.013E+05  8.010E-07 -1.784E-05  3.043E+02  3.226E+02
  1.843E-01  7.891E-02  1.013E+05  1.572E-08 -3.346E-05  3.148E+02  3.435E+02
  1.843E-01  8.522E-02  1.013E+05 -2.074E-06 -4.791E-05  3.343E+02  3.810E+02
  1.843E-01  9.153E-02  1.013E+05 -1.651E-06 -4.584E-05  3.688E+02  4.329E+02
  1.843E-01  9.784E-02  1.013E+05  5.234E-07 -2.505E-05  4.237E+02  5.223E+02
  1.843E-01  1.042E-01  1.013E+05  9.632E-07  9.189E-05  4.990E+02  7.363E+02
  1.843E-01  1.105E-01  1.013E+05  8.257E-07 -8.724E-06  4.238E+02  5.138E+02
  1.843E-01  1.168E-01  1.013E+05  1.838E-07 -2.041E-05  3.686E+02  4.271E+02
  1.843E-01  1.231E-01  1.013E+05 -4.569E-07 -1.896E-05  3.344E+02  3.690E+02
  1.843E-01  1.294E-01  1.013E+05 -6.944E-07 -1.027E-05  3.146E+02  3.357E+02
  1.843E-01  1.357E-01  1.013E+05 -9.472E-07 -6.290E-06  3.041E+02  3.174E+02
  1.843E-01  1.420E-01  1.013E+05  5.902E-08 -4.239E-06  2.989E+02  3.068E+02
  1.843E-01  1.483E-01  1.013E+05  1.515E-06  9.980E-07  2.964E+02  3.009E+02
  1.843E-01  1.547E-01  1.013E+05  8.686E-08  8.240E-06  2.952E+02  2.980E+02
  1.843E-01  1.610E-01  1.013E+05  1.652E-07  4.314E-06  2.946E+02  2.964E+02
  1.843E-01  1.673E-01  1.013E+05  1.918E-06 -9.406E-06  2.943E+02  2.954E+02
  1.843E-01  1.736E-01  1.013E+05  6.249E-07 -1.003E-05  2.941E+02  2.947E+02
  1.843E-01  1.799E-01  1.013E+05 -3.808E-07  5.776E-07  2.940E+02  2.943E+02
  1.843E-01  1.862E-01  1.013E+05 -2.409E-07  3.903E-06  2.939E+02  2.941E+02
  1.843E-01  1.925E-01  1.013E+05 -2.630E-07  2.805E-06  2.938E+02  2.940E+02
  1.843E-01  1.988E-01  1.013E+05 -2.504E-07  2.562E-06  2.937E+02  2.938E+02
  1.843E-01  2.052E-01  1.013E+05 -2.392E-07  2.261E-06  2.937E+02  2.937E+02
  1.843E-01  2.115E-01  1.013E+05 -2.257E-07  2.026E-06  2.936E+02  2.937E+02
  1.843E-01  2.178E-01  1.013E+05 -2.118E-07  1.817E-06  2.936E+02  2.936E+02
  1.843E-01  2.241E-01  1.013E+05 -1.979E-07  1.635E-06  2.935E+02  2.935E+02
  1.843E-01  2.304E-01  1.013E+05 -1.844E-07  1.466E-06  2.935E+02  2.935E+02
  1.843E-01  2.367E-01  1.013E+05 -1.716E-07  1.332E-06  2.934E+02  2.935E+02
  1.843E-01  2.430E-01  1.013E+05 -1.595E-07  1.222E-06  2.934E+02  2.934E+02
  1.843E-01  2.493E-01  1.013E+05 -1.482E-07  1.121E-06  2.934E+02  2.934E+02
  1.843E-01  2.557E-01  1.013E+05 -1.377E-07  1.028E-06  2.933E+02  2.933E+02
  1.843E-01  2.620E-01  1.013E+05 -1.279E-07  9.416E-07  2.933E+02  2.933E+02
  1.843E-01  2.683E-01  1.013E+05 -1.188E-07  8.615E-07  2.933E+02  2.933E+02
  1.843E-01  2.746E-01  1.013E+05 -1.103E-07  7.877E-07  2.932E+02  2.933E+02
  1.843E-01  2.809E-01  1.013E+05 -1.023E-07  7.199E-07  2.932E+02  2.932E+02
  1.843E-01  2.872E-01  1.013E+05 -9.487E-08  6.577E-07  2.932E+02  2.932E+02
  1.843E-01  2.935E-01  1.013E+05 -8.791E-08  6.007E-07  2.932E+02  2.932E+02
  1.843E-01  2.998E-01  1.013E+05 -8.142E-08  5.484E-07  2.932E+02  2.932E+02
  1.843E-01  3.062E-01  1.013E+05 -7.534E-08  5.003E-07  2.931E+02  2.932E+02
  1.843E-01  3.125E-01  1.013E+05 -6.967E-08  4.568E-07  2.931E+02  2.931E+02
  1.843E-01  3.188E-01  1.013E+05 -6.436E-08  4.125E-07  2.931E+02  2.931E+02
  1.843E-01  3.251E-01  1.013E+05 -5.939E-08  3.958E-07  2.931E+02  2.931E+02
  1.843E-01  3.314E-01  1.013E+05 -5.475E-08  2.387E-07  2.931E+02  2.931E+02
  1.843E-01  3.377E-01  1.013E+05 -5.043E-08  9.163E-07  2.931E+02  2.931E+02
  1.843E-01  3.440E-01  1.013E+05 -4.642E-08 -3.258E-06  2.931E+02  2.931E+02
  1.843E-01  3.503E-01  1.013E+05 -4.284E-08 -1.433E-05  2.931E+02  2.931E+02
  1.843E-01  3.567E-01  1.013E+05 -3.969E-08 -1.435E-05  2.931E+02  2.931E+02
  1.843E-01  3.630E-01  1.013E+05 -3.676E-08 -3.341E-06  2.931E+02  2.931E+02
  1.843E-01  3.693E-01  1.013E+05 -3.404E-08  7.831E-07  2.931E+02  2.931E+02
  1.843E-01  3.756E-01  1.013E+05 -3.148E-08  5.752E-08  2.931E+02  2.931E+02
  1.843E-01  3.819E-01  1.013E+05 -2.909E-08  1.666E-07  2.930E+02  2.930E+02
  1.843E-01  3.882E-01  1.013E+05 -2.685E-08  1.342E-07  2.930E+02  2.930E+02
  1.843E-01  3.945E-01  1.013E+05 -2.476E-08  1.264E-07  2.930E+02  2.930E+02
  1.843E-01  4.008E-01  1.013E+05 -2.280E-08  1.153E-07  2.930E+02  2.930E+02
  1.843E-01  4.072E-01  1.013E+05 -2.095E-08  1.055E-07  2.930E+02  2.930E+02
  1.843E-01  4.135E-01  1.013E+05 -1.922E-08  9.613E-08  2.930E+02  2.930E+02
  1.843E-01  4.198E-01  1.013E+05 -1.758E-08  8.740E-08  2.930E+02  2.930E+02
  1.843E-01  4.261E-01  1.013E+05 -1.604E-08  7.920E-08  2.930E+02  2.930E+02
  1.843E-01  4.324E-01  1.013E+05 -1.457E-08  7.147E-08  2.930E+02  2.930E+02
  1.843E-01  4.387E-01  1.013E+05 -1.317E-08  6.417E-08  2.930E+02  2.930E+02
  1.843E-01  4.450E-01  1.013E+05 -1.184E-08  5.725E-08  2.930E+02  2.930E+02
  1.843E-01  4.513E-01  1.013E+05 -1.056E-08  5.067E-08  2.930E+02  2.930E+02
  1.843E-01  4.577E-01  1.013E+05 -9.331E-09  4.438E-08  2.930E+02  2.930E+02
  1.843E-01  4.640E-01  1.013E+05 -8.142E-09  3.833E-08  2.930E+02  2.930E+02
  1.843E-01  4.703E-01  1.013E+05 -6.987E-09  3.249E-08  2.930E+02  2.930E+02
  1.843E-01  4.766E-01  1.013E+05 -5.860E-09  2.682E-08  2.930E+02  2.930E+02
  1.843E-01  4.829E-01  1.013E+05 -4.750E-09  2.127E-08  2.930E+02  2.930E+02
  1.843E-01  4.892E-01  1.013E+05 -3.669E-09  1.581E-08  2.930E+02  2.930E+02
  1.843E-01  4.955E-01  1.013E+05 -2.503E-09  1.048E-08  2.930E+02  2.930E+02
  1.843E-01  5.018E-01  1.013E+05 -1.863E-09  4.723E-09  2.930E+02  2.930E+02
  1.843E-01  5.050E-01  1.013E+05 -1.863E-09  4.723E-09  2.930E+02  2.930E+02
  2.126E-01  0.000E+00  1.013E+05  0.000E+00  0.000E+00  2.930E+02  2.937E+02
  2.126E-01  3.156E-03  1.013E+05 -3.275E-06 -3.797E-05  2.932E+02  2.937E+02
  2.126E-01  9.469E-03  1.013E+05 -2.440E-06 -8.076E-06  2.936E+02  2.938E+02
  2.126E-01  1.578E-02  1.013E+05 -2.614E-07 -1.225E-06  2.939E+02  2.941E+02
  2.126E-01  2.209E-02  1.013E+05  5.428E-07  4.263E-06  2.941E+02  2.944E+02
  2.126E-01  2.841E-02  1.013E+05  3.444E-07  5.017E-06  2.943E+02  2.948E+02
  2.126E-01  3.472E-02  1.013E+05  3.268E-07  2.216E-06  2.944E+02  2.953E+02
  2.126E-01  4.103E-02  1.013E+05  3.117E-07 -7.655E-06  2.946E+02  2.963E+02
  2.126E-01  4.734E-02  1.013E+05  2.560E-07 -5.798E-06  2.949E+02  2.978E+02
  2.126E-01  5.366E-02  1.013E+05  1.985E-07  4.286E-06  2.954E+02  3.005E+02
  2.126E-01  5.997E-02  1.013E+05  1.101E-07 -2.254E-06  2.965E+02  3.050E+02
  2.126E-01  6.628E-02  1.013E+05 -1.950E-08 -1.106E-05  2.991E+02  3.107E+02
  2.126E-01  7.259E-02  1.013E+05 -4.672E-08 -1.813E-05  3.043E+02  3.214E+02
  2.126E-01  7.891E-02  1.013E+05 -3.629E-08 -3.394E-05  3.148E+02  3.425E+02
  2.126E-01  8.522E-02  1.013E+05  5.227E-09 -4.782E-05  3.343E+02  3.818E+02
  2.126E-01  9.153E-02  1.013E+05  1.354E-07 -4.511E-05  3.687E+02  4.351E+02
  2.126E-01  9.784E-02  1.013E+05  2.007E-07 -2.430E-05  4.237E+02  5.232E+02
  2.126E-01  1.042E-01  1.013E+05  1.868E-07  9.204E-05  4.989E+02  7.357E+02
  2.126E-01  1.105E-01  1.013E+05  2.211E-07 -7.971E-06  4.238E+02  5.097E+02
  2.126E-01  1.168E-01  1.013E+05  1.595E-07 -1.919E-05  3.686E+02  4.240E+02
  2.126E-01  1.231E-01  1.013E+05  5.877E-08 -1.821E-05  3.344E+02  3.668E+02
  2.126E-01  1.294E-01  1.013E+05 -9.988E-09 -1.092E-05  3.146E+02  3.337E+02
  2.126E-01  1.357E-01  1.013E+05 -2.442E-07 -2.733E-06  3.041E+02  3.157E+02
  2.126E-01  1.420E-01  1.013E+05  7.415E-07  6.371E-06  2.989E+02  3.057E+02
  2.126E-01  1.483E-01  1.013E+05  2.039E-06  1.633E-06  2.964E+02  3.002E+02
  2.126E-01  1.547E-01  1.013E+05  6.956E-07 -1.385E-06  2.952E+02  2.976E+02
  2.126E-01  1.610E-01  1.013E+05 -5.346E-07  2.036E-06  2.946E+02  2.962E+02
  2.126E-01  1.673E-01  1.013E+05  7.461E-07 -7.484E-06  2.943E+02  2.953E+02
  2.126E-01  1.736E-01  1.013E+05  2.108E-06 -1.004E-05  2.941E+02  2.946E+02
  2.126E-01  1.799E-01  1.013E+05  6.869E-07  1.339E-07  2.940E+02  2.943E+02
  2.126E-01  1.862E-01  1.013E+05 -3.838E-07  3.500E-06  2.939E+02  2.941E+02
  2.126E-01  1.925E-01  1.013E+05 -1.881E-07  2.649E-06  2.938E+02  2.940E+02
  2.126E-01  1.988E-01  1.013E+05 -2.050E-07  2.482E-06  2.937E+02  2.938E+02
  2.126E-01  2.052E-01  1.013E+05 -1.861E-07  2.247E-06  2.937E+02  2.937E+02
  2.126E-01  2.115E-01  1.013E+05 -1.740E-07  2.046E-06  2.936E+02  2.937E+02
  2.126E-01  2.178E-01  1.013E+05 -1.617E-07  1.855E-06  2.936E+02  2.936E+02
  2.126E-01  2.241E-01  1.013E+05 -1.504E-07  1.682E-06  2.935E+02  2.935E+02
  2.126E-01  2.304E-01  1.013E+05 -1.399E-07  1.517E-06  2.935E+02  2.935E+02
  2.126E-01  2.367E-01  1.013E+05 -1.301E-07  1.382E-06  2.934E+02  2.935E+02
  2.126E-01  2.430E-01  1.013E+05 -1.210E-07  1.272E-06  2.934E+02  2.934E+02
  2.126E-01  2.493E-01  1.013E+05 -1.124E-07  1.168E-06  2.934E+02  2.934E+02
  2.126E-01  2.557E-01  1.013E+05 -1.045E-07  1.074E-06  2.933E+02  2.933E+02
  2.126E-01  2.620E-01  1.013E+05 -9.705E-08  9.839E-07  2.933E+02  2.933E+02
  2.126E-01  2.683E-01  1.013E+05 -9.010E-08  9.011E-07  2.933E+02  2.933E+02
  2.126E-01  2.746E-01  1.013E+05 -8.359E-08  8.246E-07  2.932E+02  2.933E+02
  2.126E-01  2.809E-01  1.013E+05 -7.746E-08  7.544E-07  2.932E+02  2.932E+02
  2.126E-01  2.872E-01  1.013E+05 -7.170E-08  6.899E-07  2.932E+02  2.932E+02
  2.126E-01  2.935E-01  1.013E+05 -6.625E-08  6.309E-07  2.932E+02  2.932E+02
  2.126E-01  2.998E-01  1.013E+05 -6.109E-08  5.767E-07  2.932E+02  2.932E+02
  2.126E-01  3.062E-01  1.013E+05 -5.620E-08  5.269E-07  2.931E+02  2.932E+02
  2.126E-01  3.125E-01  1.013E+05 -5.157E-08  4.818E-07  2.931E+02  2.931E+02
  2.126E-01  3.188E-01  1.013E+05 -4.717E-08  4.360E-07  2.931E+02  2.931E+02
  2.126E-01  3.251E-01  1.013E+05 -4.305E-08  4.178E-07  2.931E+02  2.931E+02
  2.126E-01  3.314E-01  1.013E+05 -3.917E-08  2.594E-07  2.931E+02  2.931E+02
  2.126E-01  3.377E-01  1.013E+05 -3.581E-08  9.356E-07  2.931E+02  2.931E+02
  2.126E-01  3.440E-01  1.013E+05 -3.272E-08 -3.240E-06  2.931E+02  2.931E+02
  2.126E-01  3.503E-01  1.013E+05 -3.024E-08 -1.431E-05  2.931E+02  2.931E+02
  2.126E-01  3.567E-01  1.013E+05 -2.835E-08 -1.434E-05  2.931E+02  2.931E+02
  2.126E-01  3.630E-01  1.013E+05 -2.642E-08 -3.329E-06  2.931E+02  2.931E+02
  2.126E-01  3.693E-01  1.013E+05 -2.464E-08  7.941E-07  2.931E+02  2.931E+02
  2.126E-01  3.756E-01  1.013E+05 -2.295E-08  6.799E-08  2.931E+02  2.931E+02
  2.126E-01  3.819E-01  1.013E+05 -2.135E-08  1.766E-07  2.930E+02  2.930E+02
  2.126E-01  3.882E-01  1.013E+05 -1.985E-08  1.438E-07  2.930E+02  2.930E+02
  2.126E-01  3.945E-01  1.013E+05 -1.843E-08  1.357E-07  2.930E+02  2.930E+02
  2.126E-01  4.008E-01  1.013E+05 -1.707E-08  1.241E-07  2.930E+02  2.930E+02
  2.126E-01  4.072E-01  1.013E+05 -1.578E-08  1.138E-07  2.930E+02  2.930E+02
  2.126E-01  4.135E-01  1.013E+05 -1.455E-08  1.041E-07  2.930E+02  2.930E+02
  2.126E-01  4.198E-01  1.013E+05 -1.338E-08  9.501E-08  2.930E+02  2.930E+02
  2.126E-01  4.261E-01  1.013E+05 -1.225E-08  8.644E-08  2.930E+02  2.930E+02
  2.126E-01  4.324E-01  1.013E+05 -1.117E-08  7.836E-08  2.930E+02  2.930E+02
  2.126E-01  4.387E-01  1.013E+05 -1.013E-08  7.074E-08  2.930E+02  2.930E+02
  2.126E-01  4.450E-01  1.013E+05 -9.133E-09  6.352E-08  2.930E+02  2.930E+02
  2.126E-01  4.513E-01  1.013E+05 -8.167E-09  5.666E-08  2.930E+02  2.930E+02
  2.126E-01  4.577E-01  1.013E+05 -7.232E-09  5.012E-08  2.930E+02  2.930E+02
  2.126E-01  4.640E-01  1.013E+05 -6.322E-09  4.384E-08  2.930E+02  2.930E+02
  2.126E-01  4.703E-01  1.013E+05 -5.434E-09  3.780E-08  2.930E+02  2.930E+02
  2.126E-01  4.766E-01  1.013E+05 -4.564E-09  3.194E-08  2.930E+02  2.930E+02
  2.126E-01  4.829E-01  1.013E+05 -3.705E-09  2.621E-08  2.930E+02  2.930E+02
  2.126E-01  4.892E-01  1.013E+05 -2.864E-09  2.075E-08  2.930E+02  2.930E+02
  2.126E-01  4.955E-01  1.013E+05 -1.955E-09  1.440E-08  2.930E+02  2.930E+02
  2.126E-01  5.018E-01  1.013E+05 -1.456E-09  1.378E-08  2.930E+02  2.930E+02
  2.126E-01  5.050E-01  1.013E+05 -1.456E-09  1.378E-08  2.930E+02  2.930E+02
  2.410E-01  0.000E+00  1.013E+05  0.000E+00  0.000E+00  2.930E+02  2.937E+02
  2.410E-01  3.156E-03  1.013E+05 -1.931E-06  2.172E-06  2.932E+02  2.937E+02
  2.410E-01  9.469E-03  1.013E+05 -7.758E-07  1.643E-06  2.936E+02  2.939E+02
  2.410E-01  1.578E-02  1.013E+05  3.050E-07  2.389E-06  2.939E+02  2.940E+02
  2.410E-01  2.209E-02  1.013E+05  1.349E-07  3.330E-06  2.941E+02  2.943E+02
  2.410E-01  2.841E-02  1.013E+05  1.424E-07  4.122E-06  2.943E+02  2.947E+02
  2.410E-01  3.472E-02  1.013E+05 -9.827E-08  5.589E-06  2.944E+02  2.951E+02
  2.410E-01  4.103E-02  1.013E+05  9.037E-07  2.423E-06  2.946E+02  2.957E+02
  2.410E-01  4.734E-02  1.013E+05  2.221E-06 -5.737E-06  2.949E+02  2.970E+02
  2.410E-01  5.366E-02  1.013E+05  7.514E-07 -5.528E-06  2.954E+02  2.990E+02
  2.410E-01  5.997E-02  1.013E+05 -3.970E-07 -4.191E-06  2.966E+02  3.023E+02
  2.410E-01  6.628E-02  1.013E+05 -2.671E-07 -9.363E-06  2.991E+02  3.087E+02
  2.410E-01  7.259E-02  1.013E+05 -3.248E-07 -1.786E-05  3.043E+02  3.203E+02
  2.410E-01  7.891E-02  1.013E+05 -2.509E-07 -3.341E-05  3.148E+02  3.415E+02
  2.410E-01  8.522E-02  1.013E+05 -1.036E-07 -4.747E-05  3.343E+02  3.804E+02
  2.410E-01  9.153E-02  1.013E+05  9.140E-09 -4.525E-05  3.687E+02  4.341E+02
  2.410E-01  9.784E-02  1.013E+05  6.388E-08 -2.470E-05  4.237E+02  5.221E+02
  2.410E-01  1.042E-01  1.013E+05  5.489E-08  9.194E-05  4.989E+02  7.343E+02
  2.410E-01  1.105E-01  1.013E+05  7.901E-08 -8.757E-06  4.238E+02  5.061E+02
  2.410E-01  1.168E-01  1.013E+05  1.655E-07 -2.002E-05  3.687E+02  4.197E+02
  2.410E-01  1.231E-01  1.013E+05  2.379E-07 -1.853E-05  3.343E+02  3.661E+02
  2.410E-01  1.294E-01  1.013E+05  2.905E-07 -1.085E-05  3.146E+02  3.337E+02
  2.410E-01  1.357E-01  1.013E+05  3.344E-07 -2.607E-06  3.041E+02  3.158E+02
  2.410E-01  1.420E-01  1.013E+05  3.558E-07  6.038E-06  2.989E+02  3.057E+02
  2.410E-01  1.483E-01  1.013E+05  2.597E-07  8.600E-07  2.964E+02  3.002E+02
  2.410E-01  1.547E-01  1.013E+05  1.871E-07 -3.248E-06  2.952E+02  2.976E+02
  2.410E-01  1.610E-01  1.013E+05 -1.356E-07  4.642E-06  2.946E+02  2.962E+02
  2.410E-01  1.673E-01  1.013E+05  8.094E-07  2.536E-06  2.943E+02  2.953E+02
  2.410E-01  1.736E-01  1.013E+05  2.141E-06 -1.012E-05  2.941E+02  2.946E+02
  2.410E-01  1.799E-01  1.013E+05  7.558E-07 -1.026E-05  2.940E+02  2.943E+02
  2.410E-01  1.862E-01  1.013E+05 -2.914E-07  1.769E-07  2.939E+02  2.941E+02
  2.410E-01  1.925E-01  1.013E+05 -9.164E-08  3.734E-06  2.938E+02  2.940E+02
  2.410E-01  1.988E-01  1.013E+05 -1.101E-07  2.656E-06  2.938E+02  2.938E+02
  2.410E-01  2.052E-01  1.013E+05 -9.634E-08  2.461E-06  2.937E+02  2.938E+02
  2.410E-01  2.115E-01  1.013E+05 -9.071E-08  2.182E-06  2.936E+02  2.937E+02
  2.410E-01  2.178E-01  1.013E+05 -8.524E-08  1.960E-06  2.936E+02  2.936E+02
  2.410E-01  2.241E-01  1.013E+05 -8.063E-08  1.763E-06  2.935E+02  2.936E+02
  2.410E-01  2.304E-01  1.013E+05 -7.642E-08  1.582E-06  2.935E+02  2.935E+02
  2.410E-01  2.367E-01  1.013E+05 -7.247E-08  1.436E-06  2.934E+02  2.935E+02
  2.410E-01  2.430E-01  1.013E+05 -6.864E-08  1.317E-06  2.934E+02  2.934E+02
  2.410E-01  2.493E-01  1.013E+05 -6.486E-08  1.207E-06  2.934E+02  2.934E+02
  2.410E-01  2.557E-01  1.013E+05 -6.117E-08  1.107E-06  2.933E+02  2.933E+02
  2.410E-01  2.620E-01  1.013E+05 -5.757E-08  1.014E-06  2.933E+02  2.933E+02
  2.410E-01  2.683E-01  1.013E+05 -5.408E-08  9.287E-07  2.933E+02  2.933E+02
  2.410E-01  2.746E-01  1.013E+05 -5.069E-08  8.501E-07  2.932E+02  2.933E+02
  2.410E-01  2.809E-01  1.013E+05 -4.741E-08  7.782E-07  2.932E+02  2.932E+02
  2.410E-01  2.872E-01  1.013E+05 -4.422E-08  7.124E-07  2.932E+02  2.932E+02
  2.410E-01  2.935E-01  1.013E+05 -4.114E-08  6.523E-07  2.932E+02  2.932E+02
  2.410E-01  2.998E-01  1.013E+05 -3.815E-08  5.973E-07  2.932E+02  2.932E+02
  2.410E-01  3.062E-01  1.013E+05 -3.526E-08  5.467E-07  2.931E+02  2.932E+02
  2.410E-01  3.125E-01  1.013E+05 -3.249E-08  5.009E-07  2.931E+02  2.931E+02
  2.410E-01  3.188E-01  1.013E+05 -2.984E-08  4.541E-07  2.931E+02  2.931E+02
  2.410E-01  3.251E-01  1.013E+05 -2.735E-08  4.348E-07  2.931E+02  2.931E+02
  2.410E-01  3.314E-01  1.013E+05 -2.500E-08  2.740E-07  2.931E+02  2.931E+02
  2.410E-01  3.377E-01  1.013E+05 -2.304E-08  9.474E-07  2.931E+02  2.931E+02
  2.410E-01  3.440E-01  1.013E+05 -2.126E-08 -3.231E-06  2.931E+02  2.931E+02
  2.410E-01  3.503E-01  1.013E+05 -1.980E-08 -1.430E-05  2.931E+02  2.931E+02
  2.410E-01  3.567E-01  1.013E+05 -1.865E-08 -1.434E-05  2.931E+02  2.931E+02
  2.410E-01  3.630E-01  1.013E+05 -1.740E-08 -3.326E-06  2.931E+02  2.931E+02
  2.410E-01  3.693E-01  1.013E+05 -1.625E-08  7.969E-07  2.931E+02  2.931E+02
  2.410E-01  3.756E-01  1.013E+05 -1.512E-08  7.083E-08  2.930E+02  2.931E+02
  2.410E-01  3.819E-01  1.013E+05 -1.405E-08  1.797E-07  2.930E+02  2.930E+02
  2.410E-01  3.882E-01  1.013E+05 -1.304E-08  1.472E-07  2.930E+02  2.930E+02
  2.410E-01  3.945E-01  1.013E+05 -1.207E-08  1.392E-07  2.930E+02  2.930E+02
  2.410E-01  4.008E-01  1.013E+05 -1.116E-08  1.279E-07  2.930E+02  2.930E+02
  2.410E-01  4.072E-01  1.013E+05 -1.029E-08  1.178E-07  2.930E+02  2.930E+02
  2.410E-01  4.135E-01  1.013E+05 -9.465E-09  1.082E-07  2.930E+02  2.930E+02
  2.410E-01  4.198E-01  1.013E+05 -8.683E-09  9.914E-08  2.930E+02  2.930E+02
  2.410E-01  4.261E-01  1.013E+05 -7.938E-09  9.060E-08  2.930E+02  2.930E+02
  2.410E-01  4.324E-01  1.013E+05 -7.227E-09  8.251E-08  2.930E+02  2.930E+02
  2.410E-01  4.387E-01  1.013E+05 -6.547E-09  7.485E-08  2.930E+02  2.930E+02
  2.410E-01  4.450E-01  1.013E+05 -5.894E-09  6.757E-08  2.930E+02  2.930E+02
  2.410E-01  4.513E-01  1.013E+05 -5.266E-09  6.063E-08  2.930E+02  2.930E+02
  2.410E-01  4.577E-01  1.013E+05 -4.660E-09  5.400E-08  2.930E+02  2.930E+02
  2.410E-01  4.640E-01  1.013E+05 -4.072E-09  4.763E-08  2.930E+02  2.930E+02
  2.410E-01  4.703E-01  1.013E+05 -3.500E-09  4.148E-08  2.930E+02  2.930E+02
  2.410E-01  4.766E-01  1.013E+05 -2.939E-09  3.553E-08  2.930E+02  2.930E+02
  2.410E-01  4.829E-01  1.013E+05 -2.386E-09  2.968E-08  2.930E+02  2.930E+02
  2.410E-01  4.892E-01  1.013E+05 -1.845E-09  2.424E-08  2.930E+02  2.930E+02
  2.410E-01  4.955E-01  1.013E+05 -1.260E-09  1.717E-08  2.930E+02  2.930E+02
  2.410E-01  5.018E-01  1.013E+05 -9.383E-10  2.018E-08  2.930E+02  2.930E+02
  2.410E-01  5.050E-01  1.013E+05 -9.383E-10  2.018E-08  2.930E+02  2.930E+02
  2.693E-01  0.000E+00  1.013E+05  0.000E+00  0.000E+00  2.930E+02  2.937E+02
  2.693E-01  3.156E-03  1.013E+05  4.170E-08  2.789E-06  2.932E+02  2.937E+02
  2.693E-01  9.469E-03  1.013E+05  8.901E-08  2.313E-06  2.936E+02  2.939E+02
  2.693E-01  1.578E-02  1.013E+05  1.192E-07  2.979E-06  2.939E+02  2.940E+02
  2.693E-01  2.209E-02  1.013E+05  1.980E-07  3.506E-06  2.941E+02  2.943E+02
  2.693E-01  2.841E-02  1.013E+05  1.678E-07  3.921E-06  2.943E+02  2.946E+02
  2.693E-01  3.472E-02  1.013E+05  1.737E-07  5.729E-06  2.944E+02  2.950E+02
  2.693E-01  4.103E-02  1.013E+05  1.944E-07  2.726E-06  2.946E+02  2.956E+02
  2.693E-01  4.734E-02  1.013E+05  2.510E-07 -5.793E-06  2.949E+02  2.968E+02
  2.693E-01  5.366E-02  1.013E+05  1.449E-07 -5.593E-06  2.954E+02  2.988E+02
  2.693E-01  5.997E-02  1.013E+05  6.006E-08 -4.391E-06  2.966E+02  3.020E+02
  2.693E-01  6.628E-02  1.013E+05  2.951E-08 -9.722E-06  2.991E+02  3.083E+02
  2.693E-01  7.259E-02  1.013E+05 -2.387E-08 -1.842E-05  3.044E+02  3.199E+02
  2.693E-01  7.891E-02  1.013E+05 -3.232E-08 -3.413E-05  3.148E+02  3.409E+02
  2.693E-01  8.522E-02  1.013E+05 -1.838E-08 -4.835E-05  3.343E+02  3.796E+02
  2.693E-01  9.153E-02  1.013E+05  8.195E-09 -4.620E-05  3.687E+02  4.344E+02
  2.693E-01  9.784E-02  1.013E+05  3.227E-08 -2.560E-05  4.238E+02  5.225E+02
  2.693E-01  1.042E-01  1.013E+05  2.099E-08  9.168E-05  4.990E+02  7.345E+02
  2.693E-01  1.105E-01  1.013E+05  2.276E-08 -9.655E-06  4.238E+02  5.064E+02
  2.693E-01  1.168E-01  1.013E+05  6.079E-08 -2.102E-05  3.687E+02  4.199E+02
  2.693E-01  1.231E-01  1.013E+05  9.447E-08 -1.931E-05  3.344E+02  3.661E+02
  2.693E-01  1.294E-01  1.013E+05  1.085E-07 -1.143E-05  3.146E+02  3.337E+02
  2.693E-01  1.357E-01  1.013E+05  1.069E-07 -3.045E-06  3.041E+02  3.158E+02
  2.693E-01  1.420E-01  1.013E+05  1.006E-07  5.615E-06  2.989E+02  3.057E+02
  2.693E-01  1.483E-01  1.013E+05  7.252E-08  6.379E-07  2.964E+02  3.002E+02
  2.693E-01  1.547E-01  1.013E+05  8.972E-08 -3.240E-06  2.952E+02  2.976E+02
  2.693E-01  1.610E-01  1.013E+05  9.082E-08  4.801E-06  2.946E+02  2.962E+02
  2.693E-01  1.673E-01  1.013E+05  1.340E-07  2.757E-06  2.943E+02  2.953E+02
  2.693E-01  1.736E-01  1.013E+05  1.490E-07 -1.020E-05  2.941E+02  2.946E+02
  2.693E-01  1.799E-01  1.013E+05  1.162E-07 -1.068E-05  2.940E+02  2.943E+02
  2.693E-01  1.862E-01  1.013E+05  5.193E-08 -2.225E-07  2.939E+02  2.941E+02
  2.693E-01  1.925E-01  1.013E+05  2.628E-08  3.527E-06  2.938E+02  2.940E+02
  2.693E-01  1.988E-01  1.013E+05  5.981E-09  2.509E-06  2.938E+02  2.938E+02
  2.693E-01  2.052E-01  1.013E+05 -5.884E-09  2.372E-06  2.937E+02  2.938E+02
  2.693E-01  2.115E-01  1.013E+05 -1.334E-08  2.127E-06  2.936E+02  2.937E+02
  2.693E-01  2.178E-01  1.013E+05 -1.769E-08  1.927E-06  2.936E+02  2.936E+02
  2.693E-01  2.241E-01  1.013E+05 -2.004E-08  1.746E-06  2.935E+02  2.936E+02
  2.693E-01  2.304E-01  1.013E+05 -2.110E-08  1.576E-06  2.935E+02  2.935E+02
  2.693E-01  2.367E-01  1.013E+05 -2.136E-08  1.437E-06  2.934E+02  2.935E+02
  2.693E-01  2.430E-01  1.013E+05 -2.115E-08  1.323E-06  2.934E+02  2.934E+02
  2.693E-01  2.493E-01  1.013E+05 -2.065E-08  1.216E-06  2.934E+02  2.934E+02
  2.693E-01  2.557E-01  1.013E+05 -1.998E-08  1.118E-06  2.933E+02  2.933E+02
  2.693E-01  2.620E-01  1.013E+05 -1.921E-08  1.026E-06  2.933E+02  2.933E+02
  2.693E-01  2.683E-01  1.013E+05 -1.840E-08  9.408E-07  2.933E+02  2.933E+02
  2.693E-01  2.746E-01  1.013E+05 -1.758E-08  8.620E-07  2.932E+02  2.933E+02
  2.693E-01  2.809E-01  1.013E+05 -1.676E-08  7.894E-07  2.932E+02  2.932E+02
  2.693E-01  2.872E-01  1.013E+05 -1.596E-08  7.227E-07  2.932E+02  2.932E+02
  2.693E-01  2.935E-01  1.013E+05 -1.520E-08  6.615E-07  2.932E+02  2.932E+02
  2.693E-01  2.998E-01  1.013E+05 -1.447E-08  6.054E-07  2.932E+02  2.932E+02
  2.693E-01  3.062E-01  1.013E+05 -1.378E-08  5.539E-07  2.931E+02  2.932E+02
  2.693E-01  3.125E-01  1.013E+05 -1.313E-08  5.071E-07  2.931E+02  2.931E+02
  2.693E-01  3.188E-01  1.013E+05 -1.252E-08  4.597E-07  2.931E+02  2.931E+02
  2.693E-01  3.251E-01  1.013E+05 -1.195E-08  4.399E-07  2.931E+02  2.931E+02
  2.693E-01  3.314E-01  1.013E+05 -1.140E-08  2.789E-07  2.931E+02  2.931E+02
  2.693E-01  3.377E-01  1.013E+05 -1.085E-08  9.524E-07  2.931E+02  2.931E+02
  2.693E-01  3.440E-01  1.013E+05 -1.029E-08 -3.226E-06  2.931E+02  2.931E+02
  2.693E-01  3.503E-01  1.013E+05 -9.683E-09 -1.430E-05  2.931E+02  2.931E+02
  2.693E-01  3.567E-01  1.013E+05 -9.042E-09 -1.433E-05  2.931E+02  2.931E+02
  2.693E-01  3.630E-01  1.013E+05 -8.377E-09 -3.319E-06  2.931E+02  2.931E+02
  2.693E-01  3.693E-01  1.013E+05 -7.712E-09  8.035E-07  2.931E+02  2.931E+02
  2.693E-01  3.756E-01  1.013E+05 -7.056E-09  7.720E-08  2.930E+02  2.931E+02
  2.693E-01  3.819E-01  1.013E+05 -6.423E-09  1.857E-07  2.930E+02  2.930E+02
  2.693E-01  3.882E-01  1.013E+05 -5.822E-09  1.528E-07  2.930E+02  2.930E+02
  2.693E-01  3.945E-01  1.013E+05 -5.263E-09  1.444E-07  2.930E+02  2.930E+02
  2.693E-01  4.008E-01  1.013E+05 -4.750E-09  1.327E-07  2.930E+02  2.930E+02
  2.693E-01  4.072E-01  1.013E+05 -4.281E-09  1.222E-07  2.930E+02  2.930E+02
  2.693E-01  4.135E-01  1.013E+05 -3.855E-09  1.123E-07  2.930E+02  2.930E+02
  2.693E-01  4.198E-01  1.013E+05 -3.466E-09  1.029E-07  2.930E+02  2.930E+02
  2.693E-01  4.261E-01  1.013E+05 -3.111E-09  9.411E-08  2.930E+02  2.930E+02
  2.693E-01  4.324E-01  1.013E+05 -2.787E-09  8.577E-08  2.930E+02  2.930E+02
  2.693E-01  4.387E-01  1.013E+05 -2.488E-09  7.788E-08  2.930E+02  2.930E+02
  2.693E-01  4.450E-01  1.013E+05 -2.211E-09  7.040E-08  2.930E+02  2.930E+02
  2.693E-01  4.513E-01  1.013E+05 -1.954E-09  6.328E-08  2.930E+02  2.930E+02
  2.693E-01  4.577E-01  1.013E+05 -1.713E-09  5.649E-08  2.930E+02  2.930E+02
  2.693E-01  4.640E-01  1.013E+05 -1.485E-09  4.998E-08  2.930E+02  2.930E+02
  2.693E-01  4.703E-01  1.013E+05 -1.268E-09  4.371E-08  2.930E+02  2.930E+02
  2.693E-01  4.766E-01  1.013E+05 -1.059E-09  3.765E-08  2.930E+02  2.930E+02
  2.693E-01  4.829E-01  1.013E+05 -8.564E-10  3.170E-08  2.930E+02  2.930E+02
  2.693E-01  4.892E-01  1.013E+05 -6.605E-10  2.624E-08  2.930E+02  2.930E+02
  2.693E-01  4.955E-01  1.013E+05 -4.505E-10  1.874E-08  2.930E+02  2.930E+02
  2.693E-01  5.018E-01  1.013E+05 -3.351E-10  2.375E-08  2.930E+02  2.930E+02
  2.693E-01  5.050E-01  1.013E+05 -3.351E-10  2.375E-08  2.930E+02  2.930E+02
  2.835E-01  0.000E+00  1.013E+05  0.000E+00  0.000E+00  2.930E+02  2.937E+02
  2.835E-01  3.156E-03  1.013E+05  0.000E+00  0.000E+00  2.932E+02  2.937E+02
  2.835E-01  9.469E-03  1.013E+05  0.000E+00  0.000E+00  2.936E+02  2.939E+02
  2.835E-01  1.578E-02  1.013E+05  0.000E+00  0.000E+00  2.939E+02  2.940E+02
  2.835E-01  2.209E-02  1.013E+05  0.000E+00  0.000E+00  2.941E+02  2.943E+02
  2.835E-01  2.841E-02  1.013E+05  0.000E+00  0.000E+00  2.943E+02  2.946E+02
  2.835E-01  3.472E-02  1.013E+05  0.000E+00  0.000E+00  2.944E+02  2.950E+02
  2.835E-01  4.103E-02  1.013E+05  0.000E+00  0.000E+00  2.946E+02  2.956E+02
  2.835E-01  4.734E-02  1.013E+05  0.000E+00  0.000E+00  2.949E+02  2.968E+02
  2.835E-01  5.366E-02  1.013E+05  0.000E+00  0.000E+00  2.954E+02  2.988E+02
  2.835E-01  5.997E-02  1.013E+05  0.000E+00  0.000E+00  2.966E+02  3.020E+02
  2.835E-01  6.628E-02  1.013E+05  0.000E+00  0.000E+00  2.991E+02  3.083E+02
  2.835E-01  7.259E-02  1.013E+05  0.000E+00  0.000E+00  3.044E+02  3.199E+02
  2.835E-01  7.891E-02  1.013E+05  0.000E+00  0.000E+00  3.148E+02  3.409E+02
  2.835E-01  8.522E-02  1.013E+05  0.000E+00  0.000E+00  3.343E+02  3.796E+02
  2.835E-01  9.153E-02  1.013E+05  0.000E+00  0.000E+00  3.687E+02  4.344E+02
  2.835E-01  9.784E-02  1.013E+05  0.000E+00  0.000E+00  4.238E+02  5.225E+02
  2.835E-01  1.042E-01  1.013E+05  0.000E+00  0.000E+00  4.990E+02  7.345E+02
  2.835E-01  1.105E-01  1.013E+05  0.000E+00  0.000E+00  4.238E+02  5.064E+02
  2.835E-01  1.168E-01  1.013E+05  0.000E+00  0.000E+00  3.687E+02  4.199E+02
  2.835E-01  1.231E-01  1.013E+05  0.000E+00  0.000E+00  3.344E+02  3.661E+02
  2.835E-01  1.294E-01  1.013E+05  0.000E+00  0.000E+00  3.146E+02  3.337E+02
  2.835E-01  1.357E-01  1.013E+05  0.000E+00  0.000E+00  3.041E+02  3.158E+02
  2.835E-01  1.420E-01  1.013E+05  0.000E+00  0.000E+00  2.989E+02  3.057E+02
  2.835E-01  1.483E-01  1.013E+05  0.000E+00  0.000E+00  2.964E+02  3.002E+02
  2.835E-01  1.547E-01  1.013E+05  0.000E+00  0.000E+00  2.952E+02  2.976E+02
  2.835E-01  1.610E-01  1.013E+05  0.000E+00  0.000E+00  2.946E+02  2.962E+02
  2.835E-01  1.673E-01  1.013E+05  0.000E+00  0.000E+00  2.943E+02  2.953E+02
  2.835E-01  1.736E-01  1.013E+05  0.000E+00  0.000E+00  2.941E+02  2.946E+02
  2.835E-01  1.799E-01  1.013E+05  0.000E+00  0.000E+00  2.940E+02  2.943E+02
  2.835E-01  1.862E-01  1.013E+05  0.000E+00  0.000E+00  2.939E+02  2.941E+02
  2.835E-01  1.925E-01  1.013E+05  0.000E+00  0.000E+00  2.938E+02  2.940E+02
  2.835E-01  1.988E-01  1.013E+05  0.000E+00  0.000E+00  2.938E+02  2.938E+02
  2.835E-01  2.052E-01  1.013E+05  0.000E+00  0.000E+00  2.937E+02  2.938E+02
  2.835E-01  2.115E-01  1.013E+05  0.000E+00  0.000E+00  2.936E+02  2.937E+02
  2.835E-01  2.178E-01  1.013E+05  0.000E+00  0.000E+00  2.936E+02  2.936E+02
  2.835E-01  2.241E-01  1.013E+05  0.000E+00  0.000E+00  2.935E+02  2.936E+02
  2.835E-01  2.304E-01  1.013E+05  0.000E+00  0.000E+00  2.935E+02  2.935E+02
  2.835E-01  2.367E-01  1.013E+05  0.000E+00  0.000E+00  2.934E+02  2.935E+02
  2.835E-01  2.430E-01  1.013E+05  0.000E+00  0.000E+00  2.934E+02  2.934E+02
  2.835E-01  2.493E-01  1.013E+05  0.000E+00  0.000E+00  2.934E+02  2.934E+02
  2.835E-01  2.557E-01  1.013E+05  0.000E+00  0.000E+00  2.933E+02  2.933E+02
  2.835E-01  2.620E-01  1.013E+05  0.000E+00  0.000E+00  2.933E+02  2.933E+02
  2.835E-01  2.683E-01  1.013E+05  0.000E+00  0.000E+00  2.933E+02  2.933E+02
  2.835E-01  2.746E-01  1.013E+05  0.000E+00  0.000E+00  2.932E+02  2.933E+02
  2.835E-01  2.809E-01  1.013E+05  0.000E+00  0.000E+00  2.932E+02  2.932E+02
  2.835E-01  2.872E-01  1.013E+05  0.000E+00  0.000E+00  2.932E+02  2.932E+02
  2.835E-01  2.935E-01  1.013E+05  0.000E+00  0.000E+00  2.932E+02  2.932E+02
  2.835E-01  2.998E-01  1.013E+05  0.000E+00  0.000E+00  2.932E+02  2.932E+02
  2.835E-01  3.062E-01  1.013E+05  0.000E+00  0.000E+00  2.931E+02  2.932E+02
  2.835E-01  3.125E-01  1.013E+05  0.000E+00  0.000E+00  2.931E+02  2.931E+02
  2.835E-01  3.188E-01  1.013E+05  0.000E+00  0.000E+00  2.931E+02  2.931E+02
  2.835E-01  3.251E-01  1.013E+05  0.000E+00  0.000E+00  2.931E+02  2.931E+02
  2.835E-01  3.314E-01  1.013E+05  0.000E+00  0.000E+00  2.931E+02  2.931E+02
  2.835E-01  3.377E-01  1.013E+05  0.000E+00  0.000E+00  2.931E+02  2.931E+02
  2.835E-01  3.440E-01  1.013E+05  0.000E+00  0.000E+00  2.931E+02  2.931E+02
  2.835E-01  3.503E-01  1.013E+05  0.000E+00  0.000E+00  2.931E+02  2.931E+02
  2.835E-01  3.567E-01  1.013E+05  0.000E+00  0.000E+00  2.931E+02  2.931E+02
  2.835E-01  3.630E-01  1.013E+05  0.000E+00  0.000E+00  2.931E+02  2.931E+02
  2.835E-01  3.693E-01  1.013E+05  0.000E+00  0.000E+00  2.931E+02  2.931E+02
  2.835E-01  3.756E-01  1.013E+05  0.000E+00  0.000E+00  2.930E+02  2.931E+02
  2.835E-01  3.819E-01  1.013E+05  0.000E+00  0.000E+00  2.930E+02  2.930E+02
  2.835E-01  3.882E-01  1.013E+05  0.000E+00  0.000E+00  2.930E+02  2.930E+02
  2.835E-01  3.945E-01  1.013E+05  0.000E+00  0.000E+00  2.930E+02  2.930E+02
  2.835E-01  4.008E-01  1.013E+05  0.000E+00  0.000E+00  2.930E+02  2.930E+02
  2.835E-01  4.072E-01  1.013E+05  0.000E+00  0.000E+00  2.930E+02  2.930E+02
  2.835E-01  4.135E-01  1.013E+05  0.000E+00  0.000E+00  2.930E+02  2.930E+02
  2.835E-01  4.198E-01  1.013E+05  0.000E+00  0.000E+00  2.930E+02  2.930E+02
  2.835E-01  4.261E-01  1.013E+05  0.000E+00  0.000E+00  2.930E+02  2.930E+02
  2.835E-01  4.324E-01  1.013E+05  0.000E+00  0.000E+00  2.930E+02  2.930E+02
  2.835E-01  4.387E-01  1.013E+05  0.000E+00  0.000E+00  2.930E+02  2.930E+02
  2.835E-01  4.450E-01  1.013E+05  0.000E+00  0.000E+00  2.930E+02  2.930E+02
  2.835E-01  4.513E-01  1.013E+05  0.000E+00  0.000E+00  2.930E+02  2.930E+02
  2.835E-01  4.577E-01  1.013E+05  0.000E+00  0.000E+00  2.930E+02  2.930E+02
  2.835E-01  4.640E-01  1.013E+05  0.000E+00  0.000E+00  2.930E+02  2.930E+02
  2.835E-01  4.703E-01  1.013E+05  0.000E+00  0.000E+00  2.930E+02  2.930E+02
  2.835E-01  4.766E-01  1.013E+05  0.000E+00  0.000E+00  2.930E+02  2.930E+02
  2.835E-01  4.829E-01  1.013E+05  0.000E+00  0.000E+00  2.930E+02  2.930E+02
  2.835E-01  4.892E-01  1.013E+05  0.000E+00  0.000E+00  2.930E+02  2.930E+02
  2.835E-01  4.955E-01  1.013E+05  0.000E+00  0.000E+00  2.930E+02  2.930E+02
  2.835E-01  5.018E-01  1.013E+05  0.000E+00  0.000E+00  2.930E+02  2.930E+02
  2.835E-01  5.050E-01  1.013E+05 -3.351E-10  2.375E-08  2.930E+02  2.930E+02
