# xp i yp j p u v ts tf
   0.00000   1    0.00000   1   1.013E+05  0.000E+00  0.000E+00  2.930E+02  1.816E+03
   0.00000   1    0.00316   2   1.013E+05  0.000E+00  0.000E+00  2.930E+02  1.816E+03
   0.00000   1    0.00947   3   1.013E+05  0.000E+00  0.000E+00  2.930E+02  1.836E+03
   0.00000   1    0.01578   4   1.013E+05  0.000E+00  0.000E+00  2.930E+02  1.875E+03
   0.00000   1    0.02209   5   1.013E+05  0.000E+00  0.000E+00  2.930E+02  1.934E+03
   0.00000   1    0.02841   6   1.013E+05  0.000E+00  0.000E+00  2.930E+02  2.015E+03
   0.00000   1    0.03472   7   1.013E+05  0.000E+00  0.000E+00  2.930E+02  2.117E+03
   0.00000   1    0.04103   8   1.013E+05  0.000E+00  0.000E+00  2.930E+02  2.243E+03
   0.00000   1    0.04734   9   1.013E+05  0.000E+00  0.000E+00  2.930E+02  2.394E+03
   0.00000   1    0.05366  10   1.013E+05  0.000E+00  0.000E+00  2.930E+02  2.571E+03
   0.00000   1    0.05997  11   1.013E+05  0.000E+00  0.000E+00  2.930E+02  2.778E+03
   0.00000   1    0.06628  12   1.013E+05  0.000E+00  0.000E+00  2.930E+02  3.016E+03
   0.00000   1    0.07259  13   1.013E+05  0.000E+00  0.000E+00  2.930E+02  3.290E+03
   0.00000   1    0.07891  14   1.013E+05  0.000E+00  0.000E+00  2.930E+02  3.601E+03
   0.00000   1    0.08522  15   1.013E+05  0.000E+00  0.000E+00  2.931E+02  3.955E+03
   0.00000   1    0.09153  16   1.013E+05  0.000E+00  0.000E+00  2.936E+02  4.356E+03
   0.00000   1    0.09784  17   1.013E+05  0.000E+00  0.000E+00  2.966E+02  4.808E+03
   0.00000   1    0.10416  18   1.013E+05  0.000E+00  0.000E+00  3.135E+02  5.319E+03
   0.00000   1    0.11047  19   1.013E+05  0.000E+00  0.000E+00  2.966E+02  4.782E+03
   0.00000   1    0.11678  20   1.013E+05  0.000E+00  0.000E+00  2.936E+02  4.302E+03
   0.00000   1    0.12309  21   1.013E+05  0.000E+00  0.000E+00  2.931E+02  3.874E+03
   0.00000   1    0.12941  22   1.013E+05  0.000E+00  0.000E+00  2.930E+02  3.491E+03
   0.00000   1    0.13572  23   1.013E+05  0.000E+00  0.000E+00  2.930E+02  3.149E+03
   0.00000   1    0.14203  24   1.013E+05  0.000E+00  0.000E+00  2.930E+02  2.844E+03
   0.00000   1    0.14834  25   1.013E+05  0.000E+00  0.000E+00  2.930E+02  2.571E+03
   0.00000   1    0.15466  26   1.013E+05  0.000E+00  0.000E+00  2.930E+02  2.328E+03
   0.00000   1    0.16097  27   1.013E+05  0.000E+00  0.000E+00  2.930E+02  2.110E+03
   0.00000   1    0.16728  28   1.013E+05  0.000E+00  0.000E+00  2.930E+02  1.916E+03
   0.00000   1    0.17359  29   1.013E+05  0.000E+00  0.000E+00  2.930E+02  1.743E+03
   0.00000   1    0.17991  30   1.013E+05  0.000E+00  0.000E+00  2.930E+02  1.588E+03
   0.00000   1    0.18622  31   1.013E+05  0.000E+00  0.000E+00  2.930E+02  1.449E+03
   0.00000   1    0.19253  32   1.013E+05  0.000E+00  0.000E+00  2.930E+02  1.326E+03
   0.00000   1    0.19884  33   1.013E+05  0.000E+00  0.000E+00  2.930E+02  1.215E+03
   0.00000   1    0.20516  34   1.013E+05  0.000E+00  0.000E+00  2.930E+02  1.117E+03
   0.00000   1    0.21147  35   1.013E+05  0.000E+00  0.000E+00  2.930E+02  1.029E+03
   0.00000   1    0.21778  36   1.013E+05  0.000E+00  0.000E+00  2.930E+02  9.502E+02
   0.00000   1    0.22409  37   1.013E+05  0.000E+00  0.000E+00  2.930E+02  8.800E+02
   0.00000   1    0.23041  38   1.013E+05  0.000E+00  0.000E+00  2.930E+02  8.172E+02
   0.00000   1    0.23672  39   1.013E+05  0.000E+00  0.000E+00  2.930E+02  7.612E+02
   0.00000   1    0.24303  40   1.013E+05  0.000E+00  0.000E+00  2.930E+02  7.112E+02
   0.00000   1    0.24934  41   1.013E+05  0.000E+00  0.000E+00  2.930E+02  6.665E+02
   0.00000   1    0.25566  42   1.013E+05  0.000E+00  0.000E+00  2.930E+02  6.266E+02
   0.00000   1    0.26197  43   1.013E+05  0.000E+00  0.000E+00  2.930E+02  5.909E+02
   0.00000   1    0.26828  44   1.013E+05  0.000E+00  0.000E+00  2.930E+02  5.590E+02
   0.00000   1    0.27459  45   1.013E+05  0.000E+00  0.000E+00  2.930E+02  5.306E+02
   0.00000   1    0.28091  46   1.013E+05  0.000E+00  0.000E+00  2.930E+02  5.052E+02
   0.00000   1    0.28722  47   1.013E+05  0.000E+00  0.000E+00  2.930E+02  4.825E+02
   0.00000   1    0.29353  48   1.013E+05  0.000E+00  0.000E+00  2.930E+02  4.622E+02
   0.00000   1    0.29984  49   1.013E+05  0.000E+00  0.000E+00  2.930E+02  4.441E+02
   0.00000   1    0.30616  50   1.013E+05  0.000E+00  0.000E+00  2.930E+02  4.280E+02
   0.00000   1    0.31247  51   1.013E+05  0.000E+00  0.000E+00  2.930E+02  4.135E+02
   0.00000   1    0.31878  52   1.013E+05  0.000E+00  0.000E+00  2.930E+02  4.006E+02
   0.00000   1    0.32509  53   1.013E+05  0.000E+00  0.000E+00  2.930E+02  3.891E+02
   0.00000   1    0.33141  54   1.013E+05  0.000E+00  0.000E+00  2.930E+02  3.788E+02
   0.00000   1    0.33772  55   1.013E+05  0.000E+00  0.000E+00  2.930E+02  3.696E+02
   0.00000   1    0.34403  56   1.013E+05  0.000E+00  0.000E+00  2.930E+02  3.613E+02
   0.00000   1    0.35034  57   1.013E+05  0.000E+00  0.000E+00  2.930E+02  3.540E+02
   0.00000   1    0.35666  58   1.013E+05  0.000E+00  0.000E+00  2.930E+02  3.474E+02
   0.00000   1    0.36297  59   1.013E+05  0.000E+00  0.000E+00  2.930E+02  3.415E+02
   0.00000   1    0.36928  60   1.013E+05  0.000E+00  0.000E+00  2.930E+02  3.363E+02
   0.00000   1    0.37559  61   1.013E+05  0.000E+00  0.000E+00  2.930E+02  3.316E+02
   0.00000   1    0.38191  62   1.013E+05  0.000E+00  0.000E+00  2.930E+02  3.274E+02
   0.00000   1    0.38822  63   1.013E+05  0.000E+00  0.000E+00  2.930E+02  3.236E+02
   0.00000   1    0.39453  64   1.013E+05  0.000E+00  0.000E+00  2.930E+02  3.202E+02
   0.00000   1    0.40084  65   1.013E+05  0.000E+00  0.000E+00  2.930E+02  3.172E+02
   0.00000   1    0.40716  66   1.013E+05  0.000E+00  0.000E+00  2.930E+02  3.145E+02
   0.00000   1    0.41347  67   1.013E+05  0.000E+00  0.000E+00  2.930E+02  3.120E+02
   0.00000   1    0.41978  68   1.013E+05  0.000E+00  0.000E+00  2.930E+02  3.098E+02
   0.00000   1    0.42609  69   1.013E+05  0.000E+00  0.000E+00  2.930E+02  3.078E+02
   0.00000   1    0.43241  70   1.013E+05  0.000E+00  0.000E+00  2.930E+02  3.060E+02
   0.00000   1    0.43872  71   1.013E+05  0.000E+00  0.000E+00  2.930E+02  3.044E+02
   0.00000   1    0.44503  72   1.013E+05  0.000E+00  0.000E+00  2.930E+02  3.029E+02
   0.00000   1    0.45134  73   1.013E+05  0.000E+00  0.000E+00  2.930E+02  3.016E+02
   0.00000   1    0.45766  74   1.013E+05  0.000E+00  0.000E+00  2.930E+02  3.003E+02
   0.00000   1    0.46397  75   1.013E+05  0.000E+00  0.000E+00  2.930E+02  2.992E+02
   0.00000   1    0.47028  76   1.013E+05  0.000E+00  0.000E+00  2.930E+02  2.981E+02
   0.00000   1    0.47659  77   1.013E+05  0.000E+00  0.000E+00  2.930E+02  2.971E+02
   0.00000   1    0.48291  78   1.013E+05  0.000E+00  0.000E+00  2.930E+02  2.961E+02
   0.00000   1    0.48922  79   1.013E+05  0.000E+00  0.000E+00  2.930E+02  2.952E+02
   0.00000   1    0.49553  80   1.013E+05  0.000E+00  0.000E+00  2.930E+02  2.943E+02
   0.00000   1    0.50184  81   1.013E+05  0.000E+00  0.000E+00  2.930E+02  2.934E+02
   0.00000   1    0.50500  82   1.013E+05  0.000E+00  0.000E+00  2.930E+02  2.934E+02
   0.01417   2    0.00000   1   1.013E+05  0.000E+00  0.000E+00  2.930E+02  1.816E+03
   0.01417   2    0.00316   2   1.013E+05  4.298E-12 -4.961E-12  2.930E+02  1.816E+03
   0.01417   2    0.00947   3   1.013E+05  6.794E-12 -7.288E-13  2.930E+02  1.836E+03
   0.01417   2    0.01578   4   1.013E+05  8.560E-12  2.500E-12  2.930E+02  1.875E+03
   0.01417   2    0.02209   5   1.013E+05  9.620E-12  5.086E-12  2.930E+02  1.934E+03
   0.01417   2    0.02841   6   1.013E+05  1.003E-11  6.985E-12  2.930E+02  2.015E+03
   0.01417   2    0.03472   7   1.013E+05  9.815E-12  8.080E-12  2.930E+02  2.117E+03
   0.01417   2    0.04103   8   1.013E+05  9.093E-12  8.389E-12  2.930E+02  2.243E+03
   0.01417   2    0.04734   9   1.013E+05  7.901E-12  7.919E-12  2.930E+02  2.394E+03
   0.01417   2    0.05366  10   1.013E+05  6.313E-12  6.907E-12  2.930E+02  2.571E+03
   0.01417   2    0.05997  11   1.013E+05  4.344E-12  5.250E-12  2.930E+02  2.778E+03
   0.01417   2    0.06628  12   1.013E+05  2.135E-12  3.021E-12  2.930E+02  3.016E+03
   0.01417   2    0.07259  13   1.013E+05 -2.532E-13  3.580E-13  2.930E+02  3.290E+03
   0.01417   2    0.07891  14   1.013E+05 -2.717E-12 -2.543E-12  2.930E+02  3.601E+03
   0.01417   2    0.08522  15   1.013E+05 -5.178E-12 -5.581E-12  2.931E+02  3.955E+03
   0.01417   2    0.09153  16   1.013E+05 -7.544E-12 -8.517E-12  2.936E+02  4.356E+03
   0.01417   2    0.09784  17   1.013E+05 -9.695E-12 -1.126E-11  2.966E+02  4.808E+03
   0.01417   2    0.10416  18   1.013E+05 -1.158E-11 -1.346E-11  3.135E+02  5.319E+03
   0.01417   2    0.11047  19   1.013E+05 -1.312E-11 -1.506E-11  2.966E+02  4.782E+03
   0.01417   2    0.11678  20   1.013E+05 -1.425E-11 -1.596E-11  2.936E+02  4.302E+03
   0.01417   2    0.12309  21   1.013E+05 -1.491E-11 -1.602E-11  2.931E+02  3.874E+03
   0.01417   2    0.12941  22   1.013E+05 -1.508E-11 -1.517E-11  2.930E+02  3.491E+03
   0.01417   2    0.13572  23   1.013E+05 -1.473E-11 -1.346E-11  2.930E+02  3.149E+03
   0.01417   2    0.14203  24   1.013E+05 -1.388E-11 -1.103E-11  2.930E+02  2.844E+03
   0.01417   2    0.14834  25   1.013E+05 -1.254E-11 -8.054E-12  2.930E+02  2.571E+03
   0.01417   2    0.15466  26   1.013E+05 -1.078E-11 -4.674E-12  2.930E+02  2.328E+03
   0.01417   2    0.16097  27   1.013E+05 -8.666E-12 -1.057E-12  2.930E+02  2.110E+03
   0.01417   2    0.16728  28   1.013E+05 -6.280E-12  2.454E-12  2.930E+02  1.916E+03
   0.01417   2    0.17359  29   1.013E+05 -3.744E-12  5.704E-12  2.930E+02  1.743E+03
   0.01417   2    0.17991  30   1.013E+05 -1.194E-12  8.452E-12  2.930E+02  1.588E+03
   0.01417   2    0.18622  31   1.013E+05  1.276E-12  1.066E-11  2.930E+02  1.449E+03
   0.01417   2    0.19253  32   1.013E+05  3.531E-12  1.219E-11  2.930E+02  1.326E+03
   0.01417   2    0.19884  33   1.013E+05  5.485E-12  1.317E-11  2.930E+02  1.215E+03
   0.01417   2    0.20516  34   1.013E+05  7.025E-12  1.372E-11  2.930E+02  1.117E+03
   0.01417   2    0.21147  35   1.013E+05  8.122E-12  1.394E-11  2.930E+02  1.029E+03
   0.01417   2    0.21778  36   1.013E+05  8.705E-12  1.409E-11  2.930E+02  9.502E+02
   0.01417   2    0.22409  37   1.013E+05  8.776E-12  1.444E-11  2.930E+02  8.800E+02
   0.01417   2    0.23041  38   1.013E+05  8.337E-12  1.497E-11  2.930E+02  8.172E+02
   0.01417   2    0.23672  39   1.013E+05  7.434E-12  1.577E-11  2.930E+02  7.612E+02
   0.01417   2    0.24303  40   1.013E+05  6.114E-12  1.673E-11  2.930E+02  7.112E+02
   0.01417   2    0.24934  41   1.013E+05  4.441E-12  1.765E-11  2.930E+02  6.665E+02
   0.01417   2    0.25566  42   1.013E+05  2.559E-12  1.833E-11  2.930E+02  6.266E+02
   0.01417   2    0.26197  43   1.013E+05  4.258E-13  1.827E-11  2.930E+02  5.909E+02
   0.01417   2    0.26828  44   1.013E+05 -1.732E-12  1.732E-11  2.930E+02  5.590E+02
   0.01417   2    0.27459  45   1.013E+05 -3.950E-12  1.503E-11  2.930E+02  5.306E+02
   0.01417   2    0.28091  46   1.013E+05 -5.995E-12  1.156E-11  2.930E+02  5.052E+02
   0.01417   2    0.28722  47   1.013E+05 -7.918E-12  6.342E-12  2.930E+02  4.825E+02
   0.01417   2    0.29353  48   1.013E+05 -9.457E-12  1.141E-13  2.930E+02  4.622E+02
   0.01417   2    0.29984  49   1.013E+05 -1.067E-11 -7.233E-12  2.930E+02  4.441E+02
   0.01417   2    0.30616  50   1.013E+05 -1.126E-11 -1.464E-11  2.930E+02  4.280E+02
   0.01417   2    0.31247  51   1.013E+05 -1.127E-11 -2.193E-11  2.930E+02  4.135E+02
   0.01417   2    0.31878  52   1.013E+05 -1.045E-11 -2.784E-11  2.930E+02  4.006E+02
   0.01417   2    0.32509  53   1.013E+05 -8.865E-12 -3.214E-11  2.930E+02  3.891E+02
   0.01417   2    0.33141  54   1.013E+05 -6.319E-12 -3.398E-11  2.930E+02  3.788E+02
   0.01417   2    0.33772  55   1.013E+05 -3.016E-12 -3.344E-11  2.930E+02  3.696E+02
   0.01417   2    0.34403  56   1.013E+05  1.112E-12 -3.045E-11  2.930E+02  3.613E+02
   0.01417   2    0.35034  57   1.013E+05  5.698E-12 -2.564E-11  2.930E+02  3.540E+02
   0.01417   2    0.35666  58   1.013E+05  1.062E-11 -1.950E-11  2.930E+02  3.474E+02
   0.01417   2    0.36297  59   1.013E+05  1.533E-11 -1.320E-11  2.930E+02  3.415E+02
   0.01417   2    0.36928  60   1.013E+05  1.961E-11 -7.255E-12  2.930E+02  3.363E+02
   0.01417   2    0.37559  61   1.013E+05  2.282E-11 -2.825E-12  2.930E+02  3.316E+02
   0.01417   2    0.38191  62   1.013E+05  2.475E-11  1.989E-13  2.930E+02  3.274E+02
   0.01417   2    0.38822  63   1.013E+05  2.495E-11  1.422E-12  2.930E+02  3.236E+02
   0.01417   2    0.39453  64   1.013E+05  2.341E-11  1.795E-12  2.930E+02  3.202E+02
   0.01417   2    0.40084  65   1.013E+05  2.001E-11  1.931E-12  2.930E+02  3.172E+02
   0.01417   2    0.40716  66   1.013E+05  1.510E-11  3.191E-12  2.930E+02  3.145E+02
   0.01417   2    0.41347  67   1.013E+05  8.950E-12  6.116E-12  2.930E+02  3.120E+02
   0.01417   2    0.41978  68   1.013E+05  2.233E-12  1.150E-11  2.930E+02  3.098E+02
   0.01417   2    0.42609  69   1.013E+05 -4.620E-12  1.859E-11  2.930E+02  3.078E+02
   0.01417   2    0.43241  70   1.013E+05 -1.088E-11  2.646E-11  2.930E+02  3.060E+02
   0.01417   2    0.43872  71   1.013E+05 -1.625E-11  3.248E-11  2.930E+02  3.044E+02
   0.01417   2    0.44503  72   1.013E+05 -2.038E-11  3.406E-11  2.930E+02  3.029E+02
   0.01417   2    0.45134  73   1.013E+05 -2.339E-11  2.820E-11  2.930E+02  3.016E+02
   0.01417   2    0.45766  74   1.013E+05 -2.533E-11  1.338E-11  2.930E+02  3.003E+02
   0.01417   2    0.46397  75   1.013E+05 -2.675E-11 -1.019E-11  2.930E+02  2.992E+02
   0.01417   2    0.47028  76   1.013E+05 -2.793E-11 -3.803E-11  2.930E+02  2.981E+02
   0.01417   2    0.47659  77   1.013E+05 -2.934E-11 -6.174E-11  2.930E+02  2.971E+02
   0.01417   2    0.48291  78   1.013E+05 -3.062E-11 -6.532E-11  2.930E+02  2.961E+02
   0.01417   2    0.48922  79   1.013E+05 -3.096E-11 -4.269E-11  2.930E+02  2.952E+02
   0.01417   2    0.49553  80   1.013E+05 -2.566E-11  4.562E-11  2.930E+02  2.943E+02
   0.01417   2    0.50184  81   1.013E+05 -1.895E-11 -9.853E-11  2.930E+02  2.934E+02
   0.01417   2    0.50500  82   1.013E+05 -1.895E-11 -9.853E-11  2.930E+02  2.930E+02
   0.04252   3    0.00000   1   1.013E+05  0.000E+00  0.000E+00  2.930E+02  1.816E+03
   0.04252   3    0.00316   2   1.013E+05 -8.171E-12  6.366E-12  2.930E+02  1.816E+03
   0.04252   3    0.00947   3   1.013E+05 -1.110E-11  1.553E-12  2.930E+02  1.836E+03
   0.04252   3    0.01578   4   1.013E+05 -1.276E-11 -1.270E-12  2.930E+02  1.875E+03
   0.04252   3    0.02209   5   1.013E+05 -1.374E-11 -3.725E-12  2.930E+02  1.934E+03
   0.04252   3    0.02841   6   1.013E+05 -1.420E-11 -6.092E-12  2.930E+02  2.015E+03
   0.04252   3    0.03472   7   1.013E+05 -1.418E-11 -8.287E-12  2.930E+02  2.117E+03
   0.04252   3    0.04103   8   1.013E+05 -1.355E-11 -1.036E-11  2.930E+02  2.243E+03
   0.04252   3    0.04734   9   1.013E+05 -1.227E-11 -1.235E-11  2.930E+02  2.394E+03
   0.04252   3    0.05366  10   1.013E+05 -1.020E-11 -1.416E-11  2.930E+02  2.571E+03
   0.04252   3    0.05997  11   1.013E+05 -7.337E-12 -1.583E-11  2.930E+02  2.778E+03
   0.04252   3    0.06628  12   1.013E+05 -3.635E-12 -1.706E-11  2.930E+02  3.016E+03
   0.04252   3    0.07259  13   1.013E+05  9.002E-13 -1.795E-11  2.930E+02  3.290E+03
   0.04252   3    0.07891  14   1.013E+05  6.221E-12 -1.833E-11  2.930E+02  3.601E+03
   0.04252   3    0.08522  15   1.013E+05  1.223E-11 -1.803E-11  2.931E+02  3.955E+03
   0.04252   3    0.09153  16   1.013E+05  1.877E-11 -1.704E-11  2.936E+02  4.356E+03
   0.04252   3    0.09784  17   1.013E+05  2.567E-11 -1.530E-11  2.966E+02  4.808E+03
   0.04252   3    0.10416  18   1.013E+05  3.273E-11 -1.279E-11  3.135E+02  5.319E+03
   0.04252   3    0.11047  19   1.013E+05  3.959E-11 -9.336E-12  2.966E+02  4.782E+03
   0.04252   3    0.11678  20   1.013E+05  4.606E-11 -4.931E-12  2.936E+02  4.302E+03
   0.04252   3    0.12309  21   1.013E+05  5.179E-11  1.620E-13  2.931E+02  3.874E+03
   0.04252   3    0.12941  22   1.013E+05  5.652E-11  6.014E-12  2.930E+02  3.491E+03
   0.04252   3    0.13572  23   1.013E+05  6.002E-11  1.241E-11  2.930E+02  3.149E+03
   0.04252   3    0.14203  24   1.013E+05  6.211E-11  1.902E-11  2.930E+02  2.844E+03
   0.04252   3    0.14834  25   1.013E+05  6.266E-11  2.555E-11  2.930E+02  2.571E+03
   0.04252   3    0.15466  26   1.013E+05  6.161E-11  3.160E-11  2.930E+02  2.328E+03
   0.04252   3    0.16097  27   1.013E+05  5.907E-11  3.693E-11  2.930E+02  2.110E+03
   0.04252   3    0.16728  28   1.013E+05  5.513E-11  4.114E-11  2.930E+02  1.916E+03
   0.04252   3    0.17359  29   1.013E+05  5.004E-11  4.395E-11  2.930E+02  1.743E+03
   0.04252   3    0.17991  30   1.013E+05  4.409E-11  4.515E-11  2.930E+02  1.588E+03
   0.04252   3    0.18622  31   1.013E+05  3.764E-11  4.483E-11  2.930E+02  1.449E+03
   0.04252   3    0.19253  32   1.013E+05  3.103E-11  4.298E-11  2.930E+02  1.326E+03
   0.04252   3    0.19884  33   1.013E+05  2.465E-11  3.987E-11  2.930E+02  1.215E+03
   0.04252   3    0.20516  34   1.013E+05  1.880E-11  3.589E-11  2.930E+02  1.117E+03
   0.04252   3    0.21147  35   1.013E+05  1.374E-11  3.145E-11  2.930E+02  1.029E+03
   0.04252   3    0.21778  36   1.013E+05  9.612E-12  2.696E-11  2.930E+02  9.502E+02
   0.04252   3    0.22409  37   1.013E+05  6.460E-12  2.294E-11  2.930E+02  8.800E+02
   0.04252   3    0.23041  38   1.013E+05  4.216E-12  1.960E-11  2.930E+02  8.172E+02
   0.04252   3    0.23672  39   1.013E+05  2.745E-12  1.730E-11  2.930E+02  7.612E+02
   0.04252   3    0.24303  40   1.013E+05  1.766E-12  1.600E-11  2.930E+02  7.112E+02
   0.04252   3    0.24934  41   1.013E+05  1.046E-12  1.557E-11  2.930E+02  6.665E+02
   0.04252   3    0.25566  42   1.013E+05  1.952E-13  1.590E-11  2.930E+02  6.266E+02
   0.04252   3    0.26197  43   1.013E+05 -9.398E-13  1.635E-11  2.930E+02  5.909E+02
   0.04252   3    0.26828  44   1.013E+05 -2.750E-12  1.678E-11  2.930E+02  5.590E+02
   0.04252   3    0.27459  45   1.013E+05 -5.232E-12  1.667E-11  2.930E+02  5.306E+02
   0.04252   3    0.28091  46   1.013E+05 -8.578E-12  1.596E-11  2.930E+02  5.052E+02
   0.04252   3    0.28722  47   1.013E+05 -1.263E-11  1.436E-11  2.930E+02  4.825E+02
   0.04252   3    0.29353  48   1.013E+05 -1.740E-11  1.225E-11  2.930E+02  4.622E+02
   0.04252   3    0.29984  49   1.013E+05 -2.258E-11  9.744E-12  2.930E+02  4.441E+02
   0.04252   3    0.30616  50   1.013E+05 -2.812E-11  7.668E-12  2.930E+02  4.280E+02
   0.04252   3    0.31247  51   1.013E+05 -3.373E-11  6.297E-12  2.930E+02  4.135E+02
   0.04252   3    0.31878  52   1.013E+05 -3.947E-11  6.419E-12  2.930E+02  4.006E+02
   0.04252   3    0.32509  53   1.013E+05 -4.515E-11  8.110E-12  2.930E+02  3.891E+02
   0.04252   3    0.33141  54   1.013E+05 -5.100E-11  1.179E-11  2.930E+02  3.788E+02
   0.04252   3    0.33772  55   1.013E+05 -5.700E-11  1.674E-11  2.930E+02  3.696E+02
   0.04252   3    0.34403  56   1.013E+05 -6.341E-11  2.254E-11  2.930E+02  3.613E+02
   0.04252   3    0.35034  57   1.013E+05 -7.017E-11  2.779E-11  2.930E+02  3.540E+02
   0.04252   3    0.35666  58   1.013E+05 -7.735E-11  3.146E-11  2.930E+02  3.474E+02
   0.04252   3    0.36297  59   1.013E+05 -8.457E-11  3.215E-11  2.930E+02  3.415E+02
   0.04252   3    0.36928  60   1.013E+05 -9.151E-11  2.909E-11  2.930E+02  3.363E+02
   0.04252   3    0.37559  61   1.013E+05 -9.728E-11  2.161E-11  2.930E+02  3.316E+02
   0.04252   3    0.38191  62   1.013E+05 -1.011E-10  1.055E-11  2.930E+02  3.274E+02
   0.04252   3    0.38822  63   1.013E+05 -1.020E-10 -3.410E-12  2.930E+02  3.236E+02
   0.04252   3    0.39453  64   1.013E+05 -9.901E-11 -1.782E-11  2.930E+02  3.202E+02
   0.04252   3    0.40084  65   1.013E+05 -9.155E-11 -3.053E-11  2.930E+02  3.172E+02
   0.04252   3    0.40716  66   1.013E+05 -7.960E-11 -3.865E-11  2.930E+02  3.145E+02
   0.04252   3    0.41347  67   1.013E+05 -6.354E-11 -4.044E-11  2.930E+02  3.120E+02
   0.04252   3    0.41978  68   1.013E+05 -4.467E-11 -3.454E-11  2.930E+02  3.098E+02
   0.04252   3    0.42609  69   1.013E+05 -2.469E-11 -2.179E-11  2.930E+02  3.078E+02
   0.04252   3    0.43241  70   1.013E+05 -5.943E-12 -4.000E-12  2.930E+02  3.060E+02
   0.04252   3    0.43872  71   1.013E+05  9.548E-12  1.445E-11  2.930E+02  3.044E+02
   0.04252   3    0.44503  72   1.013E+05  1.992E-11  2.898E-11  2.930E+02  3.029E+02
   0.04252   3    0.45134  73   1.013E+05  2.486E-11  3.451E-11  2.930E+02  3.016E+02
   0.04252   3    0.45766  74   1.013E+05  2.548E-11  2.756E-11  2.930E+02  3.003E+02
   0.04252   3    0.46397  75   1.013E+05  2.557E-11  7.028E-12  2.930E+02  2.992E+02
   0.04252   3    0.47028  76   1.013E+05  3.146E-11 -2.239E-11  2.930E+02  2.981E+02
   0.04252   3    0.47659  77   1.013E+05  5.221E-11 -4.882E-11  2.930E+02  2.971E+02
   0.04252   3    0.48291  78   1.013E+05  9.379E-11 -4.803E-11  2.930E+02  2.961E+02
   0.04252   3    0.48922  79   1.013E+05  1.553E-10  9.835E-12  2.930E+02  2.952E+02
   0.04252   3    0.49553  80   1.013E+05  1.260E-10  1.403E-10  2.930E+02  2.943E+02
   0.04252   3    0.50184  81   1.013E+05 -4.787E-13  1.263E-10  2.930E+02  2.934E+02
   0.04252   3    0.50500  82   1.013E+05 -4.787E-13  1.263E-10  2.930E+02  2.930E+02
   0.07087   4    0.00000   1   1.013E+05  0.000E+00  0.000E+00  2.930E+02  1.816E+03
   0.07087   4    0.00316   2   1.013E+05  1.835E-11 -9.240E-13  2.930E+02  1.816E+03
   0.07087   4    0.00947   3   1.013E+05  1.682E-11  2.340E-12  2.930E+02  1.836E+03
   0.07087   4    0.01578   4   1.013E+05  1.451E-11  3.166E-12  2.930E+02  1.875E+03
   0.07087   4    0.02209   5   1.013E+05  1.187E-11  3.293E-12  2.930E+02  1.934E+03
   0.07087   4    0.02841   6   1.013E+05  9.006E-12  2.826E-12  2.930E+02  2.015E+03
   0.07087   4    0.03472   7   1.013E+05  6.048E-12  2.251E-12  2.930E+02  2.117E+03
   0.07087   4    0.04103   8   1.013E+05  3.084E-12  1.486E-12  2.930E+02  2.243E+03
   0.07087   4    0.04734   9   1.013E+05  3.384E-13  6.470E-13  2.930E+02  2.394E+03
   0.07087   4    0.05366  10   1.013E+05 -2.005E-12 -2.112E-13  2.930E+02  2.571E+03
   0.07087   4    0.05997  11   1.013E+05 -3.693E-12 -1.164E-12  2.930E+02  2.778E+03
   0.07087   4    0.06628  12   1.013E+05 -4.540E-12 -2.154E-12  2.930E+02  3.016E+03
   0.07087   4    0.07259  13   1.013E+05 -4.382E-12 -3.141E-12  2.930E+02  3.290E+03
   0.07087   4    0.07891  14   1.013E+05 -3.094E-12 -4.169E-12  2.930E+02  3.601E+03
   0.07087   4    0.08522  15   1.013E+05 -6.222E-13 -5.337E-12  2.931E+02  3.955E+03
   0.07087   4    0.09153  16   1.013E+05  2.990E-12 -6.440E-12  2.936E+02  4.356E+03
   0.07087   4    0.09784  17   1.013E+05  7.643E-12 -7.461E-12  2.966E+02  4.808E+03
   0.07087   4    0.10416  18   1.013E+05  1.322E-11 -8.359E-12  3.135E+02  5.319E+03
   0.07087   4    0.11047  19   1.013E+05  1.947E-11 -8.897E-12  2.966E+02  4.782E+03
   0.07087   4    0.11678  20   1.013E+05  2.612E-11 -9.080E-12  2.936E+02  4.302E+03
   0.07087   4    0.12309  21   1.013E+05  3.289E-11 -8.935E-12  2.931E+02  3.874E+03
   0.07087   4    0.12941  22   1.013E+05  3.945E-11 -8.117E-12  2.930E+02  3.491E+03
   0.07087   4    0.13572  23   1.013E+05  4.553E-11 -6.791E-12  2.930E+02  3.149E+03
   0.07087   4    0.14203  24   1.013E+05  5.087E-11 -5.094E-12  2.930E+02  2.844E+03
   0.07087   4    0.14834  25   1.013E+05  5.525E-11 -3.203E-12  2.930E+02  2.571E+03
   0.07087   4    0.15466  26   1.013E+05  5.860E-11 -1.306E-12  2.930E+02  2.328E+03
   0.07087   4    0.16097  27   1.013E+05  6.083E-11  3.829E-13  2.930E+02  2.110E+03
   0.07087   4    0.16728  28   1.013E+05  6.201E-11  1.670E-12  2.930E+02  1.916E+03
   0.07087   4    0.17359  29   1.013E+05  6.222E-11  2.367E-12  2.930E+02  1.743E+03
   0.07087   4    0.17991  30   1.013E+05  6.160E-11  2.300E-12  2.930E+02  1.588E+03
   0.07087   4    0.18622  31   1.013E+05  6.033E-11  1.523E-12  2.930E+02  1.449E+03
   0.07087   4    0.19253  32   1.013E+05  5.864E-11 -2.606E-14  2.930E+02  1.326E+03
   0.07087   4    0.19884  33   1.013E+05  5.658E-11 -1.952E-12  2.930E+02  1.215E+03
   0.07087   4    0.20516  34   1.013E+05  5.429E-11 -4.059E-12  2.930E+02  1.117E+03
   0.07087   4    0.21147  35   1.013E+05  5.175E-11 -6.207E-12  2.930E+02  1.029E+03
   0.07087   4    0.21778  36   1.013E+05  4.897E-11 -7.926E-12  2.930E+02  9.502E+02
   0.07087   4    0.22409  37   1.013E+05  4.581E-11 -9.027E-12  2.930E+02  8.800E+02
   0.07087   4    0.23041  38   1.013E+05  4.208E-11 -9.479E-12  2.930E+02  8.172E+02
   0.07087   4    0.23672  39   1.013E+05  3.763E-11 -9.325E-12  2.930E+02  7.612E+02
   0.07087   4    0.24303  40   1.013E+05  3.233E-11 -8.734E-12  2.930E+02  7.112E+02
   0.07087   4    0.24934  41   1.013E+05  2.604E-11 -8.175E-12  2.930E+02  6.665E+02
   0.07087   4    0.25566  42   1.013E+05  1.883E-11 -7.886E-12  2.930E+02  6.266E+02
   0.07087   4    0.26197  43   1.013E+05  1.086E-11 -8.897E-12  2.930E+02  5.909E+02
   0.07087   4    0.26828  44   1.013E+05  2.432E-12 -1.105E-11  2.930E+02  5.590E+02
   0.07087   4    0.27459  45   1.013E+05 -5.919E-12 -1.501E-11  2.930E+02  5.306E+02
   0.07087   4    0.28091  46   1.013E+05 -1.368E-11 -2.068E-11  2.930E+02  5.052E+02
   0.07087   4    0.28722  47   1.013E+05 -2.014E-11 -2.783E-11  2.930E+02  4.825E+02
   0.07087   4    0.29353  48   1.013E+05 -2.472E-11 -3.562E-11  2.930E+02  4.622E+02
   0.07087   4    0.29984  49   1.013E+05 -2.681E-11 -4.356E-11  2.930E+02  4.441E+02
   0.07087   4    0.30616  50   1.013E+05 -2.613E-11 -5.007E-11  2.930E+02  4.280E+02
   0.07087   4    0.31247  51   1.013E+05 -2.255E-11 -5.451E-11  2.930E+02  4.135E+02
   0.07087   4    0.31878  52   1.013E+05 -1.629E-11 -5.545E-11  2.930E+02  4.006E+02
   0.07087   4    0.32509  53   1.013E+05 -7.848E-12 -5.262E-11  2.930E+02  3.891E+02
   0.07087   4    0.33141  54   1.013E+05  1.950E-12 -4.552E-11  2.930E+02  3.788E+02
   0.07087   4    0.33772  55   1.013E+05  1.212E-11 -3.486E-11  2.930E+02  3.696E+02
   0.07087   4    0.34403  56   1.013E+05  2.157E-11 -2.143E-11  2.930E+02  3.613E+02
   0.07087   4    0.35034  57   1.013E+05  2.937E-11 -7.128E-12  2.930E+02  3.540E+02
   0.07087   4    0.35666  58   1.013E+05  3.471E-11  6.583E-12  2.930E+02  3.474E+02
   0.07087   4    0.36297  59   1.013E+05  3.724E-11  1.733E-11  2.930E+02  3.415E+02
   0.07087   4    0.36928  60   1.013E+05  3.690E-11  2.405E-11  2.930E+02  3.363E+02
   0.07087   4    0.37559  61   1.013E+05  3.415E-11  2.564E-11  2.930E+02  3.316E+02
   0.07087   4    0.38191  62   1.013E+05  2.969E-11  2.267E-11  2.930E+02  3.274E+02
   0.07087   4    0.38822  63   1.013E+05  2.444E-11  1.608E-11  2.930E+02  3.236E+02
   0.07087   4    0.39453  64   1.013E+05  1.910E-11  8.392E-12  2.930E+02  3.202E+02
   0.07087   4    0.40084  65   1.013E+05  1.410E-11  1.960E-12  2.930E+02  3.172E+02
   0.07087   4    0.40716  66   1.013E+05  9.322E-12  1.296E-13  2.930E+02  3.145E+02
   0.07087   4    0.41347  67   1.013E+05  4.009E-12  4.692E-12  2.930E+02  3.120E+02
   0.07087   4    0.41978  68   1.013E+05 -3.243E-12  1.673E-11  2.930E+02  3.098E+02
   0.07087   4    0.42609  69   1.013E+05 -1.398E-11  3.451E-11  2.930E+02  3.078E+02
   0.07087   4    0.43241  70   1.013E+05 -2.980E-11  5.523E-11  2.930E+02  3.060E+02
   0.07087   4    0.43872  71   1.013E+05 -5.139E-11  7.344E-11  2.930E+02  3.044E+02
   0.07087   4    0.44503  72   1.013E+05 -7.832E-11  8.342E-11  2.930E+02  3.029E+02
   0.07087   4    0.45134  73   1.013E+05 -1.082E-10  7.936E-11  2.930E+02  3.016E+02
   0.07087   4    0.45766  74   1.013E+05 -1.366E-10  5.795E-11  2.930E+02  3.003E+02
   0.07087   4    0.46397  75   1.013E+05 -1.568E-10  1.845E-11  2.930E+02  2.992E+02
   0.07087   4    0.47028  76   1.013E+05 -1.585E-10 -3.314E-11  2.930E+02  2.981E+02
   0.07087   4    0.47659  77   1.013E+05 -1.275E-10 -8.399E-11  2.930E+02  2.971E+02
   0.07087   4    0.48291  78   1.013E+05 -4.938E-11 -1.074E-10  2.930E+02  2.961E+02
   0.07087   4    0.48922  79   1.013E+05  7.660E-11 -6.915E-11  2.930E+02  2.952E+02
   0.07087   4    0.49553  80   1.013E+05  9.113E-11  6.774E-11  2.930E+02  2.943E+02
   0.07087   4    0.50184  81   1.013E+05  2.113E-11 -1.970E-11  2.930E+02  2.934E+02
   0.07087   4    0.50500  82   1.013E+05  2.113E-11 -1.970E-11  2.930E+02  2.930E+02
   0.09922   5    0.00000   1   1.013E+05  0.000E+00  0.000E+00  2.930E+02  1.816E+03
   0.09922   5    0.00316   2   1.013E+05  2.207E-11  7.639E-13  2.930E+02  1.816E+03
   0.09922   5    0.00947   3   1.013E+05  2.109E-11  2.031E-13  2.930E+02  1.836E+03
   0.09922   5    0.01578   4   1.013E+05  2.064E-11 -5.376E-13  2.930E+02  1.875E+03
   0.09922   5    0.02209   5   1.013E+05  2.041E-11 -1.343E-12  2.930E+02  1.934E+03
   0.09922   5    0.02841   6   1.013E+05  2.025E-11 -1.800E-12  2.930E+02  2.015E+03
   0.09922   5    0.03472   7   1.013E+05  2.021E-11 -1.630E-12  2.930E+02  2.117E+03
   0.09922   5    0.04103   8   1.013E+05  2.033E-11 -9.020E-13  2.930E+02  2.243E+03
   0.09922   5    0.04734   9   1.013E+05  2.067E-11  5.761E-13  2.930E+02  2.394E+03
   0.09922   5    0.05366  10   1.013E+05  2.125E-11  2.552E-12  2.930E+02  2.571E+03
   0.09922   5    0.05997  11   1.013E+05  2.205E-11  4.965E-12  2.930E+02  2.778E+03
   0.09922   5    0.06628  12   1.013E+05  2.313E-11  7.742E-12  2.930E+02  3.016E+03
   0.09922   5    0.07259  13   1.013E+05  2.439E-11  1.046E-11  2.930E+02  3.290E+03
   0.09922   5    0.07891  14   1.013E+05  2.580E-11  1.305E-11  2.930E+02  3.601E+03
   0.09922   5    0.08522  15   1.013E+05  2.723E-11  1.526E-11  2.931E+02  3.955E+03
   0.09922   5    0.09153  16   1.013E+05  2.855E-11  1.698E-11  2.936E+02  4.356E+03
   0.09922   5    0.09784  17   1.013E+05  2.957E-11  1.834E-11  2.966E+02  4.808E+03
   0.09922   5    0.10416  18   1.013E+05  3.010E-11  1.921E-11  3.135E+02  5.319E+03
   0.09922   5    0.11047  19   1.013E+05  2.998E-11  1.964E-11  2.966E+02  4.782E+03
   0.09922   5    0.11678  20   1.013E+05  2.899E-11  1.984E-11  2.936E+02  4.302E+03
   0.09922   5    0.12309  21   1.013E+05  2.695E-11  1.949E-11  2.931E+02  3.874E+03
   0.09922   5    0.12941  22   1.013E+05  2.372E-11  1.936E-11  2.930E+02  3.491E+03
   0.09922   5    0.13572  23   1.013E+05  1.928E-11  1.917E-11  2.930E+02  3.149E+03
   0.09922   5    0.14203  24   1.013E+05  1.360E-11  1.875E-11  2.930E+02  2.844E+03
   0.09922   5    0.14834  25   1.013E+05  6.812E-12  1.830E-11  2.930E+02  2.571E+03
   0.09922   5    0.15466  26   1.013E+05 -8.870E-13  1.762E-11  2.930E+02  2.328E+03
   0.09922   5    0.16097  27   1.013E+05 -9.225E-12  1.654E-11  2.930E+02  2.110E+03
   0.09922   5    0.16728  28   1.013E+05 -1.781E-11  1.497E-11  2.930E+02  1.916E+03
   0.09922   5    0.17359  29   1.013E+05 -2.623E-11  1.281E-11  2.930E+02  1.743E+03
   0.09922   5    0.17991  30   1.013E+05 -3.405E-11  1.001E-11  2.930E+02  1.588E+03
   0.09922   5    0.18622  31   1.013E+05 -4.085E-11  6.786E-12  2.930E+02  1.449E+03
   0.09922   5    0.19253  32   1.013E+05 -4.622E-11  3.234E-12  2.930E+02  1.326E+03
   0.09922   5    0.19884  33   1.013E+05 -4.991E-11 -4.229E-13  2.930E+02  1.215E+03
   0.09922   5    0.20516  34   1.013E+05 -5.176E-11 -3.637E-12  2.930E+02  1.117E+03
   0.09922   5    0.21147  35   1.013E+05 -5.177E-11 -6.245E-12  2.930E+02  1.029E+03
   0.09922   5    0.21778  36   1.013E+05 -5.005E-11 -7.605E-12  2.930E+02  9.502E+02
   0.09922   5    0.22409  37   1.013E+05 -4.687E-11 -7.625E-12  2.930E+02  8.800E+02
   0.09922   5    0.23041  38   1.013E+05 -4.258E-11 -6.297E-12  2.930E+02  8.172E+02
   0.09922   5    0.23672  39   1.013E+05 -3.757E-11 -3.632E-12  2.930E+02  7.612E+02
   0.09922   5    0.24303  40   1.013E+05 -3.232E-11 -3.991E-14  2.930E+02  7.112E+02
   0.09922   5    0.24934  41   1.013E+05 -2.715E-11  3.841E-12  2.930E+02  6.665E+02
   0.09922   5    0.25566  42   1.013E+05 -2.238E-11  7.349E-12  2.930E+02  6.266E+02
   0.09922   5    0.26197  43   1.013E+05 -1.814E-11  1.011E-11  2.930E+02  5.909E+02
   0.09922   5    0.26828  44   1.013E+05 -1.437E-11  1.118E-11  2.930E+02  5.590E+02
   0.09922   5    0.27459  45   1.013E+05 -1.092E-11  1.034E-11  2.930E+02  5.306E+02
   0.09922   5    0.28091  46   1.013E+05 -7.464E-12  7.319E-12  2.930E+02  5.052E+02
   0.09922   5    0.28722  47   1.013E+05 -3.675E-12  2.389E-12  2.930E+02  4.825E+02
   0.09922   5    0.29353  48   1.013E+05  8.344E-13 -3.779E-12  2.930E+02  4.622E+02
   0.09922   5    0.29984  49   1.013E+05  6.265E-12 -1.025E-11  2.930E+02  4.441E+02
   0.09922   5    0.30616  50   1.013E+05  1.274E-11 -1.587E-11  2.930E+02  4.280E+02
   0.09922   5    0.31247  51   1.013E+05  2.004E-11 -1.940E-11  2.930E+02  4.135E+02
   0.09922   5    0.31878  52   1.013E+05  2.780E-11 -1.992E-11  2.930E+02  4.006E+02
   0.09922   5    0.32509  53   1.013E+05  3.534E-11 -1.667E-11  2.930E+02  3.891E+02
   0.09922   5    0.33141  54   1.013E+05  4.190E-11 -9.876E-12  2.930E+02  3.788E+02
   0.09922   5    0.33772  55   1.013E+05  4.664E-11 -7.119E-14  2.930E+02  3.696E+02
   0.09922   5    0.34403  56   1.013E+05  4.892E-11  1.128E-11  2.930E+02  3.613E+02
   0.09922   5    0.35034  57   1.013E+05  4.836E-11  2.225E-11  2.930E+02  3.540E+02
   0.09922   5    0.35666  58   1.013E+05  4.508E-11  3.063E-11  2.930E+02  3.474E+02
   0.09922   5    0.36297  59   1.013E+05  3.972E-11  3.445E-11  2.930E+02  3.415E+02
   0.09922   5    0.36928  60   1.013E+05  3.351E-11  3.223E-11  2.930E+02  3.363E+02
   0.09922   5    0.37559  61   1.013E+05  2.799E-11  2.352E-11  2.930E+02  3.316E+02
   0.09922   5    0.38191  62   1.013E+05  2.503E-11  9.085E-12  2.930E+02  3.274E+02
   0.09922   5    0.38822  63   1.013E+05  2.621E-11 -8.793E-12  2.930E+02  3.236E+02
   0.09922   5    0.39453  64   1.013E+05  3.260E-11 -2.691E-11  2.930E+02  3.202E+02
   0.09922   5    0.40084  65   1.013E+05  4.426E-11 -4.126E-11  2.930E+02  3.172E+02
   0.09922   5    0.40716  66   1.013E+05  6.015E-11 -4.774E-11  2.930E+02  3.145E+02
   0.09922   5    0.41347  67   1.013E+05  7.780E-11 -4.347E-11  2.930E+02  3.120E+02
   0.09922   5    0.41978  68   1.013E+05  9.370E-11 -2.750E-11  2.930E+02  3.098E+02
   0.09922   5    0.42609  69   1.013E+05  1.037E-10 -1.116E-12  2.930E+02  3.078E+02
   0.09922   5    0.43241  70   1.013E+05  1.041E-10  3.134E-11  2.930E+02  3.060E+02
   0.09922   5    0.43872  71   1.013E+05  9.207E-11  6.340E-11  2.930E+02  3.044E+02
   0.09922   5    0.44503  72   1.013E+05  6.725E-11  8.701E-11  2.930E+02  3.029E+02
   0.09922   5    0.45134  73   1.013E+05  3.188E-11  9.512E-11  2.930E+02  3.016E+02
   0.09922   5    0.45766  74   1.013E+05 -8.868E-12  8.260E-11  2.930E+02  3.003E+02
   0.09922   5    0.46397  75   1.013E+05 -4.667E-11  4.867E-11  2.930E+02  2.992E+02
   0.09922   5    0.47028  76   1.013E+05 -7.055E-11 -1.451E-12  2.930E+02  2.981E+02
   0.09922   5    0.47659  77   1.013E+05 -6.454E-11 -5.451E-11  2.930E+02  2.971E+02
   0.09922   5    0.48291  78   1.013E+05 -1.093E-11 -8.384E-11  2.930E+02  2.961E+02
   0.09922   5    0.48922  79   1.013E+05  9.668E-11 -5.223E-11  2.930E+02  2.952E+02
   0.09922   5    0.49553  80   1.013E+05  8.757E-11  7.851E-11  2.930E+02  2.943E+02
   0.09922   5    0.50184  81   1.013E+05  5.331E-12 -1.344E-11  2.930E+02  2.934E+02
   0.09922   5    0.50500  82   1.013E+05  5.331E-12 -1.344E-11  2.930E+02  2.930E+02
   0.12757   6    0.00000   1   1.013E+05  0.000E+00  0.000E+00  2.930E+02  1.816E+03
   0.12757   6    0.00316   2   1.013E+05  1.509E-11  2.249E-12  2.930E+02  1.816E+03
   0.12757   6    0.00947   3   1.013E+05  1.571E-11 -3.347E-12  2.930E+02  1.836E+03
   0.12757   6    0.01578   4   1.013E+05  1.614E-11 -7.880E-12  2.930E+02  1.875E+03
   0.12757   6    0.02209   5   1.013E+05  1.657E-11 -1.137E-11  2.930E+02  1.934E+03
   0.12757   6    0.02841   6   1.013E+05  1.706E-11 -1.348E-11  2.930E+02  2.015E+03
   0.12757   6    0.03472   7   1.013E+05  1.765E-11 -1.415E-11  2.930E+02  2.117E+03
   0.12757   6    0.04103   8   1.013E+05  1.838E-11 -1.344E-11  2.930E+02  2.243E+03
   0.12757   6    0.04734   9   1.013E+05  1.923E-11 -1.167E-11  2.930E+02  2.394E+03
   0.12757   6    0.05366  10   1.013E+05  2.020E-11 -8.939E-12  2.930E+02  2.571E+03
   0.12757   6    0.05997  11   1.013E+05  2.126E-11 -5.701E-12  2.930E+02  2.778E+03
   0.12757   6    0.06628  12   1.013E+05  2.236E-11 -2.019E-12  2.930E+02  3.016E+03
   0.12757   6    0.07259  13   1.013E+05  2.351E-11  1.303E-12  2.930E+02  3.290E+03
   0.12757   6    0.07891  14   1.013E+05  2.469E-11  4.089E-12  2.930E+02  3.601E+03
   0.12757   6    0.08522  15   1.013E+05  2.582E-11  6.247E-12  2.931E+02  3.955E+03
   0.12757   6    0.09153  16   1.013E+05  2.689E-11  7.424E-12  2.936E+02  4.356E+03
   0.12757   6    0.09784  17   1.013E+05  2.782E-11  7.584E-12  2.966E+02  4.808E+03
   0.12757   6    0.10416  18   1.013E+05  2.848E-11  7.070E-12  3.135E+02  5.319E+03
   0.12757   6    0.11047  19   1.013E+05  2.881E-11  5.985E-12  2.966E+02  4.782E+03
   0.12757   6    0.11678  20   1.013E+05  2.871E-11  4.501E-12  2.936E+02  4.302E+03
   0.12757   6    0.12309  21   1.013E+05  2.803E-11  2.759E-12  2.931E+02  3.874E+03
   0.12757   6    0.12941  22   1.013E+05  2.668E-11  1.376E-12  2.930E+02  3.491E+03
   0.12757   6    0.13572  23   1.013E+05  2.463E-11  5.132E-13  2.930E+02  3.149E+03
   0.12757   6    0.14203  24   1.013E+05  2.186E-11  1.151E-13  2.930E+02  2.844E+03
   0.12757   6    0.14834  25   1.013E+05  1.840E-11  1.564E-13  2.930E+02  2.571E+03
   0.12757   6    0.15466  26   1.013E+05  1.435E-11  5.675E-13  2.930E+02  2.328E+03
   0.12757   6    0.16097  27   1.013E+05  9.830E-12  1.242E-12  2.930E+02  2.110E+03
   0.12757   6    0.16728  28   1.013E+05  5.071E-12  1.937E-12  2.930E+02  1.916E+03
   0.12757   6    0.17359  29   1.013E+05  2.689E-13  2.471E-12  2.930E+02  1.743E+03
   0.12757   6    0.17991  30   1.013E+05 -4.313E-12  2.696E-12  2.930E+02  1.588E+03
   0.12757   6    0.18622  31   1.013E+05 -8.456E-12  2.623E-12  2.930E+02  1.449E+03
   0.12757   6    0.19253  32   1.013E+05 -1.198E-11  2.299E-12  2.930E+02  1.326E+03
   0.12757   6    0.19884  33   1.013E+05 -1.476E-11  1.983E-12  2.930E+02  1.215E+03
   0.12757   6    0.20516  34   1.013E+05 -1.677E-11  1.824E-12  2.930E+02  1.117E+03
   0.12757   6    0.21147  35   1.013E+05 -1.805E-11  2.229E-12  2.930E+02  1.029E+03
   0.12757   6    0.21778  36   1.013E+05 -1.877E-11  3.377E-12  2.930E+02  9.502E+02
   0.12757   6    0.22409  37   1.013E+05 -1.918E-11  5.463E-12  2.930E+02  8.800E+02
   0.12757   6    0.23041  38   1.013E+05 -1.949E-11  8.718E-12  2.930E+02  8.172E+02
   0.12757   6    0.23672  39   1.013E+05 -1.994E-11  1.268E-11  2.930E+02  7.612E+02
   0.12757   6    0.24303  40   1.013E+05 -2.072E-11  1.691E-11  2.930E+02  7.112E+02
   0.12757   6    0.24934  41   1.013E+05 -2.187E-11  2.086E-11  2.930E+02  6.665E+02
   0.12757   6    0.25566  42   1.013E+05 -2.330E-11  2.377E-11  2.930E+02  6.266E+02
   0.12757   6    0.26197  43   1.013E+05 -2.469E-11  2.477E-11  2.930E+02  5.909E+02
   0.12757   6    0.26828  44   1.013E+05 -2.571E-11  2.337E-11  2.930E+02  5.590E+02
   0.12757   6    0.27459  45   1.013E+05 -2.573E-11  1.899E-11  2.930E+02  5.306E+02
   0.12757   6    0.28091  46   1.013E+05 -2.416E-11  1.193E-11  2.930E+02  5.052E+02
   0.12757   6    0.28722  47   1.013E+05 -2.032E-11  2.106E-12  2.930E+02  4.825E+02
   0.12757   6    0.29353  48   1.013E+05 -1.385E-11 -9.097E-12  2.930E+02  4.622E+02
   0.12757   6    0.29984  49   1.013E+05 -4.442E-12 -2.068E-11  2.930E+02  4.441E+02
   0.12757   6    0.30616  50   1.013E+05  7.700E-12 -3.077E-11  2.930E+02  4.280E+02
   0.12757   6    0.31247  51   1.013E+05  2.219E-11 -3.819E-11  2.930E+02  4.135E+02
   0.12757   6    0.31878  52   1.013E+05  3.804E-11 -4.123E-11  2.930E+02  4.006E+02
   0.12757   6    0.32509  53   1.013E+05  5.408E-11 -3.943E-11  2.930E+02  3.891E+02
   0.12757   6    0.33141  54   1.013E+05  6.885E-11 -3.254E-11  2.930E+02  3.788E+02
   0.12757   6    0.33772  55   1.013E+05  8.102E-11 -2.150E-11  2.930E+02  3.696E+02
   0.12757   6    0.34403  56   1.013E+05  8.934E-11 -7.855E-12  2.930E+02  3.613E+02
   0.12757   6    0.35034  57   1.013E+05  9.318E-11  5.805E-12  2.930E+02  3.540E+02
   0.12757   6    0.35666  58   1.013E+05  9.242E-11  1.702E-11  2.930E+02  3.474E+02
   0.12757   6    0.36297  59   1.013E+05  8.784E-11  2.296E-11  2.930E+02  3.415E+02
   0.12757   6    0.36928  60   1.013E+05  8.087E-11  2.208E-11  2.930E+02  3.363E+02
   0.12757   6    0.37559  61   1.013E+05  7.364E-11  1.323E-11  2.930E+02  3.316E+02
   0.12757   6    0.38191  62   1.013E+05  6.842E-11 -2.384E-12  2.930E+02  3.274E+02
   0.12757   6    0.38822  63   1.013E+05  6.746E-11 -2.292E-11  2.930E+02  3.236E+02
   0.12757   6    0.39453  64   1.013E+05  7.222E-11 -4.426E-11  2.930E+02  3.202E+02
   0.12757   6    0.40084  65   1.013E+05  8.317E-11 -6.215E-11  2.930E+02  3.172E+02
   0.12757   6    0.40716  66   1.013E+05  9.913E-11 -7.159E-11  2.930E+02  3.145E+02
   0.12757   6    0.41347  67   1.013E+05  1.176E-10 -6.948E-11  2.930E+02  3.120E+02
   0.12757   6    0.41978  68   1.013E+05  1.344E-10 -5.378E-11  2.930E+02  3.098E+02
   0.12757   6    0.42609  69   1.013E+05  1.449E-10 -2.608E-11  2.930E+02  3.078E+02
   0.12757   6    0.43241  70   1.013E+05  1.445E-10  9.648E-12  2.930E+02  3.060E+02
   0.12757   6    0.43872  71   1.013E+05  1.302E-10  4.628E-11  2.930E+02  3.044E+02
   0.12757   6    0.44503  72   1.013E+05  1.013E-10  7.540E-11  2.930E+02  3.029E+02
   0.12757   6    0.45134  73   1.013E+05  6.042E-11  8.866E-11  2.930E+02  3.016E+02
   0.12757   6    0.45766  74   1.013E+05  1.379E-11  8.094E-11  2.930E+02  3.003E+02
   0.12757   6    0.46397  75   1.013E+05 -2.959E-11  5.054E-11  2.930E+02  2.992E+02
   0.12757   6    0.47028  76   1.013E+05 -5.807E-11  3.264E-12  2.930E+02  2.981E+02
   0.12757   6    0.47659  77   1.013E+05 -5.580E-11 -4.793E-11  2.930E+02  2.971E+02
   0.12757   6    0.48291  78   1.013E+05 -4.920E-12 -7.622E-11  2.930E+02  2.961E+02
   0.12757   6    0.48922  79   1.013E+05  1.025E-10 -4.398E-11  2.930E+02  2.952E+02
   0.12757   6    0.49553  80   1.013E+05  9.161E-11  8.594E-11  2.930E+02  2.943E+02
   0.12757   6    0.50184  81   1.013E+05  8.529E-12 -6.918E-13  2.930E+02  2.934E+02
   0.12757   6    0.50500  82   1.013E+05  8.529E-12 -6.918E-13  2.930E+02  2.930E+02
   0.15592   7    0.00000   1   1.013E+05  0.000E+00  0.000E+00  2.930E+02  1.816E+03
   0.15592   7    0.00316   2   1.013E+05  1.807E-11 -5.485E-13  2.930E+02  1.816E+03
   0.15592   7    0.00947   3   1.013E+05  1.767E-11 -4.335E-12  2.930E+02  1.836E+03
   0.15592   7    0.01578   4   1.013E+05  1.783E-11 -7.453E-12  2.930E+02  1.875E+03
   0.15592   7    0.02209   5   1.013E+05  1.838E-11 -9.197E-12  2.930E+02  1.934E+03
   0.15592   7    0.02841   6   1.013E+05  1.913E-11 -9.586E-12  2.930E+02  2.015E+03
   0.15592   7    0.03472   7   1.013E+05  1.992E-11 -8.402E-12  2.930E+02  2.117E+03
   0.15592   7    0.04103   8   1.013E+05  2.055E-11 -5.985E-12  2.930E+02  2.243E+03
   0.15592   7    0.04734   9   1.013E+05  2.086E-11 -2.475E-12  2.930E+02  2.394E+03
   0.15592   7    0.05366  10   1.013E+05  2.069E-11  1.902E-12  2.930E+02  2.571E+03
   0.15592   7    0.05997  11   1.013E+05  1.996E-11  6.343E-12  2.930E+02  2.778E+03
   0.15592   7    0.06628  12   1.013E+05  1.853E-11  1.062E-11  2.930E+02  3.016E+03
   0.15592   7    0.07259  13   1.013E+05  1.644E-11  1.420E-11  2.930E+02  3.290E+03
   0.15592   7    0.07891  14   1.013E+05  1.372E-11  1.664E-11  2.930E+02  3.601E+03
   0.15592   7    0.08522  15   1.013E+05  1.043E-11  1.776E-11  2.931E+02  3.955E+03
   0.15592   7    0.09153  16   1.013E+05  6.708E-12  1.743E-11  2.936E+02  4.356E+03
   0.15592   7    0.09784  17   1.013E+05  2.647E-12  1.575E-11  2.966E+02  4.808E+03
   0.15592   7    0.10416  18   1.013E+05 -1.584E-12  1.300E-11  3.135E+02  5.319E+03
   0.15592   7    0.11047  19   1.013E+05 -5.888E-12  9.539E-12  2.966E+02  4.782E+03
   0.15592   7    0.11678  20   1.013E+05 -1.012E-11  5.677E-12  2.936E+02  4.302E+03
   0.15592   7    0.12309  21   1.013E+05 -1.419E-11  1.966E-12  2.931E+02  3.874E+03
   0.15592   7    0.12941  22   1.013E+05 -1.801E-11 -1.133E-12  2.930E+02  3.491E+03
   0.15592   7    0.13572  23   1.013E+05 -2.150E-11 -3.150E-12  2.930E+02  3.149E+03
   0.15592   7    0.14203  24   1.013E+05 -2.457E-11 -4.273E-12  2.930E+02  2.844E+03
   0.15592   7    0.14834  25   1.013E+05 -2.714E-11 -4.379E-12  2.930E+02  2.571E+03
   0.15592   7    0.15466  26   1.013E+05 -2.911E-11 -3.668E-12  2.930E+02  2.328E+03
   0.15592   7    0.16097  27   1.013E+05 -3.040E-11 -2.461E-12  2.930E+02  2.110E+03
   0.15592   7    0.16728  28   1.013E+05 -3.085E-11 -9.847E-13  2.930E+02  1.916E+03
   0.15592   7    0.17359  29   1.013E+05 -3.038E-11  2.912E-13  2.930E+02  1.743E+03
   0.15592   7    0.17991  30   1.013E+05 -2.888E-11  1.292E-12  2.930E+02  1.588E+03
   0.15592   7    0.18622  31   1.013E+05 -2.635E-11  1.777E-12  2.930E+02  1.449E+03
   0.15592   7    0.19253  32   1.013E+05 -2.274E-11  1.960E-12  2.930E+02  1.326E+03
   0.15592   7    0.19884  33   1.013E+05 -1.823E-11  1.895E-12  2.930E+02  1.215E+03
   0.15592   7    0.20516  34   1.013E+05 -1.300E-11  2.030E-12  2.930E+02  1.117E+03
   0.15592   7    0.21147  35   1.013E+05 -7.366E-12  2.766E-12  2.930E+02  1.029E+03
   0.15592   7    0.21778  36   1.013E+05 -1.737E-12  4.505E-12  2.930E+02  9.502E+02
   0.15592   7    0.22409  37   1.013E+05  3.428E-12  7.528E-12  2.930E+02  8.800E+02
   0.15592   7    0.23041  38   1.013E+05  7.632E-12  1.179E-11  2.930E+02  8.172E+02
   0.15592   7    0.23672  39   1.013E+05  1.042E-11  1.713E-11  2.930E+02  7.612E+02
   0.15592   7    0.24303  40   1.013E+05  1.149E-11  2.323E-11  2.930E+02  7.112E+02
   0.15592   7    0.24934  41   1.013E+05  1.062E-11  2.902E-11  2.930E+02  6.665E+02
   0.15592   7    0.25566  42   1.013E+05  7.850E-12  3.383E-11  2.930E+02  6.266E+02
   0.15592   7    0.26197  43   1.013E+05  3.453E-12  3.633E-11  2.930E+02  5.909E+02
   0.15592   7    0.26828  44   1.013E+05 -2.143E-12  3.585E-11  2.930E+02  5.590E+02
   0.15592   7    0.27459  45   1.013E+05 -8.226E-12  3.176E-11  2.930E+02  5.306E+02
   0.15592   7    0.28091  46   1.013E+05 -1.407E-11  2.418E-11  2.930E+02  5.052E+02
   0.15592   7    0.28722  47   1.013E+05 -1.885E-11  1.310E-11  2.930E+02  4.825E+02
   0.15592   7    0.29353  48   1.013E+05 -2.199E-11 -1.112E-13  2.930E+02  4.622E+02
   0.15592   7    0.29984  49   1.013E+05 -2.303E-11 -1.423E-11  2.930E+02  4.441E+02
   0.15592   7    0.30616  50   1.013E+05 -2.203E-11 -2.697E-11  2.930E+02  4.280E+02
   0.15592   7    0.31247  51   1.013E+05 -1.930E-11 -3.671E-11  2.930E+02  4.135E+02
   0.15592   7    0.31878  52   1.013E+05 -1.570E-11 -4.147E-11  2.930E+02  4.006E+02
   0.15592   7    0.32509  53   1.013E+05 -1.235E-11 -4.042E-11  2.930E+02  3.891E+02
   0.15592   7    0.33141  54   1.013E+05 -1.058E-11 -3.308E-11  2.930E+02  3.788E+02
   0.15592   7    0.33772  55   1.013E+05 -1.159E-11 -2.025E-11  2.930E+02  3.696E+02
   0.15592   7    0.34403  56   1.013E+05 -1.639E-11 -3.701E-12  2.930E+02  3.613E+02
   0.15592   7    0.35034  57   1.013E+05 -2.527E-11  1.372E-11  2.930E+02  3.540E+02
   0.15592   7    0.35666  58   1.013E+05 -3.787E-11  2.913E-11  2.930E+02  3.474E+02
   0.15592   7    0.36297  59   1.013E+05 -5.285E-11  3.909E-11  2.930E+02  3.415E+02
   0.15592   7    0.36928  60   1.013E+05 -6.815E-11  4.149E-11  2.930E+02  3.363E+02
   0.15592   7    0.37559  61   1.013E+05 -8.101E-11  3.474E-11  2.930E+02  3.316E+02
   0.15592   7    0.38191  62   1.013E+05 -8.860E-11  1.939E-11  2.930E+02  3.274E+02
   0.15592   7    0.38822  63   1.013E+05 -8.827E-11 -2.572E-12  2.930E+02  3.236E+02
   0.15592   7    0.39453  64   1.013E+05 -7.838E-11 -2.716E-11  2.930E+02  3.202E+02
   0.15592   7    0.40084  65   1.013E+05 -5.864E-11 -4.981E-11  2.930E+02  3.172E+02
   0.15592   7    0.40716  66   1.013E+05 -3.058E-11 -6.514E-11  2.930E+02  3.145E+02
   0.15592   7    0.41347  67   1.013E+05  2.434E-12 -6.946E-11  2.930E+02  3.120E+02
   0.15592   7    0.41978  68   1.013E+05  3.540E-11 -6.008E-11  2.930E+02  3.098E+02
   0.15592   7    0.42609  69   1.013E+05  6.239E-11 -3.821E-11  2.930E+02  3.078E+02
   0.15592   7    0.43241  70   1.013E+05  7.784E-11 -7.359E-12  2.930E+02  3.060E+02
   0.15592   7    0.43872  71   1.013E+05  7.757E-11  2.560E-11  2.930E+02  3.044E+02
   0.15592   7    0.44503  72   1.013E+05  6.022E-11  5.214E-11  2.930E+02  3.029E+02
   0.15592   7    0.45134  73   1.013E+05  2.830E-11  6.397E-11  2.930E+02  3.016E+02
   0.15592   7    0.45766  74   1.013E+05 -1.187E-11  5.557E-11  2.930E+02  3.003E+02
   0.15592   7    0.46397  75   1.013E+05 -5.056E-11  2.523E-11  2.930E+02  2.992E+02
   0.15592   7    0.47028  76   1.013E+05 -7.521E-11 -2.161E-11  2.930E+02  2.981E+02
   0.15592   7    0.47659  77   1.013E+05 -6.983E-11 -7.194E-11  2.930E+02  2.971E+02
   0.15592   7    0.48291  78   1.013E+05 -1.570E-11 -9.865E-11  2.930E+02  2.961E+02
   0.15592   7    0.48922  79   1.013E+05  9.588E-11 -6.502E-11  2.930E+02  2.952E+02
   0.15592   7    0.49553  80   1.013E+05  9.023E-11  6.962E-11  2.930E+02  2.943E+02
   0.15592   7    0.50184  81   1.013E+05  1.089E-11 -2.938E-11  2.930E+02  2.934E+02
   0.15592   7    0.50500  82   1.013E+05  1.089E-11 -2.938E-11  2.930E+02  2.930E+02
   0.18427   8    0.00000   1   1.013E+05  0.000E+00  0.000E+00  2.930E+02  1.816E+03
   0.18427   8    0.00316   2   1.013E+05 -5.931E-12 -1.293E-12  2.930E+02  1.816E+03
   0.18427   8    0.00947   3   1.013E+05 -2.983E-12 -6.901E-12  2.930E+02  1.836E+03
   0.18427   8    0.01578   4   1.013E+05  1.421E-13 -1.131E-11  2.930E+02  1.875E+03
   0.18427   8    0.02209   5   1.013E+05  3.460E-12 -1.400E-11  2.930E+02  1.934E+03
   0.18427   8    0.02841   6   1.013E+05  6.994E-12 -1.470E-11  2.930E+02  2.015E+03
   0.18427   8    0.03472   7   1.013E+05  1.054E-11 -1.367E-11  2.930E+02  2.117E+03
   0.18427   8    0.04103   8   1.013E+05  1.393E-11 -1.119E-11  2.930E+02  2.243E+03
   0.18427   8    0.04734   9   1.013E+05  1.692E-11 -7.517E-12  2.930E+02  2.394E+03
   0.18427   8    0.05366  10   1.013E+05  1.930E-11 -3.446E-12  2.930E+02  2.571E+03
   0.18427   8    0.05997  11   1.013E+05  2.091E-11  4.601E-13  2.930E+02  2.778E+03
   0.18427   8    0.06628  12   1.013E+05  2.172E-11  3.856E-12  2.930E+02  3.016E+03
   0.18427   8    0.07259  13   1.013E+05  2.177E-11  6.236E-12  2.930E+02  3.290E+03
   0.18427   8    0.07891  14   1.013E+05  2.116E-11  7.071E-12  2.930E+02  3.601E+03
   0.18427   8    0.08522  15   1.013E+05  2.009E-11  6.231E-12  2.931E+02  3.955E+03
   0.18427   8    0.09153  16   1.013E+05  1.879E-11  4.031E-12  2.936E+02  4.356E+03
   0.18427   8    0.09784  17   1.013E+05  1.748E-11  4.851E-13  2.966E+02  4.808E+03
   0.18427   8    0.10416  18   1.013E+05  1.643E-11 -3.736E-12  3.135E+02  5.319E+03
   0.18427   8    0.11047  19   1.013E+05  1.581E-11 -8.128E-12  2.966E+02  4.782E+03
   0.18427   8    0.11678  20   1.013E+05  1.575E-11 -1.210E-11  2.936E+02  4.302E+03
   0.18427   8    0.12309  21   1.013E+05  1.631E-11 -1.520E-11  2.931E+02  3.874E+03
   0.18427   8    0.12941  22   1.013E+05  1.750E-11 -1.669E-11  2.930E+02  3.491E+03
   0.18427   8    0.13572  23   1.013E+05  1.929E-11 -1.643E-11  2.930E+02  3.149E+03
   0.18427   8    0.14203  24   1.013E+05  2.153E-11 -1.457E-11  2.930E+02  2.844E+03
   0.18427   8    0.14834  25   1.013E+05  2.416E-11 -1.138E-11  2.930E+02  2.571E+03
   0.18427   8    0.15466  26   1.013E+05  2.708E-11 -7.360E-12  2.930E+02  2.328E+03
   0.18427   8    0.16097  27   1.013E+05  3.016E-11 -2.927E-12  2.930E+02  2.110E+03
   0.18427   8    0.16728  28   1.013E+05  3.338E-11  1.126E-12  2.930E+02  1.916E+03
   0.18427   8    0.17359  29   1.013E+05  3.668E-11  4.409E-12  2.930E+02  1.743E+03
   0.18427   8    0.17991  30   1.013E+05  4.008E-11  6.331E-12  2.930E+02  1.588E+03
   0.18427   8    0.18622  31   1.013E+05  4.355E-11  6.893E-12  2.930E+02  1.449E+03
   0.18427   8    0.19253  32   1.013E+05  4.709E-11  6.015E-12  2.930E+02  1.326E+03
   0.18427   8    0.19884  33   1.013E+05  5.060E-11  4.094E-12  2.930E+02  1.215E+03
   0.18427   8    0.20516  34   1.013E+05  5.394E-11  1.778E-12  2.930E+02  1.117E+03
   0.18427   8    0.21147  35   1.013E+05  5.688E-11 -1.734E-13  2.930E+02  1.029E+03
   0.18427   8    0.21778  36   1.013E+05  5.912E-11 -1.104E-12  2.930E+02  9.502E+02
   0.18427   8    0.22409  37   1.013E+05  6.034E-11 -5.853E-13  2.930E+02  8.800E+02
   0.18427   8    0.23041  38   1.013E+05  6.013E-11  1.821E-12  2.930E+02  8.172E+02
   0.18427   8    0.23672  39   1.013E+05  5.823E-11  6.083E-12  2.930E+02  7.612E+02
   0.18427   8    0.24303  40   1.013E+05  5.435E-11  1.168E-11  2.930E+02  7.112E+02
   0.18427   8    0.24934  41   1.013E+05  4.850E-11  1.760E-11  2.930E+02  6.665E+02
   0.18427   8    0.25566  42   1.013E+05  4.085E-11  2.287E-11  2.930E+02  6.266E+02
   0.18427   8    0.26197  43   1.013E+05  3.182E-11  2.592E-11  2.930E+02  5.909E+02
   0.18427   8    0.26828  44   1.013E+05  2.206E-11  2.581E-11  2.930E+02  5.590E+02
   0.18427   8    0.27459  45   1.013E+05  1.245E-11  2.137E-11  2.930E+02  5.306E+02
   0.18427   8    0.28091  46   1.013E+05  3.922E-12  1.261E-11  2.930E+02  5.052E+02
   0.18427   8    0.28722  47   1.013E+05 -2.627E-12 -4.828E-13  2.930E+02  4.825E+02
   0.18427   8    0.29353  48   1.013E+05 -6.420E-12 -1.670E-11  2.930E+02  4.622E+02
   0.18427   8    0.29984  49   1.013E+05 -7.086E-12 -3.433E-11  2.930E+02  4.441E+02
   0.18427   8    0.30616  50   1.013E+05 -4.642E-12 -5.092E-11  2.930E+02  4.280E+02
   0.18427   8    0.31247  51   1.013E+05  2.867E-13 -6.413E-11  2.930E+02  4.135E+02
   0.18427   8    0.31878  52   1.013E+05  6.665E-12 -7.156E-11  2.930E+02  4.006E+02
   0.18427   8    0.32509  53   1.013E+05  1.296E-11 -7.165E-11  2.930E+02  3.891E+02
   0.18427   8    0.33141  54   1.013E+05  1.742E-11 -6.333E-11  2.930E+02  3.788E+02
   0.18427   8    0.33772  55   1.013E+05  1.836E-11 -4.750E-11  2.930E+02  3.696E+02
   0.18427   8    0.34403  56   1.013E+05  1.441E-11 -2.547E-11  2.930E+02  3.613E+02
   0.18427   8    0.35034  57   1.013E+05  4.906E-12 -4.693E-13  2.930E+02  3.540E+02
   0.18427   8    0.35666  58   1.013E+05 -9.897E-12  2.415E-11  2.930E+02  3.474E+02
   0.18427   8    0.36297  59   1.013E+05 -2.871E-11  4.431E-11  2.930E+02  3.415E+02
   0.18427   8    0.36928  60   1.013E+05 -4.923E-11  5.696E-11  2.930E+02  3.363E+02
   0.18427   8    0.37559  61   1.013E+05 -6.839E-11  5.961E-11  2.930E+02  3.316E+02
   0.18427   8    0.38191  62   1.013E+05 -8.280E-11  5.207E-11  2.930E+02  3.274E+02
   0.18427   8    0.38822  63   1.013E+05 -8.932E-11  3.563E-11  2.930E+02  3.236E+02
   0.18427   8    0.39453  64   1.013E+05 -8.575E-11  1.395E-11  2.930E+02  3.202E+02
   0.18427   8    0.40084  65   1.013E+05 -7.134E-11 -8.566E-12  2.930E+02  3.172E+02
   0.18427   8    0.40716  66   1.013E+05 -4.729E-11 -2.631E-11  2.930E+02  3.145E+02
   0.18427   8    0.41347  67   1.013E+05 -1.686E-11 -3.503E-11  2.930E+02  3.120E+02
   0.18427   8    0.41978  68   1.013E+05  1.496E-11 -3.155E-11  2.930E+02  3.098E+02
   0.18427   8    0.42609  69   1.013E+05  4.214E-11 -1.613E-11  2.930E+02  3.078E+02
   0.18427   8    0.43241  70   1.013E+05  5.877E-11  8.294E-12  2.930E+02  3.060E+02
   0.18427   8    0.43872  71   1.013E+05  6.025E-11  3.524E-11  2.930E+02  3.044E+02
   0.18427   8    0.44503  72   1.013E+05  4.496E-11  5.709E-11  2.930E+02  3.029E+02
   0.18427   8    0.45134  73   1.013E+05  1.498E-11  6.537E-11  2.930E+02  3.016E+02
   0.18427   8    0.45766  74   1.013E+05 -2.360E-11  5.453E-11  2.930E+02  3.003E+02
   0.18427   8    0.46397  75   1.013E+05 -6.091E-11  2.272E-11  2.930E+02  2.992E+02
   0.18427   8    0.47028  76   1.013E+05 -8.451E-11 -2.496E-11  2.930E+02  2.981E+02
   0.18427   8    0.47659  77   1.013E+05 -7.807E-11 -7.563E-11  2.930E+02  2.971E+02
   0.18427   8    0.48291  78   1.013E+05 -2.293E-11 -1.028E-10  2.930E+02  2.961E+02
   0.18427   8    0.48922  79   1.013E+05  8.993E-11 -6.966E-11  2.930E+02  2.952E+02
   0.18427   8    0.49553  80   1.013E+05  8.584E-11  6.583E-11  2.930E+02  2.943E+02
   0.18427   8    0.50184  81   1.013E+05  7.724E-12 -3.938E-11  2.930E+02  2.934E+02
   0.18427   8    0.50500  82   1.013E+05  7.724E-12 -3.938E-11  2.930E+02  2.930E+02
   0.21262   9    0.00000   1   1.013E+05  0.000E+00  0.000E+00  2.930E+02  1.816E+03
   0.21262   9    0.00316   2   1.013E+05  1.450E-12 -3.635E-12  2.930E+02  1.816E+03
   0.21262   9    0.00947   3   1.013E+05  4.914E-12 -6.315E-12  2.930E+02  1.836E+03
   0.21262   9    0.01578   4   1.013E+05  8.528E-12 -7.597E-12  2.930E+02  1.875E+03
   0.21262   9    0.02209   5   1.013E+05  1.213E-11 -7.166E-12  2.930E+02  1.934E+03
   0.21262   9    0.02841   6   1.013E+05  1.559E-11 -5.402E-12  2.930E+02  2.015E+03
   0.21262   9    0.03472   7   1.013E+05  1.864E-11 -2.198E-12  2.930E+02  2.117E+03
   0.21262   9    0.04103   8   1.013E+05  2.104E-11  1.833E-12  2.930E+02  2.243E+03
   0.21262   9    0.04734   9   1.013E+05  2.252E-11  6.243E-12  2.930E+02  2.394E+03
   0.21262   9    0.05366  10   1.013E+05  2.294E-11  1.021E-11  2.930E+02  2.571E+03
   0.21262   9    0.05997  11   1.013E+05  2.220E-11  1.356E-11  2.930E+02  2.778E+03
   0.21262   9    0.06628  12   1.013E+05  2.038E-11  1.530E-11  2.930E+02  3.016E+03
   0.21262   9    0.07259  13   1.013E+05  1.762E-11  1.556E-11  2.930E+02  3.290E+03
   0.21262   9    0.07891  14   1.013E+05  1.421E-11  1.391E-11  2.930E+02  3.601E+03
   0.21262   9    0.08522  15   1.013E+05  1.046E-11  1.060E-11  2.931E+02  3.955E+03
   0.21262   9    0.09153  16   1.013E+05  6.750E-12  5.872E-12  2.936E+02  4.356E+03
   0.21262   9    0.09784  17   1.013E+05  3.436E-12  3.722E-13  2.966E+02  4.808E+03
   0.21262   9    0.10416  18   1.013E+05  7.856E-13 -5.103E-12  3.135E+02  5.319E+03
   0.21262   9    0.11047  19   1.013E+05 -9.873E-13 -9.888E-12  2.966E+02  4.782E+03
   0.21262   9    0.11678  20   1.013E+05 -1.828E-12 -1.338E-11  2.936E+02  4.302E+03
   0.21262   9    0.12309  21   1.013E+05 -1.704E-12 -1.495E-11  2.931E+02  3.874E+03
   0.21262   9    0.12941  22   1.013E+05 -8.007E-13 -1.416E-11  2.930E+02  3.491E+03
   0.21262   9    0.13572  23   1.013E+05  6.700E-13 -1.085E-11  2.930E+02  3.149E+03
   0.21262   9    0.14203  24   1.013E+05  2.429E-12 -5.697E-12  2.930E+02  2.844E+03
   0.21262   9    0.14834  25   1.013E+05  4.214E-12  8.628E-13  2.930E+02  2.571E+03
   0.21262   9    0.15466  26   1.013E+05  5.802E-12  7.934E-12  2.930E+02  2.328E+03
   0.21262   9    0.16097  27   1.013E+05  6.998E-12  1.456E-11  2.930E+02  2.110E+03
   0.21262   9    0.16728  28   1.013E+05  7.711E-12  1.987E-11  2.930E+02  1.916E+03
   0.21262   9    0.17359  29   1.013E+05  7.957E-12  2.313E-11  2.930E+02  1.743E+03
   0.21262   9    0.17991  30   1.013E+05  7.816E-12  2.384E-11  2.930E+02  1.588E+03
   0.21262   9    0.18622  31   1.013E+05  7.432E-12  2.192E-11  2.930E+02  1.449E+03
   0.21262   9    0.19253  32   1.013E+05  6.939E-12  1.769E-11  2.930E+02  1.326E+03
   0.21262   9    0.19884  33   1.013E+05  6.487E-12  1.196E-11  2.930E+02  1.215E+03
   0.21262   9    0.20516  34   1.013E+05  6.118E-12  5.736E-12  2.930E+02  1.117E+03
   0.21262   9    0.21147  35   1.013E+05  5.774E-12  2.423E-13  2.930E+02  1.029E+03
   0.21262   9    0.21778  36   1.013E+05  5.295E-12 -3.341E-12  2.930E+02  9.502E+02
   0.21262   9    0.22409  37   1.013E+05  4.458E-12 -4.101E-12  2.930E+02  8.800E+02
   0.21262   9    0.23041  38   1.013E+05  2.916E-12 -1.637E-12  2.930E+02  8.172E+02
   0.21262   9    0.23672  39   1.013E+05  3.715E-13  4.278E-12  2.930E+02  7.612E+02
   0.21262   9    0.24303  40   1.013E+05 -3.421E-12  1.291E-11  2.930E+02  7.112E+02
   0.21262   9    0.24934  41   1.013E+05 -8.507E-12  2.315E-11  2.930E+02  6.665E+02
   0.21262   9    0.25566  42   1.013E+05 -1.470E-11  3.341E-11  2.930E+02  6.266E+02
   0.21262   9    0.26197  43   1.013E+05 -2.159E-11  4.140E-11  2.930E+02  5.909E+02
   0.21262   9    0.26828  44   1.013E+05 -2.836E-11  4.568E-11  2.930E+02  5.590E+02
   0.21262   9    0.27459  45   1.013E+05 -3.408E-11  4.445E-11  2.930E+02  5.306E+02
   0.21262   9    0.28091  46   1.013E+05 -3.756E-11  3.709E-11  2.930E+02  5.052E+02
   0.21262   9    0.28722  47   1.013E+05 -3.773E-11  2.319E-11  2.930E+02  4.825E+02
   0.21262   9    0.29353  48   1.013E+05 -3.358E-11  4.151E-12  2.930E+02  4.622E+02
   0.21262   9    0.29984  49   1.013E+05 -2.458E-11 -1.860E-11  2.930E+02  4.441E+02
   0.21262   9    0.30616  50   1.013E+05 -1.063E-11 -4.189E-11  2.930E+02  4.280E+02
   0.21262   9    0.31247  51   1.013E+05  7.587E-12 -6.289E-11  2.930E+02  4.135E+02
   0.21262   9    0.31878  52   1.013E+05  2.880E-11 -7.823E-11  2.930E+02  4.006E+02
   0.21262   9    0.32509  53   1.013E+05  5.108E-11 -8.562E-11  2.930E+02  3.891E+02
   0.21262   9    0.33141  54   1.013E+05  7.213E-11 -8.318E-11  2.930E+02  3.788E+02
   0.21262   9    0.33772  55   1.013E+05  8.949E-11 -7.099E-11  2.930E+02  3.696E+02
   0.21262   9    0.34403  56   1.013E+05  1.010E-10 -5.015E-11  2.930E+02  3.613E+02
   0.21262   9    0.35034  57   1.013E+05  1.050E-10 -2.368E-11  2.930E+02  3.540E+02
   0.21262   9    0.35666  58   1.013E+05  1.011E-10  4.851E-12  2.930E+02  3.474E+02
   0.21262   9    0.36297  59   1.013E+05  8.970E-11  3.076E-11  2.930E+02  3.415E+02
   0.21262   9    0.36928  60   1.013E+05  7.274E-11  5.030E-11  2.930E+02  3.363E+02
   0.21262   9    0.37559  61   1.013E+05  5.299E-11  6.017E-11  2.930E+02  3.316E+02
   0.21262   9    0.38191  62   1.013E+05  3.401E-11  5.928E-11  2.930E+02  3.274E+02
   0.21262   9    0.38822  63   1.013E+05  1.927E-11  4.811E-11  2.930E+02  3.236E+02
   0.21262   9    0.39453  64   1.013E+05  1.171E-11  2.991E-11  2.930E+02  3.202E+02
   0.21262   9    0.40084  65   1.013E+05  1.284E-11  8.917E-12  2.930E+02  3.172E+02
   0.21262   9    0.40716  66   1.013E+05  2.247E-11 -9.140E-12  2.930E+02  3.145E+02
   0.21262   9    0.41347  67   1.013E+05  3.834E-11 -1.956E-11  2.930E+02  3.120E+02
   0.21262   9    0.41978  68   1.013E+05  5.642E-11 -1.879E-11  2.930E+02  3.098E+02
   0.21262   9    0.42609  69   1.013E+05  7.142E-11 -6.191E-12  2.930E+02  3.078E+02
   0.21262   9    0.43241  70   1.013E+05  7.796E-11  1.572E-11  2.930E+02  3.060E+02
   0.21262   9    0.43872  71   1.013E+05  7.182E-11  4.094E-11  2.930E+02  3.044E+02
   0.21262   9    0.44503  72   1.013E+05  5.141E-11  6.197E-11  2.930E+02  3.029E+02
   0.21262   9    0.45134  73   1.013E+05  1.846E-11  7.043E-11  2.930E+02  3.016E+02
   0.21262   9    0.45766  74   1.013E+05 -2.120E-11  6.030E-11  2.930E+02  3.003E+02
   0.21262   9    0.46397  75   1.013E+05 -5.847E-11  2.950E-11  2.930E+02  2.992E+02
   0.21262   9    0.47028  76   1.013E+05 -8.139E-11 -1.733E-11  2.930E+02  2.981E+02
   0.21262   9    0.47659  77   1.013E+05 -7.430E-11 -6.774E-11  2.930E+02  2.971E+02
   0.21262   9    0.48291  78   1.013E+05 -1.896E-11 -9.538E-11  2.930E+02  2.961E+02
   0.21262   9    0.48922  79   1.013E+05  9.302E-11 -6.316E-11  2.930E+02  2.952E+02
   0.21262   9    0.49553  80   1.013E+05  8.700E-11  6.986E-11  2.930E+02  2.943E+02
   0.21262   9    0.50184  81   1.013E+05  6.629E-12 -3.546E-11  2.930E+02  2.934E+02
   0.21262   9    0.50500  82   1.013E+05  6.629E-12 -3.546E-11  2.930E+02  2.930E+02
   0.24097  10    0.00000   1   1.013E+05  0.000E+00  0.000E+00  2.930E+02  1.816E+03
   0.24097  10    0.00316   2   1.013E+05 -2.422E-11 -9.134E-13  2.930E+02  1.816E+03
   0.24097  10    0.00947   3   1.013E+05 -1.909E-11 -5.961E-12  2.930E+02  1.836E+03
   0.24097  10    0.01578   4   1.013E+05 -1.441E-11 -8.828E-12  2.930E+02  1.875E+03
   0.24097  10    0.02209   5   1.013E+05 -1.016E-11 -9.667E-12  2.930E+02  1.934E+03
   0.24097  10    0.02841   6   1.013E+05 -6.384E-12 -8.677E-12  2.930E+02  2.015E+03
   0.24097  10    0.03472   7   1.013E+05 -3.309E-12 -6.372E-12  2.930E+02  2.117E+03
   0.24097  10    0.04103   8   1.013E+05 -1.173E-12 -3.354E-12  2.930E+02  2.243E+03
   0.24097  10    0.04734   9   1.013E+05 -1.981E-13 -2.033E-13  2.930E+02  2.394E+03
   0.24097  10    0.05366  10   1.013E+05 -4.412E-13  2.087E-12  2.930E+02  2.571E+03
   0.24097  10    0.05997  11   1.013E+05 -1.880E-12  3.172E-12  2.930E+02  2.778E+03
   0.24097  10    0.06628  12   1.013E+05 -4.315E-12  2.543E-12  2.930E+02  3.016E+03
   0.24097  10    0.07259  13   1.013E+05 -7.468E-12 -9.259E-16  2.930E+02  3.290E+03
   0.24097  10    0.07891  14   1.013E+05 -1.094E-11 -4.288E-12  2.930E+02  3.601E+03
   0.24097  10    0.08522  15   1.013E+05 -1.434E-11 -1.004E-11  2.931E+02  3.955E+03
   0.24097  10    0.09153  16   1.013E+05 -1.724E-11 -1.662E-11  2.936E+02  4.356E+03
   0.24097  10    0.09784  17   1.013E+05 -1.936E-11 -2.316E-11  2.966E+02  4.808E+03
   0.24097  10    0.10416  18   1.013E+05 -2.048E-11 -2.885E-11  3.135E+02  5.319E+03
   0.24097  10    0.11047  19   1.013E+05 -2.059E-11 -3.272E-11  2.966E+02  4.782E+03
   0.24097  10    0.11678  20   1.013E+05 -1.978E-11 -3.412E-11  2.936E+02  4.302E+03
   0.24097  10    0.12309  21   1.013E+05 -1.832E-11 -3.261E-11  2.931E+02  3.874E+03
   0.24097  10    0.12941  22   1.013E+05 -1.660E-11 -2.806E-11  2.930E+02  3.491E+03
   0.24097  10    0.13572  23   1.013E+05 -1.514E-11 -2.081E-11  2.930E+02  3.149E+03
   0.24097  10    0.14203  24   1.013E+05 -1.438E-11 -1.170E-11  2.930E+02  2.844E+03
   0.24097  10    0.14834  25   1.013E+05 -1.476E-11 -1.562E-12  2.930E+02  2.571E+03
   0.24097  10    0.15466  26   1.013E+05 -1.656E-11  8.325E-12  2.930E+02  2.328E+03
   0.24097  10    0.16097  27   1.013E+05 -1.992E-11  1.663E-11  2.930E+02  2.110E+03
   0.24097  10    0.16728  28   1.013E+05 -2.472E-11  2.240E-11  2.930E+02  1.916E+03
   0.24097  10    0.17359  29   1.013E+05 -3.073E-11  2.471E-11  2.930E+02  1.743E+03
   0.24097  10    0.17991  30   1.013E+05 -3.750E-11  2.323E-11  2.930E+02  1.588E+03
   0.24097  10    0.18622  31   1.013E+05 -4.447E-11  1.827E-11  2.930E+02  1.449E+03
   0.24097  10    0.19253  32   1.013E+05 -5.113E-11  1.054E-11  2.930E+02  1.326E+03
   0.24097  10    0.19884  33   1.013E+05 -5.692E-11  1.167E-12  2.930E+02  1.215E+03
   0.24097  10    0.20516  34   1.013E+05 -6.146E-11 -8.075E-12  2.930E+02  1.117E+03
   0.24097  10    0.21147  35   1.013E+05 -6.455E-11 -1.551E-11  2.930E+02  1.029E+03
   0.24097  10    0.21778  36   1.013E+05 -6.624E-11 -1.938E-11  2.930E+02  9.502E+02
   0.24097  10    0.22409  37   1.013E+05 -6.684E-11 -1.850E-11  2.930E+02  8.800E+02
   0.24097  10    0.23041  38   1.013E+05 -6.680E-11 -1.209E-11  2.930E+02  8.172E+02
   0.24097  10    0.23672  39   1.013E+05 -6.669E-11 -3.103E-13  2.930E+02  7.612E+02
   0.24097  10    0.24303  40   1.013E+05 -6.711E-11  1.606E-11  2.930E+02  7.112E+02
   0.24097  10    0.24934  41   1.013E+05 -6.853E-11  3.527E-11  2.930E+02  6.665E+02
   0.24097  10    0.25566  42   1.013E+05 -7.116E-11  5.507E-11  2.930E+02  6.266E+02
   0.24097  10    0.26197  43   1.013E+05 -7.492E-11  7.250E-11  2.930E+02  5.909E+02
   0.24097  10    0.26828  44   1.013E+05 -7.924E-11  8.517E-11  2.930E+02  5.590E+02
   0.24097  10    0.27459  45   1.013E+05 -8.323E-11  9.059E-11  2.930E+02  5.306E+02
   0.24097  10    0.28091  46   1.013E+05 -8.563E-11  8.733E-11  2.930E+02  5.052E+02
   0.24097  10    0.28722  47   1.013E+05 -8.511E-11  7.479E-11  2.930E+02  4.825E+02
   0.24097  10    0.29353  48   1.013E+05 -8.026E-11  5.408E-11  2.930E+02  4.622E+02
   0.24097  10    0.29984  49   1.013E+05 -7.009E-11  2.677E-11  2.930E+02  4.441E+02
   0.24097  10    0.30616  50   1.013E+05 -5.398E-11 -3.443E-12  2.930E+02  4.280E+02
   0.24097  10    0.31247  51   1.013E+05 -3.214E-11 -3.331E-11  2.930E+02  4.135E+02
   0.24097  10    0.31878  52   1.013E+05 -5.507E-12 -5.850E-11  2.930E+02  4.006E+02
   0.24097  10    0.32509  53   1.013E+05  2.409E-11 -7.588E-11  2.930E+02  3.891E+02
   0.24097  10    0.33141  54   1.013E+05  5.426E-11 -8.281E-11  2.930E+02  3.788E+02
   0.24097  10    0.33772  55   1.013E+05  8.210E-11 -7.867E-11  2.930E+02  3.696E+02
   0.24097  10    0.34403  56   1.013E+05  1.048E-10 -6.414E-11  2.930E+02  3.613E+02
   0.24097  10    0.35034  57   1.013E+05  1.201E-10 -4.198E-11  2.930E+02  3.540E+02
   0.24097  10    0.35666  58   1.013E+05  1.263E-10 -1.597E-11  2.930E+02  3.474E+02
   0.24097  10    0.36297  59   1.013E+05  1.232E-10  8.925E-12  2.930E+02  3.415E+02
   0.24097  10    0.36928  60   1.013E+05  1.118E-10  2.837E-11  2.930E+02  3.363E+02
   0.24097  10    0.37559  61   1.013E+05  9.432E-11  3.851E-11  2.930E+02  3.316E+02
   0.24097  10    0.38191  62   1.013E+05  7.424E-11  3.788E-11  2.930E+02  3.274E+02
   0.24097  10    0.38822  63   1.013E+05  5.513E-11  2.650E-11  2.930E+02  3.236E+02
   0.24097  10    0.39453  64   1.013E+05  4.054E-11  7.517E-12  2.930E+02  3.202E+02
   0.24097  10    0.40084  65   1.013E+05  3.287E-11 -1.473E-11  2.930E+02  3.172E+02
   0.24097  10    0.40716  66   1.013E+05  3.302E-11 -3.416E-11  2.930E+02  3.145E+02
   0.24097  10    0.41347  67   1.013E+05  3.982E-11 -4.564E-11  2.930E+02  3.120E+02
   0.24097  10    0.41978  68   1.013E+05  5.033E-11 -4.509E-11  2.930E+02  3.098E+02
   0.24097  10    0.42609  69   1.013E+05  6.002E-11 -3.183E-11  2.930E+02  3.078E+02
   0.24097  10    0.43241  70   1.013E+05  6.400E-11 -7.812E-12  2.930E+02  3.060E+02
   0.24097  10    0.43872  71   1.013E+05  5.808E-11  2.064E-11  2.930E+02  3.044E+02
   0.24097  10    0.44503  72   1.013E+05  4.019E-11  4.564E-11  2.930E+02  3.029E+02
   0.24097  10    0.45134  73   1.013E+05  1.150E-11  5.842E-11  2.930E+02  3.016E+02
   0.24097  10    0.45766  74   1.013E+05 -2.313E-11  5.241E-11  2.930E+02  3.003E+02
   0.24097  10    0.46397  75   1.013E+05 -5.563E-11  2.472E-11  2.930E+02  2.992E+02
   0.24097  10    0.47028  76   1.013E+05 -7.479E-11 -2.005E-11  2.930E+02  2.981E+02
   0.24097  10    0.47659  77   1.013E+05 -6.543E-11 -6.943E-11  2.930E+02  2.971E+02
   0.24097  10    0.48291  78   1.013E+05 -9.541E-12 -9.703E-11  2.930E+02  2.961E+02
   0.24097  10    0.48922  79   1.013E+05  1.018E-10 -6.472E-11  2.930E+02  2.952E+02
   0.24097  10    0.49553  80   1.013E+05  9.516E-11  6.801E-11  2.930E+02  2.943E+02
   0.24097  10    0.50184  81   1.013E+05  9.295E-12 -3.395E-11  2.930E+02  2.934E+02
   0.24097  10    0.50500  82   1.013E+05  9.295E-12 -3.395E-11  2.930E+02  2.930E+02
   0.26932  11    0.00000   1   1.013E+05  0.000E+00  0.000E+00  2.930E+02  1.816E+03
   0.26932  11    0.00316   2   1.013E+05  9.979E-12 -4.374E-12  2.930E+02  1.816E+03
   0.26932  11    0.00947   3   1.013E+05  9.817E-12 -1.750E-12  2.930E+02  1.836E+03
   0.26932  11    0.01578   4   1.013E+05  1.032E-11  7.916E-14  2.930E+02  1.875E+03
   0.26932  11    0.02209   5   1.013E+05  1.115E-11  2.310E-12  2.930E+02  1.934E+03
   0.26932  11    0.02841   6   1.013E+05  1.188E-11  5.089E-12  2.930E+02  2.015E+03
   0.26932  11    0.03472   7   1.013E+05  1.207E-11  8.139E-12  2.930E+02  2.117E+03
   0.26932  11    0.04103   8   1.013E+05  1.144E-11  1.093E-11  2.930E+02  2.243E+03
   0.26932  11    0.04734   9   1.013E+05  9.830E-12  1.297E-11  2.930E+02  2.394E+03
   0.26932  11    0.05366  10   1.013E+05  7.322E-12  1.357E-11  2.930E+02  2.571E+03
   0.26932  11    0.05997  11   1.013E+05  4.117E-12  1.253E-11  2.930E+02  2.778E+03
   0.26932  11    0.06628  12   1.013E+05  6.170E-13  9.494E-12  2.930E+02  3.016E+03
   0.26932  11    0.07259  13   1.013E+05 -2.779E-12  4.361E-12  2.930E+02  3.290E+03
   0.26932  11    0.07891  14   1.013E+05 -5.611E-12 -2.404E-12  2.930E+02  3.601E+03
   0.26932  11    0.08522  15   1.013E+05 -7.465E-12 -1.021E-11  2.931E+02  3.955E+03
   0.26932  11    0.09153  16   1.013E+05 -8.080E-12 -1.824E-11  2.936E+02  4.356E+03
   0.26932  11    0.09784  17   1.013E+05 -7.332E-12 -2.554E-11  2.966E+02  4.808E+03
   0.26932  11    0.10416  18   1.013E+05 -5.309E-12 -3.099E-11  3.135E+02  5.319E+03
   0.26932  11    0.11047  19   1.013E+05 -2.270E-12 -3.381E-11  2.966E+02  4.782E+03
   0.26932  11    0.11678  20   1.013E+05  1.303E-12 -3.334E-11  2.936E+02  4.302E+03
   0.26932  11    0.12309  21   1.013E+05  4.818E-12 -2.946E-11  2.931E+02  3.874E+03
   0.26932  11    0.12941  22   1.013E+05  7.596E-12 -2.231E-11  2.930E+02  3.491E+03
   0.26932  11    0.13572  23   1.013E+05  9.005E-12 -1.255E-11  2.930E+02  3.149E+03
   0.26932  11    0.14203  24   1.013E+05  8.494E-12 -1.344E-12  2.930E+02  2.844E+03
   0.26932  11    0.14834  25   1.013E+05  5.757E-12  1.017E-11  2.930E+02  2.571E+03
   0.26932  11    0.15466  26   1.013E+05  7.073E-13  2.032E-11  2.930E+02  2.328E+03
   0.26932  11    0.16097  27   1.013E+05 -6.434E-12  2.783E-11  2.930E+02  2.110E+03
   0.26932  11    0.16728  28   1.013E+05 -1.512E-11  3.164E-11  2.930E+02  1.916E+03
   0.26932  11    0.17359  29   1.013E+05 -2.458E-11  3.100E-11  2.930E+02  1.743E+03
   0.26932  11    0.17991  30   1.013E+05 -3.386E-11  2.586E-11  2.930E+02  1.588E+03
   0.26932  11    0.18622  31   1.013E+05 -4.193E-11  1.659E-11  2.930E+02  1.449E+03
   0.26932  11    0.19253  32   1.013E+05 -4.790E-11  4.609E-12  2.930E+02  1.326E+03
   0.26932  11    0.19884  33   1.013E+05 -5.099E-11 -8.420E-12  2.930E+02  1.215E+03
   0.26932  11    0.20516  34   1.013E+05 -5.081E-11 -2.036E-11  2.930E+02  1.117E+03
   0.26932  11    0.21147  35   1.013E+05 -4.729E-11 -2.907E-11  2.930E+02  1.029E+03
   0.26932  11    0.21778  36   1.013E+05 -4.087E-11 -3.272E-11  2.930E+02  9.502E+02
   0.26932  11    0.22409  37   1.013E+05 -3.238E-11 -2.962E-11  2.930E+02  8.800E+02
   0.26932  11    0.23041  38   1.013E+05 -2.296E-11 -1.930E-11  2.930E+02  8.172E+02
   0.26932  11    0.23672  39   1.013E+05 -1.400E-11 -1.912E-12  2.930E+02  7.612E+02
   0.26932  11    0.24303  40   1.013E+05 -6.838E-12  2.132E-11  2.930E+02  7.112E+02
   0.26932  11    0.24934  41   1.013E+05 -2.713E-12  4.808E-11  2.930E+02  6.665E+02
   0.26932  11    0.25566  42   1.013E+05 -2.433E-12  7.537E-11  2.930E+02  6.266E+02
   0.26932  11    0.26197  43   1.013E+05 -6.310E-12  9.993E-11  2.930E+02  5.909E+02
   0.26932  11    0.26828  44   1.013E+05 -1.401E-11  1.187E-10  2.930E+02  5.590E+02
   0.26932  11    0.27459  45   1.013E+05 -2.455E-11  1.286E-10  2.930E+02  5.306E+02
   0.26932  11    0.28091  46   1.013E+05 -3.634E-11  1.280E-10  2.930E+02  5.052E+02
   0.26932  11    0.28722  47   1.013E+05 -4.748E-11  1.160E-10  2.930E+02  4.825E+02
   0.26932  11    0.29353  48   1.013E+05 -5.583E-11  9.371E-11  2.930E+02  4.622E+02
   0.26932  11    0.29984  49   1.013E+05 -5.954E-11  6.306E-11  2.930E+02  4.441E+02
   0.26932  11    0.30616  50   1.013E+05 -5.717E-11  2.796E-11  2.930E+02  4.280E+02
   0.26932  11    0.31247  51   1.013E+05 -4.810E-11 -7.731E-12  2.930E+02  4.135E+02
   0.26932  11    0.31878  52   1.013E+05 -3.262E-11 -3.930E-11  2.930E+02  4.006E+02
   0.26932  11    0.32509  53   1.013E+05 -1.209E-11 -6.315E-11  2.930E+02  3.891E+02
   0.26932  11    0.33141  54   1.013E+05  1.130E-11 -7.621E-11  2.930E+02  3.788E+02
   0.26932  11    0.33772  55   1.013E+05  3.465E-11 -7.765E-11  2.930E+02  3.696E+02
   0.26932  11    0.34403  56   1.013E+05  5.499E-11 -6.807E-11  2.930E+02  3.613E+02
   0.26932  11    0.35034  57   1.013E+05  6.952E-11 -5.025E-11  2.930E+02  3.540E+02
   0.26932  11    0.35666  58   1.013E+05  7.632E-11 -2.817E-11  2.930E+02  3.474E+02
   0.26932  11    0.36297  59   1.013E+05  7.464E-11 -6.950E-12  2.930E+02  3.415E+02
   0.26932  11    0.36928  60   1.013E+05  6.519E-11  8.853E-12  2.930E+02  3.363E+02
   0.26932  11    0.37559  61   1.013E+05  5.008E-11  1.540E-11  2.930E+02  3.316E+02
   0.26932  11    0.38191  62   1.013E+05  3.259E-11  1.136E-11  2.930E+02  3.274E+02
   0.26932  11    0.38822  63   1.013E+05  1.651E-11 -2.954E-12  2.930E+02  3.236E+02
   0.26932  11    0.39453  64   1.013E+05  5.455E-12 -2.386E-11  2.930E+02  3.202E+02
   0.26932  11    0.40084  65   1.013E+05  2.077E-12 -4.650E-11  2.930E+02  3.172E+02
   0.26932  11    0.40716  66   1.013E+05  7.320E-12 -6.439E-11  2.930E+02  3.145E+02
   0.26932  11    0.41347  67   1.013E+05  1.999E-11 -7.210E-11  2.930E+02  3.120E+02
   0.26932  11    0.41978  68   1.013E+05  3.681E-11 -6.558E-11  2.930E+02  3.098E+02
   0.26932  11    0.42609  69   1.013E+05  5.285E-11 -4.427E-11  2.930E+02  3.078E+02
   0.26932  11    0.43241  70   1.013E+05  6.262E-11 -1.143E-11  2.930E+02  3.060E+02
   0.26932  11    0.43872  71   1.013E+05  6.127E-11  2.572E-11  2.930E+02  3.044E+02
   0.26932  11    0.44503  72   1.013E+05  4.631E-11  5.802E-11  2.930E+02  3.029E+02
   0.26932  11    0.45134  73   1.013E+05  1.857E-11  7.522E-11  2.930E+02  3.016E+02
   0.26932  11    0.45766  74   1.013E+05 -1.706E-11  6.972E-11  2.930E+02  3.003E+02
   0.26932  11    0.46397  75   1.013E+05 -5.214E-11  3.868E-11  2.930E+02  2.992E+02
   0.26932  11    0.47028  76   1.013E+05 -7.466E-11 -1.308E-11  2.930E+02  2.981E+02
   0.26932  11    0.47659  77   1.013E+05 -6.867E-11 -7.137E-11  2.930E+02  2.971E+02
   0.26932  11    0.48291  78   1.013E+05 -1.502E-11 -1.094E-10  2.930E+02  2.961E+02
   0.26932  11    0.48922  79   1.013E+05  9.593E-11 -8.371E-11  2.930E+02  2.952E+02
   0.26932  11    0.49553  80   1.013E+05  9.142E-11  1.678E-11  2.930E+02  2.943E+02
   0.26932  11    0.50184  81   1.013E+05  9.339E-12 -5.205E-11  2.930E+02  2.934E+02
   0.26932  11    0.50500  82   1.013E+05  9.339E-12 -5.205E-11  2.930E+02  2.930E+02
   0.28350  12    0.00000   1   1.013E+05  0.000E+00  0.000E+00  2.930E+02  1.816E+03
   0.28350  12    0.00316   2   1.013E+05  0.000E+00  0.000E+00  2.930E+02  1.816E+03
   0.28350  12    0.00947   3   1.013E+05  0.000E+00  0.000E+00  2.930E+02  1.836E+03
   0.28350  12    0.01578   4   1.013E+05  0.000E+00  0.000E+00  2.930E+02  1.875E+03
   0.28350  12    0.02209   5   1.013E+05  0.000E+00  0.000E+00  2.930E+02  1.934E+03
   0.28350  12    0.02841   6   1.013E+05  0.000E+00  0.000E+00  2.930E+02  2.015E+03
   0.28350  12    0.03472   7   1.013E+05  0.000E+00  0.000E+00  2.930E+02  2.117E+03
   0.28350  12    0.04103   8   1.013E+05  0.000E+00  0.000E+00  2.930E+02  2.243E+03
   0.28350  12    0.04734   9   1.013E+05  0.000E+00  0.000E+00  2.930E+02  2.394E+03
   0.28350  12    0.05366  10   1.013E+05  0.000E+00  0.000E+00  2.930E+02  2.571E+03
   0.28350  12    0.05997  11   1.013E+05  0.000E+00  0.000E+00  2.930E+02  2.778E+03
   0.28350  12    0.06628  12   1.013E+05  0.000E+00  0.000E+00  2.930E+02  3.016E+03
   0.28350  12    0.07259  13   1.013E+05  0.000E+00  0.000E+00  2.930E+02  3.290E+03
   0.28350  12    0.07891  14   1.013E+05  0.000E+00  0.000E+00  2.930E+02  3.601E+03
   0.28350  12    0.08522  15   1.013E+05  0.000E+00  0.000E+00  2.931E+02  3.955E+03
   0.28350  12    0.09153  16   1.013E+05  0.000E+00  0.000E+00  2.936E+02  4.356E+03
   0.28350  12    0.09784  17   1.013E+05  0.000E+00  0.000E+00  2.966E+02  4.808E+03
   0.28350  12    0.10416  18   1.013E+05  0.000E+00  0.000E+00  3.135E+02  5.319E+03
   0.28350  12    0.11047  19   1.013E+05  0.000E+00  0.000E+00  2.966E+02  4.782E+03
   0.28350  12    0.11678  20   1.013E+05  0.000E+00  0.000E+00  2.936E+02  4.302E+03
   0.28350  12    0.12309  21   1.013E+05  0.000E+00  0.000E+00  2.931E+02  3.874E+03
   0.28350  12    0.12941  22   1.013E+05  0.000E+00  0.000E+00  2.930E+02  3.491E+03
   0.28350  12    0.13572  23   1.013E+05  0.000E+00  0.000E+00  2.930E+02  3.149E+03
   0.28350  12    0.14203  24   1.013E+05  0.000E+00  0.000E+00  2.930E+02  2.844E+03
   0.28350  12    0.14834  25   1.013E+05  0.000E+00  0.000E+00  2.930E+02  2.571E+03
   0.28350  12    0.15466  26   1.013E+05  0.000E+00  0.000E+00  2.930E+02  2.328E+03
   0.28350  12    0.16097  27   1.013E+05  0.000E+00  0.000E+00  2.930E+02  2.110E+03
   0.28350  12    0.16728  28   1.013E+05  0.000E+00  0.000E+00  2.930E+02  1.916E+03
   0.28350  12    0.17359  29   1.013E+05  0.000E+00  0.000E+00  2.930E+02  1.743E+03
   0.28350  12    0.17991  30   1.013E+05  0.000E+00  0.000E+00  2.930E+02  1.588E+03
   0.28350  12    0.18622  31   1.013E+05  0.000E+00  0.000E+00  2.930E+02  1.449E+03
   0.28350  12    0.19253  32   1.013E+05  0.000E+00  0.000E+00  2.930E+02  1.326E+03
   0.28350  12    0.19884  33   1.013E+05  0.000E+00  0.000E+00  2.930E+02  1.215E+03
   0.28350  12    0.20516  34   1.013E+05  0.000E+00  0.000E+00  2.930E+02  1.117E+03
   0.28350  12    0.21147  35   1.013E+05  0.000E+00  0.000E+00  2.930E+02  1.029E+03
   0.28350  12    0.21778  36   1.013E+05  0.000E+00  0.000E+00  2.930E+02  9.502E+02
   0.28350  12    0.22409  37   1.013E+05  0.000E+00  0.000E+00  2.930E+02  8.800E+02
   0.28350  12    0.23041  38   1.013E+05  0.000E+00  0.000E+00  2.930E+02  8.172E+02
   0.28350  12    0.23672  39   1.013E+05  0.000E+00  0.000E+00  2.930E+02  7.612E+02
   0.28350  12    0.24303  40   1.013E+05  0.000E+00  0.000E+00  2.930E+02  7.112E+02
   0.28350  12    0.24934  41   1.013E+05  0.000E+00  0.000E+00  2.930E+02  6.665E+02
   0.28350  12    0.25566  42   1.013E+05  0.000E+00  0.000E+00  2.930E+02  6.266E+02
   0.28350  12    0.26197  43   1.013E+05  0.000E+00  0.000E+00  2.930E+02  5.909E+02
   0.28350  12    0.26828  44   1.013E+05  0.000E+00  0.000E+00  2.930E+02  5.590E+02
   0.28350  12    0.27459  45   1.013E+05  0.000E+00  0.000E+00  2.930E+02  5.306E+02
   0.28350  12    0.28091  46   1.013E+05  0.000E+00  0.000E+00  2.930E+02  5.052E+02
   0.28350  12    0.28722  47   1.013E+05  0.000E+00  0.000E+00  2.930E+02  4.825E+02
   0.28350  12    0.29353  48   1.013E+05  0.000E+00  0.000E+00  2.930E+02  4.622E+02
   0.28350  12    0.29984  49   1.013E+05  0.000E+00  0.000E+00  2.930E+02  4.441E+02
   0.28350  12    0.30616  50   1.013E+05  0.000E+00  0.000E+00  2.930E+02  4.280E+02
   0.28350  12    0.31247  51   1.013E+05  0.000E+00  0.000E+00  2.930E+02  4.135E+02
   0.28350  12    0.31878  52   1.013E+05  0.000E+00  0.000E+00  2.930E+02  4.006E+02
   0.28350  12    0.32509  53   1.013E+05  0.000E+00  0.000E+00  2.930E+02  3.891E+02
   0.28350  12    0.33141  54   1.013E+05  0.000E+00  0.000E+00  2.930E+02  3.788E+02
   0.28350  12    0.33772  55   1.013E+05  0.000E+00  0.000E+00  2.930E+02  3.696E+02
   0.28350  12    0.34403  56   1.013E+05  0.000E+00  0.000E+00  2.930E+02  3.613E+02
   0.28350  12    0.35034  57   1.013E+05  0.000E+00  0.000E+00  2.930E+02  3.540E+02
   0.28350  12    0.35666  58   1.013E+05  0.000E+00  0.000E+00  2.930E+02  3.474E+02
   0.28350  12    0.36297  59   1.013E+05  0.000E+00  0.000E+00  2.930E+02  3.415E+02
   0.28350  12    0.36928  60   1.013E+05  0.000E+00  0.000E+00  2.930E+02  3.363E+02
   0.28350  12    0.37559  61   1.013E+05  0.000E+00  0.000E+00  2.930E+02  3.316E+02
   0.28350  12    0.38191  62   1.013E+05  0.000E+00  0.000E+00  2.930E+02  3.274E+02
   0.28350  12    0.38822  63   1.013E+05  0.000E+00  0.000E+00  2.930E+02  3.236E+02
   0.28350  12    0.39453  64   1.013E+05  0.000E+00  0.000E+00  2.930E+02  3.202E+02
   0.28350  12    0.40084  65   1.013E+05  0.000E+00  0.000E+00  2.930E+02  3.172E+02
   0.28350  12    0.40716  66   1.013E+05  0.000E+00  0.000E+00  2.930E+02  3.145E+02
   0.28350  12    0.41347  67   1.013E+05  0.000E+00  0.000E+00  2.930E+02  3.120E+02
   0.28350  12    0.41978  68   1.013E+05  0.000E+00  0.000E+00  2.930E+02  3.098E+02
   0.28350  12    0.42609  69   1.013E+05  0.000E+00  0.000E+00  2.930E+02  3.078E+02
   0.28350  12    0.43241  70   1.013E+05  0.000E+00  0.000E+00  2.930E+02  3.060E+02
   0.28350  12    0.43872  71   1.013E+05  0.000E+00  0.000E+00  2.930E+02  3.044E+02
   0.28350  12    0.44503  72   1.013E+05  0.000E+00  0.000E+00  2.930E+02  3.029E+02
   0.28350  12    0.45134  73   1.013E+05  0.000E+00  0.000E+00  2.930E+02  3.016E+02
   0.28350  12    0.45766  74   1.013E+05  0.000E+00  0.000E+00  2.930E+02  3.003E+02
   0.28350  12    0.46397  75   1.013E+05  0.000E+00  0.000E+00  2.930E+02  2.992E+02
   0.28350  12    0.47028  76   1.013E+05  0.000E+00  0.000E+00  2.930E+02  2.981E+02
   0.28350  12    0.47659  77   1.013E+05  0.000E+00  0.000E+00  2.930E+02  2.971E+02
   0.28350  12    0.48291  78   1.013E+05  0.000E+00  0.000E+00  2.930E+02  2.961E+02
   0.28350  12    0.48922  79   1.013E+05  0.000E+00  0.000E+00  2.930E+02  2.952E+02
   0.28350  12    0.49553  80   1.013E+05  0.000E+00  0.000E+00  2.930E+02  2.943E+02
   0.28350  12    0.50184  81   1.013E+05  0.000E+00  0.000E+00  2.930E+02  2.934E+02
   0.28350  12    0.50500  82   1.013E+05  9.339E-12 -5.205E-11  2.930E+02  2.930E+02
