# xp i yp j p u v ts tf
   0.00000   1    0.00000   1   1.013E+05  0.000E+00  0.000E+00  2.932E+02  2.934E+02
   0.00000   1    0.00316   2   1.013E+05  0.000E+00  0.000E+00  2.932E+02  2.934E+02
   0.00000   1    0.00947   3   1.013E+05  0.000E+00  0.000E+00  2.934E+02  2.935E+02
   0.00000   1    0.01578   4   1.013E+05  0.000E+00  0.000E+00  2.937E+02  2.937E+02
   0.00000   1    0.02209   5   1.013E+05  0.000E+00  0.000E+00  2.939E+02  2.940E+02
   0.00000   1    0.02841   6   1.013E+05  0.000E+00  0.000E+00  2.941E+02  2.943E+02
   0.00000   1    0.03472   7   1.013E+05  0.000E+00  0.000E+00  2.944E+02  2.947E+02
   0.00000   1    0.04103   8   1.013E+05  0.000E+00  0.000E+00  2.948E+02  2.954E+02
   0.00000   1    0.04734   9   1.013E+05  0.000E+00  0.000E+00  2.956E+02  2.967E+02
   0.00000   1    0.05366  10   1.013E+05  0.000E+00  0.000E+00  2.971E+02  2.990E+02
   0.00000   1    0.05997  11   1.013E+05  0.000E+00  0.000E+00  3.000E+02  3.031E+02
   0.00000   1    0.06628  12   1.013E+05  0.000E+00  0.000E+00  3.055E+02  3.106E+02
   0.00000   1    0.07259  13   1.013E+05  0.000E+00  0.000E+00  3.155E+02  3.245E+02
   0.00000   1    0.07891  14   1.013E+05  0.000E+00  0.000E+00  3.329E+02  3.455E+02
   0.00000   1    0.08522  15   1.013E+05  0.000E+00  0.000E+00  3.615E+02  3.803E+02
   0.00000   1    0.09153  16   1.013E+05  0.000E+00  0.000E+00  4.059E+02  4.298E+02
   0.00000   1    0.09784  17   1.013E+05  0.000E+00  0.000E+00  4.700E+02  5.088E+02
   0.00000   1    0.10416  18   1.013E+05  0.000E+00  0.000E+00  5.499E+02  6.965E+02
   0.00000   1    0.11047  19   1.013E+05  0.000E+00  0.000E+00  4.694E+02  5.079E+02
   0.00000   1    0.11678  20   1.013E+05  0.000E+00  0.000E+00  4.048E+02  4.250E+02
   0.00000   1    0.12309  21   1.013E+05  0.000E+00  0.000E+00  3.604E+02  3.724E+02
   0.00000   1    0.12941  22   1.013E+05  0.000E+00  0.000E+00  3.319E+02  3.408E+02
   0.00000   1    0.13572  23   1.013E+05  0.000E+00  0.000E+00  3.147E+02  3.214E+02
   0.00000   1    0.14203  24   1.013E+05  0.000E+00  0.000E+00  3.050E+02  3.097E+02
   0.00000   1    0.14834  25   1.013E+05  0.000E+00  0.000E+00  2.996E+02  3.028E+02
   0.00000   1    0.15466  26   1.013E+05  0.000E+00  0.000E+00  2.969E+02  2.990E+02
   0.00000   1    0.16097  27   1.013E+05  0.000E+00  0.000E+00  2.954E+02  2.966E+02
   0.00000   1    0.16728  28   1.013E+05  0.000E+00  0.000E+00  2.946E+02  2.954E+02
   0.00000   1    0.17359  29   1.013E+05  0.000E+00  0.000E+00  2.942E+02  2.946E+02
   0.00000   1    0.17991  30   1.013E+05  0.000E+00  0.000E+00  2.940E+02  2.942E+02
   0.00000   1    0.18622  31   1.013E+05  0.000E+00  0.000E+00  2.939E+02  2.940E+02
   0.00000   1    0.19253  32   1.013E+05  0.000E+00  0.000E+00  2.938E+02  2.938E+02
   0.00000   1    0.19884  33   1.013E+05  0.000E+00  0.000E+00  2.937E+02  2.937E+02
   0.00000   1    0.20516  34   1.013E+05  0.000E+00  0.000E+00  2.936E+02  2.936E+02
   0.00000   1    0.21147  35   1.013E+05  0.000E+00  0.000E+00  2.935E+02  2.935E+02
   0.00000   1    0.21778  36   1.013E+05  0.000E+00  0.000E+00  2.935E+02  2.935E+02
   0.00000   1    0.22409  37   1.013E+05  0.000E+00  0.000E+00  2.934E+02  2.934E+02
   0.00000   1    0.23041  38   1.013E+05  0.000E+00  0.000E+00  2.934E+02  2.934E+02
   0.00000   1    0.23672  39   1.013E+05  0.000E+00  0.000E+00  2.933E+02  2.933E+02
   0.00000   1    0.24303  40   1.013E+05  0.000E+00  0.000E+00  2.933E+02  2.933E+02
   0.00000   1    0.24934  41   1.013E+05  0.000E+00  0.000E+00  2.933E+02  2.933E+02
   0.00000   1    0.25566  42   1.013E+05  0.000E+00  0.000E+00  2.932E+02  2.932E+02
   0.00000   1    0.26197  43   1.013E+05  0.000E+00  0.000E+00  2.932E+02  2.932E+02
   0.00000   1    0.26828  44   1.013E+05  0.000E+00  0.000E+00  2.932E+02  2.932E+02
   0.00000   1    0.27459  45   1.013E+05  0.000E+00  0.000E+00  2.932E+02  2.932E+02
   0.00000   1    0.28091  46   1.013E+05  0.000E+00  0.000E+00  2.931E+02  2.932E+02
   0.00000   1    0.28722  47   1.013E+05  0.000E+00  0.000E+00  2.931E+02  2.931E+02
   0.00000   1    0.29353  48   1.013E+05  0.000E+00  0.000E+00  2.931E+02  2.931E+02
   0.00000   1    0.29984  49   1.013E+05  0.000E+00  0.000E+00  2.931E+02  2.931E+02
   0.00000   1    0.30616  50   1.013E+05  0.000E+00  0.000E+00  2.931E+02  2.931E+02
   0.00000   1    0.31247  51   1.013E+05  0.000E+00  0.000E+00  2.931E+02  2.931E+02
   0.00000   1    0.31878  52   1.013E+05  0.000E+00  0.000E+00  2.931E+02  2.931E+02
   0.00000   1    0.32509  53   1.013E+05  0.000E+00  0.000E+00  2.931E+02  2.931E+02
   0.00000   1    0.33141  54   1.013E+05  0.000E+00  0.000E+00  2.931E+02  2.931E+02
   0.00000   1    0.33772  55   1.013E+05  0.000E+00  0.000E+00  2.931E+02  2.931E+02
   0.00000   1    0.34403  56   1.013E+05  0.000E+00  0.000E+00  2.930E+02  2.930E+02
   0.00000   1    0.35034  57   1.013E+05  0.000E+00  0.000E+00  2.930E+02  2.930E+02
   0.00000   1    0.35666  58   1.013E+05  0.000E+00  0.000E+00  2.930E+02  2.930E+02
   0.00000   1    0.36297  59   1.013E+05  0.000E+00  0.000E+00  2.930E+02  2.930E+02
   0.00000   1    0.36928  60   1.013E+05  0.000E+00  0.000E+00  2.930E+02  2.930E+02
   0.00000   1    0.37559  61   1.013E+05  0.000E+00  0.000E+00  2.930E+02  2.930E+02
   0.00000   1    0.38191  62   1.013E+05  0.000E+00  0.000E+00  2.930E+02  2.930E+02
   0.00000   1    0.38822  63   1.013E+05  0.000E+00  0.000E+00  2.930E+02  2.930E+02
   0.00000   1    0.39453  64   1.013E+05  0.000E+00  0.000E+00  2.930E+02  2.930E+02
   0.00000   1    0.40084  65   1.013E+05  0.000E+00  0.000E+00  2.930E+02  2.930E+02
   0.00000   1    0.40716  66   1.013E+05  0.000E+00  0.000E+00  2.930E+02  2.930E+02
   0.00000   1    0.41347  67   1.013E+05  0.000E+00  0.000E+00  2.930E+02  2.930E+02
   0.00000   1    0.41978  68   1.013E+05  0.000E+00  0.000E+00  2.930E+02  2.930E+02
   0.00000   1    0.42609  69   1.013E+05  0.000E+00  0.000E+00  2.930E+02  2.930E+02
   0.00000   1    0.43241  70   1.013E+05  0.000E+00  0.000E+00  2.930E+02  2.930E+02
   0.00000   1    0.43872  71   1.013E+05  0.000E+00  0.000E+00  2.930E+02  2.930E+02
   0.00000   1    0.44503  72   1.013E+05  0.000E+00  0.000E+00  2.930E+02  2.930E+02
   0.00000   1    0.45134  73   1.013E+05  0.000E+00  0.000E+00  2.930E+02  2.930E+02
   0.00000   1    0.45766  74   1.013E+05  0.000E+00  0.000E+00  2.930E+02  2.930E+02
   0.00000   1    0.46397  75   1.013E+05  0.000E+00  0.000E+00  2.930E+02  2.930E+02
   0.00000   1    0.47028  76   1.013E+05  0.000E+00  0.000E+00  2.930E+02  2.930E+02
   0.00000   1    0.47659  77   1.013E+05  0.000E+00  0.000E+00  2.930E+02  2.930E+02
   0.00000   1    0.48291  78   1.013E+05  0.000E+00  0.000E+00  2.930E+02  2.930E+02
   0.00000   1    0.48922  79   1.013E+05  0.000E+00  0.000E+00  2.930E+02  2.930E+02
   0.00000   1    0.49553  80   1.013E+05  0.000E+00  0.000E+00  2.930E+02  2.930E+02
   0.00000   1    0.50184  81   1.013E+05  0.000E+00  0.000E+00  2.930E+02  2.930E+02
   0.00000   1    0.50500  82   1.013E+05  0.000E+00  0.000E+00  2.930E+02  2.930E+02
   0.01417   2    0.00000   1   1.013E+05  0.000E+00  0.000E+00  2.930E+02  2.934E+02
   0.01417   2    0.00316   2   1.013E+05  4.183E-07  1.678E-06  2.932E+02  2.934E+02
   0.01417   2    0.00947   3   1.013E+05  4.279E-07  1.256E-06  2.934E+02  2.935E+02
   0.01417   2    0.01578   4   1.013E+05  4.547E-07  2.598E-06  2.937E+02  2.937E+02
   0.01417   2    0.02209   5   1.013E+05  4.822E-07 -1.337E-06  2.939E+02  2.940E+02
   0.01417   2    0.02841   6   1.013E+05  5.625E-07 -1.246E-05  2.941E+02  2.943E+02
   0.01417   2    0.03472   7   1.013E+05  6.773E-07 -1.135E-05  2.944E+02  2.947E+02
   0.01417   2    0.04103   8   1.013E+05  8.544E-07  2.566E-06  2.948E+02  2.954E+02
   0.01417   2    0.04734   9   1.013E+05  1.046E-06  6.572E-06  2.956E+02  2.967E+02
   0.01417   2    0.05366  10   1.013E+05  1.219E-06 -2.838E-06  2.971E+02  2.990E+02
   0.01417   2    0.05997  11   1.013E+05  1.364E-06 -7.080E-06  3.000E+02  3.031E+02
   0.01417   2    0.06628  12   1.013E+05  1.399E-06  2.801E-06  3.055E+02  3.106E+02
   0.01417   2    0.07259  13   1.013E+05  1.152E-06 -9.630E-07  3.155E+02  3.245E+02
   0.01417   2    0.07891  14   1.013E+05  2.867E-07 -1.558E-05  3.329E+02  3.455E+02
   0.01417   2    0.08522  15   1.013E+05 -4.481E-07 -1.828E-05  3.615E+02  3.803E+02
   0.01417   2    0.09153  16   1.013E+05 -1.010E-06 -3.641E-05  4.059E+02  4.298E+02
   0.01417   2    0.09784  17   1.013E+05 -8.089E-07 -1.404E-04  4.700E+02  5.088E+02
   0.01417   2    0.10416  18   1.013E+05 -1.385E-06  6.463E-04  5.499E+02  6.965E+02
   0.01417   2    0.11047  19   1.013E+05 -1.105E-05 -1.344E-04  4.694E+02  5.079E+02
   0.01417   2    0.11678  20   1.013E+05 -1.614E-06 -1.371E-05  4.048E+02  4.250E+02
   0.01417   2    0.12309  21   1.013E+05 -1.829E-06 -7.666E-06  3.604E+02  3.724E+02
   0.01417   2    0.12941  22   1.013E+05 -1.373E-06  1.091E-05  3.319E+02  3.408E+02
   0.01417   2    0.13572  23   1.013E+05  9.336E-06  2.043E-05  3.147E+02  3.214E+02
   0.01417   2    0.14203  24   1.013E+05  2.841E-07  1.808E-05  3.050E+02  3.097E+02
   0.01417   2    0.14834  25   1.013E+05 -5.274E-07  1.155E-05  2.996E+02  3.028E+02
   0.01417   2    0.15466  26   1.013E+05 -2.256E-07 -1.695E-06  2.969E+02  2.990E+02
   0.01417   2    0.16097  27   1.013E+05 -2.362E-07 -4.864E-06  2.954E+02  2.966E+02
   0.01417   2    0.16728  28   1.013E+05 -2.274E-07  3.199E-06  2.946E+02  2.954E+02
   0.01417   2    0.17359  29   1.013E+05 -2.014E-07  5.336E-06  2.942E+02  2.946E+02
   0.01417   2    0.17991  30   1.013E+05 -1.832E-07  3.466E-06  2.940E+02  2.942E+02
   0.01417   2    0.18622  31   1.013E+05 -1.649E-07  2.910E-06  2.939E+02  2.940E+02
   0.01417   2    0.19253  32   1.013E+05 -1.475E-07  2.456E-06  2.938E+02  2.938E+02
   0.01417   2    0.19884  33   1.013E+05 -1.304E-07  2.153E-06  2.937E+02  2.937E+02
   0.01417   2    0.20516  34   1.013E+05 -1.136E-07  1.917E-06  2.936E+02  2.936E+02
   0.01417   2    0.21147  35   1.013E+05 -9.675E-08  1.722E-06  2.935E+02  2.935E+02
   0.01417   2    0.21778  36   1.013E+05 -7.918E-08  1.552E-06  2.935E+02  2.935E+02
   0.01417   2    0.22409  37   1.013E+05 -5.992E-08  1.396E-06  2.934E+02  2.934E+02
   0.01417   2    0.23041  38   1.013E+05 -3.753E-08  1.273E-06  2.934E+02  2.934E+02
   0.01417   2    0.23672  39   1.013E+05 -9.073E-09  1.023E-06  2.933E+02  2.933E+02
   0.01417   2    0.24303  40   1.013E+05  2.669E-08  1.583E-06  2.933E+02  2.933E+02
   0.01417   2    0.24934  41   1.013E+05  8.378E-08 -2.811E-06  2.933E+02  2.933E+02
   0.01417   2    0.25566  42   1.013E+05  1.518E-07 -1.468E-05  2.932E+02  2.932E+02
   0.01417   2    0.26197  43   1.013E+05  1.610E-07 -1.466E-05  2.932E+02  2.932E+02
   0.01417   2    0.26828  44   1.013E+05  1.053E-07 -2.950E-06  2.932E+02  2.932E+02
   0.01417   2    0.27459  45   1.013E+05  5.952E-08  1.185E-06  2.932E+02  2.932E+02
   0.01417   2    0.28091  46   1.013E+05  3.443E-08  4.435E-07  2.931E+02  2.932E+02
   0.01417   2    0.28722  47   1.013E+05  1.686E-08  5.058E-07  2.931E+02  2.931E+02
   0.01417   2    0.29353  48   1.013E+05  5.891E-09  4.453E-07  2.931E+02  2.931E+02
   0.01417   2    0.29984  49   1.013E+05 -1.093E-09  4.090E-07  2.931E+02  2.931E+02
   0.01417   2    0.30616  50   1.013E+05 -5.346E-09  3.734E-07  2.931E+02  2.931E+02
   0.01417   2    0.31247  51   1.013E+05 -7.824E-09  3.416E-07  2.931E+02  2.931E+02
   0.01417   2    0.31878  52   1.013E+05 -9.139E-09  3.126E-07  2.931E+02  2.931E+02
   0.01417   2    0.32509  53   1.013E+05 -9.702E-09  2.863E-07  2.931E+02  2.931E+02
   0.01417   2    0.33141  54   1.013E+05 -9.784E-09  2.621E-07  2.931E+02  2.931E+02
   0.01417   2    0.33772  55   1.013E+05 -9.567E-09  2.401E-07  2.931E+02  2.931E+02
   0.01417   2    0.34403  56   1.013E+05 -9.167E-09  2.198E-07  2.930E+02  2.930E+02
   0.01417   2    0.35034  57   1.013E+05 -8.664E-09  2.012E-07  2.930E+02  2.930E+02
   0.01417   2    0.35666  58   1.013E+05 -8.107E-09  1.841E-07  2.930E+02  2.930E+02
   0.01417   2    0.36297  59   1.013E+05 -7.530E-09  1.684E-07  2.930E+02  2.930E+02
   0.01417   2    0.36928  60   1.013E+05 -6.954E-09  1.540E-07  2.930E+02  2.930E+02
   0.01417   2    0.37559  61   1.013E+05 -6.393E-09  1.408E-07  2.930E+02  2.930E+02
   0.01417   2    0.38191  62   1.013E+05 -5.855E-09  1.288E-07  2.930E+02  2.930E+02
   0.01417   2    0.38822  63   1.013E+05 -5.347E-09  1.177E-07  2.930E+02  2.930E+02
   0.01417   2    0.39453  64   1.013E+05 -4.870E-09  1.076E-07  2.930E+02  2.930E+02
   0.01417   2    0.40084  65   1.013E+05 -4.427E-09  9.843E-08  2.930E+02  2.930E+02
   0.01417   2    0.40716  66   1.013E+05 -4.017E-09  9.009E-08  2.930E+02  2.930E+02
   0.01417   2    0.41347  67   1.013E+05 -3.638E-09  8.253E-08  2.930E+02  2.930E+02
   0.01417   2    0.41978  68   1.013E+05 -3.287E-09  7.570E-08  2.930E+02  2.930E+02
   0.01417   2    0.42609  69   1.013E+05 -2.962E-09  6.954E-08  2.930E+02  2.930E+02
   0.01417   2    0.43241  70   1.013E+05 -2.660E-09  6.399E-08  2.930E+02  2.930E+02
   0.01417   2    0.43872  71   1.013E+05 -2.379E-09  5.898E-08  2.930E+02  2.930E+02
   0.01417   2    0.44503  72   1.013E+05 -2.114E-09  5.445E-08  2.930E+02  2.930E+02
   0.01417   2    0.45134  73   1.013E+05 -1.866E-09  5.033E-08  2.930E+02  2.930E+02
   0.01417   2    0.45766  74   1.013E+05 -1.632E-09  4.656E-08  2.930E+02  2.930E+02
   0.01417   2    0.46397  75   1.013E+05 -1.410E-09  4.309E-08  2.930E+02  2.930E+02
   0.01417   2    0.47028  76   1.013E+05 -1.199E-09  3.989E-08  2.930E+02  2.930E+02
   0.01417   2    0.47659  77   1.013E+05 -9.977E-10  3.694E-08  2.930E+02  2.930E+02
   0.01417   2    0.48291  78   1.013E+05 -8.030E-10  3.404E-08  2.930E+02  2.930E+02
   0.01417   2    0.48922  79   1.013E+05 -6.165E-10  3.225E-08  2.930E+02  2.930E+02
   0.01417   2    0.49553  80   1.013E+05 -4.188E-10  2.500E-08  2.930E+02  2.930E+02
   0.01417   2    0.50184  81   1.013E+05 -3.099E-10  5.033E-08  2.930E+02  2.930E+02
   0.01417   2    0.50500  82   1.013E+05 -3.099E-10  5.033E-08  2.930E+02  2.930E+02
   0.04252   3    0.00000   1   1.013E+05  0.000E+00  0.000E+00  2.930E+02  2.934E+02
   0.04252   3    0.00316   2   1.013E+05  9.394E-07  1.780E-06  2.932E+02  2.934E+02
   0.04252   3    0.00947   3   1.013E+05  9.629E-07  1.508E-06  2.935E+02  2.936E+02
   0.04252   3    0.01578   4   1.013E+05  1.018E-06  2.962E-06  2.937E+02  2.938E+02
   0.04252   3    0.02209   5   1.013E+05  1.090E-06 -6.879E-07  2.939E+02  2.940E+02
   0.04252   3    0.02841   6   1.013E+05  1.237E-06 -1.134E-05  2.942E+02  2.943E+02
   0.04252   3    0.03472   7   1.013E+05  1.440E-06 -9.560E-06  2.944E+02  2.948E+02
   0.04252   3    0.04103   8   1.013E+05  1.731E-06  5.044E-06  2.949E+02  2.954E+02
   0.04252   3    0.04734   9   1.013E+05  2.066E-06  1.010E-05  2.956E+02  2.968E+02
   0.04252   3    0.05366  10   1.013E+05  2.397E-06  3.066E-06  2.971E+02  2.993E+02
   0.04252   3    0.05997  11   1.013E+05  2.701E-06  7.352E-07  3.000E+02  3.034E+02
   0.04252   3    0.06628  12   1.013E+05  2.871E-06  1.511E-05  3.055E+02  3.100E+02
   0.04252   3    0.07259  13   1.013E+05  2.439E-06  2.024E-05  3.155E+02  3.221E+02
   0.04252   3    0.07891  14   1.013E+05  1.493E-06  1.157E-05  3.330E+02  3.430E+02
   0.04252   3    0.08522  15   1.013E+05  5.291E-07  2.681E-07  3.616E+02  3.778E+02
   0.04252   3    0.09153  16   1.013E+05 -1.509E-06 -1.560E-05  4.058E+02  4.322E+02
   0.04252   3    0.09784  17   1.013E+05 -2.161E-06 -1.406E-04  4.701E+02  5.092E+02
   0.04252   3    0.10416  18   1.013E+05 -2.072E-06  6.409E-04  5.500E+02  6.967E+02
   0.04252   3    0.11047  19   1.013E+05 -2.724E-06 -1.285E-04  4.695E+02  5.087E+02
   0.04252   3    0.11678  20   1.013E+05 -1.694E-06  9.352E-06  4.048E+02  4.301E+02
   0.04252   3    0.12309  21   1.013E+05 -2.487E-06  1.447E-05  3.604E+02  3.793E+02
   0.04252   3    0.12941  22   1.013E+05 -2.403E-06  1.561E-05  3.320E+02  3.458E+02
   0.04252   3    0.13572  23   1.013E+05 -1.705E-07  9.307E-06  3.149E+02  3.233E+02
   0.04252   3    0.14203  24   1.013E+05 -8.572E-07  3.328E-06  3.051E+02  3.104E+02
   0.04252   3    0.14834  25   1.013E+05 -1.434E-06  6.581E-06  2.998E+02  3.035E+02
   0.04252   3    0.15466  26   1.013E+05 -8.304E-07 -3.373E-07  2.970E+02  2.993E+02
   0.04252   3    0.16097  27   1.013E+05 -7.425E-07 -4.436E-06  2.955E+02  2.968E+02
   0.04252   3    0.16728  28   1.013E+05 -6.373E-07  3.466E-06  2.947E+02  2.955E+02
   0.04252   3    0.17359  29   1.013E+05 -5.475E-07  5.769E-06  2.943E+02  2.947E+02
   0.04252   3    0.17991  30   1.013E+05 -4.800E-07  3.891E-06  2.941E+02  2.943E+02
   0.04252   3    0.18622  31   1.013E+05 -4.233E-07  3.325E-06  2.939E+02  2.940E+02
   0.04252   3    0.19253  32   1.013E+05 -3.755E-07  2.840E-06  2.938E+02  2.939E+02
   0.04252   3    0.19884  33   1.013E+05 -3.341E-07  2.504E-06  2.937E+02  2.937E+02
   0.04252   3    0.20516  34   1.013E+05 -2.981E-07  2.236E-06  2.936E+02  2.937E+02
   0.04252   3    0.21147  35   1.013E+05 -2.668E-07  2.017E-06  2.936E+02  2.936E+02
   0.04252   3    0.21778  36   1.013E+05 -2.397E-07  1.835E-06  2.935E+02  2.935E+02
   0.04252   3    0.22409  37   1.013E+05 -2.165E-07  1.681E-06  2.934E+02  2.935E+02
   0.04252   3    0.23041  38   1.013E+05 -1.959E-07  1.583E-06  2.934E+02  2.934E+02
   0.04252   3    0.23672  39   1.013E+05 -1.843E-07  1.380E-06  2.933E+02  2.934E+02
   0.04252   3    0.24303  40   1.013E+05 -1.401E-07  2.059E-06  2.933E+02  2.933E+02
   0.04252   3    0.24934  41   1.013E+05 -3.143E-07 -2.200E-06  2.933E+02  2.933E+02
   0.04252   3    0.25566  42   1.013E+05  8.273E-07 -1.429E-05  2.932E+02  2.932E+02
   0.04252   3    0.26197  43   1.013E+05  2.311E-06 -1.483E-05  2.932E+02  2.932E+02
   0.04252   3    0.26828  44   1.013E+05  7.886E-07 -3.370E-06  2.932E+02  2.932E+02
   0.04252   3    0.27459  45   1.013E+05 -3.189E-07  8.985E-07  2.932E+02  2.932E+02
   0.04252   3    0.28091  46   1.013E+05 -9.806E-08  2.806E-07  2.932E+02  2.932E+02
   0.04252   3    0.28722  47   1.013E+05 -1.083E-07  4.047E-07  2.931E+02  2.931E+02
   0.04252   3    0.29353  48   1.013E+05 -8.565E-08  3.908E-07  2.931E+02  2.931E+02
   0.04252   3    0.29984  49   1.013E+05 -7.310E-08  3.827E-07  2.931E+02  2.931E+02
   0.04252   3    0.30616  50   1.013E+05 -6.234E-08  3.652E-07  2.931E+02  2.931E+02
   0.04252   3    0.31247  51   1.013E+05 -5.390E-08  3.445E-07  2.931E+02  2.931E+02
   0.04252   3    0.31878  52   1.013E+05 -4.707E-08  3.221E-07  2.931E+02  2.931E+02
   0.04252   3    0.32509  53   1.013E+05 -4.147E-08  2.994E-07  2.931E+02  2.931E+02
   0.04252   3    0.33141  54   1.013E+05 -3.683E-08  2.771E-07  2.931E+02  2.931E+02
   0.04252   3    0.33772  55   1.013E+05 -3.292E-08  2.556E-07  2.931E+02  2.931E+02
   0.04252   3    0.34403  56   1.013E+05 -2.957E-08  2.352E-07  2.930E+02  2.931E+02
   0.04252   3    0.35034  57   1.013E+05 -2.666E-08  2.160E-07  2.930E+02  2.930E+02
   0.04252   3    0.35666  58   1.013E+05 -2.409E-08  1.981E-07  2.930E+02  2.930E+02
   0.04252   3    0.36297  59   1.013E+05 -2.180E-08  1.814E-07  2.930E+02  2.930E+02
   0.04252   3    0.36928  60   1.013E+05 -1.974E-08  1.660E-07  2.930E+02  2.930E+02
   0.04252   3    0.37559  61   1.013E+05 -1.787E-08  1.518E-07  2.930E+02  2.930E+02
   0.04252   3    0.38191  62   1.013E+05 -1.617E-08  1.387E-07  2.930E+02  2.930E+02
   0.04252   3    0.38822  63   1.013E+05 -1.462E-08  1.267E-07  2.930E+02  2.930E+02
   0.04252   3    0.39453  64   1.013E+05 -1.321E-08  1.158E-07  2.930E+02  2.930E+02
   0.04252   3    0.40084  65   1.013E+05 -1.194E-08  1.058E-07  2.930E+02  2.930E+02
   0.04252   3    0.40716  66   1.013E+05 -1.078E-08  9.664E-08  2.930E+02  2.930E+02
   0.04252   3    0.41347  67   1.013E+05 -9.730E-09  8.837E-08  2.930E+02  2.930E+02
   0.04252   3    0.41978  68   1.013E+05 -8.777E-09  8.089E-08  2.930E+02  2.930E+02
   0.04252   3    0.42609  69   1.013E+05 -7.907E-09  7.414E-08  2.930E+02  2.930E+02
   0.04252   3    0.43241  70   1.013E+05 -7.107E-09  6.807E-08  2.930E+02  2.930E+02
   0.04252   3    0.43872  71   1.013E+05 -6.367E-09  6.260E-08  2.930E+02  2.930E+02
   0.04252   3    0.44503  72   1.013E+05 -5.675E-09  5.767E-08  2.930E+02  2.930E+02
   0.04252   3    0.45134  73   1.013E+05 -5.024E-09  5.322E-08  2.930E+02  2.930E+02
   0.04252   3    0.45766  74   1.013E+05 -4.408E-09  4.917E-08  2.930E+02  2.930E+02
   0.04252   3    0.46397  75   1.013E+05 -3.820E-09  4.548E-08  2.930E+02  2.930E+02
   0.04252   3    0.47028  76   1.013E+05 -3.256E-09  4.209E-08  2.930E+02  2.930E+02
   0.04252   3    0.47659  77   1.013E+05 -2.712E-09  3.900E-08  2.930E+02  2.930E+02
   0.04252   3    0.48291  78   1.013E+05 -2.184E-09  3.596E-08  2.930E+02  2.930E+02
   0.04252   3    0.48922  79   1.013E+05 -1.676E-09  3.414E-08  2.930E+02  2.930E+02
   0.04252   3    0.49553  80   1.013E+05 -1.137E-09  2.649E-08  2.930E+02  2.930E+02
   0.04252   3    0.50184  81   1.013E+05 -8.417E-10  5.364E-08  2.930E+02  2.930E+02
   0.04252   3    0.50500  82   1.013E+05 -8.417E-10  5.364E-08  2.930E+02  2.930E+02
   0.07087   4    0.00000   1   1.013E+05  0.000E+00  0.000E+00  2.930E+02  2.934E+02
   0.07087   4    0.00316   2   1.013E+05  9.301E-07  1.820E-06  2.932E+02  2.934E+02
   0.07087   4    0.00947   3   1.013E+05  9.381E-07  1.656E-06  2.934E+02  2.935E+02
   0.07087   4    0.01578   4   1.013E+05  9.557E-07  3.226E-06  2.937E+02  2.938E+02
   0.07087   4    0.02209   5   1.013E+05  9.764E-07 -2.750E-07  2.939E+02  2.940E+02
   0.07087   4    0.02841   6   1.013E+05  1.023E-06 -1.072E-05  2.941E+02  2.943E+02
   0.07087   4    0.03472   7   1.013E+05  1.022E-06 -8.634E-06  2.944E+02  2.948E+02
   0.07087   4    0.04103   8   1.013E+05  1.038E-06  6.286E-06  2.948E+02  2.955E+02
   0.07087   4    0.04734   9   1.013E+05  1.037E-06  1.186E-05  2.956E+02  2.969E+02
   0.07087   4    0.05366  10   1.013E+05  1.024E-06  5.801E-06  2.971E+02  2.997E+02
   0.07087   4    0.05997  11   1.013E+05  9.303E-07  4.616E-06  3.000E+02  3.039E+02
   0.07087   4    0.06628  12   1.013E+05  6.744E-07  2.244E-05  3.055E+02  3.115E+02
   0.07087   4    0.07259  13   1.013E+05  3.730E-07  3.292E-05  3.155E+02  3.245E+02
   0.07087   4    0.07891  14   1.013E+05  1.222E-07  2.199E-05  3.329E+02  3.450E+02
   0.07087   4    0.08522  15   1.013E+05 -3.230E-07  2.089E-05  3.615E+02  3.770E+02
   0.07087   4    0.09153  16   1.013E+05 -7.216E-07  2.370E-05  4.057E+02  4.294E+02
   0.07087   4    0.09784  17   1.013E+05 -1.164E-06 -1.313E-04  4.701E+02  5.079E+02
   0.07087   4    0.10416  18   1.013E+05 -2.289E-07  6.482E-04  5.500E+02  6.969E+02
   0.07087   4    0.11047  19   1.013E+05  1.163E-06 -1.204E-04  4.695E+02  5.089E+02
   0.07087   4    0.11678  20   1.013E+05  6.010E-07  3.052E-05  4.047E+02  4.313E+02
   0.07087   4    0.12309  21   1.013E+05  8.183E-07  3.362E-05  3.604E+02  3.780E+02
   0.07087   4    0.12941  22   1.013E+05  1.010E-06  3.156E-05  3.319E+02  3.467E+02
   0.07087   4    0.13572  23   1.013E+05  8.672E-08  1.791E-05  3.148E+02  3.261E+02
   0.07087   4    0.14203  24   1.013E+05 -4.276E-07  1.002E-05  3.051E+02  3.118E+02
   0.07087   4    0.14834  25   1.013E+05 -6.561E-07  5.852E-06  2.998E+02  3.041E+02
   0.07087   4    0.15466  26   1.013E+05 -7.147E-07  1.885E-06  2.970E+02  2.995E+02
   0.07087   4    0.16097  27   1.013E+05 -6.854E-07 -3.504E-06  2.955E+02  2.969E+02
   0.07087   4    0.16728  28   1.013E+05 -6.387E-07  4.304E-06  2.948E+02  2.955E+02
   0.07087   4    0.17359  29   1.013E+05 -5.856E-07  6.374E-06  2.943E+02  2.947E+02
   0.07087   4    0.17991  30   1.013E+05 -5.306E-07  4.355E-06  2.941E+02  2.943E+02
   0.07087   4    0.18622  31   1.013E+05 -4.779E-07  3.682E-06  2.939E+02  2.940E+02
   0.07087   4    0.19253  32   1.013E+05 -4.293E-07  3.116E-06  2.938E+02  2.939E+02
   0.07087   4    0.19884  33   1.013E+05 -3.854E-07  2.716E-06  2.937E+02  2.937E+02
   0.07087   4    0.20516  34   1.013E+05 -3.464E-07  2.393E-06  2.936E+02  2.937E+02
   0.07087   4    0.21147  35   1.013E+05 -3.124E-07  2.123E-06  2.936E+02  2.936E+02
   0.07087   4    0.21778  36   1.013E+05 -2.833E-07  1.887E-06  2.935E+02  2.935E+02
   0.07087   4    0.22409  37   1.013E+05 -2.594E-07  1.677E-06  2.934E+02  2.934E+02
   0.07087   4    0.23041  38   1.013E+05 -2.397E-07  1.482E-06  2.934E+02  2.934E+02
   0.07087   4    0.23672  39   1.013E+05 -2.323E-07  1.321E-06  2.933E+02  2.934E+02
   0.07087   4    0.24303  40   1.013E+05 -1.940E-07  1.035E-06  2.933E+02  2.933E+02
   0.07087   4    0.24934  41   1.013E+05 -3.900E-07  1.560E-06  2.933E+02  2.933E+02
   0.07087   4    0.25566  42   1.013E+05  7.433E-07 -2.867E-06  2.932E+02  2.932E+02
   0.07087   4    0.26197  43   1.013E+05  2.266E-06 -1.482E-05  2.932E+02  2.932E+02
   0.07087   4    0.26828  44   1.013E+05  8.504E-07 -1.475E-05  2.932E+02  2.932E+02
   0.07087   4    0.27459  45   1.013E+05 -2.883E-07 -2.794E-06  2.932E+02  2.932E+02
   0.07087   4    0.28091  46   1.013E+05 -8.577E-08  1.390E-06  2.931E+02  2.932E+02
   0.07087   4    0.28722  47   1.013E+05 -1.049E-07  5.660E-07  2.931E+02  2.931E+02
   0.07087   4    0.29353  48   1.013E+05 -8.819E-08  6.123E-07  2.931E+02  2.931E+02
   0.07087   4    0.29984  49   1.013E+05 -7.890E-08  5.282E-07  2.931E+02  2.931E+02
   0.07087   4    0.30616  50   1.013E+05 -6.998E-08  4.772E-07  2.931E+02  2.931E+02
   0.07087   4    0.31247  51   1.013E+05 -6.241E-08  4.297E-07  2.931E+02  2.931E+02
   0.07087   4    0.31878  52   1.013E+05 -5.588E-08  3.886E-07  2.931E+02  2.931E+02
   0.07087   4    0.32509  53   1.013E+05 -5.027E-08  3.521E-07  2.931E+02  2.931E+02
   0.07087   4    0.33141  54   1.013E+05 -4.544E-08  3.195E-07  2.931E+02  2.931E+02
   0.07087   4    0.33772  55   1.013E+05 -4.124E-08  2.901E-07  2.931E+02  2.931E+02
   0.07087   4    0.34403  56   1.013E+05 -3.754E-08  2.635E-07  2.931E+02  2.931E+02
   0.07087   4    0.35034  57   1.013E+05 -3.424E-08  2.393E-07  2.930E+02  2.930E+02
   0.07087   4    0.35666  58   1.013E+05 -3.126E-08  2.173E-07  2.930E+02  2.930E+02
   0.07087   4    0.36297  59   1.013E+05 -2.854E-08  1.973E-07  2.930E+02  2.930E+02
   0.07087   4    0.36928  60   1.013E+05 -2.605E-08  1.792E-07  2.930E+02  2.930E+02
   0.07087   4    0.37559  61   1.013E+05 -2.375E-08  1.628E-07  2.930E+02  2.930E+02
   0.07087   4    0.38191  62   1.013E+05 -2.163E-08  1.480E-07  2.930E+02  2.930E+02
   0.07087   4    0.38822  63   1.013E+05 -1.969E-08  1.347E-07  2.930E+02  2.930E+02
   0.07087   4    0.39453  64   1.013E+05 -1.790E-08  1.227E-07  2.930E+02  2.930E+02
   0.07087   4    0.40084  65   1.013E+05 -1.627E-08  1.120E-07  2.930E+02  2.930E+02
   0.07087   4    0.40716  66   1.013E+05 -1.478E-08  1.023E-07  2.930E+02  2.930E+02
   0.07087   4    0.41347  67   1.013E+05 -1.342E-08  9.370E-08  2.930E+02  2.930E+02
   0.07087   4    0.41978  68   1.013E+05 -1.217E-08  8.595E-08  2.930E+02  2.930E+02
   0.07087   4    0.42609  69   1.013E+05 -1.102E-08  7.898E-08  2.930E+02  2.930E+02
   0.07087   4    0.43241  70   1.013E+05 -9.952E-09  7.270E-08  2.930E+02  2.930E+02
   0.07087   4    0.43872  71   1.013E+05 -8.953E-09  6.703E-08  2.930E+02  2.930E+02
   0.07087   4    0.44503  72   1.013E+05 -8.009E-09  6.190E-08  2.930E+02  2.930E+02
   0.07087   4    0.45134  73   1.013E+05 -7.112E-09  5.723E-08  2.930E+02  2.930E+02
   0.07087   4    0.45766  74   1.013E+05 -6.253E-09  5.297E-08  2.930E+02  2.930E+02
   0.07087   4    0.46397  75   1.013E+05 -5.427E-09  4.908E-08  2.930E+02  2.930E+02
   0.07087   4    0.47028  76   1.013E+05 -4.628E-09  4.550E-08  2.930E+02  2.930E+02
   0.07087   4    0.47659  77   1.013E+05 -3.854E-09  4.225E-08  2.930E+02  2.930E+02
   0.07087   4    0.48291  78   1.013E+05 -3.101E-09  3.906E-08  2.930E+02  2.930E+02
   0.07087   4    0.48922  79   1.013E+05 -2.376E-09  3.722E-08  2.930E+02  2.930E+02
   0.07087   4    0.49553  80   1.013E+05 -1.609E-09  2.892E-08  2.930E+02  2.930E+02
   0.07087   4    0.50184  81   1.013E+05 -1.190E-09  5.929E-08  2.930E+02  2.930E+02
   0.07087   4    0.50500  82   1.013E+05 -1.190E-09  5.929E-08  2.930E+02  2.930E+02
   0.09922   5    0.00000   1   1.013E+05  0.000E+00  0.000E+00  2.930E+02  2.934E+02
   0.09922   5    0.00316   2   1.013E+05  7.564E-07  1.829E-06  2.932E+02  2.934E+02
   0.09922   5    0.00947   3   1.013E+05  7.434E-07  1.637E-06  2.935E+02  2.936E+02
   0.09922   5    0.01578   4   1.013E+05  7.193E-07  3.158E-06  2.937E+02  2.938E+02
   0.09922   5    0.02209   5   1.013E+05  6.707E-07 -3.470E-07  2.939E+02  2.940E+02
   0.09922   5    0.02841   6   1.013E+05  5.974E-07 -1.106E-05  2.942E+02  2.943E+02
   0.09922   5    0.03472   7   1.013E+05  6.087E-07 -9.377E-06  2.944E+02  2.948E+02
   0.09922   5    0.04103   8   1.013E+05  5.764E-07  5.265E-06  2.949E+02  2.955E+02
   0.09922   5    0.04734   9   1.013E+05  4.736E-07  1.026E-05  2.957E+02  2.968E+02
   0.09922   5    0.05366  10   1.013E+05  2.822E-07  2.940E-06  2.971E+02  2.994E+02
   0.09922   5    0.05997  11   1.013E+05 -3.964E-08  1.256E-06  3.000E+02  3.036E+02
   0.09922   5    0.06628  12   1.013E+05 -4.795E-07  1.787E-05  3.056E+02  3.103E+02
   0.09922   5    0.07259  13   1.013E+05 -6.035E-07  1.868E-05  3.156E+02  3.226E+02
   0.09922   5    0.07891  14   1.013E+05 -9.499E-07  1.199E-05  3.330E+02  3.438E+02
   0.09922   5    0.08522  15   1.013E+05 -1.385E-06  6.280E-07  3.616E+02  3.774E+02
   0.09922   5    0.09153  16   1.013E+05 -4.618E-07 -1.659E-05  4.058E+02  4.306E+02
   0.09922   5    0.09784  17   1.013E+05 -2.128E-07 -1.392E-04  4.701E+02  5.089E+02
   0.09922   5    0.10416  18   1.013E+05  1.410E-07  6.499E-04  5.500E+02  6.965E+02
   0.09922   5    0.11047  19   1.013E+05  9.879E-07 -1.331E-04  4.694E+02  5.085E+02
   0.09922   5    0.11678  20   1.013E+05  4.820E-07 -2.276E-05  4.049E+02  4.272E+02
   0.09922   5    0.12309  21   1.013E+05  1.330E-06  4.157E-07  3.605E+02  3.734E+02
   0.09922   5    0.12941  22   1.013E+05  1.983E-06  2.675E-05  3.320E+02  3.418E+02
   0.09922   5    0.13572  23   1.013E+05  1.203E-06  1.768E-05  3.148E+02  3.219E+02
   0.09922   5    0.14203  24   1.013E+05  5.170E-07  6.675E-06  3.051E+02  3.096E+02
   0.09922   5    0.14834  25   1.013E+05 -1.893E-07  8.909E-06  2.998E+02  3.028E+02
   0.09922   5    0.15466  26   1.013E+05 -5.956E-07  7.113E-07  2.970E+02  2.992E+02
   0.09922   5    0.16097  27   1.013E+05 -6.033E-07 -3.641E-06  2.955E+02  2.968E+02
   0.09922   5    0.16728  28   1.013E+05 -5.862E-07  4.175E-06  2.947E+02  2.955E+02
   0.09922   5    0.17359  29   1.013E+05 -5.385E-07  6.366E-06  2.943E+02  2.947E+02
   0.09922   5    0.17991  30   1.013E+05 -4.837E-07  4.422E-06  2.941E+02  2.943E+02
   0.09922   5    0.18622  31   1.013E+05 -4.304E-07  3.799E-06  2.939E+02  2.940E+02
   0.09922   5    0.19253  32   1.013E+05 -3.819E-07  3.264E-06  2.938E+02  2.939E+02
   0.09922   5    0.19884  33   1.013E+05 -3.392E-07  2.881E-06  2.937E+02  2.937E+02
   0.09922   5    0.20516  34   1.013E+05 -3.026E-07  2.567E-06  2.936E+02  2.937E+02
   0.09922   5    0.21147  35   1.013E+05 -2.718E-07  2.302E-06  2.936E+02  2.936E+02
   0.09922   5    0.21778  36   1.013E+05 -2.468E-07  2.073E-06  2.935E+02  2.935E+02
   0.09922   5    0.22409  37   1.013E+05 -2.275E-07  1.874E-06  2.934E+02  2.934E+02
   0.09922   5    0.23041  38   1.013E+05 -2.144E-07  1.699E-06  2.934E+02  2.934E+02
   0.09922   5    0.23672  39   1.013E+05 -2.075E-07  1.577E-06  2.933E+02  2.934E+02
   0.09922   5    0.24303  40   1.013E+05 -2.142E-07  1.339E-06  2.933E+02  2.933E+02
   0.09922   5    0.24934  41   1.013E+05 -1.983E-07  1.996E-06  2.933E+02  2.933E+02
   0.09922   5    0.25566  42   1.013E+05 -4.033E-07 -2.377E-06  2.932E+02  2.932E+02
   0.09922   5    0.26197  43   1.013E+05  6.525E-07 -1.437E-05  2.932E+02  2.932E+02
   0.09922   5    0.26828  44   1.013E+05  2.129E-06 -1.487E-05  2.932E+02  2.932E+02
   0.09922   5    0.27459  45   1.013E+05  6.611E-07 -3.341E-06  2.932E+02  2.932E+02
   0.09922   5    0.28091  46   1.013E+05 -4.017E-07  1.063E-06  2.931E+02  2.931E+02
   0.09922   5    0.28722  47   1.013E+05 -1.566E-07  3.529E-07  2.931E+02  2.931E+02
   0.09922   5    0.29353  48   1.013E+05 -1.495E-07  4.720E-07  2.931E+02  2.931E+02
   0.09922   5    0.29984  49   1.013E+05 -1.157E-07  4.393E-07  2.931E+02  2.931E+02
   0.09922   5    0.30616  50   1.013E+05 -9.562E-08  4.209E-07  2.931E+02  2.931E+02
   0.09922   5    0.31247  51   1.013E+05 -7.987E-08  3.956E-07  2.931E+02  2.931E+02
   0.09922   5    0.31878  52   1.013E+05 -6.808E-08  3.695E-07  2.931E+02  2.931E+02
   0.09922   5    0.32509  53   1.013E+05 -5.897E-08  3.430E-07  2.931E+02  2.931E+02
   0.09922   5    0.33141  54   1.013E+05 -5.181E-08  3.170E-07  2.931E+02  2.931E+02
   0.09922   5    0.33772  55   1.013E+05 -4.605E-08  2.919E-07  2.931E+02  2.931E+02
   0.09922   5    0.34403  56   1.013E+05 -4.130E-08  2.678E-07  2.930E+02  2.931E+02
   0.09922   5    0.35034  57   1.013E+05 -3.731E-08  2.450E-07  2.930E+02  2.930E+02
   0.09922   5    0.35666  58   1.013E+05 -3.386E-08  2.237E-07  2.930E+02  2.930E+02
   0.09922   5    0.36297  59   1.013E+05 -3.084E-08  2.039E-07  2.930E+02  2.930E+02
   0.09922   5    0.36928  60   1.013E+05 -2.815E-08  1.857E-07  2.930E+02  2.930E+02
   0.09922   5    0.37559  61   1.013E+05 -2.574E-08  1.692E-07  2.930E+02  2.930E+02
   0.09922   5    0.38191  62   1.013E+05 -2.356E-08  1.543E-07  2.930E+02  2.930E+02
   0.09922   5    0.38822  63   1.013E+05 -2.157E-08  1.409E-07  2.930E+02  2.930E+02
   0.09922   5    0.39453  64   1.013E+05 -1.976E-08  1.289E-07  2.930E+02  2.930E+02
   0.09922   5    0.40084  65   1.013E+05 -1.809E-08  1.181E-07  2.930E+02  2.930E+02
   0.09922   5    0.40716  66   1.013E+05 -1.655E-08  1.084E-07  2.930E+02  2.930E+02
   0.09922   5    0.41347  67   1.013E+05 -1.513E-08  9.962E-08  2.930E+02  2.930E+02
   0.09922   5    0.41978  68   1.013E+05 -1.380E-08  9.171E-08  2.930E+02  2.930E+02
   0.09922   5    0.42609  69   1.013E+05 -1.255E-08  8.454E-08  2.930E+02  2.930E+02
   0.09922   5    0.43241  70   1.013E+05 -1.137E-08  7.802E-08  2.930E+02  2.930E+02
   0.09922   5    0.43872  71   1.013E+05 -1.025E-08  7.208E-08  2.930E+02  2.930E+02
   0.09922   5    0.44503  72   1.013E+05 -9.178E-09  6.667E-08  2.930E+02  2.930E+02
   0.09922   5    0.45134  73   1.013E+05 -8.154E-09  6.174E-08  2.930E+02  2.930E+02
   0.09922   5    0.45766  74   1.013E+05 -7.169E-09  5.723E-08  2.930E+02  2.930E+02
   0.09922   5    0.46397  75   1.013E+05 -6.218E-09  5.312E-08  2.930E+02  2.930E+02
   0.09922   5    0.47028  76   1.013E+05 -5.299E-09  4.936E-08  2.930E+02  2.930E+02
   0.09922   5    0.47659  77   1.013E+05 -4.409E-09  4.597E-08  2.930E+02  2.930E+02
   0.09922   5    0.48291  78   1.013E+05 -3.544E-09  4.265E-08  2.930E+02  2.930E+02
   0.09922   5    0.48922  79   1.013E+05 -2.713E-09  4.087E-08  2.930E+02  2.930E+02
   0.09922   5    0.49553  80   1.013E+05 -1.835E-09  3.183E-08  2.930E+02  2.930E+02
   0.09922   5    0.50184  81   1.013E+05 -1.358E-09  6.623E-08  2.930E+02  2.930E+02
   0.09922   5    0.50500  82   1.013E+05 -1.358E-09  6.623E-08  2.930E+02  2.930E+02
   0.12757   6    0.00000   1   1.013E+05  0.000E+00  0.000E+00  2.930E+02  2.934E+02
   0.12757   6    0.00316   2   1.013E+05  7.717E-07  1.827E-06  2.932E+02  2.934E+02
   0.12757   6    0.00947   3   1.013E+05  7.572E-07  1.587E-06  2.935E+02  2.936E+02
   0.12757   6    0.01578   4   1.013E+05  9.874E-07  3.050E-06  2.937E+02  2.938E+02
   0.12757   6    0.02209   5   1.013E+05 -1.082E-07 -6.115E-07  2.940E+02  2.940E+02
   0.12757   6    0.02841   6   1.013E+05 -1.559E-06 -1.073E-05  2.942E+02  2.943E+02
   0.12757   6    0.03472   7   1.013E+05 -1.079E-07 -8.454E-06  2.945E+02  2.948E+02
   0.12757   6    0.04103   8   1.013E+05  9.805E-07  6.152E-06  2.949E+02  2.955E+02
   0.12757   6    0.04734   9   1.013E+05  7.277E-07  1.130E-05  2.957E+02  2.968E+02
   0.12757   6    0.05366  10   1.013E+05  7.143E-07  4.773E-06  2.972E+02  2.993E+02
   0.12757   6    0.05997  11   1.013E+05  6.753E-07  3.025E-06  3.001E+02  3.036E+02
   0.12757   6    0.06628  12   1.013E+05  8.570E-07  1.908E-05  3.056E+02  3.100E+02
   0.12757   6    0.07259  13   1.013E+05  1.305E-06  1.952E-05  3.156E+02  3.221E+02
   0.12757   6    0.07891  14   1.013E+05  1.663E-06  1.599E-05  3.330E+02  3.422E+02
   0.12757   6    0.08522  15   1.013E+05  1.449E-06  1.210E-06  3.617E+02  3.753E+02
   0.12757   6    0.09153  16   1.013E+05  3.664E-07 -1.448E-05  4.058E+02  4.295E+02
   0.12757   6    0.09784  17   1.013E+05 -8.104E-09 -1.387E-04  4.701E+02  5.082E+02
   0.12757   6    0.10416  18   1.013E+05 -6.744E-07  6.504E-04  5.499E+02  6.965E+02
   0.12757   6    0.11047  19   1.013E+05 -1.671E-06 -1.324E-04  4.694E+02  5.085E+02
   0.12757   6    0.11678  20   1.013E+05 -1.093E-06 -2.150E-05  4.049E+02  4.260E+02
   0.12757   6    0.12309  21   1.013E+05 -1.626E-06  1.369E-06  3.605E+02  3.726E+02
   0.12757   6    0.12941  22   1.013E+05 -1.971E-06  2.824E-05  3.319E+02  3.410E+02
   0.12757   6    0.13572  23   1.013E+05 -1.129E-06  2.080E-05  3.148E+02  3.212E+02
   0.12757   6    0.14203  24   1.013E+05 -7.982E-07  1.307E-05  3.050E+02  3.090E+02
   0.12757   6    0.14834  25   1.013E+05 -6.990E-07  1.307E-05  2.997E+02  3.023E+02
   0.12757   6    0.15466  26   1.013E+05 -5.800E-07  2.460E-06  2.969E+02  2.990E+02
   0.12757   6    0.16097  27   1.013E+05 -4.651E-07 -2.665E-06  2.955E+02  2.967E+02
   0.12757   6    0.16728  28   1.013E+05 -3.745E-07  4.790E-06  2.947E+02  2.954E+02
   0.12757   6    0.17359  29   1.013E+05 -3.042E-07  6.709E-06  2.943E+02  2.946E+02
   0.12757   6    0.17991  30   1.013E+05 -2.544E-07  4.616E-06  2.940E+02  2.942E+02
   0.12757   6    0.18622  31   1.013E+05 -2.180E-07  3.895E-06  2.939E+02  2.940E+02
   0.12757   6    0.19253  32   1.013E+05 -1.906E-07  3.296E-06  2.938E+02  2.938E+02
   0.12757   6    0.19884  33   1.013E+05 -1.694E-07  2.869E-06  2.937E+02  2.937E+02
   0.12757   6    0.20516  34   1.013E+05 -1.525E-07  2.523E-06  2.936E+02  2.936E+02
   0.12757   6    0.21147  35   1.013E+05 -1.386E-07  2.231E-06  2.935E+02  2.936E+02
   0.12757   6    0.21778  36   1.013E+05 -1.270E-07  1.972E-06  2.935E+02  2.935E+02
   0.12757   6    0.22409  37   1.013E+05 -1.172E-07  1.734E-06  2.934E+02  2.934E+02
   0.12757   6    0.23041  38   1.013E+05 -1.089E-07  1.507E-06  2.934E+02  2.934E+02
   0.12757   6    0.23672  39   1.013E+05 -1.017E-07  1.278E-06  2.933E+02  2.933E+02
   0.12757   6    0.24303  40   1.013E+05 -9.557E-08  1.049E-06  2.933E+02  2.933E+02
   0.12757   6    0.24934  41   1.013E+05 -9.019E-08  6.970E-07  2.933E+02  2.933E+02
   0.12757   6    0.25566  42   1.013E+05 -8.531E-08  9.509E-07  2.932E+02  2.932E+02
   0.12757   6    0.26197  43   1.013E+05 -8.074E-08 -3.439E-06  2.932E+02  2.932E+02
   0.12757   6    0.26828  44   1.013E+05 -7.518E-08 -1.471E-05  2.932E+02  2.932E+02
   0.12757   6    0.27459  45   1.013E+05 -7.039E-08 -1.416E-05  2.932E+02  2.932E+02
   0.12757   6    0.28091  46   1.013E+05 -6.586E-08 -2.291E-06  2.931E+02  2.931E+02
   0.12757   6    0.28722  47   1.013E+05 -6.176E-08  1.681E-06  2.931E+02  2.931E+02
   0.12757   6    0.29353  48   1.013E+05 -5.791E-08  7.752E-07  2.931E+02  2.931E+02
   0.12757   6    0.29984  49   1.013E+05 -5.421E-08  7.492E-07  2.931E+02  2.931E+02
   0.12757   6    0.30616  50   1.013E+05 -5.069E-08  6.207E-07  2.931E+02  2.931E+02
   0.12757   6    0.31247  51   1.013E+05 -4.741E-08  5.395E-07  2.931E+02  2.931E+02
   0.12757   6    0.31878  52   1.013E+05 -4.433E-08  4.722E-07  2.931E+02  2.931E+02
   0.12757   6    0.32509  53   1.013E+05 -4.144E-08  4.179E-07  2.931E+02  2.931E+02
   0.12757   6    0.33141  54   1.013E+05 -3.871E-08  3.725E-07  2.931E+02  2.931E+02
   0.12757   6    0.33772  55   1.013E+05 -3.613E-08  3.338E-07  2.931E+02  2.931E+02
   0.12757   6    0.34403  56   1.013E+05 -3.370E-08  3.002E-07  2.930E+02  2.931E+02
   0.12757   6    0.35034  57   1.013E+05 -3.140E-08  2.706E-07  2.930E+02  2.930E+02
   0.12757   6    0.35666  58   1.013E+05 -2.925E-08  2.445E-07  2.930E+02  2.930E+02
   0.12757   6    0.36297  59   1.013E+05 -2.723E-08  2.212E-07  2.930E+02  2.930E+02
   0.12757   6    0.36928  60   1.013E+05 -2.534E-08  2.006E-07  2.930E+02  2.930E+02
   0.12757   6    0.37559  61   1.013E+05 -2.357E-08  1.822E-07  2.930E+02  2.930E+02
   0.12757   6    0.38191  62   1.013E+05 -2.191E-08  1.659E-07  2.930E+02  2.930E+02
   0.12757   6    0.38822  63   1.013E+05 -2.034E-08  1.513E-07  2.930E+02  2.930E+02
   0.12757   6    0.39453  64   1.013E+05 -1.885E-08  1.384E-07  2.930E+02  2.930E+02
   0.12757   6    0.40084  65   1.013E+05 -1.743E-08  1.267E-07  2.930E+02  2.930E+02
   0.12757   6    0.40716  66   1.013E+05 -1.607E-08  1.163E-07  2.930E+02  2.930E+02
   0.12757   6    0.41347  67   1.013E+05 -1.477E-08  1.070E-07  2.930E+02  2.930E+02
   0.12757   6    0.41978  68   1.013E+05 -1.352E-08  9.848E-08  2.930E+02  2.930E+02
   0.12757   6    0.42609  69   1.013E+05 -1.232E-08  9.080E-08  2.930E+02  2.930E+02
   0.12757   6    0.43241  70   1.013E+05 -1.118E-08  8.383E-08  2.930E+02  2.930E+02
   0.12757   6    0.43872  71   1.013E+05 -1.008E-08  7.748E-08  2.930E+02  2.930E+02
   0.12757   6    0.44503  72   1.013E+05 -9.036E-09  7.171E-08  2.930E+02  2.930E+02
   0.12757   6    0.45134  73   1.013E+05 -8.029E-09  6.646E-08  2.930E+02  2.930E+02
   0.12757   6    0.45766  74   1.013E+05 -7.061E-09  6.168E-08  2.930E+02  2.930E+02
   0.12757   6    0.46397  75   1.013E+05 -6.127E-09  5.734E-08  2.930E+02  2.930E+02
   0.12757   6    0.47028  76   1.013E+05 -5.225E-09  5.340E-08  2.930E+02  2.930E+02
   0.12757   6    0.47659  77   1.013E+05 -4.351E-09  4.988E-08  2.930E+02  2.930E+02
   0.12757   6    0.48291  78   1.013E+05 -3.500E-09  4.645E-08  2.930E+02  2.930E+02
   0.12757   6    0.48922  79   1.013E+05 -2.683E-09  4.473E-08  2.930E+02  2.930E+02
   0.12757   6    0.49553  80   1.013E+05 -1.817E-09  3.493E-08  2.930E+02  2.930E+02
   0.12757   6    0.50184  81   1.013E+05 -1.346E-09  7.361E-08  2.930E+02  2.930E+02
   0.12757   6    0.50500  82   1.013E+05 -1.346E-09  7.361E-08  2.930E+02  2.930E+02
   0.15592   7    0.00000   1   1.013E+05  0.000E+00  0.000E+00  2.930E+02  2.934E+02
   0.15592   7    0.00316   2   1.013E+05  4.152E-07  1.769E-06  2.932E+02  2.934E+02
   0.15592   7    0.00947   3   1.013E+05  4.290E-07  2.619E-06  2.935E+02  2.936E+02
   0.15592   7    0.01578   4   1.013E+05  4.558E-07 -7.004E-07  2.937E+02  2.938E+02
   0.15592   7    0.02209   5   1.013E+05  4.916E-07 -1.174E-05  2.940E+02  2.940E+02
   0.15592   7    0.02841   6   1.013E+05  5.610E-07 -1.102E-05  2.942E+02  2.943E+02
   0.15592   7    0.03472   7   1.013E+05  6.171E-07  2.071E-06  2.945E+02  2.948E+02
   0.15592   7    0.04103   8   1.013E+05  6.924E-07  9.133E-06  2.949E+02  2.955E+02
   0.15592   7    0.04734   9   1.013E+05  7.653E-07  9.172E-06  2.957E+02  2.968E+02
   0.15592   7    0.05366  10   1.013E+05  8.598E-07  2.463E-06  2.972E+02  2.991E+02
   0.15592   7    0.05997  11   1.013E+05  9.274E-07  6.003E-07  3.001E+02  3.032E+02
   0.15592   7    0.06628  12   1.013E+05  1.266E-06  1.333E-05  3.056E+02  3.107E+02
   0.15592   7    0.07259  13   1.013E+05  1.909E-06  1.518E-05  3.156E+02  3.239E+02
   0.15592   7    0.07891  14   1.013E+05  2.175E-06  1.371E-05  3.330E+02  3.444E+02
   0.15592   7    0.08522  15   1.013E+05  1.466E-06  1.409E-05  3.615E+02  3.798E+02
   0.15592   7    0.09153  16   1.013E+05  7.960E-07  7.709E-06  4.058E+02  4.311E+02
   0.15592   7    0.09784  17   1.013E+05  1.480E-06 -1.360E-04  4.701E+02  5.084E+02
   0.15592   7    0.10416  18   1.013E+05 -4.404E-07  6.448E-04  5.500E+02  6.968E+02
   0.15592   7    0.11047  19   1.013E+05 -2.317E-06 -1.234E-04  4.695E+02  5.085E+02
   0.15592   7    0.11678  20   1.013E+05 -1.638E-06  2.307E-05  4.048E+02  4.290E+02
   0.15592   7    0.12309  21   1.013E+05 -2.552E-06  2.968E-05  3.604E+02  3.782E+02
   0.15592   7    0.12941  22   1.013E+05 -2.929E-06  2.622E-05  3.320E+02  3.444E+02
   0.15592   7    0.13572  23   1.013E+05 -1.931E-06  1.869E-05  3.149E+02  3.221E+02
   0.15592   7    0.14203  24   1.013E+05 -1.232E-06  1.106E-05  3.051E+02  3.095E+02
   0.15592   7    0.14834  25   1.013E+05 -7.050E-07  1.195E-05  2.997E+02  3.027E+02
   0.15592   7    0.15466  26   1.013E+05 -3.840E-07  2.385E-06  2.969E+02  2.990E+02
   0.15592   7    0.16097  27   1.013E+05 -2.386E-07 -2.557E-06  2.955E+02  2.967E+02
   0.15592   7    0.16728  28   1.013E+05 -1.493E-07  4.774E-06  2.947E+02  2.954E+02
   0.15592   7    0.17359  29   1.013E+05 -9.138E-08  6.766E-06  2.943E+02  2.947E+02
   0.15592   7    0.17991  30   1.013E+05 -6.004E-08  4.671E-06  2.941E+02  2.943E+02
   0.15592   7    0.18622  31   1.013E+05 -4.294E-08  3.953E-06  2.939E+02  2.940E+02
   0.15592   7    0.19253  32   1.013E+05 -3.473E-08  3.354E-06  2.938E+02  2.938E+02
   0.15592   7    0.19884  33   1.013E+05 -3.166E-08  2.929E-06  2.937E+02  2.937E+02
   0.15592   7    0.20516  34   1.013E+05 -3.139E-08  2.590E-06  2.936E+02  2.936E+02
   0.15592   7    0.21147  35   1.013E+05 -3.241E-08  2.311E-06  2.935E+02  2.936E+02
   0.15592   7    0.21778  36   1.013E+05 -3.363E-08  2.076E-06  2.935E+02  2.935E+02
   0.15592   7    0.22409  37   1.013E+05 -3.422E-08  1.876E-06  2.934E+02  2.934E+02
   0.15592   7    0.23041  38   1.013E+05 -3.317E-08  1.704E-06  2.934E+02  2.934E+02
   0.15592   7    0.23672  39   1.013E+05 -3.062E-08  1.586E-06  2.933E+02  2.933E+02
   0.15592   7    0.24303  40   1.013E+05 -1.858E-08  1.354E-06  2.933E+02  2.933E+02
   0.15592   7    0.24934  41   1.013E+05 -3.581E-08  2.018E-06  2.933E+02  2.933E+02
   0.15592   7    0.25566  42   1.013E+05  1.705E-07 -2.349E-06  2.932E+02  2.932E+02
   0.15592   7    0.26197  43   1.013E+05 -9.230E-07 -1.433E-05  2.932E+02  2.932E+02
   0.15592   7    0.26828  44   1.013E+05 -2.339E-06 -1.482E-05  2.932E+02  2.932E+02
   0.15592   7    0.27459  45   1.013E+05 -8.506E-07 -3.292E-06  2.932E+02  2.932E+02
   0.15592   7    0.28091  46   1.013E+05  2.364E-07  1.116E-06  2.931E+02  2.932E+02
   0.15592   7    0.28722  47   1.013E+05  9.641E-09  4.059E-07  2.931E+02  2.931E+02
   0.15592   7    0.29353  48   1.013E+05  1.825E-08  5.233E-07  2.931E+02  2.931E+02
   0.15592   7    0.29984  49   1.013E+05 -2.361E-09  4.874E-07  2.931E+02  2.931E+02
   0.15592   7    0.30616  50   1.013E+05 -1.112E-08  4.669E-07  2.931E+02  2.931E+02
   0.15592   7    0.31247  51   1.013E+05 -1.722E-08  4.390E-07  2.931E+02  2.931E+02
   0.15592   7    0.31878  52   1.013E+05 -2.071E-08  4.101E-07  2.931E+02  2.931E+02
   0.15592   7    0.32509  53   1.013E+05 -2.261E-08  3.807E-07  2.931E+02  2.931E+02
   0.15592   7    0.33141  54   1.013E+05 -2.344E-08  3.517E-07  2.931E+02  2.931E+02
   0.15592   7    0.33772  55   1.013E+05 -2.357E-08  3.237E-07  2.931E+02  2.931E+02
   0.15592   7    0.34403  56   1.013E+05 -2.325E-08  2.970E-07  2.931E+02  2.931E+02
   0.15592   7    0.35034  57   1.013E+05 -2.264E-08  2.719E-07  2.930E+02  2.930E+02
   0.15592   7    0.35666  58   1.013E+05 -2.186E-08  2.485E-07  2.930E+02  2.930E+02
   0.15592   7    0.36297  59   1.013E+05 -2.097E-08  2.270E-07  2.930E+02  2.930E+02
   0.15592   7    0.36928  60   1.013E+05 -2.001E-08  2.072E-07  2.930E+02  2.930E+02
   0.15592   7    0.37559  61   1.013E+05 -1.900E-08  1.893E-07  2.930E+02  2.930E+02
   0.15592   7    0.38191  62   1.013E+05 -1.796E-08  1.729E-07  2.930E+02  2.930E+02
   0.15592   7    0.38822  63   1.013E+05 -1.689E-08  1.582E-07  2.930E+02  2.930E+02
   0.15592   7    0.39453  64   1.013E+05 -1.582E-08  1.448E-07  2.930E+02  2.930E+02
   0.15592   7    0.40084  65   1.013E+05 -1.474E-08  1.327E-07  2.930E+02  2.930E+02
   0.15592   7    0.40716  66   1.013E+05 -1.366E-08  1.218E-07  2.930E+02  2.930E+02
   0.15592   7    0.41347  67   1.013E+05 -1.261E-08  1.120E-07  2.930E+02  2.930E+02
   0.15592   7    0.41978  68   1.013E+05 -1.157E-08  1.032E-07  2.930E+02  2.930E+02
   0.15592   7    0.42609  69   1.013E+05 -1.057E-08  9.518E-08  2.930E+02  2.930E+02
   0.15592   7    0.43241  70   1.013E+05 -9.609E-09  8.796E-08  2.930E+02  2.930E+02
   0.15592   7    0.43872  71   1.013E+05 -8.681E-09  8.144E-08  2.930E+02  2.930E+02
   0.15592   7    0.44503  72   1.013E+05 -7.790E-09  7.552E-08  2.930E+02  2.930E+02
   0.15592   7    0.45134  73   1.013E+05 -6.932E-09  7.016E-08  2.930E+02  2.930E+02
   0.15592   7    0.45766  74   1.013E+05 -6.106E-09  6.530E-08  2.930E+02  2.930E+02
   0.15592   7    0.46397  75   1.013E+05 -5.307E-09  6.090E-08  2.930E+02  2.930E+02
   0.15592   7    0.47028  76   1.013E+05 -4.534E-09  5.692E-08  2.930E+02  2.930E+02
   0.15592   7    0.47659  77   1.013E+05 -3.784E-09  5.337E-08  2.930E+02  2.930E+02
   0.15592   7    0.48291  78   1.013E+05 -3.052E-09  4.990E-08  2.930E+02  2.930E+02
   0.15592   7    0.48922  79   1.013E+05 -2.344E-09  4.828E-08  2.930E+02  2.930E+02
   0.15592   7    0.49553  80   1.013E+05 -1.591E-09  3.779E-08  2.930E+02  2.930E+02
   0.15592   7    0.50184  81   1.013E+05 -1.181E-09  8.044E-08  2.930E+02  2.930E+02
   0.15592   7    0.50500  82   1.013E+05 -1.181E-09  8.044E-08  2.930E+02  2.930E+02
   0.18427   8    0.00000   1   1.013E+05  0.000E+00  0.000E+00  2.930E+02  2.934E+02
   0.18427   8    0.00316   2   1.013E+05 -4.002E-08  1.840E-06  2.932E+02  2.934E+02
   0.18427   8    0.00947   3   1.013E+05 -3.899E-09  1.742E-06  2.935E+02  2.936E+02
   0.18427   8    0.01578   4   1.013E+05 -1.950E-07  3.277E-06  2.937E+02  2.938E+02
   0.18427   8    0.02209   5   1.013E+05  9.760E-07 -1.623E-07  2.939E+02  2.940E+02
   0.18427   8    0.02841   6   1.013E+05  2.494E-06 -1.036E-05  2.942E+02  2.943E+02
   0.18427   8    0.03472   7   1.013E+05  1.146E-06 -8.331E-06  2.945E+02  2.947E+02
   0.18427   8    0.04103   8   1.013E+05  1.281E-07  7.268E-06  2.949E+02  2.955E+02
   0.18427   8    0.04734   9   1.013E+05  4.551E-07  1.259E-05  2.957E+02  2.968E+02
   0.18427   8    0.05366  10   1.013E+05  5.248E-07  6.989E-06  2.972E+02  2.992E+02
   0.18427   8    0.05997  11   1.013E+05  5.404E-07  6.742E-06  3.001E+02  3.032E+02
   0.18427   8    0.06628  12   1.013E+05  6.101E-07  1.886E-05  3.056E+02  3.109E+02
   0.18427   8    0.07259  13   1.013E+05  7.576E-07  2.157E-05  3.156E+02  3.246E+02
   0.18427   8    0.07891  14   1.013E+05  3.057E-07  2.864E-05  3.330E+02  3.459E+02
   0.18427   8    0.08522  15   1.013E+05 -3.678E-07  2.910E-05  3.615E+02  3.820E+02
   0.18427   8    0.09153  16   1.013E+05 -6.387E-07  4.195E-05  4.056E+02  4.365E+02
   0.18427   8    0.09784  17   1.013E+05 -7.294E-07 -1.296E-04  4.702E+02  5.099E+02
   0.18427   8    0.10416  18   1.013E+05 -7.255E-07  6.398E-04  5.500E+02  6.981E+02
   0.18427   8    0.11047  19   1.013E+05 -7.019E-07 -1.219E-04  4.695E+02  5.087E+02
   0.18427   8    0.11678  20   1.013E+05 -5.205E-07  3.756E-05  4.047E+02  4.294E+02
   0.18427   8    0.12309  21   1.013E+05 -2.456E-07  3.752E-05  3.603E+02  3.787E+02
   0.18427   8    0.12941  22   1.013E+05 -1.653E-07  3.065E-05  3.320E+02  3.447E+02
   0.18427   8    0.13572  23   1.013E+05 -1.893E-07  2.148E-05  3.149E+02  3.223E+02
   0.18427   8    0.14203  24   1.013E+05 -1.788E-07  1.311E-05  3.051E+02  3.097E+02
   0.18427   8    0.14834  25   1.013E+05 -1.791E-07  1.261E-05  2.997E+02  3.029E+02
   0.18427   8    0.15466  26   1.013E+05 -1.395E-07  3.262E-06  2.970E+02  2.990E+02
   0.18427   8    0.16097  27   1.013E+05 -8.636E-08 -1.872E-06  2.955E+02  2.967E+02
   0.18427   8    0.16728  28   1.013E+05 -3.932E-08  5.298E-06  2.947E+02  2.954E+02
   0.18427   8    0.17359  29   1.013E+05 -2.365E-09  7.185E-06  2.943E+02  2.947E+02
   0.18427   8    0.17991  30   1.013E+05  2.369E-08  5.011E-06  2.941E+02  2.943E+02
   0.18427   8    0.18622  31   1.013E+05  4.039E-08  4.234E-06  2.939E+02  2.940E+02
   0.18427   8    0.19253  32   1.013E+05  4.984E-08  3.589E-06  2.938E+02  2.939E+02
   0.18427   8    0.19884  33   1.013E+05  5.419E-08  3.125E-06  2.937E+02  2.938E+02
   0.18427   8    0.20516  34   1.013E+05  5.537E-08  2.750E-06  2.936E+02  2.937E+02
   0.18427   8    0.21147  35   1.013E+05  5.500E-08  2.433E-06  2.936E+02  2.936E+02
   0.18427   8    0.21778  36   1.013E+05  5.438E-08  2.156E-06  2.935E+02  2.935E+02
   0.18427   8    0.22409  37   1.013E+05  5.479E-08  1.905E-06  2.935E+02  2.935E+02
   0.18427   8    0.23041  38   1.013E+05  5.581E-08  1.668E-06  2.934E+02  2.934E+02
   0.18427   8    0.23672  39   1.013E+05  6.574E-08  1.464E-06  2.934E+02  2.934E+02
   0.18427   8    0.24303  40   1.013E+05  3.973E-08  1.123E-06  2.933E+02  2.933E+02
   0.18427   8    0.24934  41   1.013E+05  2.460E-07  1.622E-06  2.933E+02  2.933E+02
   0.18427   8    0.25566  42   1.013E+05 -8.992E-07 -2.979E-06  2.932E+02  2.933E+02
   0.18427   8    0.26197  43   1.013E+05 -2.413E-06 -1.467E-05  2.932E+02  2.932E+02
   0.18427   8    0.26828  44   1.013E+05 -9.659E-07 -1.435E-05  2.932E+02  2.932E+02
   0.18427   8    0.27459  45   1.013E+05  1.841E-07 -2.562E-06  2.932E+02  2.932E+02
   0.18427   8    0.28091  46   1.013E+05 -7.685E-09  1.611E-06  2.932E+02  2.932E+02
   0.18427   8    0.28722  47   1.013E+05  1.895E-08  7.454E-07  2.931E+02  2.931E+02
   0.18427   8    0.29353  48   1.013E+05  8.566E-09  7.657E-07  2.931E+02  2.931E+02
   0.18427   8    0.29984  49   1.013E+05  4.540E-09  6.575E-07  2.931E+02  2.931E+02
   0.18427   8    0.30616  50   1.013E+05  2.347E-10  5.891E-07  2.931E+02  2.931E+02
   0.18427   8    0.31247  51   1.013E+05 -3.147E-09  5.277E-07  2.931E+02  2.931E+02
   0.18427   8    0.31878  52   1.013E+05 -5.829E-09  4.756E-07  2.931E+02  2.931E+02
   0.18427   8    0.32509  53   1.013E+05 -7.881E-09  4.302E-07  2.931E+02  2.931E+02
   0.18427   8    0.33141  54   1.013E+05 -9.420E-09  3.900E-07  2.931E+02  2.931E+02
   0.18427   8    0.33772  55   1.013E+05 -1.055E-08  3.540E-07  2.931E+02  2.931E+02
   0.18427   8    0.34403  56   1.013E+05 -1.134E-08  3.215E-07  2.931E+02  2.931E+02
   0.18427   8    0.35034  57   1.013E+05 -1.187E-08  2.921E-07  2.930E+02  2.930E+02
   0.18427   8    0.35666  58   1.013E+05 -1.217E-08  2.654E-07  2.930E+02  2.930E+02
   0.18427   8    0.36297  59   1.013E+05 -1.227E-08  2.412E-07  2.930E+02  2.930E+02
   0.18427   8    0.36928  60   1.013E+05 -1.221E-08  2.192E-07  2.930E+02  2.930E+02
   0.18427   8    0.37559  61   1.013E+05 -1.200E-08  1.993E-07  2.930E+02  2.930E+02
   0.18427   8    0.38191  62   1.013E+05 -1.166E-08  1.814E-07  2.930E+02  2.930E+02
   0.18427   8    0.38822  63   1.013E+05 -1.122E-08  1.653E-07  2.930E+02  2.930E+02
   0.18427   8    0.39453  64   1.013E+05 -1.071E-08  1.508E-07  2.930E+02  2.930E+02
   0.18427   8    0.40084  65   1.013E+05 -1.014E-08  1.379E-07  2.930E+02  2.930E+02
   0.18427   8    0.40716  66   1.013E+05 -9.531E-09  1.263E-07  2.930E+02  2.930E+02
   0.18427   8    0.41347  67   1.013E+05 -8.908E-09  1.159E-07  2.930E+02  2.930E+02
   0.18427   8    0.41978  68   1.013E+05 -8.280E-09  1.067E-07  2.930E+02  2.930E+02
   0.18427   8    0.42609  69   1.013E+05 -7.654E-09  9.842E-08  2.930E+02  2.930E+02
   0.18427   8    0.43241  70   1.013E+05 -7.036E-09  9.103E-08  2.930E+02  2.930E+02
   0.18427   8    0.43872  71   1.013E+05 -6.425E-09  8.439E-08  2.930E+02  2.930E+02
   0.18427   8    0.44503  72   1.013E+05 -5.821E-09  7.840E-08  2.930E+02  2.930E+02
   0.18427   8    0.45134  73   1.013E+05 -5.225E-09  7.300E-08  2.930E+02  2.930E+02
   0.18427   8    0.45766  74   1.013E+05 -4.637E-09  6.811E-08  2.930E+02  2.930E+02
   0.18427   8    0.46397  75   1.013E+05 -4.057E-09  6.371E-08  2.930E+02  2.930E+02
   0.18427   8    0.47028  76   1.013E+05 -3.485E-09  5.973E-08  2.930E+02  2.930E+02
   0.18427   8    0.47659  77   1.013E+05 -2.922E-09  5.619E-08  2.930E+02  2.930E+02
   0.18427   8    0.48291  78   1.013E+05 -2.365E-09  5.271E-08  2.930E+02  2.930E+02
   0.18427   8    0.48922  79   1.013E+05 -1.822E-09  5.120E-08  2.930E+02  2.930E+02
   0.18427   8    0.49553  80   1.013E+05 -1.240E-09  4.014E-08  2.930E+02  2.930E+02
   0.18427   8    0.50184  81   1.013E+05 -9.223E-10  8.609E-08  2.930E+02  2.930E+02
   0.18427   8    0.50500  82   1.013E+05 -9.223E-10  8.609E-08  2.930E+02  2.930E+02
   0.21262   9    0.00000   1   1.013E+05  0.000E+00  0.000E+00  2.930E+02  2.934E+02
   0.21262   9    0.00316   2   1.013E+05 -3.196E-07  1.905E-06  2.932E+02  2.934E+02
   0.21262   9    0.00947   3   1.013E+05 -3.151E-07  1.929E-06  2.935E+02  2.936E+02
   0.21262   9    0.01578   4   1.013E+05 -3.104E-07  3.696E-06  2.937E+02  2.938E+02
   0.21262   9    0.02209   5   1.013E+05 -2.735E-07  3.935E-07  2.939E+02  2.940E+02
   0.21262   9    0.02841   6   1.013E+05 -2.780E-07 -1.035E-05  2.942E+02  2.943E+02
   0.21262   9    0.03472   7   1.013E+05 -3.475E-07 -8.894E-06  2.945E+02  2.947E+02
   0.21262   9    0.04103   8   1.013E+05 -4.587E-07  6.828E-06  2.949E+02  2.955E+02
   0.21262   9    0.04734   9   1.013E+05 -5.355E-07  1.225E-05  2.957E+02  2.968E+02
   0.21262   9    0.05366  10   1.013E+05 -5.955E-07  6.290E-06  2.972E+02  2.992E+02
   0.21262   9    0.05997  11   1.013E+05 -6.368E-07  6.360E-06  3.001E+02  3.032E+02
   0.21262   9    0.06628  12   1.013E+05 -7.619E-07  1.813E-05  3.056E+02  3.108E+02
   0.21262   9    0.07259  13   1.013E+05 -1.005E-06  2.042E-05  3.156E+02  3.244E+02
   0.21262   9    0.07891  14   1.013E+05 -9.789E-07  2.887E-05  3.330E+02  3.451E+02
   0.21262   9    0.08522  15   1.013E+05 -7.368E-07  2.078E-05  3.616E+02  3.790E+02
   0.21262   9    0.09153  16   1.013E+05 -5.601E-07  1.176E-05  4.057E+02  4.322E+02
   0.21262   9    0.09784  17   1.013E+05 -9.679E-07 -1.349E-04  4.701E+02  5.086E+02
   0.21262   9    0.10416  18   1.013E+05 -1.112E-07  6.451E-04  5.500E+02  6.969E+02
   0.21262   9    0.11047  19   1.013E+05  3.848E-07 -1.240E-04  4.695E+02  5.086E+02
   0.21262   9    0.11678  20   1.013E+05  5.734E-07  1.829E-05  4.048E+02  4.292E+02
   0.21262   9    0.12309  21   1.013E+05  1.583E-06  2.673E-05  3.604E+02  3.785E+02
   0.21262   9    0.12941  22   1.013E+05  1.657E-06  2.727E-05  3.320E+02  3.446E+02
   0.21262   9    0.13572  23   1.013E+05  1.290E-06  2.028E-05  3.149E+02  3.222E+02
   0.21262   9    0.14203  24   1.013E+05  8.666E-07  1.321E-05  3.051E+02  3.095E+02
   0.21262   9    0.14834  25   1.013E+05  4.593E-07  1.355E-05  2.997E+02  3.027E+02
   0.21262   9    0.15466  26   1.013E+05  2.734E-07  3.420E-06  2.970E+02  2.990E+02
   0.21262   9    0.16097  27   1.013E+05  2.140E-07 -1.779E-06  2.955E+02  2.967E+02
   0.21262   9    0.16728  28   1.013E+05  1.868E-07  5.370E-06  2.948E+02  2.955E+02
   0.21262   9    0.17359  29   1.013E+05  1.683E-07  7.249E-06  2.943E+02  2.947E+02
   0.21262   9    0.17991  30   1.013E+05  1.588E-07  5.077E-06  2.941E+02  2.943E+02
   0.21262   9    0.18622  31   1.013E+05  1.498E-07  4.305E-06  2.939E+02  2.941E+02
   0.21262   9    0.19253  32   1.013E+05  1.401E-07  3.667E-06  2.938E+02  2.939E+02
   0.21262   9    0.19884  33   1.013E+05  1.293E-07  3.213E-06  2.937E+02  2.938E+02
   0.21262   9    0.20516  34   1.013E+05  1.178E-07  2.852E-06  2.937E+02  2.937E+02
   0.21262   9    0.21147  35   1.013E+05  1.060E-07  2.557E-06  2.936E+02  2.936E+02
   0.21262   9    0.21778  36   1.013E+05  9.428E-08  2.310E-06  2.935E+02  2.935E+02
   0.21262   9    0.22409  37   1.013E+05  8.282E-08  2.099E-06  2.935E+02  2.935E+02
   0.21262   9    0.23041  38   1.013E+05  7.164E-08  1.947E-06  2.934E+02  2.934E+02
   0.21262   9    0.23672  39   1.013E+05  6.056E-08  1.685E-06  2.934E+02  2.934E+02
   0.21262   9    0.24303  40   1.013E+05  4.924E-08  2.313E-06  2.933E+02  2.933E+02
   0.21262   9    0.24934  41   1.013E+05  3.704E-08 -2.069E-06  2.933E+02  2.933E+02
   0.21262   9    0.25566  42   1.013E+05  2.408E-08 -1.418E-05  2.933E+02  2.933E+02
   0.21262   9    0.26197  43   1.013E+05  6.813E-09 -1.453E-05  2.932E+02  2.932E+02
   0.21262   9    0.26828  44   1.013E+05 -8.245E-09 -3.066E-06  2.932E+02  2.932E+02
   0.21262   9    0.27459  45   1.013E+05 -7.372E-09  1.096E-06  2.932E+02  2.932E+02
   0.21262   9    0.28091  46   1.013E+05 -3.585E-09  4.496E-07  2.932E+02  2.932E+02
   0.21262   9    0.28722  47   1.013E+05 -3.427E-09  5.417E-07  2.931E+02  2.931E+02
   0.21262   9    0.29353  48   1.013E+05 -3.347E-09  5.083E-07  2.931E+02  2.931E+02
   0.21262   9    0.29984  49   1.013E+05 -3.742E-09  4.865E-07  2.931E+02  2.931E+02
   0.21262   9    0.30616  50   1.013E+05 -4.206E-09  4.594E-07  2.931E+02  2.931E+02
   0.21262   9    0.31247  51   1.013E+05 -4.630E-09  4.318E-07  2.931E+02  2.931E+02
   0.21262   9    0.31878  52   1.013E+05 -4.956E-09  4.041E-07  2.931E+02  2.931E+02
   0.21262   9    0.32509  53   1.013E+05 -5.190E-09  3.769E-07  2.931E+02  2.931E+02
   0.21262   9    0.33141  54   1.013E+05 -5.358E-09  3.506E-07  2.931E+02  2.931E+02
   0.21262   9    0.33772  55   1.013E+05 -5.492E-09  3.251E-07  2.931E+02  2.931E+02
   0.21262   9    0.34403  56   1.013E+05 -5.611E-09  3.006E-07  2.931E+02  2.931E+02
   0.21262   9    0.35034  57   1.013E+05 -5.718E-09  2.772E-07  2.930E+02  2.930E+02
   0.21262   9    0.35666  58   1.013E+05 -5.809E-09  2.550E-07  2.930E+02  2.930E+02
   0.21262   9    0.36297  59   1.013E+05 -5.871E-09  2.341E-07  2.930E+02  2.930E+02
   0.21262   9    0.36928  60   1.013E+05 -5.894E-09  2.145E-07  2.930E+02  2.930E+02
   0.21262   9    0.37559  61   1.013E+05 -5.870E-09  1.964E-07  2.930E+02  2.930E+02
   0.21262   9    0.38191  62   1.013E+05 -5.797E-09  1.797E-07  2.930E+02  2.930E+02
   0.21262   9    0.38822  63   1.013E+05 -5.682E-09  1.645E-07  2.930E+02  2.930E+02
   0.21262   9    0.39453  64   1.013E+05 -5.530E-09  1.507E-07  2.930E+02  2.930E+02
   0.21262   9    0.40084  65   1.013E+05 -5.352E-09  1.382E-07  2.930E+02  2.930E+02
   0.21262   9    0.40716  66   1.013E+05 -5.154E-09  1.270E-07  2.930E+02  2.930E+02
   0.21262   9    0.41347  67   1.013E+05 -4.942E-09  1.170E-07  2.930E+02  2.930E+02
   0.21262   9    0.41978  68   1.013E+05 -4.716E-09  1.081E-07  2.930E+02  2.930E+02
   0.21262   9    0.42609  69   1.013E+05 -4.476E-09  1.000E-07  2.930E+02  2.930E+02
   0.21262   9    0.43241  70   1.013E+05 -4.219E-09  9.278E-08  2.930E+02  2.930E+02
   0.21262   9    0.43872  71   1.013E+05 -3.943E-09  8.623E-08  2.930E+02  2.930E+02
   0.21262   9    0.44503  72   1.013E+05 -3.648E-09  8.029E-08  2.930E+02  2.930E+02
   0.21262   9    0.45134  73   1.013E+05 -3.335E-09  7.491E-08  2.930E+02  2.930E+02
   0.21262   9    0.45766  74   1.013E+05 -3.006E-09  7.004E-08  2.930E+02  2.930E+02
   0.21262   9    0.46397  75   1.013E+05 -2.664E-09  6.565E-08  2.930E+02  2.930E+02
   0.21262   9    0.47028  76   1.013E+05 -2.313E-09  6.169E-08  2.930E+02  2.930E+02
   0.21262   9    0.47659  77   1.013E+05 -1.956E-09  5.817E-08  2.930E+02  2.930E+02
   0.21262   9    0.48291  78   1.013E+05 -1.594E-09  5.470E-08  2.930E+02  2.930E+02
   0.21262   9    0.48922  79   1.013E+05 -1.234E-09  5.328E-08  2.930E+02  2.930E+02
   0.21262   9    0.49553  80   1.013E+05 -8.428E-10  4.183E-08  2.930E+02  2.930E+02
   0.21262   9    0.50184  81   1.013E+05 -6.293E-10  9.017E-08  2.930E+02  2.930E+02
   0.21262   9    0.50500  82   1.013E+05 -6.293E-10  9.017E-08  2.930E+02  2.930E+02
   0.24097  10    0.00000   1   1.013E+05  0.000E+00  0.000E+00  2.930E+02  2.934E+02
   0.24097  10    0.00316   2   1.013E+05 -5.019E-07  1.889E-06  2.932E+02  2.934E+02
   0.24097  10    0.00947   3   1.013E+05 -5.171E-07  1.835E-06  2.935E+02  2.936E+02
   0.24097  10    0.01578   4   1.013E+05 -5.477E-07  3.540E-06  2.937E+02  2.938E+02
   0.24097  10    0.02209   5   1.013E+05 -6.011E-07  7.213E-08  2.940E+02  2.940E+02
   0.24097  10    0.02841   6   1.013E+05 -6.738E-07 -1.065E-05  2.942E+02  2.943E+02
   0.24097  10    0.03472   7   1.013E+05 -6.442E-07 -9.210E-06  2.945E+02  2.947E+02
   0.24097  10    0.04103   8   1.013E+05 -6.128E-07  6.171E-06  2.949E+02  2.955E+02
   0.24097  10    0.04734   9   1.013E+05 -5.591E-07  1.128E-05  2.957E+02  2.967E+02
   0.24097  10    0.05366  10   1.013E+05 -4.353E-07  4.915E-06  2.971E+02  2.990E+02
   0.24097  10    0.05997  11   1.013E+05 -1.345E-07  3.876E-06  3.001E+02  3.030E+02
   0.24097  10    0.06628  12   1.013E+05  2.466E-07  1.620E-05  3.056E+02  3.105E+02
   0.24097  10    0.07259  13   1.013E+05  5.070E-07  1.719E-05  3.156E+02  3.238E+02
   0.24097  10    0.07891  14   1.013E+05  6.260E-07  1.553E-05  3.330E+02  3.446E+02
   0.24097  10    0.08522  15   1.013E+05  3.816E-07  1.447E-05  3.615E+02  3.809E+02
   0.24097  10    0.09153  16   1.013E+05  8.569E-07 -1.321E-05  4.059E+02  4.324E+02
   0.24097  10    0.09784  17   1.013E+05  1.758E-06 -1.395E-04  4.702E+02  5.087E+02
   0.24097  10    0.10416  18   1.013E+05  3.246E-07  6.409E-04  5.500E+02  6.969E+02
   0.24097  10    0.11047  19   1.013E+05 -7.346E-07 -1.272E-04  4.695E+02  5.085E+02
   0.24097  10    0.11678  20   1.013E+05 -3.424E-07  7.781E-06  4.049E+02  4.290E+02
   0.24097  10    0.12309  21   1.013E+05  3.296E-08  2.050E-05  3.604E+02  3.787E+02
   0.24097  10    0.12941  22   1.013E+05  3.106E-07  2.653E-05  3.320E+02  3.446E+02
   0.24097  10    0.13572  23   1.013E+05  3.123E-07  2.095E-05  3.149E+02  3.221E+02
   0.24097  10    0.14203  24   1.013E+05  2.727E-07  1.647E-05  3.050E+02  3.094E+02
   0.24097  10    0.14834  25   1.013E+05  2.365E-07  1.465E-05  2.997E+02  3.027E+02
   0.24097  10    0.15466  26   1.013E+05  2.238E-07  3.908E-06  2.969E+02  2.991E+02
   0.24097  10    0.16097  27   1.013E+05  2.100E-07 -1.683E-06  2.955E+02  2.967E+02
   0.24097  10    0.16728  28   1.013E+05  1.959E-07  5.516E-06  2.947E+02  2.955E+02
   0.24097  10    0.17359  29   1.013E+05  1.787E-07  7.238E-06  2.943E+02  2.947E+02
   0.24097  10    0.17991  30   1.013E+05  1.668E-07  5.030E-06  2.941E+02  2.943E+02
   0.24097  10    0.18622  31   1.013E+05  1.547E-07  4.230E-06  2.939E+02  2.941E+02
   0.24097  10    0.19253  32   1.013E+05  1.423E-07  3.575E-06  2.938E+02  2.939E+02
   0.24097  10    0.19884  33   1.013E+05  1.295E-07  3.105E-06  2.937E+02  2.938E+02
   0.24097  10    0.20516  34   1.013E+05  1.163E-07  2.725E-06  2.937E+02  2.937E+02
   0.24097  10    0.21147  35   1.013E+05  1.030E-07  2.404E-06  2.936E+02  2.936E+02
   0.24097  10    0.21778  36   1.013E+05  8.959E-08  2.122E-06  2.935E+02  2.935E+02
   0.24097  10    0.22409  37   1.013E+05  7.574E-08  1.867E-06  2.935E+02  2.935E+02
   0.24097  10    0.23041  38   1.013E+05  6.229E-08  1.627E-06  2.934E+02  2.934E+02
   0.24097  10    0.23672  39   1.013E+05  4.079E-08  1.421E-06  2.934E+02  2.934E+02
   0.24097  10    0.24303  40   1.013E+05  5.570E-08  1.076E-06  2.933E+02  2.933E+02
   0.24097  10    0.24934  41   1.013E+05 -1.629E-07  1.573E-06  2.933E+02  2.933E+02
   0.24097  10    0.25566  42   1.013E+05  9.702E-07 -3.041E-06  2.933E+02  2.933E+02
   0.24097  10    0.26197  43   1.013E+05  2.456E-06 -1.474E-05  2.932E+02  2.932E+02
   0.24097  10    0.26828  44   1.013E+05  1.005E-06 -1.433E-05  2.932E+02  2.932E+02
   0.24097  10    0.27459  45   1.013E+05 -1.606E-07 -2.451E-06  2.932E+02  2.932E+02
   0.24097  10    0.28091  46   1.013E+05  3.981E-08  1.709E-06  2.932E+02  2.932E+02
   0.24097  10    0.28722  47   1.013E+05  6.367E-09  8.119E-07  2.931E+02  2.932E+02
   0.24097  10    0.29353  48   1.013E+05  1.108E-08  8.135E-07  2.931E+02  2.931E+02
   0.24097  10    0.29984  49   1.013E+05  8.582E-09  6.877E-07  2.931E+02  2.931E+02
   0.24097  10    0.30616  50   1.013E+05  7.038E-09  6.053E-07  2.931E+02  2.931E+02
   0.24097  10    0.31247  51   1.013E+05  5.409E-09  5.329E-07  2.931E+02  2.931E+02
   0.24097  10    0.31878  52   1.013E+05  4.034E-09  4.730E-07  2.931E+02  2.931E+02
   0.24097  10    0.32509  53   1.013E+05  2.912E-09  4.224E-07  2.931E+02  2.931E+02
   0.24097  10    0.33141  54   1.013E+05  2.031E-09  3.794E-07  2.931E+02  2.931E+02
   0.24097  10    0.33772  55   1.013E+05  1.348E-09  3.424E-07  2.931E+02  2.931E+02
   0.24097  10    0.34403  56   1.013E+05  8.135E-10  3.101E-07  2.931E+02  2.931E+02
   0.24097  10    0.35034  57   1.013E+05  3.868E-10  2.815E-07  2.930E+02  2.930E+02
   0.24097  10    0.35666  58   1.013E+05  3.583E-11  2.560E-07  2.930E+02  2.930E+02
   0.24097  10    0.36297  59   1.013E+05 -2.609E-10  2.331E-07  2.930E+02  2.930E+02
   0.24097  10    0.36928  60   1.013E+05 -5.177E-10  2.125E-07  2.930E+02  2.930E+02
   0.24097  10    0.37559  61   1.013E+05 -7.440E-10  1.939E-07  2.930E+02  2.930E+02
   0.24097  10    0.38191  62   1.013E+05 -9.467E-10  1.771E-07  2.930E+02  2.930E+02
   0.24097  10    0.38822  63   1.013E+05 -1.130E-09  1.621E-07  2.930E+02  2.930E+02
   0.24097  10    0.39453  64   1.013E+05 -1.297E-09  1.487E-07  2.930E+02  2.930E+02
   0.24097  10    0.40084  65   1.013E+05 -1.446E-09  1.367E-07  2.930E+02  2.930E+02
   0.24097  10    0.40716  66   1.013E+05 -1.575E-09  1.260E-07  2.930E+02  2.930E+02
   0.24097  10    0.41347  67   1.013E+05 -1.680E-09  1.165E-07  2.930E+02  2.930E+02
   0.24097  10    0.41978  68   1.013E+05 -1.757E-09  1.079E-07  2.930E+02  2.930E+02
   0.24097  10    0.42609  69   1.013E+05 -1.800E-09  1.002E-07  2.930E+02  2.930E+02
   0.24097  10    0.43241  70   1.013E+05 -1.808E-09  9.323E-08  2.930E+02  2.930E+02
   0.24097  10    0.43872  71   1.013E+05 -1.781E-09  8.687E-08  2.930E+02  2.930E+02
   0.24097  10    0.44503  72   1.013E+05 -1.720E-09  8.107E-08  2.930E+02  2.930E+02
   0.24097  10    0.45134  73   1.013E+05 -1.628E-09  7.580E-08  2.930E+02  2.930E+02
   0.24097  10    0.45766  74   1.013E+05 -1.511E-09  7.102E-08  2.930E+02  2.930E+02
   0.24097  10    0.46397  75   1.013E+05 -1.371E-09  6.670E-08  2.930E+02  2.930E+02
   0.24097  10    0.47028  76   1.013E+05 -1.214E-09  6.279E-08  2.930E+02  2.930E+02
   0.24097  10    0.47659  77   1.013E+05 -1.042E-09  5.932E-08  2.930E+02  2.930E+02
   0.24097  10    0.48291  78   1.013E+05 -8.601E-10  5.589E-08  2.930E+02  2.930E+02
   0.24097  10    0.48922  79   1.013E+05 -6.729E-10  5.454E-08  2.930E+02  2.930E+02
   0.24097  10    0.49553  80   1.013E+05 -4.632E-10  4.286E-08  2.930E+02  2.930E+02
   0.24097  10    0.50184  81   1.013E+05 -3.485E-10  9.271E-08  2.930E+02  2.930E+02
   0.24097  10    0.50500  82   1.013E+05 -3.485E-10  9.271E-08  2.930E+02  2.930E+02
   0.26932  11    0.00000   1   1.013E+05  0.000E+00  0.000E+00  2.930E+02  2.934E+02
   0.26932  11    0.00316   2   1.013E+05 -2.132E-07  1.818E-06  2.932E+02  2.934E+02
   0.26932  11    0.00947   3   1.013E+05 -2.180E-07  1.697E-06  2.935E+02  2.936E+02
   0.26932  11    0.01578   4   1.013E+05 -2.277E-07  3.273E-06  2.937E+02  2.938E+02
   0.26932  11    0.02209   5   1.013E+05 -2.539E-07 -2.630E-07  2.939E+02  2.940E+02
   0.26932  11    0.02841   6   1.013E+05 -2.705E-07 -1.069E-05  2.942E+02  2.943E+02
   0.26932  11    0.03472   7   1.013E+05 -2.249E-07 -8.941E-06  2.944E+02  2.947E+02
   0.26932  11    0.04103   8   1.013E+05 -1.537E-07  6.417E-06  2.949E+02  2.955E+02
   0.26932  11    0.04734   9   1.013E+05 -6.237E-08  1.145E-05  2.956E+02  2.969E+02
   0.26932  11    0.05366  10   1.013E+05  1.034E-07  4.781E-06  2.971E+02  2.994E+02
   0.26932  11    0.05997  11   1.013E+05  4.241E-07  2.806E-06  3.000E+02  3.037E+02
   0.26932  11    0.06628  12   1.013E+05  8.917E-07  1.597E-05  3.056E+02  3.115E+02
   0.26932  11    0.07259  13   1.013E+05  1.354E-06  2.041E-05  3.156E+02  3.254E+02
   0.26932  11    0.07891  14   1.013E+05  1.264E-06  3.099E-05  3.329E+02  3.462E+02
   0.26932  11    0.08522  15   1.013E+05  8.181E-07  2.889E-05  3.615E+02  3.803E+02
   0.26932  11    0.09153  16   1.013E+05  5.881E-07  3.904E-05  4.057E+02  4.326E+02
   0.26932  11    0.09784  17   1.013E+05  9.281E-06 -1.318E-04  4.702E+02  5.091E+02
   0.26932  11    0.10416  18   1.013E+05 -2.059E-07  6.367E-04  5.500E+02  6.979E+02
   0.26932  11    0.11047  19   1.013E+05 -9.519E-07 -1.267E-04  4.695E+02  5.088E+02
   0.26932  11    0.11678  20   1.013E+05 -6.918E-07  1.813E-05  4.048E+02  4.300E+02
   0.26932  11    0.12309  21   1.013E+05 -7.246E-07  2.257E-05  3.604E+02  3.779E+02
   0.26932  11    0.12941  22   1.013E+05 -4.983E-07  2.775E-05  3.319E+02  3.440E+02
   0.26932  11    0.13572  23   1.013E+05 -3.492E-07  2.079E-05  3.148E+02  3.218E+02
   0.26932  11    0.14203  24   1.013E+05 -1.431E-07  1.376E-05  3.050E+02  3.091E+02
   0.26932  11    0.14834  25   1.013E+05  4.379E-08  1.317E-05  2.997E+02  3.025E+02
   0.26932  11    0.15466  26   1.013E+05  1.006E-07  3.145E-06  2.969E+02  2.991E+02
   0.26932  11    0.16097  27   1.013E+05  1.073E-07 -2.208E-06  2.954E+02  2.967E+02
   0.26932  11    0.16728  28   1.013E+05  1.019E-07  5.119E-06  2.947E+02  2.954E+02
   0.26932  11    0.17359  29   1.013E+05  9.423E-08  6.915E-06  2.943E+02  2.947E+02
   0.26932  11    0.17991  30   1.013E+05  8.711E-08  4.762E-06  2.941E+02  2.943E+02
   0.26932  11    0.18622  31   1.013E+05  8.116E-08  4.004E-06  2.939E+02  2.940E+02
   0.26932  11    0.19253  32   1.013E+05  7.672E-08  3.383E-06  2.938E+02  2.939E+02
   0.26932  11    0.19884  33   1.013E+05  7.399E-08  2.945E-06  2.937E+02  2.937E+02
   0.26932  11    0.20516  34   1.013E+05  7.330E-08  2.596E-06  2.936E+02  2.937E+02
   0.26932  11    0.21147  35   1.013E+05  7.514E-08  2.309E-06  2.936E+02  2.936E+02
   0.26932  11    0.21778  36   1.013E+05  8.019E-08  2.067E-06  2.935E+02  2.935E+02
   0.26932  11    0.22409  37   1.013E+05  8.934E-08  1.862E-06  2.934E+02  2.935E+02
   0.26932  11    0.23041  38   1.013E+05  1.038E-07  1.685E-06  2.934E+02  2.934E+02
   0.26932  11    0.23672  39   1.013E+05  1.252E-07  1.565E-06  2.933E+02  2.934E+02
   0.26932  11    0.24303  40   1.013E+05  1.562E-07  1.327E-06  2.933E+02  2.933E+02
   0.26932  11    0.24934  41   1.013E+05  1.980E-07  1.989E-06  2.933E+02  2.933E+02
   0.26932  11    0.25566  42   1.013E+05  2.621E-07 -2.438E-06  2.932E+02  2.933E+02
   0.26932  11    0.26197  43   1.013E+05  3.418E-07 -1.437E-05  2.932E+02  2.932E+02
   0.26932  11    0.26828  44   1.013E+05  3.493E-07 -1.481E-05  2.932E+02  2.932E+02
   0.26932  11    0.27459  45   1.013E+05  2.400E-07 -3.219E-06  2.932E+02  2.932E+02
   0.26932  11    0.28091  46   1.013E+05  1.818E-07  1.224E-06  2.932E+02  2.932E+02
   0.26932  11    0.28722  47   1.013E+05  1.342E-07  4.375E-07  2.931E+02  2.931E+02
   0.26932  11    0.29353  48   1.013E+05  9.964E-08  5.387E-07  2.931E+02  2.931E+02
   0.26932  11    0.29984  49   1.013E+05  7.377E-08  4.835E-07  2.931E+02  2.931E+02
   0.26932  11    0.30616  50   1.013E+05  5.453E-08  4.525E-07  2.931E+02  2.931E+02
   0.26932  11    0.31247  51   1.013E+05  4.025E-08  4.175E-07  2.931E+02  2.931E+02
   0.26932  11    0.31878  52   1.013E+05  2.967E-08  3.847E-07  2.931E+02  2.931E+02
   0.26932  11    0.32509  53   1.013E+05  2.186E-08  3.538E-07  2.931E+02  2.931E+02
   0.26932  11    0.33141  54   1.013E+05  1.612E-08  3.252E-07  2.931E+02  2.931E+02
   0.26932  11    0.33772  55   1.013E+05  1.190E-08  2.989E-07  2.931E+02  2.931E+02
   0.26932  11    0.34403  56   1.013E+05  8.809E-09  2.747E-07  2.930E+02  2.931E+02
   0.26932  11    0.35034  57   1.013E+05  6.544E-09  2.525E-07  2.930E+02  2.930E+02
   0.26932  11    0.35666  58   1.013E+05  4.880E-09  2.321E-07  2.930E+02  2.930E+02
   0.26932  11    0.36297  59   1.013E+05  3.647E-09  2.134E-07  2.930E+02  2.930E+02
   0.26932  11    0.36928  60   1.013E+05  2.724E-09  1.963E-07  2.930E+02  2.930E+02
   0.26932  11    0.37559  61   1.013E+05  2.022E-09  1.807E-07  2.930E+02  2.930E+02
   0.26932  11    0.38191  62   1.013E+05  1.477E-09  1.666E-07  2.930E+02  2.930E+02
   0.26932  11    0.38822  63   1.013E+05  1.046E-09  1.538E-07  2.930E+02  2.930E+02
   0.26932  11    0.39453  64   1.013E+05  6.977E-10  1.423E-07  2.930E+02  2.930E+02
   0.26932  11    0.40084  65   1.013E+05  4.145E-10  1.319E-07  2.930E+02  2.930E+02
   0.26932  11    0.40716  66   1.013E+05  1.840E-10  1.225E-07  2.930E+02  2.930E+02
   0.26932  11    0.41347  67   1.013E+05 -1.284E-12  1.139E-07  2.930E+02  2.930E+02
   0.26932  11    0.41978  68   1.013E+05 -1.465E-10  1.061E-07  2.930E+02  2.930E+02
   0.26932  11    0.42609  69   1.013E+05 -2.558E-10  9.903E-08  2.930E+02  2.930E+02
   0.26932  11    0.43241  70   1.013E+05 -3.334E-10  9.249E-08  2.930E+02  2.930E+02
   0.26932  11    0.43872  71   1.013E+05 -3.831E-10  8.647E-08  2.930E+02  2.930E+02
   0.26932  11    0.44503  72   1.013E+05 -4.090E-10  8.094E-08  2.930E+02  2.930E+02
   0.26932  11    0.45134  73   1.013E+05 -4.151E-10  7.586E-08  2.930E+02  2.930E+02
   0.26932  11    0.45766  74   1.013E+05 -4.048E-10  7.124E-08  2.930E+02  2.930E+02
   0.26932  11    0.46397  75   1.013E+05 -3.813E-10  6.703E-08  2.930E+02  2.930E+02
   0.26932  11    0.47028  76   1.013E+05 -3.473E-10  6.321E-08  2.930E+02  2.930E+02
   0.26932  11    0.47659  77   1.013E+05 -3.049E-10  5.980E-08  2.930E+02  2.930E+02
   0.26932  11    0.48291  78   1.013E+05 -2.559E-10  5.640E-08  2.930E+02  2.930E+02
   0.26932  11    0.48922  79   1.013E+05 -2.029E-10  5.509E-08  2.930E+02  2.930E+02
   0.26932  11    0.49553  80   1.013E+05 -1.410E-10  4.332E-08  2.930E+02  2.930E+02
   0.26932  11    0.50184  81   1.013E+05 -1.070E-10  9.383E-08  2.930E+02  2.930E+02
   0.26932  11    0.50500  82   1.013E+05 -1.070E-10  9.383E-08  2.930E+02  2.930E+02
   0.28350  12    0.00000   1   1.013E+05  0.000E+00  0.000E+00  2.930E+02  2.934E+02
   0.28350  12    0.00316   2   1.013E+05  0.000E+00  0.000E+00  2.932E+02  2.934E+02
   0.28350  12    0.00947   3   1.013E+05  0.000E+00  0.000E+00  2.935E+02  2.936E+02
   0.28350  12    0.01578   4   1.013E+05  0.000E+00  0.000E+00  2.937E+02  2.938E+02
   0.28350  12    0.02209   5   1.013E+05  0.000E+00  0.000E+00  2.939E+02  2.940E+02
   0.28350  12    0.02841   6   1.013E+05  0.000E+00  0.000E+00  2.942E+02  2.943E+02
   0.28350  12    0.03472   7   1.013E+05  0.000E+00  0.000E+00  2.944E+02  2.947E+02
   0.28350  12    0.04103   8   1.013E+05  0.000E+00  0.000E+00  2.949E+02  2.955E+02
   0.28350  12    0.04734   9   1.013E+05  0.000E+00  0.000E+00  2.956E+02  2.969E+02
   0.28350  12    0.05366  10   1.013E+05  0.000E+00  0.000E+00  2.971E+02  2.994E+02
   0.28350  12    0.05997  11   1.013E+05  0.000E+00  0.000E+00  3.000E+02  3.037E+02
   0.28350  12    0.06628  12   1.013E+05  0.000E+00  0.000E+00  3.056E+02  3.115E+02
   0.28350  12    0.07259  13   1.013E+05  0.000E+00  0.000E+00  3.156E+02  3.254E+02
   0.28350  12    0.07891  14   1.013E+05  0.000E+00  0.000E+00  3.329E+02  3.462E+02
   0.28350  12    0.08522  15   1.013E+05  0.000E+00  0.000E+00  3.615E+02  3.803E+02
   0.28350  12    0.09153  16   1.013E+05  0.000E+00  0.000E+00  4.057E+02  4.326E+02
   0.28350  12    0.09784  17   1.013E+05  0.000E+00  0.000E+00  4.702E+02  5.091E+02
   0.28350  12    0.10416  18   1.013E+05  0.000E+00  0.000E+00  5.500E+02  6.979E+02
   0.28350  12    0.11047  19   1.013E+05  0.000E+00  0.000E+00  4.695E+02  5.088E+02
   0.28350  12    0.11678  20   1.013E+05  0.000E+00  0.000E+00  4.048E+02  4.300E+02
   0.28350  12    0.12309  21   1.013E+05  0.000E+00  0.000E+00  3.604E+02  3.779E+02
   0.28350  12    0.12941  22   1.013E+05  0.000E+00  0.000E+00  3.319E+02  3.440E+02
   0.28350  12    0.13572  23   1.013E+05  0.000E+00  0.000E+00  3.148E+02  3.218E+02
   0.28350  12    0.14203  24   1.013E+05  0.000E+00  0.000E+00  3.050E+02  3.091E+02
   0.28350  12    0.14834  25   1.013E+05  0.000E+00  0.000E+00  2.997E+02  3.025E+02
   0.28350  12    0.15466  26   1.013E+05  0.000E+00  0.000E+00  2.969E+02  2.991E+02
   0.28350  12    0.16097  27   1.013E+05  0.000E+00  0.000E+00  2.954E+02  2.967E+02
   0.28350  12    0.16728  28   1.013E+05  0.000E+00  0.000E+00  2.947E+02  2.954E+02
   0.28350  12    0.17359  29   1.013E+05  0.000E+00  0.000E+00  2.943E+02  2.947E+02
   0.28350  12    0.17991  30   1.013E+05  0.000E+00  0.000E+00  2.941E+02  2.943E+02
   0.28350  12    0.18622  31   1.013E+05  0.000E+00  0.000E+00  2.939E+02  2.940E+02
   0.28350  12    0.19253  32   1.013E+05  0.000E+00  0.000E+00  2.938E+02  2.939E+02
   0.28350  12    0.19884  33   1.013E+05  0.000E+00  0.000E+00  2.937E+02  2.937E+02
   0.28350  12    0.20516  34   1.013E+05  0.000E+00  0.000E+00  2.936E+02  2.937E+02
   0.28350  12    0.21147  35   1.013E+05  0.000E+00  0.000E+00  2.936E+02  2.936E+02
   0.28350  12    0.21778  36   1.013E+05  0.000E+00  0.000E+00  2.935E+02  2.935E+02
   0.28350  12    0.22409  37   1.013E+05  0.000E+00  0.000E+00  2.934E+02  2.935E+02
   0.28350  12    0.23041  38   1.013E+05  0.000E+00  0.000E+00  2.934E+02  2.934E+02
   0.28350  12    0.23672  39   1.013E+05  0.000E+00  0.000E+00  2.933E+02  2.934E+02
   0.28350  12    0.24303  40   1.013E+05  0.000E+00  0.000E+00  2.933E+02  2.933E+02
   0.28350  12    0.24934  41   1.013E+05  0.000E+00  0.000E+00  2.933E+02  2.933E+02
   0.28350  12    0.25566  42   1.013E+05  0.000E+00  0.000E+00  2.932E+02  2.933E+02
   0.28350  12    0.26197  43   1.013E+05  0.000E+00  0.000E+00  2.932E+02  2.932E+02
   0.28350  12    0.26828  44   1.013E+05  0.000E+00  0.000E+00  2.932E+02  2.932E+02
   0.28350  12    0.27459  45   1.013E+05  0.000E+00  0.000E+00  2.932E+02  2.932E+02
   0.28350  12    0.28091  46   1.013E+05  0.000E+00  0.000E+00  2.932E+02  2.932E+02
   0.28350  12    0.28722  47   1.013E+05  0.000E+00  0.000E+00  2.931E+02  2.931E+02
   0.28350  12    0.29353  48   1.013E+05  0.000E+00  0.000E+00  2.931E+02  2.931E+02
   0.28350  12    0.29984  49   1.013E+05  0.000E+00  0.000E+00  2.931E+02  2.931E+02
   0.28350  12    0.30616  50   1.013E+05  0.000E+00  0.000E+00  2.931E+02  2.931E+02
   0.28350  12    0.31247  51   1.013E+05  0.000E+00  0.000E+00  2.931E+02  2.931E+02
   0.28350  12    0.31878  52   1.013E+05  0.000E+00  0.000E+00  2.931E+02  2.931E+02
   0.28350  12    0.32509  53   1.013E+05  0.000E+00  0.000E+00  2.931E+02  2.931E+02
   0.28350  12    0.33141  54   1.013E+05  0.000E+00  0.000E+00  2.931E+02  2.931E+02
   0.28350  12    0.33772  55   1.013E+05  0.000E+00  0.000E+00  2.931E+02  2.931E+02
   0.28350  12    0.34403  56   1.013E+05  0.000E+00  0.000E+00  2.930E+02  2.931E+02
   0.28350  12    0.35034  57   1.013E+05  0.000E+00  0.000E+00  2.930E+02  2.930E+02
   0.28350  12    0.35666  58   1.013E+05  0.000E+00  0.000E+00  2.930E+02  2.930E+02
   0.28350  12    0.36297  59   1.013E+05  0.000E+00  0.000E+00  2.930E+02  2.930E+02
   0.28350  12    0.36928  60   1.013E+05  0.000E+00  0.000E+00  2.930E+02  2.930E+02
   0.28350  12    0.37559  61   1.013E+05  0.000E+00  0.000E+00  2.930E+02  2.930E+02
   0.28350  12    0.38191  62   1.013E+05  0.000E+00  0.000E+00  2.930E+02  2.930E+02
   0.28350  12    0.38822  63   1.013E+05  0.000E+00  0.000E+00  2.930E+02  2.930E+02
   0.28350  12    0.39453  64   1.013E+05  0.000E+00  0.000E+00  2.930E+02  2.930E+02
   0.28350  12    0.40084  65   1.013E+05  0.000E+00  0.000E+00  2.930E+02  2.930E+02
   0.28350  12    0.40716  66   1.013E+05  0.000E+00  0.000E+00  2.930E+02  2.930E+02
   0.28350  12    0.41347  67   1.013E+05  0.000E+00  0.000E+00  2.930E+02  2.930E+02
   0.28350  12    0.41978  68   1.013E+05  0.000E+00  0.000E+00  2.930E+02  2.930E+02
   0.28350  12    0.42609  69   1.013E+05  0.000E+00  0.000E+00  2.930E+02  2.930E+02
   0.28350  12    0.43241  70   1.013E+05  0.000E+00  0.000E+00  2.930E+02  2.930E+02
   0.28350  12    0.43872  71   1.013E+05  0.000E+00  0.000E+00  2.930E+02  2.930E+02
   0.28350  12    0.44503  72   1.013E+05  0.000E+00  0.000E+00  2.930E+02  2.930E+02
   0.28350  12    0.45134  73   1.013E+05  0.000E+00  0.000E+00  2.930E+02  2.930E+02
   0.28350  12    0.45766  74   1.013E+05  0.000E+00  0.000E+00  2.930E+02  2.930E+02
   0.28350  12    0.46397  75   1.013E+05  0.000E+00  0.000E+00  2.930E+02  2.930E+02
   0.28350  12    0.47028  76   1.013E+05  0.000E+00  0.000E+00  2.930E+02  2.930E+02
   0.28350  12    0.47659  77   1.013E+05  0.000E+00  0.000E+00  2.930E+02  2.930E+02
   0.28350  12    0.48291  78   1.013E+05  0.000E+00  0.000E+00  2.930E+02  2.930E+02
   0.28350  12    0.48922  79   1.013E+05  0.000E+00  0.000E+00  2.930E+02  2.930E+02
   0.28350  12    0.49553  80   1.013E+05  0.000E+00  0.000E+00  2.930E+02  2.930E+02
   0.28350  12    0.50184  81   1.013E+05  0.000E+00  0.000E+00  2.930E+02  2.930E+02
   0.28350  12    0.50500  82   1.013E+05 -1.070E-10  9.383E-08  2.930E+02  2.930E+02
