# xp i yp j p u v ts tf
   0.00000   1    0.00000   1   1.019E+05  0.000E+00  0.000E+00  2.931E+02  2.931E+02
   0.00000   1    0.00316   2   1.019E+05  0.000E+00  0.000E+00  2.931E+02  2.931E+02
   0.00000   1    0.00947   3   1.019E+05  0.000E+00  0.000E+00  2.932E+02  2.932E+02
   0.00000   1    0.01578   4   1.019E+05  0.000E+00  0.000E+00  2.934E+02  2.933E+02
   0.00000   1    0.02209   5   1.019E+05  0.000E+00  0.000E+00  2.937E+02  2.935E+02
   0.00000   1    0.02841   6   1.019E+05  0.000E+00  0.000E+00  2.941E+02  2.939E+02
   0.00000   1    0.03472   7   1.019E+05  0.000E+00  0.000E+00  2.948E+02  2.944E+02
   0.00000   1    0.04103   8   1.019E+05  0.000E+00  0.000E+00  2.959E+02  2.953E+02
   0.00000   1    0.04734   9   1.019E+05  0.000E+00  0.000E+00  2.976E+02  2.967E+02
   0.00000   1    0.05366  10   1.018E+05  0.000E+00  0.000E+00  3.003E+02  2.989E+02
   0.00000   1    0.05997  11   1.018E+05  0.000E+00  0.000E+00  3.043E+02  3.022E+02
   0.00000   1    0.06628  12   1.018E+05  0.000E+00  0.000E+00  3.103E+02  3.071E+02
   0.00000   1    0.07259  13   1.018E+05  0.000E+00  0.000E+00  3.191E+02  3.143E+02
   0.00000   1    0.07891  14   1.018E+05  0.000E+00  0.000E+00  3.320E+02  3.249E+02
   0.00000   1    0.08522  15   1.018E+05  0.000E+00  0.000E+00  3.509E+02  3.406E+02
   0.00000   1    0.09153  16   1.018E+05  0.000E+00  0.000E+00  3.796E+02  3.641E+02
   0.00000   1    0.09784  17   1.018E+05  0.000E+00  0.000E+00  4.242E+02  4.002E+02
   0.00000   1    0.10416  18   1.018E+05  0.000E+00  0.000E+00  4.882E+02  4.524E+02
   0.00000   1    0.11047  19   1.018E+05  0.000E+00  0.000E+00  5.083E+02  4.855E+02
   0.00000   1    0.11678  20   1.018E+05  0.000E+00  0.000E+00  5.175E+02  5.044E+02
   0.00000   1    0.12309  21   1.018E+05  0.000E+00  0.000E+00  5.183E+02  5.125E+02
   0.00000   1    0.12941  22   1.018E+05  0.000E+00  0.000E+00  5.117E+02  5.119E+02
   0.00000   1    0.13572  23   1.018E+05  0.000E+00  0.000E+00  4.988E+02  5.040E+02
   0.00000   1    0.14203  24   1.017E+05  0.000E+00  0.000E+00  4.814E+02  4.904E+02
   0.00000   1    0.14834  25   1.017E+05  0.000E+00  0.000E+00  4.611E+02  4.729E+02
   0.00000   1    0.15466  26   1.017E+05  0.000E+00  0.000E+00  4.396E+02  4.530E+02
   0.00000   1    0.16097  27   1.017E+05  0.000E+00  0.000E+00  4.181E+02  4.322E+02
   0.00000   1    0.16728  28   1.017E+05  0.000E+00  0.000E+00  3.978E+02  4.117E+02
   0.00000   1    0.17359  29   1.017E+05  0.000E+00  0.000E+00  3.791E+02  3.923E+02
   0.00000   1    0.17991  30   1.017E+05  0.000E+00  0.000E+00  3.627E+02  3.747E+02
   0.00000   1    0.18622  31   1.017E+05  0.000E+00  0.000E+00  3.486E+02  3.592E+02
   0.00000   1    0.19253  32   1.017E+05  0.000E+00  0.000E+00  3.367E+02  3.458E+02
   0.00000   1    0.19884  33   1.017E+05  0.000E+00  0.000E+00  3.269E+02  3.346E+02
   0.00000   1    0.20516  34   1.017E+05  0.000E+00  0.000E+00  3.191E+02  3.254E+02
   0.00000   1    0.21147  35   1.017E+05  0.000E+00  0.000E+00  3.128E+02  3.179E+02
   0.00000   1    0.21778  36   1.017E+05  0.000E+00  0.000E+00  3.079E+02  3.120E+02
   0.00000   1    0.22409  37   1.017E+05  0.000E+00  0.000E+00  3.042E+02  3.074E+02
   0.00000   1    0.23041  38   1.016E+05  0.000E+00  0.000E+00  3.013E+02  3.038E+02
   0.00000   1    0.23672  39   1.016E+05  0.000E+00  0.000E+00  2.992E+02  3.010E+02
   0.00000   1    0.24303  40   1.016E+05  0.000E+00  0.000E+00  2.976E+02  2.990E+02
   0.00000   1    0.24934  41   1.016E+05  0.000E+00  0.000E+00  2.964E+02  2.974E+02
   0.00000   1    0.25566  42   1.016E+05  0.000E+00  0.000E+00  2.955E+02  2.963E+02
   0.00000   1    0.26197  43   1.016E+05  0.000E+00  0.000E+00  2.948E+02  2.954E+02
   0.00000   1    0.26828  44   1.016E+05  0.000E+00  0.000E+00  2.944E+02  2.948E+02
   0.00000   1    0.27459  45   1.016E+05  0.000E+00  0.000E+00  2.940E+02  2.944E+02
   0.00000   1    0.28091  46   1.016E+05  0.000E+00  0.000E+00  2.938E+02  2.940E+02
   0.00000   1    0.28722  47   1.016E+05  0.000E+00  0.000E+00  2.936E+02  2.938E+02
   0.00000   1    0.29353  48   1.016E+05  0.000E+00  0.000E+00  2.935E+02  2.936E+02
   0.00000   1    0.29984  49   1.016E+05  0.000E+00  0.000E+00  2.934E+02  2.935E+02
   0.00000   1    0.30616  50   1.016E+05  0.000E+00  0.000E+00  2.933E+02  2.934E+02
   0.00000   1    0.31247  51   1.015E+05  0.000E+00  0.000E+00  2.933E+02  2.933E+02
   0.00000   1    0.31878  52   1.015E+05  0.000E+00  0.000E+00  2.932E+02  2.932E+02
   0.00000   1    0.32509  53   1.015E+05  0.000E+00  0.000E+00  2.932E+02  2.932E+02
   0.00000   1    0.33141  54   1.015E+05  0.000E+00  0.000E+00  2.932E+02  2.932E+02
   0.00000   1    0.33772  55   1.015E+05  0.000E+00  0.000E+00  2.931E+02  2.931E+02
   0.00000   1    0.34403  56   1.015E+05  0.000E+00  0.000E+00  2.931E+02  2.931E+02
   0.00000   1    0.35034  57   1.015E+05  0.000E+00  0.000E+00  2.931E+02  2.931E+02
   0.00000   1    0.35666  58   1.015E+05  0.000E+00  0.000E+00  2.931E+02  2.931E+02
   0.00000   1    0.36297  59   1.015E+05  0.000E+00  0.000E+00  2.931E+02  2.931E+02
   0.00000   1    0.36928  60   1.015E+05  0.000E+00  0.000E+00  2.931E+02  2.931E+02
   0.00000   1    0.37559  61   1.015E+05  0.000E+00  0.000E+00  2.931E+02  2.931E+02
   0.00000   1    0.38191  62   1.015E+05  0.000E+00  0.000E+00  2.931E+02  2.931E+02
   0.00000   1    0.38822  63   1.015E+05  0.000E+00  0.000E+00  2.930E+02  2.931E+02
   0.00000   1    0.39453  64   1.015E+05  0.000E+00  0.000E+00  2.930E+02  2.930E+02
   0.00000   1    0.40084  65   1.014E+05  0.000E+00  0.000E+00  2.930E+02  2.930E+02
   0.00000   1    0.40716  66   1.014E+05  0.000E+00  0.000E+00  2.930E+02  2.930E+02
   0.00000   1    0.41347  67   1.014E+05  0.000E+00  0.000E+00  2.930E+02  2.930E+02
   0.00000   1    0.41978  68   1.014E+05  0.000E+00  0.000E+00  2.930E+02  2.930E+02
   0.00000   1    0.42609  69   1.014E+05  0.000E+00  0.000E+00  2.930E+02  2.930E+02
   0.00000   1    0.43241  70   1.014E+05  0.000E+00  0.000E+00  2.930E+02  2.930E+02
   0.00000   1    0.43872  71   1.014E+05  0.000E+00  0.000E+00  2.930E+02  2.930E+02
   0.00000   1    0.44503  72   1.014E+05  0.000E+00  0.000E+00  2.930E+02  2.930E+02
   0.00000   1    0.45134  73   1.014E+05  0.000E+00  0.000E+00  2.930E+02  2.930E+02
   0.00000   1    0.45766  74   1.014E+05  0.000E+00  0.000E+00  2.930E+02  2.930E+02
   0.00000   1    0.46397  75   1.014E+05  0.000E+00  0.000E+00  2.930E+02  2.930E+02
   0.00000   1    0.47028  76   1.014E+05  0.000E+00  0.000E+00  2.930E+02  2.930E+02
   0.00000   1    0.47659  77   1.014E+05  0.000E+00  0.000E+00  2.930E+02  2.930E+02
   0.00000   1    0.48291  78   1.014E+05  0.000E+00  0.000E+00  2.930E+02  2.930E+02
   0.00000   1    0.48922  79   1.013E+05  0.000E+00  0.000E+00  2.930E+02  2.930E+02
   0.00000   1    0.49553  80   1.013E+05  0.000E+00  0.000E+00  2.930E+02  2.930E+02
   0.00000   1    0.50184  81   1.013E+05  0.000E+00  0.000E+00  2.930E+02  2.930E+02
   0.00000   1    0.50500  82   1.013E+05  0.000E+00  0.000E+00  2.930E+02  2.930E+02
   0.01417   2    0.00000   1   1.019E+05  8.421E-08  6.500E-02  2.930E+02  2.931E+02
   0.01417   2    0.00316   2   1.019E+05  8.421E-08  6.493E-02  2.931E+02  2.931E+02
   0.01417   2    0.00947   3   1.019E+05  6.403E-08  6.497E-02  2.932E+02  2.932E+02
   0.01417   2    0.01578   4   1.019E+05  5.152E-08  6.498E-02  2.934E+02  2.933E+02
   0.01417   2    0.02209   5   1.019E+05  4.128E-08  6.498E-02  2.937E+02  2.935E+02
   0.01417   2    0.02841   6   1.019E+05  3.336E-08  6.499E-02  2.941E+02  2.939E+02
   0.01417   2    0.03472   7   1.019E+05  2.712E-08  6.498E-02  2.948E+02  2.944E+02
   0.01417   2    0.04103   8   1.019E+05  2.213E-08  6.498E-02  2.959E+02  2.953E+02
   0.01417   2    0.04734   9   1.019E+05  1.811E-08  6.498E-02  2.976E+02  2.967E+02
   0.01417   2    0.05366  10   1.018E+05  1.479E-08  6.498E-02  3.003E+02  2.989E+02
   0.01417   2    0.05997  11   1.018E+05  1.194E-08  6.498E-02  3.043E+02  3.022E+02
   0.01417   2    0.06628  12   1.018E+05  9.447E-09  6.497E-02  3.103E+02  3.071E+02
   0.01417   2    0.07259  13   1.018E+05  7.289E-09  6.496E-02  3.191E+02  3.143E+02
   0.01417   2    0.07891  14   1.018E+05  5.520E-09  6.495E-02  3.320E+02  3.249E+02
   0.01417   2    0.08522  15   1.018E+05  4.255E-09  6.494E-02  3.509E+02  3.406E+02
   0.01417   2    0.09153  16   1.018E+05  3.551E-09  6.493E-02  3.796E+02  3.641E+02
   0.01417   2    0.09784  17   1.018E+05  3.443E-09  6.487E-02  4.242E+02  4.002E+02
   0.01417   2    0.10416  18   1.018E+05  3.951E-09  6.504E-02  4.882E+02  4.524E+02
   0.01417   2    0.11047  19   1.018E+05  4.944E-09  6.495E-02  5.083E+02  4.855E+02
   0.01417   2    0.11678  20   1.018E+05  6.326E-09  6.496E-02  5.175E+02  5.044E+02
   0.01417   2    0.12309  21   1.018E+05  8.022E-09  6.498E-02  5.183E+02  5.125E+02
   0.01417   2    0.12941  22   1.018E+05  9.852E-09  6.499E-02  5.117E+02  5.119E+02
   0.01417   2    0.13572  23   1.018E+05  1.154E-08  6.500E-02  4.988E+02  5.040E+02
   0.01417   2    0.14203  24   1.017E+05  1.282E-08  6.503E-02  4.814E+02  4.904E+02
   0.01417   2    0.14834  25   1.017E+05  1.347E-08  6.504E-02  4.611E+02  4.729E+02
   0.01417   2    0.15466  26   1.017E+05  1.336E-08  6.505E-02  4.396E+02  4.530E+02
   0.01417   2    0.16097  27   1.017E+05  1.248E-08  6.505E-02  4.181E+02  4.322E+02
   0.01417   2    0.16728  28   1.017E+05  1.092E-08  6.504E-02  3.978E+02  4.117E+02
   0.01417   2    0.17359  29   1.017E+05  8.820E-09  6.504E-02  3.791E+02  3.923E+02
   0.01417   2    0.17991  30   1.017E+05  6.413E-09  6.503E-02  3.627E+02  3.747E+02
   0.01417   2    0.18622  31   1.017E+05  3.888E-09  6.502E-02  3.486E+02  3.592E+02
   0.01417   2    0.19253  32   1.017E+05  1.423E-09  6.501E-02  3.367E+02  3.458E+02
   0.01417   2    0.19884  33   1.017E+05 -8.259E-10  6.500E-02  3.269E+02  3.346E+02
   0.01417   2    0.20516  34   1.017E+05 -2.753E-09  6.500E-02  3.191E+02  3.254E+02
   0.01417   2    0.21147  35   1.017E+05 -4.301E-09  6.501E-02  3.128E+02  3.179E+02
   0.01417   2    0.21778  36   1.017E+05 -5.458E-09  6.501E-02  3.079E+02  3.120E+02
   0.01417   2    0.22409  37   1.017E+05 -6.223E-09  6.500E-02  3.042E+02  3.074E+02
   0.01417   2    0.23041  38   1.016E+05 -6.651E-09  6.499E-02  3.013E+02  3.038E+02
   0.01417   2    0.23672  39   1.016E+05 -6.794E-09  6.499E-02  2.992E+02  3.010E+02
   0.01417   2    0.24303  40   1.016E+05 -6.682E-09  6.498E-02  2.976E+02  2.990E+02
   0.01417   2    0.24934  41   1.016E+05 -6.400E-09  6.498E-02  2.964E+02  2.974E+02
   0.01417   2    0.25566  42   1.016E+05 -6.006E-09  6.499E-02  2.955E+02  2.963E+02
   0.01417   2    0.26197  43   1.016E+05 -5.529E-09  6.499E-02  2.948E+02  2.954E+02
   0.01417   2    0.26828  44   1.016E+05 -5.013E-09  6.499E-02  2.944E+02  2.948E+02
   0.01417   2    0.27459  45   1.016E+05 -4.488E-09  6.499E-02  2.940E+02  2.944E+02
   0.01417   2    0.28091  46   1.016E+05 -3.984E-09  6.498E-02  2.938E+02  2.940E+02
   0.01417   2    0.28722  47   1.016E+05 -3.497E-09  6.498E-02  2.936E+02  2.938E+02
   0.01417   2    0.29353  48   1.016E+05 -3.042E-09  6.498E-02  2.935E+02  2.936E+02
   0.01417   2    0.29984  49   1.016E+05 -2.631E-09  6.498E-02  2.934E+02  2.935E+02
   0.01417   2    0.30616  50   1.016E+05 -2.268E-09  6.498E-02  2.933E+02  2.934E+02
   0.01417   2    0.31247  51   1.015E+05 -1.955E-09  6.498E-02  2.933E+02  2.933E+02
   0.01417   2    0.31878  52   1.015E+05 -1.696E-09  6.498E-02  2.932E+02  2.932E+02
   0.01417   2    0.32509  53   1.015E+05 -1.470E-09  6.498E-02  2.932E+02  2.932E+02
   0.01417   2    0.33141  54   1.015E+05 -1.268E-09  6.498E-02  2.932E+02  2.932E+02
   0.01417   2    0.33772  55   1.015E+05 -1.138E-09  6.498E-02  2.931E+02  2.931E+02
   0.01417   2    0.34403  56   1.015E+05 -1.025E-09  6.498E-02  2.931E+02  2.931E+02
   0.01417   2    0.35034  57   1.015E+05 -9.341E-10  6.498E-02  2.931E+02  2.931E+02
   0.01417   2    0.35666  58   1.015E+05 -8.591E-10  6.498E-02  2.931E+02  2.931E+02
   0.01417   2    0.36297  59   1.015E+05 -7.908E-10  6.498E-02  2.931E+02  2.931E+02
   0.01417   2    0.36928  60   1.015E+05 -7.511E-10  6.498E-02  2.931E+02  2.931E+02
   0.01417   2    0.37559  61   1.015E+05 -7.111E-10  6.498E-02  2.931E+02  2.931E+02
   0.01417   2    0.38191  62   1.015E+05 -6.730E-10  6.498E-02  2.931E+02  2.931E+02
   0.01417   2    0.38822  63   1.015E+05 -6.343E-10  6.498E-02  2.930E+02  2.931E+02
   0.01417   2    0.39453  64   1.015E+05 -5.888E-10  6.498E-02  2.930E+02  2.930E+02
   0.01417   2    0.40084  65   1.014E+05 -5.569E-10  6.498E-02  2.930E+02  2.930E+02
   0.01417   2    0.40716  66   1.014E+05 -5.388E-10  6.498E-02  2.930E+02  2.930E+02
   0.01417   2    0.41347  67   1.014E+05 -5.137E-10  6.498E-02  2.930E+02  2.930E+02
   0.01417   2    0.41978  68   1.014E+05 -4.920E-10  6.498E-02  2.930E+02  2.930E+02
   0.01417   2    0.42609  69   1.014E+05 -4.485E-10  6.498E-02  2.930E+02  2.930E+02
   0.01417   2    0.43241  70   1.014E+05 -4.091E-10  6.498E-02  2.930E+02  2.930E+02
   0.01417   2    0.43872  71   1.014E+05 -3.745E-10  6.498E-02  2.930E+02  2.930E+02
   0.01417   2    0.44503  72   1.014E+05 -3.141E-10  6.498E-02  2.930E+02  2.930E+02
   0.01417   2    0.45134  73   1.014E+05 -2.753E-10  6.498E-02  2.930E+02  2.930E+02
   0.01417   2    0.45766  74   1.014E+05 -2.534E-10  6.498E-02  2.930E+02  2.930E+02
   0.01417   2    0.46397  75   1.014E+05 -2.279E-10  6.498E-02  2.930E+02  2.930E+02
   0.01417   2    0.47028  76   1.014E+05 -2.016E-10  6.498E-02  2.930E+02  2.930E+02
   0.01417   2    0.47659  77   1.014E+05 -1.741E-10  6.498E-02  2.930E+02  2.930E+02
   0.01417   2    0.48291  78   1.014E+05 -1.445E-10  6.498E-02  2.930E+02  2.930E+02
   0.01417   2    0.48922  79   1.013E+05 -1.143E-10  6.499E-02  2.930E+02  2.930E+02
   0.01417   2    0.49553  80   1.013E+05 -8.061E-11  6.499E-02  2.930E+02  2.930E+02
   0.01417   2    0.50184  81   1.013E+05 -6.149E-11  6.500E-02  2.930E+02  2.930E+02
   0.01417   2    0.50500  82   1.013E+05 -6.149E-11  6.500E-02  2.930E+02  2.930E+02
   0.04252   3    0.00000   1   1.019E+05  1.082E-07  6.500E-02  2.930E+02  2.931E+02
   0.04252   3    0.00316   2   1.019E+05  1.082E-07  6.493E-02  2.931E+02  2.931E+02
   0.04252   3    0.00947   3   1.019E+05  8.700E-08  6.497E-02  2.932E+02  2.932E+02
   0.04252   3    0.01578   4   1.019E+05  7.299E-08  6.498E-02  2.934E+02  2.933E+02
   0.04252   3    0.02209   5   1.019E+05  6.103E-08  6.499E-02  2.937E+02  2.935E+02
   0.04252   3    0.02841   6   1.019E+05  5.132E-08  6.499E-02  2.941E+02  2.939E+02
   0.04252   3    0.03472   7   1.019E+05  4.332E-08  6.498E-02  2.948E+02  2.944E+02
   0.04252   3    0.04103   8   1.019E+05  3.672E-08  6.498E-02  2.959E+02  2.953E+02
   0.04252   3    0.04734   9   1.019E+05  3.125E-08  6.498E-02  2.977E+02  2.967E+02
   0.04252   3    0.05366  10   1.018E+05  2.672E-08  6.498E-02  3.003E+02  2.989E+02
   0.04252   3    0.05997  11   1.018E+05  2.294E-08  6.498E-02  3.043E+02  3.022E+02
   0.04252   3    0.06628  12   1.018E+05  1.981E-08  6.497E-02  3.103E+02  3.071E+02
   0.04252   3    0.07259  13   1.018E+05  1.718E-08  6.496E-02  3.191E+02  3.143E+02
   0.04252   3    0.07891  14   1.018E+05  1.501E-08  6.495E-02  3.320E+02  3.249E+02
   0.04252   3    0.08522  15   1.018E+05  1.336E-08  6.494E-02  3.509E+02  3.406E+02
   0.04252   3    0.09153  16   1.018E+05  1.234E-08  6.493E-02  3.795E+02  3.641E+02
   0.04252   3    0.09784  17   1.018E+05  1.210E-08  6.487E-02  4.242E+02  4.002E+02
   0.04252   3    0.10416  18   1.018E+05  1.266E-08  6.504E-02  4.882E+02  4.524E+02
   0.04252   3    0.11047  19   1.018E+05  1.393E-08  6.495E-02  5.083E+02  4.855E+02
   0.04252   3    0.11678  20   1.018E+05  1.572E-08  6.496E-02  5.175E+02  5.044E+02
   0.04252   3    0.12309  21   1.018E+05  1.789E-08  6.498E-02  5.183E+02  5.125E+02
   0.04252   3    0.12941  22   1.018E+05  2.010E-08  6.499E-02  5.116E+02  5.119E+02
   0.04252   3    0.13572  23   1.018E+05  2.186E-08  6.500E-02  4.988E+02  5.039E+02
   0.04252   3    0.14203  24   1.017E+05  2.275E-08  6.503E-02  4.814E+02  4.904E+02
   0.04252   3    0.14834  25   1.017E+05  2.248E-08  6.504E-02  4.611E+02  4.729E+02
   0.04252   3    0.15466  26   1.017E+05  2.097E-08  6.505E-02  4.396E+02  4.530E+02
   0.04252   3    0.16097  27   1.017E+05  1.832E-08  6.505E-02  4.181E+02  4.322E+02
   0.04252   3    0.16728  28   1.017E+05  1.477E-08  6.504E-02  3.978E+02  4.117E+02
   0.04252   3    0.17359  29   1.017E+05  1.058E-08  6.504E-02  3.792E+02  3.923E+02
   0.04252   3    0.17991  30   1.017E+05  6.171E-09  6.503E-02  3.627E+02  3.747E+02
   0.04252   3    0.18622  31   1.017E+05  1.862E-09  6.503E-02  3.486E+02  3.592E+02
   0.04252   3    0.19253  32   1.017E+05 -2.060E-09  6.501E-02  3.367E+02  3.458E+02
   0.04252   3    0.19884  33   1.017E+05 -5.394E-09  6.500E-02  3.270E+02  3.346E+02
   0.04252   3    0.20516  34   1.017E+05 -8.066E-09  6.500E-02  3.191E+02  3.254E+02
   0.04252   3    0.21147  35   1.017E+05 -1.002E-08  6.501E-02  3.128E+02  3.179E+02
   0.04252   3    0.21778  36   1.017E+05 -1.129E-08  6.501E-02  3.080E+02  3.120E+02
   0.04252   3    0.22409  37   1.017E+05 -1.191E-08  6.500E-02  3.042E+02  3.074E+02
   0.04252   3    0.23041  38   1.016E+05 -1.201E-08  6.499E-02  3.013E+02  3.038E+02
   0.04252   3    0.23672  39   1.016E+05 -1.170E-08  6.499E-02  2.992E+02  3.011E+02
   0.04252   3    0.24303  40   1.016E+05 -1.103E-08  6.498E-02  2.976E+02  2.990E+02
   0.04252   3    0.24934  41   1.016E+05 -1.019E-08  6.498E-02  2.964E+02  2.974E+02
   0.04252   3    0.25566  42   1.016E+05 -9.240E-09  6.499E-02  2.955E+02  2.963E+02
   0.04252   3    0.26197  43   1.016E+05 -8.222E-09  6.499E-02  2.949E+02  2.954E+02
   0.04252   3    0.26828  44   1.016E+05 -7.223E-09  6.499E-02  2.944E+02  2.948E+02
   0.04252   3    0.27459  45   1.016E+05 -6.268E-09  6.499E-02  2.940E+02  2.944E+02
   0.04252   3    0.28091  46   1.016E+05 -5.384E-09  6.499E-02  2.938E+02  2.940E+02
   0.04252   3    0.28722  47   1.016E+05 -4.573E-09  6.498E-02  2.936E+02  2.938E+02
   0.04252   3    0.29353  48   1.016E+05 -3.825E-09  6.498E-02  2.935E+02  2.936E+02
   0.04252   3    0.29984  49   1.016E+05 -3.175E-09  6.498E-02  2.934E+02  2.935E+02
   0.04252   3    0.30616  50   1.016E+05 -2.628E-09  6.498E-02  2.933E+02  2.934E+02
   0.04252   3    0.31247  51   1.015E+05 -2.169E-09  6.498E-02  2.933E+02  2.933E+02
   0.04252   3    0.31878  52   1.015E+05 -1.779E-09  6.498E-02  2.932E+02  2.933E+02
   0.04252   3    0.32509  53   1.015E+05 -1.459E-09  6.498E-02  2.932E+02  2.932E+02
   0.04252   3    0.33141  54   1.015E+05 -1.200E-09  6.498E-02  2.932E+02  2.932E+02
   0.04252   3    0.33772  55   1.015E+05 -1.017E-09  6.498E-02  2.931E+02  2.932E+02
   0.04252   3    0.34403  56   1.015E+05 -8.961E-10  6.498E-02  2.931E+02  2.931E+02
   0.04252   3    0.35034  57   1.015E+05 -8.316E-10  6.498E-02  2.931E+02  2.931E+02
   0.04252   3    0.35666  58   1.015E+05 -7.936E-10  6.498E-02  2.931E+02  2.931E+02
   0.04252   3    0.36297  59   1.015E+05 -7.712E-10  6.498E-02  2.931E+02  2.931E+02
   0.04252   3    0.36928  60   1.015E+05 -7.797E-10  6.498E-02  2.931E+02  2.931E+02
   0.04252   3    0.37559  61   1.015E+05 -7.870E-10  6.498E-02  2.931E+02  2.931E+02
   0.04252   3    0.38191  62   1.015E+05 -7.933E-10  6.498E-02  2.931E+02  2.931E+02
   0.04252   3    0.38822  63   1.015E+05 -7.925E-10  6.498E-02  2.930E+02  2.931E+02
   0.04252   3    0.39453  64   1.015E+05 -7.770E-10  6.498E-02  2.930E+02  2.930E+02
   0.04252   3    0.40084  65   1.014E+05 -7.672E-10  6.498E-02  2.930E+02  2.930E+02
   0.04252   3    0.40716  66   1.014E+05 -7.640E-10  6.498E-02  2.930E+02  2.930E+02
   0.04252   3    0.41347  67   1.014E+05 -7.465E-10  6.498E-02  2.930E+02  2.930E+02
   0.04252   3    0.41978  68   1.014E+05 -7.257E-10  6.498E-02  2.930E+02  2.930E+02
   0.04252   3    0.42609  69   1.014E+05 -6.775E-10  6.498E-02  2.930E+02  2.930E+02
   0.04252   3    0.43241  70   1.014E+05 -6.299E-10  6.498E-02  2.930E+02  2.930E+02
   0.04252   3    0.43872  71   1.014E+05 -5.848E-10  6.498E-02  2.930E+02  2.930E+02
   0.04252   3    0.44503  72   1.014E+05 -5.123E-10  6.498E-02  2.930E+02  2.930E+02
   0.04252   3    0.45134  73   1.014E+05 -4.604E-10  6.498E-02  2.930E+02  2.930E+02
   0.04252   3    0.45766  74   1.014E+05 -4.273E-10  6.498E-02  2.930E+02  2.930E+02
   0.04252   3    0.46397  75   1.014E+05 -3.922E-10  6.498E-02  2.930E+02  2.930E+02
   0.04252   3    0.47028  76   1.014E+05 -3.571E-10  6.498E-02  2.930E+02  2.930E+02
   0.04252   3    0.47659  77   1.014E+05 -3.254E-10  6.498E-02  2.930E+02  2.930E+02
   0.04252   3    0.48291  78   1.014E+05 -2.692E-10  6.498E-02  2.930E+02  2.930E+02
   0.04252   3    0.48922  79   1.013E+05 -2.082E-10  6.499E-02  2.930E+02  2.930E+02
   0.04252   3    0.49553  80   1.013E+05 -1.743E-10  6.500E-02  2.930E+02  2.930E+02
   0.04252   3    0.50184  81   1.013E+05 -1.407E-10  6.500E-02  2.930E+02  2.930E+02
   0.04252   3    0.50500  82   1.013E+05 -1.407E-10  6.500E-02  2.930E+02  2.930E+02
   0.07087   4    0.00000   1   1.019E+05  3.886E-08  6.500E-02  2.930E+02  2.931E+02
   0.07087   4    0.00316   2   1.019E+05  3.886E-08  6.493E-02  2.931E+02  2.931E+02
   0.07087   4    0.00947   3   1.019E+05  3.746E-08  6.497E-02  2.932E+02  2.932E+02
   0.07087   4    0.01578   4   1.019E+05  3.544E-08  6.498E-02  2.934E+02  2.933E+02
   0.07087   4    0.02209   5   1.019E+05  3.302E-08  6.498E-02  2.937E+02  2.935E+02
   0.07087   4    0.02841   6   1.019E+05  3.040E-08  6.499E-02  2.941E+02  2.939E+02
   0.07087   4    0.03472   7   1.019E+05  2.769E-08  6.498E-02  2.948E+02  2.944E+02
   0.07087   4    0.04103   8   1.019E+05  2.501E-08  6.498E-02  2.959E+02  2.953E+02
   0.07087   4    0.04734   9   1.019E+05  2.240E-08  6.498E-02  2.976E+02  2.967E+02
   0.07087   4    0.05366  10   1.018E+05  1.995E-08  6.498E-02  3.003E+02  2.989E+02
   0.07087   4    0.05997  11   1.018E+05  1.772E-08  6.498E-02  3.043E+02  3.022E+02
   0.07087   4    0.06628  12   1.018E+05  1.580E-08  6.497E-02  3.103E+02  3.071E+02
   0.07087   4    0.07259  13   1.018E+05  1.424E-08  6.496E-02  3.191E+02  3.143E+02
   0.07087   4    0.07891  14   1.018E+05  1.308E-08  6.495E-02  3.320E+02  3.249E+02
   0.07087   4    0.08522  15   1.018E+05  1.227E-08  6.494E-02  3.509E+02  3.406E+02
   0.07087   4    0.09153  16   1.018E+05  1.176E-08  6.493E-02  3.795E+02  3.641E+02
   0.07087   4    0.09784  17   1.018E+05  1.148E-08  6.487E-02  4.242E+02  4.002E+02
   0.07087   4    0.10416  18   1.018E+05  1.122E-08  6.504E-02  4.882E+02  4.524E+02
   0.07087   4    0.11047  19   1.018E+05  1.093E-08  6.495E-02  5.083E+02  4.855E+02
   0.07087   4    0.11678  20   1.018E+05  1.051E-08  6.496E-02  5.175E+02  5.044E+02
   0.07087   4    0.12309  21   1.018E+05  9.868E-09  6.498E-02  5.183E+02  5.125E+02
   0.07087   4    0.12941  22   1.018E+05  8.961E-09  6.499E-02  5.116E+02  5.119E+02
   0.07087   4    0.13572  23   1.018E+05  7.711E-09  6.500E-02  4.988E+02  5.040E+02
   0.07087   4    0.14203  24   1.017E+05  6.129E-09  6.503E-02  4.814E+02  4.904E+02
   0.07087   4    0.14834  25   1.017E+05  4.314E-09  6.504E-02  4.611E+02  4.729E+02
   0.07087   4    0.15466  26   1.017E+05  2.448E-09  6.505E-02  4.396E+02  4.530E+02
   0.07087   4    0.16097  27   1.017E+05  6.633E-10  6.505E-02  4.182E+02  4.323E+02
   0.07087   4    0.16728  28   1.017E+05 -9.091E-10  6.504E-02  3.978E+02  4.117E+02
   0.07087   4    0.17359  29   1.017E+05 -2.238E-09  6.504E-02  3.792E+02  3.924E+02
   0.07087   4    0.17991  30   1.017E+05 -3.268E-09  6.503E-02  3.627E+02  3.747E+02
   0.07087   4    0.18622  31   1.017E+05 -3.980E-09  6.503E-02  3.486E+02  3.592E+02
   0.07087   4    0.19253  32   1.017E+05 -4.355E-09  6.501E-02  3.367E+02  3.458E+02
   0.07087   4    0.19884  33   1.017E+05 -4.397E-09  6.500E-02  3.270E+02  3.346E+02
   0.07087   4    0.20516  34   1.017E+05 -4.146E-09  6.500E-02  3.191E+02  3.254E+02
   0.07087   4    0.21147  35   1.017E+05 -3.636E-09  6.501E-02  3.129E+02  3.180E+02
   0.07087   4    0.21778  36   1.017E+05 -2.924E-09  6.501E-02  3.080E+02  3.120E+02
   0.07087   4    0.22409  37   1.017E+05 -2.040E-09  6.500E-02  3.042E+02  3.074E+02
   0.07087   4    0.23041  38   1.016E+05 -1.070E-09  6.499E-02  3.014E+02  3.038E+02
   0.07087   4    0.23672  39   1.016E+05 -4.991E-11  6.499E-02  2.992E+02  3.011E+02
   0.07087   4    0.24303  40   1.016E+05  9.779E-10  6.498E-02  2.976E+02  2.990E+02
   0.07087   4    0.24934  41   1.016E+05  1.904E-09  6.498E-02  2.964E+02  2.974E+02
   0.07087   4    0.25566  42   1.016E+05  2.576E-09  6.499E-02  2.955E+02  2.963E+02
   0.07087   4    0.26197  43   1.016E+05  2.889E-09  6.499E-02  2.949E+02  2.954E+02
   0.07087   4    0.26828  44   1.016E+05  2.949E-09  6.499E-02  2.944E+02  2.948E+02
   0.07087   4    0.27459  45   1.016E+05  2.902E-09  6.499E-02  2.940E+02  2.944E+02
   0.07087   4    0.28091  46   1.016E+05  2.813E-09  6.499E-02  2.938E+02  2.940E+02
   0.07087   4    0.28722  47   1.016E+05  2.690E-09  6.498E-02  2.936E+02  2.938E+02
   0.07087   4    0.29353  48   1.016E+05  2.567E-09  6.498E-02  2.935E+02  2.936E+02
   0.07087   4    0.29984  49   1.016E+05  2.444E-09  6.498E-02  2.934E+02  2.935E+02
   0.07087   4    0.30616  50   1.016E+05  2.322E-09  6.498E-02  2.933E+02  2.934E+02
   0.07087   4    0.31247  51   1.015E+05  2.196E-09  6.498E-02  2.933E+02  2.933E+02
   0.07087   4    0.31878  52   1.015E+05  2.070E-09  6.498E-02  2.932E+02  2.933E+02
   0.07087   4    0.32509  53   1.015E+05  1.924E-09  6.498E-02  2.932E+02  2.932E+02
   0.07087   4    0.33141  54   1.015E+05  1.753E-09  6.498E-02  2.932E+02  2.932E+02
   0.07087   4    0.33772  55   1.015E+05  1.585E-09  6.498E-02  2.931E+02  2.932E+02
   0.07087   4    0.34403  56   1.015E+05  1.390E-09  6.498E-02  2.931E+02  2.931E+02
   0.07087   4    0.35034  57   1.015E+05  1.204E-09  6.498E-02  2.931E+02  2.931E+02
   0.07087   4    0.35666  58   1.015E+05  1.008E-09  6.498E-02  2.931E+02  2.931E+02
   0.07087   4    0.36297  59   1.015E+05  7.817E-10  6.498E-02  2.931E+02  2.931E+02
   0.07087   4    0.36928  60   1.015E+05  5.800E-10  6.498E-02  2.931E+02  2.931E+02
   0.07087   4    0.37559  61   1.015E+05  4.057E-10  6.498E-02  2.931E+02  2.931E+02
   0.07087   4    0.38191  62   1.015E+05  2.425E-10  6.498E-02  2.931E+02  2.931E+02
   0.07087   4    0.38822  63   1.015E+05  9.871E-11  6.498E-02  2.930E+02  2.931E+02
   0.07087   4    0.39453  64   1.015E+05 -2.388E-11  6.498E-02  2.930E+02  2.930E+02
   0.07087   4    0.40084  65   1.014E+05 -1.248E-10  6.498E-02  2.930E+02  2.930E+02
   0.07087   4    0.40716  66   1.014E+05 -2.045E-10  6.498E-02  2.930E+02  2.930E+02
   0.07087   4    0.41347  67   1.014E+05 -2.641E-10  6.498E-02  2.930E+02  2.930E+02
   0.07087   4    0.41978  68   1.014E+05 -2.996E-10  6.498E-02  2.930E+02  2.930E+02
   0.07087   4    0.42609  69   1.014E+05 -3.388E-10  6.498E-02  2.930E+02  2.930E+02
   0.07087   4    0.43241  70   1.014E+05 -3.638E-10  6.498E-02  2.930E+02  2.930E+02
   0.07087   4    0.43872  71   1.014E+05 -3.573E-10  6.498E-02  2.930E+02  2.930E+02
   0.07087   4    0.44503  72   1.014E+05 -3.473E-10  6.498E-02  2.930E+02  2.930E+02
   0.07087   4    0.45134  73   1.014E+05 -3.312E-10  6.498E-02  2.930E+02  2.930E+02
   0.07087   4    0.45766  74   1.014E+05 -3.134E-10  6.498E-02  2.930E+02  2.930E+02
   0.07087   4    0.46397  75   1.014E+05 -2.950E-10  6.498E-02  2.930E+02  2.930E+02
   0.07087   4    0.47028  76   1.014E+05 -2.752E-10  6.498E-02  2.930E+02  2.930E+02
   0.07087   4    0.47659  77   1.014E+05 -2.578E-10  6.498E-02  2.930E+02  2.930E+02
   0.07087   4    0.48291  78   1.014E+05 -2.137E-10  6.498E-02  2.930E+02  2.930E+02
   0.07087   4    0.48922  79   1.013E+05 -1.628E-10  6.499E-02  2.930E+02  2.930E+02
   0.07087   4    0.49553  80   1.013E+05 -1.425E-10  6.500E-02  2.930E+02  2.930E+02
   0.07087   4    0.50184  81   1.013E+05 -1.187E-10  6.500E-02  2.930E+02  2.930E+02
   0.07087   4    0.50500  82   1.013E+05 -1.187E-10  6.500E-02  2.930E+02  2.930E+02
   0.09922   5    0.00000   1   1.019E+05  2.134E-08  6.500E-02  2.930E+02  2.931E+02
   0.09922   5    0.00316   2   1.019E+05  2.134E-08  6.493E-02  2.931E+02  2.931E+02
   0.09922   5    0.00947   3   1.019E+05  2.079E-08  6.497E-02  2.932E+02  2.932E+02
   0.09922   5    0.01578   4   1.019E+05  2.020E-08  6.498E-02  2.934E+02  2.933E+02
   0.09922   5    0.02209   5   1.019E+05  1.967E-08  6.499E-02  2.937E+02  2.935E+02
   0.09922   5    0.02841   6   1.019E+05  1.897E-08  6.499E-02  2.941E+02  2.939E+02
   0.09922   5    0.03472   7   1.019E+05  1.802E-08  6.498E-02  2.948E+02  2.944E+02
   0.09922   5    0.04103   8   1.019E+05  1.691E-08  6.498E-02  2.959E+02  2.953E+02
   0.09922   5    0.04734   9   1.019E+05  1.557E-08  6.498E-02  2.977E+02  2.967E+02
   0.09922   5    0.05366  10   1.018E+05  1.396E-08  6.498E-02  3.003E+02  2.989E+02
   0.09922   5    0.05997  11   1.018E+05  1.207E-08  6.498E-02  3.043E+02  3.022E+02
   0.09922   5    0.06628  12   1.018E+05  9.948E-09  6.497E-02  3.103E+02  3.071E+02
   0.09922   5    0.07259  13   1.018E+05  7.727E-09  6.496E-02  3.191E+02  3.143E+02
   0.09922   5    0.07891  14   1.018E+05  5.658E-09  6.495E-02  3.320E+02  3.249E+02
   0.09922   5    0.08522  15   1.018E+05  3.902E-09  6.494E-02  3.509E+02  3.406E+02
   0.09922   5    0.09153  16   1.018E+05  2.509E-09  6.493E-02  3.795E+02  3.641E+02
   0.09922   5    0.09784  17   1.018E+05  1.406E-09  6.487E-02  4.242E+02  4.002E+02
   0.09922   5    0.10416  18   1.018E+05  3.326E-10  6.504E-02  4.882E+02  4.524E+02
   0.09922   5    0.11047  19   1.018E+05 -8.866E-10  6.495E-02  5.083E+02  4.855E+02
   0.09922   5    0.11678  20   1.018E+05 -2.453E-09  6.496E-02  5.175E+02  5.044E+02
   0.09922   5    0.12309  21   1.018E+05 -4.470E-09  6.498E-02  5.183E+02  5.125E+02
   0.09922   5    0.12941  22   1.018E+05 -6.809E-09  6.499E-02  5.117E+02  5.119E+02
   0.09922   5    0.13572  23   1.018E+05 -9.215E-09  6.500E-02  4.988E+02  5.040E+02
   0.09922   5    0.14203  24   1.017E+05 -1.129E-08  6.503E-02  4.814E+02  4.904E+02
   0.09922   5    0.14834  25   1.017E+05 -1.269E-08  6.504E-02  4.611E+02  4.729E+02
   0.09922   5    0.15466  26   1.017E+05 -1.323E-08  6.505E-02  4.396E+02  4.530E+02
   0.09922   5    0.16097  27   1.017E+05 -1.285E-08  6.505E-02  4.182E+02  4.322E+02
   0.09922   5    0.16728  28   1.017E+05 -1.168E-08  6.504E-02  3.978E+02  4.117E+02
   0.09922   5    0.17359  29   1.017E+05 -9.873E-09  6.504E-02  3.792E+02  3.924E+02
   0.09922   5    0.17991  30   1.017E+05 -7.635E-09  6.503E-02  3.627E+02  3.747E+02
   0.09922   5    0.18622  31   1.017E+05 -5.167E-09  6.503E-02  3.486E+02  3.592E+02
   0.09922   5    0.19253  32   1.017E+05 -2.619E-09  6.501E-02  3.367E+02  3.458E+02
   0.09922   5    0.19884  33   1.017E+05 -1.377E-10  6.500E-02  3.270E+02  3.346E+02
   0.09922   5    0.20516  34   1.017E+05  2.200E-09  6.500E-02  3.191E+02  3.254E+02
   0.09922   5    0.21147  35   1.017E+05  4.362E-09  6.501E-02  3.129E+02  3.179E+02
   0.09922   5    0.21778  36   1.017E+05  6.300E-09  6.501E-02  3.080E+02  3.120E+02
   0.09922   5    0.22409  37   1.017E+05  8.015E-09  6.500E-02  3.042E+02  3.074E+02
   0.09922   5    0.23041  38   1.016E+05  9.582E-09  6.499E-02  3.013E+02  3.038E+02
   0.09922   5    0.23672  39   1.016E+05  1.104E-08  6.499E-02  2.992E+02  3.011E+02
   0.09922   5    0.24303  40   1.016E+05  1.283E-08  6.498E-02  2.976E+02  2.990E+02
   0.09922   5    0.24934  41   1.016E+05  1.513E-08  6.498E-02  2.964E+02  2.974E+02
   0.09922   5    0.25566  42   1.016E+05  1.627E-08  6.499E-02  2.955E+02  2.963E+02
   0.09922   5    0.26197  43   1.016E+05  1.490E-08  6.499E-02  2.949E+02  2.954E+02
   0.09922   5    0.26828  44   1.016E+05  1.243E-08  6.499E-02  2.944E+02  2.948E+02
   0.09922   5    0.27459  45   1.016E+05  1.060E-08  6.499E-02  2.940E+02  2.944E+02
   0.09922   5    0.28091  46   1.016E+05  9.326E-09  6.499E-02  2.938E+02  2.940E+02
   0.09922   5    0.28722  47   1.016E+05  8.218E-09  6.498E-02  2.936E+02  2.938E+02
   0.09922   5    0.29353  48   1.016E+05  7.272E-09  6.498E-02  2.935E+02  2.936E+02
   0.09922   5    0.29984  49   1.016E+05  6.440E-09  6.498E-02  2.934E+02  2.935E+02
   0.09922   5    0.30616  50   1.016E+05  5.708E-09  6.498E-02  2.933E+02  2.934E+02
   0.09922   5    0.31247  51   1.015E+05  5.036E-09  6.498E-02  2.933E+02  2.933E+02
   0.09922   5    0.31878  52   1.015E+05  4.409E-09  6.498E-02  2.932E+02  2.933E+02
   0.09922   5    0.32509  53   1.015E+05  3.840E-09  6.498E-02  2.932E+02  2.932E+02
   0.09922   5    0.33141  54   1.015E+05  3.298E-09  6.498E-02  2.932E+02  2.932E+02
   0.09922   5    0.33772  55   1.015E+05  2.804E-09  6.498E-02  2.931E+02  2.932E+02
   0.09922   5    0.34403  56   1.015E+05  2.377E-09  6.498E-02  2.931E+02  2.931E+02
   0.09922   5    0.35034  57   1.015E+05  1.993E-09  6.498E-02  2.931E+02  2.931E+02
   0.09922   5    0.35666  58   1.015E+05  1.632E-09  6.498E-02  2.931E+02  2.931E+02
   0.09922   5    0.36297  59   1.015E+05  1.299E-09  6.498E-02  2.931E+02  2.931E+02
   0.09922   5    0.36928  60   1.015E+05  9.899E-10  6.498E-02  2.931E+02  2.931E+02
   0.09922   5    0.37559  61   1.015E+05  7.265E-10  6.498E-02  2.931E+02  2.931E+02
   0.09922   5    0.38191  62   1.015E+05  5.093E-10  6.498E-02  2.931E+02  2.931E+02
   0.09922   5    0.38822  63   1.015E+05  3.163E-10  6.498E-02  2.930E+02  2.931E+02
   0.09922   5    0.39453  64   1.015E+05  1.502E-10  6.498E-02  2.930E+02  2.930E+02
   0.09922   5    0.40084  65   1.014E+05  9.713E-12  6.498E-02  2.930E+02  2.930E+02
   0.09922   5    0.40716  66   1.014E+05 -1.062E-10  6.498E-02  2.930E+02  2.930E+02
   0.09922   5    0.41347  67   1.014E+05 -1.990E-10  6.498E-02  2.930E+02  2.930E+02
   0.09922   5    0.41978  68   1.014E+05 -2.700E-10  6.498E-02  2.930E+02  2.930E+02
   0.09922   5    0.42609  69   1.014E+05 -3.202E-10  6.498E-02  2.930E+02  2.930E+02
   0.09922   5    0.43241  70   1.014E+05 -3.511E-10  6.498E-02  2.930E+02  2.930E+02
   0.09922   5    0.43872  71   1.014E+05 -3.665E-10  6.498E-02  2.930E+02  2.930E+02
   0.09922   5    0.44503  72   1.014E+05 -3.686E-10  6.498E-02  2.930E+02  2.930E+02
   0.09922   5    0.45134  73   1.014E+05 -3.586E-10  6.498E-02  2.930E+02  2.930E+02
   0.09922   5    0.45766  74   1.014E+05 -3.402E-10  6.498E-02  2.930E+02  2.930E+02
   0.09922   5    0.46397  75   1.014E+05 -3.166E-10  6.498E-02  2.930E+02  2.930E+02
   0.09922   5    0.47028  76   1.014E+05 -2.888E-10  6.498E-02  2.930E+02  2.930E+02
   0.09922   5    0.47659  77   1.014E+05 -2.561E-10  6.498E-02  2.930E+02  2.930E+02
   0.09922   5    0.48291  78   1.014E+05 -2.165E-10  6.498E-02  2.930E+02  2.930E+02
   0.09922   5    0.48922  79   1.013E+05 -1.689E-10  6.499E-02  2.930E+02  2.930E+02
   0.09922   5    0.49553  80   1.013E+05 -1.255E-10  6.500E-02  2.930E+02  2.930E+02
   0.09922   5    0.50184  81   1.013E+05 -9.252E-11  6.500E-02  2.930E+02  2.930E+02
   0.09922   5    0.50500  82   1.013E+05 -9.252E-11  6.500E-02  2.930E+02  2.930E+02
   0.12757   6    0.00000   1   1.019E+05  6.254E-10  6.500E-02  2.930E+02  2.931E+02
   0.12757   6    0.00316   2   1.019E+05  6.254E-10  6.493E-02  2.931E+02  2.931E+02
   0.12757   6    0.00947   3   1.019E+05  6.544E-10  6.497E-02  2.932E+02  2.932E+02
   0.12757   6    0.01578   4   1.019E+05  7.671E-10  6.498E-02  2.934E+02  2.933E+02
   0.12757   6    0.02209   5   1.019E+05  9.383E-10  6.499E-02  2.937E+02  2.935E+02
   0.12757   6    0.02841   6   1.019E+05  1.173E-09  6.499E-02  2.941E+02  2.939E+02
   0.12757   6    0.03472   7   1.019E+05  1.467E-09  6.498E-02  2.948E+02  2.945E+02
   0.12757   6    0.04103   8   1.019E+05  1.806E-09  6.498E-02  2.959E+02  2.953E+02
   0.12757   6    0.04734   9   1.019E+05  2.089E-09  6.498E-02  2.977E+02  2.967E+02
   0.12757   6    0.05366  10   1.018E+05  2.262E-09  6.498E-02  3.003E+02  2.989E+02
   0.12757   6    0.05997  11   1.018E+05  2.151E-09  6.498E-02  3.043E+02  3.022E+02
   0.12757   6    0.06628  12   1.018E+05  1.675E-09  6.497E-02  3.103E+02  3.071E+02
   0.12757   6    0.07259  13   1.018E+05  7.529E-10  6.496E-02  3.191E+02  3.143E+02
   0.12757   6    0.07891  14   1.018E+05 -5.425E-10  6.495E-02  3.320E+02  3.250E+02
   0.12757   6    0.08522  15   1.018E+05 -2.085E-09  6.494E-02  3.509E+02  3.406E+02
   0.12757   6    0.09153  16   1.018E+05 -3.716E-09  6.493E-02  3.796E+02  3.641E+02
   0.12757   6    0.09784  17   1.018E+05 -5.218E-09  6.487E-02  4.242E+02  4.003E+02
   0.12757   6    0.10416  18   1.018E+05 -6.495E-09  6.504E-02  4.882E+02  4.524E+02
   0.12757   6    0.11047  19   1.018E+05 -7.438E-09  6.495E-02  5.084E+02  4.855E+02
   0.12757   6    0.11678  20   1.018E+05 -8.014E-09  6.496E-02  5.175E+02  5.044E+02
   0.12757   6    0.12309  21   1.018E+05 -8.200E-09  6.498E-02  5.183E+02  5.126E+02
   0.12757   6    0.12941  22   1.018E+05 -8.001E-09  6.499E-02  5.117E+02  5.119E+02
   0.12757   6    0.13572  23   1.018E+05 -7.473E-09  6.500E-02  4.988E+02  5.040E+02
   0.12757   6    0.14203  24   1.017E+05 -6.587E-09  6.503E-02  4.814E+02  4.904E+02
   0.12757   6    0.14834  25   1.017E+05 -5.410E-09  6.504E-02  4.611E+02  4.729E+02
   0.12757   6    0.15466  26   1.017E+05 -4.082E-09  6.505E-02  4.396E+02  4.530E+02
   0.12757   6    0.16097  27   1.017E+05 -2.666E-09  6.505E-02  4.182E+02  4.322E+02
   0.12757   6    0.16728  28   1.017E+05 -1.169E-09  6.504E-02  3.978E+02  4.117E+02
   0.12757   6    0.17359  29   1.017E+05  3.673E-10  6.504E-02  3.792E+02  3.923E+02
   0.12757   6    0.17991  30   1.017E+05  1.892E-09  6.503E-02  3.627E+02  3.747E+02
   0.12757   6    0.18622  31   1.017E+05  3.364E-09  6.503E-02  3.486E+02  3.592E+02
   0.12757   6    0.19253  32   1.017E+05  4.778E-09  6.501E-02  3.367E+02  3.458E+02
   0.12757   6    0.19884  33   1.017E+05  6.070E-09  6.500E-02  3.270E+02  3.346E+02
   0.12757   6    0.20516  34   1.017E+05  7.223E-09  6.500E-02  3.191E+02  3.254E+02
   0.12757   6    0.21147  35   1.017E+05  8.248E-09  6.501E-02  3.128E+02  3.179E+02
   0.12757   6    0.21778  36   1.017E+05  9.108E-09  6.501E-02  3.080E+02  3.120E+02
   0.12757   6    0.22409  37   1.017E+05  9.879E-09  6.500E-02  3.042E+02  3.074E+02
   0.12757   6    0.23041  38   1.016E+05  1.063E-08  6.499E-02  3.013E+02  3.038E+02
   0.12757   6    0.23672  39   1.016E+05  1.136E-08  6.499E-02  2.992E+02  3.011E+02
   0.12757   6    0.24303  40   1.016E+05  1.256E-08  6.498E-02  2.976E+02  2.990E+02
   0.12757   6    0.24934  41   1.016E+05  1.438E-08  6.498E-02  2.964E+02  2.974E+02
   0.12757   6    0.25566  42   1.016E+05  1.513E-08  6.499E-02  2.955E+02  2.963E+02
   0.12757   6    0.26197  43   1.016E+05  1.347E-08  6.499E-02  2.949E+02  2.954E+02
   0.12757   6    0.26828  44   1.016E+05  1.076E-08  6.499E-02  2.944E+02  2.948E+02
   0.12757   6    0.27459  45   1.016E+05  8.738E-09  6.499E-02  2.940E+02  2.944E+02
   0.12757   6    0.28091  46   1.016E+05  7.338E-09  6.499E-02  2.938E+02  2.940E+02
   0.12757   6    0.28722  47   1.016E+05  6.139E-09  6.498E-02  2.936E+02  2.938E+02
   0.12757   6    0.29353  48   1.016E+05  5.157E-09  6.498E-02  2.935E+02  2.936E+02
   0.12757   6    0.29984  49   1.016E+05  4.309E-09  6.498E-02  2.934E+02  2.935E+02
   0.12757   6    0.30616  50   1.016E+05  3.546E-09  6.498E-02  2.933E+02  2.934E+02
   0.12757   6    0.31247  51   1.015E+05  2.866E-09  6.498E-02  2.933E+02  2.933E+02
   0.12757   6    0.31878  52   1.015E+05  2.262E-09  6.498E-02  2.932E+02  2.932E+02
   0.12757   6    0.32509  53   1.015E+05  1.739E-09  6.498E-02  2.932E+02  2.932E+02
   0.12757   6    0.33141  54   1.015E+05  1.273E-09  6.498E-02  2.932E+02  2.932E+02
   0.12757   6    0.33772  55   1.015E+05  8.742E-10  6.498E-02  2.931E+02  2.932E+02
   0.12757   6    0.34403  56   1.015E+05  5.240E-10  6.498E-02  2.931E+02  2.931E+02
   0.12757   6    0.35034  57   1.015E+05  1.992E-10  6.498E-02  2.931E+02  2.931E+02
   0.12757   6    0.35666  58   1.015E+05 -8.307E-11  6.498E-02  2.931E+02  2.931E+02
   0.12757   6    0.36297  59   1.015E+05 -3.038E-10  6.498E-02  2.931E+02  2.931E+02
   0.12757   6    0.36928  60   1.015E+05 -4.852E-10  6.498E-02  2.931E+02  2.931E+02
   0.12757   6    0.37559  61   1.015E+05 -6.532E-10  6.498E-02  2.931E+02  2.931E+02
   0.12757   6    0.38191  62   1.015E+05 -7.863E-10  6.498E-02  2.931E+02  2.931E+02
   0.12757   6    0.38822  63   1.015E+05 -8.923E-10  6.498E-02  2.930E+02  2.931E+02
   0.12757   6    0.39453  64   1.015E+05 -9.777E-10  6.498E-02  2.930E+02  2.930E+02
   0.12757   6    0.40084  65   1.014E+05 -1.023E-09  6.498E-02  2.930E+02  2.930E+02
   0.12757   6    0.40716  66   1.014E+05 -1.030E-09  6.498E-02  2.930E+02  2.930E+02
   0.12757   6    0.41347  67   1.014E+05 -1.016E-09  6.498E-02  2.930E+02  2.930E+02
   0.12757   6    0.41978  68   1.014E+05 -1.005E-09  6.498E-02  2.930E+02  2.930E+02
   0.12757   6    0.42609  69   1.014E+05 -9.711E-10  6.498E-02  2.930E+02  2.930E+02
   0.12757   6    0.43241  70   1.014E+05 -9.158E-10  6.498E-02  2.930E+02  2.930E+02
   0.12757   6    0.43872  71   1.014E+05 -8.683E-10  6.498E-02  2.930E+02  2.930E+02
   0.12757   6    0.44503  72   1.014E+05 -8.048E-10  6.498E-02  2.930E+02  2.930E+02
   0.12757   6    0.45134  73   1.014E+05 -7.312E-10  6.498E-02  2.930E+02  2.930E+02
   0.12757   6    0.45766  74   1.014E+05 -6.516E-10  6.498E-02  2.930E+02  2.930E+02
   0.12757   6    0.46397  75   1.014E+05 -5.701E-10  6.498E-02  2.930E+02  2.930E+02
   0.12757   6    0.47028  76   1.014E+05 -4.892E-10  6.498E-02  2.930E+02  2.930E+02
   0.12757   6    0.47659  77   1.014E+05 -4.096E-10  6.498E-02  2.930E+02  2.930E+02
   0.12757   6    0.48291  78   1.014E+05 -3.297E-10  6.498E-02  2.930E+02  2.930E+02
   0.12757   6    0.48922  79   1.013E+05 -2.482E-10  6.499E-02  2.930E+02  2.930E+02
   0.12757   6    0.49553  80   1.013E+05 -1.743E-10  6.500E-02  2.930E+02  2.930E+02
   0.12757   6    0.50184  81   1.013E+05 -1.251E-10  6.500E-02  2.930E+02  2.930E+02
   0.12757   6    0.50500  82   1.013E+05 -1.251E-10  6.500E-02  2.930E+02  2.930E+02
   0.15592   7    0.00000   1   1.019E+05 -1.981E-08  6.500E-02  2.930E+02  2.931E+02
   0.15592   7    0.00316   2   1.019E+05 -1.981E-08  6.493E-02  2.931E+02  2.931E+02
   0.15592   7    0.00947   3   1.019E+05 -1.950E-08  6.497E-02  2.932E+02  2.932E+02
   0.15592   7    0.01578   4   1.019E+05 -1.916E-08  6.498E-02  2.934E+02  2.933E+02
   0.15592   7    0.02209   5   1.019E+05 -1.892E-08  6.499E-02  2.937E+02  2.935E+02
   0.15592   7    0.02841   6   1.019E+05 -1.854E-08  6.499E-02  2.941E+02  2.939E+02
   0.15592   7    0.03472   7   1.019E+05 -1.792E-08  6.498E-02  2.948E+02  2.944E+02
   0.15592   7    0.04103   8   1.019E+05 -1.712E-08  6.498E-02  2.959E+02  2.953E+02
   0.15592   7    0.04734   9   1.019E+05 -1.613E-08  6.498E-02  2.977E+02  2.967E+02
   0.15592   7    0.05366  10   1.018E+05 -1.489E-08  6.498E-02  3.003E+02  2.989E+02
   0.15592   7    0.05997  11   1.018E+05 -1.345E-08  6.498E-02  3.043E+02  3.022E+02
   0.15592   7    0.06628  12   1.018E+05 -1.182E-08  6.497E-02  3.103E+02  3.071E+02
   0.15592   7    0.07259  13   1.018E+05 -1.008E-08  6.496E-02  3.191E+02  3.143E+02
   0.15592   7    0.07891  14   1.018E+05 -8.346E-09  6.495E-02  3.320E+02  3.250E+02
   0.15592   7    0.08522  15   1.018E+05 -6.788E-09  6.494E-02  3.509E+02  3.406E+02
   0.15592   7    0.09153  16   1.018E+05 -5.501E-09  6.493E-02  3.796E+02  3.641E+02
   0.15592   7    0.09784  17   1.018E+05 -4.406E-09  6.487E-02  4.242E+02  4.003E+02
   0.15592   7    0.10416  18   1.018E+05 -3.352E-09  6.504E-02  4.882E+02  4.524E+02
   0.15592   7    0.11047  19   1.018E+05 -2.068E-09  6.495E-02  5.084E+02  4.855E+02
   0.15592   7    0.11678  20   1.018E+05 -3.911E-10  6.496E-02  5.175E+02  5.044E+02
   0.15592   7    0.12309  21   1.018E+05  1.755E-09  6.498E-02  5.183E+02  5.126E+02
   0.15592   7    0.12941  22   1.018E+05  4.253E-09  6.499E-02  5.117E+02  5.119E+02
   0.15592   7    0.13572  23   1.018E+05  6.788E-09  6.500E-02  4.988E+02  5.040E+02
   0.15592   7    0.14203  24   1.017E+05  9.126E-09  6.503E-02  4.814E+02  4.904E+02
   0.15592   7    0.14834  25   1.017E+05  1.108E-08  6.504E-02  4.611E+02  4.729E+02
   0.15592   7    0.15466  26   1.017E+05  1.255E-08  6.505E-02  4.396E+02  4.530E+02
   0.15592   7    0.16097  27   1.017E+05  1.354E-08  6.505E-02  4.182E+02  4.322E+02
   0.15592   7    0.16728  28   1.017E+05  1.413E-08  6.504E-02  3.978E+02  4.117E+02
   0.15592   7    0.17359  29   1.017E+05  1.440E-08  6.504E-02  3.792E+02  3.923E+02
   0.15592   7    0.17991  30   1.017E+05  1.438E-08  6.503E-02  3.627E+02  3.747E+02
   0.15592   7    0.18622  31   1.017E+05  1.412E-08  6.503E-02  3.486E+02  3.592E+02
   0.15592   7    0.19253  32   1.017E+05  1.365E-08  6.501E-02  3.367E+02  3.458E+02
   0.15592   7    0.19884  33   1.017E+05  1.299E-08  6.500E-02  3.270E+02  3.346E+02
   0.15592   7    0.20516  34   1.017E+05  1.220E-08  6.500E-02  3.191E+02  3.254E+02
   0.15592   7    0.21147  35   1.017E+05  1.134E-08  6.501E-02  3.128E+02  3.179E+02
   0.15592   7    0.21778  36   1.017E+05  1.038E-08  6.501E-02  3.080E+02  3.120E+02
   0.15592   7    0.22409  37   1.017E+05  9.450E-09  6.500E-02  3.042E+02  3.074E+02
   0.15592   7    0.23041  38   1.016E+05  8.563E-09  6.499E-02  3.013E+02  3.038E+02
   0.15592   7    0.23672  39   1.016E+05  7.696E-09  6.499E-02  2.992E+02  3.011E+02
   0.15592   7    0.24303  40   1.016E+05  7.017E-09  6.498E-02  2.976E+02  2.990E+02
   0.15592   7    0.24934  41   1.016E+05  6.208E-09  6.498E-02  2.964E+02  2.974E+02
   0.15592   7    0.25566  42   1.016E+05  5.132E-09  6.499E-02  2.955E+02  2.963E+02
   0.15592   7    0.26197  43   1.016E+05  4.102E-09  6.499E-02  2.949E+02  2.954E+02
   0.15592   7    0.26828  44   1.016E+05  2.846E-09  6.499E-02  2.944E+02  2.948E+02
   0.15592   7    0.27459  45   1.016E+05  1.543E-09  6.499E-02  2.940E+02  2.944E+02
   0.15592   7    0.28091  46   1.016E+05  4.701E-10  6.499E-02  2.938E+02  2.940E+02
   0.15592   7    0.28722  47   1.016E+05 -4.764E-10  6.498E-02  2.936E+02  2.938E+02
   0.15592   7    0.29353  48   1.016E+05 -1.230E-09  6.498E-02  2.935E+02  2.936E+02
   0.15592   7    0.29984  49   1.016E+05 -1.813E-09  6.498E-02  2.934E+02  2.935E+02
   0.15592   7    0.30616  50   1.016E+05 -2.255E-09  6.498E-02  2.933E+02  2.934E+02
   0.15592   7    0.31247  51   1.015E+05 -2.585E-09  6.498E-02  2.933E+02  2.933E+02
   0.15592   7    0.31878  52   1.015E+05 -2.826E-09  6.498E-02  2.932E+02  2.933E+02
   0.15592   7    0.32509  53   1.015E+05 -3.001E-09  6.498E-02  2.932E+02  2.932E+02
   0.15592   7    0.33141  54   1.015E+05 -3.106E-09  6.498E-02  2.932E+02  2.932E+02
   0.15592   7    0.33772  55   1.015E+05 -3.152E-09  6.498E-02  2.931E+02  2.932E+02
   0.15592   7    0.34403  56   1.015E+05 -3.173E-09  6.498E-02  2.931E+02  2.931E+02
   0.15592   7    0.35034  57   1.015E+05 -3.155E-09  6.498E-02  2.931E+02  2.931E+02
   0.15592   7    0.35666  58   1.015E+05 -3.102E-09  6.498E-02  2.931E+02  2.931E+02
   0.15592   7    0.36297  59   1.015E+05 -3.048E-09  6.498E-02  2.931E+02  2.931E+02
   0.15592   7    0.36928  60   1.015E+05 -2.963E-09  6.498E-02  2.931E+02  2.931E+02
   0.15592   7    0.37559  61   1.015E+05 -2.878E-09  6.498E-02  2.931E+02  2.931E+02
   0.15592   7    0.38191  62   1.015E+05 -2.796E-09  6.498E-02  2.931E+02  2.931E+02
   0.15592   7    0.38822  63   1.015E+05 -2.697E-09  6.498E-02  2.930E+02  2.931E+02
   0.15592   7    0.39453  64   1.015E+05 -2.585E-09  6.498E-02  2.930E+02  2.930E+02
   0.15592   7    0.40084  65   1.014E+05 -2.460E-09  6.498E-02  2.930E+02  2.930E+02
   0.15592   7    0.40716  66   1.014E+05 -2.323E-09  6.498E-02  2.930E+02  2.930E+02
   0.15592   7    0.41347  67   1.014E+05 -2.173E-09  6.498E-02  2.930E+02  2.930E+02
   0.15592   7    0.41978  68   1.014E+05 -2.007E-09  6.498E-02  2.930E+02  2.930E+02
   0.15592   7    0.42609  69   1.014E+05 -1.852E-09  6.498E-02  2.930E+02  2.930E+02
   0.15592   7    0.43241  70   1.014E+05 -1.683E-09  6.498E-02  2.930E+02  2.930E+02
   0.15592   7    0.43872  71   1.014E+05 -1.506E-09  6.498E-02  2.930E+02  2.930E+02
   0.15592   7    0.44503  72   1.014E+05 -1.349E-09  6.498E-02  2.930E+02  2.930E+02
   0.15592   7    0.45134  73   1.014E+05 -1.186E-09  6.498E-02  2.930E+02  2.930E+02
   0.15592   7    0.45766  74   1.014E+05 -1.031E-09  6.498E-02  2.930E+02  2.930E+02
   0.15592   7    0.46397  75   1.014E+05 -8.627E-10  6.498E-02  2.930E+02  2.930E+02
   0.15592   7    0.47028  76   1.014E+05 -7.033E-10  6.498E-02  2.930E+02  2.930E+02
   0.15592   7    0.47659  77   1.014E+05 -5.754E-10  6.498E-02  2.930E+02  2.930E+02
   0.15592   7    0.48291  78   1.014E+05 -4.498E-10  6.498E-02  2.930E+02  2.930E+02
   0.15592   7    0.48922  79   1.013E+05 -3.303E-10  6.499E-02  2.930E+02  2.930E+02
   0.15592   7    0.49553  80   1.013E+05 -2.233E-10  6.500E-02  2.930E+02  2.930E+02
   0.15592   7    0.50184  81   1.013E+05 -1.564E-10  6.500E-02  2.930E+02  2.930E+02
   0.15592   7    0.50500  82   1.013E+05 -1.564E-10  6.500E-02  2.930E+02  2.930E+02
   0.18427   8    0.00000   1   1.019E+05 -3.593E-08  6.500E-02  2.930E+02  2.931E+02
   0.18427   8    0.00316   2   1.019E+05 -3.593E-08  6.493E-02  2.931E+02  2.931E+02
   0.18427   8    0.00947   3   1.019E+05 -3.539E-08  6.497E-02  2.932E+02  2.932E+02
   0.18427   8    0.01578   4   1.019E+05 -3.453E-08  6.498E-02  2.934E+02  2.933E+02
   0.18427   8    0.02209   5   1.019E+05 -3.336E-08  6.499E-02  2.937E+02  2.935E+02
   0.18427   8    0.02841   6   1.019E+05 -3.191E-08  6.499E-02  2.941E+02  2.939E+02
   0.18427   8    0.03472   7   1.019E+05 -3.018E-08  6.498E-02  2.948E+02  2.944E+02
   0.18427   8    0.04103   8   1.019E+05 -2.810E-08  6.498E-02  2.959E+02  2.953E+02
   0.18427   8    0.04734   9   1.019E+05 -2.571E-08  6.498E-02  2.977E+02  2.967E+02
   0.18427   8    0.05366  10   1.018E+05 -2.296E-08  6.498E-02  3.003E+02  2.989E+02
   0.18427   8    0.05997  11   1.018E+05 -1.987E-08  6.498E-02  3.043E+02  3.022E+02
   0.18427   8    0.06628  12   1.018E+05 -1.651E-08  6.497E-02  3.103E+02  3.071E+02
   0.18427   8    0.07259  13   1.018E+05 -1.297E-08  6.496E-02  3.191E+02  3.143E+02
   0.18427   8    0.07891  14   1.018E+05 -9.473E-09  6.495E-02  3.320E+02  3.249E+02
   0.18427   8    0.08522  15   1.018E+05 -6.252E-09  6.494E-02  3.509E+02  3.406E+02
   0.18427   8    0.09153  16   1.018E+05 -3.440E-09  6.493E-02  3.796E+02  3.641E+02
   0.18427   8    0.09784  17   1.018E+05 -1.096E-09  6.487E-02  4.242E+02  4.003E+02
   0.18427   8    0.10416  18   1.018E+05  8.789E-10  6.504E-02  4.882E+02  4.524E+02
   0.18427   8    0.11047  19   1.018E+05  2.633E-09  6.495E-02  5.083E+02  4.855E+02
   0.18427   8    0.11678  20   1.018E+05  4.175E-09  6.496E-02  5.175E+02  5.044E+02
   0.18427   8    0.12309  21   1.018E+05  5.522E-09  6.498E-02  5.183E+02  5.125E+02
   0.18427   8    0.12941  22   1.018E+05  6.644E-09  6.499E-02  5.117E+02  5.119E+02
   0.18427   8    0.13572  23   1.018E+05  7.503E-09  6.500E-02  4.988E+02  5.040E+02
   0.18427   8    0.14203  24   1.017E+05  8.183E-09  6.503E-02  4.814E+02  4.904E+02
   0.18427   8    0.14834  25   1.017E+05  8.795E-09  6.504E-02  4.611E+02  4.729E+02
   0.18427   8    0.15466  26   1.017E+05  9.456E-09  6.505E-02  4.396E+02  4.530E+02
   0.18427   8    0.16097  27   1.017E+05  1.019E-08  6.505E-02  4.182E+02  4.323E+02
   0.18427   8    0.16728  28   1.017E+05  1.093E-08  6.504E-02  3.978E+02  4.117E+02
   0.18427   8    0.17359  29   1.017E+05  1.154E-08  6.504E-02  3.792E+02  3.924E+02
   0.18427   8    0.17991  30   1.017E+05  1.197E-08  6.503E-02  3.627E+02  3.747E+02
   0.18427   8    0.18622  31   1.017E+05  1.215E-08  6.503E-02  3.486E+02  3.592E+02
   0.18427   8    0.19253  32   1.017E+05  1.203E-08  6.501E-02  3.367E+02  3.458E+02
   0.18427   8    0.19884  33   1.017E+05  1.162E-08  6.500E-02  3.270E+02  3.346E+02
   0.18427   8    0.20516  34   1.017E+05  1.092E-08  6.500E-02  3.191E+02  3.254E+02
   0.18427   8    0.21147  35   1.017E+05  1.004E-08  6.501E-02  3.129E+02  3.180E+02
   0.18427   8    0.21778  36   1.017E+05  9.033E-09  6.501E-02  3.080E+02  3.120E+02
   0.18427   8    0.22409  37   1.017E+05  8.026E-09  6.500E-02  3.042E+02  3.074E+02
   0.18427   8    0.23041  38   1.016E+05  7.130E-09  6.499E-02  3.014E+02  3.038E+02
   0.18427   8    0.23672  39   1.016E+05  6.446E-09  6.499E-02  2.992E+02  3.011E+02
   0.18427   8    0.24303  40   1.016E+05  6.464E-09  6.498E-02  2.976E+02  2.990E+02
   0.18427   8    0.24934  41   1.016E+05  7.268E-09  6.498E-02  2.964E+02  2.975E+02
   0.18427   8    0.25566  42   1.016E+05  7.194E-09  6.499E-02  2.955E+02  2.963E+02
   0.18427   8    0.26197  43   1.016E+05  4.902E-09  6.499E-02  2.949E+02  2.954E+02
   0.18427   8    0.26828  44   1.016E+05  1.727E-09  6.499E-02  2.944E+02  2.948E+02
   0.18427   8    0.27459  45   1.016E+05 -5.438E-10  6.499E-02  2.941E+02  2.944E+02
   0.18427   8    0.28091  46   1.016E+05 -2.059E-09  6.499E-02  2.938E+02  2.940E+02
   0.18427   8    0.28722  47   1.016E+05 -3.225E-09  6.498E-02  2.936E+02  2.938E+02
   0.18427   8    0.29353  48   1.016E+05 -4.062E-09  6.498E-02  2.935E+02  2.936E+02
   0.18427   8    0.29984  49   1.016E+05 -4.665E-09  6.498E-02  2.934E+02  2.935E+02
   0.18427   8    0.30616  50   1.016E+05 -5.058E-09  6.498E-02  2.933E+02  2.934E+02
   0.18427   8    0.31247  51   1.015E+05 -5.314E-09  6.498E-02  2.933E+02  2.933E+02
   0.18427   8    0.31878  52   1.015E+05 -5.462E-09  6.498E-02  2.932E+02  2.933E+02
   0.18427   8    0.32509  53   1.015E+05 -5.541E-09  6.498E-02  2.932E+02  2.932E+02
   0.18427   8    0.33141  54   1.015E+05 -5.546E-09  6.498E-02  2.932E+02  2.932E+02
   0.18427   8    0.33772  55   1.015E+05 -5.471E-09  6.498E-02  2.931E+02  2.932E+02
   0.18427   8    0.34403  56   1.015E+05 -5.328E-09  6.498E-02  2.931E+02  2.931E+02
   0.18427   8    0.35034  57   1.015E+05 -5.154E-09  6.498E-02  2.931E+02  2.931E+02
   0.18427   8    0.35666  58   1.015E+05 -4.936E-09  6.498E-02  2.931E+02  2.931E+02
   0.18427   8    0.36297  59   1.015E+05 -4.682E-09  6.498E-02  2.931E+02  2.931E+02
   0.18427   8    0.36928  60   1.015E+05 -4.425E-09  6.498E-02  2.931E+02  2.931E+02
   0.18427   8    0.37559  61   1.015E+05 -4.141E-09  6.498E-02  2.931E+02  2.931E+02
   0.18427   8    0.38191  62   1.015E+05 -3.865E-09  6.498E-02  2.931E+02  2.931E+02
   0.18427   8    0.38822  63   1.015E+05 -3.598E-09  6.498E-02  2.931E+02  2.931E+02
   0.18427   8    0.39453  64   1.015E+05 -3.318E-09  6.498E-02  2.930E+02  2.930E+02
   0.18427   8    0.40084  65   1.014E+05 -3.054E-09  6.498E-02  2.930E+02  2.930E+02
   0.18427   8    0.40716  66   1.014E+05 -2.807E-09  6.498E-02  2.930E+02  2.930E+02
   0.18427   8    0.41347  67   1.014E+05 -2.563E-09  6.498E-02  2.930E+02  2.930E+02
   0.18427   8    0.41978  68   1.014E+05 -2.302E-09  6.498E-02  2.930E+02  2.930E+02
   0.18427   8    0.42609  69   1.014E+05 -2.052E-09  6.498E-02  2.930E+02  2.930E+02
   0.18427   8    0.43241  70   1.014E+05 -1.810E-09  6.498E-02  2.930E+02  2.930E+02
   0.18427   8    0.43872  71   1.014E+05 -1.574E-09  6.498E-02  2.930E+02  2.930E+02
   0.18427   8    0.44503  72   1.014E+05 -1.373E-09  6.498E-02  2.930E+02  2.930E+02
   0.18427   8    0.45134  73   1.014E+05 -1.178E-09  6.498E-02  2.930E+02  2.930E+02
   0.18427   8    0.45766  74   1.014E+05 -1.004E-09  6.498E-02  2.930E+02  2.930E+02
   0.18427   8    0.46397  75   1.014E+05 -8.242E-10  6.498E-02  2.930E+02  2.930E+02
   0.18427   8    0.47028  76   1.014E+05 -6.614E-10  6.498E-02  2.930E+02  2.930E+02
   0.18427   8    0.47659  77   1.014E+05 -5.351E-10  6.498E-02  2.930E+02  2.930E+02
   0.18427   8    0.48291  78   1.014E+05 -4.152E-10  6.498E-02  2.930E+02  2.930E+02
   0.18427   8    0.48922  79   1.013E+05 -3.038E-10  6.499E-02  2.930E+02  2.930E+02
   0.18427   8    0.49553  80   1.013E+05 -2.073E-10  6.500E-02  2.930E+02  2.930E+02
   0.18427   8    0.50184  81   1.013E+05 -1.470E-10  6.500E-02  2.930E+02  2.930E+02
   0.18427   8    0.50500  82   1.013E+05 -1.470E-10  6.500E-02  2.930E+02  2.930E+02
   0.21262   9    0.00000   1   1.019E+05 -5.087E-08  6.500E-02  2.930E+02  2.931E+02
   0.21262   9    0.00316   2   1.019E+05 -5.087E-08  6.493E-02  2.931E+02  2.931E+02
   0.21262   9    0.00947   3   1.019E+05 -4.940E-08  6.497E-02  2.932E+02  2.932E+02
   0.21262   9    0.01578   4   1.019E+05 -4.718E-08  6.498E-02  2.934E+02  2.933E+02
   0.21262   9    0.02209   5   1.019E+05 -4.437E-08  6.499E-02  2.937E+02  2.935E+02
   0.21262   9    0.02841   6   1.019E+05 -4.122E-08  6.499E-02  2.941E+02  2.939E+02
   0.21262   9    0.03472   7   1.019E+05 -3.788E-08  6.498E-02  2.948E+02  2.944E+02
   0.21262   9    0.04103   8   1.019E+05 -3.439E-08  6.498E-02  2.959E+02  2.953E+02
   0.21262   9    0.04734   9   1.019E+05 -3.084E-08  6.498E-02  2.977E+02  2.967E+02
   0.21262   9    0.05366  10   1.018E+05 -2.728E-08  6.498E-02  3.003E+02  2.989E+02
   0.21262   9    0.05997  11   1.018E+05 -2.380E-08  6.498E-02  3.043E+02  3.022E+02
   0.21262   9    0.06628  12   1.018E+05 -2.045E-08  6.497E-02  3.103E+02  3.071E+02
   0.21262   9    0.07259  13   1.018E+05 -1.725E-08  6.496E-02  3.191E+02  3.143E+02
   0.21262   9    0.07891  14   1.018E+05 -1.423E-08  6.495E-02  3.320E+02  3.250E+02
   0.21262   9    0.08522  15   1.018E+05 -1.142E-08  6.494E-02  3.509E+02  3.406E+02
   0.21262   9    0.09153  16   1.018E+05 -8.821E-09  6.493E-02  3.796E+02  3.641E+02
   0.21262   9    0.09784  17   1.018E+05 -6.504E-09  6.487E-02  4.242E+02  4.003E+02
   0.21262   9    0.10416  18   1.018E+05 -4.622E-09  6.504E-02  4.882E+02  4.524E+02
   0.21262   9    0.11047  19   1.018E+05 -3.224E-09  6.495E-02  5.084E+02  4.855E+02
   0.21262   9    0.11678  20   1.018E+05 -2.376E-09  6.496E-02  5.176E+02  5.044E+02
   0.21262   9    0.12309  21   1.018E+05 -1.950E-09  6.498E-02  5.184E+02  5.126E+02
   0.21262   9    0.12941  22   1.018E+05 -1.704E-09  6.499E-02  5.117E+02  5.119E+02
   0.21262   9    0.13572  23   1.018E+05 -1.417E-09  6.500E-02  4.988E+02  5.040E+02
   0.21262   9    0.14203  24   1.017E+05 -9.130E-10  6.503E-02  4.814E+02  4.904E+02
   0.21262   9    0.14834  25   1.017E+05 -1.249E-10  6.504E-02  4.611E+02  4.729E+02
   0.21262   9    0.15466  26   1.017E+05  9.628E-10  6.505E-02  4.396E+02  4.531E+02
   0.21262   9    0.16097  27   1.017E+05  2.273E-09  6.505E-02  4.182E+02  4.323E+02
   0.21262   9    0.16728  28   1.017E+05  3.751E-09  6.504E-02  3.978E+02  4.117E+02
   0.21262   9    0.17359  29   1.017E+05  5.214E-09  6.504E-02  3.792E+02  3.924E+02
   0.21262   9    0.17991  30   1.017E+05  6.481E-09  6.503E-02  3.627E+02  3.747E+02
   0.21262   9    0.18622  31   1.017E+05  7.475E-09  6.503E-02  3.486E+02  3.592E+02
   0.21262   9    0.19253  32   1.017E+05  8.133E-09  6.501E-02  3.367E+02  3.459E+02
   0.21262   9    0.19884  33   1.017E+05  8.356E-09  6.500E-02  3.270E+02  3.346E+02
   0.21262   9    0.20516  34   1.017E+05  8.141E-09  6.500E-02  3.191E+02  3.254E+02
   0.21262   9    0.21147  35   1.017E+05  7.473E-09  6.501E-02  3.129E+02  3.180E+02
   0.21262   9    0.21778  36   1.017E+05  6.363E-09  6.501E-02  3.080E+02  3.120E+02
   0.21262   9    0.22409  37   1.017E+05  4.537E-09  6.500E-02  3.042E+02  3.074E+02
   0.21262   9    0.23041  38   1.016E+05  2.977E-09  6.499E-02  3.014E+02  3.038E+02
   0.21262   9    0.23672  39   1.016E+05 -2.472E-09  6.499E-02  2.992E+02  3.011E+02
   0.21262   9    0.24303  40   1.016E+05 -2.672E-09  6.498E-02  2.976E+02  2.990E+02
   0.21262   9    0.24934  41   1.016E+05  3.120E-08  6.498E-02  2.964E+02  2.975E+02
   0.21262   9    0.25566  42   1.016E+05  5.998E-08  6.499E-02  2.955E+02  2.963E+02
   0.21262   9    0.26197  43   1.016E+05  2.989E-08  6.499E-02  2.949E+02  2.955E+02
   0.21262   9    0.26828  44   1.016E+05 -6.191E-09  6.499E-02  2.944E+02  2.948E+02
   0.21262   9    0.27459  45   1.016E+05 -8.287E-09  6.499E-02  2.941E+02  2.944E+02
   0.21262   9    0.28091  46   1.016E+05 -4.605E-09  6.499E-02  2.938E+02  2.940E+02
   0.21262   9    0.28722  47   1.016E+05 -4.610E-09  6.498E-02  2.936E+02  2.938E+02
   0.21262   9    0.29353  48   1.016E+05 -4.168E-09  6.498E-02  2.935E+02  2.936E+02
   0.21262   9    0.29984  49   1.016E+05 -4.186E-09  6.498E-02  2.934E+02  2.935E+02
   0.21262   9    0.30616  50   1.016E+05 -4.313E-09  6.498E-02  2.933E+02  2.934E+02
   0.21262   9    0.31247  51   1.015E+05 -4.492E-09  6.498E-02  2.933E+02  2.933E+02
   0.21262   9    0.31878  52   1.015E+05 -4.680E-09  6.498E-02  2.932E+02  2.933E+02
   0.21262   9    0.32509  53   1.015E+05 -4.849E-09  6.498E-02  2.932E+02  2.932E+02
   0.21262   9    0.33141  54   1.015E+05 -4.958E-09  6.498E-02  2.932E+02  2.932E+02
   0.21262   9    0.33772  55   1.015E+05 -5.006E-09  6.498E-02  2.931E+02  2.932E+02
   0.21262   9    0.34403  56   1.015E+05 -4.967E-09  6.498E-02  2.931E+02  2.931E+02
   0.21262   9    0.35034  57   1.015E+05 -4.847E-09  6.498E-02  2.931E+02  2.931E+02
   0.21262   9    0.35666  58   1.015E+05 -4.682E-09  6.498E-02  2.931E+02  2.931E+02
   0.21262   9    0.36297  59   1.015E+05 -4.464E-09  6.498E-02  2.931E+02  2.931E+02
   0.21262   9    0.36928  60   1.015E+05 -4.188E-09  6.498E-02  2.931E+02  2.931E+02
   0.21262   9    0.37559  61   1.015E+05 -3.870E-09  6.498E-02  2.931E+02  2.931E+02
   0.21262   9    0.38191  62   1.015E+05 -3.545E-09  6.498E-02  2.931E+02  2.931E+02
   0.21262   9    0.38822  63   1.015E+05 -3.224E-09  6.498E-02  2.931E+02  2.931E+02
   0.21262   9    0.39453  64   1.015E+05 -2.896E-09  6.498E-02  2.930E+02  2.930E+02
   0.21262   9    0.40084  65   1.014E+05 -2.575E-09  6.498E-02  2.930E+02  2.930E+02
   0.21262   9    0.40716  66   1.014E+05 -2.269E-09  6.498E-02  2.930E+02  2.930E+02
   0.21262   9    0.41347  67   1.014E+05 -1.981E-09  6.498E-02  2.930E+02  2.930E+02
   0.21262   9    0.41978  68   1.014E+05 -1.715E-09  6.498E-02  2.930E+02  2.930E+02
   0.21262   9    0.42609  69   1.014E+05 -1.466E-09  6.498E-02  2.930E+02  2.930E+02
   0.21262   9    0.43241  70   1.014E+05 -1.261E-09  6.498E-02  2.930E+02  2.930E+02
   0.21262   9    0.43872  71   1.014E+05 -1.078E-09  6.498E-02  2.930E+02  2.930E+02
   0.21262   9    0.44503  72   1.014E+05 -8.969E-10  6.498E-02  2.930E+02  2.930E+02
   0.21262   9    0.45134  73   1.014E+05 -7.402E-10  6.498E-02  2.930E+02  2.930E+02
   0.21262   9    0.45766  74   1.014E+05 -5.985E-10  6.498E-02  2.930E+02  2.930E+02
   0.21262   9    0.46397  75   1.014E+05 -4.989E-10  6.498E-02  2.930E+02  2.930E+02
   0.21262   9    0.47028  76   1.014E+05 -4.172E-10  6.498E-02  2.930E+02  2.930E+02
   0.21262   9    0.47659  77   1.014E+05 -3.277E-10  6.498E-02  2.930E+02  2.930E+02
   0.21262   9    0.48291  78   1.014E+05 -2.518E-10  6.498E-02  2.930E+02  2.930E+02
   0.21262   9    0.48922  79   1.013E+05 -1.809E-10  6.499E-02  2.930E+02  2.930E+02
   0.21262   9    0.49553  80   1.013E+05 -1.244E-10  6.500E-02  2.930E+02  2.930E+02
   0.21262   9    0.50184  81   1.013E+05 -8.595E-11  6.500E-02  2.930E+02  2.930E+02
   0.21262   9    0.50500  82   1.013E+05 -8.595E-11  6.500E-02  2.930E+02  2.930E+02
   0.24097  10    0.00000   1   1.019E+05 -1.151E-07  6.500E-02  2.930E+02  2.931E+02
   0.24097  10    0.00316   2   1.019E+05 -1.151E-07  6.493E-02  2.931E+02  2.931E+02
   0.24097  10    0.00947   3   1.019E+05 -9.387E-08  6.497E-02  2.932E+02  2.932E+02
   0.24097  10    0.01578   4   1.019E+05 -7.968E-08  6.498E-02  2.934E+02  2.933E+02
   0.24097  10    0.02209   5   1.019E+05 -6.726E-08  6.499E-02  2.937E+02  2.935E+02
   0.24097  10    0.02841   6   1.019E+05 -5.692E-08  6.499E-02  2.941E+02  2.939E+02
   0.24097  10    0.03472   7   1.019E+05 -4.817E-08  6.498E-02  2.948E+02  2.944E+02
   0.24097  10    0.04103   8   1.019E+05 -4.060E-08  6.498E-02  2.959E+02  2.953E+02
   0.24097  10    0.04734   9   1.019E+05 -3.394E-08  6.498E-02  2.977E+02  2.967E+02
   0.24097  10    0.05366  10   1.018E+05 -2.798E-08  6.498E-02  3.003E+02  2.989E+02
   0.24097  10    0.05997  11   1.018E+05 -2.259E-08  6.498E-02  3.043E+02  3.022E+02
   0.24097  10    0.06628  12   1.018E+05 -1.767E-08  6.497E-02  3.103E+02  3.071E+02
   0.24097  10    0.07259  13   1.018E+05 -1.323E-08  6.496E-02  3.191E+02  3.143E+02
   0.24097  10    0.07891  14   1.018E+05 -9.278E-09  6.495E-02  3.320E+02  3.249E+02
   0.24097  10    0.08522  15   1.018E+05 -5.883E-09  6.494E-02  3.509E+02  3.406E+02
   0.24097  10    0.09153  16   1.018E+05 -3.135E-09  6.493E-02  3.796E+02  3.641E+02
   0.24097  10    0.09784  17   1.018E+05 -1.070E-09  6.487E-02  4.242E+02  4.002E+02
   0.24097  10    0.10416  18   1.018E+05  1.006E-10  6.504E-02  4.882E+02  4.524E+02
   0.24097  10    0.11047  19   1.018E+05  3.064E-10  6.495E-02  5.083E+02  4.855E+02
   0.24097  10    0.11678  20   1.018E+05 -4.382E-10  6.496E-02  5.175E+02  5.044E+02
   0.24097  10    0.12309  21   1.018E+05 -2.011E-09  6.498E-02  5.183E+02  5.125E+02
   0.24097  10    0.12941  22   1.018E+05 -4.105E-09  6.499E-02  5.117E+02  5.119E+02
   0.24097  10    0.13572  23   1.018E+05 -6.401E-09  6.500E-02  4.988E+02  5.040E+02
   0.24097  10    0.14203  24   1.017E+05 -8.496E-09  6.503E-02  4.814E+02  4.904E+02
   0.24097  10    0.14834  25   1.017E+05 -1.002E-08  6.504E-02  4.611E+02  4.729E+02
   0.24097  10    0.15466  26   1.017E+05 -1.075E-08  6.505E-02  4.396E+02  4.530E+02
   0.24097  10    0.16097  27   1.017E+05 -1.061E-08  6.505E-02  4.182E+02  4.322E+02
   0.24097  10    0.16728  28   1.017E+05 -9.647E-09  6.504E-02  3.978E+02  4.117E+02
   0.24097  10    0.17359  29   1.017E+05 -8.065E-09  6.504E-02  3.792E+02  3.924E+02
   0.24097  10    0.17991  30   1.017E+05 -6.103E-09  6.503E-02  3.627E+02  3.747E+02
   0.24097  10    0.18622  31   1.017E+05 -4.013E-09  6.503E-02  3.486E+02  3.592E+02
   0.24097  10    0.19253  32   1.017E+05 -1.998E-09  6.501E-02  3.367E+02  3.458E+02
   0.24097  10    0.19884  33   1.017E+05 -2.320E-10  6.500E-02  3.270E+02  3.346E+02
   0.24097  10    0.20516  34   1.017E+05  1.131E-09  6.500E-02  3.191E+02  3.254E+02
   0.24097  10    0.21147  35   1.017E+05  1.977E-09  6.501E-02  3.129E+02  3.180E+02
   0.24097  10    0.21778  36   1.017E+05  2.292E-09  6.501E-02  3.080E+02  3.120E+02
   0.24097  10    0.22409  37   1.017E+05  1.746E-09  6.500E-02  3.042E+02  3.074E+02
   0.24097  10    0.23041  38   1.016E+05  1.292E-09  6.499E-02  3.014E+02  3.038E+02
   0.24097  10    0.23672  39   1.016E+05 -3.211E-09  6.499E-02  2.992E+02  3.011E+02
   0.24097  10    0.24303  40   1.016E+05 -2.633E-09  6.498E-02  2.976E+02  2.990E+02
   0.24097  10    0.24934  41   1.016E+05  3.188E-08  6.498E-02  2.964E+02  2.975E+02
   0.24097  10    0.25566  42   1.016E+05  6.117E-08  6.499E-02  2.955E+02  2.963E+02
   0.24097  10    0.26197  43   1.016E+05  3.151E-08  6.499E-02  2.949E+02  2.955E+02
   0.24097  10    0.26828  44   1.016E+05 -4.212E-09  6.499E-02  2.944E+02  2.948E+02
   0.24097  10    0.27459  45   1.016E+05 -6.026E-09  6.499E-02  2.941E+02  2.944E+02
   0.24097  10    0.28091  46   1.016E+05 -2.157E-09  6.499E-02  2.938E+02  2.940E+02
   0.24097  10    0.28722  47   1.016E+05 -2.084E-09  6.498E-02  2.936E+02  2.938E+02
   0.24097  10    0.29353  48   1.016E+05 -1.611E-09  6.498E-02  2.935E+02  2.936E+02
   0.24097  10    0.29984  49   1.016E+05 -1.662E-09  6.498E-02  2.934E+02  2.935E+02
   0.24097  10    0.30616  50   1.016E+05 -1.866E-09  6.498E-02  2.933E+02  2.934E+02
   0.24097  10    0.31247  51   1.015E+05 -2.154E-09  6.498E-02  2.933E+02  2.933E+02
   0.24097  10    0.31878  52   1.015E+05 -2.476E-09  6.498E-02  2.932E+02  2.933E+02
   0.24097  10    0.32509  53   1.015E+05 -2.767E-09  6.498E-02  2.932E+02  2.932E+02
   0.24097  10    0.33141  54   1.015E+05 -2.997E-09  6.498E-02  2.932E+02  2.932E+02
   0.24097  10    0.33772  55   1.015E+05 -3.173E-09  6.498E-02  2.931E+02  2.932E+02
   0.24097  10    0.34403  56   1.015E+05 -3.263E-09  6.498E-02  2.931E+02  2.931E+02
   0.24097  10    0.35034  57   1.015E+05 -3.248E-09  6.498E-02  2.931E+02  2.931E+02
   0.24097  10    0.35666  58   1.015E+05 -3.160E-09  6.498E-02  2.931E+02  2.931E+02
   0.24097  10    0.36297  59   1.015E+05 -3.007E-09  6.498E-02  2.931E+02  2.931E+02
   0.24097  10    0.36928  60   1.015E+05 -2.805E-09  6.498E-02  2.931E+02  2.931E+02
   0.24097  10    0.37559  61   1.015E+05 -2.579E-09  6.498E-02  2.931E+02  2.931E+02
   0.24097  10    0.38191  62   1.015E+05 -2.299E-09  6.498E-02  2.931E+02  2.931E+02
   0.24097  10    0.38822  63   1.015E+05 -2.011E-09  6.498E-02  2.931E+02  2.931E+02
   0.24097  10    0.39453  64   1.015E+05 -1.727E-09  6.498E-02  2.930E+02  2.930E+02
   0.24097  10    0.40084  65   1.014E+05 -1.435E-09  6.498E-02  2.930E+02  2.930E+02
   0.24097  10    0.40716  66   1.014E+05 -1.163E-09  6.498E-02  2.930E+02  2.930E+02
   0.24097  10    0.41347  67   1.014E+05 -9.340E-10  6.498E-02  2.930E+02  2.930E+02
   0.24097  10    0.41978  68   1.014E+05 -7.518E-10  6.498E-02  2.930E+02  2.930E+02
   0.24097  10    0.42609  69   1.014E+05 -5.943E-10  6.498E-02  2.930E+02  2.930E+02
   0.24097  10    0.43241  70   1.014E+05 -4.700E-10  6.498E-02  2.930E+02  2.930E+02
   0.24097  10    0.43872  71   1.014E+05 -3.514E-10  6.498E-02  2.930E+02  2.930E+02
   0.24097  10    0.44503  72   1.014E+05 -2.619E-10  6.498E-02  2.930E+02  2.930E+02
   0.24097  10    0.45134  73   1.014E+05 -1.975E-10  6.498E-02  2.930E+02  2.930E+02
   0.24097  10    0.45766  74   1.014E+05 -1.253E-10  6.498E-02  2.930E+02  2.930E+02
   0.24097  10    0.46397  75   1.014E+05 -9.692E-11  6.498E-02  2.930E+02  2.930E+02
   0.24097  10    0.47028  76   1.014E+05 -8.249E-11  6.498E-02  2.930E+02  2.930E+02
   0.24097  10    0.47659  77   1.014E+05 -5.051E-11  6.498E-02  2.930E+02  2.930E+02
   0.24097  10    0.48291  78   1.014E+05 -4.939E-11  6.498E-02  2.930E+02  2.930E+02
   0.24097  10    0.48922  79   1.013E+05 -4.765E-11  6.499E-02  2.930E+02  2.930E+02
   0.24097  10    0.49553  80   1.013E+05 -3.586E-11  6.500E-02  2.930E+02  2.930E+02
   0.24097  10    0.50184  81   1.013E+05 -2.440E-11  6.500E-02  2.930E+02  2.930E+02
   0.24097  10    0.50500  82   1.013E+05 -2.440E-11  6.500E-02  2.930E+02  2.930E+02
   0.26932  11    0.00000   1   1.019E+05 -8.614E-08  6.500E-02  2.930E+02  2.931E+02
   0.26932  11    0.00316   2   1.019E+05 -8.614E-08  6.493E-02  2.931E+02  2.931E+02
   0.26932  11    0.00947   3   1.019E+05 -6.593E-08  6.497E-02  2.932E+02  2.932E+02
   0.26932  11    0.01578   4   1.019E+05 -5.331E-08  6.498E-02  2.934E+02  2.933E+02
   0.26932  11    0.02209   5   1.019E+05 -4.277E-08  6.498E-02  2.937E+02  2.935E+02
   0.26932  11    0.02841   6   1.019E+05 -3.443E-08  6.499E-02  2.941E+02  2.939E+02
   0.26932  11    0.03472   7   1.019E+05 -2.764E-08  6.498E-02  2.948E+02  2.944E+02
   0.26932  11    0.04103   8   1.019E+05 -2.191E-08  6.498E-02  2.959E+02  2.953E+02
   0.26932  11    0.04734   9   1.019E+05 -1.695E-08  6.498E-02  2.977E+02  2.967E+02
   0.26932  11    0.05366  10   1.018E+05 -1.253E-08  6.498E-02  3.003E+02  2.989E+02
   0.26932  11    0.05997  11   1.018E+05 -8.511E-09  6.498E-02  3.043E+02  3.022E+02
   0.26932  11    0.06628  12   1.018E+05 -4.856E-09  6.497E-02  3.103E+02  3.071E+02
   0.26932  11    0.07259  13   1.018E+05 -1.627E-09  6.496E-02  3.191E+02  3.143E+02
   0.26932  11    0.07891  14   1.018E+05  1.077E-09  6.495E-02  3.320E+02  3.249E+02
   0.26932  11    0.08522  15   1.018E+05  3.104E-09  6.494E-02  3.509E+02  3.406E+02
   0.26932  11    0.09153  16   1.018E+05  4.345E-09  6.493E-02  3.796E+02  3.641E+02
   0.26932  11    0.09784  17   1.018E+05  4.811E-09  6.487E-02  4.242E+02  4.003E+02
   0.26932  11    0.10416  18   1.018E+05  4.494E-09  6.504E-02  4.882E+02  4.524E+02
   0.26932  11    0.11047  19   1.018E+05  3.507E-09  6.495E-02  5.084E+02  4.855E+02
   0.26932  11    0.11678  20   1.018E+05  1.939E-09  6.496E-02  5.176E+02  5.044E+02
   0.26932  11    0.12309  21   1.018E+05 -1.310E-10  6.498E-02  5.184E+02  5.126E+02
   0.26932  11    0.12941  22   1.018E+05 -2.570E-09  6.499E-02  5.117E+02  5.119E+02
   0.26932  11    0.13572  23   1.018E+05 -5.205E-09  6.500E-02  4.988E+02  5.040E+02
   0.26932  11    0.14203  24   1.017E+05 -7.669E-09  6.503E-02  4.814E+02  4.905E+02
   0.26932  11    0.14834  25   1.017E+05 -9.616E-09  6.504E-02  4.612E+02  4.729E+02
   0.26932  11    0.15466  26   1.017E+05 -1.083E-08  6.505E-02  4.396E+02  4.531E+02
   0.26932  11    0.16097  27   1.017E+05 -1.120E-08  6.505E-02  4.182E+02  4.323E+02
   0.26932  11    0.16728  28   1.017E+05 -1.082E-08  6.504E-02  3.978E+02  4.117E+02
   0.26932  11    0.17359  29   1.017E+05 -9.848E-09  6.504E-02  3.792E+02  3.924E+02
   0.26932  11    0.17991  30   1.017E+05 -8.445E-09  6.503E-02  3.627E+02  3.747E+02
   0.26932  11    0.18622  31   1.017E+05 -6.845E-09  6.503E-02  3.486E+02  3.592E+02
   0.26932  11    0.19253  32   1.017E+05 -5.185E-09  6.501E-02  3.367E+02  3.458E+02
   0.26932  11    0.19884  33   1.017E+05 -3.558E-09  6.500E-02  3.270E+02  3.346E+02
   0.26932  11    0.20516  34   1.017E+05 -2.097E-09  6.500E-02  3.191E+02  3.254E+02
   0.26932  11    0.21147  35   1.017E+05 -8.321E-10  6.501E-02  3.129E+02  3.179E+02
   0.26932  11    0.21778  36   1.017E+05  2.746E-10  6.501E-02  3.080E+02  3.120E+02
   0.26932  11    0.22409  37   1.017E+05  1.265E-09  6.500E-02  3.042E+02  3.074E+02
   0.26932  11    0.23041  38   1.016E+05  2.174E-09  6.499E-02  3.014E+02  3.038E+02
   0.26932  11    0.23672  39   1.016E+05  3.120E-09  6.499E-02  2.992E+02  3.011E+02
   0.26932  11    0.24303  40   1.016E+05  4.475E-09  6.498E-02  2.976E+02  2.990E+02
   0.26932  11    0.24934  41   1.016E+05  6.604E-09  6.498E-02  2.964E+02  2.975E+02
   0.26932  11    0.25566  42   1.016E+05  7.842E-09  6.499E-02  2.955E+02  2.963E+02
   0.26932  11    0.26197  43   1.016E+05  6.490E-09  6.499E-02  2.949E+02  2.955E+02
   0.26932  11    0.26828  44   1.016E+05  4.274E-09  6.499E-02  2.944E+02  2.948E+02
   0.26932  11    0.27459  45   1.016E+05  2.930E-09  6.499E-02  2.941E+02  2.944E+02
   0.26932  11    0.28091  46   1.016E+05  2.087E-09  6.498E-02  2.938E+02  2.940E+02
   0.26932  11    0.28722  47   1.016E+05  1.422E-09  6.498E-02  2.936E+02  2.938E+02
   0.26932  11    0.29353  48   1.016E+05  9.312E-10  6.498E-02  2.935E+02  2.936E+02
   0.26932  11    0.29984  49   1.016E+05  5.151E-10  6.498E-02  2.934E+02  2.935E+02
   0.26932  11    0.30616  50   1.016E+05  1.630E-10  6.498E-02  2.933E+02  2.934E+02
   0.26932  11    0.31247  51   1.015E+05 -1.410E-10  6.498E-02  2.933E+02  2.933E+02
   0.26932  11    0.31878  52   1.015E+05 -4.082E-10  6.498E-02  2.932E+02  2.933E+02
   0.26932  11    0.32509  53   1.015E+05 -6.199E-10  6.498E-02  2.932E+02  2.932E+02
   0.26932  11    0.33141  54   1.015E+05 -7.864E-10  6.498E-02  2.932E+02  2.932E+02
   0.26932  11    0.33772  55   1.015E+05 -9.189E-10  6.498E-02  2.931E+02  2.932E+02
   0.26932  11    0.34403  56   1.015E+05 -1.009E-09  6.498E-02  2.931E+02  2.931E+02
   0.26932  11    0.35034  57   1.015E+05 -1.061E-09  6.498E-02  2.931E+02  2.931E+02
   0.26932  11    0.35666  58   1.015E+05 -1.057E-09  6.498E-02  2.931E+02  2.931E+02
   0.26932  11    0.36297  59   1.015E+05 -9.979E-10  6.498E-02  2.931E+02  2.931E+02
   0.26932  11    0.36928  60   1.015E+05 -9.302E-10  6.498E-02  2.931E+02  2.931E+02
   0.26932  11    0.37559  61   1.015E+05 -8.621E-10  6.498E-02  2.931E+02  2.931E+02
   0.26932  11    0.38191  62   1.015E+05 -7.552E-10  6.498E-02  2.931E+02  2.931E+02
   0.26932  11    0.38822  63   1.015E+05 -6.462E-10  6.498E-02  2.930E+02  2.931E+02
   0.26932  11    0.39453  64   1.015E+05 -5.412E-10  6.498E-02  2.930E+02  2.930E+02
   0.26932  11    0.40084  65   1.014E+05 -4.202E-10  6.498E-02  2.930E+02  2.930E+02
   0.26932  11    0.40716  66   1.014E+05 -3.081E-10  6.498E-02  2.930E+02  2.930E+02
   0.26932  11    0.41347  67   1.014E+05 -2.240E-10  6.498E-02  2.930E+02  2.930E+02
   0.26932  11    0.41978  68   1.014E+05 -1.694E-10  6.498E-02  2.930E+02  2.930E+02
   0.26932  11    0.42609  69   1.014E+05 -1.280E-10  6.498E-02  2.930E+02  2.930E+02
   0.26932  11    0.43241  70   1.014E+05 -8.325E-11  6.498E-02  2.930E+02  2.930E+02
   0.26932  11    0.43872  71   1.014E+05 -2.934E-11  6.498E-02  2.930E+02  2.930E+02
   0.26932  11    0.44503  72   1.014E+05 -1.203E-11  6.498E-02  2.930E+02  2.930E+02
   0.26932  11    0.45134  73   1.014E+05 -2.987E-12  6.498E-02  2.930E+02  2.930E+02
   0.26932  11    0.45766  74   1.014E+05  1.916E-11  6.498E-02  2.930E+02  2.930E+02
   0.26932  11    0.46397  75   1.014E+05  2.795E-11  6.498E-02  2.930E+02  2.930E+02
   0.26932  11    0.47028  76   1.014E+05  2.974E-11  6.498E-02  2.930E+02  2.930E+02
   0.26932  11    0.47659  77   1.014E+05  3.251E-11  6.498E-02  2.930E+02  2.930E+02
   0.26932  11    0.48291  78   1.014E+05  1.318E-11  6.498E-02  2.930E+02  2.930E+02
   0.26932  11    0.48922  79   1.013E+05 -2.186E-12  6.499E-02  2.930E+02  2.930E+02
   0.26932  11    0.49553  80   1.013E+05 -5.613E-12  6.499E-02  2.930E+02  2.930E+02
   0.26932  11    0.50184  81   1.013E+05 -1.185E-12  6.500E-02  2.930E+02  2.930E+02
   0.26932  11    0.50500  82   1.013E+05 -1.185E-12  6.500E-02  2.930E+02  2.930E+02
   0.28350  12    0.00000   1   1.019E+05 -8.614E-08  6.500E-02  2.930E+02  2.931E+02
   0.28350  12    0.00316   2   1.019E+05  0.000E+00  0.000E+00  2.931E+02  2.931E+02
   0.28350  12    0.00947   3   1.019E+05  0.000E+00  0.000E+00  2.932E+02  2.932E+02
   0.28350  12    0.01578   4   1.019E+05  0.000E+00  0.000E+00  2.934E+02  2.933E+02
   0.28350  12    0.02209   5   1.019E+05  0.000E+00  0.000E+00  2.937E+02  2.935E+02
   0.28350  12    0.02841   6   1.019E+05  0.000E+00  0.000E+00  2.941E+02  2.939E+02
   0.28350  12    0.03472   7   1.019E+05  0.000E+00  0.000E+00  2.948E+02  2.944E+02
   0.28350  12    0.04103   8   1.019E+05  0.000E+00  0.000E+00  2.959E+02  2.953E+02
   0.28350  12    0.04734   9   1.019E+05  0.000E+00  0.000E+00  2.977E+02  2.967E+02
   0.28350  12    0.05366  10   1.018E+05  0.000E+00  0.000E+00  3.003E+02  2.989E+02
   0.28350  12    0.05997  11   1.018E+05  0.000E+00  0.000E+00  3.043E+02  3.022E+02
   0.28350  12    0.06628  12   1.018E+05  0.000E+00  0.000E+00  3.103E+02  3.071E+02
   0.28350  12    0.07259  13   1.018E+05  0.000E+00  0.000E+00  3.191E+02  3.143E+02
   0.28350  12    0.07891  14   1.018E+05  0.000E+00  0.000E+00  3.320E+02  3.249E+02
   0.28350  12    0.08522  15   1.018E+05  0.000E+00  0.000E+00  3.509E+02  3.406E+02
   0.28350  12    0.09153  16   1.018E+05  0.000E+00  0.000E+00  3.796E+02  3.641E+02
   0.28350  12    0.09784  17   1.018E+05  0.000E+00  0.000E+00  4.242E+02  4.003E+02
   0.28350  12    0.10416  18   1.018E+05  0.000E+00  0.000E+00  4.882E+02  4.524E+02
   0.28350  12    0.11047  19   1.018E+05  0.000E+00  0.000E+00  5.084E+02  4.855E+02
   0.28350  12    0.11678  20   1.018E+05  0.000E+00  0.000E+00  5.176E+02  5.044E+02
   0.28350  12    0.12309  21   1.018E+05  0.000E+00  0.000E+00  5.184E+02  5.126E+02
   0.28350  12    0.12941  22   1.018E+05  0.000E+00  0.000E+00  5.117E+02  5.119E+02
   0.28350  12    0.13572  23   1.018E+05  0.000E+00  0.000E+00  4.988E+02  5.040E+02
   0.28350  12    0.14203  24   1.017E+05  0.000E+00  0.000E+00  4.814E+02  4.905E+02
   0.28350  12    0.14834  25   1.017E+05  0.000E+00  0.000E+00  4.612E+02  4.729E+02
   0.28350  12    0.15466  26   1.017E+05  0.000E+00  0.000E+00  4.396E+02  4.531E+02
   0.28350  12    0.16097  27   1.017E+05  0.000E+00  0.000E+00  4.182E+02  4.323E+02
   0.28350  12    0.16728  28   1.017E+05  0.000E+00  0.000E+00  3.978E+02  4.117E+02
   0.28350  12    0.17359  29   1.017E+05  0.000E+00  0.000E+00  3.792E+02  3.924E+02
   0.28350  12    0.17991  30   1.017E+05  0.000E+00  0.000E+00  3.627E+02  3.747E+02
   0.28350  12    0.18622  31   1.017E+05  0.000E+00  0.000E+00  3.486E+02  3.592E+02
   0.28350  12    0.19253  32   1.017E+05  0.000E+00  0.000E+00  3.367E+02  3.458E+02
   0.28350  12    0.19884  33   1.017E+05  0.000E+00  0.000E+00  3.270E+02  3.346E+02
   0.28350  12    0.20516  34   1.017E+05  0.000E+00  0.000E+00  3.191E+02  3.254E+02
   0.28350  12    0.21147  35   1.017E+05  0.000E+00  0.000E+00  3.129E+02  3.179E+02
   0.28350  12    0.21778  36   1.017E+05  0.000E+00  0.000E+00  3.080E+02  3.120E+02
   0.28350  12    0.22409  37   1.017E+05  0.000E+00  0.000E+00  3.042E+02  3.074E+02
   0.28350  12    0.23041  38   1.016E+05  0.000E+00  0.000E+00  3.014E+02  3.038E+02
   0.28350  12    0.23672  39   1.016E+05  0.000E+00  0.000E+00  2.992E+02  3.011E+02
   0.28350  12    0.24303  40   1.016E+05  0.000E+00  0.000E+00  2.976E+02  2.990E+02
   0.28350  12    0.24934  41   1.016E+05  0.000E+00  0.000E+00  2.964E+02  2.975E+02
   0.28350  12    0.25566  42   1.016E+05  0.000E+00  0.000E+00  2.955E+02  2.963E+02
   0.28350  12    0.26197  43   1.016E+05  0.000E+00  0.000E+00  2.949E+02  2.955E+02
   0.28350  12    0.26828  44   1.016E+05  0.000E+00  0.000E+00  2.944E+02  2.948E+02
   0.28350  12    0.27459  45   1.016E+05  0.000E+00  0.000E+00  2.941E+02  2.944E+02
   0.28350  12    0.28091  46   1.016E+05  0.000E+00  0.000E+00  2.938E+02  2.940E+02
   0.28350  12    0.28722  47   1.016E+05  0.000E+00  0.000E+00  2.936E+02  2.938E+02
   0.28350  12    0.29353  48   1.016E+05  0.000E+00  0.000E+00  2.935E+02  2.936E+02
   0.28350  12    0.29984  49   1.016E+05  0.000E+00  0.000E+00  2.934E+02  2.935E+02
   0.28350  12    0.30616  50   1.016E+05  0.000E+00  0.000E+00  2.933E+02  2.934E+02
   0.28350  12    0.31247  51   1.015E+05  0.000E+00  0.000E+00  2.933E+02  2.933E+02
   0.28350  12    0.31878  52   1.015E+05  0.000E+00  0.000E+00  2.932E+02  2.933E+02
   0.28350  12    0.32509  53   1.015E+05  0.000E+00  0.000E+00  2.932E+02  2.932E+02
   0.28350  12    0.33141  54   1.015E+05  0.000E+00  0.000E+00  2.932E+02  2.932E+02
   0.28350  12    0.33772  55   1.015E+05  0.000E+00  0.000E+00  2.931E+02  2.932E+02
   0.28350  12    0.34403  56   1.015E+05  0.000E+00  0.000E+00  2.931E+02  2.931E+02
   0.28350  12    0.35034  57   1.015E+05  0.000E+00  0.000E+00  2.931E+02  2.931E+02
   0.28350  12    0.35666  58   1.015E+05  0.000E+00  0.000E+00  2.931E+02  2.931E+02
   0.28350  12    0.36297  59   1.015E+05  0.000E+00  0.000E+00  2.931E+02  2.931E+02
   0.28350  12    0.36928  60   1.015E+05  0.000E+00  0.000E+00  2.931E+02  2.931E+02
   0.28350  12    0.37559  61   1.015E+05  0.000E+00  0.000E+00  2.931E+02  2.931E+02
   0.28350  12    0.38191  62   1.015E+05  0.000E+00  0.000E+00  2.931E+02  2.931E+02
   0.28350  12    0.38822  63   1.015E+05  0.000E+00  0.000E+00  2.930E+02  2.931E+02
   0.28350  12    0.39453  64   1.015E+05  0.000E+00  0.000E+00  2.930E+02  2.930E+02
   0.28350  12    0.40084  65   1.014E+05  0.000E+00  0.000E+00  2.930E+02  2.930E+02
   0.28350  12    0.40716  66   1.014E+05  0.000E+00  0.000E+00  2.930E+02  2.930E+02
   0.28350  12    0.41347  67   1.014E+05  0.000E+00  0.000E+00  2.930E+02  2.930E+02
   0.28350  12    0.41978  68   1.014E+05  0.000E+00  0.000E+00  2.930E+02  2.930E+02
   0.28350  12    0.42609  69   1.014E+05  0.000E+00  0.000E+00  2.930E+02  2.930E+02
   0.28350  12    0.43241  70   1.014E+05  0.000E+00  0.000E+00  2.930E+02  2.930E+02
   0.28350  12    0.43872  71   1.014E+05  0.000E+00  0.000E+00  2.930E+02  2.930E+02
   0.28350  12    0.44503  72   1.014E+05  0.000E+00  0.000E+00  2.930E+02  2.930E+02
   0.28350  12    0.45134  73   1.014E+05  0.000E+00  0.000E+00  2.930E+02  2.930E+02
   0.28350  12    0.45766  74   1.014E+05  0.000E+00  0.000E+00  2.930E+02  2.930E+02
   0.28350  12    0.46397  75   1.014E+05  0.000E+00  0.000E+00  2.930E+02  2.930E+02
   0.28350  12    0.47028  76   1.014E+05  0.000E+00  0.000E+00  2.930E+02  2.930E+02
   0.28350  12    0.47659  77   1.014E+05  0.000E+00  0.000E+00  2.930E+02  2.930E+02
   0.28350  12    0.48291  78   1.014E+05  0.000E+00  0.000E+00  2.930E+02  2.930E+02
   0.28350  12    0.48922  79   1.013E+05  0.000E+00  0.000E+00  2.930E+02  2.930E+02
   0.28350  12    0.49553  80   1.013E+05  0.000E+00  0.000E+00  2.930E+02  2.930E+02
   0.28350  12    0.50184  81   1.013E+05  0.000E+00  0.000E+00  2.930E+02  2.930E+02
   0.28350  12    0.50500  82   1.013E+05 -1.185E-12  6.500E-02  2.930E+02  2.930E+02
