# xp i yp j p u v ts tf
   0.00000   1    0.00000   1   1.019E+05  0.000E+00  0.000E+00  2.930E+02  2.930E+02
   0.00000   1    0.00316   2   1.019E+05  0.000E+00  0.000E+00  2.930E+02  2.930E+02
   0.00000   1    0.00947   3   1.019E+05  0.000E+00  0.000E+00  2.930E+02  2.930E+02
   0.00000   1    0.01578   4   1.019E+05  0.000E+00  0.000E+00  2.930E+02  2.930E+02
   0.00000   1    0.02209   5   1.019E+05  0.000E+00  0.000E+00  2.930E+02  2.930E+02
   0.00000   1    0.02841   6   1.019E+05  0.000E+00  0.000E+00  2.931E+02  2.931E+02
   0.00000   1    0.03472   7   1.019E+05  0.000E+00  0.000E+00  2.931E+02  2.931E+02
   0.00000   1    0.04103   8   1.019E+05  0.000E+00  0.000E+00  2.932E+02  2.932E+02
   0.00000   1    0.04734   9   1.019E+05  0.000E+00  0.000E+00  2.934E+02  2.933E+02
   0.00000   1    0.05366  10   1.018E+05  0.000E+00  0.000E+00  2.936E+02  2.934E+02
   0.00000   1    0.05997  11   1.018E+05  0.000E+00  0.000E+00  2.938E+02  2.937E+02
   0.00000   1    0.06628  12   1.018E+05  0.000E+00  0.000E+00  2.943E+02  2.940E+02
   0.00000   1    0.07259  13   1.018E+05  0.000E+00  0.000E+00  2.949E+02  2.946E+02
   0.00000   1    0.07891  14   1.018E+05  0.000E+00  0.000E+00  2.958E+02  2.953E+02
   0.00000   1    0.08522  15   1.018E+05  0.000E+00  0.000E+00  2.970E+02  2.963E+02
   0.00000   1    0.09153  16   1.018E+05  0.000E+00  0.000E+00  2.987E+02  2.977E+02
   0.00000   1    0.09784  17   1.018E+05  0.000E+00  0.000E+00  3.009E+02  2.997E+02
   0.00000   1    0.10416  18   1.018E+05  0.000E+00  0.000E+00  3.038E+02  3.022E+02
   0.00000   1    0.11047  19   1.018E+05  0.000E+00  0.000E+00  3.075E+02  3.054E+02
   0.00000   1    0.11678  20   1.018E+05  0.000E+00  0.000E+00  3.120E+02  3.093E+02
   0.00000   1    0.12309  21   1.018E+05  0.000E+00  0.000E+00  3.175E+02  3.142E+02
   0.00000   1    0.12941  22   1.018E+05  0.000E+00  0.000E+00  3.239E+02  3.200E+02
   0.00000   1    0.13572  23   1.018E+05  0.000E+00  0.000E+00  3.311E+02  3.267E+02
   0.00000   1    0.14203  24   1.017E+05  0.000E+00  0.000E+00  3.392E+02  3.342E+02
   0.00000   1    0.14834  25   1.017E+05  0.000E+00  0.000E+00  3.479E+02  3.424E+02
   0.00000   1    0.15466  26   1.017E+05  0.000E+00  0.000E+00  3.570E+02  3.511E+02
   0.00000   1    0.16097  27   1.017E+05  0.000E+00  0.000E+00  3.663E+02  3.602E+02
   0.00000   1    0.16728  28   1.017E+05  0.000E+00  0.000E+00  3.755E+02  3.693E+02
   0.00000   1    0.17359  29   1.017E+05  0.000E+00  0.000E+00  3.843E+02  3.782E+02
   0.00000   1    0.17991  30   1.017E+05  0.000E+00  0.000E+00  3.924E+02  3.866E+02
   0.00000   1    0.18622  31   1.017E+05  0.000E+00  0.000E+00  3.995E+02  3.943E+02
   0.00000   1    0.19253  32   1.017E+05  0.000E+00  0.000E+00  4.055E+02  4.009E+02
   0.00000   1    0.19884  33   1.017E+05  0.000E+00  0.000E+00  4.101E+02  4.063E+02
   0.00000   1    0.20516  34   1.017E+05  0.000E+00  0.000E+00  4.132E+02  4.104E+02
   0.00000   1    0.21147  35   1.017E+05  0.000E+00  0.000E+00  4.149E+02  4.130E+02
   0.00000   1    0.21778  36   1.017E+05  0.000E+00  0.000E+00  4.150E+02  4.142E+02
   0.00000   1    0.22409  37   1.017E+05  0.000E+00  0.000E+00  4.136E+02  4.138E+02
   0.00000   1    0.23041  38   1.016E+05  0.000E+00  0.000E+00  4.110E+02  4.121E+02
   0.00000   1    0.23672  39   1.016E+05  0.000E+00  0.000E+00  4.071E+02  4.091E+02
   0.00000   1    0.24303  40   1.016E+05  0.000E+00  0.000E+00  4.022E+02  4.049E+02
   0.00000   1    0.24934  41   1.016E+05  0.000E+00  0.000E+00  3.964E+02  3.998E+02
   0.00000   1    0.25566  42   1.016E+05  0.000E+00  0.000E+00  3.900E+02  3.940E+02
   0.00000   1    0.26197  43   1.016E+05  0.000E+00  0.000E+00  3.832E+02  3.875E+02
   0.00000   1    0.26828  44   1.016E+05  0.000E+00  0.000E+00  3.760E+02  3.807E+02
   0.00000   1    0.27459  45   1.016E+05  0.000E+00  0.000E+00  3.688E+02  3.736E+02
   0.00000   1    0.28091  46   1.016E+05  0.000E+00  0.000E+00  3.616E+02  3.665E+02
   0.00000   1    0.28722  47   1.016E+05  0.000E+00  0.000E+00  3.547E+02  3.594E+02
   0.00000   1    0.29353  48   1.016E+05  0.000E+00  0.000E+00  3.480E+02  3.526E+02
   0.00000   1    0.29984  49   1.016E+05  0.000E+00  0.000E+00  3.416E+02  3.461E+02
   0.00000   1    0.30616  50   1.016E+05  0.000E+00  0.000E+00  3.357E+02  3.399E+02
   0.00000   1    0.31247  51   1.015E+05  0.000E+00  0.000E+00  3.303E+02  3.342E+02
   0.00000   1    0.31878  52   1.015E+05  0.000E+00  0.000E+00  3.253E+02  3.289E+02
   0.00000   1    0.32509  53   1.015E+05  0.000E+00  0.000E+00  3.208E+02  3.241E+02
   0.00000   1    0.33141  54   1.015E+05  0.000E+00  0.000E+00  3.168E+02  3.197E+02
   0.00000   1    0.33772  55   1.015E+05  0.000E+00  0.000E+00  3.132E+02  3.159E+02
   0.00000   1    0.34403  56   1.015E+05  0.000E+00  0.000E+00  3.101E+02  3.125E+02
   0.00000   1    0.35034  57   1.015E+05  0.000E+00  0.000E+00  3.074E+02  3.094E+02
   0.00000   1    0.35666  58   1.015E+05  0.000E+00  0.000E+00  3.051E+02  3.068E+02
   0.00000   1    0.36297  59   1.015E+05  0.000E+00  0.000E+00  3.030E+02  3.046E+02
   0.00000   1    0.36928  60   1.015E+05  0.000E+00  0.000E+00  3.013E+02  3.026E+02
   0.00000   1    0.37559  61   1.015E+05  0.000E+00  0.000E+00  2.999E+02  3.010E+02
   0.00000   1    0.38191  62   1.015E+05  0.000E+00  0.000E+00  2.986E+02  2.996E+02
   0.00000   1    0.38822  63   1.015E+05  0.000E+00  0.000E+00  2.976E+02  2.984E+02
   0.00000   1    0.39453  64   1.015E+05  0.000E+00  0.000E+00  2.968E+02  2.974E+02
   0.00000   1    0.40084  65   1.014E+05  0.000E+00  0.000E+00  2.961E+02  2.966E+02
   0.00000   1    0.40716  66   1.014E+05  0.000E+00  0.000E+00  2.955E+02  2.959E+02
   0.00000   1    0.41347  67   1.014E+05  0.000E+00  0.000E+00  2.950E+02  2.954E+02
   0.00000   1    0.41978  68   1.014E+05  0.000E+00  0.000E+00  2.946E+02  2.949E+02
   0.00000   1    0.42609  69   1.014E+05  0.000E+00  0.000E+00  2.943E+02  2.946E+02
   0.00000   1    0.43241  70   1.014E+05  0.000E+00  0.000E+00  2.940E+02  2.942E+02
   0.00000   1    0.43872  71   1.014E+05  0.000E+00  0.000E+00  2.938E+02  2.940E+02
   0.00000   1    0.44503  72   1.014E+05  0.000E+00  0.000E+00  2.937E+02  2.938E+02
   0.00000   1    0.45134  73   1.014E+05  0.000E+00  0.000E+00  2.935E+02  2.936E+02
   0.00000   1    0.45766  74   1.014E+05  0.000E+00  0.000E+00  2.934E+02  2.935E+02
   0.00000   1    0.46397  75   1.014E+05  0.000E+00  0.000E+00  2.933E+02  2.934E+02
   0.00000   1    0.47028  76   1.014E+05  0.000E+00  0.000E+00  2.933E+02  2.933E+02
   0.00000   1    0.47659  77   1.014E+05  0.000E+00  0.000E+00  2.932E+02  2.933E+02
   0.00000   1    0.48291  78   1.014E+05  0.000E+00  0.000E+00  2.932E+02  2.932E+02
   0.00000   1    0.48922  79   1.013E+05  0.000E+00  0.000E+00  2.931E+02  2.932E+02
   0.00000   1    0.49553  80   1.013E+05  0.000E+00  0.000E+00  2.931E+02  2.931E+02
   0.00000   1    0.50184  81   1.013E+05  0.000E+00  0.000E+00  2.931E+02  2.931E+02
   0.00000   1    0.50500  82   1.013E+05  0.000E+00  0.000E+00  2.931E+02  2.931E+02
   0.01417   2    0.00000   1   1.019E+05  8.481E-08  6.500E-02  2.930E+02  2.930E+02
   0.01417   2    0.00316   2   1.019E+05  8.481E-08  6.502E-02  2.930E+02  2.930E+02
   0.01417   2    0.00947   3   1.019E+05  6.472E-08  6.500E-02  2.930E+02  2.930E+02
   0.01417   2    0.01578   4   1.019E+05  5.239E-08  6.500E-02  2.930E+02  2.930E+02
   0.01417   2    0.02209   5   1.019E+05  4.248E-08  6.500E-02  2.930E+02  2.930E+02
   0.01417   2    0.02841   6   1.019E+05  3.503E-08  6.500E-02  2.931E+02  2.931E+02
   0.01417   2    0.03472   7   1.019E+05  2.944E-08  6.499E-02  2.931E+02  2.931E+02
   0.01417   2    0.04103   8   1.019E+05  2.539E-08  6.499E-02  2.932E+02  2.932E+02
   0.01417   2    0.04734   9   1.019E+05  2.260E-08  6.500E-02  2.934E+02  2.933E+02
   0.01417   2    0.05366  10   1.018E+05  2.087E-08  6.500E-02  2.936E+02  2.934E+02
   0.01417   2    0.05997  11   1.018E+05  2.010E-08  6.500E-02  2.938E+02  2.937E+02
   0.01417   2    0.06628  12   1.018E+05  2.025E-08  6.500E-02  2.943E+02  2.940E+02
   0.01417   2    0.07259  13   1.018E+05  2.111E-08  6.499E-02  2.949E+02  2.946E+02
   0.01417   2    0.07891  14   1.018E+05  2.294E-08  6.500E-02  2.958E+02  2.953E+02
   0.01417   2    0.08522  15   1.018E+05  2.555E-08  6.501E-02  2.970E+02  2.963E+02
   0.01417   2    0.09153  16   1.018E+05  2.719E-08  6.500E-02  2.987E+02  2.977E+02
   0.01417   2    0.09784  17   1.018E+05  2.412E-08  6.499E-02  3.009E+02  2.997E+02
   0.01417   2    0.10416  18   1.018E+05  1.997E-08  6.499E-02  3.038E+02  3.022E+02
   0.01417   2    0.11047  19   1.018E+05  1.641E-08  6.500E-02  3.075E+02  3.054E+02
   0.01417   2    0.11678  20   1.018E+05  1.363E-08  6.499E-02  3.120E+02  3.093E+02
   0.01417   2    0.12309  21   1.018E+05  1.128E-08  6.498E-02  3.175E+02  3.142E+02
   0.01417   2    0.12941  22   1.018E+05  9.416E-09  6.498E-02  3.239E+02  3.200E+02
   0.01417   2    0.13572  23   1.018E+05  7.929E-09  6.498E-02  3.311E+02  3.267E+02
   0.01417   2    0.14203  24   1.017E+05  6.770E-09  6.499E-02  3.392E+02  3.342E+02
   0.01417   2    0.14834  25   1.017E+05  5.900E-09  6.498E-02  3.479E+02  3.424E+02
   0.01417   2    0.15466  26   1.017E+05  5.254E-09  6.497E-02  3.570E+02  3.511E+02
   0.01417   2    0.16097  27   1.017E+05  4.795E-09  6.497E-02  3.663E+02  3.602E+02
   0.01417   2    0.16728  28   1.017E+05  4.482E-09  6.498E-02  3.755E+02  3.693E+02
   0.01417   2    0.17359  29   1.017E+05  4.277E-09  6.498E-02  3.843E+02  3.782E+02
   0.01417   2    0.17991  30   1.017E+05  4.143E-09  6.497E-02  3.924E+02  3.866E+02
   0.01417   2    0.18622  31   1.017E+05  4.072E-09  6.497E-02  3.995E+02  3.943E+02
   0.01417   2    0.19253  32   1.017E+05  4.032E-09  6.498E-02  4.055E+02  4.009E+02
   0.01417   2    0.19884  33   1.017E+05  3.972E-09  6.499E-02  4.101E+02  4.063E+02
   0.01417   2    0.20516  34   1.017E+05  3.894E-09  6.499E-02  4.132E+02  4.104E+02
   0.01417   2    0.21147  35   1.017E+05  3.804E-09  6.499E-02  4.149E+02  4.130E+02
   0.01417   2    0.21778  36   1.017E+05  3.671E-09  6.499E-02  4.150E+02  4.142E+02
   0.01417   2    0.22409  37   1.017E+05  3.468E-09  6.499E-02  4.136E+02  4.138E+02
   0.01417   2    0.23041  38   1.016E+05  3.217E-09  6.500E-02  4.110E+02  4.121E+02
   0.01417   2    0.23672  39   1.016E+05  2.913E-09  6.501E-02  4.071E+02  4.091E+02
   0.01417   2    0.24303  40   1.016E+05  2.557E-09  6.501E-02  4.022E+02  4.049E+02
   0.01417   2    0.24934  41   1.016E+05  2.181E-09  6.502E-02  3.964E+02  3.998E+02
   0.01417   2    0.25566  42   1.016E+05  1.775E-09  6.502E-02  3.900E+02  3.940E+02
   0.01417   2    0.26197  43   1.016E+05  1.338E-09  6.502E-02  3.832E+02  3.875E+02
   0.01417   2    0.26828  44   1.016E+05  8.920E-10  6.501E-02  3.760E+02  3.807E+02
   0.01417   2    0.27459  45   1.016E+05  4.521E-10  6.502E-02  3.688E+02  3.736E+02
   0.01417   2    0.28091  46   1.016E+05  2.869E-11  6.503E-02  3.616E+02  3.665E+02
   0.01417   2    0.28722  47   1.016E+05 -3.681E-10  6.502E-02  3.547E+02  3.594E+02
   0.01417   2    0.29353  48   1.016E+05 -7.279E-10  6.501E-02  3.480E+02  3.526E+02
   0.01417   2    0.29984  49   1.016E+05 -1.044E-09  6.502E-02  3.416E+02  3.461E+02
   0.01417   2    0.30616  50   1.016E+05 -1.314E-09  6.502E-02  3.357E+02  3.399E+02
   0.01417   2    0.31247  51   1.015E+05 -1.528E-09  6.501E-02  3.303E+02  3.342E+02
   0.01417   2    0.31878  52   1.015E+05 -1.703E-09  6.501E-02  3.253E+02  3.289E+02
   0.01417   2    0.32509  53   1.015E+05 -1.843E-09  6.501E-02  3.208E+02  3.241E+02
   0.01417   2    0.33141  54   1.015E+05 -1.923E-09  6.501E-02  3.168E+02  3.197E+02
   0.01417   2    0.33772  55   1.015E+05 -1.970E-09  6.501E-02  3.132E+02  3.159E+02
   0.01417   2    0.34403  56   1.015E+05 -1.987E-09  6.501E-02  3.101E+02  3.125E+02
   0.01417   2    0.35034  57   1.015E+05 -1.954E-09  6.501E-02  3.074E+02  3.094E+02
   0.01417   2    0.35666  58   1.015E+05 -1.902E-09  6.500E-02  3.051E+02  3.068E+02
   0.01417   2    0.36297  59   1.015E+05 -1.837E-09  6.501E-02  3.030E+02  3.046E+02
   0.01417   2    0.36928  60   1.015E+05 -1.739E-09  6.501E-02  3.013E+02  3.026E+02
   0.01417   2    0.37559  61   1.015E+05 -1.637E-09  6.500E-02  2.999E+02  3.010E+02
   0.01417   2    0.38191  62   1.015E+05 -1.531E-09  6.500E-02  2.986E+02  2.996E+02
   0.01417   2    0.38822  63   1.015E+05 -1.432E-09  6.500E-02  2.976E+02  2.984E+02
   0.01417   2    0.39453  64   1.015E+05 -1.324E-09  6.501E-02  2.968E+02  2.974E+02
   0.01417   2    0.40084  65   1.014E+05 -1.214E-09  6.500E-02  2.961E+02  2.966E+02
   0.01417   2    0.40716  66   1.014E+05 -1.102E-09  6.500E-02  2.955E+02  2.959E+02
   0.01417   2    0.41347  67   1.014E+05 -9.865E-10  6.500E-02  2.950E+02  2.954E+02
   0.01417   2    0.41978  68   1.014E+05 -8.961E-10  6.501E-02  2.946E+02  2.949E+02
   0.01417   2    0.42609  69   1.014E+05 -8.047E-10  6.501E-02  2.943E+02  2.946E+02
   0.01417   2    0.43241  70   1.014E+05 -7.105E-10  6.500E-02  2.940E+02  2.942E+02
   0.01417   2    0.43872  71   1.014E+05 -6.363E-10  6.500E-02  2.938E+02  2.940E+02
   0.01417   2    0.44503  72   1.014E+05 -5.819E-10  6.500E-02  2.937E+02  2.938E+02
   0.01417   2    0.45134  73   1.014E+05 -5.258E-10  6.500E-02  2.935E+02  2.936E+02
   0.01417   2    0.45766  74   1.014E+05 -4.724E-10  6.500E-02  2.934E+02  2.935E+02
   0.01417   2    0.46397  75   1.014E+05 -4.222E-10  6.500E-02  2.933E+02  2.934E+02
   0.01417   2    0.47028  76   1.014E+05 -3.734E-10  6.500E-02  2.933E+02  2.933E+02
   0.01417   2    0.47659  77   1.014E+05 -3.258E-10  6.500E-02  2.932E+02  2.933E+02
   0.01417   2    0.48291  78   1.014E+05 -2.767E-10  6.500E-02  2.932E+02  2.932E+02
   0.01417   2    0.48922  79   1.013E+05 -2.256E-10  6.500E-02  2.931E+02  2.932E+02
   0.01417   2    0.49553  80   1.013E+05 -1.648E-10  6.500E-02  2.931E+02  2.931E+02
   0.01417   2    0.50184  81   1.013E+05 -1.259E-10  6.500E-02  2.931E+02  2.931E+02
   0.01417   2    0.50500  82   1.013E+05 -1.259E-10  6.500E-02  2.931E+02  2.930E+02
   0.04252   3    0.00000   1   1.019E+05  1.088E-07  6.500E-02  2.930E+02  2.930E+02
   0.04252   3    0.00316   2   1.019E+05  1.088E-07  6.502E-02  2.930E+02  2.930E+02
   0.04252   3    0.00947   3   1.019E+05  8.765E-08  6.500E-02  2.930E+02  2.930E+02
   0.04252   3    0.01578   4   1.019E+05  7.380E-08  6.500E-02  2.930E+02  2.930E+02
   0.04252   3    0.02209   5   1.019E+05  6.207E-08  6.500E-02  2.930E+02  2.930E+02
   0.04252   3    0.02841   6   1.019E+05  5.268E-08  6.500E-02  2.931E+02  2.931E+02
   0.04252   3    0.03472   7   1.019E+05  4.514E-08  6.500E-02  2.931E+02  2.931E+02
   0.04252   3    0.04103   8   1.019E+05  3.918E-08  6.499E-02  2.932E+02  2.932E+02
   0.04252   3    0.04734   9   1.019E+05  3.456E-08  6.500E-02  2.934E+02  2.933E+02
   0.04252   3    0.05366  10   1.018E+05  3.110E-08  6.500E-02  2.936E+02  2.934E+02
   0.04252   3    0.05997  11   1.018E+05  2.868E-08  6.500E-02  2.938E+02  2.937E+02
   0.04252   3    0.06628  12   1.018E+05  2.723E-08  6.500E-02  2.943E+02  2.940E+02
   0.04252   3    0.07259  13   1.018E+05  2.660E-08  6.499E-02  2.949E+02  2.946E+02
   0.04252   3    0.07891  14   1.018E+05  2.702E-08  6.500E-02  2.958E+02  2.953E+02
   0.04252   3    0.08522  15   1.018E+05  2.839E-08  6.501E-02  2.970E+02  2.963E+02
   0.04252   3    0.09153  16   1.018E+05  2.884E-08  6.500E-02  2.987E+02  2.977E+02
   0.04252   3    0.09784  17   1.018E+05  2.571E-08  6.499E-02  3.009E+02  2.997E+02
   0.04252   3    0.10416  18   1.018E+05  2.156E-08  6.499E-02  3.038E+02  3.022E+02
   0.04252   3    0.11047  19   1.018E+05  1.818E-08  6.500E-02  3.075E+02  3.054E+02
   0.04252   3    0.11678  20   1.018E+05  1.560E-08  6.499E-02  3.120E+02  3.093E+02
   0.04252   3    0.12309  21   1.018E+05  1.345E-08  6.498E-02  3.175E+02  3.142E+02
   0.04252   3    0.12941  22   1.018E+05  1.176E-08  6.498E-02  3.239E+02  3.200E+02
   0.04252   3    0.13572  23   1.018E+05  1.043E-08  6.498E-02  3.311E+02  3.267E+02
   0.04252   3    0.14203  24   1.017E+05  9.436E-09  6.499E-02  3.392E+02  3.342E+02
   0.04252   3    0.14834  25   1.017E+05  8.707E-09  6.498E-02  3.479E+02  3.424E+02
   0.04252   3    0.15466  26   1.017E+05  8.190E-09  6.497E-02  3.570E+02  3.511E+02
   0.04252   3    0.16097  27   1.017E+05  7.843E-09  6.497E-02  3.663E+02  3.602E+02
   0.04252   3    0.16728  28   1.017E+05  7.623E-09  6.498E-02  3.755E+02  3.693E+02
   0.04252   3    0.17359  29   1.017E+05  7.493E-09  6.498E-02  3.843E+02  3.782E+02
   0.04252   3    0.17991  30   1.017E+05  7.414E-09  6.498E-02  3.924E+02  3.866E+02
   0.04252   3    0.18622  31   1.017E+05  7.375E-09  6.497E-02  3.995E+02  3.943E+02
   0.04252   3    0.19253  32   1.017E+05  7.307E-09  6.498E-02  4.055E+02  4.009E+02
   0.04252   3    0.19884  33   1.017E+05  7.186E-09  6.499E-02  4.101E+02  4.064E+02
   0.04252   3    0.20516  34   1.017E+05  7.011E-09  6.499E-02  4.132E+02  4.104E+02
   0.04252   3    0.21147  35   1.017E+05  6.758E-09  6.499E-02  4.149E+02  4.130E+02
   0.04252   3    0.21778  36   1.017E+05  6.420E-09  6.500E-02  4.150E+02  4.142E+02
   0.04252   3    0.22409  37   1.017E+05  5.990E-09  6.500E-02  4.137E+02  4.138E+02
   0.04252   3    0.23041  38   1.016E+05  5.476E-09  6.500E-02  4.110E+02  4.121E+02
   0.04252   3    0.23672  39   1.016E+05  4.865E-09  6.501E-02  4.071E+02  4.091E+02
   0.04252   3    0.24303  40   1.016E+05  4.171E-09  6.501E-02  4.022E+02  4.049E+02
   0.04252   3    0.24934  41   1.016E+05  3.433E-09  6.502E-02  3.964E+02  3.998E+02
   0.04252   3    0.25566  42   1.016E+05  2.644E-09  6.503E-02  3.900E+02  3.940E+02
   0.04252   3    0.26197  43   1.016E+05  1.852E-09  6.502E-02  3.832E+02  3.875E+02
   0.04252   3    0.26828  44   1.016E+05  1.074E-09  6.501E-02  3.760E+02  3.807E+02
   0.04252   3    0.27459  45   1.016E+05  3.337E-10  6.502E-02  3.688E+02  3.736E+02
   0.04252   3    0.28091  46   1.016E+05 -3.456E-10  6.503E-02  3.617E+02  3.665E+02
   0.04252   3    0.28722  47   1.016E+05 -9.690E-10  6.502E-02  3.547E+02  3.594E+02
   0.04252   3    0.29353  48   1.016E+05 -1.524E-09  6.501E-02  3.480E+02  3.526E+02
   0.04252   3    0.29984  49   1.016E+05 -2.013E-09  6.502E-02  3.416E+02  3.461E+02
   0.04252   3    0.30616  50   1.016E+05 -2.406E-09  6.502E-02  3.357E+02  3.399E+02
   0.04252   3    0.31247  51   1.015E+05 -2.697E-09  6.501E-02  3.303E+02  3.342E+02
   0.04252   3    0.31878  52   1.015E+05 -2.905E-09  6.501E-02  3.253E+02  3.289E+02
   0.04252   3    0.32509  53   1.015E+05 -3.055E-09  6.501E-02  3.208E+02  3.241E+02
   0.04252   3    0.33141  54   1.015E+05 -3.126E-09  6.501E-02  3.168E+02  3.197E+02
   0.04252   3    0.33772  55   1.015E+05 -3.128E-09  6.501E-02  3.132E+02  3.159E+02
   0.04252   3    0.34403  56   1.015E+05 -3.072E-09  6.501E-02  3.101E+02  3.125E+02
   0.04252   3    0.35034  57   1.015E+05 -2.963E-09  6.501E-02  3.074E+02  3.095E+02
   0.04252   3    0.35666  58   1.015E+05 -2.815E-09  6.500E-02  3.051E+02  3.068E+02
   0.04252   3    0.36297  59   1.015E+05 -2.642E-09  6.501E-02  3.030E+02  3.046E+02
   0.04252   3    0.36928  60   1.015E+05 -2.449E-09  6.501E-02  3.013E+02  3.026E+02
   0.04252   3    0.37559  61   1.015E+05 -2.244E-09  6.500E-02  2.999E+02  3.010E+02
   0.04252   3    0.38191  62   1.015E+05 -2.035E-09  6.500E-02  2.986E+02  2.996E+02
   0.04252   3    0.38822  63   1.015E+05 -1.832E-09  6.500E-02  2.976E+02  2.984E+02
   0.04252   3    0.39453  64   1.015E+05 -1.641E-09  6.501E-02  2.968E+02  2.974E+02
   0.04252   3    0.40084  65   1.014E+05 -1.461E-09  6.500E-02  2.961E+02  2.966E+02
   0.04252   3    0.40716  66   1.014E+05 -1.302E-09  6.500E-02  2.955E+02  2.959E+02
   0.04252   3    0.41347  67   1.014E+05 -1.149E-09  6.500E-02  2.950E+02  2.954E+02
   0.04252   3    0.41978  68   1.014E+05 -1.008E-09  6.501E-02  2.946E+02  2.949E+02
   0.04252   3    0.42609  69   1.014E+05 -8.713E-10  6.501E-02  2.943E+02  2.946E+02
   0.04252   3    0.43241  70   1.014E+05 -7.618E-10  6.500E-02  2.940E+02  2.942E+02
   0.04252   3    0.43872  71   1.014E+05 -6.814E-10  6.500E-02  2.938E+02  2.940E+02
   0.04252   3    0.44503  72   1.014E+05 -6.061E-10  6.500E-02  2.937E+02  2.938E+02
   0.04252   3    0.45134  73   1.014E+05 -5.378E-10  6.500E-02  2.935E+02  2.936E+02
   0.04252   3    0.45766  74   1.014E+05 -4.697E-10  6.500E-02  2.934E+02  2.935E+02
   0.04252   3    0.46397  75   1.014E+05 -4.214E-10  6.500E-02  2.933E+02  2.934E+02
   0.04252   3    0.47028  76   1.014E+05 -3.900E-10  6.500E-02  2.933E+02  2.933E+02
   0.04252   3    0.47659  77   1.014E+05 -3.528E-10  6.500E-02  2.932E+02  2.933E+02
   0.04252   3    0.48291  78   1.014E+05 -3.110E-10  6.500E-02  2.932E+02  2.932E+02
   0.04252   3    0.48922  79   1.013E+05 -2.629E-10  6.500E-02  2.931E+02  2.932E+02
   0.04252   3    0.49553  80   1.013E+05 -1.987E-10  6.500E-02  2.931E+02  2.931E+02
   0.04252   3    0.50184  81   1.013E+05 -1.542E-10  6.500E-02  2.931E+02  2.931E+02
   0.04252   3    0.50500  82   1.013E+05 -1.542E-10  6.500E-02  2.931E+02  2.930E+02
   0.07087   4    0.00000   1   1.019E+05  3.740E-08  6.500E-02  2.930E+02  2.930E+02
   0.07087   4    0.00316   2   1.019E+05  3.740E-08  6.502E-02  2.930E+02  2.930E+02
   0.07087   4    0.00947   3   1.019E+05  3.597E-08  6.500E-02  2.930E+02  2.930E+02
   0.07087   4    0.01578   4   1.019E+05  3.381E-08  6.500E-02  2.930E+02  2.930E+02
   0.07087   4    0.02209   5   1.019E+05  3.123E-08  6.500E-02  2.930E+02  2.930E+02
   0.07087   4    0.02841   6   1.019E+05  2.845E-08  6.500E-02  2.931E+02  2.931E+02
   0.07087   4    0.03472   7   1.019E+05  2.564E-08  6.500E-02  2.931E+02  2.931E+02
   0.07087   4    0.04103   8   1.019E+05  2.289E-08  6.499E-02  2.932E+02  2.932E+02
   0.07087   4    0.04734   9   1.019E+05  2.024E-08  6.500E-02  2.934E+02  2.933E+02
   0.07087   4    0.05366  10   1.018E+05  1.774E-08  6.500E-02  2.936E+02  2.934E+02
   0.07087   4    0.05997  11   1.018E+05  1.537E-08  6.500E-02  2.938E+02  2.937E+02
   0.07087   4    0.06628  12   1.018E+05  1.315E-08  6.500E-02  2.943E+02  2.940E+02
   0.07087   4    0.07259  13   1.018E+05  1.112E-08  6.499E-02  2.949E+02  2.946E+02
   0.07087   4    0.07891  14   1.018E+05  9.222E-09  6.500E-02  2.958E+02  2.953E+02
   0.07087   4    0.08522  15   1.018E+05  7.557E-09  6.501E-02  2.970E+02  2.963E+02
   0.07087   4    0.09153  16   1.018E+05  5.786E-09  6.500E-02  2.987E+02  2.977E+02
   0.07087   4    0.09784  17   1.018E+05  5.212E-09  6.499E-02  3.009E+02  2.997E+02
   0.07087   4    0.10416  18   1.018E+05  4.735E-09  6.499E-02  3.038E+02  3.022E+02
   0.07087   4    0.11047  19   1.018E+05  4.481E-09  6.500E-02  3.075E+02  3.054E+02
   0.07087   4    0.11678  20   1.018E+05  4.306E-09  6.499E-02  3.120E+02  3.093E+02
   0.07087   4    0.12309  21   1.018E+05  4.181E-09  6.498E-02  3.175E+02  3.142E+02
   0.07087   4    0.12941  22   1.018E+05  4.095E-09  6.498E-02  3.239E+02  3.200E+02
   0.07087   4    0.13572  23   1.018E+05  4.030E-09  6.498E-02  3.311E+02  3.267E+02
   0.07087   4    0.14203  24   1.017E+05  3.986E-09  6.499E-02  3.392E+02  3.342E+02
   0.07087   4    0.14834  25   1.017E+05  3.938E-09  6.498E-02  3.479E+02  3.424E+02
   0.07087   4    0.15466  26   1.017E+05  3.885E-09  6.497E-02  3.570E+02  3.511E+02
   0.07087   4    0.16097  27   1.017E+05  3.825E-09  6.497E-02  3.663E+02  3.602E+02
   0.07087   4    0.16728  28   1.017E+05  3.750E-09  6.498E-02  3.755E+02  3.693E+02
   0.07087   4    0.17359  29   1.017E+05  3.656E-09  6.498E-02  3.843E+02  3.782E+02
   0.07087   4    0.17991  30   1.017E+05  3.549E-09  6.498E-02  3.924E+02  3.866E+02
   0.07087   4    0.18622  31   1.017E+05  3.426E-09  6.497E-02  3.995E+02  3.943E+02
   0.07087   4    0.19253  32   1.017E+05  3.254E-09  6.498E-02  4.055E+02  4.009E+02
   0.07087   4    0.19884  33   1.017E+05  3.065E-09  6.499E-02  4.101E+02  4.064E+02
   0.07087   4    0.20516  34   1.017E+05  2.840E-09  6.499E-02  4.132E+02  4.104E+02
   0.07087   4    0.21147  35   1.017E+05  2.554E-09  6.499E-02  4.149E+02  4.130E+02
   0.07087   4    0.21778  36   1.017E+05  2.263E-09  6.500E-02  4.150E+02  4.142E+02
   0.07087   4    0.22409  37   1.017E+05  1.970E-09  6.500E-02  4.137E+02  4.138E+02
   0.07087   4    0.23041  38   1.016E+05  1.662E-09  6.500E-02  4.110E+02  4.121E+02
   0.07087   4    0.23672  39   1.016E+05  1.368E-09  6.501E-02  4.071E+02  4.091E+02
   0.07087   4    0.24303  40   1.016E+05  1.069E-09  6.501E-02  4.022E+02  4.050E+02
   0.07087   4    0.24934  41   1.016E+05  7.766E-10  6.502E-02  3.964E+02  3.999E+02
   0.07087   4    0.25566  42   1.016E+05  5.052E-10  6.503E-02  3.900E+02  3.940E+02
   0.07087   4    0.26197  43   1.016E+05  2.944E-10  6.502E-02  3.832E+02  3.875E+02
   0.07087   4    0.26828  44   1.016E+05  1.374E-10  6.501E-02  3.760E+02  3.807E+02
   0.07087   4    0.27459  45   1.016E+05  1.208E-11  6.502E-02  3.688E+02  3.736E+02
   0.07087   4    0.28091  46   1.016E+05 -5.201E-11  6.503E-02  3.617E+02  3.665E+02
   0.07087   4    0.28722  47   1.016E+05 -7.985E-11  6.502E-02  3.547E+02  3.595E+02
   0.07087   4    0.29353  48   1.016E+05 -7.823E-11  6.501E-02  3.480E+02  3.526E+02
   0.07087   4    0.29984  49   1.016E+05 -3.401E-11  6.502E-02  3.416E+02  3.461E+02
   0.07087   4    0.30616  50   1.016E+05  5.102E-11  6.502E-02  3.357E+02  3.399E+02
   0.07087   4    0.31247  51   1.015E+05  1.490E-10  6.501E-02  3.303E+02  3.342E+02
   0.07087   4    0.31878  52   1.015E+05  2.773E-10  6.501E-02  3.253E+02  3.289E+02
   0.07087   4    0.32509  53   1.015E+05  4.291E-10  6.501E-02  3.208E+02  3.241E+02
   0.07087   4    0.33141  54   1.015E+05  5.732E-10  6.501E-02  3.168E+02  3.198E+02
   0.07087   4    0.33772  55   1.015E+05  7.266E-10  6.501E-02  3.133E+02  3.159E+02
   0.07087   4    0.34403  56   1.015E+05  8.835E-10  6.501E-02  3.101E+02  3.125E+02
   0.07087   4    0.35034  57   1.015E+05  1.016E-09  6.501E-02  3.074E+02  3.095E+02
   0.07087   4    0.35666  58   1.015E+05  1.143E-09  6.500E-02  3.051E+02  3.068E+02
   0.07087   4    0.36297  59   1.015E+05  1.257E-09  6.501E-02  3.030E+02  3.046E+02
   0.07087   4    0.36928  60   1.015E+05  1.325E-09  6.501E-02  3.013E+02  3.026E+02
   0.07087   4    0.37559  61   1.015E+05  1.400E-09  6.500E-02  2.999E+02  3.010E+02
   0.07087   4    0.38191  62   1.015E+05  1.456E-09  6.500E-02  2.986E+02  2.996E+02
   0.07087   4    0.38822  63   1.015E+05  1.469E-09  6.500E-02  2.976E+02  2.984E+02
   0.07087   4    0.39453  64   1.015E+05  1.464E-09  6.501E-02  2.968E+02  2.974E+02
   0.07087   4    0.40084  65   1.014E+05  1.444E-09  6.500E-02  2.961E+02  2.966E+02
   0.07087   4    0.40716  66   1.014E+05  1.409E-09  6.500E-02  2.955E+02  2.959E+02
   0.07087   4    0.41347  67   1.014E+05  1.354E-09  6.500E-02  2.950E+02  2.954E+02
   0.07087   4    0.41978  68   1.014E+05  1.284E-09  6.501E-02  2.946E+02  2.949E+02
   0.07087   4    0.42609  69   1.014E+05  1.200E-09  6.501E-02  2.943E+02  2.946E+02
   0.07087   4    0.43241  70   1.014E+05  1.105E-09  6.500E-02  2.940E+02  2.942E+02
   0.07087   4    0.43872  71   1.014E+05  9.952E-10  6.500E-02  2.938E+02  2.940E+02
   0.07087   4    0.44503  72   1.014E+05  8.970E-10  6.500E-02  2.937E+02  2.938E+02
   0.07087   4    0.45134  73   1.014E+05  8.114E-10  6.500E-02  2.935E+02  2.936E+02
   0.07087   4    0.45766  74   1.014E+05  7.265E-10  6.500E-02  2.934E+02  2.935E+02
   0.07087   4    0.46397  75   1.014E+05  6.264E-10  6.500E-02  2.933E+02  2.934E+02
   0.07087   4    0.47028  76   1.014E+05  5.143E-10  6.500E-02  2.933E+02  2.933E+02
   0.07087   4    0.47659  77   1.014E+05  4.123E-10  6.500E-02  2.932E+02  2.933E+02
   0.07087   4    0.48291  78   1.014E+05  3.180E-10  6.500E-02  2.932E+02  2.932E+02
   0.07087   4    0.48922  79   1.013E+05  2.314E-10  6.500E-02  2.931E+02  2.932E+02
   0.07087   4    0.49553  80   1.013E+05  1.477E-10  6.500E-02  2.931E+02  2.931E+02
   0.07087   4    0.50184  81   1.013E+05  1.030E-10  6.500E-02  2.931E+02  2.931E+02
   0.07087   4    0.50500  82   1.013E+05  1.030E-10  6.500E-02  2.931E+02  2.930E+02
   0.09922   5    0.00000   1   1.019E+05  1.717E-08  6.500E-02  2.930E+02  2.930E+02
   0.09922   5    0.00316   2   1.019E+05  1.717E-08  6.502E-02  2.930E+02  2.930E+02
   0.09922   5    0.00947   3   1.019E+05  1.667E-08  6.500E-02  2.930E+02  2.930E+02
   0.09922   5    0.01578   4   1.019E+05  1.583E-08  6.500E-02  2.930E+02  2.930E+02
   0.09922   5    0.02209   5   1.019E+05  1.477E-08  6.500E-02  2.930E+02  2.930E+02
   0.09922   5    0.02841   6   1.019E+05  1.355E-08  6.500E-02  2.931E+02  2.931E+02
   0.09922   5    0.03472   7   1.019E+05  1.225E-08  6.500E-02  2.931E+02  2.931E+02
   0.09922   5    0.04103   8   1.019E+05  1.094E-08  6.499E-02  2.932E+02  2.932E+02
   0.09922   5    0.04734   9   1.019E+05  9.639E-09  6.500E-02  2.934E+02  2.933E+02
   0.09922   5    0.05366  10   1.018E+05  8.376E-09  6.500E-02  2.936E+02  2.934E+02
   0.09922   5    0.05997  11   1.018E+05  7.208E-09  6.500E-02  2.938E+02  2.937E+02
   0.09922   5    0.06628  12   1.018E+05  6.129E-09  6.500E-02  2.943E+02  2.940E+02
   0.09922   5    0.07259  13   1.018E+05  5.181E-09  6.499E-02  2.949E+02  2.946E+02
   0.09922   5    0.07891  14   1.018E+05  4.279E-09  6.500E-02  2.958E+02  2.953E+02
   0.09922   5    0.08522  15   1.018E+05  3.774E-09  6.501E-02  2.970E+02  2.963E+02
   0.09922   5    0.09153  16   1.018E+05  2.768E-09  6.500E-02  2.987E+02  2.977E+02
   0.09922   5    0.09784  17   1.018E+05  2.175E-09  6.499E-02  3.009E+02  2.997E+02
   0.09922   5    0.10416  18   1.018E+05  1.626E-09  6.499E-02  3.038E+02  3.022E+02
   0.09922   5    0.11047  19   1.018E+05  1.210E-09  6.500E-02  3.075E+02  3.054E+02
   0.09922   5    0.11678  20   1.018E+05  8.943E-10  6.499E-02  3.120E+02  3.093E+02
   0.09922   5    0.12309  21   1.018E+05  6.542E-10  6.498E-02  3.175E+02  3.142E+02
   0.09922   5    0.12941  22   1.018E+05  4.633E-10  6.498E-02  3.239E+02  3.200E+02
   0.09922   5    0.13572  23   1.018E+05  3.104E-10  6.498E-02  3.311E+02  3.267E+02
   0.09922   5    0.14203  24   1.017E+05  1.558E-10  6.499E-02  3.392E+02  3.342E+02
   0.09922   5    0.14834  25   1.017E+05  2.455E-11  6.498E-02  3.479E+02  3.424E+02
   0.09922   5    0.15466  26   1.017E+05 -1.113E-10  6.497E-02  3.570E+02  3.511E+02
   0.09922   5    0.16097  27   1.017E+05 -2.479E-10  6.497E-02  3.663E+02  3.602E+02
   0.09922   5    0.16728  28   1.017E+05 -3.834E-10  6.498E-02  3.755E+02  3.693E+02
   0.09922   5    0.17359  29   1.017E+05 -5.081E-10  6.498E-02  3.843E+02  3.782E+02
   0.09922   5    0.17991  30   1.017E+05 -6.053E-10  6.498E-02  3.924E+02  3.866E+02
   0.09922   5    0.18622  31   1.017E+05 -6.680E-10  6.497E-02  3.995E+02  3.943E+02
   0.09922   5    0.19253  32   1.017E+05 -6.841E-10  6.498E-02  4.055E+02  4.009E+02
   0.09922   5    0.19884  33   1.017E+05 -6.655E-10  6.499E-02  4.101E+02  4.064E+02
   0.09922   5    0.20516  34   1.017E+05 -5.942E-10  6.499E-02  4.132E+02  4.104E+02
   0.09922   5    0.21147  35   1.017E+05 -4.963E-10  6.499E-02  4.149E+02  4.130E+02
   0.09922   5    0.21778  36   1.017E+05 -3.455E-10  6.500E-02  4.150E+02  4.142E+02
   0.09922   5    0.22409  37   1.017E+05 -1.430E-10  6.500E-02  4.137E+02  4.138E+02
   0.09922   5    0.23041  38   1.016E+05  6.729E-11  6.500E-02  4.110E+02  4.121E+02
   0.09922   5    0.23672  39   1.016E+05  3.107E-10  6.501E-02  4.071E+02  4.091E+02
   0.09922   5    0.24303  40   1.016E+05  5.418E-10  6.501E-02  4.022E+02  4.050E+02
   0.09922   5    0.24934  41   1.016E+05  8.130E-10  6.502E-02  3.964E+02  3.999E+02
   0.09922   5    0.25566  42   1.016E+05  1.121E-09  6.503E-02  3.900E+02  3.940E+02
   0.09922   5    0.26197  43   1.016E+05  1.455E-09  6.502E-02  3.832E+02  3.875E+02
   0.09922   5    0.26828  44   1.016E+05  1.810E-09  6.501E-02  3.760E+02  3.807E+02
   0.09922   5    0.27459  45   1.016E+05  2.172E-09  6.502E-02  3.688E+02  3.736E+02
   0.09922   5    0.28091  46   1.016E+05  2.538E-09  6.503E-02  3.617E+02  3.665E+02
   0.09922   5    0.28722  47   1.016E+05  2.905E-09  6.502E-02  3.547E+02  3.594E+02
   0.09922   5    0.29353  48   1.016E+05  3.279E-09  6.501E-02  3.480E+02  3.526E+02
   0.09922   5    0.29984  49   1.016E+05  3.668E-09  6.502E-02  3.416E+02  3.461E+02
   0.09922   5    0.30616  50   1.016E+05  4.037E-09  6.502E-02  3.357E+02  3.399E+02
   0.09922   5    0.31247  51   1.015E+05  4.381E-09  6.501E-02  3.303E+02  3.342E+02
   0.09922   5    0.31878  52   1.015E+05  4.687E-09  6.501E-02  3.253E+02  3.289E+02
   0.09922   5    0.32509  53   1.015E+05  4.945E-09  6.501E-02  3.208E+02  3.241E+02
   0.09922   5    0.33141  54   1.015E+05  5.148E-09  6.501E-02  3.168E+02  3.197E+02
   0.09922   5    0.33772  55   1.015E+05  5.285E-09  6.501E-02  3.132E+02  3.159E+02
   0.09922   5    0.34403  56   1.015E+05  5.376E-09  6.501E-02  3.101E+02  3.125E+02
   0.09922   5    0.35034  57   1.015E+05  5.421E-09  6.501E-02  3.074E+02  3.095E+02
   0.09922   5    0.35666  58   1.015E+05  5.399E-09  6.500E-02  3.051E+02  3.068E+02
   0.09922   5    0.36297  59   1.015E+05  5.314E-09  6.501E-02  3.030E+02  3.046E+02
   0.09922   5    0.36928  60   1.015E+05  5.169E-09  6.501E-02  3.013E+02  3.026E+02
   0.09922   5    0.37559  61   1.015E+05  4.991E-09  6.500E-02  2.999E+02  3.010E+02
   0.09922   5    0.38191  62   1.015E+05  4.788E-09  6.500E-02  2.986E+02  2.996E+02
   0.09922   5    0.38822  63   1.015E+05  4.537E-09  6.500E-02  2.976E+02  2.984E+02
   0.09922   5    0.39453  64   1.015E+05  4.271E-09  6.501E-02  2.968E+02  2.974E+02
   0.09922   5    0.40084  65   1.014E+05  3.999E-09  6.500E-02  2.961E+02  2.966E+02
   0.09922   5    0.40716  66   1.014E+05  3.725E-09  6.500E-02  2.955E+02  2.959E+02
   0.09922   5    0.41347  67   1.014E+05  3.458E-09  6.500E-02  2.950E+02  2.954E+02
   0.09922   5    0.41978  68   1.014E+05  3.163E-09  6.501E-02  2.946E+02  2.949E+02
   0.09922   5    0.42609  69   1.014E+05  2.844E-09  6.501E-02  2.943E+02  2.946E+02
   0.09922   5    0.43241  70   1.014E+05  2.547E-09  6.500E-02  2.940E+02  2.942E+02
   0.09922   5    0.43872  71   1.014E+05  2.271E-09  6.500E-02  2.938E+02  2.940E+02
   0.09922   5    0.44503  72   1.014E+05  2.000E-09  6.500E-02  2.937E+02  2.938E+02
   0.09922   5    0.45134  73   1.014E+05  1.738E-09  6.500E-02  2.935E+02  2.936E+02
   0.09922   5    0.45766  74   1.014E+05  1.482E-09  6.500E-02  2.934E+02  2.935E+02
   0.09922   5    0.46397  75   1.014E+05  1.253E-09  6.500E-02  2.933E+02  2.934E+02
   0.09922   5    0.47028  76   1.014E+05  1.055E-09  6.500E-02  2.933E+02  2.933E+02
   0.09922   5    0.47659  77   1.014E+05  8.638E-10  6.500E-02  2.932E+02  2.933E+02
   0.09922   5    0.48291  78   1.014E+05  6.859E-10  6.500E-02  2.932E+02  2.932E+02
   0.09922   5    0.48922  79   1.013E+05  5.188E-10  6.500E-02  2.931E+02  2.932E+02
   0.09922   5    0.49553  80   1.013E+05  3.485E-10  6.500E-02  2.931E+02  2.931E+02
   0.09922   5    0.50184  81   1.013E+05  2.525E-10  6.500E-02  2.931E+02  2.931E+02
   0.09922   5    0.50500  82   1.013E+05  2.525E-10  6.500E-02  2.931E+02  2.930E+02
   0.12757   6    0.00000   1   1.019E+05  1.312E-09  6.500E-02  2.930E+02  2.930E+02
   0.12757   6    0.00316   2   1.019E+05  1.312E-09  6.502E-02  2.930E+02  2.930E+02
   0.12757   6    0.00947   3   1.019E+05  1.233E-09  6.500E-02  2.930E+02  2.930E+02
   0.12757   6    0.01578   4   1.019E+05  1.085E-09  6.500E-02  2.930E+02  2.930E+02
   0.12757   6    0.02209   5   1.019E+05  9.022E-10  6.500E-02  2.930E+02  2.930E+02
   0.12757   6    0.02841   6   1.019E+05  7.314E-10  6.500E-02  2.931E+02  2.931E+02
   0.12757   6    0.03472   7   1.019E+05  6.380E-10  6.500E-02  2.931E+02  2.931E+02
   0.12757   6    0.04103   8   1.019E+05  6.980E-10  6.499E-02  2.932E+02  2.932E+02
   0.12757   6    0.04734   9   1.019E+05  1.049E-09  6.500E-02  2.934E+02  2.933E+02
   0.12757   6    0.05366  10   1.018E+05  1.830E-09  6.500E-02  2.936E+02  2.934E+02
   0.12757   6    0.05997  11   1.018E+05  3.339E-09  6.500E-02  2.938E+02  2.937E+02
   0.12757   6    0.06628  12   1.018E+05  5.638E-09  6.500E-02  2.943E+02  2.940E+02
   0.12757   6    0.07259  13   1.018E+05  1.034E-08  6.499E-02  2.949E+02  2.946E+02
   0.12757   6    0.07891  14   1.018E+05  1.286E-08  6.500E-02  2.958E+02  2.953E+02
   0.12757   6    0.08522  15   1.018E+05  3.497E-08  6.501E-02  2.970E+02  2.963E+02
   0.12757   6    0.09153  16   1.018E+05  1.235E-08  6.500E-02  2.987E+02  2.977E+02
   0.12757   6    0.09784  17   1.018E+05  8.895E-09  6.499E-02  3.009E+02  2.997E+02
   0.12757   6    0.10416  18   1.018E+05  3.619E-09  6.499E-02  3.038E+02  3.022E+02
   0.12757   6    0.11047  19   1.018E+05  9.279E-10  6.500E-02  3.075E+02  3.054E+02
   0.12757   6    0.11678  20   1.018E+05 -9.803E-10  6.499E-02  3.120E+02  3.094E+02
   0.12757   6    0.12309  21   1.018E+05 -2.089E-09  6.498E-02  3.175E+02  3.142E+02
   0.12757   6    0.12941  22   1.018E+05 -2.751E-09  6.498E-02  3.239E+02  3.200E+02
   0.12757   6    0.13572  23   1.018E+05 -3.086E-09  6.498E-02  3.311E+02  3.267E+02
   0.12757   6    0.14203  24   1.017E+05 -3.198E-09  6.499E-02  3.392E+02  3.342E+02
   0.12757   6    0.14834  25   1.017E+05 -3.147E-09  6.498E-02  3.479E+02  3.424E+02
   0.12757   6    0.15466  26   1.017E+05 -2.965E-09  6.497E-02  3.570E+02  3.511E+02
   0.12757   6    0.16097  27   1.017E+05 -2.699E-09  6.497E-02  3.663E+02  3.602E+02
   0.12757   6    0.16728  28   1.017E+05 -2.359E-09  6.498E-02  3.755E+02  3.693E+02
   0.12757   6    0.17359  29   1.017E+05 -1.921E-09  6.498E-02  3.843E+02  3.782E+02
   0.12757   6    0.17991  30   1.017E+05 -1.398E-09  6.498E-02  3.924E+02  3.866E+02
   0.12757   6    0.18622  31   1.017E+05 -8.165E-10  6.497E-02  3.995E+02  3.943E+02
   0.12757   6    0.19253  32   1.017E+05 -1.528E-10  6.498E-02  4.055E+02  4.009E+02
   0.12757   6    0.19884  33   1.017E+05  5.605E-10  6.499E-02  4.101E+02  4.064E+02
   0.12757   6    0.20516  34   1.017E+05  1.304E-09  6.499E-02  4.132E+02  4.104E+02
   0.12757   6    0.21147  35   1.017E+05  2.077E-09  6.499E-02  4.149E+02  4.130E+02
   0.12757   6    0.21778  36   1.017E+05  2.783E-09  6.500E-02  4.150E+02  4.142E+02
   0.12757   6    0.22409  37   1.017E+05  3.507E-09  6.500E-02  4.137E+02  4.138E+02
   0.12757   6    0.23041  38   1.016E+05  3.809E-09  6.500E-02  4.110E+02  4.121E+02
   0.12757   6    0.23672  39   1.016E+05  4.774E-09  6.501E-02  4.071E+02  4.091E+02
   0.12757   6    0.24303  40   1.016E+05  4.995E-09  6.501E-02  4.022E+02  4.050E+02
   0.12757   6    0.24934  41   1.016E+05  5.888E-09  6.502E-02  3.964E+02  3.999E+02
   0.12757   6    0.25566  42   1.016E+05  6.305E-09  6.503E-02  3.900E+02  3.940E+02
   0.12757   6    0.26197  43   1.016E+05  6.691E-09  6.502E-02  3.832E+02  3.875E+02
   0.12757   6    0.26828  44   1.016E+05  6.958E-09  6.501E-02  3.760E+02  3.807E+02
   0.12757   6    0.27459  45   1.016E+05  7.157E-09  6.502E-02  3.688E+02  3.736E+02
   0.12757   6    0.28091  46   1.016E+05  7.277E-09  6.503E-02  3.617E+02  3.665E+02
   0.12757   6    0.28722  47   1.016E+05  7.368E-09  6.502E-02  3.547E+02  3.594E+02
   0.12757   6    0.29353  48   1.016E+05  7.429E-09  6.501E-02  3.480E+02  3.526E+02
   0.12757   6    0.29984  49   1.016E+05  7.461E-09  6.502E-02  3.416E+02  3.461E+02
   0.12757   6    0.30616  50   1.016E+05  7.458E-09  6.502E-02  3.357E+02  3.399E+02
   0.12757   6    0.31247  51   1.015E+05  7.447E-09  6.501E-02  3.303E+02  3.342E+02
   0.12757   6    0.31878  52   1.015E+05  7.395E-09  6.501E-02  3.253E+02  3.289E+02
   0.12757   6    0.32509  53   1.015E+05  7.281E-09  6.501E-02  3.208E+02  3.241E+02
   0.12757   6    0.33141  54   1.015E+05  7.121E-09  6.501E-02  3.168E+02  3.197E+02
   0.12757   6    0.33772  55   1.015E+05  6.930E-09  6.501E-02  3.132E+02  3.159E+02
   0.12757   6    0.34403  56   1.015E+05  6.704E-09  6.501E-02  3.101E+02  3.125E+02
   0.12757   6    0.35034  57   1.015E+05  6.452E-09  6.501E-02  3.074E+02  3.095E+02
   0.12757   6    0.35666  58   1.015E+05  6.156E-09  6.500E-02  3.051E+02  3.068E+02
   0.12757   6    0.36297  59   1.015E+05  5.817E-09  6.501E-02  3.030E+02  3.046E+02
   0.12757   6    0.36928  60   1.015E+05  5.476E-09  6.501E-02  3.013E+02  3.026E+02
   0.12757   6    0.37559  61   1.015E+05  5.087E-09  6.500E-02  2.999E+02  3.010E+02
   0.12757   6    0.38191  62   1.015E+05  4.686E-09  6.500E-02  2.986E+02  2.996E+02
   0.12757   6    0.38822  63   1.015E+05  4.294E-09  6.500E-02  2.976E+02  2.984E+02
   0.12757   6    0.39453  64   1.015E+05  3.895E-09  6.501E-02  2.968E+02  2.974E+02
   0.12757   6    0.40084  65   1.014E+05  3.505E-09  6.500E-02  2.961E+02  2.966E+02
   0.12757   6    0.40716  66   1.014E+05  3.122E-09  6.500E-02  2.955E+02  2.959E+02
   0.12757   6    0.41347  67   1.014E+05  2.770E-09  6.500E-02  2.950E+02  2.954E+02
   0.12757   6    0.41978  68   1.014E+05  2.434E-09  6.501E-02  2.946E+02  2.949E+02
   0.12757   6    0.42609  69   1.014E+05  2.096E-09  6.501E-02  2.943E+02  2.946E+02
   0.12757   6    0.43241  70   1.014E+05  1.781E-09  6.500E-02  2.940E+02  2.942E+02
   0.12757   6    0.43872  71   1.014E+05  1.508E-09  6.500E-02  2.938E+02  2.940E+02
   0.12757   6    0.44503  72   1.014E+05  1.261E-09  6.500E-02  2.937E+02  2.938E+02
   0.12757   6    0.45134  73   1.014E+05  1.018E-09  6.500E-02  2.935E+02  2.936E+02
   0.12757   6    0.45766  74   1.014E+05  8.065E-10  6.500E-02  2.934E+02  2.935E+02
   0.12757   6    0.46397  75   1.014E+05  6.203E-10  6.500E-02  2.933E+02  2.934E+02
   0.12757   6    0.47028  76   1.014E+05  4.627E-10  6.500E-02  2.933E+02  2.933E+02
   0.12757   6    0.47659  77   1.014E+05  3.239E-10  6.500E-02  2.932E+02  2.933E+02
   0.12757   6    0.48291  78   1.014E+05  2.319E-10  6.500E-02  2.932E+02  2.932E+02
   0.12757   6    0.48922  79   1.013E+05  1.614E-10  6.500E-02  2.931E+02  2.932E+02
   0.12757   6    0.49553  80   1.013E+05  8.701E-11  6.500E-02  2.931E+02  2.931E+02
   0.12757   6    0.50184  81   1.013E+05  5.393E-11  6.500E-02  2.931E+02  2.931E+02
   0.12757   6    0.50500  82   1.013E+05  5.393E-11  6.500E-02  2.931E+02  2.930E+02
   0.15592   7    0.00000   1   1.019E+05 -1.430E-08  6.500E-02  2.930E+02  2.930E+02
   0.15592   7    0.00316   2   1.019E+05 -1.430E-08  6.502E-02  2.930E+02  2.930E+02
   0.15592   7    0.00947   3   1.019E+05 -1.461E-08  6.500E-02  2.930E+02  2.930E+02
   0.15592   7    0.01578   4   1.019E+05 -1.526E-08  6.500E-02  2.930E+02  2.930E+02
   0.15592   7    0.02209   5   1.019E+05 -1.638E-08  6.500E-02  2.930E+02  2.930E+02
   0.15592   7    0.02841   6   1.019E+05 -1.805E-08  6.500E-02  2.931E+02  2.931E+02
   0.15592   7    0.03472   7   1.019E+05 -2.047E-08  6.500E-02  2.931E+02  2.931E+02
   0.15592   7    0.04103   8   1.019E+05 -2.396E-08  6.499E-02  2.932E+02  2.932E+02
   0.15592   7    0.04734   9   1.019E+05 -2.884E-08  6.500E-02  2.934E+02  2.933E+02
   0.15592   7    0.05366  10   1.018E+05 -3.562E-08  6.500E-02  2.936E+02  2.934E+02
   0.15592   7    0.05997  11   1.018E+05 -4.480E-08  6.500E-02  2.938E+02  2.937E+02
   0.15592   7    0.06628  12   1.018E+05 -5.818E-08  6.500E-02  2.943E+02  2.940E+02
   0.15592   7    0.07259  13   1.018E+05 -7.278E-08  6.499E-02  2.949E+02  2.946E+02
   0.15592   7    0.07891  14   1.018E+05 -1.068E-07  6.500E-02  2.958E+02  2.953E+02
   0.15592   7    0.08522  15   1.018E+05 -1.130E-07  6.501E-02  2.970E+02  2.963E+02
   0.15592   7    0.09153  16   1.018E+05 -1.101E-07  6.500E-02  2.987E+02  2.977E+02
   0.15592   7    0.09784  17   1.018E+05 -7.604E-08  6.499E-02  3.009E+02  2.997E+02
   0.15592   7    0.10416  18   1.018E+05 -5.946E-08  6.499E-02  3.038E+02  3.022E+02
   0.15592   7    0.11047  19   1.018E+05 -4.458E-08  6.500E-02  3.075E+02  3.054E+02
   0.15592   7    0.11678  20   1.018E+05 -3.422E-08  6.499E-02  3.120E+02  3.094E+02
   0.15592   7    0.12309  21   1.018E+05 -2.625E-08  6.498E-02  3.175E+02  3.142E+02
   0.15592   7    0.12941  22   1.018E+05 -2.026E-08  6.498E-02  3.239E+02  3.200E+02
   0.15592   7    0.13572  23   1.018E+05 -1.560E-08  6.498E-02  3.311E+02  3.267E+02
   0.15592   7    0.14203  24   1.017E+05 -1.187E-08  6.499E-02  3.392E+02  3.342E+02
   0.15592   7    0.14834  25   1.017E+05 -8.780E-09  6.498E-02  3.479E+02  3.424E+02
   0.15592   7    0.15466  26   1.017E+05 -6.053E-09  6.497E-02  3.570E+02  3.511E+02
   0.15592   7    0.16097  27   1.017E+05 -3.511E-09  6.497E-02  3.663E+02  3.602E+02
   0.15592   7    0.16728  28   1.017E+05 -9.721E-10  6.498E-02  3.755E+02  3.693E+02
   0.15592   7    0.17359  29   1.017E+05  1.705E-09  6.498E-02  3.843E+02  3.782E+02
   0.15592   7    0.17991  30   1.017E+05  4.663E-09  6.498E-02  3.924E+02  3.866E+02
   0.15592   7    0.18622  31   1.017E+05  8.030E-09  6.497E-02  3.995E+02  3.943E+02
   0.15592   7    0.19253  32   1.017E+05  1.192E-08  6.498E-02  4.055E+02  4.009E+02
   0.15592   7    0.19884  33   1.017E+05  1.648E-08  6.499E-02  4.101E+02  4.064E+02
   0.15592   7    0.20516  34   1.017E+05  2.178E-08  6.499E-02  4.132E+02  4.104E+02
   0.15592   7    0.21147  35   1.017E+05  2.781E-08  6.499E-02  4.149E+02  4.130E+02
   0.15592   7    0.21778  36   1.017E+05  3.426E-08  6.500E-02  4.150E+02  4.142E+02
   0.15592   7    0.22409  37   1.017E+05  4.103E-08  6.500E-02  4.137E+02  4.138E+02
   0.15592   7    0.23041  38   1.016E+05  4.578E-08  6.500E-02  4.110E+02  4.121E+02
   0.15592   7    0.23672  39   1.016E+05  4.861E-08  6.501E-02  4.071E+02  4.091E+02
   0.15592   7    0.24303  40   1.016E+05  4.717E-08  6.501E-02  4.022E+02  4.050E+02
   0.15592   7    0.24934  41   1.016E+05  4.375E-08  6.502E-02  3.964E+02  3.999E+02
   0.15592   7    0.25566  42   1.016E+05  3.826E-08  6.503E-02  3.900E+02  3.940E+02
   0.15592   7    0.26197  43   1.016E+05  3.308E-08  6.502E-02  3.832E+02  3.875E+02
   0.15592   7    0.26828  44   1.016E+05  2.826E-08  6.501E-02  3.760E+02  3.807E+02
   0.15592   7    0.27459  45   1.016E+05  2.413E-08  6.502E-02  3.688E+02  3.736E+02
   0.15592   7    0.28091  46   1.016E+05  2.064E-08  6.503E-02  3.617E+02  3.665E+02
   0.15592   7    0.28722  47   1.016E+05  1.778E-08  6.502E-02  3.547E+02  3.594E+02
   0.15592   7    0.29353  48   1.016E+05  1.546E-08  6.501E-02  3.480E+02  3.526E+02
   0.15592   7    0.29984  49   1.016E+05  1.353E-08  6.502E-02  3.416E+02  3.461E+02
   0.15592   7    0.30616  50   1.016E+05  1.192E-08  6.502E-02  3.357E+02  3.399E+02
   0.15592   7    0.31247  51   1.015E+05  1.056E-08  6.501E-02  3.303E+02  3.342E+02
   0.15592   7    0.31878  52   1.015E+05  9.393E-09  6.501E-02  3.253E+02  3.289E+02
   0.15592   7    0.32509  53   1.015E+05  8.387E-09  6.501E-02  3.208E+02  3.241E+02
   0.15592   7    0.33141  54   1.015E+05  7.488E-09  6.501E-02  3.168E+02  3.197E+02
   0.15592   7    0.33772  55   1.015E+05  6.673E-09  6.501E-02  3.132E+02  3.159E+02
   0.15592   7    0.34403  56   1.015E+05  5.929E-09  6.501E-02  3.101E+02  3.125E+02
   0.15592   7    0.35034  57   1.015E+05  5.227E-09  6.501E-02  3.074E+02  3.095E+02
   0.15592   7    0.35666  58   1.015E+05  4.557E-09  6.500E-02  3.051E+02  3.068E+02
   0.15592   7    0.36297  59   1.015E+05  3.930E-09  6.501E-02  3.030E+02  3.046E+02
   0.15592   7    0.36928  60   1.015E+05  3.373E-09  6.501E-02  3.013E+02  3.026E+02
   0.15592   7    0.37559  61   1.015E+05  2.840E-09  6.500E-02  2.999E+02  3.010E+02
   0.15592   7    0.38191  62   1.015E+05  2.341E-09  6.500E-02  2.986E+02  2.996E+02
   0.15592   7    0.38822  63   1.015E+05  1.873E-09  6.500E-02  2.976E+02  2.984E+02
   0.15592   7    0.39453  64   1.015E+05  1.433E-09  6.501E-02  2.968E+02  2.974E+02
   0.15592   7    0.40084  65   1.014E+05  1.052E-09  6.500E-02  2.961E+02  2.966E+02
   0.15592   7    0.40716  66   1.014E+05  7.036E-10  6.500E-02  2.955E+02  2.959E+02
   0.15592   7    0.41347  67   1.014E+05  3.804E-10  6.500E-02  2.950E+02  2.954E+02
   0.15592   7    0.41978  68   1.014E+05  1.080E-10  6.501E-02  2.946E+02  2.949E+02
   0.15592   7    0.42609  69   1.014E+05 -1.199E-10  6.501E-02  2.943E+02  2.946E+02
   0.15592   7    0.43241  70   1.014E+05 -3.003E-10  6.500E-02  2.940E+02  2.943E+02
   0.15592   7    0.43872  71   1.014E+05 -4.592E-10  6.500E-02  2.938E+02  2.940E+02
   0.15592   7    0.44503  72   1.014E+05 -5.933E-10  6.500E-02  2.937E+02  2.938E+02
   0.15592   7    0.45134  73   1.014E+05 -6.854E-10  6.500E-02  2.935E+02  2.936E+02
   0.15592   7    0.45766  74   1.014E+05 -7.331E-10  6.500E-02  2.934E+02  2.935E+02
   0.15592   7    0.46397  75   1.014E+05 -7.619E-10  6.500E-02  2.933E+02  2.934E+02
   0.15592   7    0.47028  76   1.014E+05 -7.695E-10  6.500E-02  2.933E+02  2.933E+02
   0.15592   7    0.47659  77   1.014E+05 -7.395E-10  6.500E-02  2.932E+02  2.933E+02
   0.15592   7    0.48291  78   1.014E+05 -6.729E-10  6.500E-02  2.932E+02  2.932E+02
   0.15592   7    0.48922  79   1.013E+05 -5.766E-10  6.500E-02  2.931E+02  2.932E+02
   0.15592   7    0.49553  80   1.013E+05 -4.333E-10  6.500E-02  2.931E+02  2.931E+02
   0.15592   7    0.50184  81   1.013E+05 -3.379E-10  6.500E-02  2.931E+02  2.931E+02
   0.15592   7    0.50500  82   1.013E+05 -3.379E-10  6.500E-02  2.931E+02  2.930E+02
   0.18427   8    0.00000   1   1.019E+05 -1.956E-08  6.500E-02  2.930E+02  2.930E+02
   0.18427   8    0.00316   2   1.019E+05 -1.956E-08  6.502E-02  2.930E+02  2.930E+02
   0.18427   8    0.00947   3   1.019E+05 -1.876E-08  6.500E-02  2.930E+02  2.930E+02
   0.18427   8    0.01578   4   1.019E+05 -1.729E-08  6.500E-02  2.930E+02  2.930E+02
   0.18427   8    0.02209   5   1.019E+05 -1.520E-08  6.500E-02  2.930E+02  2.930E+02
   0.18427   8    0.02841   6   1.019E+05 -1.249E-08  6.500E-02  2.931E+02  2.931E+02
   0.18427   8    0.03472   7   1.019E+05 -9.091E-09  6.500E-02  2.931E+02  2.931E+02
   0.18427   8    0.04103   8   1.019E+05 -4.880E-09  6.499E-02  2.932E+02  2.932E+02
   0.18427   8    0.04734   9   1.019E+05  5.566E-10  6.500E-02  2.934E+02  2.933E+02
   0.18427   8    0.05366  10   1.018E+05  6.238E-09  6.500E-02  2.936E+02  2.934E+02
   0.18427   8    0.05997  11   1.018E+05  2.009E-08  6.500E-02  2.938E+02  2.937E+02
   0.18427   8    0.06628  12   1.018E+05 -9.834E-10  6.500E-02  2.943E+02  2.940E+02
   0.18427   8    0.07259  13   1.018E+05  1.978E-07  6.499E-02  2.949E+02  2.946E+02
   0.18427   8    0.07891  14   1.018E+05 -8.591E-07  6.500E-02  2.958E+02  2.953E+02
   0.18427   8    0.08522  15   1.018E+05 -2.228E-06  6.501E-02  2.970E+02  2.963E+02
   0.18427   8    0.09153  16   1.018E+05 -9.328E-07  6.500E-02  2.987E+02  2.977E+02
   0.18427   8    0.09784  17   1.018E+05  1.595E-07  6.499E-02  3.009E+02  2.997E+02
   0.18427   8    0.10416  18   1.018E+05  6.167E-09  6.499E-02  3.038E+02  3.022E+02
   0.18427   8    0.11047  19   1.018E+05  3.062E-08  6.500E-02  3.075E+02  3.054E+02
   0.18427   8    0.11678  20   1.018E+05  1.584E-08  6.499E-02  3.120E+02  3.094E+02
   0.18427   8    0.12309  21   1.018E+05  1.206E-08  6.498E-02  3.175E+02  3.142E+02
   0.18427   8    0.12941  22   1.018E+05  7.931E-09  6.498E-02  3.239E+02  3.200E+02
   0.18427   8    0.13572  23   1.018E+05  5.340E-09  6.498E-02  3.311E+02  3.267E+02
   0.18427   8    0.14203  24   1.017E+05  3.578E-09  6.499E-02  3.392E+02  3.342E+02
   0.18427   8    0.14834  25   1.017E+05  2.557E-09  6.498E-02  3.479E+02  3.424E+02
   0.18427   8    0.15466  26   1.017E+05  2.127E-09  6.497E-02  3.570E+02  3.511E+02
   0.18427   8    0.16097  27   1.017E+05  2.255E-09  6.497E-02  3.663E+02  3.602E+02
   0.18427   8    0.16728  28   1.017E+05  2.941E-09  6.498E-02  3.755E+02  3.693E+02
   0.18427   8    0.17359  29   1.017E+05  4.224E-09  6.498E-02  3.843E+02  3.782E+02
   0.18427   8    0.17991  30   1.017E+05  6.285E-09  6.498E-02  3.924E+02  3.866E+02
   0.18427   8    0.18622  31   1.017E+05  9.376E-09  6.497E-02  3.995E+02  3.943E+02
   0.18427   8    0.19253  32   1.017E+05  1.389E-08  6.498E-02  4.055E+02  4.009E+02
   0.18427   8    0.19884  33   1.017E+05  2.054E-08  6.499E-02  4.101E+02  4.064E+02
   0.18427   8    0.20516  34   1.017E+05  3.013E-08  6.499E-02  4.132E+02  4.104E+02
   0.18427   8    0.21147  35   1.017E+05  4.496E-08  6.499E-02  4.149E+02  4.130E+02
   0.18427   8    0.21778  36   1.017E+05  6.299E-08  6.500E-02  4.150E+02  4.142E+02
   0.18427   8    0.22409  37   1.017E+05  1.040E-07  6.500E-02  4.137E+02  4.138E+02
   0.18427   8    0.23041  38   1.016E+05  1.212E-07  6.500E-02  4.110E+02  4.121E+02
   0.18427   8    0.23672  39   1.016E+05  1.486E-07  6.501E-02  4.071E+02  4.091E+02
   0.18427   8    0.24303  40   1.016E+05  1.223E-07  6.501E-02  4.022E+02  4.050E+02
   0.18427   8    0.24934  41   1.016E+05  1.061E-07  6.502E-02  3.964E+02  3.999E+02
   0.18427   8    0.25566  42   1.016E+05  6.608E-08  6.503E-02  3.900E+02  3.940E+02
   0.18427   8    0.26197  43   1.016E+05  4.891E-08  6.502E-02  3.832E+02  3.875E+02
   0.18427   8    0.26828  44   1.016E+05  3.489E-08  6.501E-02  3.760E+02  3.807E+02
   0.18427   8    0.27459  45   1.016E+05  2.602E-08  6.502E-02  3.688E+02  3.736E+02
   0.18427   8    0.28091  46   1.016E+05  1.993E-08  6.503E-02  3.617E+02  3.665E+02
   0.18427   8    0.28722  47   1.016E+05  1.579E-08  6.502E-02  3.547E+02  3.595E+02
   0.18427   8    0.29353  48   1.016E+05  1.296E-08  6.501E-02  3.480E+02  3.526E+02
   0.18427   8    0.29984  49   1.016E+05  1.093E-08  6.502E-02  3.416E+02  3.461E+02
   0.18427   8    0.30616  50   1.016E+05  9.426E-09  6.502E-02  3.357E+02  3.399E+02
   0.18427   8    0.31247  51   1.015E+05  8.241E-09  6.501E-02  3.303E+02  3.342E+02
   0.18427   8    0.31878  52   1.015E+05  7.277E-09  6.501E-02  3.253E+02  3.289E+02
   0.18427   8    0.32509  53   1.015E+05  6.455E-09  6.501E-02  3.208E+02  3.241E+02
   0.18427   8    0.33141  54   1.015E+05  5.714E-09  6.501E-02  3.168E+02  3.198E+02
   0.18427   8    0.33772  55   1.015E+05  5.007E-09  6.501E-02  3.133E+02  3.159E+02
   0.18427   8    0.34403  56   1.015E+05  4.325E-09  6.501E-02  3.101E+02  3.125E+02
   0.18427   8    0.35034  57   1.015E+05  3.667E-09  6.501E-02  3.074E+02  3.095E+02
   0.18427   8    0.35666  58   1.015E+05  3.026E-09  6.500E-02  3.051E+02  3.068E+02
   0.18427   8    0.36297  59   1.015E+05  2.427E-09  6.501E-02  3.030E+02  3.046E+02
   0.18427   8    0.36928  60   1.015E+05  1.850E-09  6.501E-02  3.013E+02  3.027E+02
   0.18427   8    0.37559  61   1.015E+05  1.299E-09  6.500E-02  2.999E+02  3.010E+02
   0.18427   8    0.38191  62   1.015E+05  8.019E-10  6.500E-02  2.986E+02  2.996E+02
   0.18427   8    0.38822  63   1.015E+05  3.576E-10  6.500E-02  2.976E+02  2.984E+02
   0.18427   8    0.39453  64   1.015E+05 -5.231E-11  6.501E-02  2.968E+02  2.974E+02
   0.18427   8    0.40084  65   1.014E+05 -4.160E-10  6.500E-02  2.961E+02  2.966E+02
   0.18427   8    0.40716  66   1.014E+05 -7.331E-10  6.500E-02  2.955E+02  2.959E+02
   0.18427   8    0.41347  67   1.014E+05 -1.015E-09  6.500E-02  2.950E+02  2.954E+02
   0.18427   8    0.41978  68   1.014E+05 -1.235E-09  6.501E-02  2.946E+02  2.949E+02
   0.18427   8    0.42609  69   1.014E+05 -1.394E-09  6.501E-02  2.943E+02  2.946E+02
   0.18427   8    0.43241  70   1.014E+05 -1.513E-09  6.500E-02  2.940E+02  2.943E+02
   0.18427   8    0.43872  71   1.014E+05 -1.616E-09  6.500E-02  2.938E+02  2.940E+02
   0.18427   8    0.44503  72   1.014E+05 -1.681E-09  6.500E-02  2.937E+02  2.938E+02
   0.18427   8    0.45134  73   1.014E+05 -1.698E-09  6.500E-02  2.935E+02  2.936E+02
   0.18427   8    0.45766  74   1.014E+05 -1.668E-09  6.500E-02  2.934E+02  2.935E+02
   0.18427   8    0.46397  75   1.014E+05 -1.598E-09  6.500E-02  2.933E+02  2.934E+02
   0.18427   8    0.47028  76   1.014E+05 -1.487E-09  6.500E-02  2.933E+02  2.933E+02
   0.18427   8    0.47659  77   1.014E+05 -1.333E-09  6.500E-02  2.932E+02  2.933E+02
   0.18427   8    0.48291  78   1.014E+05 -1.153E-09  6.500E-02  2.932E+02  2.932E+02
   0.18427   8    0.48922  79   1.013E+05 -9.591E-10  6.500E-02  2.931E+02  2.932E+02
   0.18427   8    0.49553  80   1.013E+05 -6.980E-10  6.500E-02  2.931E+02  2.931E+02
   0.18427   8    0.50184  81   1.013E+05 -5.351E-10  6.500E-02  2.931E+02  2.931E+02
   0.18427   8    0.50500  82   1.013E+05 -5.351E-10  6.500E-02  2.931E+02  2.930E+02
   0.21262   9    0.00000   1   1.019E+05 -3.607E-08  6.500E-02  2.930E+02  2.930E+02
   0.21262   9    0.00316   2   1.019E+05 -3.607E-08  6.502E-02  2.930E+02  2.930E+02
   0.21262   9    0.00947   3   1.019E+05 -3.428E-08  6.500E-02  2.930E+02  2.930E+02
   0.21262   9    0.01578   4   1.019E+05 -3.143E-08  6.500E-02  2.930E+02  2.930E+02
   0.21262   9    0.02209   5   1.019E+05 -2.770E-08  6.500E-02  2.930E+02  2.930E+02
   0.21262   9    0.02841   6   1.019E+05 -2.329E-08  6.500E-02  2.931E+02  2.931E+02
   0.21262   9    0.03472   7   1.019E+05 -1.819E-08  6.500E-02  2.931E+02  2.931E+02
   0.21262   9    0.04103   8   1.019E+05 -1.236E-08  6.499E-02  2.932E+02  2.932E+02
   0.21262   9    0.04734   9   1.019E+05 -5.383E-09  6.500E-02  2.934E+02  2.933E+02
   0.21262   9    0.05366  10   1.018E+05  1.705E-09  6.500E-02  2.936E+02  2.934E+02
   0.21262   9    0.05997  11   1.018E+05  1.686E-08  6.500E-02  2.938E+02  2.937E+02
   0.21262   9    0.06628  12   1.018E+05 -3.025E-09  6.500E-02  2.943E+02  2.940E+02
   0.21262   9    0.07259  13   1.018E+05  1.968E-07  6.499E-02  2.949E+02  2.946E+02
   0.21262   9    0.07891  14   1.018E+05 -8.592E-07  6.499E-02  2.958E+02  2.953E+02
   0.21262   9    0.08522  15   1.018E+05 -2.227E-06  6.501E-02  2.970E+02  2.963E+02
   0.21262   9    0.09153  16   1.018E+05 -9.316E-07  6.501E-02  2.987E+02  2.977E+02
   0.21262   9    0.09784  17   1.018E+05  1.611E-07  6.499E-02  3.009E+02  2.997E+02
   0.21262   9    0.10416  18   1.018E+05  7.994E-09  6.499E-02  3.038E+02  3.022E+02
   0.21262   9    0.11047  19   1.018E+05  3.262E-08  6.500E-02  3.075E+02  3.054E+02
   0.21262   9    0.11678  20   1.018E+05  1.788E-08  6.499E-02  3.120E+02  3.093E+02
   0.21262   9    0.12309  21   1.018E+05  1.409E-08  6.498E-02  3.175E+02  3.142E+02
   0.21262   9    0.12941  22   1.018E+05  9.893E-09  6.498E-02  3.239E+02  3.200E+02
   0.21262   9    0.13572  23   1.018E+05  7.134E-09  6.498E-02  3.311E+02  3.267E+02
   0.21262   9    0.14203  24   1.017E+05  5.093E-09  6.499E-02  3.392E+02  3.342E+02
   0.21262   9    0.14834  25   1.017E+05  3.653E-09  6.498E-02  3.479E+02  3.424E+02
   0.21262   9    0.15466  26   1.017E+05  2.633E-09  6.497E-02  3.570E+02  3.511E+02
   0.21262   9    0.16097  27   1.017E+05  1.939E-09  6.497E-02  3.663E+02  3.602E+02
   0.21262   9    0.16728  28   1.017E+05  1.512E-09  6.498E-02  3.755E+02  3.693E+02
   0.21262   9    0.17359  29   1.017E+05  1.348E-09  6.498E-02  3.843E+02  3.782E+02
   0.21262   9    0.17991  30   1.017E+05  1.518E-09  6.498E-02  3.924E+02  3.866E+02
   0.21262   9    0.18622  31   1.017E+05  2.168E-09  6.497E-02  3.995E+02  3.943E+02
   0.21262   9    0.19253  32   1.017E+05  3.614E-09  6.498E-02  4.055E+02  4.009E+02
   0.21262   9    0.19884  33   1.017E+05  6.384E-09  6.499E-02  4.101E+02  4.064E+02
   0.21262   9    0.20516  34   1.017E+05  1.117E-08  6.499E-02  4.132E+02  4.104E+02
   0.21262   9    0.21147  35   1.017E+05  2.033E-08  6.499E-02  4.149E+02  4.130E+02
   0.21262   9    0.21778  36   1.017E+05  3.205E-08  6.500E-02  4.150E+02  4.142E+02
   0.21262   9    0.22409  37   1.017E+05  6.637E-08  6.500E-02  4.137E+02  4.138E+02
   0.21262   9    0.23041  38   1.016E+05  7.842E-08  6.500E-02  4.110E+02  4.121E+02
   0.21262   9    0.23672  39   1.016E+05  1.044E-07  6.501E-02  4.071E+02  4.091E+02
   0.21262   9    0.24303  40   1.016E+05  7.925E-08  6.501E-02  4.022E+02  4.050E+02
   0.21262   9    0.24934  41   1.016E+05  6.796E-08  6.502E-02  3.964E+02  3.999E+02
   0.21262   9    0.25566  42   1.016E+05  3.436E-08  6.502E-02  3.900E+02  3.940E+02
   0.21262   9    0.26197  43   1.016E+05  2.325E-08  6.502E-02  3.832E+02  3.875E+02
   0.21262   9    0.26828  44   1.016E+05  1.470E-08  6.501E-02  3.761E+02  3.807E+02
   0.21262   9    0.27459  45   1.016E+05  1.038E-08  6.502E-02  3.688E+02  3.736E+02
   0.21262   9    0.28091  46   1.016E+05  7.993E-09  6.503E-02  3.617E+02  3.665E+02
   0.21262   9    0.28722  47   1.016E+05  6.810E-09  6.502E-02  3.547E+02  3.595E+02
   0.21262   9    0.29353  48   1.016E+05  6.235E-09  6.501E-02  3.480E+02  3.526E+02
   0.21262   9    0.29984  49   1.016E+05  5.981E-09  6.502E-02  3.416E+02  3.461E+02
   0.21262   9    0.30616  50   1.016E+05  5.834E-09  6.502E-02  3.357E+02  3.399E+02
   0.21262   9    0.31247  51   1.015E+05  5.696E-09  6.501E-02  3.303E+02  3.342E+02
   0.21262   9    0.31878  52   1.015E+05  5.536E-09  6.501E-02  3.253E+02  3.289E+02
   0.21262   9    0.32509  53   1.015E+05  5.308E-09  6.501E-02  3.208E+02  3.241E+02
   0.21262   9    0.33141  54   1.015E+05  5.011E-09  6.501E-02  3.168E+02  3.198E+02
   0.21262   9    0.33772  55   1.015E+05  4.651E-09  6.501E-02  3.133E+02  3.159E+02
   0.21262   9    0.34403  56   1.015E+05  4.210E-09  6.501E-02  3.101E+02  3.125E+02
   0.21262   9    0.35034  57   1.015E+05  3.752E-09  6.501E-02  3.074E+02  3.095E+02
   0.21262   9    0.35666  58   1.015E+05  3.287E-09  6.500E-02  3.051E+02  3.069E+02
   0.21262   9    0.36297  59   1.015E+05  2.785E-09  6.501E-02  3.031E+02  3.046E+02
   0.21262   9    0.36928  60   1.015E+05  2.264E-09  6.501E-02  3.013E+02  3.027E+02
   0.21262   9    0.37559  61   1.015E+05  1.758E-09  6.500E-02  2.999E+02  3.010E+02
   0.21262   9    0.38191  62   1.015E+05  1.276E-09  6.500E-02  2.987E+02  2.996E+02
   0.21262   9    0.38822  63   1.015E+05  8.256E-10  6.500E-02  2.976E+02  2.984E+02
   0.21262   9    0.39453  64   1.015E+05  3.938E-10  6.501E-02  2.968E+02  2.974E+02
   0.21262   9    0.40084  65   1.014E+05 -1.370E-11  6.500E-02  2.961E+02  2.966E+02
   0.21262   9    0.40716  66   1.014E+05 -3.472E-10  6.500E-02  2.955E+02  2.959E+02
   0.21262   9    0.41347  67   1.014E+05 -6.354E-10  6.500E-02  2.950E+02  2.954E+02
   0.21262   9    0.41978  68   1.014E+05 -8.931E-10  6.501E-02  2.946E+02  2.949E+02
   0.21262   9    0.42609  69   1.014E+05 -1.090E-09  6.501E-02  2.943E+02  2.946E+02
   0.21262   9    0.43241  70   1.014E+05 -1.259E-09  6.500E-02  2.940E+02  2.943E+02
   0.21262   9    0.43872  71   1.014E+05 -1.380E-09  6.500E-02  2.938E+02  2.940E+02
   0.21262   9    0.44503  72   1.014E+05 -1.431E-09  6.500E-02  2.937E+02  2.938E+02
   0.21262   9    0.45134  73   1.014E+05 -1.438E-09  6.500E-02  2.935E+02  2.937E+02
   0.21262   9    0.45766  74   1.014E+05 -1.416E-09  6.500E-02  2.934E+02  2.935E+02
   0.21262   9    0.46397  75   1.014E+05 -1.371E-09  6.500E-02  2.933E+02  2.934E+02
   0.21262   9    0.47028  76   1.014E+05 -1.281E-09  6.500E-02  2.933E+02  2.933E+02
   0.21262   9    0.47659  77   1.014E+05 -1.154E-09  6.500E-02  2.932E+02  2.933E+02
   0.21262   9    0.48291  78   1.014E+05 -9.855E-10  6.500E-02  2.932E+02  2.932E+02
   0.21262   9    0.48922  79   1.013E+05 -8.077E-10  6.500E-02  2.931E+02  2.932E+02
   0.21262   9    0.49553  80   1.013E+05 -5.997E-10  6.500E-02  2.931E+02  2.931E+02
   0.21262   9    0.50184  81   1.013E+05 -4.694E-10  6.500E-02  2.931E+02  2.931E+02
   0.21262   9    0.50500  82   1.013E+05 -4.694E-10  6.500E-02  2.931E+02  2.930E+02
   0.24097  10    0.00000   1   1.019E+05 -1.120E-07  6.500E-02  2.930E+02  2.930E+02
   0.24097  10    0.00316   2   1.019E+05 -1.120E-07  6.502E-02  2.930E+02  2.930E+02
   0.24097  10    0.00947   3   1.019E+05 -9.115E-08  6.500E-02  2.930E+02  2.930E+02
   0.24097  10    0.01578   4   1.019E+05 -7.785E-08  6.500E-02  2.930E+02  2.930E+02
   0.24097  10    0.02209   5   1.019E+05 -6.705E-08  6.500E-02  2.930E+02  2.930E+02
   0.24097  10    0.02841   6   1.019E+05 -5.907E-08  6.500E-02  2.931E+02  2.931E+02
   0.24097  10    0.03472   7   1.019E+05 -5.357E-08  6.500E-02  2.931E+02  2.931E+02
   0.24097  10    0.04103   8   1.019E+05 -5.052E-08  6.499E-02  2.932E+02  2.932E+02
   0.24097  10    0.04734   9   1.019E+05 -4.999E-08  6.500E-02  2.934E+02  2.933E+02
   0.24097  10    0.05366  10   1.018E+05 -5.231E-08  6.500E-02  2.936E+02  2.934E+02
   0.24097  10    0.05997  11   1.018E+05 -5.774E-08  6.500E-02  2.938E+02  2.937E+02
   0.24097  10    0.06628  12   1.018E+05 -6.799E-08  6.500E-02  2.943E+02  2.940E+02
   0.24097  10    0.07259  13   1.018E+05 -7.994E-08  6.499E-02  2.949E+02  2.946E+02
   0.24097  10    0.07891  14   1.018E+05 -1.117E-07  6.499E-02  2.958E+02  2.953E+02
   0.24097  10    0.08522  15   1.018E+05 -1.158E-07  6.501E-02  2.970E+02  2.963E+02
   0.24097  10    0.09153  16   1.018E+05 -1.114E-07  6.501E-02  2.987E+02  2.977E+02
   0.24097  10    0.09784  17   1.018E+05 -7.587E-08  6.499E-02  3.009E+02  2.997E+02
   0.24097  10    0.10416  18   1.018E+05 -5.801E-08  6.499E-02  3.038E+02  3.022E+02
   0.24097  10    0.11047  19   1.018E+05 -4.202E-08  6.500E-02  3.075E+02  3.054E+02
   0.24097  10    0.11678  20   1.018E+05 -3.073E-08  6.499E-02  3.120E+02  3.093E+02
   0.24097  10    0.12309  21   1.018E+05 -2.196E-08  6.498E-02  3.175E+02  3.142E+02
   0.24097  10    0.12941  22   1.018E+05 -1.526E-08  6.498E-02  3.239E+02  3.200E+02
   0.24097  10    0.13572  23   1.018E+05 -1.004E-08  6.498E-02  3.311E+02  3.267E+02
   0.24097  10    0.14203  24   1.017E+05 -5.878E-09  6.499E-02  3.392E+02  3.342E+02
   0.24097  10    0.14834  25   1.017E+05 -2.507E-09  6.498E-02  3.479E+02  3.424E+02
   0.24097  10    0.15466  26   1.017E+05  3.057E-10  6.497E-02  3.570E+02  3.511E+02
   0.24097  10    0.16097  27   1.017E+05  2.730E-09  6.497E-02  3.663E+02  3.602E+02
   0.24097  10    0.16728  28   1.017E+05  4.827E-09  6.498E-02  3.755E+02  3.693E+02
   0.24097  10    0.17359  29   1.017E+05  6.665E-09  6.498E-02  3.843E+02  3.782E+02
   0.24097  10    0.17991  30   1.017E+05  8.210E-09  6.498E-02  3.924E+02  3.866E+02
   0.24097  10    0.18622  31   1.017E+05  9.320E-09  6.497E-02  3.995E+02  3.943E+02
   0.24097  10    0.19253  32   1.017E+05  9.723E-09  6.498E-02  4.055E+02  4.009E+02
   0.24097  10    0.19884  33   1.017E+05  8.814E-09  6.499E-02  4.101E+02  4.064E+02
   0.24097  10    0.20516  34   1.017E+05  5.880E-09  6.499E-02  4.132E+02  4.104E+02
   0.24097  10    0.21147  35   1.017E+05 -1.458E-09  6.499E-02  4.149E+02  4.130E+02
   0.24097  10    0.21778  36   1.017E+05 -1.152E-08  6.500E-02  4.150E+02  4.142E+02
   0.24097  10    0.22409  37   1.017E+05 -4.435E-08  6.500E-02  4.137E+02  4.138E+02
   0.24097  10    0.23041  38   1.016E+05 -5.562E-08  6.500E-02  4.110E+02  4.121E+02
   0.24097  10    0.23672  39   1.016E+05 -8.053E-08  6.501E-02  4.071E+02  4.091E+02
   0.24097  10    0.24303  40   1.016E+05 -5.530E-08  6.501E-02  4.022E+02  4.050E+02
   0.24097  10    0.24934  41   1.016E+05 -4.365E-08  6.502E-02  3.964E+02  3.999E+02
   0.24097  10    0.25566  42   1.016E+05 -1.047E-08  6.502E-02  3.900E+02  3.940E+02
   0.24097  10    0.26197  43   1.016E+05  2.930E-11  6.502E-02  3.832E+02  3.875E+02
   0.24097  10    0.26828  44   1.016E+05  7.772E-09  6.501E-02  3.761E+02  3.807E+02
   0.24097  10    0.27459  45   1.016E+05  1.111E-08  6.502E-02  3.688E+02  3.736E+02
   0.24097  10    0.28091  46   1.016E+05  1.245E-08  6.503E-02  3.617E+02  3.665E+02
   0.24097  10    0.28722  47   1.016E+05  1.257E-08  6.502E-02  3.547E+02  3.595E+02
   0.24097  10    0.29353  48   1.016E+05  1.204E-08  6.501E-02  3.480E+02  3.526E+02
   0.24097  10    0.29984  49   1.016E+05  1.122E-08  6.502E-02  3.416E+02  3.461E+02
   0.24097  10    0.30616  50   1.016E+05  1.028E-08  6.502E-02  3.357E+02  3.399E+02
   0.24097  10    0.31247  51   1.015E+05  9.328E-09  6.501E-02  3.303E+02  3.342E+02
   0.24097  10    0.31878  52   1.015E+05  8.414E-09  6.501E-02  3.253E+02  3.289E+02
   0.24097  10    0.32509  53   1.015E+05  7.557E-09  6.501E-02  3.208E+02  3.241E+02
   0.24097  10    0.33141  54   1.015E+05  6.755E-09  6.501E-02  3.168E+02  3.198E+02
   0.24097  10    0.33772  55   1.015E+05  6.021E-09  6.501E-02  3.133E+02  3.159E+02
   0.24097  10    0.34403  56   1.015E+05  5.348E-09  6.501E-02  3.101E+02  3.125E+02
   0.24097  10    0.35034  57   1.015E+05  4.706E-09  6.501E-02  3.074E+02  3.095E+02
   0.24097  10    0.35666  58   1.015E+05  4.118E-09  6.500E-02  3.051E+02  3.069E+02
   0.24097  10    0.36297  59   1.015E+05  3.551E-09  6.501E-02  3.031E+02  3.046E+02
   0.24097  10    0.36928  60   1.015E+05  3.005E-09  6.501E-02  3.013E+02  3.027E+02
   0.24097  10    0.37559  61   1.015E+05  2.507E-09  6.500E-02  2.999E+02  3.010E+02
   0.24097  10    0.38191  62   1.015E+05  2.034E-09  6.500E-02  2.987E+02  2.996E+02
   0.24097  10    0.38822  63   1.015E+05  1.592E-09  6.500E-02  2.976E+02  2.984E+02
   0.24097  10    0.39453  64   1.015E+05  1.181E-09  6.501E-02  2.968E+02  2.974E+02
   0.24097  10    0.40084  65   1.014E+05  8.105E-10  6.500E-02  2.961E+02  2.966E+02
   0.24097  10    0.40716  66   1.014E+05  4.797E-10  6.500E-02  2.955E+02  2.959E+02
   0.24097  10    0.41347  67   1.014E+05  1.850E-10  6.500E-02  2.950E+02  2.954E+02
   0.24097  10    0.41978  68   1.014E+05 -6.656E-11  6.501E-02  2.946E+02  2.949E+02
   0.24097  10    0.42609  69   1.014E+05 -2.766E-10  6.501E-02  2.943E+02  2.946E+02
   0.24097  10    0.43241  70   1.014E+05 -4.530E-10  6.500E-02  2.940E+02  2.943E+02
   0.24097  10    0.43872  71   1.014E+05 -5.715E-10  6.500E-02  2.938E+02  2.940E+02
   0.24097  10    0.44503  72   1.014E+05 -6.508E-10  6.500E-02  2.937E+02  2.938E+02
   0.24097  10    0.45134  73   1.014E+05 -7.163E-10  6.500E-02  2.935E+02  2.937E+02
   0.24097  10    0.45766  74   1.014E+05 -7.409E-10  6.500E-02  2.934E+02  2.935E+02
   0.24097  10    0.46397  75   1.014E+05 -7.344E-10  6.500E-02  2.933E+02  2.934E+02
   0.24097  10    0.47028  76   1.014E+05 -6.965E-10  6.500E-02  2.933E+02  2.933E+02
   0.24097  10    0.47659  77   1.014E+05 -6.329E-10  6.500E-02  2.932E+02  2.933E+02
   0.24097  10    0.48291  78   1.014E+05 -5.441E-10  6.500E-02  2.932E+02  2.932E+02
   0.24097  10    0.48922  79   1.013E+05 -4.391E-10  6.500E-02  2.931E+02  2.932E+02
   0.24097  10    0.49553  80   1.013E+05 -3.073E-10  6.500E-02  2.931E+02  2.931E+02
   0.24097  10    0.50184  81   1.013E+05 -2.302E-10  6.500E-02  2.931E+02  2.931E+02
   0.24097  10    0.50500  82   1.013E+05 -2.302E-10  6.500E-02  2.931E+02  2.930E+02
   0.26932  11    0.00000   1   1.019E+05 -8.365E-08  6.500E-02  2.930E+02  2.930E+02
   0.26932  11    0.00316   2   1.019E+05 -8.365E-08  6.502E-02  2.930E+02  2.930E+02
   0.26932  11    0.00947   3   1.019E+05 -6.342E-08  6.500E-02  2.930E+02  2.930E+02
   0.26932  11    0.01578   4   1.019E+05 -5.079E-08  6.500E-02  2.930E+02  2.930E+02
   0.26932  11    0.02209   5   1.019E+05 -4.040E-08  6.500E-02  2.930E+02  2.930E+02
   0.26932  11    0.02841   6   1.019E+05 -3.224E-08  6.500E-02  2.931E+02  2.931E+02
   0.26932  11    0.03472   7   1.019E+05 -2.567E-08  6.499E-02  2.931E+02  2.931E+02
   0.26932  11    0.04103   8   1.019E+05 -2.023E-08  6.499E-02  2.932E+02  2.932E+02
   0.26932  11    0.04734   9   1.019E+05 -1.553E-08  6.500E-02  2.934E+02  2.933E+02
   0.26932  11    0.05366  10   1.018E+05 -1.119E-08  6.500E-02  2.936E+02  2.934E+02
   0.26932  11    0.05997  11   1.018E+05 -6.781E-09  6.500E-02  2.938E+02  2.937E+02
   0.26932  11    0.06628  12   1.018E+05 -2.084E-09  6.500E-02  2.943E+02  2.940E+02
   0.26932  11    0.07259  13   1.018E+05  4.615E-09  6.499E-02  2.949E+02  2.946E+02
   0.26932  11    0.07891  14   1.018E+05  8.864E-09  6.499E-02  2.958E+02  2.953E+02
   0.26932  11    0.08522  15   1.018E+05  3.218E-08  6.501E-02  2.970E+02  2.963E+02
   0.26932  11    0.09153  16   1.018E+05  1.117E-08  6.501E-02  2.987E+02  2.977E+02
   0.26932  11    0.09784  17   1.018E+05  8.912E-09  6.499E-02  3.009E+02  2.997E+02
   0.26932  11    0.10416  18   1.018E+05  4.743E-09  6.499E-02  3.038E+02  3.022E+02
   0.26932  11    0.11047  19   1.018E+05  2.982E-09  6.500E-02  3.075E+02  3.054E+02
   0.26932  11    0.11678  20   1.018E+05  1.897E-09  6.499E-02  3.120E+02  3.093E+02
   0.26932  11    0.12309  21   1.018E+05  1.512E-09  6.498E-02  3.175E+02  3.142E+02
   0.26932  11    0.12941  22   1.018E+05  1.549E-09  6.498E-02  3.239E+02  3.200E+02
   0.26932  11    0.13572  23   1.018E+05  1.871E-09  6.498E-02  3.311E+02  3.267E+02
   0.26932  11    0.14203  24   1.017E+05  2.420E-09  6.499E-02  3.392E+02  3.342E+02
   0.26932  11    0.14834  25   1.017E+05  3.121E-09  6.498E-02  3.479E+02  3.424E+02
   0.26932  11    0.15466  26   1.017E+05  3.940E-09  6.497E-02  3.570E+02  3.511E+02
   0.26932  11    0.16097  27   1.017E+05  4.881E-09  6.497E-02  3.663E+02  3.602E+02
   0.26932  11    0.16728  28   1.017E+05  5.861E-09  6.498E-02  3.755E+02  3.693E+02
   0.26932  11    0.17359  29   1.017E+05  6.866E-09  6.498E-02  3.843E+02  3.782E+02
   0.26932  11    0.17991  30   1.017E+05  7.807E-09  6.497E-02  3.924E+02  3.866E+02
   0.26932  11    0.18622  31   1.017E+05  8.487E-09  6.497E-02  3.995E+02  3.943E+02
   0.26932  11    0.19253  32   1.017E+05  8.610E-09  6.498E-02  4.055E+02  4.009E+02
   0.26932  11    0.19884  33   1.017E+05  7.588E-09  6.499E-02  4.101E+02  4.064E+02
   0.26932  11    0.20516  34   1.017E+05  4.705E-09  6.499E-02  4.132E+02  4.104E+02
   0.26932  11    0.21147  35   1.017E+05 -2.441E-09  6.499E-02  4.149E+02  4.131E+02
   0.26932  11    0.21778  36   1.017E+05 -1.218E-08  6.499E-02  4.150E+02  4.142E+02
   0.26932  11    0.22409  37   1.017E+05 -4.465E-08  6.500E-02  4.137E+02  4.138E+02
   0.26932  11    0.23041  38   1.016E+05 -5.546E-08  6.500E-02  4.110E+02  4.121E+02
   0.26932  11    0.23672  39   1.016E+05 -8.109E-08  6.501E-02  4.071E+02  4.091E+02
   0.26932  11    0.24303  40   1.016E+05 -5.551E-08  6.501E-02  4.022E+02  4.050E+02
   0.26932  11    0.24934  41   1.016E+05 -4.466E-08  6.502E-02  3.964E+02  3.999E+02
   0.26932  11    0.25566  42   1.016E+05 -1.218E-08  6.502E-02  3.900E+02  3.940E+02
   0.26932  11    0.26197  43   1.016E+05 -2.365E-09  6.502E-02  3.832E+02  3.875E+02
   0.26932  11    0.26828  44   1.016E+05  4.810E-09  6.501E-02  3.761E+02  3.807E+02
   0.26932  11    0.27459  45   1.016E+05  7.742E-09  6.502E-02  3.688E+02  3.736E+02
   0.26932  11    0.28091  46   1.016E+05  8.805E-09  6.503E-02  3.617E+02  3.665E+02
   0.26932  11    0.28722  47   1.016E+05  8.756E-09  6.502E-02  3.547E+02  3.595E+02
   0.26932  11    0.29353  48   1.016E+05  8.175E-09  6.501E-02  3.480E+02  3.526E+02
   0.26932  11    0.29984  49   1.016E+05  7.366E-09  6.502E-02  3.416E+02  3.461E+02
   0.26932  11    0.30616  50   1.016E+05  6.505E-09  6.502E-02  3.357E+02  3.399E+02
   0.26932  11    0.31247  51   1.015E+05  5.681E-09  6.501E-02  3.303E+02  3.342E+02
   0.26932  11    0.31878  52   1.015E+05  4.932E-09  6.501E-02  3.253E+02  3.289E+02
   0.26932  11    0.32509  53   1.015E+05  4.272E-09  6.501E-02  3.208E+02  3.241E+02
   0.26932  11    0.33141  54   1.015E+05  3.695E-09  6.501E-02  3.168E+02  3.198E+02
   0.26932  11    0.33772  55   1.015E+05  3.208E-09  6.501E-02  3.133E+02  3.159E+02
   0.26932  11    0.34403  56   1.015E+05  2.804E-09  6.501E-02  3.101E+02  3.125E+02
   0.26932  11    0.35034  57   1.015E+05  2.426E-09  6.501E-02  3.074E+02  3.095E+02
   0.26932  11    0.35666  58   1.015E+05  2.089E-09  6.500E-02  3.051E+02  3.069E+02
   0.26932  11    0.36297  59   1.015E+05  1.802E-09  6.501E-02  3.031E+02  3.046E+02
   0.26932  11    0.36928  60   1.015E+05  1.534E-09  6.501E-02  3.013E+02  3.027E+02
   0.26932  11    0.37559  61   1.015E+05  1.288E-09  6.500E-02  2.999E+02  3.010E+02
   0.26932  11    0.38191  62   1.015E+05  1.055E-09  6.500E-02  2.987E+02  2.996E+02
   0.26932  11    0.38822  63   1.015E+05  8.548E-10  6.500E-02  2.976E+02  2.984E+02
   0.26932  11    0.39453  64   1.015E+05  6.857E-10  6.501E-02  2.968E+02  2.974E+02
   0.26932  11    0.40084  65   1.014E+05  5.370E-10  6.500E-02  2.961E+02  2.966E+02
   0.26932  11    0.40716  66   1.014E+05  3.855E-10  6.500E-02  2.955E+02  2.959E+02
   0.26932  11    0.41347  67   1.014E+05  2.474E-10  6.500E-02  2.950E+02  2.954E+02
   0.26932  11    0.41978  68   1.014E+05  1.492E-10  6.501E-02  2.946E+02  2.949E+02
   0.26932  11    0.42609  69   1.014E+05  6.370E-11  6.501E-02  2.943E+02  2.946E+02
   0.26932  11    0.43241  70   1.014E+05 -5.996E-12  6.500E-02  2.940E+02  2.943E+02
   0.26932  11    0.43872  71   1.014E+05 -5.808E-11  6.500E-02  2.938E+02  2.940E+02
   0.26932  11    0.44503  72   1.014E+05 -1.102E-10  6.500E-02  2.937E+02  2.938E+02
   0.26932  11    0.45134  73   1.014E+05 -1.710E-10  6.500E-02  2.935E+02  2.937E+02
   0.26932  11    0.45766  74   1.014E+05 -1.956E-10  6.500E-02  2.934E+02  2.935E+02
   0.26932  11    0.46397  75   1.014E+05 -1.923E-10  6.500E-02  2.933E+02  2.934E+02
   0.26932  11    0.47028  76   1.014E+05 -1.807E-10  6.500E-02  2.933E+02  2.933E+02
   0.26932  11    0.47659  77   1.014E+05 -1.612E-10  6.500E-02  2.932E+02  2.933E+02
   0.26932  11    0.48291  78   1.014E+05 -1.315E-10  6.500E-02  2.932E+02  2.932E+02
   0.26932  11    0.48922  79   1.013E+05 -9.642E-11  6.500E-02  2.931E+02  2.932E+02
   0.26932  11    0.49553  80   1.013E+05 -5.020E-11  6.500E-02  2.931E+02  2.931E+02
   0.26932  11    0.50184  81   1.013E+05 -2.608E-11  6.500E-02  2.931E+02  2.931E+02
   0.26932  11    0.50500  82   1.013E+05 -2.608E-11  6.500E-02  2.931E+02  2.930E+02
   0.28350  12    0.00000   1   1.019E+05 -8.365E-08  6.500E-02  2.930E+02  2.930E+02
   0.28350  12    0.00316   2   1.019E+05  0.000E+00  0.000E+00  2.930E+02  2.930E+02
   0.28350  12    0.00947   3   1.019E+05  0.000E+00  0.000E+00  2.930E+02  2.930E+02
   0.28350  12    0.01578   4   1.019E+05  0.000E+00  0.000E+00  2.930E+02  2.930E+02
   0.28350  12    0.02209   5   1.019E+05  0.000E+00  0.000E+00  2.930E+02  2.930E+02
   0.28350  12    0.02841   6   1.019E+05  0.000E+00  0.000E+00  2.931E+02  2.931E+02
   0.28350  12    0.03472   7   1.019E+05  0.000E+00  0.000E+00  2.931E+02  2.931E+02
   0.28350  12    0.04103   8   1.019E+05  0.000E+00  0.000E+00  2.932E+02  2.932E+02
   0.28350  12    0.04734   9   1.019E+05  0.000E+00  0.000E+00  2.934E+02  2.933E+02
   0.28350  12    0.05366  10   1.018E+05  0.000E+00  0.000E+00  2.936E+02  2.934E+02
   0.28350  12    0.05997  11   1.018E+05  0.000E+00  0.000E+00  2.938E+02  2.937E+02
   0.28350  12    0.06628  12   1.018E+05  0.000E+00  0.000E+00  2.943E+02  2.940E+02
   0.28350  12    0.07259  13   1.018E+05  0.000E+00  0.000E+00  2.949E+02  2.946E+02
   0.28350  12    0.07891  14   1.018E+05  0.000E+00  0.000E+00  2.958E+02  2.953E+02
   0.28350  12    0.08522  15   1.018E+05  0.000E+00  0.000E+00  2.970E+02  2.963E+02
   0.28350  12    0.09153  16   1.018E+05  0.000E+00  0.000E+00  2.987E+02  2.977E+02
   0.28350  12    0.09784  17   1.018E+05  0.000E+00  0.000E+00  3.009E+02  2.997E+02
   0.28350  12    0.10416  18   1.018E+05  0.000E+00  0.000E+00  3.038E+02  3.022E+02
   0.28350  12    0.11047  19   1.018E+05  0.000E+00  0.000E+00  3.075E+02  3.054E+02
   0.28350  12    0.11678  20   1.018E+05  0.000E+00  0.000E+00  3.120E+02  3.093E+02
   0.28350  12    0.12309  21   1.018E+05  0.000E+00  0.000E+00  3.175E+02  3.142E+02
   0.28350  12    0.12941  22   1.018E+05  0.000E+00  0.000E+00  3.239E+02  3.200E+02
   0.28350  12    0.13572  23   1.018E+05  0.000E+00  0.000E+00  3.311E+02  3.267E+02
   0.28350  12    0.14203  24   1.017E+05  0.000E+00  0.000E+00  3.392E+02  3.342E+02
   0.28350  12    0.14834  25   1.017E+05  0.000E+00  0.000E+00  3.479E+02  3.424E+02
   0.28350  12    0.15466  26   1.017E+05  0.000E+00  0.000E+00  3.570E+02  3.511E+02
   0.28350  12    0.16097  27   1.017E+05  0.000E+00  0.000E+00  3.663E+02  3.602E+02
   0.28350  12    0.16728  28   1.017E+05  0.000E+00  0.000E+00  3.755E+02  3.693E+02
   0.28350  12    0.17359  29   1.017E+05  0.000E+00  0.000E+00  3.843E+02  3.782E+02
   0.28350  12    0.17991  30   1.017E+05  0.000E+00  0.000E+00  3.924E+02  3.866E+02
   0.28350  12    0.18622  31   1.017E+05  0.000E+00  0.000E+00  3.995E+02  3.943E+02
   0.28350  12    0.19253  32   1.017E+05  0.000E+00  0.000E+00  4.055E+02  4.009E+02
   0.28350  12    0.19884  33   1.017E+05  0.000E+00  0.000E+00  4.101E+02  4.064E+02
   0.28350  12    0.20516  34   1.017E+05  0.000E+00  0.000E+00  4.132E+02  4.104E+02
   0.28350  12    0.21147  35   1.017E+05  0.000E+00  0.000E+00  4.149E+02  4.131E+02
   0.28350  12    0.21778  36   1.017E+05  0.000E+00  0.000E+00  4.150E+02  4.142E+02
   0.28350  12    0.22409  37   1.017E+05  0.000E+00  0.000E+00  4.137E+02  4.138E+02
   0.28350  12    0.23041  38   1.016E+05  0.000E+00  0.000E+00  4.110E+02  4.121E+02
   0.28350  12    0.23672  39   1.016E+05  0.000E+00  0.000E+00  4.071E+02  4.091E+02
   0.28350  12    0.24303  40   1.016E+05  0.000E+00  0.000E+00  4.022E+02  4.050E+02
   0.28350  12    0.24934  41   1.016E+05  0.000E+00  0.000E+00  3.964E+02  3.999E+02
   0.28350  12    0.25566  42   1.016E+05  0.000E+00  0.000E+00  3.900E+02  3.940E+02
   0.28350  12    0.26197  43   1.016E+05  0.000E+00  0.000E+00  3.832E+02  3.875E+02
   0.28350  12    0.26828  44   1.016E+05  0.000E+00  0.000E+00  3.761E+02  3.807E+02
   0.28350  12    0.27459  45   1.016E+05  0.000E+00  0.000E+00  3.688E+02  3.736E+02
   0.28350  12    0.28091  46   1.016E+05  0.000E+00  0.000E+00  3.617E+02  3.665E+02
   0.28350  12    0.28722  47   1.016E+05  0.000E+00  0.000E+00  3.547E+02  3.595E+02
   0.28350  12    0.29353  48   1.016E+05  0.000E+00  0.000E+00  3.480E+02  3.526E+02
   0.28350  12    0.29984  49   1.016E+05  0.000E+00  0.000E+00  3.416E+02  3.461E+02
   0.28350  12    0.30616  50   1.016E+05  0.000E+00  0.000E+00  3.357E+02  3.399E+02
   0.28350  12    0.31247  51   1.015E+05  0.000E+00  0.000E+00  3.303E+02  3.342E+02
   0.28350  12    0.31878  52   1.015E+05  0.000E+00  0.000E+00  3.253E+02  3.289E+02
   0.28350  12    0.32509  53   1.015E+05  0.000E+00  0.000E+00  3.208E+02  3.241E+02
   0.28350  12    0.33141  54   1.015E+05  0.000E+00  0.000E+00  3.168E+02  3.198E+02
   0.28350  12    0.33772  55   1.015E+05  0.000E+00  0.000E+00  3.133E+02  3.159E+02
   0.28350  12    0.34403  56   1.015E+05  0.000E+00  0.000E+00  3.101E+02  3.125E+02
   0.28350  12    0.35034  57   1.015E+05  0.000E+00  0.000E+00  3.074E+02  3.095E+02
   0.28350  12    0.35666  58   1.015E+05  0.000E+00  0.000E+00  3.051E+02  3.069E+02
   0.28350  12    0.36297  59   1.015E+05  0.000E+00  0.000E+00  3.031E+02  3.046E+02
   0.28350  12    0.36928  60   1.015E+05  0.000E+00  0.000E+00  3.013E+02  3.027E+02
   0.28350  12    0.37559  61   1.015E+05  0.000E+00  0.000E+00  2.999E+02  3.010E+02
   0.28350  12    0.38191  62   1.015E+05  0.000E+00  0.000E+00  2.987E+02  2.996E+02
   0.28350  12    0.38822  63   1.015E+05  0.000E+00  0.000E+00  2.976E+02  2.984E+02
   0.28350  12    0.39453  64   1.015E+05  0.000E+00  0.000E+00  2.968E+02  2.974E+02
   0.28350  12    0.40084  65   1.014E+05  0.000E+00  0.000E+00  2.961E+02  2.966E+02
   0.28350  12    0.40716  66   1.014E+05  0.000E+00  0.000E+00  2.955E+02  2.959E+02
   0.28350  12    0.41347  67   1.014E+05  0.000E+00  0.000E+00  2.950E+02  2.954E+02
   0.28350  12    0.41978  68   1.014E+05  0.000E+00  0.000E+00  2.946E+02  2.949E+02
   0.28350  12    0.42609  69   1.014E+05  0.000E+00  0.000E+00  2.943E+02  2.946E+02
   0.28350  12    0.43241  70   1.014E+05  0.000E+00  0.000E+00  2.940E+02  2.943E+02
   0.28350  12    0.43872  71   1.014E+05  0.000E+00  0.000E+00  2.938E+02  2.940E+02
   0.28350  12    0.44503  72   1.014E+05  0.000E+00  0.000E+00  2.937E+02  2.938E+02
   0.28350  12    0.45134  73   1.014E+05  0.000E+00  0.000E+00  2.935E+02  2.937E+02
   0.28350  12    0.45766  74   1.014E+05  0.000E+00  0.000E+00  2.934E+02  2.935E+02
   0.28350  12    0.46397  75   1.014E+05  0.000E+00  0.000E+00  2.933E+02  2.934E+02
   0.28350  12    0.47028  76   1.014E+05  0.000E+00  0.000E+00  2.933E+02  2.933E+02
   0.28350  12    0.47659  77   1.014E+05  0.000E+00  0.000E+00  2.932E+02  2.933E+02
   0.28350  12    0.48291  78   1.014E+05  0.000E+00  0.000E+00  2.932E+02  2.932E+02
   0.28350  12    0.48922  79   1.013E+05  0.000E+00  0.000E+00  2.931E+02  2.932E+02
   0.28350  12    0.49553  80   1.013E+05  0.000E+00  0.000E+00  2.931E+02  2.931E+02
   0.28350  12    0.50184  81   1.013E+05  0.000E+00  0.000E+00  2.931E+02  2.931E+02
   0.28350  12    0.50500  82   1.013E+05 -2.608E-11  6.500E-02  2.931E+02  2.930E+02
