# xp i yp j p u v ts tf
   0.00000   1    0.00000   1   1.019E+05  0.000E+00  0.000E+00  2.930E+02  2.930E+02
   0.00000   1    0.00316   2   1.019E+05  0.000E+00  0.000E+00  2.930E+02  2.930E+02
   0.00000   1    0.00947   3   1.019E+05  0.000E+00  0.000E+00  2.930E+02  2.930E+02
   0.00000   1    0.01578   4   1.019E+05  0.000E+00  0.000E+00  2.930E+02  2.930E+02
   0.00000   1    0.02209   5   1.019E+05  0.000E+00  0.000E+00  2.930E+02  2.930E+02
   0.00000   1    0.02841   6   1.019E+05  0.000E+00  0.000E+00  2.931E+02  2.930E+02
   0.00000   1    0.03472   7   1.019E+05  0.000E+00  0.000E+00  2.931E+02  2.931E+02
   0.00000   1    0.04103   8   1.019E+05  0.000E+00  0.000E+00  2.931E+02  2.931E+02
   0.00000   1    0.04734   9   1.019E+05  0.000E+00  0.000E+00  2.932E+02  2.932E+02
   0.00000   1    0.05366  10   1.018E+05  0.000E+00  0.000E+00  2.933E+02  2.933E+02
   0.00000   1    0.05997  11   1.018E+05  0.000E+00  0.000E+00  2.935E+02  2.934E+02
   0.00000   1    0.06628  12   1.018E+05  0.000E+00  0.000E+00  2.938E+02  2.936E+02
   0.00000   1    0.07259  13   1.018E+05  0.000E+00  0.000E+00  2.941E+02  2.939E+02
   0.00000   1    0.07891  14   1.018E+05  0.000E+00  0.000E+00  2.947E+02  2.944E+02
   0.00000   1    0.08522  15   1.018E+05  0.000E+00  0.000E+00  2.954E+02  2.950E+02
   0.00000   1    0.09153  16   1.018E+05  0.000E+00  0.000E+00  2.964E+02  2.958E+02
   0.00000   1    0.09784  17   1.018E+05  0.000E+00  0.000E+00  2.978E+02  2.970E+02
   0.00000   1    0.10416  18   1.018E+05  0.000E+00  0.000E+00  2.995E+02  2.985E+02
   0.00000   1    0.11047  19   1.018E+05  0.000E+00  0.000E+00  3.018E+02  3.005E+02
   0.00000   1    0.11678  20   1.018E+05  0.000E+00  0.000E+00  3.047E+02  3.030E+02
   0.00000   1    0.12309  21   1.018E+05  0.000E+00  0.000E+00  3.082E+02  3.061E+02
   0.00000   1    0.12941  22   1.018E+05  0.000E+00  0.000E+00  3.125E+02  3.099E+02
   0.00000   1    0.13572  23   1.018E+05  0.000E+00  0.000E+00  3.174E+02  3.144E+02
   0.00000   1    0.14203  24   1.017E+05  0.000E+00  0.000E+00  3.232E+02  3.197E+02
   0.00000   1    0.14834  25   1.017E+05  0.000E+00  0.000E+00  3.296E+02  3.256E+02
   0.00000   1    0.15466  26   1.017E+05  0.000E+00  0.000E+00  3.367E+02  3.322E+02
   0.00000   1    0.16097  27   1.017E+05  0.000E+00  0.000E+00  3.443E+02  3.394E+02
   0.00000   1    0.16728  28   1.017E+05  0.000E+00  0.000E+00  3.522E+02  3.470E+02
   0.00000   1    0.17359  29   1.017E+05  0.000E+00  0.000E+00  3.603E+02  3.549E+02
   0.00000   1    0.17991  30   1.017E+05  0.000E+00  0.000E+00  3.683E+02  3.629E+02
   0.00000   1    0.18622  31   1.017E+05  0.000E+00  0.000E+00  3.761E+02  3.708E+02
   0.00000   1    0.19253  32   1.017E+05  0.000E+00  0.000E+00  3.834E+02  3.783E+02
   0.00000   1    0.19884  33   1.017E+05  0.000E+00  0.000E+00  3.900E+02  3.853E+02
   0.00000   1    0.20516  34   1.017E+05  0.000E+00  0.000E+00  3.958E+02  3.915E+02
   0.00000   1    0.21147  35   1.017E+05  0.000E+00  0.000E+00  4.005E+02  3.968E+02
   0.00000   1    0.21778  36   1.017E+05  0.000E+00  0.000E+00  4.040E+02  4.011E+02
   0.00000   1    0.22409  37   1.017E+05  0.000E+00  0.000E+00  4.064E+02  4.042E+02
   0.00000   1    0.23041  38   1.016E+05  0.000E+00  0.000E+00  4.075E+02  4.062E+02
   0.00000   1    0.23672  39   1.016E+05  0.000E+00  0.000E+00  4.074E+02  4.069E+02
   0.00000   1    0.24303  40   1.016E+05  0.000E+00  0.000E+00  4.060E+02  4.063E+02
   0.00000   1    0.24934  41   1.016E+05  0.000E+00  0.000E+00  4.036E+02  4.047E+02
   0.00000   1    0.25566  42   1.016E+05  0.000E+00  0.000E+00  4.002E+02  4.020E+02
   0.00000   1    0.26197  43   1.016E+05  0.000E+00  0.000E+00  3.959E+02  3.983E+02
   0.00000   1    0.26828  44   1.016E+05  0.000E+00  0.000E+00  3.909E+02  3.939E+02
   0.00000   1    0.27459  45   1.016E+05  0.000E+00  0.000E+00  3.853E+02  3.888E+02
   0.00000   1    0.28091  46   1.016E+05  0.000E+00  0.000E+00  3.793E+02  3.831E+02
   0.00000   1    0.28722  47   1.016E+05  0.000E+00  0.000E+00  3.731E+02  3.771E+02
   0.00000   1    0.29353  48   1.016E+05  0.000E+00  0.000E+00  3.667E+02  3.709E+02
   0.00000   1    0.29984  49   1.016E+05  0.000E+00  0.000E+00  3.603E+02  3.646E+02
   0.00000   1    0.30616  50   1.016E+05  0.000E+00  0.000E+00  3.540E+02  3.583E+02
   0.00000   1    0.31247  51   1.015E+05  0.000E+00  0.000E+00  3.479E+02  3.521E+02
   0.00000   1    0.31878  52   1.015E+05  0.000E+00  0.000E+00  3.421E+02  3.461E+02
   0.00000   1    0.32509  53   1.015E+05  0.000E+00  0.000E+00  3.366E+02  3.405E+02
   0.00000   1    0.33141  54   1.015E+05  0.000E+00  0.000E+00  3.315E+02  3.351E+02
   0.00000   1    0.33772  55   1.015E+05  0.000E+00  0.000E+00  3.267E+02  3.301E+02
   0.00000   1    0.34403  56   1.015E+05  0.000E+00  0.000E+00  3.224E+02  3.255E+02
   0.00000   1    0.35034  57   1.015E+05  0.000E+00  0.000E+00  3.185E+02  3.213E+02
   0.00000   1    0.35666  58   1.015E+05  0.000E+00  0.000E+00  3.150E+02  3.175E+02
   0.00000   1    0.36297  59   1.015E+05  0.000E+00  0.000E+00  3.118E+02  3.141E+02
   0.00000   1    0.36928  60   1.015E+05  0.000E+00  0.000E+00  3.091E+02  3.111E+02
   0.00000   1    0.37559  61   1.015E+05  0.000E+00  0.000E+00  3.066E+02  3.084E+02
   0.00000   1    0.38191  62   1.015E+05  0.000E+00  0.000E+00  3.045E+02  3.061E+02
   0.00000   1    0.38822  63   1.015E+05  0.000E+00  0.000E+00  3.027E+02  3.041E+02
   0.00000   1    0.39453  64   1.015E+05  0.000E+00  0.000E+00  3.011E+02  3.023E+02
   0.00000   1    0.40084  65   1.014E+05  0.000E+00  0.000E+00  2.997E+02  3.008E+02
   0.00000   1    0.40716  66   1.014E+05  0.000E+00  0.000E+00  2.986E+02  2.995E+02
   0.00000   1    0.41347  67   1.014E+05  0.000E+00  0.000E+00  2.976E+02  2.984E+02
   0.00000   1    0.41978  68   1.014E+05  0.000E+00  0.000E+00  2.968E+02  2.974E+02
   0.00000   1    0.42609  69   1.014E+05  0.000E+00  0.000E+00  2.961E+02  2.967E+02
   0.00000   1    0.43241  70   1.014E+05  0.000E+00  0.000E+00  2.956E+02  2.960E+02
   0.00000   1    0.43872  71   1.014E+05  0.000E+00  0.000E+00  2.951E+02  2.955E+02
   0.00000   1    0.44503  72   1.014E+05  0.000E+00  0.000E+00  2.947E+02  2.950E+02
   0.00000   1    0.45134  73   1.014E+05  0.000E+00  0.000E+00  2.944E+02  2.946E+02
   0.00000   1    0.45766  74   1.014E+05  0.000E+00  0.000E+00  2.941E+02  2.943E+02
   0.00000   1    0.46397  75   1.014E+05  0.000E+00  0.000E+00  2.939E+02  2.941E+02
   0.00000   1    0.47028  76   1.014E+05  0.000E+00  0.000E+00  2.937E+02  2.939E+02
   0.00000   1    0.47659  77   1.014E+05  0.000E+00  0.000E+00  2.936E+02  2.937E+02
   0.00000   1    0.48291  78   1.014E+05  0.000E+00  0.000E+00  2.935E+02  2.936E+02
   0.00000   1    0.48922  79   1.013E+05  0.000E+00  0.000E+00  2.934E+02  2.935E+02
   0.00000   1    0.49553  80   1.013E+05  0.000E+00  0.000E+00  2.933E+02  2.934E+02
   0.00000   1    0.50184  81   1.013E+05  0.000E+00  0.000E+00  2.933E+02  2.933E+02
   0.00000   1    0.50500  82   1.013E+05  0.000E+00  0.000E+00  2.933E+02  2.933E+02
   0.01417   2    0.00000   1   1.019E+05  8.275E-08  6.500E-02  2.930E+02  2.930E+02
   0.01417   2    0.00316   2   1.019E+05  8.275E-08  6.502E-02  2.930E+02  2.930E+02
   0.01417   2    0.00947   3   1.019E+05  6.256E-08  6.500E-02  2.930E+02  2.930E+02
   0.01417   2    0.01578   4   1.019E+05  4.998E-08  6.500E-02  2.930E+02  2.930E+02
   0.01417   2    0.02209   5   1.019E+05  3.968E-08  6.500E-02  2.930E+02  2.930E+02
   0.01417   2    0.02841   6   1.019E+05  3.172E-08  6.500E-02  2.931E+02  2.930E+02
   0.01417   2    0.03472   7   1.019E+05  2.546E-08  6.499E-02  2.931E+02  2.931E+02
   0.01417   2    0.04103   8   1.019E+05  2.050E-08  6.499E-02  2.931E+02  2.931E+02
   0.01417   2    0.04734   9   1.019E+05  1.660E-08  6.499E-02  2.932E+02  2.932E+02
   0.01417   2    0.05366  10   1.018E+05  1.350E-08  6.500E-02  2.933E+02  2.933E+02
   0.01417   2    0.05997  11   1.018E+05  1.102E-08  6.500E-02  2.935E+02  2.934E+02
   0.01417   2    0.06628  12   1.018E+05  9.057E-09  6.500E-02  2.938E+02  2.936E+02
   0.01417   2    0.07259  13   1.018E+05  7.467E-09  6.500E-02  2.941E+02  2.939E+02
   0.01417   2    0.07891  14   1.018E+05  6.177E-09  6.500E-02  2.947E+02  2.944E+02
   0.01417   2    0.08522  15   1.018E+05  5.150E-09  6.499E-02  2.954E+02  2.950E+02
   0.01417   2    0.09153  16   1.018E+05  4.309E-09  6.499E-02  2.964E+02  2.958E+02
   0.01417   2    0.09784  17   1.018E+05  3.643E-09  6.499E-02  2.978E+02  2.970E+02
   0.01417   2    0.10416  18   1.018E+05  3.127E-09  6.500E-02  2.995E+02  2.985E+02
   0.01417   2    0.11047  19   1.018E+05  2.694E-09  6.500E-02  3.018E+02  3.005E+02
   0.01417   2    0.11678  20   1.018E+05  2.355E-09  6.500E-02  3.047E+02  3.030E+02
   0.01417   2    0.12309  21   1.018E+05  2.114E-09  6.499E-02  3.082E+02  3.061E+02
   0.01417   2    0.12941  22   1.018E+05  1.935E-09  6.499E-02  3.125E+02  3.099E+02
   0.01417   2    0.13572  23   1.018E+05  1.817E-09  6.498E-02  3.174E+02  3.144E+02
   0.01417   2    0.14203  24   1.017E+05  1.742E-09  6.498E-02  3.232E+02  3.197E+02
   0.01417   2    0.14834  25   1.017E+05  1.731E-09  6.499E-02  3.296E+02  3.256E+02
   0.01417   2    0.15466  26   1.017E+05  1.755E-09  6.498E-02  3.367E+02  3.322E+02
   0.01417   2    0.16097  27   1.017E+05  1.812E-09  6.497E-02  3.443E+02  3.394E+02
   0.01417   2    0.16728  28   1.017E+05  1.925E-09  6.498E-02  3.522E+02  3.470E+02
   0.01417   2    0.17359  29   1.017E+05  2.033E-09  6.498E-02  3.603E+02  3.549E+02
   0.01417   2    0.17991  30   1.017E+05  2.157E-09  6.498E-02  3.683E+02  3.629E+02
   0.01417   2    0.18622  31   1.017E+05  2.307E-09  6.498E-02  3.761E+02  3.708E+02
   0.01417   2    0.19253  32   1.017E+05  2.448E-09  6.498E-02  3.834E+02  3.783E+02
   0.01417   2    0.19884  33   1.017E+05  2.568E-09  6.499E-02  3.900E+02  3.853E+02
   0.01417   2    0.20516  34   1.017E+05  2.677E-09  6.499E-02  3.958E+02  3.915E+02
   0.01417   2    0.21147  35   1.017E+05  2.766E-09  6.498E-02  4.005E+02  3.968E+02
   0.01417   2    0.21778  36   1.017E+05  2.801E-09  6.498E-02  4.040E+02  4.011E+02
   0.01417   2    0.22409  37   1.017E+05  2.798E-09  6.499E-02  4.064E+02  4.042E+02
   0.01417   2    0.23041  38   1.016E+05  2.748E-09  6.500E-02  4.075E+02  4.062E+02
   0.01417   2    0.23672  39   1.016E+05  2.653E-09  6.499E-02  4.074E+02  4.069E+02
   0.01417   2    0.24303  40   1.016E+05  2.511E-09  6.499E-02  4.060E+02  4.063E+02
   0.01417   2    0.24934  41   1.016E+05  2.322E-09  6.501E-02  4.036E+02  4.047E+02
   0.01417   2    0.25566  42   1.016E+05  2.098E-09  6.501E-02  4.002E+02  4.020E+02
   0.01417   2    0.26197  43   1.016E+05  1.817E-09  6.501E-02  3.959E+02  3.983E+02
   0.01417   2    0.26828  44   1.016E+05  1.515E-09  6.502E-02  3.909E+02  3.939E+02
   0.01417   2    0.27459  45   1.016E+05  1.202E-09  6.502E-02  3.853E+02  3.888E+02
   0.01417   2    0.28091  46   1.016E+05  8.677E-10  6.501E-02  3.793E+02  3.831E+02
   0.01417   2    0.28722  47   1.016E+05  5.276E-10  6.501E-02  3.731E+02  3.771E+02
   0.01417   2    0.29353  48   1.016E+05  1.853E-10  6.501E-02  3.667E+02  3.709E+02
   0.01417   2    0.29984  49   1.016E+05 -1.297E-10  6.502E-02  3.603E+02  3.646E+02
   0.01417   2    0.30616  50   1.016E+05 -4.016E-10  6.502E-02  3.540E+02  3.583E+02
   0.01417   2    0.31247  51   1.015E+05 -6.629E-10  6.501E-02  3.479E+02  3.521E+02
   0.01417   2    0.31878  52   1.015E+05 -9.057E-10  6.501E-02  3.421E+02  3.461E+02
   0.01417   2    0.32509  53   1.015E+05 -1.108E-09  6.502E-02  3.366E+02  3.405E+02
   0.01417   2    0.33141  54   1.015E+05 -1.267E-09  6.501E-02  3.315E+02  3.351E+02
   0.01417   2    0.33772  55   1.015E+05 -1.385E-09  6.501E-02  3.267E+02  3.301E+02
   0.01417   2    0.34403  56   1.015E+05 -1.481E-09  6.501E-02  3.224E+02  3.255E+02
   0.01417   2    0.35034  57   1.015E+05 -1.558E-09  6.501E-02  3.185E+02  3.213E+02
   0.01417   2    0.35666  58   1.015E+05 -1.587E-09  6.501E-02  3.150E+02  3.175E+02
   0.01417   2    0.36297  59   1.015E+05 -1.597E-09  6.501E-02  3.118E+02  3.141E+02
   0.01417   2    0.36928  60   1.015E+05 -1.590E-09  6.501E-02  3.091E+02  3.111E+02
   0.01417   2    0.37559  61   1.015E+05 -1.570E-09  6.500E-02  3.066E+02  3.084E+02
   0.01417   2    0.38191  62   1.015E+05 -1.521E-09  6.500E-02  3.045E+02  3.061E+02
   0.01417   2    0.38822  63   1.015E+05 -1.448E-09  6.501E-02  3.027E+02  3.041E+02
   0.01417   2    0.39453  64   1.015E+05 -1.380E-09  6.501E-02  3.011E+02  3.023E+02
   0.01417   2    0.40084  65   1.014E+05 -1.294E-09  6.500E-02  2.997E+02  3.008E+02
   0.01417   2    0.40716  66   1.014E+05 -1.194E-09  6.500E-02  2.986E+02  2.995E+02
   0.01417   2    0.41347  67   1.014E+05 -1.105E-09  6.501E-02  2.976E+02  2.984E+02
   0.01417   2    0.41978  68   1.014E+05 -1.027E-09  6.501E-02  2.968E+02  2.974E+02
   0.01417   2    0.42609  69   1.014E+05 -9.404E-10  6.500E-02  2.961E+02  2.967E+02
   0.01417   2    0.43241  70   1.014E+05 -8.499E-10  6.500E-02  2.956E+02  2.960E+02
   0.01417   2    0.43872  71   1.014E+05 -7.760E-10  6.500E-02  2.951E+02  2.955E+02
   0.01417   2    0.44503  72   1.014E+05 -7.258E-10  6.500E-02  2.947E+02  2.950E+02
   0.01417   2    0.45134  73   1.014E+05 -6.493E-10  6.500E-02  2.944E+02  2.946E+02
   0.01417   2    0.45766  74   1.014E+05 -5.749E-10  6.500E-02  2.941E+02  2.943E+02
   0.01417   2    0.46397  75   1.014E+05 -5.214E-10  6.500E-02  2.939E+02  2.941E+02
   0.01417   2    0.47028  76   1.014E+05 -4.646E-10  6.500E-02  2.937E+02  2.939E+02
   0.01417   2    0.47659  77   1.014E+05 -4.061E-10  6.500E-02  2.936E+02  2.937E+02
   0.01417   2    0.48291  78   1.014E+05 -3.463E-10  6.500E-02  2.935E+02  2.936E+02
   0.01417   2    0.48922  79   1.013E+05 -2.828E-10  6.500E-02  2.934E+02  2.935E+02
   0.01417   2    0.49553  80   1.013E+05 -2.076E-10  6.500E-02  2.933E+02  2.934E+02
   0.01417   2    0.50184  81   1.013E+05 -1.574E-10  6.500E-02  2.933E+02  2.933E+02
   0.01417   2    0.50500  82   1.013E+05 -1.574E-10  6.500E-02  2.933E+02  2.930E+02
   0.04252   3    0.00000   1   1.019E+05  1.062E-07  6.500E-02  2.930E+02  2.930E+02
   0.04252   3    0.00316   2   1.019E+05  1.062E-07  6.502E-02  2.930E+02  2.930E+02
   0.04252   3    0.00947   3   1.019E+05  8.501E-08  6.500E-02  2.930E+02  2.930E+02
   0.04252   3    0.01578   4   1.019E+05  7.096E-08  6.500E-02  2.930E+02  2.930E+02
   0.04252   3    0.02209   5   1.019E+05  5.890E-08  6.500E-02  2.930E+02  2.930E+02
   0.04252   3    0.02841   6   1.019E+05  4.911E-08  6.500E-02  2.931E+02  2.930E+02
   0.04252   3    0.03472   7   1.019E+05  4.102E-08  6.499E-02  2.931E+02  2.931E+02
   0.04252   3    0.04103   8   1.019E+05  3.432E-08  6.499E-02  2.931E+02  2.931E+02
   0.04252   3    0.04734   9   1.019E+05  2.879E-08  6.500E-02  2.932E+02  2.932E+02
   0.04252   3    0.05366  10   1.018E+05  2.421E-08  6.500E-02  2.933E+02  2.933E+02
   0.04252   3    0.05997  11   1.018E+05  2.039E-08  6.500E-02  2.935E+02  2.934E+02
   0.04252   3    0.06628  12   1.018E+05  1.720E-08  6.500E-02  2.938E+02  2.936E+02
   0.04252   3    0.07259  13   1.018E+05  1.454E-08  6.500E-02  2.941E+02  2.939E+02
   0.04252   3    0.07891  14   1.018E+05  1.232E-08  6.500E-02  2.947E+02  2.944E+02
   0.04252   3    0.08522  15   1.018E+05  1.047E-08  6.499E-02  2.954E+02  2.950E+02
   0.04252   3    0.09153  16   1.018E+05  8.954E-09  6.499E-02  2.964E+02  2.958E+02
   0.04252   3    0.09784  17   1.018E+05  7.714E-09  6.499E-02  2.978E+02  2.970E+02
   0.04252   3    0.10416  18   1.018E+05  6.691E-09  6.500E-02  2.995E+02  2.985E+02
   0.04252   3    0.11047  19   1.018E+05  5.844E-09  6.500E-02  3.018E+02  3.005E+02
   0.04252   3    0.11678  20   1.018E+05  5.161E-09  6.500E-02  3.047E+02  3.030E+02
   0.04252   3    0.12309  21   1.018E+05  4.649E-09  6.499E-02  3.082E+02  3.061E+02
   0.04252   3    0.12941  22   1.018E+05  4.263E-09  6.499E-02  3.125E+02  3.099E+02
   0.04252   3    0.13572  23   1.018E+05  4.007E-09  6.498E-02  3.174E+02  3.144E+02
   0.04252   3    0.14203  24   1.017E+05  3.872E-09  6.498E-02  3.232E+02  3.197E+02
   0.04252   3    0.14834  25   1.017E+05  3.831E-09  6.499E-02  3.296E+02  3.256E+02
   0.04252   3    0.15466  26   1.017E+05  3.850E-09  6.498E-02  3.367E+02  3.322E+02
   0.04252   3    0.16097  27   1.017E+05  3.920E-09  6.497E-02  3.443E+02  3.394E+02
   0.04252   3    0.16728  28   1.017E+05  4.095E-09  6.498E-02  3.522E+02  3.470E+02
   0.04252   3    0.17359  29   1.017E+05  4.289E-09  6.498E-02  3.603E+02  3.549E+02
   0.04252   3    0.17991  30   1.017E+05  4.485E-09  6.498E-02  3.683E+02  3.629E+02
   0.04252   3    0.18622  31   1.017E+05  4.691E-09  6.498E-02  3.761E+02  3.708E+02
   0.04252   3    0.19253  32   1.017E+05  4.880E-09  6.498E-02  3.834E+02  3.783E+02
   0.04252   3    0.19884  33   1.017E+05  5.032E-09  6.499E-02  3.900E+02  3.853E+02
   0.04252   3    0.20516  34   1.017E+05  5.155E-09  6.499E-02  3.958E+02  3.915E+02
   0.04252   3    0.21147  35   1.017E+05  5.235E-09  6.498E-02  4.005E+02  3.968E+02
   0.04252   3    0.21778  36   1.017E+05  5.220E-09  6.498E-02  4.041E+02  4.011E+02
   0.04252   3    0.22409  37   1.017E+05  5.146E-09  6.499E-02  4.064E+02  4.042E+02
   0.04252   3    0.23041  38   1.016E+05  5.000E-09  6.500E-02  4.075E+02  4.062E+02
   0.04252   3    0.23672  39   1.016E+05  4.748E-09  6.499E-02  4.074E+02  4.069E+02
   0.04252   3    0.24303  40   1.016E+05  4.410E-09  6.499E-02  4.060E+02  4.064E+02
   0.04252   3    0.24934  41   1.016E+05  3.993E-09  6.501E-02  4.036E+02  4.047E+02
   0.04252   3    0.25566  42   1.016E+05  3.506E-09  6.501E-02  4.002E+02  4.020E+02
   0.04252   3    0.26197  43   1.016E+05  2.967E-09  6.501E-02  3.959E+02  3.983E+02
   0.04252   3    0.26828  44   1.016E+05  2.364E-09  6.502E-02  3.909E+02  3.939E+02
   0.04252   3    0.27459  45   1.016E+05  1.737E-09  6.502E-02  3.853E+02  3.888E+02
   0.04252   3    0.28091  46   1.016E+05  1.128E-09  6.501E-02  3.793E+02  3.831E+02
   0.04252   3    0.28722  47   1.016E+05  5.300E-10  6.501E-02  3.731E+02  3.771E+02
   0.04252   3    0.29353  48   1.016E+05 -2.992E-11  6.501E-02  3.667E+02  3.709E+02
   0.04252   3    0.29984  49   1.016E+05 -5.095E-10  6.502E-02  3.603E+02  3.646E+02
   0.04252   3    0.30616  50   1.016E+05 -9.466E-10  6.502E-02  3.540E+02  3.583E+02
   0.04252   3    0.31247  51   1.015E+05 -1.353E-09  6.501E-02  3.479E+02  3.521E+02
   0.04252   3    0.31878  52   1.015E+05 -1.660E-09  6.501E-02  3.421E+02  3.462E+02
   0.04252   3    0.32509  53   1.015E+05 -1.897E-09  6.502E-02  3.366E+02  3.405E+02
   0.04252   3    0.33141  54   1.015E+05 -2.058E-09  6.501E-02  3.315E+02  3.351E+02
   0.04252   3    0.33772  55   1.015E+05 -2.156E-09  6.501E-02  3.267E+02  3.301E+02
   0.04252   3    0.34403  56   1.015E+05 -2.307E-09  6.501E-02  3.224E+02  3.255E+02
   0.04252   3    0.35034  57   1.015E+05 -2.445E-09  6.501E-02  3.185E+02  3.213E+02
   0.04252   3    0.35666  58   1.015E+05 -2.482E-09  6.501E-02  3.150E+02  3.176E+02
   0.04252   3    0.36297  59   1.015E+05 -2.466E-09  6.501E-02  3.118E+02  3.141E+02
   0.04252   3    0.36928  60   1.015E+05 -2.400E-09  6.501E-02  3.091E+02  3.111E+02
   0.04252   3    0.37559  61   1.015E+05 -2.308E-09  6.500E-02  3.066E+02  3.084E+02
   0.04252   3    0.38191  62   1.015E+05 -2.192E-09  6.500E-02  3.045E+02  3.061E+02
   0.04252   3    0.38822  63   1.015E+05 -2.035E-09  6.501E-02  3.027E+02  3.041E+02
   0.04252   3    0.39453  64   1.015E+05 -1.883E-09  6.501E-02  3.011E+02  3.023E+02
   0.04252   3    0.40084  65   1.014E+05 -1.741E-09  6.500E-02  2.997E+02  3.008E+02
   0.04252   3    0.40716  66   1.014E+05 -1.575E-09  6.500E-02  2.986E+02  2.995E+02
   0.04252   3    0.41347  67   1.014E+05 -1.414E-09  6.501E-02  2.976E+02  2.984E+02
   0.04252   3    0.41978  68   1.014E+05 -1.287E-09  6.501E-02  2.968E+02  2.974E+02
   0.04252   3    0.42609  69   1.014E+05 -1.181E-09  6.500E-02  2.961E+02  2.967E+02
   0.04252   3    0.43241  70   1.014E+05 -1.060E-09  6.500E-02  2.956E+02  2.960E+02
   0.04252   3    0.43872  71   1.014E+05 -9.438E-10  6.501E-02  2.951E+02  2.955E+02
   0.04252   3    0.44503  72   1.014E+05 -8.573E-10  6.500E-02  2.947E+02  2.950E+02
   0.04252   3    0.45134  73   1.014E+05 -7.662E-10  6.500E-02  2.944E+02  2.946E+02
   0.04252   3    0.45766  74   1.014E+05 -7.000E-10  6.500E-02  2.941E+02  2.943E+02
   0.04252   3    0.46397  75   1.014E+05 -6.352E-10  6.500E-02  2.939E+02  2.941E+02
   0.04252   3    0.47028  76   1.014E+05 -5.447E-10  6.500E-02  2.937E+02  2.939E+02
   0.04252   3    0.47659  77   1.014E+05 -4.728E-10  6.500E-02  2.936E+02  2.937E+02
   0.04252   3    0.48291  78   1.014E+05 -4.129E-10  6.500E-02  2.935E+02  2.936E+02
   0.04252   3    0.48922  79   1.013E+05 -3.425E-10  6.500E-02  2.934E+02  2.935E+02
   0.04252   3    0.49553  80   1.013E+05 -2.535E-10  6.500E-02  2.933E+02  2.934E+02
   0.04252   3    0.50184  81   1.013E+05 -1.937E-10  6.500E-02  2.933E+02  2.933E+02
   0.04252   3    0.50500  82   1.013E+05 -1.937E-10  6.500E-02  2.933E+02  2.930E+02
   0.07087   4    0.00000   1   1.019E+05  3.695E-08  6.500E-02  2.930E+02  2.930E+02
   0.07087   4    0.00316   2   1.019E+05  3.695E-08  6.502E-02  2.930E+02  2.930E+02
   0.07087   4    0.00947   3   1.019E+05  3.550E-08  6.500E-02  2.930E+02  2.930E+02
   0.07087   4    0.01578   4   1.019E+05  3.340E-08  6.500E-02  2.930E+02  2.930E+02
   0.07087   4    0.02209   5   1.019E+05  3.089E-08  6.500E-02  2.930E+02  2.930E+02
   0.07087   4    0.02841   6   1.019E+05  2.819E-08  6.500E-02  2.931E+02  2.930E+02
   0.07087   4    0.03472   7   1.019E+05  2.546E-08  6.499E-02  2.931E+02  2.931E+02
   0.07087   4    0.04103   8   1.019E+05  2.280E-08  6.499E-02  2.931E+02  2.931E+02
   0.07087   4    0.04734   9   1.019E+05  2.028E-08  6.500E-02  2.932E+02  2.932E+02
   0.07087   4    0.05366  10   1.018E+05  1.795E-08  6.500E-02  2.933E+02  2.933E+02
   0.07087   4    0.05997  11   1.018E+05  1.583E-08  6.500E-02  2.935E+02  2.934E+02
   0.07087   4    0.06628  12   1.018E+05  1.391E-08  6.500E-02  2.938E+02  2.936E+02
   0.07087   4    0.07259  13   1.018E+05  1.222E-08  6.500E-02  2.941E+02  2.939E+02
   0.07087   4    0.07891  14   1.018E+05  1.075E-08  6.500E-02  2.947E+02  2.944E+02
   0.07087   4    0.08522  15   1.018E+05  9.444E-09  6.499E-02  2.954E+02  2.950E+02
   0.07087   4    0.09153  16   1.018E+05  8.335E-09  6.499E-02  2.964E+02  2.958E+02
   0.07087   4    0.09784  17   1.018E+05  7.388E-09  6.499E-02  2.978E+02  2.970E+02
   0.07087   4    0.10416  18   1.018E+05  6.569E-09  6.500E-02  2.995E+02  2.985E+02
   0.07087   4    0.11047  19   1.018E+05  5.906E-09  6.500E-02  3.018E+02  3.005E+02
   0.07087   4    0.11678  20   1.018E+05  5.371E-09  6.500E-02  3.047E+02  3.030E+02
   0.07087   4    0.12309  21   1.018E+05  4.947E-09  6.499E-02  3.082E+02  3.061E+02
   0.07087   4    0.12941  22   1.018E+05  4.641E-09  6.499E-02  3.125E+02  3.099E+02
   0.07087   4    0.13572  23   1.018E+05  4.401E-09  6.498E-02  3.174E+02  3.144E+02
   0.07087   4    0.14203  24   1.017E+05  4.248E-09  6.498E-02  3.232E+02  3.197E+02
   0.07087   4    0.14834  25   1.017E+05  3.964E-09  6.499E-02  3.296E+02  3.256E+02
   0.07087   4    0.15466  26   1.017E+05  3.722E-09  6.498E-02  3.367E+02  3.322E+02
   0.07087   4    0.16097  27   1.017E+05  3.481E-09  6.497E-02  3.443E+02  3.394E+02
   0.07087   4    0.16728  28   1.017E+05  3.295E-09  6.498E-02  3.522E+02  3.470E+02
   0.07087   4    0.17359  29   1.017E+05  3.143E-09  6.498E-02  3.603E+02  3.549E+02
   0.07087   4    0.17991  30   1.017E+05  2.995E-09  6.498E-02  3.683E+02  3.629E+02
   0.07087   4    0.18622  31   1.017E+05  2.845E-09  6.498E-02  3.761E+02  3.708E+02
   0.07087   4    0.19253  32   1.017E+05  2.711E-09  6.498E-02  3.834E+02  3.783E+02
   0.07087   4    0.19884  33   1.017E+05  2.590E-09  6.499E-02  3.900E+02  3.853E+02
   0.07087   4    0.20516  34   1.017E+05  2.463E-09  6.499E-02  3.958E+02  3.915E+02
   0.07087   4    0.21147  35   1.017E+05  2.316E-09  6.498E-02  4.005E+02  3.968E+02
   0.07087   4    0.21778  36   1.017E+05  2.169E-09  6.498E-02  4.041E+02  4.011E+02
   0.07087   4    0.22409  37   1.017E+05  2.044E-09  6.499E-02  4.064E+02  4.043E+02
   0.07087   4    0.23041  38   1.016E+05  1.901E-09  6.500E-02  4.075E+02  4.062E+02
   0.07087   4    0.23672  39   1.016E+05  1.706E-09  6.499E-02  4.074E+02  4.069E+02
   0.07087   4    0.24303  40   1.016E+05  1.490E-09  6.499E-02  4.061E+02  4.064E+02
   0.07087   4    0.24934  41   1.016E+05  1.265E-09  6.501E-02  4.036E+02  4.047E+02
   0.07087   4    0.25566  42   1.016E+05  1.022E-09  6.501E-02  4.002E+02  4.020E+02
   0.07087   4    0.26197  43   1.016E+05  7.967E-10  6.501E-02  3.959E+02  3.983E+02
   0.07087   4    0.26828  44   1.016E+05  5.727E-10  6.502E-02  3.909E+02  3.939E+02
   0.07087   4    0.27459  45   1.016E+05  3.771E-10  6.502E-02  3.853E+02  3.888E+02
   0.07087   4    0.28091  46   1.016E+05  2.216E-10  6.501E-02  3.793E+02  3.831E+02
   0.07087   4    0.28722  47   1.016E+05  1.026E-10  6.501E-02  3.731E+02  3.771E+02
   0.07087   4    0.29353  48   1.016E+05  3.912E-11  6.501E-02  3.667E+02  3.709E+02
   0.07087   4    0.29984  49   1.016E+05  2.124E-11  6.502E-02  3.603E+02  3.646E+02
   0.07087   4    0.30616  50   1.016E+05  2.003E-11  6.502E-02  3.540E+02  3.583E+02
   0.07087   4    0.31247  51   1.015E+05  4.020E-11  6.501E-02  3.479E+02  3.521E+02
   0.07087   4    0.31878  52   1.015E+05  1.330E-10  6.501E-02  3.421E+02  3.462E+02
   0.07087   4    0.32509  53   1.015E+05  2.429E-10  6.502E-02  3.366E+02  3.405E+02
   0.07087   4    0.33141  54   1.015E+05  3.820E-10  6.501E-02  3.315E+02  3.351E+02
   0.07087   4    0.33772  55   1.015E+05  5.202E-10  6.501E-02  3.268E+02  3.301E+02
   0.07087   4    0.34403  56   1.015E+05  5.988E-10  6.501E-02  3.224E+02  3.255E+02
   0.07087   4    0.35034  57   1.015E+05  6.536E-10  6.501E-02  3.185E+02  3.214E+02
   0.07087   4    0.35666  58   1.015E+05  7.232E-10  6.501E-02  3.150E+02  3.176E+02
   0.07087   4    0.36297  59   1.015E+05  8.151E-10  6.501E-02  3.118E+02  3.142E+02
   0.07087   4    0.36928  60   1.015E+05  9.168E-10  6.501E-02  3.091E+02  3.111E+02
   0.07087   4    0.37559  61   1.015E+05  1.010E-09  6.500E-02  3.066E+02  3.084E+02
   0.07087   4    0.38191  62   1.015E+05  1.091E-09  6.500E-02  3.045E+02  3.061E+02
   0.07087   4    0.38822  63   1.015E+05  1.164E-09  6.501E-02  3.027E+02  3.041E+02
   0.07087   4    0.39453  64   1.015E+05  1.211E-09  6.501E-02  3.011E+02  3.023E+02
   0.07087   4    0.40084  65   1.014E+05  1.230E-09  6.500E-02  2.997E+02  3.008E+02
   0.07087   4    0.40716  66   1.014E+05  1.236E-09  6.500E-02  2.986E+02  2.995E+02
   0.07087   4    0.41347  67   1.014E+05  1.228E-09  6.501E-02  2.976E+02  2.984E+02
   0.07087   4    0.41978  68   1.014E+05  1.208E-09  6.501E-02  2.968E+02  2.974E+02
   0.07087   4    0.42609  69   1.014E+05  1.166E-09  6.500E-02  2.961E+02  2.967E+02
   0.07087   4    0.43241  70   1.014E+05  1.098E-09  6.500E-02  2.956E+02  2.960E+02
   0.07087   4    0.43872  71   1.014E+05  1.025E-09  6.501E-02  2.951E+02  2.955E+02
   0.07087   4    0.44503  72   1.014E+05  9.388E-10  6.500E-02  2.947E+02  2.950E+02
   0.07087   4    0.45134  73   1.014E+05  8.486E-10  6.500E-02  2.944E+02  2.946E+02
   0.07087   4    0.45766  74   1.014E+05  7.518E-10  6.500E-02  2.941E+02  2.943E+02
   0.07087   4    0.46397  75   1.014E+05  6.558E-10  6.500E-02  2.939E+02  2.941E+02
   0.07087   4    0.47028  76   1.014E+05  5.566E-10  6.500E-02  2.937E+02  2.939E+02
   0.07087   4    0.47659  77   1.014E+05  4.602E-10  6.500E-02  2.936E+02  2.937E+02
   0.07087   4    0.48291  78   1.014E+05  3.626E-10  6.500E-02  2.935E+02  2.936E+02
   0.07087   4    0.48922  79   1.013E+05  2.734E-10  6.500E-02  2.934E+02  2.935E+02
   0.07087   4    0.49553  80   1.013E+05  1.822E-10  6.500E-02  2.933E+02  2.934E+02
   0.07087   4    0.50184  81   1.013E+05  1.329E-10  6.500E-02  2.933E+02  2.933E+02
   0.07087   4    0.50500  82   1.013E+05  1.329E-10  6.500E-02  2.933E+02  2.930E+02
   0.09922   5    0.00000   1   1.019E+05  1.797E-08  6.500E-02  2.930E+02  2.930E+02
   0.09922   5    0.00316   2   1.019E+05  1.797E-08  6.502E-02  2.930E+02  2.930E+02
   0.09922   5    0.00947   3   1.019E+05  1.745E-08  6.500E-02  2.930E+02  2.930E+02
   0.09922   5    0.01578   4   1.019E+05  1.667E-08  6.500E-02  2.930E+02  2.930E+02
   0.09922   5    0.02209   5   1.019E+05  1.569E-08  6.500E-02  2.930E+02  2.930E+02
   0.09922   5    0.02841   6   1.019E+05  1.456E-08  6.500E-02  2.931E+02  2.930E+02
   0.09922   5    0.03472   7   1.019E+05  1.335E-08  6.499E-02  2.931E+02  2.931E+02
   0.09922   5    0.04103   8   1.019E+05  1.213E-08  6.499E-02  2.931E+02  2.931E+02
   0.09922   5    0.04734   9   1.019E+05  1.092E-08  6.500E-02  2.932E+02  2.932E+02
   0.09922   5    0.05366  10   1.018E+05  9.752E-09  6.500E-02  2.933E+02  2.933E+02
   0.09922   5    0.05997  11   1.018E+05  8.656E-09  6.500E-02  2.935E+02  2.934E+02
   0.09922   5    0.06628  12   1.018E+05  7.667E-09  6.500E-02  2.938E+02  2.936E+02
   0.09922   5    0.07259  13   1.018E+05  6.768E-09  6.500E-02  2.941E+02  2.939E+02
   0.09922   5    0.07891  14   1.018E+05  5.960E-09  6.500E-02  2.947E+02  2.944E+02
   0.09922   5    0.08522  15   1.018E+05  5.228E-09  6.499E-02  2.954E+02  2.950E+02
   0.09922   5    0.09153  16   1.018E+05  4.581E-09  6.499E-02  2.964E+02  2.958E+02
   0.09922   5    0.09784  17   1.018E+05  4.011E-09  6.499E-02  2.978E+02  2.970E+02
   0.09922   5    0.10416  18   1.018E+05  3.537E-09  6.500E-02  2.995E+02  2.985E+02
   0.09922   5    0.11047  19   1.018E+05  3.141E-09  6.500E-02  3.018E+02  3.005E+02
   0.09922   5    0.11678  20   1.018E+05  2.784E-09  6.500E-02  3.047E+02  3.030E+02
   0.09922   5    0.12309  21   1.018E+05  2.479E-09  6.499E-02  3.082E+02  3.061E+02
   0.09922   5    0.12941  22   1.018E+05  2.228E-09  6.499E-02  3.125E+02  3.099E+02
   0.09922   5    0.13572  23   1.018E+05  1.981E-09  6.498E-02  3.174E+02  3.144E+02
   0.09922   5    0.14203  24   1.017E+05  1.790E-09  6.498E-02  3.232E+02  3.197E+02
   0.09922   5    0.14834  25   1.017E+05  1.411E-09  6.499E-02  3.296E+02  3.256E+02
   0.09922   5    0.15466  26   1.017E+05  1.029E-09  6.498E-02  3.367E+02  3.322E+02
   0.09922   5    0.16097  27   1.017E+05  6.453E-10  6.497E-02  3.443E+02  3.394E+02
   0.09922   5    0.16728  28   1.017E+05  2.751E-10  6.498E-02  3.522E+02  3.470E+02
   0.09922   5    0.17359  29   1.017E+05 -8.133E-11  6.498E-02  3.603E+02  3.549E+02
   0.09922   5    0.17991  30   1.017E+05 -4.199E-10  6.498E-02  3.683E+02  3.629E+02
   0.09922   5    0.18622  31   1.017E+05 -7.275E-10  6.498E-02  3.761E+02  3.708E+02
   0.09922   5    0.19253  32   1.017E+05 -1.019E-09  6.498E-02  3.834E+02  3.783E+02
   0.09922   5    0.19884  33   1.017E+05 -1.259E-09  6.499E-02  3.900E+02  3.853E+02
   0.09922   5    0.20516  34   1.017E+05 -1.436E-09  6.499E-02  3.958E+02  3.915E+02
   0.09922   5    0.21147  35   1.017E+05 -1.583E-09  6.498E-02  4.005E+02  3.968E+02
   0.09922   5    0.21778  36   1.017E+05 -1.655E-09  6.498E-02  4.041E+02  4.011E+02
   0.09922   5    0.22409  37   1.017E+05 -1.645E-09  6.499E-02  4.064E+02  4.043E+02
   0.09922   5    0.23041  38   1.016E+05 -1.598E-09  6.500E-02  4.075E+02  4.062E+02
   0.09922   5    0.23672  39   1.016E+05 -1.528E-09  6.499E-02  4.074E+02  4.069E+02
   0.09922   5    0.24303  40   1.016E+05 -1.382E-09  6.499E-02  4.061E+02  4.064E+02
   0.09922   5    0.24934  41   1.016E+05 -1.183E-09  6.501E-02  4.036E+02  4.047E+02
   0.09922   5    0.25566  42   1.016E+05 -9.621E-10  6.501E-02  4.002E+02  4.020E+02
   0.09922   5    0.26197  43   1.016E+05 -6.829E-10  6.501E-02  3.959E+02  3.983E+02
   0.09922   5    0.26828  44   1.016E+05 -3.321E-10  6.502E-02  3.909E+02  3.939E+02
   0.09922   5    0.27459  45   1.016E+05  5.621E-11  6.502E-02  3.853E+02  3.888E+02
   0.09922   5    0.28091  46   1.016E+05  4.529E-10  6.501E-02  3.793E+02  3.831E+02
   0.09922   5    0.28722  47   1.016E+05  8.861E-10  6.501E-02  3.731E+02  3.771E+02
   0.09922   5    0.29353  48   1.016E+05  1.360E-09  6.501E-02  3.667E+02  3.709E+02
   0.09922   5    0.29984  49   1.016E+05  1.819E-09  6.502E-02  3.603E+02  3.646E+02
   0.09922   5    0.30616  50   1.016E+05  2.272E-09  6.502E-02  3.540E+02  3.583E+02
   0.09922   5    0.31247  51   1.015E+05  2.691E-09  6.501E-02  3.479E+02  3.521E+02
   0.09922   5    0.31878  52   1.015E+05  3.068E-09  6.501E-02  3.421E+02  3.462E+02
   0.09922   5    0.32509  53   1.015E+05  3.398E-09  6.502E-02  3.366E+02  3.405E+02
   0.09922   5    0.33141  54   1.015E+05  3.644E-09  6.501E-02  3.315E+02  3.351E+02
   0.09922   5    0.33772  55   1.015E+05  3.868E-09  6.501E-02  3.268E+02  3.301E+02
   0.09922   5    0.34403  56   1.015E+05  4.141E-09  6.501E-02  3.224E+02  3.255E+02
   0.09922   5    0.35034  57   1.015E+05  4.394E-09  6.501E-02  3.185E+02  3.213E+02
   0.09922   5    0.35666  58   1.015E+05  4.543E-09  6.501E-02  3.150E+02  3.176E+02
   0.09922   5    0.36297  59   1.015E+05  4.634E-09  6.501E-02  3.118E+02  3.142E+02
   0.09922   5    0.36928  60   1.015E+05  4.692E-09  6.501E-02  3.091E+02  3.111E+02
   0.09922   5    0.37559  61   1.015E+05  4.683E-09  6.500E-02  3.066E+02  3.084E+02
   0.09922   5    0.38191  62   1.015E+05  4.624E-09  6.500E-02  3.045E+02  3.061E+02
   0.09922   5    0.38822  63   1.015E+05  4.517E-09  6.501E-02  3.027E+02  3.041E+02
   0.09922   5    0.39453  64   1.015E+05  4.376E-09  6.501E-02  3.011E+02  3.023E+02
   0.09922   5    0.40084  65   1.014E+05  4.203E-09  6.500E-02  2.997E+02  3.008E+02
   0.09922   5    0.40716  66   1.014E+05  4.004E-09  6.500E-02  2.986E+02  2.995E+02
   0.09922   5    0.41347  67   1.014E+05  3.781E-09  6.501E-02  2.976E+02  2.984E+02
   0.09922   5    0.41978  68   1.014E+05  3.536E-09  6.501E-02  2.968E+02  2.974E+02
   0.09922   5    0.42609  69   1.014E+05  3.293E-09  6.500E-02  2.961E+02  2.967E+02
   0.09922   5    0.43241  70   1.014E+05  3.018E-09  6.500E-02  2.956E+02  2.960E+02
   0.09922   5    0.43872  71   1.014E+05  2.738E-09  6.501E-02  2.951E+02  2.955E+02
   0.09922   5    0.44503  72   1.014E+05  2.470E-09  6.500E-02  2.947E+02  2.950E+02
   0.09922   5    0.45134  73   1.014E+05  2.195E-09  6.500E-02  2.944E+02  2.946E+02
   0.09922   5    0.45766  74   1.014E+05  1.938E-09  6.500E-02  2.941E+02  2.943E+02
   0.09922   5    0.46397  75   1.014E+05  1.691E-09  6.500E-02  2.939E+02  2.941E+02
   0.09922   5    0.47028  76   1.014E+05  1.418E-09  6.500E-02  2.937E+02  2.939E+02
   0.09922   5    0.47659  77   1.014E+05  1.177E-09  6.500E-02  2.936E+02  2.937E+02
   0.09922   5    0.48291  78   1.014E+05  9.531E-10  6.500E-02  2.935E+02  2.936E+02
   0.09922   5    0.48922  79   1.013E+05  7.416E-10  6.500E-02  2.934E+02  2.935E+02
   0.09922   5    0.49553  80   1.013E+05  5.221E-10  6.500E-02  2.933E+02  2.934E+02
   0.09922   5    0.50184  81   1.013E+05  3.961E-10  6.500E-02  2.933E+02  2.933E+02
   0.09922   5    0.50500  82   1.013E+05  3.961E-10  6.500E-02  2.933E+02  2.930E+02
   0.12757   6    0.00000   1   1.019E+05  2.147E-09  6.500E-02  2.930E+02  2.930E+02
   0.12757   6    0.00316   2   1.019E+05  2.147E-09  6.502E-02  2.930E+02  2.930E+02
   0.12757   6    0.00947   3   1.019E+05  2.021E-09  6.500E-02  2.930E+02  2.930E+02
   0.12757   6    0.01578   4   1.019E+05  1.835E-09  6.500E-02  2.930E+02  2.930E+02
   0.12757   6    0.02209   5   1.019E+05  1.601E-09  6.500E-02  2.930E+02  2.930E+02
   0.12757   6    0.02841   6   1.019E+05  1.321E-09  6.500E-02  2.931E+02  2.930E+02
   0.12757   6    0.03472   7   1.019E+05  9.843E-10  6.499E-02  2.931E+02  2.931E+02
   0.12757   6    0.04103   8   1.019E+05  6.413E-10  6.499E-02  2.931E+02  2.931E+02
   0.12757   6    0.04734   9   1.019E+05  2.854E-10  6.500E-02  2.932E+02  2.932E+02
   0.12757   6    0.05366  10   1.018E+05 -6.626E-11  6.500E-02  2.933E+02  2.933E+02
   0.12757   6    0.05997  11   1.018E+05 -4.297E-10  6.500E-02  2.935E+02  2.934E+02
   0.12757   6    0.06628  12   1.018E+05 -7.836E-10  6.500E-02  2.938E+02  2.936E+02
   0.12757   6    0.07259  13   1.018E+05 -1.085E-09  6.500E-02  2.941E+02  2.939E+02
   0.12757   6    0.07891  14   1.018E+05 -1.345E-09  6.500E-02  2.947E+02  2.944E+02
   0.12757   6    0.08522  15   1.018E+05 -1.598E-09  6.499E-02  2.954E+02  2.950E+02
   0.12757   6    0.09153  16   1.018E+05 -1.828E-09  6.499E-02  2.964E+02  2.958E+02
   0.12757   6    0.09784  17   1.018E+05 -2.043E-09  6.499E-02  2.978E+02  2.970E+02
   0.12757   6    0.10416  18   1.018E+05 -2.215E-09  6.500E-02  2.995E+02  2.985E+02
   0.12757   6    0.11047  19   1.018E+05 -2.359E-09  6.500E-02  3.018E+02  3.005E+02
   0.12757   6    0.11678  20   1.018E+05 -2.505E-09  6.500E-02  3.047E+02  3.030E+02
   0.12757   6    0.12309  21   1.018E+05 -2.625E-09  6.499E-02  3.082E+02  3.061E+02
   0.12757   6    0.12941  22   1.018E+05 -2.738E-09  6.499E-02  3.125E+02  3.099E+02
   0.12757   6    0.13572  23   1.018E+05 -2.825E-09  6.498E-02  3.174E+02  3.144E+02
   0.12757   6    0.14203  24   1.017E+05 -2.880E-09  6.498E-02  3.232E+02  3.197E+02
   0.12757   6    0.14834  25   1.017E+05 -2.941E-09  6.499E-02  3.296E+02  3.256E+02
   0.12757   6    0.15466  26   1.017E+05 -2.978E-09  6.498E-02  3.367E+02  3.322E+02
   0.12757   6    0.16097  27   1.017E+05 -2.978E-09  6.497E-02  3.443E+02  3.394E+02
   0.12757   6    0.16728  28   1.017E+05 -2.973E-09  6.498E-02  3.522E+02  3.470E+02
   0.12757   6    0.17359  29   1.017E+05 -2.937E-09  6.498E-02  3.603E+02  3.549E+02
   0.12757   6    0.17991  30   1.017E+05 -2.870E-09  6.498E-02  3.683E+02  3.629E+02
   0.12757   6    0.18622  31   1.017E+05 -2.765E-09  6.498E-02  3.761E+02  3.708E+02
   0.12757   6    0.19253  32   1.017E+05 -2.606E-09  6.498E-02  3.834E+02  3.783E+02
   0.12757   6    0.19884  33   1.017E+05 -2.413E-09  6.499E-02  3.900E+02  3.853E+02
   0.12757   6    0.20516  34   1.017E+05 -2.150E-09  6.499E-02  3.958E+02  3.915E+02
   0.12757   6    0.21147  35   1.017E+05 -1.831E-09  6.498E-02  4.005E+02  3.968E+02
   0.12757   6    0.21778  36   1.017E+05 -1.466E-09  6.498E-02  4.041E+02  4.011E+02
   0.12757   6    0.22409  37   1.017E+05 -1.034E-09  6.499E-02  4.064E+02  4.043E+02
   0.12757   6    0.23041  38   1.016E+05 -5.446E-10  6.500E-02  4.075E+02  4.062E+02
   0.12757   6    0.23672  39   1.016E+05 -4.688E-11  6.499E-02  4.074E+02  4.069E+02
   0.12757   6    0.24303  40   1.016E+05  4.893E-10  6.499E-02  4.061E+02  4.064E+02
   0.12757   6    0.24934  41   1.016E+05  1.033E-09  6.501E-02  4.036E+02  4.047E+02
   0.12757   6    0.25566  42   1.016E+05  1.568E-09  6.501E-02  4.002E+02  4.020E+02
   0.12757   6    0.26197  43   1.016E+05  2.124E-09  6.501E-02  3.959E+02  3.983E+02
   0.12757   6    0.26828  44   1.016E+05  2.693E-09  6.502E-02  3.909E+02  3.939E+02
   0.12757   6    0.27459  45   1.016E+05  3.231E-09  6.502E-02  3.853E+02  3.888E+02
   0.12757   6    0.28091  46   1.016E+05  3.756E-09  6.501E-02  3.793E+02  3.831E+02
   0.12757   6    0.28722  47   1.016E+05  4.247E-09  6.501E-02  3.731E+02  3.771E+02
   0.12757   6    0.29353  48   1.016E+05  4.710E-09  6.501E-02  3.667E+02  3.709E+02
   0.12757   6    0.29984  49   1.016E+05  5.144E-09  6.502E-02  3.603E+02  3.646E+02
   0.12757   6    0.30616  50   1.016E+05  5.511E-09  6.502E-02  3.540E+02  3.583E+02
   0.12757   6    0.31247  51   1.015E+05  5.796E-09  6.501E-02  3.479E+02  3.521E+02
   0.12757   6    0.31878  52   1.015E+05  5.996E-09  6.501E-02  3.421E+02  3.462E+02
   0.12757   6    0.32509  53   1.015E+05  6.130E-09  6.502E-02  3.366E+02  3.405E+02
   0.12757   6    0.33141  54   1.015E+05  6.172E-09  6.501E-02  3.315E+02  3.351E+02
   0.12757   6    0.33772  55   1.015E+05  6.171E-09  6.501E-02  3.267E+02  3.301E+02
   0.12757   6    0.34403  56   1.015E+05  6.179E-09  6.501E-02  3.224E+02  3.255E+02
   0.12757   6    0.35034  57   1.015E+05  6.154E-09  6.501E-02  3.185E+02  3.213E+02
   0.12757   6    0.35666  58   1.015E+05  6.061E-09  6.501E-02  3.150E+02  3.176E+02
   0.12757   6    0.36297  59   1.015E+05  5.925E-09  6.501E-02  3.118E+02  3.141E+02
   0.12757   6    0.36928  60   1.015E+05  5.760E-09  6.501E-02  3.091E+02  3.111E+02
   0.12757   6    0.37559  61   1.015E+05  5.543E-09  6.500E-02  3.066E+02  3.084E+02
   0.12757   6    0.38191  62   1.015E+05  5.269E-09  6.500E-02  3.045E+02  3.061E+02
   0.12757   6    0.38822  63   1.015E+05  4.970E-09  6.501E-02  3.027E+02  3.041E+02
   0.12757   6    0.39453  64   1.015E+05  4.661E-09  6.501E-02  3.011E+02  3.023E+02
   0.12757   6    0.40084  65   1.014E+05  4.320E-09  6.500E-02  2.997E+02  3.008E+02
   0.12757   6    0.40716  66   1.014E+05  3.980E-09  6.500E-02  2.986E+02  2.995E+02
   0.12757   6    0.41347  67   1.014E+05  3.644E-09  6.501E-02  2.976E+02  2.984E+02
   0.12757   6    0.41978  68   1.014E+05  3.290E-09  6.501E-02  2.968E+02  2.974E+02
   0.12757   6    0.42609  69   1.014E+05  2.938E-09  6.500E-02  2.961E+02  2.967E+02
   0.12757   6    0.43241  70   1.014E+05  2.597E-09  6.500E-02  2.956E+02  2.960E+02
   0.12757   6    0.43872  71   1.014E+05  2.292E-09  6.501E-02  2.951E+02  2.955E+02
   0.12757   6    0.44503  72   1.014E+05  1.994E-09  6.500E-02  2.947E+02  2.950E+02
   0.12757   6    0.45134  73   1.014E+05  1.695E-09  6.500E-02  2.944E+02  2.946E+02
   0.12757   6    0.45766  74   1.014E+05  1.410E-09  6.500E-02  2.941E+02  2.943E+02
   0.12757   6    0.46397  75   1.014E+05  1.167E-09  6.500E-02  2.939E+02  2.941E+02
   0.12757   6    0.47028  76   1.014E+05  9.593E-10  6.500E-02  2.937E+02  2.939E+02
   0.12757   6    0.47659  77   1.014E+05  7.565E-10  6.500E-02  2.936E+02  2.937E+02
   0.12757   6    0.48291  78   1.014E+05  5.531E-10  6.500E-02  2.935E+02  2.936E+02
   0.12757   6    0.48922  79   1.013E+05  3.809E-10  6.500E-02  2.934E+02  2.935E+02
   0.12757   6    0.49553  80   1.013E+05  2.429E-10  6.500E-02  2.933E+02  2.934E+02
   0.12757   6    0.50184  81   1.013E+05  1.833E-10  6.500E-02  2.933E+02  2.933E+02
   0.12757   6    0.50500  82   1.013E+05  1.833E-10  6.500E-02  2.933E+02  2.930E+02
   0.15592   7    0.00000   1   1.019E+05 -1.121E-08  6.500E-02  2.930E+02  2.930E+02
   0.15592   7    0.00316   2   1.019E+05 -1.121E-08  6.502E-02  2.930E+02  2.930E+02
   0.15592   7    0.00947   3   1.019E+05 -1.119E-08  6.500E-02  2.930E+02  2.930E+02
   0.15592   7    0.01578   4   1.019E+05 -1.106E-08  6.500E-02  2.930E+02  2.930E+02
   0.15592   7    0.02209   5   1.019E+05 -1.088E-08  6.500E-02  2.930E+02  2.930E+02
   0.15592   7    0.02841   6   1.019E+05 -1.064E-08  6.500E-02  2.931E+02  2.930E+02
   0.15592   7    0.03472   7   1.019E+05 -1.040E-08  6.499E-02  2.931E+02  2.931E+02
   0.15592   7    0.04103   8   1.019E+05 -1.017E-08  6.499E-02  2.931E+02  2.931E+02
   0.15592   7    0.04734   9   1.019E+05 -9.937E-09  6.500E-02  2.932E+02  2.932E+02
   0.15592   7    0.05366  10   1.018E+05 -9.711E-09  6.500E-02  2.933E+02  2.933E+02
   0.15592   7    0.05997  11   1.018E+05 -9.498E-09  6.500E-02  2.935E+02  2.934E+02
   0.15592   7    0.06628  12   1.018E+05 -9.282E-09  6.500E-02  2.938E+02  2.936E+02
   0.15592   7    0.07259  13   1.018E+05 -9.063E-09  6.500E-02  2.941E+02  2.939E+02
   0.15592   7    0.07891  14   1.018E+05 -8.852E-09  6.500E-02  2.947E+02  2.944E+02
   0.15592   7    0.08522  15   1.018E+05 -8.655E-09  6.499E-02  2.954E+02  2.950E+02
   0.15592   7    0.09153  16   1.018E+05 -8.460E-09  6.499E-02  2.964E+02  2.958E+02
   0.15592   7    0.09784  17   1.018E+05 -8.256E-09  6.499E-02  2.978E+02  2.970E+02
   0.15592   7    0.10416  18   1.018E+05 -8.051E-09  6.500E-02  2.995E+02  2.985E+02
   0.15592   7    0.11047  19   1.018E+05 -7.854E-09  6.500E-02  3.018E+02  3.005E+02
   0.15592   7    0.11678  20   1.018E+05 -7.650E-09  6.500E-02  3.047E+02  3.030E+02
   0.15592   7    0.12309  21   1.018E+05 -7.387E-09  6.499E-02  3.082E+02  3.061E+02
   0.15592   7    0.12941  22   1.018E+05 -7.096E-09  6.499E-02  3.125E+02  3.099E+02
   0.15592   7    0.13572  23   1.018E+05 -6.794E-09  6.498E-02  3.174E+02  3.144E+02
   0.15592   7    0.14203  24   1.017E+05 -6.428E-09  6.498E-02  3.232E+02  3.197E+02
   0.15592   7    0.14834  25   1.017E+05 -6.003E-09  6.499E-02  3.296E+02  3.256E+02
   0.15592   7    0.15466  26   1.017E+05 -5.543E-09  6.498E-02  3.367E+02  3.322E+02
   0.15592   7    0.16097  27   1.017E+05 -5.039E-09  6.497E-02  3.443E+02  3.394E+02
   0.15592   7    0.16728  28   1.017E+05 -4.482E-09  6.498E-02  3.522E+02  3.470E+02
   0.15592   7    0.17359  29   1.017E+05 -3.882E-09  6.498E-02  3.603E+02  3.549E+02
   0.15592   7    0.17991  30   1.017E+05 -3.246E-09  6.498E-02  3.683E+02  3.629E+02
   0.15592   7    0.18622  31   1.017E+05 -2.555E-09  6.498E-02  3.761E+02  3.708E+02
   0.15592   7    0.19253  32   1.017E+05 -1.805E-09  6.498E-02  3.834E+02  3.783E+02
   0.15592   7    0.19884  33   1.017E+05 -1.046E-09  6.499E-02  3.900E+02  3.853E+02
   0.15592   7    0.20516  34   1.017E+05 -2.540E-10  6.499E-02  3.958E+02  3.915E+02
   0.15592   7    0.21147  35   1.017E+05  5.688E-10  6.498E-02  4.005E+02  3.968E+02
   0.15592   7    0.21778  36   1.017E+05  1.393E-09  6.498E-02  4.041E+02  4.011E+02
   0.15592   7    0.22409  37   1.017E+05  2.253E-09  6.499E-02  4.064E+02  4.043E+02
   0.15592   7    0.23041  38   1.016E+05  3.127E-09  6.500E-02  4.075E+02  4.062E+02
   0.15592   7    0.23672  39   1.016E+05  3.943E-09  6.499E-02  4.074E+02  4.069E+02
   0.15592   7    0.24303  40   1.016E+05  4.700E-09  6.499E-02  4.061E+02  4.064E+02
   0.15592   7    0.24934  41   1.016E+05  5.407E-09  6.501E-02  4.036E+02  4.047E+02
   0.15592   7    0.25566  42   1.016E+05  6.048E-09  6.501E-02  4.002E+02  4.020E+02
   0.15592   7    0.26197  43   1.016E+05  6.605E-09  6.501E-02  3.959E+02  3.983E+02
   0.15592   7    0.26828  44   1.016E+05  7.099E-09  6.502E-02  3.909E+02  3.939E+02
   0.15592   7    0.27459  45   1.016E+05  7.511E-09  6.502E-02  3.853E+02  3.888E+02
   0.15592   7    0.28091  46   1.016E+05  7.845E-09  6.501E-02  3.793E+02  3.831E+02
   0.15592   7    0.28722  47   1.016E+05  8.070E-09  6.501E-02  3.731E+02  3.771E+02
   0.15592   7    0.29353  48   1.016E+05  8.197E-09  6.501E-02  3.667E+02  3.709E+02
   0.15592   7    0.29984  49   1.016E+05  8.284E-09  6.502E-02  3.603E+02  3.646E+02
   0.15592   7    0.30616  50   1.016E+05  8.277E-09  6.502E-02  3.540E+02  3.583E+02
   0.15592   7    0.31247  51   1.015E+05  8.156E-09  6.501E-02  3.479E+02  3.521E+02
   0.15592   7    0.31878  52   1.015E+05  7.959E-09  6.501E-02  3.421E+02  3.462E+02
   0.15592   7    0.32509  53   1.015E+05  7.695E-09  6.502E-02  3.366E+02  3.405E+02
   0.15592   7    0.33141  54   1.015E+05  7.377E-09  6.501E-02  3.315E+02  3.351E+02
   0.15592   7    0.33772  55   1.015E+05  7.001E-09  6.501E-02  3.267E+02  3.301E+02
   0.15592   7    0.34403  56   1.015E+05  6.580E-09  6.501E-02  3.224E+02  3.255E+02
   0.15592   7    0.35034  57   1.015E+05  6.125E-09  6.501E-02  3.185E+02  3.213E+02
   0.15592   7    0.35666  58   1.015E+05  5.651E-09  6.501E-02  3.150E+02  3.176E+02
   0.15592   7    0.36297  59   1.015E+05  5.173E-09  6.501E-02  3.118E+02  3.141E+02
   0.15592   7    0.36928  60   1.015E+05  4.695E-09  6.501E-02  3.091E+02  3.111E+02
   0.15592   7    0.37559  61   1.015E+05  4.216E-09  6.500E-02  3.066E+02  3.084E+02
   0.15592   7    0.38191  62   1.015E+05  3.748E-09  6.500E-02  3.045E+02  3.061E+02
   0.15592   7    0.38822  63   1.015E+05  3.306E-09  6.501E-02  3.027E+02  3.041E+02
   0.15592   7    0.39453  64   1.015E+05  2.859E-09  6.501E-02  3.011E+02  3.023E+02
   0.15592   7    0.40084  65   1.014E+05  2.416E-09  6.500E-02  2.997E+02  3.008E+02
   0.15592   7    0.40716  66   1.014E+05  1.997E-09  6.500E-02  2.986E+02  2.995E+02
   0.15592   7    0.41347  67   1.014E+05  1.624E-09  6.501E-02  2.976E+02  2.984E+02
   0.15592   7    0.41978  68   1.014E+05  1.274E-09  6.501E-02  2.968E+02  2.974E+02
   0.15592   7    0.42609  69   1.014E+05  9.360E-10  6.500E-02  2.961E+02  2.967E+02
   0.15592   7    0.43241  70   1.014E+05  6.474E-10  6.500E-02  2.956E+02  2.960E+02
   0.15592   7    0.43872  71   1.014E+05  4.051E-10  6.501E-02  2.951E+02  2.955E+02
   0.15592   7    0.44503  72   1.014E+05  1.731E-10  6.500E-02  2.947E+02  2.950E+02
   0.15592   7    0.45134  73   1.014E+05 -1.101E-11  6.500E-02  2.944E+02  2.946E+02
   0.15592   7    0.45766  74   1.014E+05 -1.570E-10  6.500E-02  2.941E+02  2.943E+02
   0.15592   7    0.46397  75   1.014E+05 -2.805E-10  6.500E-02  2.939E+02  2.941E+02
   0.15592   7    0.47028  76   1.014E+05 -3.621E-10  6.500E-02  2.937E+02  2.939E+02
   0.15592   7    0.47659  77   1.014E+05 -4.169E-10  6.500E-02  2.936E+02  2.937E+02
   0.15592   7    0.48291  78   1.014E+05 -4.540E-10  6.500E-02  2.935E+02  2.936E+02
   0.15592   7    0.48922  79   1.013E+05 -4.397E-10  6.500E-02  2.934E+02  2.935E+02
   0.15592   7    0.49553  80   1.013E+05 -3.743E-10  6.500E-02  2.933E+02  2.934E+02
   0.15592   7    0.50184  81   1.013E+05 -3.167E-10  6.500E-02  2.933E+02  2.933E+02
   0.15592   7    0.50500  82   1.013E+05 -3.167E-10  6.500E-02  2.933E+02  2.930E+02
   0.18427   8    0.00000   1   1.019E+05 -2.588E-08  6.500E-02  2.930E+02  2.930E+02
   0.18427   8    0.00316   2   1.019E+05 -2.588E-08  6.502E-02  2.930E+02  2.930E+02
   0.18427   8    0.00947   3   1.019E+05 -2.542E-08  6.500E-02  2.930E+02  2.930E+02
   0.18427   8    0.01578   4   1.019E+05 -2.465E-08  6.500E-02  2.930E+02  2.930E+02
   0.18427   8    0.02209   5   1.019E+05 -2.368E-08  6.500E-02  2.930E+02  2.930E+02
   0.18427   8    0.02841   6   1.019E+05 -2.258E-08  6.500E-02  2.931E+02  2.930E+02
   0.18427   8    0.03472   7   1.019E+05 -2.144E-08  6.499E-02  2.931E+02  2.931E+02
   0.18427   8    0.04103   8   1.019E+05 -2.029E-08  6.499E-02  2.931E+02  2.931E+02
   0.18427   8    0.04734   9   1.019E+05 -1.917E-08  6.500E-02  2.932E+02  2.932E+02
   0.18427   8    0.05366  10   1.018E+05 -1.809E-08  6.500E-02  2.933E+02  2.933E+02
   0.18427   8    0.05997  11   1.018E+05 -1.708E-08  6.500E-02  2.935E+02  2.934E+02
   0.18427   8    0.06628  12   1.018E+05 -1.612E-08  6.500E-02  2.938E+02  2.936E+02
   0.18427   8    0.07259  13   1.018E+05 -1.522E-08  6.500E-02  2.941E+02  2.939E+02
   0.18427   8    0.07891  14   1.018E+05 -1.440E-08  6.500E-02  2.947E+02  2.944E+02
   0.18427   8    0.08522  15   1.018E+05 -1.365E-08  6.499E-02  2.954E+02  2.950E+02
   0.18427   8    0.09153  16   1.018E+05 -1.294E-08  6.499E-02  2.964E+02  2.958E+02
   0.18427   8    0.09784  17   1.018E+05 -1.226E-08  6.499E-02  2.978E+02  2.970E+02
   0.18427   8    0.10416  18   1.018E+05 -1.161E-08  6.500E-02  2.995E+02  2.985E+02
   0.18427   8    0.11047  19   1.018E+05 -1.100E-08  6.500E-02  3.018E+02  3.005E+02
   0.18427   8    0.11678  20   1.018E+05 -1.040E-08  6.500E-02  3.047E+02  3.030E+02
   0.18427   8    0.12309  21   1.018E+05 -9.779E-09  6.499E-02  3.082E+02  3.061E+02
   0.18427   8    0.12941  22   1.018E+05 -9.149E-09  6.499E-02  3.125E+02  3.099E+02
   0.18427   8    0.13572  23   1.018E+05 -8.505E-09  6.498E-02  3.174E+02  3.144E+02
   0.18427   8    0.14203  24   1.017E+05 -7.815E-09  6.498E-02  3.232E+02  3.197E+02
   0.18427   8    0.14834  25   1.017E+05 -7.076E-09  6.499E-02  3.296E+02  3.256E+02
   0.18427   8    0.15466  26   1.017E+05 -6.318E-09  6.498E-02  3.367E+02  3.322E+02
   0.18427   8    0.16097  27   1.017E+05 -5.542E-09  6.497E-02  3.443E+02  3.394E+02
   0.18427   8    0.16728  28   1.017E+05 -4.712E-09  6.498E-02  3.522E+02  3.470E+02
   0.18427   8    0.17359  29   1.017E+05 -3.867E-09  6.498E-02  3.603E+02  3.549E+02
   0.18427   8    0.17991  30   1.017E+05 -3.014E-09  6.498E-02  3.683E+02  3.629E+02
   0.18427   8    0.18622  31   1.017E+05 -2.128E-09  6.498E-02  3.761E+02  3.708E+02
   0.18427   8    0.19253  32   1.017E+05 -1.238E-09  6.498E-02  3.834E+02  3.783E+02
   0.18427   8    0.19884  33   1.017E+05 -3.228E-10  6.499E-02  3.900E+02  3.853E+02
   0.18427   8    0.20516  34   1.017E+05  6.073E-10  6.499E-02  3.958E+02  3.915E+02
   0.18427   8    0.21147  35   1.017E+05  1.533E-09  6.498E-02  4.005E+02  3.968E+02
   0.18427   8    0.21778  36   1.017E+05  2.461E-09  6.498E-02  4.041E+02  4.011E+02
   0.18427   8    0.22409  37   1.017E+05  3.375E-09  6.499E-02  4.064E+02  4.043E+02
   0.18427   8    0.23041  38   1.016E+05  4.262E-09  6.500E-02  4.075E+02  4.062E+02
   0.18427   8    0.23672  39   1.016E+05  5.067E-09  6.499E-02  4.074E+02  4.069E+02
   0.18427   8    0.24303  40   1.016E+05  5.811E-09  6.499E-02  4.061E+02  4.064E+02
   0.18427   8    0.24934  41   1.016E+05  6.480E-09  6.501E-02  4.036E+02  4.047E+02
   0.18427   8    0.25566  42   1.016E+05  7.059E-09  6.501E-02  4.002E+02  4.020E+02
   0.18427   8    0.26197  43   1.016E+05  7.562E-09  6.501E-02  3.959E+02  3.983E+02
   0.18427   8    0.26828  44   1.016E+05  7.978E-09  6.502E-02  3.909E+02  3.939E+02
   0.18427   8    0.27459  45   1.016E+05  8.304E-09  6.502E-02  3.853E+02  3.888E+02
   0.18427   8    0.28091  46   1.016E+05  8.515E-09  6.501E-02  3.793E+02  3.831E+02
   0.18427   8    0.28722  47   1.016E+05  8.629E-09  6.501E-02  3.731E+02  3.771E+02
   0.18427   8    0.29353  48   1.016E+05  8.658E-09  6.501E-02  3.667E+02  3.709E+02
   0.18427   8    0.29984  49   1.016E+05  8.622E-09  6.502E-02  3.603E+02  3.646E+02
   0.18427   8    0.30616  50   1.016E+05  8.474E-09  6.502E-02  3.540E+02  3.583E+02
   0.18427   8    0.31247  51   1.015E+05  8.212E-09  6.501E-02  3.479E+02  3.521E+02
   0.18427   8    0.31878  52   1.015E+05  7.900E-09  6.501E-02  3.421E+02  3.462E+02
   0.18427   8    0.32509  53   1.015E+05  7.505E-09  6.502E-02  3.366E+02  3.405E+02
   0.18427   8    0.33141  54   1.015E+05  7.042E-09  6.501E-02  3.315E+02  3.351E+02
   0.18427   8    0.33772  55   1.015E+05  6.534E-09  6.501E-02  3.268E+02  3.301E+02
   0.18427   8    0.34403  56   1.015E+05  5.994E-09  6.501E-02  3.224E+02  3.256E+02
   0.18427   8    0.35034  57   1.015E+05  5.437E-09  6.501E-02  3.185E+02  3.214E+02
   0.18427   8    0.35666  58   1.015E+05  4.853E-09  6.501E-02  3.150E+02  3.176E+02
   0.18427   8    0.36297  59   1.015E+05  4.266E-09  6.501E-02  3.118E+02  3.142E+02
   0.18427   8    0.36928  60   1.015E+05  3.681E-09  6.501E-02  3.091E+02  3.111E+02
   0.18427   8    0.37559  61   1.015E+05  3.090E-09  6.500E-02  3.066E+02  3.085E+02
   0.18427   8    0.38191  62   1.015E+05  2.551E-09  6.500E-02  3.045E+02  3.061E+02
   0.18427   8    0.38822  63   1.015E+05  2.055E-09  6.501E-02  3.027E+02  3.041E+02
   0.18427   8    0.39453  64   1.015E+05  1.550E-09  6.501E-02  3.011E+02  3.023E+02
   0.18427   8    0.40084  65   1.014E+05  1.064E-09  6.500E-02  2.997E+02  3.008E+02
   0.18427   8    0.40716  66   1.014E+05  6.405E-10  6.500E-02  2.986E+02  2.995E+02
   0.18427   8    0.41347  67   1.014E+05  2.799E-10  6.501E-02  2.976E+02  2.984E+02
   0.18427   8    0.41978  68   1.014E+05 -6.358E-11  6.501E-02  2.968E+02  2.974E+02
   0.18427   8    0.42609  69   1.014E+05 -3.748E-10  6.500E-02  2.961E+02  2.967E+02
   0.18427   8    0.43241  70   1.014E+05 -6.176E-10  6.500E-02  2.956E+02  2.960E+02
   0.18427   8    0.43872  71   1.014E+05 -8.215E-10  6.501E-02  2.951E+02  2.955E+02
   0.18427   8    0.44503  72   1.014E+05 -9.972E-10  6.500E-02  2.947E+02  2.950E+02
   0.18427   8    0.45134  73   1.014E+05 -1.112E-09  6.500E-02  2.944E+02  2.946E+02
   0.18427   8    0.45766  74   1.014E+05 -1.178E-09  6.500E-02  2.941E+02  2.943E+02
   0.18427   8    0.46397  75   1.014E+05 -1.207E-09  6.500E-02  2.939E+02  2.941E+02
   0.18427   8    0.47028  76   1.014E+05 -1.210E-09  6.500E-02  2.937E+02  2.939E+02
   0.18427   8    0.47659  77   1.014E+05 -1.155E-09  6.500E-02  2.936E+02  2.937E+02
   0.18427   8    0.48291  78   1.014E+05 -1.056E-09  6.500E-02  2.935E+02  2.936E+02
   0.18427   8    0.48922  79   1.013E+05 -8.971E-10  6.500E-02  2.934E+02  2.935E+02
   0.18427   8    0.49553  80   1.013E+05 -6.839E-10  6.500E-02  2.933E+02  2.934E+02
   0.18427   8    0.50184  81   1.013E+05 -5.525E-10  6.500E-02  2.933E+02  2.933E+02
   0.18427   8    0.50500  82   1.013E+05 -5.525E-10  6.500E-02  2.933E+02  2.930E+02
   0.21262   9    0.00000   1   1.019E+05 -4.334E-08  6.500E-02  2.930E+02  2.930E+02
   0.21262   9    0.00316   2   1.019E+05 -4.334E-08  6.502E-02  2.930E+02  2.930E+02
   0.21262   9    0.00947   3   1.019E+05 -4.191E-08  6.500E-02  2.930E+02  2.930E+02
   0.21262   9    0.01578   4   1.019E+05 -3.977E-08  6.500E-02  2.930E+02  2.930E+02
   0.21262   9    0.02209   5   1.019E+05 -3.720E-08  6.500E-02  2.930E+02  2.930E+02
   0.21262   9    0.02841   6   1.019E+05 -3.448E-08  6.500E-02  2.931E+02  2.930E+02
   0.21262   9    0.03472   7   1.019E+05 -3.177E-08  6.499E-02  2.931E+02  2.931E+02
   0.21262   9    0.04103   8   1.019E+05 -2.915E-08  6.499E-02  2.931E+02  2.931E+02
   0.21262   9    0.04734   9   1.019E+05 -2.668E-08  6.500E-02  2.932E+02  2.932E+02
   0.21262   9    0.05366  10   1.018E+05 -2.440E-08  6.500E-02  2.933E+02  2.933E+02
   0.21262   9    0.05997  11   1.018E+05 -2.232E-08  6.500E-02  2.935E+02  2.934E+02
   0.21262   9    0.06628  12   1.018E+05 -2.044E-08  6.500E-02  2.938E+02  2.936E+02
   0.21262   9    0.07259  13   1.018E+05 -1.874E-08  6.500E-02  2.941E+02  2.939E+02
   0.21262   9    0.07891  14   1.018E+05 -1.720E-08  6.500E-02  2.947E+02  2.944E+02
   0.21262   9    0.08522  15   1.018E+05 -1.582E-08  6.499E-02  2.954E+02  2.950E+02
   0.21262   9    0.09153  16   1.018E+05 -1.459E-08  6.499E-02  2.964E+02  2.958E+02
   0.21262   9    0.09784  17   1.018E+05 -1.346E-08  6.499E-02  2.978E+02  2.970E+02
   0.21262   9    0.10416  18   1.018E+05 -1.239E-08  6.500E-02  2.995E+02  2.985E+02
   0.21262   9    0.11047  19   1.018E+05 -1.140E-08  6.500E-02  3.018E+02  3.005E+02
   0.21262   9    0.11678  20   1.018E+05 -1.049E-08  6.500E-02  3.047E+02  3.030E+02
   0.21262   9    0.12309  21   1.018E+05 -9.623E-09  6.499E-02  3.082E+02  3.061E+02
   0.21262   9    0.12941  22   1.018E+05 -8.792E-09  6.499E-02  3.125E+02  3.099E+02
   0.21262   9    0.13572  23   1.018E+05 -7.990E-09  6.498E-02  3.174E+02  3.144E+02
   0.21262   9    0.14203  24   1.017E+05 -7.184E-09  6.498E-02  3.232E+02  3.197E+02
   0.21262   9    0.14834  25   1.017E+05 -6.368E-09  6.499E-02  3.296E+02  3.256E+02
   0.21262   9    0.15466  26   1.017E+05 -5.574E-09  6.498E-02  3.367E+02  3.322E+02
   0.21262   9    0.16097  27   1.017E+05 -4.790E-09  6.497E-02  3.443E+02  3.394E+02
   0.21262   9    0.16728  28   1.017E+05 -4.011E-09  6.498E-02  3.522E+02  3.470E+02
   0.21262   9    0.17359  29   1.017E+05 -3.225E-09  6.498E-02  3.603E+02  3.549E+02
   0.21262   9    0.17991  30   1.017E+05 -2.428E-09  6.498E-02  3.683E+02  3.629E+02
   0.21262   9    0.18622  31   1.017E+05 -1.670E-09  6.498E-02  3.761E+02  3.708E+02
   0.21262   9    0.19253  32   1.017E+05 -9.397E-10  6.498E-02  3.834E+02  3.783E+02
   0.21262   9    0.19884  33   1.017E+05 -1.723E-10  6.499E-02  3.900E+02  3.853E+02
   0.21262   9    0.20516  34   1.017E+05  3.573E-10  6.499E-02  3.958E+02  3.915E+02
   0.21262   9    0.21147  35   1.017E+05  8.502E-10  6.498E-02  4.005E+02  3.968E+02
   0.21262   9    0.21778  36   1.017E+05  1.352E-09  6.498E-02  4.041E+02  4.011E+02
   0.21262   9    0.22409  37   1.017E+05  1.905E-09  6.499E-02  4.064E+02  4.043E+02
   0.21262   9    0.23041  38   1.016E+05  2.435E-09  6.500E-02  4.075E+02  4.062E+02
   0.21262   9    0.23672  39   1.016E+05  2.928E-09  6.499E-02  4.074E+02  4.069E+02
   0.21262   9    0.24303  40   1.016E+05  3.429E-09  6.499E-02  4.061E+02  4.064E+02
   0.21262   9    0.24934  41   1.016E+05  3.898E-09  6.501E-02  4.036E+02  4.047E+02
   0.21262   9    0.25566  42   1.016E+05  4.347E-09  6.501E-02  4.002E+02  4.020E+02
   0.21262   9    0.26197  43   1.016E+05  4.792E-09  6.501E-02  3.959E+02  3.984E+02
   0.21262   9    0.26828  44   1.016E+05  5.173E-09  6.502E-02  3.909E+02  3.939E+02
   0.21262   9    0.27459  45   1.016E+05  5.505E-09  6.502E-02  3.853E+02  3.888E+02
   0.21262   9    0.28091  46   1.016E+05  5.805E-09  6.501E-02  3.793E+02  3.831E+02
   0.21262   9    0.28722  47   1.016E+05  6.035E-09  6.501E-02  3.731E+02  3.771E+02
   0.21262   9    0.29353  48   1.016E+05  6.211E-09  6.501E-02  3.667E+02  3.709E+02
   0.21262   9    0.29984  49   1.016E+05  6.337E-09  6.502E-02  3.603E+02  3.646E+02
   0.21262   9    0.30616  50   1.016E+05  6.381E-09  6.502E-02  3.540E+02  3.583E+02
   0.21262   9    0.31247  51   1.015E+05  6.329E-09  6.501E-02  3.479E+02  3.521E+02
   0.21262   9    0.31878  52   1.015E+05  6.238E-09  6.501E-02  3.421E+02  3.462E+02
   0.21262   9    0.32509  53   1.015E+05  6.072E-09  6.502E-02  3.366E+02  3.405E+02
   0.21262   9    0.33141  54   1.015E+05  5.814E-09  6.501E-02  3.315E+02  3.351E+02
   0.21262   9    0.33772  55   1.015E+05  5.505E-09  6.501E-02  3.268E+02  3.301E+02
   0.21262   9    0.34403  56   1.015E+05  5.147E-09  6.501E-02  3.224E+02  3.256E+02
   0.21262   9    0.35034  57   1.015E+05  4.746E-09  6.501E-02  3.185E+02  3.214E+02
   0.21262   9    0.35666  58   1.015E+05  4.313E-09  6.501E-02  3.150E+02  3.176E+02
   0.21262   9    0.36297  59   1.015E+05  3.864E-09  6.501E-02  3.118E+02  3.142E+02
   0.21262   9    0.36928  60   1.015E+05  3.404E-09  6.501E-02  3.091E+02  3.111E+02
   0.21262   9    0.37559  61   1.015E+05  2.935E-09  6.500E-02  3.066E+02  3.085E+02
   0.21262   9    0.38191  62   1.015E+05  2.468E-09  6.500E-02  3.045E+02  3.061E+02
   0.21262   9    0.38822  63   1.015E+05  2.016E-09  6.501E-02  3.027E+02  3.041E+02
   0.21262   9    0.39453  64   1.015E+05  1.572E-09  6.501E-02  3.011E+02  3.023E+02
   0.21262   9    0.40084  65   1.014E+05  1.140E-09  6.500E-02  2.997E+02  3.008E+02
   0.21262   9    0.40716  66   1.014E+05  7.549E-10  6.500E-02  2.986E+02  2.995E+02
   0.21262   9    0.41347  67   1.014E+05  3.925E-10  6.501E-02  2.976E+02  2.984E+02
   0.21262   9    0.41978  68   1.014E+05  5.556E-11  6.501E-02  2.968E+02  2.974E+02
   0.21262   9    0.42609  69   1.014E+05 -2.407E-10  6.500E-02  2.961E+02  2.967E+02
   0.21262   9    0.43241  70   1.014E+05 -4.850E-10  6.500E-02  2.956E+02  2.960E+02
   0.21262   9    0.43872  71   1.014E+05 -6.742E-10  6.501E-02  2.951E+02  2.955E+02
   0.21262   9    0.44503  72   1.014E+05 -8.433E-10  6.500E-02  2.947E+02  2.950E+02
   0.21262   9    0.45134  73   1.014E+05 -9.504E-10  6.500E-02  2.944E+02  2.946E+02
   0.21262   9    0.45766  74   1.014E+05 -1.032E-09  6.500E-02  2.941E+02  2.943E+02
   0.21262   9    0.46397  75   1.014E+05 -1.079E-09  6.500E-02  2.939E+02  2.941E+02
   0.21262   9    0.47028  76   1.014E+05 -1.087E-09  6.500E-02  2.937E+02  2.939E+02
   0.21262   9    0.47659  77   1.014E+05 -1.030E-09  6.500E-02  2.936E+02  2.937E+02
   0.21262   9    0.48291  78   1.014E+05 -9.111E-10  6.500E-02  2.935E+02  2.936E+02
   0.21262   9    0.48922  79   1.013E+05 -7.645E-10  6.500E-02  2.934E+02  2.935E+02
   0.21262   9    0.49553  80   1.013E+05 -5.707E-10  6.500E-02  2.933E+02  2.934E+02
   0.21262   9    0.50184  81   1.013E+05 -4.452E-10  6.500E-02  2.933E+02  2.933E+02
   0.21262   9    0.50500  82   1.013E+05 -4.452E-10  6.500E-02  2.933E+02  2.930E+02
   0.24097  10    0.00000   1   1.019E+05 -1.102E-07  6.500E-02  2.930E+02  2.930E+02
   0.24097  10    0.00316   2   1.019E+05 -1.102E-07  6.502E-02  2.930E+02  2.930E+02
   0.24097  10    0.00947   3   1.019E+05 -8.906E-08  6.500E-02  2.930E+02  2.930E+02
   0.24097  10    0.01578   4   1.019E+05 -7.498E-08  6.500E-02  2.930E+02  2.930E+02
   0.24097  10    0.02209   5   1.019E+05 -6.291E-08  6.500E-02  2.930E+02  2.930E+02
   0.24097  10    0.02841   6   1.019E+05 -5.308E-08  6.500E-02  2.931E+02  2.930E+02
   0.24097  10    0.03472   7   1.019E+05 -4.499E-08  6.499E-02  2.931E+02  2.931E+02
   0.24097  10    0.04103   8   1.019E+05 -3.834E-08  6.499E-02  2.931E+02  2.931E+02
   0.24097  10    0.04734   9   1.019E+05 -3.286E-08  6.500E-02  2.932E+02  2.932E+02
   0.24097  10    0.05366  10   1.018E+05 -2.832E-08  6.500E-02  2.933E+02  2.933E+02
   0.24097  10    0.05997  11   1.018E+05 -2.454E-08  6.500E-02  2.935E+02  2.934E+02
   0.24097  10    0.06628  12   1.018E+05 -2.138E-08  6.500E-02  2.938E+02  2.936E+02
   0.24097  10    0.07259  13   1.018E+05 -1.872E-08  6.500E-02  2.941E+02  2.939E+02
   0.24097  10    0.07891  14   1.018E+05 -1.649E-08  6.500E-02  2.947E+02  2.944E+02
   0.24097  10    0.08522  15   1.018E+05 -1.461E-08  6.499E-02  2.954E+02  2.950E+02
   0.24097  10    0.09153  16   1.018E+05 -1.302E-08  6.499E-02  2.964E+02  2.958E+02
   0.24097  10    0.09784  17   1.018E+05 -1.165E-08  6.499E-02  2.978E+02  2.970E+02
   0.24097  10    0.10416  18   1.018E+05 -1.043E-08  6.500E-02  2.995E+02  2.985E+02
   0.24097  10    0.11047  19   1.018E+05 -9.369E-09  6.500E-02  3.018E+02  3.005E+02
   0.24097  10    0.11678  20   1.018E+05 -8.471E-09  6.500E-02  3.047E+02  3.030E+02
   0.24097  10    0.12309  21   1.018E+05 -7.676E-09  6.499E-02  3.082E+02  3.061E+02
   0.24097  10    0.12941  22   1.018E+05 -6.987E-09  6.499E-02  3.125E+02  3.099E+02
   0.24097  10    0.13572  23   1.018E+05 -6.437E-09  6.498E-02  3.174E+02  3.144E+02
   0.24097  10    0.14203  24   1.017E+05 -5.960E-09  6.498E-02  3.232E+02  3.197E+02
   0.24097  10    0.14834  25   1.017E+05 -5.546E-09  6.499E-02  3.296E+02  3.256E+02
   0.24097  10    0.15466  26   1.017E+05 -5.257E-09  6.498E-02  3.367E+02  3.322E+02
   0.24097  10    0.16097  27   1.017E+05 -5.094E-09  6.497E-02  3.443E+02  3.394E+02
   0.24097  10    0.16728  28   1.017E+05 -5.056E-09  6.498E-02  3.522E+02  3.470E+02
   0.24097  10    0.17359  29   1.017E+05 -5.144E-09  6.498E-02  3.603E+02  3.549E+02
   0.24097  10    0.17991  30   1.017E+05 -5.280E-09  6.498E-02  3.683E+02  3.629E+02
   0.24097  10    0.18622  31   1.017E+05 -5.552E-09  6.498E-02  3.761E+02  3.708E+02
   0.24097  10    0.19253  32   1.017E+05 -5.670E-09  6.498E-02  3.834E+02  3.783E+02
   0.24097  10    0.19884  33   1.017E+05 -5.562E-09  6.499E-02  3.900E+02  3.853E+02
   0.24097  10    0.20516  34   1.017E+05 -5.274E-09  6.499E-02  3.958E+02  3.915E+02
   0.24097  10    0.21147  35   1.017E+05 -4.762E-09  6.498E-02  4.005E+02  3.968E+02
   0.24097  10    0.21778  36   1.017E+05 -4.043E-09  6.498E-02  4.041E+02  4.011E+02
   0.24097  10    0.22409  37   1.017E+05 -3.326E-09  6.499E-02  4.064E+02  4.043E+02
   0.24097  10    0.23041  38   1.016E+05 -2.606E-09  6.500E-02  4.075E+02  4.062E+02
   0.24097  10    0.23672  39   1.016E+05 -1.979E-09  6.499E-02  4.074E+02  4.069E+02
   0.24097  10    0.24303  40   1.016E+05 -1.402E-09  6.499E-02  4.061E+02  4.064E+02
   0.24097  10    0.24934  41   1.016E+05 -8.520E-10  6.501E-02  4.036E+02  4.047E+02
   0.24097  10    0.25566  42   1.016E+05 -3.278E-10  6.501E-02  4.002E+02  4.020E+02
   0.24097  10    0.26197  43   1.016E+05  1.777E-10  6.501E-02  3.959E+02  3.984E+02
   0.24097  10    0.26828  44   1.016E+05  6.417E-10  6.502E-02  3.909E+02  3.939E+02
   0.24097  10    0.27459  45   1.016E+05  1.088E-09  6.502E-02  3.853E+02  3.888E+02
   0.24097  10    0.28091  46   1.016E+05  1.518E-09  6.501E-02  3.793E+02  3.831E+02
   0.24097  10    0.28722  47   1.016E+05  1.895E-09  6.501E-02  3.731E+02  3.771E+02
   0.24097  10    0.29353  48   1.016E+05  2.263E-09  6.501E-02  3.667E+02  3.709E+02
   0.24097  10    0.29984  49   1.016E+05  2.595E-09  6.502E-02  3.603E+02  3.646E+02
   0.24097  10    0.30616  50   1.016E+05  2.882E-09  6.502E-02  3.540E+02  3.583E+02
   0.24097  10    0.31247  51   1.015E+05  3.102E-09  6.501E-02  3.479E+02  3.521E+02
   0.24097  10    0.31878  52   1.015E+05  3.279E-09  6.501E-02  3.421E+02  3.462E+02
   0.24097  10    0.32509  53   1.015E+05  3.394E-09  6.502E-02  3.366E+02  3.405E+02
   0.24097  10    0.33141  54   1.015E+05  3.444E-09  6.501E-02  3.315E+02  3.351E+02
   0.24097  10    0.33772  55   1.015E+05  3.443E-09  6.501E-02  3.268E+02  3.301E+02
   0.24097  10    0.34403  56   1.015E+05  3.366E-09  6.501E-02  3.224E+02  3.256E+02
   0.24097  10    0.35034  57   1.015E+05  3.235E-09  6.501E-02  3.185E+02  3.214E+02
   0.24097  10    0.35666  58   1.015E+05  3.075E-09  6.501E-02  3.150E+02  3.176E+02
   0.24097  10    0.36297  59   1.015E+05  2.877E-09  6.501E-02  3.118E+02  3.142E+02
   0.24097  10    0.36928  60   1.015E+05  2.643E-09  6.501E-02  3.091E+02  3.111E+02
   0.24097  10    0.37559  61   1.015E+05  2.397E-09  6.500E-02  3.066E+02  3.085E+02
   0.24097  10    0.38191  62   1.015E+05  2.126E-09  6.500E-02  3.045E+02  3.061E+02
   0.24097  10    0.38822  63   1.015E+05  1.841E-09  6.501E-02  3.027E+02  3.041E+02
   0.24097  10    0.39453  64   1.015E+05  1.563E-09  6.501E-02  3.011E+02  3.023E+02
   0.24097  10    0.40084  65   1.014E+05  1.275E-09  6.500E-02  2.997E+02  3.008E+02
   0.24097  10    0.40716  66   1.014E+05  9.849E-10  6.500E-02  2.986E+02  2.995E+02
   0.24097  10    0.41347  67   1.014E+05  7.235E-10  6.501E-02  2.976E+02  2.984E+02
   0.24097  10    0.41978  68   1.014E+05  4.643E-10  6.501E-02  2.968E+02  2.974E+02
   0.24097  10    0.42609  69   1.014E+05  2.270E-10  6.500E-02  2.961E+02  2.967E+02
   0.24097  10    0.43241  70   1.014E+05  2.244E-11  6.500E-02  2.956E+02  2.960E+02
   0.24097  10    0.43872  71   1.014E+05 -1.540E-10  6.501E-02  2.951E+02  2.955E+02
   0.24097  10    0.44503  72   1.014E+05 -2.825E-10  6.500E-02  2.947E+02  2.950E+02
   0.24097  10    0.45134  73   1.014E+05 -3.759E-10  6.500E-02  2.944E+02  2.946E+02
   0.24097  10    0.45766  74   1.014E+05 -4.627E-10  6.500E-02  2.941E+02  2.943E+02
   0.24097  10    0.46397  75   1.014E+05 -5.094E-10  6.500E-02  2.939E+02  2.941E+02
   0.24097  10    0.47028  76   1.014E+05 -5.297E-10  6.500E-02  2.937E+02  2.939E+02
   0.24097  10    0.47659  77   1.014E+05 -5.166E-10  6.500E-02  2.936E+02  2.937E+02
   0.24097  10    0.48291  78   1.014E+05 -4.781E-10  6.500E-02  2.935E+02  2.936E+02
   0.24097  10    0.48922  79   1.013E+05 -4.064E-10  6.500E-02  2.934E+02  2.935E+02
   0.24097  10    0.49553  80   1.013E+05 -2.950E-10  6.500E-02  2.933E+02  2.934E+02
   0.24097  10    0.50184  81   1.013E+05 -2.268E-10  6.500E-02  2.933E+02  2.933E+02
   0.24097  10    0.50500  82   1.013E+05 -2.268E-10  6.500E-02  2.933E+02  2.930E+02
   0.26932  11    0.00000   1   1.019E+05 -8.407E-08  6.500E-02  2.930E+02  2.930E+02
   0.26932  11    0.00316   2   1.019E+05 -8.407E-08  6.502E-02  2.930E+02  2.930E+02
   0.26932  11    0.00947   3   1.019E+05 -6.390E-08  6.500E-02  2.930E+02  2.930E+02
   0.26932  11    0.01578   4   1.019E+05 -5.131E-08  6.500E-02  2.930E+02  2.930E+02
   0.26932  11    0.02209   5   1.019E+05 -4.099E-08  6.500E-02  2.930E+02  2.930E+02
   0.26932  11    0.02841   6   1.019E+05 -3.301E-08  6.500E-02  2.931E+02  2.930E+02
   0.26932  11    0.03472   7   1.019E+05 -2.674E-08  6.499E-02  2.931E+02  2.931E+02
   0.26932  11    0.04103   8   1.019E+05 -2.182E-08  6.499E-02  2.931E+02  2.931E+02
   0.26932  11    0.04734   9   1.019E+05 -1.795E-08  6.499E-02  2.932E+02  2.932E+02
   0.26932  11    0.05366  10   1.018E+05 -1.487E-08  6.500E-02  2.933E+02  2.933E+02
   0.26932  11    0.05997  11   1.018E+05 -1.242E-08  6.500E-02  2.935E+02  2.934E+02
   0.26932  11    0.06628  12   1.018E+05 -1.045E-08  6.500E-02  2.938E+02  2.936E+02
   0.26932  11    0.07259  13   1.018E+05 -8.844E-09  6.500E-02  2.941E+02  2.939E+02
   0.26932  11    0.07891  14   1.018E+05 -7.550E-09  6.500E-02  2.947E+02  2.944E+02
   0.26932  11    0.08522  15   1.018E+05 -6.518E-09  6.499E-02  2.954E+02  2.950E+02
   0.26932  11    0.09153  16   1.018E+05 -5.669E-09  6.499E-02  2.964E+02  2.958E+02
   0.26932  11    0.09784  17   1.018E+05 -4.969E-09  6.499E-02  2.978E+02  2.970E+02
   0.26932  11    0.10416  18   1.018E+05 -4.382E-09  6.500E-02  2.995E+02  2.985E+02
   0.26932  11    0.11047  19   1.018E+05 -3.899E-09  6.500E-02  3.018E+02  3.005E+02
   0.26932  11    0.11678  20   1.018E+05 -3.518E-09  6.500E-02  3.047E+02  3.030E+02
   0.26932  11    0.12309  21   1.018E+05 -3.210E-09  6.499E-02  3.082E+02  3.061E+02
   0.26932  11    0.12941  22   1.018E+05 -2.987E-09  6.499E-02  3.125E+02  3.099E+02
   0.26932  11    0.13572  23   1.018E+05 -2.854E-09  6.498E-02  3.174E+02  3.144E+02
   0.26932  11    0.14203  24   1.017E+05 -2.805E-09  6.498E-02  3.232E+02  3.197E+02
   0.26932  11    0.14834  25   1.017E+05 -2.803E-09  6.499E-02  3.296E+02  3.256E+02
   0.26932  11    0.15466  26   1.017E+05 -2.893E-09  6.498E-02  3.367E+02  3.322E+02
   0.26932  11    0.16097  27   1.017E+05 -3.103E-09  6.497E-02  3.443E+02  3.394E+02
   0.26932  11    0.16728  28   1.017E+05 -3.430E-09  6.498E-02  3.522E+02  3.470E+02
   0.26932  11    0.17359  29   1.017E+05 -3.894E-09  6.498E-02  3.603E+02  3.549E+02
   0.26932  11    0.17991  30   1.017E+05 -4.423E-09  6.498E-02  3.683E+02  3.629E+02
   0.26932  11    0.18622  31   1.017E+05 -5.055E-09  6.498E-02  3.761E+02  3.708E+02
   0.26932  11    0.19253  32   1.017E+05 -5.504E-09  6.498E-02  3.834E+02  3.783E+02
   0.26932  11    0.19884  33   1.017E+05 -5.737E-09  6.499E-02  3.900E+02  3.853E+02
   0.26932  11    0.20516  34   1.017E+05 -5.548E-09  6.499E-02  3.958E+02  3.915E+02
   0.26932  11    0.21147  35   1.017E+05 -5.110E-09  6.498E-02  4.005E+02  3.969E+02
   0.26932  11    0.21778  36   1.017E+05 -4.452E-09  6.498E-02  4.041E+02  4.011E+02
   0.26932  11    0.22409  37   1.017E+05 -3.835E-09  6.499E-02  4.064E+02  4.043E+02
   0.26932  11    0.23041  38   1.016E+05 -3.210E-09  6.500E-02  4.075E+02  4.062E+02
   0.26932  11    0.23672  39   1.016E+05 -2.700E-09  6.499E-02  4.074E+02  4.069E+02
   0.26932  11    0.24303  40   1.016E+05 -2.262E-09  6.499E-02  4.061E+02  4.064E+02
   0.26932  11    0.24934  41   1.016E+05 -1.866E-09  6.501E-02  4.036E+02  4.047E+02
   0.26932  11    0.25566  42   1.016E+05 -1.530E-09  6.501E-02  4.002E+02  4.020E+02
   0.26932  11    0.26197  43   1.016E+05 -1.220E-09  6.501E-02  3.959E+02  3.984E+02
   0.26932  11    0.26828  44   1.016E+05 -9.331E-10  6.502E-02  3.909E+02  3.939E+02
   0.26932  11    0.27459  45   1.016E+05 -6.595E-10  6.502E-02  3.853E+02  3.888E+02
   0.26932  11    0.28091  46   1.016E+05 -4.210E-10  6.501E-02  3.793E+02  3.831E+02
   0.26932  11    0.28722  47   1.016E+05 -2.028E-10  6.501E-02  3.731E+02  3.771E+02
   0.26932  11    0.29353  48   1.016E+05  3.892E-11  6.501E-02  3.667E+02  3.709E+02
   0.26932  11    0.29984  49   1.016E+05  2.676E-10  6.502E-02  3.603E+02  3.646E+02
   0.26932  11    0.30616  50   1.016E+05  4.586E-10  6.502E-02  3.540E+02  3.583E+02
   0.26932  11    0.31247  51   1.015E+05  6.172E-10  6.501E-02  3.479E+02  3.521E+02
   0.26932  11    0.31878  52   1.015E+05  7.620E-10  6.501E-02  3.421E+02  3.462E+02
   0.26932  11    0.32509  53   1.015E+05  8.694E-10  6.502E-02  3.366E+02  3.405E+02
   0.26932  11    0.33141  54   1.015E+05  9.674E-10  6.501E-02  3.315E+02  3.351E+02
   0.26932  11    0.33772  55   1.015E+05  1.040E-09  6.501E-02  3.268E+02  3.301E+02
   0.26932  11    0.34403  56   1.015E+05  1.067E-09  6.501E-02  3.224E+02  3.256E+02
   0.26932  11    0.35034  57   1.015E+05  1.068E-09  6.501E-02  3.185E+02  3.214E+02
   0.26932  11    0.35666  58   1.015E+05  1.065E-09  6.501E-02  3.150E+02  3.176E+02
   0.26932  11    0.36297  59   1.015E+05  1.048E-09  6.501E-02  3.118E+02  3.142E+02
   0.26932  11    0.36928  60   1.015E+05  9.951E-10  6.501E-02  3.091E+02  3.111E+02
   0.26932  11    0.37559  61   1.015E+05  9.215E-10  6.500E-02  3.066E+02  3.085E+02
   0.26932  11    0.38191  62   1.015E+05  8.557E-10  6.500E-02  3.045E+02  3.061E+02
   0.26932  11    0.38822  63   1.015E+05  7.787E-10  6.501E-02  3.027E+02  3.041E+02
   0.26932  11    0.39453  64   1.015E+05  6.881E-10  6.501E-02  3.011E+02  3.023E+02
   0.26932  11    0.40084  65   1.014E+05  5.834E-10  6.500E-02  2.997E+02  3.008E+02
   0.26932  11    0.40716  66   1.014E+05  4.831E-10  6.500E-02  2.986E+02  2.995E+02
   0.26932  11    0.41347  67   1.014E+05  4.206E-10  6.501E-02  2.976E+02  2.984E+02
   0.26932  11    0.41978  68   1.014E+05  3.222E-10  6.501E-02  2.968E+02  2.974E+02
   0.26932  11    0.42609  69   1.014E+05  2.332E-10  6.500E-02  2.961E+02  2.967E+02
   0.26932  11    0.43241  70   1.014E+05  1.601E-10  6.500E-02  2.956E+02  2.960E+02
   0.26932  11    0.43872  71   1.014E+05  7.362E-11  6.501E-02  2.951E+02  2.955E+02
   0.26932  11    0.44503  72   1.014E+05  1.771E-11  6.500E-02  2.947E+02  2.950E+02
   0.26932  11    0.45134  73   1.014E+05 -2.929E-11  6.500E-02  2.944E+02  2.946E+02
   0.26932  11    0.45766  74   1.014E+05 -7.622E-11  6.500E-02  2.941E+02  2.943E+02
   0.26932  11    0.46397  75   1.014E+05 -8.849E-11  6.500E-02  2.939E+02  2.941E+02
   0.26932  11    0.47028  76   1.014E+05 -9.650E-11  6.500E-02  2.937E+02  2.939E+02
   0.26932  11    0.47659  77   1.014E+05 -1.074E-10  6.500E-02  2.936E+02  2.937E+02
   0.26932  11    0.48291  78   1.014E+05 -1.350E-10  6.500E-02  2.935E+02  2.936E+02
   0.26932  11    0.48922  79   1.013E+05 -1.253E-10  6.500E-02  2.934E+02  2.935E+02
   0.26932  11    0.49553  80   1.013E+05 -8.370E-11  6.500E-02  2.933E+02  2.934E+02
   0.26932  11    0.50184  81   1.013E+05 -6.061E-11  6.500E-02  2.933E+02  2.933E+02
   0.26932  11    0.50500  82   1.013E+05 -6.061E-11  6.500E-02  2.933E+02  2.930E+02
   0.28350  12    0.00000   1   1.019E+05 -8.407E-08  6.500E-02  2.930E+02  2.930E+02
   0.28350  12    0.00316   2   1.019E+05  0.000E+00  0.000E+00  2.930E+02  2.930E+02
   0.28350  12    0.00947   3   1.019E+05  0.000E+00  0.000E+00  2.930E+02  2.930E+02
   0.28350  12    0.01578   4   1.019E+05  0.000E+00  0.000E+00  2.930E+02  2.930E+02
   0.28350  12    0.02209   5   1.019E+05  0.000E+00  0.000E+00  2.930E+02  2.930E+02
   0.28350  12    0.02841   6   1.019E+05  0.000E+00  0.000E+00  2.931E+02  2.930E+02
   0.28350  12    0.03472   7   1.019E+05  0.000E+00  0.000E+00  2.931E+02  2.931E+02
   0.28350  12    0.04103   8   1.019E+05  0.000E+00  0.000E+00  2.931E+02  2.931E+02
   0.28350  12    0.04734   9   1.019E+05  0.000E+00  0.000E+00  2.932E+02  2.932E+02
   0.28350  12    0.05366  10   1.018E+05  0.000E+00  0.000E+00  2.933E+02  2.933E+02
   0.28350  12    0.05997  11   1.018E+05  0.000E+00  0.000E+00  2.935E+02  2.934E+02
   0.28350  12    0.06628  12   1.018E+05  0.000E+00  0.000E+00  2.938E+02  2.936E+02
   0.28350  12    0.07259  13   1.018E+05  0.000E+00  0.000E+00  2.941E+02  2.939E+02
   0.28350  12    0.07891  14   1.018E+05  0.000E+00  0.000E+00  2.947E+02  2.944E+02
   0.28350  12    0.08522  15   1.018E+05  0.000E+00  0.000E+00  2.954E+02  2.950E+02
   0.28350  12    0.09153  16   1.018E+05  0.000E+00  0.000E+00  2.964E+02  2.958E+02
   0.28350  12    0.09784  17   1.018E+05  0.000E+00  0.000E+00  2.978E+02  2.970E+02
   0.28350  12    0.10416  18   1.018E+05  0.000E+00  0.000E+00  2.995E+02  2.985E+02
   0.28350  12    0.11047  19   1.018E+05  0.000E+00  0.000E+00  3.018E+02  3.005E+02
   0.28350  12    0.11678  20   1.018E+05  0.000E+00  0.000E+00  3.047E+02  3.030E+02
   0.28350  12    0.12309  21   1.018E+05  0.000E+00  0.000E+00  3.082E+02  3.061E+02
   0.28350  12    0.12941  22   1.018E+05  0.000E+00  0.000E+00  3.125E+02  3.099E+02
   0.28350  12    0.13572  23   1.018E+05  0.000E+00  0.000E+00  3.174E+02  3.144E+02
   0.28350  12    0.14203  24   1.017E+05  0.000E+00  0.000E+00  3.232E+02  3.197E+02
   0.28350  12    0.14834  25   1.017E+05  0.000E+00  0.000E+00  3.296E+02  3.256E+02
   0.28350  12    0.15466  26   1.017E+05  0.000E+00  0.000E+00  3.367E+02  3.322E+02
   0.28350  12    0.16097  27   1.017E+05  0.000E+00  0.000E+00  3.443E+02  3.394E+02
   0.28350  12    0.16728  28   1.017E+05  0.000E+00  0.000E+00  3.522E+02  3.470E+02
   0.28350  12    0.17359  29   1.017E+05  0.000E+00  0.000E+00  3.603E+02  3.549E+02
   0.28350  12    0.17991  30   1.017E+05  0.000E+00  0.000E+00  3.683E+02  3.629E+02
   0.28350  12    0.18622  31   1.017E+05  0.000E+00  0.000E+00  3.761E+02  3.708E+02
   0.28350  12    0.19253  32   1.017E+05  0.000E+00  0.000E+00  3.834E+02  3.783E+02
   0.28350  12    0.19884  33   1.017E+05  0.000E+00  0.000E+00  3.900E+02  3.853E+02
   0.28350  12    0.20516  34   1.017E+05  0.000E+00  0.000E+00  3.958E+02  3.915E+02
   0.28350  12    0.21147  35   1.017E+05  0.000E+00  0.000E+00  4.005E+02  3.969E+02
   0.28350  12    0.21778  36   1.017E+05  0.000E+00  0.000E+00  4.041E+02  4.011E+02
   0.28350  12    0.22409  37   1.017E+05  0.000E+00  0.000E+00  4.064E+02  4.043E+02
   0.28350  12    0.23041  38   1.016E+05  0.000E+00  0.000E+00  4.075E+02  4.062E+02
   0.28350  12    0.23672  39   1.016E+05  0.000E+00  0.000E+00  4.074E+02  4.069E+02
   0.28350  12    0.24303  40   1.016E+05  0.000E+00  0.000E+00  4.061E+02  4.064E+02
   0.28350  12    0.24934  41   1.016E+05  0.000E+00  0.000E+00  4.036E+02  4.047E+02
   0.28350  12    0.25566  42   1.016E+05  0.000E+00  0.000E+00  4.002E+02  4.020E+02
   0.28350  12    0.26197  43   1.016E+05  0.000E+00  0.000E+00  3.959E+02  3.984E+02
   0.28350  12    0.26828  44   1.016E+05  0.000E+00  0.000E+00  3.909E+02  3.939E+02
   0.28350  12    0.27459  45   1.016E+05  0.000E+00  0.000E+00  3.853E+02  3.888E+02
   0.28350  12    0.28091  46   1.016E+05  0.000E+00  0.000E+00  3.793E+02  3.831E+02
   0.28350  12    0.28722  47   1.016E+05  0.000E+00  0.000E+00  3.731E+02  3.771E+02
   0.28350  12    0.29353  48   1.016E+05  0.000E+00  0.000E+00  3.667E+02  3.709E+02
   0.28350  12    0.29984  49   1.016E+05  0.000E+00  0.000E+00  3.603E+02  3.646E+02
   0.28350  12    0.30616  50   1.016E+05  0.000E+00  0.000E+00  3.540E+02  3.583E+02
   0.28350  12    0.31247  51   1.015E+05  0.000E+00  0.000E+00  3.479E+02  3.521E+02
   0.28350  12    0.31878  52   1.015E+05  0.000E+00  0.000E+00  3.421E+02  3.462E+02
   0.28350  12    0.32509  53   1.015E+05  0.000E+00  0.000E+00  3.366E+02  3.405E+02
   0.28350  12    0.33141  54   1.015E+05  0.000E+00  0.000E+00  3.315E+02  3.351E+02
   0.28350  12    0.33772  55   1.015E+05  0.000E+00  0.000E+00  3.268E+02  3.301E+02
   0.28350  12    0.34403  56   1.015E+05  0.000E+00  0.000E+00  3.224E+02  3.256E+02
   0.28350  12    0.35034  57   1.015E+05  0.000E+00  0.000E+00  3.185E+02  3.214E+02
   0.28350  12    0.35666  58   1.015E+05  0.000E+00  0.000E+00  3.150E+02  3.176E+02
   0.28350  12    0.36297  59   1.015E+05  0.000E+00  0.000E+00  3.118E+02  3.142E+02
   0.28350  12    0.36928  60   1.015E+05  0.000E+00  0.000E+00  3.091E+02  3.111E+02
   0.28350  12    0.37559  61   1.015E+05  0.000E+00  0.000E+00  3.066E+02  3.085E+02
   0.28350  12    0.38191  62   1.015E+05  0.000E+00  0.000E+00  3.045E+02  3.061E+02
   0.28350  12    0.38822  63   1.015E+05  0.000E+00  0.000E+00  3.027E+02  3.041E+02
   0.28350  12    0.39453  64   1.015E+05  0.000E+00  0.000E+00  3.011E+02  3.023E+02
   0.28350  12    0.40084  65   1.014E+05  0.000E+00  0.000E+00  2.997E+02  3.008E+02
   0.28350  12    0.40716  66   1.014E+05  0.000E+00  0.000E+00  2.986E+02  2.995E+02
   0.28350  12    0.41347  67   1.014E+05  0.000E+00  0.000E+00  2.976E+02  2.984E+02
   0.28350  12    0.41978  68   1.014E+05  0.000E+00  0.000E+00  2.968E+02  2.974E+02
   0.28350  12    0.42609  69   1.014E+05  0.000E+00  0.000E+00  2.961E+02  2.967E+02
   0.28350  12    0.43241  70   1.014E+05  0.000E+00  0.000E+00  2.956E+02  2.960E+02
   0.28350  12    0.43872  71   1.014E+05  0.000E+00  0.000E+00  2.951E+02  2.955E+02
   0.28350  12    0.44503  72   1.014E+05  0.000E+00  0.000E+00  2.947E+02  2.950E+02
   0.28350  12    0.45134  73   1.014E+05  0.000E+00  0.000E+00  2.944E+02  2.946E+02
   0.28350  12    0.45766  74   1.014E+05  0.000E+00  0.000E+00  2.941E+02  2.943E+02
   0.28350  12    0.46397  75   1.014E+05  0.000E+00  0.000E+00  2.939E+02  2.941E+02
   0.28350  12    0.47028  76   1.014E+05  0.000E+00  0.000E+00  2.937E+02  2.939E+02
   0.28350  12    0.47659  77   1.014E+05  0.000E+00  0.000E+00  2.936E+02  2.937E+02
   0.28350  12    0.48291  78   1.014E+05  0.000E+00  0.000E+00  2.935E+02  2.936E+02
   0.28350  12    0.48922  79   1.013E+05  0.000E+00  0.000E+00  2.934E+02  2.935E+02
   0.28350  12    0.49553  80   1.013E+05  0.000E+00  0.000E+00  2.933E+02  2.934E+02
   0.28350  12    0.50184  81   1.013E+05  0.000E+00  0.000E+00  2.933E+02  2.933E+02
   0.28350  12    0.50500  82   1.013E+05 -6.061E-11  6.500E-02  2.933E+02  2.930E+02
