VARIABLES="XP","YP","P","U","V","TS","TF"
ZONE T="Zone 001"I=    82 J=    12 F=POINT
  0.000E+00  0.000E+00  1.013E+05  0.000E+00  0.000E+00  2.935E+02  2.935E+02
  0.000E+00  3.156E-03  1.013E+05  0.000E+00  0.000E+00  2.935E+02  2.935E+02
  0.000E+00  9.469E-03  1.013E+05  0.000E+00  0.000E+00  2.938E+02  2.938E+02
  0.000E+00  1.578E-02  1.013E+05  0.000E+00  0.000E+00  2.939E+02  2.939E+02
  0.000E+00  2.209E-02  1.013E+05  0.000E+00  0.000E+00  2.940E+02  2.940E+02
  0.000E+00  2.841E-02  1.013E+05  0.000E+00  0.000E+00  2.941E+02  2.941E+02
  0.000E+00  3.472E-02  1.013E+05  0.000E+00  0.000E+00  2.941E+02  2.941E+02
  0.000E+00  4.103E-02  1.013E+05  0.000E+00  0.000E+00  2.942E+02  2.942E+02
  0.000E+00  4.734E-02  1.013E+05  0.000E+00  0.000E+00  2.943E+02  2.943E+02
  0.000E+00  5.366E-02  1.013E+05  0.000E+00  0.000E+00  2.944E+02  2.944E+02
  0.000E+00  5.997E-02  1.013E+05  0.000E+00  0.000E+00  2.946E+02  2.946E+02
  0.000E+00  6.628E-02  1.013E+05  0.000E+00  0.000E+00  2.948E+02  2.947E+02
  0.000E+00  7.259E-02  1.013E+05  0.000E+00  0.000E+00  2.950E+02  2.950E+02
  0.000E+00  7.891E-02  1.013E+05  0.000E+00  0.000E+00  2.956E+02  2.956E+02
  0.000E+00  8.522E-02  1.013E+05  0.000E+00  0.000E+00  2.974E+02  2.973E+02
  0.000E+00  9.153E-02  1.013E+05  0.000E+00  0.000E+00  3.032E+02  3.028E+02
  0.000E+00  9.784E-02  1.013E+05  0.000E+00  0.000E+00  3.225E+02  3.225E+02
  0.000E+00  1.042E-01  1.013E+05  0.000E+00  0.000E+00  3.796E+02  4.376E+02
  0.000E+00  1.105E-01  1.013E+05  0.000E+00  0.000E+00  3.308E+02  3.488E+02
  0.000E+00  1.168E-01  1.013E+05  0.000E+00  0.000E+00  3.085E+02  3.151E+02
  0.000E+00  1.231E-01  1.013E+05  0.000E+00  0.000E+00  2.998E+02  3.022E+02
  0.000E+00  1.294E-01  1.013E+05  0.000E+00  0.000E+00  2.965E+02  2.974E+02
  0.000E+00  1.357E-01  1.013E+05  0.000E+00  0.000E+00  2.953E+02  2.956E+02
  0.000E+00  1.420E-01  1.013E+05  0.000E+00  0.000E+00  2.948E+02  2.949E+02
  0.000E+00  1.483E-01  1.013E+05  0.000E+00  0.000E+00  2.945E+02  2.945E+02
  0.000E+00  1.547E-01  1.013E+05  0.000E+00  0.000E+00  2.943E+02  2.943E+02
  0.000E+00  1.610E-01  1.013E+05  0.000E+00  0.000E+00  2.941E+02  2.942E+02
  0.000E+00  1.673E-01  1.013E+05  0.000E+00  0.000E+00  2.940E+02  2.940E+02
  0.000E+00  1.736E-01  1.013E+05  0.000E+00  0.000E+00  2.939E+02  2.939E+02
  0.000E+00  1.799E-01  1.013E+05  0.000E+00  0.000E+00  2.938E+02  2.939E+02
  0.000E+00  1.862E-01  1.013E+05  0.000E+00  0.000E+00  2.938E+02  2.938E+02
  0.000E+00  1.925E-01  1.013E+05  0.000E+00  0.000E+00  2.937E+02  2.937E+02
  0.000E+00  1.988E-01  1.013E+05  0.000E+00  0.000E+00  2.936E+02  2.936E+02
  0.000E+00  2.052E-01  1.013E+05  0.000E+00  0.000E+00  2.936E+02  2.936E+02
  0.000E+00  2.115E-01  1.013E+05  0.000E+00  0.000E+00  2.935E+02  2.935E+02
  0.000E+00  2.178E-01  1.013E+05  0.000E+00  0.000E+00  2.934E+02  2.935E+02
  0.000E+00  2.241E-01  1.013E+05  0.000E+00  0.000E+00  2.934E+02  2.934E+02
  0.000E+00  2.304E-01  1.013E+05  0.000E+00  0.000E+00  2.934E+02  2.934E+02
  0.000E+00  2.367E-01  1.013E+05  0.000E+00  0.000E+00  2.933E+02  2.933E+02
  0.000E+00  2.430E-01  1.013E+05  0.000E+00  0.000E+00  2.933E+02  2.933E+02
  0.000E+00  2.493E-01  1.013E+05  0.000E+00  0.000E+00  2.933E+02  2.933E+02
  0.000E+00  2.557E-01  1.013E+05  0.000E+00  0.000E+00  2.932E+02  2.932E+02
  0.000E+00  2.620E-01  1.013E+05  0.000E+00  0.000E+00  2.932E+02  2.932E+02
  0.000E+00  2.683E-01  1.013E+05  0.000E+00  0.000E+00  2.932E+02  2.932E+02
  0.000E+00  2.746E-01  1.013E+05  0.000E+00  0.000E+00  2.932E+02  2.932E+02
  0.000E+00  2.809E-01  1.013E+05  0.000E+00  0.000E+00  2.931E+02  2.931E+02
  0.000E+00  2.872E-01  1.013E+05  0.000E+00  0.000E+00  2.931E+02  2.931E+02
  0.000E+00  2.935E-01  1.013E+05  0.000E+00  0.000E+00  2.931E+02  2.931E+02
  0.000E+00  2.998E-01  1.013E+05  0.000E+00  0.000E+00  2.931E+02  2.931E+02
  0.000E+00  3.062E-01  1.013E+05  0.000E+00  0.000E+00  2.931E+02  2.931E+02
  0.000E+00  3.125E-01  1.013E+05  0.000E+00  0.000E+00  2.931E+02  2.931E+02
  0.000E+00  3.188E-01  1.013E+05  0.000E+00  0.000E+00  2.931E+02  2.931E+02
  0.000E+00  3.251E-01  1.013E+05  0.000E+00  0.000E+00  2.931E+02  2.931E+02
  0.000E+00  3.314E-01  1.013E+05  0.000E+00  0.000E+00  2.931E+02  2.931E+02
  0.000E+00  3.377E-01  1.013E+05  0.000E+00  0.000E+00  2.931E+02  2.931E+02
  0.000E+00  3.440E-01  1.013E+05  0.000E+00  0.000E+00  2.930E+02  2.930E+02
  0.000E+00  3.503E-01  1.013E+05  0.000E+00  0.000E+00  2.930E+02  2.930E+02
  0.000E+00  3.567E-01  1.013E+05  0.000E+00  0.000E+00  2.930E+02  2.930E+02
  0.000E+00  3.630E-01  1.013E+05  0.000E+00  0.000E+00  2.930E+02  2.930E+02
  0.000E+00  3.693E-01  1.013E+05  0.000E+00  0.000E+00  2.930E+02  2.930E+02
  0.000E+00  3.756E-01  1.013E+05  0.000E+00  0.000E+00  2.930E+02  2.930E+02
  0.000E+00  3.819E-01  1.013E+05  0.000E+00  0.000E+00  2.930E+02  2.930E+02
  0.000E+00  3.882E-01  1.013E+05  0.000E+00  0.000E+00  2.930E+02  2.930E+02
  0.000E+00  3.945E-01  1.013E+05  0.000E+00  0.000E+00  2.930E+02  2.930E+02
  0.000E+00  4.008E-01  1.013E+05  0.000E+00  0.000E+00  2.930E+02  2.930E+02
  0.000E+00  4.072E-01  1.013E+05  0.000E+00  0.000E+00  2.930E+02  2.930E+02
  0.000E+00  4.135E-01  1.013E+05  0.000E+00  0.000E+00  2.930E+02  2.930E+02
  0.000E+00  4.198E-01  1.013E+05  0.000E+00  0.000E+00  2.930E+02  2.930E+02
  0.000E+00  4.261E-01  1.013E+05  0.000E+00  0.000E+00  2.930E+02  2.930E+02
  0.000E+00  4.324E-01  1.013E+05  0.000E+00  0.000E+00  2.930E+02  2.930E+02
  0.000E+00  4.387E-01  1.013E+05  0.000E+00  0.000E+00  2.930E+02  2.930E+02
  0.000E+00  4.450E-01  1.013E+05  0.000E+00  0.000E+00  2.930E+02  2.930E+02
  0.000E+00  4.513E-01  1.013E+05  0.000E+00  0.000E+00  2.930E+02  2.930E+02
  0.000E+00  4.577E-01  1.013E+05  0.000E+00  0.000E+00  2.930E+02  2.930E+02
  0.000E+00  4.640E-01  1.013E+05  0.000E+00  0.000E+00  2.930E+02  2.930E+02
  0.000E+00  4.703E-01  1.013E+05  0.000E+00  0.000E+00  2.930E+02  2.930E+02
  0.000E+00  4.766E-01  1.013E+05  0.000E+00  0.000E+00  2.930E+02  2.930E+02
  0.000E+00  4.829E-01  1.013E+05  0.000E+00  0.000E+00  2.930E+02  2.930E+02
  0.000E+00  4.892E-01  1.013E+05  0.000E+00  0.000E+00  2.930E+02  2.930E+02
  0.000E+00  4.955E-01  1.013E+05  0.000E+00  0.000E+00  2.930E+02  2.930E+02
  0.000E+00  5.018E-01  1.013E+05  0.000E+00  0.000E+00  2.930E+02  2.930E+02
  0.000E+00  5.050E-01  1.013E+05  0.000E+00  0.000E+00  2.930E+02  2.930E+02
  1.417E-02  0.000E+00  1.013E+05  0.000E+00  0.000E+00  2.930E+02  2.935E+02
  1.417E-02  3.156E-03  1.013E+05  1.959E-06 -5.195E-03  2.935E+02  2.935E+02
  1.417E-02  9.469E-03  1.013E+05  2.606E-06 -3.495E-03  2.938E+02  2.938E+02
  1.417E-02  1.578E-02  1.013E+05  1.267E-05 -4.092E-03  2.939E+02  2.939E+02
  1.417E-02  2.209E-02  1.013E+05  1.397E-05 -4.144E-03  2.940E+02  2.940E+02
  1.417E-02  2.841E-02  1.013E+05  2.393E-05 -4.345E-03  2.941E+02  2.941E+02
  1.417E-02  3.472E-02  1.013E+05  2.459E-05 -4.580E-03  2.941E+02  2.941E+02
  1.417E-02  4.103E-02  1.013E+05  2.326E-05 -4.877E-03  2.942E+02  2.942E+02
  1.417E-02  4.734E-02  1.013E+05  1.254E-05 -5.246E-03  2.943E+02  2.943E+02
  1.417E-02  5.366E-02  1.013E+05  1.180E-05 -5.674E-03  2.944E+02  2.944E+02
  1.417E-02  5.997E-02  1.013E+05  1.148E-05 -6.159E-03  2.946E+02  2.946E+02
  1.417E-02  6.628E-02  1.013E+05  2.103E-07 -6.719E-03  2.948E+02  2.947E+02
  1.417E-02  7.259E-02  1.013E+05 -1.091E-05 -7.366E-03  2.950E+02  2.950E+02
  1.417E-02  7.891E-02  1.013E+05 -1.099E-05 -8.106E-03  2.956E+02  2.956E+02
  1.417E-02  8.522E-02  1.013E+05 -1.136E-05 -8.931E-03  2.974E+02  2.973E+02
  1.417E-02  9.153E-02  1.013E+05 -2.165E-05 -9.869E-03  3.032E+02  3.028E+02
  1.417E-02  9.784E-02  1.013E+05 -2.228E-05 -1.090E-02  3.225E+02  3.225E+02
  1.417E-02  1.042E-01  1.013E+05 -2.184E-05 -1.090E-02  3.796E+02  4.376E+02
  1.417E-02  1.105E-01  1.013E+05 -2.176E-05 -1.069E-02  3.308E+02  3.488E+02
  1.417E-02  1.168E-01  1.013E+05 -2.174E-05 -9.635E-03  3.085E+02  3.151E+02
  1.417E-02  1.231E-01  1.013E+05 -2.201E-05 -8.608E-03  2.998E+02  3.022E+02
  1.417E-02  1.294E-01  1.013E+05 -2.160E-05 -7.698E-03  2.965E+02  2.974E+02
  1.417E-02  1.357E-01  1.013E+05 -1.056E-05 -6.874E-03  2.953E+02  2.956E+02
  1.417E-02  1.420E-01  1.013E+05  2.276E-07 -6.123E-03  2.948E+02  2.949E+02
  1.417E-02  1.483E-01  1.013E+05  1.082E-06 -5.456E-03  2.945E+02  2.945E+02
  1.417E-02  1.547E-01  1.013E+05  1.206E-05 -4.866E-03  2.943E+02  2.943E+02
  1.417E-02  1.610E-01  1.013E+05  2.196E-05 -4.320E-03  2.941E+02  2.942E+02
  1.417E-02  1.673E-01  1.013E+05  1.247E-05 -3.837E-03  2.940E+02  2.940E+02
  1.417E-02  1.736E-01  1.013E+05  2.167E-05 -3.417E-03  2.939E+02  2.939E+02
  1.417E-02  1.799E-01  1.013E+05  2.243E-05 -3.034E-03  2.938E+02  2.939E+02
  1.417E-02  1.862E-01  1.013E+05  2.215E-05 -2.695E-03  2.938E+02  2.938E+02
  1.417E-02  1.925E-01  1.013E+05  2.095E-05 -2.398E-03  2.937E+02  2.937E+02
  1.417E-02  1.988E-01  1.013E+05  1.128E-05 -2.134E-03  2.936E+02  2.936E+02
  1.417E-02  2.052E-01  1.013E+05  2.011E-05 -1.891E-03  2.936E+02  2.936E+02
  1.417E-02  2.115E-01  1.013E+05  1.062E-05 -1.675E-03  2.935E+02  2.935E+02
  1.417E-02  2.178E-01  1.013E+05  9.820E-06 -1.496E-03  2.934E+02  2.935E+02
  1.417E-02  2.241E-01  1.013E+05  9.130E-06 -1.333E-03  2.934E+02  2.934E+02
  1.417E-02  2.304E-01  1.013E+05 -2.526E-07 -1.183E-03  2.934E+02  2.934E+02
  1.417E-02  2.367E-01  1.013E+05  8.898E-06 -1.052E-03  2.933E+02  2.933E+02
  1.417E-02  2.430E-01  1.013E+05 -4.594E-07 -9.410E-04  2.933E+02  2.933E+02
  1.417E-02  2.493E-01  1.013E+05 -1.113E-06 -8.389E-04  2.933E+02  2.933E+02
  1.417E-02  2.557E-01  1.013E+05 -1.789E-06 -7.374E-04  2.932E+02  2.932E+02
  1.417E-02  2.620E-01  1.013E+05 -1.156E-05 -6.582E-04  2.932E+02  2.932E+02
  1.417E-02  2.683E-01  1.013E+05 -1.751E-06 -5.948E-04  2.932E+02  2.932E+02
  1.417E-02  2.746E-01  1.013E+05 -6.101E-07 -5.281E-04  2.932E+02  2.932E+02
  1.417E-02  2.809E-01  1.013E+05 -4.625E-07 -4.682E-04  2.931E+02  2.931E+02
  1.417E-02  2.872E-01  1.013E+05 -1.066E-06 -4.120E-04  2.931E+02  2.931E+02
  1.417E-02  2.935E-01  1.013E+05 -1.165E-05 -3.637E-04  2.931E+02  2.931E+02
  1.417E-02  2.998E-01  1.013E+05 -1.150E-05 -3.337E-04  2.931E+02  2.931E+02
  1.417E-02  3.062E-01  1.013E+05 -3.206E-07 -2.963E-04  2.931E+02  2.931E+02
  1.417E-02  3.125E-01  1.013E+05 -2.460E-07 -2.513E-04  2.931E+02  2.931E+02
  1.417E-02  3.188E-01  1.013E+05 -1.091E-05 -2.243E-04  2.931E+02  2.931E+02
  1.417E-02  3.251E-01  1.013E+05 -1.188E-05 -2.058E-04  2.931E+02  2.931E+02
  1.417E-02  3.314E-01  1.013E+05 -1.083E-05 -1.869E-04  2.931E+02  2.931E+02
  1.417E-02  3.377E-01  1.013E+05 -4.323E-08 -1.638E-04  2.931E+02  2.931E+02
  1.417E-02  3.440E-01  1.013E+05 -8.483E-08 -1.337E-04  2.930E+02  2.930E+02
  1.417E-02  3.503E-01  1.013E+05 -1.129E-05 -1.142E-04  2.930E+02  2.930E+02
  1.417E-02  3.567E-01  1.013E+05 -1.135E-05 -1.110E-04  2.930E+02  2.930E+02
  1.417E-02  3.630E-01  1.013E+05 -6.409E-07 -1.075E-04  2.930E+02  2.930E+02
  1.417E-02  3.693E-01  1.013E+05  1.205E-07 -9.235E-05  2.930E+02  2.930E+02
  1.417E-02  3.756E-01  1.013E+05 -1.356E-07 -7.793E-05  2.930E+02  2.930E+02
  1.417E-02  3.819E-01  1.013E+05 -1.196E-07 -7.102E-05  2.930E+02  2.930E+02
  1.417E-02  3.882E-01  1.013E+05 -4.860E-08 -5.663E-05  2.930E+02  2.930E+02
  1.417E-02  3.945E-01  1.013E+05  2.386E-07 -4.132E-05  2.930E+02  2.930E+02
  1.417E-02  4.008E-01  1.013E+05 -4.850E-07 -3.680E-05  2.930E+02  2.930E+02
  1.417E-02  4.072E-01  1.013E+05 -1.124E-05 -4.208E-05  2.930E+02  2.930E+02
  1.417E-02  4.135E-01  1.013E+05 -1.116E-05 -4.880E-05  2.930E+02  2.930E+02
  1.417E-02  4.198E-01  1.013E+05 -3.244E-07 -3.644E-05  2.930E+02  2.930E+02
  1.417E-02  4.261E-01  1.013E+05  4.376E-07 -2.547E-05  2.930E+02  2.930E+02
  1.417E-02  4.324E-01  1.013E+05  2.484E-07 -2.858E-05  2.930E+02  2.930E+02
  1.417E-02  4.387E-01  1.013E+05  1.712E-07 -2.265E-05  2.930E+02  2.930E+02
  1.417E-02  4.450E-01  1.013E+05  1.738E-07 -1.830E-05  2.930E+02  2.930E+02
  1.417E-02  4.513E-01  1.013E+05  1.380E-07 -1.487E-05  2.930E+02  2.930E+02
  1.417E-02  4.577E-01  1.013E+05  1.191E-07 -3.046E-06  2.930E+02  2.930E+02
  1.417E-02  4.640E-01  1.013E+05  5.412E-08 -2.622E-06  2.930E+02  2.930E+02
  1.417E-02  4.703E-01  1.013E+05 -4.251E-08 -1.506E-05  2.930E+02  2.930E+02
  1.417E-02  4.766E-01  1.013E+05 -6.085E-08 -1.519E-05  2.930E+02  2.930E+02
  1.417E-02  4.829E-01  1.013E+05 -7.767E-10 -3.323E-06  2.930E+02  2.930E+02
  1.417E-02  4.892E-01  1.013E+05  4.036E-09  1.092E-06  2.930E+02  2.930E+02
  1.417E-02  4.955E-01  1.013E+05  9.075E-09  2.528E-07  2.930E+02  2.930E+02
  1.417E-02  5.018E-01  1.013E+05  9.324E-09  7.630E-07  2.930E+02  2.930E+02
  1.417E-02  5.050E-01  1.013E+05  9.324E-09  7.630E-07  2.930E+02  2.930E+02
  4.252E-02  0.000E+00  1.013E+05  0.000E+00  0.000E+00  2.930E+02  2.935E+02
  4.252E-02  3.156E-03  1.013E+05  2.508E-05 -5.193E-03  2.935E+02  2.935E+02
  4.252E-02  9.469E-03  1.013E+05  2.502E-05 -3.485E-03  2.939E+02  2.939E+02
  4.252E-02  1.578E-02  1.013E+05  2.483E-05 -4.079E-03  2.940E+02  2.940E+02
  4.252E-02  2.209E-02  1.013E+05  2.451E-05 -4.131E-03  2.941E+02  2.941E+02
  4.252E-02  2.841E-02  1.013E+05  2.439E-05 -4.335E-03  2.942E+02  2.941E+02
  4.252E-02  3.472E-02  1.013E+05  2.341E-05 -4.583E-03  2.942E+02  2.942E+02
  4.252E-02  4.103E-02  1.013E+05  2.021E-05 -4.894E-03  2.943E+02  2.943E+02
  4.252E-02  4.734E-02  1.013E+05  1.596E-05 -5.261E-03  2.944E+02  2.944E+02
  4.252E-02  5.366E-02  1.013E+05  1.323E-05 -5.679E-03  2.945E+02  2.945E+02
  4.252E-02  5.997E-02  1.013E+05  1.099E-05 -6.175E-03  2.946E+02  2.946E+02
  4.252E-02  6.628E-02  1.013E+05  5.693E-06 -6.745E-03  2.948E+02  2.947E+02
  4.252E-02  7.259E-02  1.013E+05  1.935E-06 -7.380E-03  2.950E+02  2.950E+02
  4.252E-02  7.891E-02  1.013E+05  8.830E-07 -8.109E-03  2.956E+02  2.956E+02
  4.252E-02  8.522E-02  1.013E+05 -1.738E-06 -8.943E-03  2.974E+02  2.973E+02
  4.252E-02  9.153E-02  1.013E+05 -5.574E-06 -9.883E-03  3.032E+02  3.029E+02
  4.252E-02  9.784E-02  1.013E+05 -8.351E-06 -1.090E-02  3.225E+02  3.227E+02
  4.252E-02  1.042E-01  1.013E+05 -8.880E-06 -1.090E-02  3.797E+02  4.385E+02
  4.252E-02  1.105E-01  1.013E+05 -8.903E-06 -1.069E-02  3.308E+02  3.488E+02
  4.252E-02  1.168E-01  1.013E+05 -8.172E-06 -9.640E-03  3.086E+02  3.151E+02
  4.252E-02  1.231E-01  1.013E+05 -6.215E-06 -8.610E-03  2.999E+02  3.023E+02
  4.252E-02  1.294E-01  1.013E+05 -4.862E-06 -7.687E-03  2.967E+02  2.976E+02
  4.252E-02  1.357E-01  1.013E+05 -2.137E-06 -6.854E-03  2.956E+02  2.958E+02
  4.252E-02  1.420E-01  1.013E+05  5.637E-07 -6.111E-03  2.950E+02  2.951E+02
  4.252E-02  1.483E-01  1.013E+05  1.283E-06 -5.443E-03  2.948E+02  2.948E+02
  4.252E-02  1.547E-01  1.013E+05  4.979E-06 -4.849E-03  2.945E+02  2.946E+02
  4.252E-02  1.610E-01  1.013E+05  8.929E-06 -4.320E-03  2.944E+02  2.944E+02
  4.252E-02  1.673E-01  1.013E+05  8.514E-06 -3.839E-03  2.942E+02  2.942E+02
  4.252E-02  1.736E-01  1.013E+05  9.304E-06 -3.410E-03  2.941E+02  2.941E+02
  4.252E-02  1.799E-01  1.013E+05  9.046E-06 -3.033E-03  2.940E+02  2.940E+02
  4.252E-02  1.862E-01  1.013E+05  6.387E-06 -2.702E-03  2.939E+02  2.939E+02
  4.252E-02  1.925E-01  1.013E+05  4.455E-06 -2.410E-03  2.938E+02  2.938E+02
  4.252E-02  1.988E-01  1.013E+05  2.110E-06 -2.138E-03  2.937E+02  2.937E+02
  4.252E-02  2.052E-01  1.013E+05  1.260E-06 -1.894E-03  2.936E+02  2.936E+02
  4.252E-02  2.115E-01  1.013E+05  5.166E-07 -1.684E-03  2.935E+02  2.935E+02
  4.252E-02  2.178E-01  1.013E+05 -1.662E-06 -1.503E-03  2.935E+02  2.935E+02
  4.252E-02  2.241E-01  1.013E+05 -3.608E-06 -1.341E-03  2.934E+02  2.934E+02
  4.252E-02  2.304E-01  1.013E+05 -4.603E-06 -1.184E-03  2.934E+02  2.934E+02
  4.252E-02  2.367E-01  1.013E+05 -3.977E-06 -1.053E-03  2.933E+02  2.933E+02
  4.252E-02  2.430E-01  1.013E+05 -5.092E-06 -9.484E-04  2.933E+02  2.933E+02
  4.252E-02  2.493E-01  1.013E+05 -5.816E-06 -8.450E-04  2.933E+02  2.933E+02
  4.252E-02  2.557E-01  1.013E+05 -6.236E-06 -7.468E-04  2.932E+02  2.932E+02
  4.252E-02  2.620E-01  1.013E+05 -8.381E-06 -6.580E-04  2.932E+02  2.932E+02
  4.252E-02  2.683E-01  1.013E+05 -9.085E-06 -5.832E-04  2.932E+02  2.932E+02
  4.252E-02  2.746E-01  1.013E+05 -8.690E-06 -5.223E-04  2.932E+02  2.932E+02
  4.252E-02  2.809E-01  1.013E+05 -8.532E-06 -4.702E-04  2.931E+02  2.931E+02
  4.252E-02  2.872E-01  1.013E+05 -8.334E-06 -4.247E-04  2.931E+02  2.931E+02
  4.252E-02  2.935E-01  1.013E+05 -8.354E-06 -3.730E-04  2.931E+02  2.931E+02
  4.252E-02  2.998E-01  1.013E+05 -7.126E-06 -3.205E-04  2.931E+02  2.931E+02
  4.252E-02  3.062E-01  1.013E+05 -5.577E-06 -2.834E-04  2.931E+02  2.931E+02
  4.252E-02  3.125E-01  1.013E+05 -6.956E-06 -2.613E-04  2.931E+02  2.931E+02
  4.252E-02  3.188E-01  1.013E+05 -7.944E-06 -2.390E-04  2.931E+02  2.931E+02
  4.252E-02  3.251E-01  1.013E+05 -7.871E-06 -2.055E-04  2.931E+02  2.931E+02
  4.252E-02  3.314E-01  1.013E+05 -6.950E-06 -1.713E-04  2.931E+02  2.931E+02
  4.252E-02  3.377E-01  1.013E+05 -4.285E-06 -1.532E-04  2.931E+02  2.931E+02
  4.252E-02  3.440E-01  1.013E+05 -4.192E-06 -1.466E-04  2.930E+02  2.930E+02
  4.252E-02  3.503E-01  1.013E+05 -6.956E-06 -1.272E-04  2.930E+02  2.930E+02
  4.252E-02  3.567E-01  1.013E+05 -6.956E-06 -1.008E-04  2.930E+02  2.930E+02
  4.252E-02  3.630E-01  1.013E+05 -4.458E-06 -9.360E-05  2.930E+02  2.930E+02
  4.252E-02  3.693E-01  1.013E+05 -3.595E-06 -9.009E-05  2.930E+02  2.930E+02
  4.252E-02  3.756E-01  1.013E+05 -4.000E-06 -7.901E-05  2.930E+02  2.930E+02
  4.252E-02  3.819E-01  1.013E+05 -2.946E-06 -7.063E-05  2.930E+02  2.930E+02
  4.252E-02  3.882E-01  1.013E+05 -1.444E-06 -5.503E-05  2.930E+02  2.930E+02
  4.252E-02  3.945E-01  1.013E+05 -2.897E-06 -4.328E-05  2.930E+02  2.930E+02
  4.252E-02  4.008E-01  1.013E+05 -4.006E-06 -5.077E-05  2.930E+02  2.930E+02
  4.252E-02  4.072E-01  1.013E+05 -4.058E-06 -5.245E-05  2.930E+02  2.930E+02
  4.252E-02  4.135E-01  1.013E+05 -2.953E-06 -3.736E-05  2.930E+02  2.930E+02
  4.252E-02  4.198E-01  1.013E+05 -1.656E-06 -2.196E-05  2.930E+02  2.930E+02
  4.252E-02  4.261E-01  1.013E+05 -2.211E-06 -2.291E-05  2.930E+02  2.930E+02
  4.252E-02  4.324E-01  1.013E+05 -9.794E-07 -2.979E-05  2.930E+02  2.930E+02
  4.252E-02  4.387E-01  1.013E+05  1.247E-07 -2.300E-05  2.930E+02  2.930E+02
  4.252E-02  4.450E-01  1.013E+05 -8.969E-08 -1.846E-05  2.930E+02  2.930E+02
  4.252E-02  4.513E-01  1.013E+05 -7.224E-08 -1.512E-05  2.930E+02  2.930E+02
  4.252E-02  4.577E-01  1.013E+05  9.306E-08 -3.430E-06  2.930E+02  2.930E+02
  4.252E-02  4.640E-01  1.013E+05 -9.835E-07 -3.354E-06  2.930E+02  2.930E+02
  4.252E-02  4.703E-01  1.013E+05 -2.445E-06 -1.558E-05  2.930E+02  2.930E+02
  4.252E-02  4.766E-01  1.013E+05 -9.460E-07 -1.501E-05  2.930E+02  2.930E+02
  4.252E-02  4.829E-01  1.013E+05  2.238E-07 -3.036E-06  2.930E+02  2.930E+02
  4.252E-02  4.892E-01  1.013E+05  1.624E-08  1.134E-06  2.930E+02  2.930E+02
  4.252E-02  4.955E-01  1.013E+05  3.776E-08  2.745E-07  2.930E+02  2.930E+02
  4.252E-02  5.018E-01  1.013E+05  2.387E-08  6.795E-07  2.930E+02  2.930E+02
  4.252E-02  5.050E-01  1.013E+05  2.387E-08  6.795E-07  2.930E+02  2.930E+02
  7.087E-02  0.000E+00  1.013E+05  0.000E+00  0.000E+00  2.930E+02  2.935E+02
  7.087E-02  3.156E-03  1.013E+05  5.277E-05 -5.196E-03  2.935E+02  2.935E+02
  7.087E-02  9.469E-03  1.013E+05  5.068E-05 -3.497E-03  2.939E+02  2.938E+02
  7.087E-02  1.578E-02  1.013E+05  4.728E-05 -4.094E-03  2.940E+02  2.940E+02
  7.087E-02  2.209E-02  1.013E+05  4.447E-05 -4.146E-03  2.940E+02  2.940E+02
  7.087E-02  2.841E-02  1.013E+05  4.005E-05 -4.350E-03  2.941E+02  2.941E+02
  7.087E-02  3.472E-02  1.013E+05  3.622E-05 -4.599E-03  2.941E+02  2.941E+02
  7.087E-02  4.103E-02  1.013E+05  3.184E-05 -4.911E-03  2.942E+02  2.942E+02
  7.087E-02  4.734E-02  1.013E+05  2.898E-05 -5.278E-03  2.942E+02  2.942E+02
  7.087E-02  5.366E-02  1.013E+05  2.577E-05 -5.696E-03  2.944E+02  2.943E+02
  7.087E-02  5.997E-02  1.013E+05  2.201E-05 -6.193E-03  2.945E+02  2.945E+02
  7.087E-02  6.628E-02  1.013E+05  2.089E-05 -6.760E-03  2.947E+02  2.947E+02
  7.087E-02  7.259E-02  1.013E+05  1.984E-05 -7.388E-03  2.949E+02  2.949E+02
  7.087E-02  7.891E-02  1.013E+05  1.592E-05 -8.123E-03  2.955E+02  2.955E+02
  7.087E-02  8.522E-02  1.013E+05  1.335E-05 -8.961E-03  2.972E+02  2.971E+02
  7.087E-02  9.153E-02  1.013E+05  1.360E-05 -9.901E-03  3.030E+02  3.027E+02
  7.087E-02  9.784E-02  1.013E+05  1.208E-05 -1.091E-02  3.223E+02  3.224E+02
  7.087E-02  1.042E-01  1.013E+05  9.717E-06 -1.091E-02  3.794E+02  4.379E+02
  7.087E-02  1.105E-01  1.013E+05  7.367E-06 -1.069E-02  3.306E+02  3.486E+02
  7.087E-02  1.168E-01  1.013E+05  6.369E-06 -9.627E-03  3.084E+02  3.149E+02
  7.087E-02  1.231E-01  1.013E+05  6.840E-06 -8.597E-03  2.998E+02  3.021E+02
  7.087E-02  1.294E-01  1.013E+05  6.134E-06 -7.683E-03  2.966E+02  2.975E+02
  7.087E-02  1.357E-01  1.013E+05  4.325E-06 -6.854E-03  2.955E+02  2.958E+02
  7.087E-02  1.420E-01  1.013E+05  2.821E-06 -6.111E-03  2.950E+02  2.951E+02
  7.087E-02  1.483E-01  1.013E+05  8.757E-07 -5.439E-03  2.947E+02  2.948E+02
  7.087E-02  1.547E-01  1.013E+05  1.047E-07 -4.834E-03  2.945E+02  2.945E+02
  7.087E-02  1.610E-01  1.013E+05  5.570E-07 -4.307E-03  2.943E+02  2.944E+02
  7.087E-02  1.673E-01  1.013E+05 -2.154E-07 -3.837E-03  2.942E+02  2.942E+02
  7.087E-02  1.736E-01  1.013E+05 -3.553E-06 -3.416E-03  2.941E+02  2.941E+02
  7.087E-02  1.799E-01  1.013E+05 -6.923E-06 -3.049E-03  2.940E+02  2.940E+02
  7.087E-02  1.862E-01  1.013E+05 -7.847E-06 -2.717E-03  2.938E+02  2.939E+02
  7.087E-02  1.925E-01  1.013E+05 -7.702E-06 -2.418E-03  2.937E+02  2.938E+02
  7.087E-02  1.988E-01  1.013E+05 -8.868E-06 -2.149E-03  2.937E+02  2.937E+02
  7.087E-02  2.052E-01  1.013E+05 -1.117E-05 -1.899E-03  2.936E+02  2.936E+02
  7.087E-02  2.115E-01  1.013E+05 -1.316E-05 -1.689E-03  2.935E+02  2.935E+02
  7.087E-02  2.178E-01  1.013E+05 -1.572E-05 -1.515E-03  2.935E+02  2.935E+02
  7.087E-02  2.241E-01  1.013E+05 -1.574E-05 -1.347E-03  2.934E+02  2.934E+02
  7.087E-02  2.304E-01  1.013E+05 -1.426E-05 -1.185E-03  2.934E+02  2.934E+02
  7.087E-02  2.367E-01  1.013E+05 -1.583E-05 -1.054E-03  2.933E+02  2.933E+02
  7.087E-02  2.430E-01  1.013E+05 -1.698E-05 -9.494E-04  2.933E+02  2.933E+02
  7.087E-02  2.493E-01  1.013E+05 -1.702E-05 -8.442E-04  2.932E+02  2.932E+02
  7.087E-02  2.557E-01  1.013E+05 -1.597E-05 -7.491E-04  2.932E+02  2.932E+02
  7.087E-02  2.620E-01  1.013E+05 -1.451E-05 -6.711E-04  2.932E+02  2.932E+02
  7.087E-02  2.683E-01  1.013E+05 -1.585E-05 -5.963E-04  2.932E+02  2.932E+02
  7.087E-02  2.746E-01  1.013E+05 -1.684E-05 -5.257E-04  2.931E+02  2.931E+02
  7.087E-02  2.809E-01  1.013E+05 -1.673E-05 -4.666E-04  2.931E+02  2.931E+02
  7.087E-02  2.872E-01  1.013E+05 -1.573E-05 -4.112E-04  2.931E+02  2.931E+02
  7.087E-02  2.935E-01  1.013E+05 -1.334E-05 -3.583E-04  2.931E+02  2.931E+02
  7.087E-02  2.998E-01  1.013E+05 -1.216E-05 -3.212E-04  2.931E+02  2.931E+02
  7.087E-02  3.062E-01  1.013E+05 -1.337E-05 -2.955E-04  2.931E+02  2.931E+02
  7.087E-02  3.125E-01  1.013E+05 -1.476E-05 -2.619E-04  2.931E+02  2.931E+02
  7.087E-02  3.188E-01  1.013E+05 -1.330E-05 -2.284E-04  2.931E+02  2.931E+02
  7.087E-02  3.251E-01  1.013E+05 -1.208E-05 -2.014E-04  2.931E+02  2.931E+02
  7.087E-02  3.314E-01  1.013E+05 -1.238E-05 -1.708E-04  2.931E+02  2.931E+02
  7.087E-02  3.377E-01  1.013E+05 -1.132E-05 -1.515E-04  2.931E+02  2.931E+02
  7.087E-02  3.440E-01  1.013E+05 -8.944E-06 -1.457E-04  2.931E+02  2.931E+02
  7.087E-02  3.503E-01  1.013E+05 -7.952E-06 -1.266E-04  2.930E+02  2.930E+02
  7.087E-02  3.567E-01  1.013E+05 -8.073E-06 -9.985E-05  2.930E+02  2.930E+02
  7.087E-02  3.630E-01  1.013E+05 -7.902E-06 -9.243E-05  2.930E+02  2.930E+02
  7.087E-02  3.693E-01  1.013E+05 -7.812E-06 -9.032E-05  2.930E+02  2.930E+02
  7.087E-02  3.756E-01  1.013E+05 -7.962E-06 -7.503E-05  2.930E+02  2.930E+02
  7.087E-02  3.819E-01  1.013E+05 -7.058E-06 -5.956E-05  2.930E+02  2.930E+02
  7.087E-02  3.882E-01  1.013E+05 -4.433E-06 -5.644E-05  2.930E+02  2.930E+02
  7.087E-02  3.945E-01  1.013E+05 -4.619E-06 -5.284E-05  2.930E+02  2.930E+02
  7.087E-02  4.008E-01  1.013E+05 -6.320E-06 -4.203E-05  2.930E+02  2.930E+02
  7.087E-02  4.072E-01  1.013E+05 -4.854E-06 -3.737E-05  2.930E+02  2.930E+02
  7.087E-02  4.135E-01  1.013E+05 -3.768E-06 -3.803E-05  2.930E+02  2.930E+02
  7.087E-02  4.198E-01  1.013E+05 -3.917E-06 -3.313E-05  2.930E+02  2.930E+02
  7.087E-02  4.261E-01  1.013E+05 -4.072E-06 -2.245E-05  2.930E+02  2.930E+02
  7.087E-02  4.324E-01  1.013E+05 -2.921E-06 -1.811E-05  2.930E+02  2.930E+02
  7.087E-02  4.387E-01  1.013E+05 -1.615E-06 -1.867E-05  2.930E+02  2.930E+02
  7.087E-02  4.450E-01  1.013E+05 -1.931E-06 -1.920E-05  2.930E+02  2.930E+02
  7.087E-02  4.513E-01  1.013E+05 -1.582E-06 -1.406E-05  2.930E+02  2.930E+02
  7.087E-02  4.577E-01  1.013E+05 -2.755E-06 -7.151E-06  2.930E+02  2.930E+02
  7.087E-02  4.640E-01  1.013E+05 -4.018E-06 -1.403E-05  2.930E+02  2.930E+02
  7.087E-02  4.703E-01  1.013E+05 -2.892E-06 -1.490E-05  2.930E+02  2.930E+02
  7.087E-02  4.766E-01  1.013E+05 -4.688E-07 -3.215E-06  2.930E+02  2.930E+02
  7.087E-02  4.829E-01  1.013E+05  4.205E-07  9.906E-07  2.930E+02  2.930E+02
  7.087E-02  4.892E-01  1.013E+05  1.596E-07  2.510E-07  2.930E+02  2.930E+02
  7.087E-02  4.955E-01  1.013E+05  1.203E-07  2.831E-07  2.930E+02  2.930E+02
  7.087E-02  5.018E-01  1.013E+05  7.770E-08  4.846E-07  2.930E+02  2.930E+02
  7.087E-02  5.050E-01  1.013E+05  7.770E-08  4.846E-07  2.930E+02  2.930E+02
  9.922E-02  0.000E+00  1.013E+05  0.000E+00  0.000E+00  2.930E+02  2.935E+02
  9.922E-02  3.156E-03  1.013E+05  6.858E-05 -5.239E-03  2.935E+02  2.935E+02
  9.922E-02  9.469E-03  1.013E+05  6.652E-05 -3.509E-03  2.939E+02  2.939E+02
  9.922E-02  1.578E-02  1.013E+05  6.162E-05 -4.106E-03  2.941E+02  2.940E+02
  9.922E-02  2.209E-02  1.013E+05  5.713E-05 -4.163E-03  2.941E+02  2.941E+02
  9.922E-02  2.841E-02  1.013E+05  5.256E-05 -4.372E-03  2.942E+02  2.942E+02
  9.922E-02  3.472E-02  1.013E+05  4.783E-05 -4.619E-03  2.942E+02  2.942E+02
  9.922E-02  4.103E-02  1.013E+05  4.390E-05 -4.926E-03  2.943E+02  2.943E+02
  9.922E-02  4.734E-02  1.013E+05  4.262E-05 -5.288E-03  2.944E+02  2.944E+02
  9.922E-02  5.366E-02  1.013E+05  4.116E-05 -5.710E-03  2.945E+02  2.945E+02
  9.922E-02  5.997E-02  1.013E+05  3.826E-05 -6.196E-03  2.946E+02  2.946E+02
  9.922E-02  6.628E-02  1.013E+05  3.580E-05 -6.755E-03  2.948E+02  2.948E+02
  9.922E-02  7.259E-02  1.013E+05  3.324E-05 -7.402E-03  2.951E+02  2.951E+02
  9.922E-02  7.891E-02  1.013E+05  3.054E-05 -8.138E-03  2.957E+02  2.957E+02
  9.922E-02  8.522E-02  1.013E+05  2.859E-05 -8.954E-03  2.975E+02  2.974E+02
  9.922E-02  9.153E-02  1.013E+05  2.947E-05 -9.889E-03  3.033E+02  3.030E+02
  9.922E-02  9.784E-02  1.013E+05  2.916E-05 -1.092E-02  3.226E+02  3.228E+02
  9.922E-02  1.042E-01  1.013E+05  2.503E-05 -1.092E-02  3.798E+02  4.388E+02
  9.922E-02  1.105E-01  1.013E+05  2.158E-05 -1.071E-02  3.309E+02  3.488E+02
  9.922E-02  1.168E-01  1.013E+05  1.986E-05 -9.642E-03  3.086E+02  3.151E+02
  9.922E-02  1.231E-01  1.013E+05  1.682E-05 -8.611E-03  2.999E+02  3.023E+02
  9.922E-02  1.294E-01  1.013E+05  1.276E-05 -7.698E-03  2.967E+02  2.976E+02
  9.922E-02  1.357E-01  1.013E+05  8.978E-06 -6.869E-03  2.955E+02  2.958E+02
  9.922E-02  1.420E-01  1.013E+05  5.527E-06 -6.126E-03  2.950E+02  2.951E+02
  9.922E-02  1.483E-01  1.013E+05  1.291E-06 -5.455E-03  2.947E+02  2.948E+02
  9.922E-02  1.547E-01  1.013E+05 -5.773E-06 -4.850E-03  2.945E+02  2.946E+02
  9.922E-02  1.610E-01  1.013E+05 -1.148E-05 -4.321E-03  2.944E+02  2.944E+02
  9.922E-02  1.673E-01  1.013E+05 -1.443E-05 -3.858E-03  2.942E+02  2.942E+02
  9.922E-02  1.736E-01  1.013E+05 -1.874E-05 -3.440E-03  2.941E+02  2.941E+02
  9.922E-02  1.799E-01  1.013E+05 -2.033E-05 -3.052E-03  2.940E+02  2.940E+02
  9.922E-02  1.862E-01  1.013E+05 -2.086E-05 -2.705E-03  2.939E+02  2.939E+02
  9.922E-02  1.925E-01  1.013E+05 -2.331E-05 -2.415E-03  2.938E+02  2.938E+02
  9.922E-02  1.988E-01  1.013E+05 -2.397E-05 -2.154E-03  2.937E+02  2.937E+02
  9.922E-02  2.052E-01  1.013E+05 -2.472E-05 -1.913E-03  2.936E+02  2.936E+02
  9.922E-02  2.115E-01  1.013E+05 -2.712E-05 -1.704E-03  2.936E+02  2.936E+02
  9.922E-02  2.178E-01  1.013E+05 -2.830E-05 -1.514E-03  2.935E+02  2.935E+02
  9.922E-02  2.241E-01  1.013E+05 -2.704E-05 -1.334E-03  2.934E+02  2.934E+02
  9.922E-02  2.304E-01  1.013E+05 -2.557E-05 -1.184E-03  2.934E+02  2.934E+02
  9.922E-02  2.367E-01  1.013E+05 -2.725E-05 -1.065E-03  2.933E+02  2.933E+02
  9.922E-02  2.430E-01  1.013E+05 -2.745E-05 -9.536E-04  2.933E+02  2.933E+02
  9.922E-02  2.493E-01  1.013E+05 -2.491E-05 -8.403E-04  2.933E+02  2.933E+02
  9.922E-02  2.557E-01  1.013E+05 -2.424E-05 -7.355E-04  2.932E+02  2.932E+02
  9.922E-02  2.620E-01  1.013E+05 -2.354E-05 -6.574E-04  2.932E+02  2.932E+02
  9.922E-02  2.683E-01  1.013E+05 -2.121E-05 -5.936E-04  2.932E+02  2.932E+02
  9.922E-02  2.746E-01  1.013E+05 -2.061E-05 -5.262E-04  2.931E+02  2.932E+02
  9.922E-02  2.809E-01  1.013E+05 -1.994E-05 -4.652E-04  2.931E+02  2.931E+02
  9.922E-02  2.872E-01  1.013E+05 -1.759E-05 -4.095E-04  2.931E+02  2.931E+02
  9.922E-02  2.935E-01  1.013E+05 -1.643E-05 -3.570E-04  2.931E+02  2.931E+02
  9.922E-02  2.998E-01  1.013E+05 -1.764E-05 -3.206E-04  2.931E+02  2.931E+02
  9.922E-02  3.062E-01  1.013E+05 -1.892E-05 -2.950E-04  2.931E+02  2.931E+02
  9.922E-02  3.125E-01  1.013E+05 -1.747E-05 -2.609E-04  2.931E+02  2.931E+02
  9.922E-02  3.188E-01  1.013E+05 -1.538E-05 -2.269E-04  2.931E+02  2.931E+02
  9.922E-02  3.251E-01  1.013E+05 -1.326E-05 -2.014E-04  2.931E+02  2.931E+02
  9.922E-02  3.314E-01  1.013E+05 -1.237E-05 -1.679E-04  2.931E+02  2.931E+02
  9.922E-02  3.377E-01  1.013E+05 -1.285E-05 -1.378E-04  2.931E+02  2.931E+02
  9.922E-02  3.440E-01  1.013E+05 -1.188E-05 -1.315E-04  2.930E+02  2.930E+02
  9.922E-02  3.503E-01  1.013E+05 -9.459E-06 -1.233E-04  2.930E+02  2.930E+02
  9.922E-02  3.567E-01  1.013E+05 -8.488E-06 -1.006E-04  2.930E+02  2.930E+02
  9.922E-02  3.630E-01  1.013E+05 -8.682E-06 -9.245E-05  2.930E+02  2.930E+02
  9.922E-02  3.693E-01  1.013E+05 -8.613E-06 -9.038E-05  2.930E+02  2.930E+02
  9.922E-02  3.756E-01  1.013E+05 -8.537E-06 -7.565E-05  2.930E+02  2.930E+02
  9.922E-02  3.819E-01  1.013E+05 -8.621E-06 -5.480E-05  2.930E+02  2.930E+02
  9.922E-02  3.882E-01  1.013E+05 -7.646E-06 -4.410E-05  2.930E+02  2.930E+02
  9.922E-02  3.945E-01  1.013E+05 -5.219E-06 -5.177E-05  2.930E+02  2.930E+02
  9.922E-02  4.008E-01  1.013E+05 -4.277E-06 -5.183E-05  2.930E+02  2.930E+02
  9.922E-02  4.072E-01  1.013E+05 -4.389E-06 -4.099E-05  2.930E+02  2.930E+02
  9.922E-02  4.135E-01  1.013E+05 -4.310E-06 -3.317E-05  2.930E+02  2.930E+02
  9.922E-02  4.198E-01  1.013E+05 -4.240E-06 -2.333E-05  2.930E+02  2.930E+02
  9.922E-02  4.261E-01  1.013E+05 -4.082E-06 -1.845E-05  2.930E+02  2.930E+02
  9.922E-02  4.324E-01  1.013E+05 -3.973E-06 -1.876E-05  2.930E+02  2.930E+02
  9.922E-02  4.387E-01  1.013E+05 -3.855E-06 -1.856E-05  2.930E+02  2.930E+02
  9.922E-02  4.450E-01  1.013E+05 -3.817E-06 -1.832E-05  2.930E+02  2.930E+02
  9.922E-02  4.513E-01  1.013E+05 -3.790E-06 -1.883E-05  2.930E+02  2.930E+02
  9.922E-02  4.577E-01  1.013E+05 -3.960E-06 -1.438E-05  2.930E+02  2.930E+02
  9.922E-02  4.640E-01  1.013E+05 -3.127E-06 -3.973E-06  2.930E+02  2.930E+02
  9.922E-02  4.703E-01  1.013E+05 -7.557E-07  3.486E-07  2.930E+02  2.930E+02
  9.922E-02  4.766E-01  1.013E+05  1.235E-07 -1.417E-07  2.930E+02  2.930E+02
  9.922E-02  4.829E-01  1.013E+05 -6.947E-08 -2.183E-07  2.930E+02  2.930E+02
  9.922E-02  4.892E-01  1.013E+05 -1.238E-08 -2.178E-07  2.930E+02  2.930E+02
  9.922E-02  4.955E-01  1.013E+05  3.625E-09 -9.549E-08  2.930E+02  2.930E+02
  9.922E-02  5.018E-01  1.013E+05  1.063E-08 -2.107E-07  2.930E+02  2.930E+02
  9.922E-02  5.050E-01  1.013E+05  1.063E-08 -2.107E-07  2.930E+02  2.930E+02
  1.276E-01  0.000E+00  1.013E+05  0.000E+00  0.000E+00  2.930E+02  2.935E+02
  1.276E-01  3.156E-03  1.013E+05  9.125E-05 -5.242E-03  2.935E+02  2.935E+02
  1.276E-01  9.469E-03  1.013E+05  8.849E-05 -3.528E-03  2.939E+02  2.938E+02
  1.276E-01  1.578E-02  1.013E+05  8.061E-05 -4.136E-03  2.940E+02  2.940E+02
  1.276E-01  2.209E-02  1.013E+05  7.290E-05 -4.186E-03  2.941E+02  2.941E+02
  1.276E-01  2.841E-02  1.013E+05  6.811E-05 -4.391E-03  2.942E+02  2.942E+02
  1.276E-01  3.472E-02  1.013E+05  6.264E-05 -4.637E-03  2.942E+02  2.942E+02
  1.276E-01  4.103E-02  1.013E+05  5.718E-05 -4.934E-03  2.943E+02  2.943E+02
  1.276E-01  4.734E-02  1.013E+05  5.321E-05 -5.290E-03  2.944E+02  2.944E+02
  1.276E-01  5.366E-02  1.013E+05  4.906E-05 -5.716E-03  2.945E+02  2.945E+02
  1.276E-01  5.997E-02  1.013E+05  4.503E-05 -6.218E-03  2.947E+02  2.946E+02
  1.276E-01  6.628E-02  1.013E+05  4.096E-05 -6.783E-03  2.948E+02  2.948E+02
  1.276E-01  7.259E-02  1.013E+05  3.685E-05 -7.412E-03  2.951E+02  2.951E+02
  1.276E-01  7.891E-02  1.013E+05  3.274E-05 -8.144E-03  2.957E+02  2.957E+02
  1.276E-01  8.522E-02  1.013E+05  2.864E-05 -8.966E-03  2.974E+02  2.973E+02
  1.276E-01  9.153E-02  1.013E+05  2.460E-05 -9.898E-03  3.032E+02  3.029E+02
  1.276E-01  9.784E-02  1.013E+05  2.058E-05 -1.093E-02  3.225E+02  3.227E+02
  1.276E-01  1.042E-01  1.013E+05  1.648E-05 -1.094E-02  3.797E+02  4.384E+02
  1.276E-01  1.105E-01  1.013E+05  1.220E-05 -1.071E-02  3.308E+02  3.487E+02
  1.276E-01  1.168E-01  1.013E+05  9.086E-06 -9.647E-03  3.085E+02  3.150E+02
  1.276E-01  1.231E-01  1.013E+05  6.058E-06 -8.627E-03  2.998E+02  3.022E+02
  1.276E-01  1.294E-01  1.013E+05  1.301E-06 -7.717E-03  2.966E+02  2.974E+02
  1.276E-01  1.357E-01  1.013E+05 -1.886E-06 -6.884E-03  2.954E+02  2.957E+02
  1.276E-01  1.420E-01  1.013E+05 -3.878E-06 -6.144E-03  2.949E+02  2.950E+02
  1.276E-01  1.483E-01  1.013E+05 -6.729E-06 -5.488E-03  2.946E+02  2.946E+02
  1.276E-01  1.547E-01  1.013E+05 -1.245E-05 -4.890E-03  2.944E+02  2.944E+02
  1.276E-01  1.610E-01  1.013E+05 -1.663E-05 -4.344E-03  2.942E+02  2.942E+02
  1.276E-01  1.673E-01  1.013E+05 -1.824E-05 -3.868E-03  2.940E+02  2.941E+02
  1.276E-01  1.736E-01  1.013E+05 -2.035E-05 -3.441E-03  2.939E+02  2.940E+02
  1.276E-01  1.799E-01  1.013E+05 -2.201E-05 -3.057E-03  2.938E+02  2.938E+02
  1.276E-01  1.862E-01  1.013E+05 -2.504E-05 -2.729E-03  2.937E+02  2.938E+02
  1.276E-01  1.925E-01  1.013E+05 -2.828E-05 -2.432E-03  2.937E+02  2.937E+02
  1.276E-01  1.988E-01  1.013E+05 -2.892E-05 -2.155E-03  2.936E+02  2.936E+02
  1.276E-01  2.052E-01  1.013E+05 -2.871E-05 -1.912E-03  2.935E+02  2.936E+02
  1.276E-01  2.115E-01  1.013E+05 -2.867E-05 -1.704E-03  2.935E+02  2.935E+02
  1.276E-01  2.178E-01  1.013E+05 -2.851E-05 -1.514E-03  2.934E+02  2.934E+02
  1.276E-01  2.241E-01  1.013E+05 -2.837E-05 -1.334E-03  2.934E+02  2.934E+02
  1.276E-01  2.304E-01  1.013E+05 -2.830E-05 -1.185E-03  2.933E+02  2.934E+02
  1.276E-01  2.367E-01  1.013E+05 -2.849E-05 -1.062E-03  2.933E+02  2.933E+02
  1.276E-01  2.430E-01  1.013E+05 -2.759E-05 -9.385E-04  2.933E+02  2.933E+02
  1.276E-01  2.493E-01  1.013E+05 -2.517E-05 -8.295E-04  2.933E+02  2.933E+02
  1.276E-01  2.557E-01  1.013E+05 -2.415E-05 -7.426E-04  2.932E+02  2.932E+02
  1.276E-01  2.620E-01  1.013E+05 -2.444E-05 -6.572E-04  2.932E+02  2.932E+02
  1.276E-01  2.683E-01  1.013E+05 -2.340E-05 -5.829E-04  2.932E+02  2.932E+02
  1.276E-01  2.746E-01  1.013E+05 -2.096E-05 -5.198E-04  2.932E+02  2.932E+02
  1.276E-01  2.809E-01  1.013E+05 -2.001E-05 -4.529E-04  2.931E+02  2.931E+02
  1.276E-01  2.872E-01  1.013E+05 -2.018E-05 -3.954E-04  2.931E+02  2.931E+02
  1.276E-01  2.935E-01  1.013E+05 -2.012E-05 -3.585E-04  2.931E+02  2.931E+02
  1.276E-01  2.998E-01  1.013E+05 -2.054E-05 -3.324E-04  2.931E+02  2.931E+02
  1.276E-01  3.062E-01  1.013E+05 -1.878E-05 -2.947E-04  2.931E+02  2.931E+02
  1.276E-01  3.125E-01  1.013E+05 -1.406E-05 -2.460E-04  2.931E+02  2.931E+02
  1.276E-01  3.188E-01  1.013E+05 -1.225E-05 -2.095E-04  2.931E+02  2.931E+02
  1.276E-01  3.251E-01  1.013E+05 -1.265E-05 -1.878E-04  2.931E+02  2.931E+02
  1.276E-01  3.314E-01  1.013E+05 -1.255E-05 -1.689E-04  2.931E+02  2.931E+02
  1.276E-01  3.377E-01  1.013E+05 -1.270E-05 -1.492E-04  2.931E+02  2.931E+02
  1.276E-01  3.440E-01  1.013E+05 -1.169E-05 -1.305E-04  2.930E+02  2.931E+02
  1.276E-01  3.503E-01  1.013E+05 -9.029E-06 -1.114E-04  2.930E+02  2.930E+02
  1.276E-01  3.567E-01  1.013E+05 -9.071E-06 -9.635E-05  2.930E+02  2.930E+02
  1.276E-01  3.630E-01  1.013E+05 -1.059E-05 -9.299E-05  2.930E+02  2.930E+02
  1.276E-01  3.693E-01  1.013E+05 -8.996E-06 -8.966E-05  2.930E+02  2.930E+02
  1.276E-01  3.756E-01  1.013E+05 -7.809E-06 -7.507E-05  2.930E+02  2.930E+02
  1.276E-01  3.819E-01  1.013E+05 -7.964E-06 -5.556E-05  2.930E+02  2.930E+02
  1.276E-01  3.882E-01  1.013E+05 -8.190E-06 -4.116E-05  2.930E+02  2.930E+02
  1.276E-01  3.945E-01  1.013E+05 -7.269E-06 -3.771E-05  2.930E+02  2.930E+02
  1.276E-01  4.008E-01  1.013E+05 -4.922E-06 -3.830E-05  2.930E+02  2.930E+02
  1.276E-01  4.072E-01  1.013E+05 -4.036E-06 -3.753E-05  2.930E+02  2.930E+02
  1.276E-01  4.135E-01  1.013E+05 -4.138E-06 -3.736E-05  2.930E+02  2.930E+02
  1.276E-01  4.198E-01  1.013E+05 -4.057E-06 -3.211E-05  2.930E+02  2.930E+02
  1.276E-01  4.261E-01  1.013E+05 -4.061E-06 -2.126E-05  2.930E+02  2.930E+02
  1.276E-01  4.324E-01  1.013E+05 -4.030E-06 -1.710E-05  2.930E+02  2.930E+02
  1.276E-01  4.387E-01  1.013E+05 -4.029E-06 -1.798E-05  2.930E+02  2.930E+02
  1.276E-01  4.450E-01  1.013E+05 -4.184E-06 -1.891E-05  2.930E+02  2.930E+02
  1.276E-01  4.513E-01  1.013E+05 -3.263E-06 -1.471E-05  2.930E+02  2.930E+02
  1.276E-01  4.577E-01  1.013E+05 -8.977E-07 -4.179E-06  2.930E+02  2.930E+02
  1.276E-01  4.640E-01  1.013E+05  2.469E-07  3.550E-07  2.930E+02  2.930E+02
  1.276E-01  4.703E-01  1.013E+05 -7.559E-07 -3.061E-07  2.930E+02  2.930E+02
  1.276E-01  4.766E-01  1.013E+05 -3.304E-06 -1.335E-07  2.930E+02  2.930E+02
  1.276E-01  4.829E-01  1.013E+05 -3.314E-06  3.802E-07  2.930E+02  2.930E+02
  1.276E-01  4.892E-01  1.013E+05 -7.186E-07  5.792E-07  2.930E+02  2.930E+02
  1.276E-01  4.955E-01  1.013E+05  2.159E-07  3.864E-07  2.930E+02  2.930E+02
  1.276E-01  5.018E-01  1.013E+05  3.857E-08  4.206E-07  2.930E+02  2.930E+02
  1.276E-01  5.050E-01  1.013E+05  3.857E-08  4.206E-07  2.930E+02  2.930E+02
  1.559E-01  0.000E+00  1.013E+05  0.000E+00  0.000E+00  2.930E+02  2.935E+02
  1.559E-01  3.156E-03  1.013E+05  1.064E-04 -5.325E-03  2.935E+02  2.935E+02
  1.559E-01  9.469E-03  1.013E+05  1.023E-04 -3.557E-03  2.939E+02  2.938E+02
  1.559E-01  1.578E-02  1.013E+05  9.318E-05 -4.175E-03  2.940E+02  2.940E+02
  1.559E-01  2.209E-02  1.013E+05  8.487E-05 -4.218E-03  2.941E+02  2.941E+02
  1.559E-01  2.841E-02  1.013E+05  7.673E-05 -4.417E-03  2.942E+02  2.942E+02
  1.559E-01  3.472E-02  1.013E+05  6.816E-05 -4.667E-03  2.942E+02  2.942E+02
  1.559E-01  4.103E-02  1.013E+05  6.128E-05 -4.968E-03  2.943E+02  2.943E+02
  1.559E-01  4.734E-02  1.013E+05  5.405E-05 -5.323E-03  2.944E+02  2.944E+02
  1.559E-01  5.366E-02  1.013E+05  4.635E-05 -5.746E-03  2.945E+02  2.945E+02
  1.559E-01  5.997E-02  1.013E+05  4.127E-05 -6.232E-03  2.946E+02  2.946E+02
  1.559E-01  6.628E-02  1.013E+05  3.722E-05 -6.791E-03  2.948E+02  2.948E+02
  1.559E-01  7.259E-02  1.013E+05  3.190E-05 -7.438E-03  2.951E+02  2.951E+02
  1.559E-01  7.891E-02  1.013E+05  2.547E-05 -8.174E-03  2.957E+02  2.957E+02
  1.559E-01  8.522E-02  1.013E+05  1.943E-05 -8.989E-03  2.975E+02  2.974E+02
  1.559E-01  9.153E-02  1.013E+05  1.307E-05 -9.924E-03  3.033E+02  3.029E+02
  1.559E-01  9.784E-02  1.013E+05  8.031E-06 -1.095E-02  3.226E+02  3.227E+02
  1.559E-01  1.042E-01  1.013E+05  4.456E-06 -1.096E-02  3.797E+02  4.383E+02
  1.559E-01  1.105E-01  1.013E+05 -2.274E-07 -1.074E-02  3.309E+02  3.488E+02
  1.559E-01  1.168E-01  1.013E+05 -6.576E-06 -9.668E-03  3.087E+02  3.152E+02
  1.559E-01  1.231E-01  1.013E+05 -1.046E-05 -8.645E-03  3.000E+02  3.023E+02
  1.559E-01  1.294E-01  1.013E+05 -1.185E-05 -7.732E-03  2.968E+02  2.976E+02
  1.559E-01  1.357E-01  1.013E+05 -1.511E-05 -6.890E-03  2.956E+02  2.959E+02
  1.559E-01  1.420E-01  1.013E+05 -1.855E-05 -6.146E-03  2.950E+02  2.952E+02
  1.559E-01  1.483E-01  1.013E+05 -1.960E-05 -5.492E-03  2.948E+02  2.948E+02
  1.559E-01  1.547E-01  1.013E+05 -1.956E-05 -4.893E-03  2.945E+02  2.946E+02
  1.559E-01  1.610E-01  1.013E+05 -2.106E-05 -4.346E-03  2.944E+02  2.944E+02
  1.559E-01  1.673E-01  1.013E+05 -2.265E-05 -3.873E-03  2.942E+02  2.942E+02
  1.559E-01  1.736E-01  1.013E+05 -2.230E-05 -3.456E-03  2.941E+02  2.941E+02
  1.559E-01  1.799E-01  1.013E+05 -2.379E-05 -3.072E-03  2.940E+02  2.940E+02
  1.559E-01  1.862E-01  1.013E+05 -2.517E-05 -2.733E-03  2.938E+02  2.939E+02
  1.559E-01  1.925E-01  1.013E+05 -2.517E-05 -2.431E-03  2.937E+02  2.938E+02
  1.559E-01  1.988E-01  1.013E+05 -2.531E-05 -2.155E-03  2.937E+02  2.937E+02
  1.559E-01  2.052E-01  1.013E+05 -2.560E-05 -1.912E-03  2.936E+02  2.936E+02
  1.559E-01  2.115E-01  1.013E+05 -2.478E-05 -1.703E-03  2.935E+02  2.935E+02
  1.559E-01  2.178E-01  1.013E+05 -2.249E-05 -1.513E-03  2.934E+02  2.935E+02
  1.559E-01  2.241E-01  1.013E+05 -2.155E-05 -1.333E-03  2.934E+02  2.934E+02
  1.559E-01  2.304E-01  1.013E+05 -2.169E-05 -1.184E-03  2.933E+02  2.934E+02
  1.559E-01  2.367E-01  1.013E+05 -2.155E-05 -1.062E-03  2.933E+02  2.933E+02
  1.559E-01  2.430E-01  1.013E+05 -2.144E-05 -9.386E-04  2.933E+02  2.933E+02
  1.559E-01  2.493E-01  1.013E+05 -2.150E-05 -8.248E-04  2.932E+02  2.932E+02
  1.559E-01  2.557E-01  1.013E+05 -2.036E-05 -7.321E-04  2.932E+02  2.932E+02
  1.559E-01  2.620E-01  1.013E+05 -1.907E-05 -6.540E-04  2.932E+02  2.932E+02
  1.559E-01  2.683E-01  1.013E+05 -1.947E-05 -5.779E-04  2.932E+02  2.932E+02
  1.559E-01  2.746E-01  1.013E+05 -1.803E-05 -5.109E-04  2.932E+02  2.932E+02
  1.559E-01  2.809E-01  1.013E+05 -1.677E-05 -4.616E-04  2.931E+02  2.931E+02
  1.559E-01  2.872E-01  1.013E+05 -1.688E-05 -4.099E-04  2.931E+02  2.931E+02
  1.559E-01  2.935E-01  1.013E+05 -1.692E-05 -3.585E-04  2.931E+02  2.931E+02
  1.559E-01  2.998E-01  1.013E+05 -1.592E-05 -3.145E-04  2.931E+02  2.931E+02
  1.559E-01  3.062E-01  1.013E+05 -1.350E-05 -2.659E-04  2.931E+02  2.931E+02
  1.559E-01  3.125E-01  1.013E+05 -1.256E-05 -2.315E-04  2.931E+02  2.931E+02
  1.559E-01  3.188E-01  1.013E+05 -1.264E-05 -2.206E-04  2.931E+02  2.931E+02
  1.559E-01  3.251E-01  1.013E+05 -1.250E-05 -2.027E-04  2.931E+02  2.931E+02
  1.559E-01  3.314E-01  1.013E+05 -1.256E-05 -1.681E-04  2.931E+02  2.931E+02
  1.559E-01  3.377E-01  1.013E+05 -1.162E-05 -1.339E-04  2.931E+02  2.931E+02
  1.559E-01  3.440E-01  1.013E+05 -9.265E-06 -1.150E-04  2.931E+02  2.931E+02
  1.559E-01  3.503E-01  1.013E+05 -8.336E-06 -1.115E-04  2.930E+02  2.930E+02
  1.559E-01  3.567E-01  1.013E+05 -8.744E-06 -1.077E-04  2.930E+02  2.930E+02
  1.559E-01  3.630E-01  1.013E+05 -7.797E-06 -9.213E-05  2.930E+02  2.930E+02
  1.559E-01  3.693E-01  1.013E+05 -5.353E-06 -7.789E-05  2.930E+02  2.930E+02
  1.559E-01  3.756E-01  1.013E+05 -4.136E-06 -7.103E-05  2.930E+02  2.930E+02
  1.559E-01  3.819E-01  1.013E+05 -5.042E-06 -5.653E-05  2.930E+02  2.930E+02
  1.559E-01  3.882E-01  1.013E+05 -7.172E-06 -4.099E-05  2.930E+02  2.930E+02
  1.559E-01  3.945E-01  1.013E+05 -7.810E-06 -3.711E-05  2.930E+02  2.930E+02
  1.559E-01  4.008E-01  1.013E+05 -7.609E-06 -3.733E-05  2.930E+02  2.930E+02
  1.559E-01  4.072E-01  1.013E+05 -6.649E-06 -3.748E-05  2.930E+02  2.930E+02
  1.559E-01  4.135E-01  1.013E+05 -4.268E-06 -3.327E-05  2.930E+02  2.930E+02
  1.559E-01  4.198E-01  1.013E+05 -3.450E-06 -2.299E-05  2.930E+02  2.930E+02
  1.559E-01  4.261E-01  1.013E+05 -3.697E-06 -1.833E-05  2.930E+02  2.930E+02
  1.559E-01  4.324E-01  1.013E+05 -3.663E-06 -1.862E-05  2.930E+02  2.930E+02
  1.559E-01  4.387E-01  1.013E+05 -3.906E-06 -1.925E-05  2.930E+02  2.930E+02
  1.559E-01  4.450E-01  1.013E+05 -2.738E-06 -1.488E-05  2.930E+02  2.930E+02
  1.559E-01  4.513E-01  1.013E+05 -1.472E-06 -4.071E-06  2.930E+02  2.930E+02
  1.559E-01  4.577E-01  1.013E+05 -1.742E-06  1.388E-06  2.930E+02  2.930E+02
  1.559E-01  4.640E-01  1.013E+05 -1.322E-06 -3.334E-06  2.930E+02  2.930E+02
  1.559E-01  4.703E-01  1.013E+05 -2.591E-06 -1.560E-05  2.930E+02  2.930E+02
  1.559E-01  4.766E-01  1.013E+05 -3.725E-06 -1.163E-05  2.930E+02  2.930E+02
  1.559E-01  4.829E-01  1.013E+05 -3.705E-06  1.139E-05  2.930E+02  2.930E+02
  1.559E-01  4.892E-01  1.013E+05 -2.821E-06  1.564E-05  2.930E+02  2.930E+02
  1.559E-01  4.955E-01  1.013E+05 -4.448E-07  3.306E-06  2.930E+02  2.930E+02
  1.559E-01  5.018E-01  1.013E+05  6.843E-07 -1.353E-06  2.930E+02  2.930E+02
  1.559E-01  5.050E-01  1.013E+05  6.843E-07 -1.353E-06  2.930E+02  2.930E+02
  1.843E-01  0.000E+00  1.013E+05  0.000E+00  0.000E+00  2.930E+02  2.935E+02
  1.843E-01  3.156E-03  1.013E+05  9.822E-05 -5.371E-03  2.935E+02  2.935E+02
  1.843E-01  9.469E-03  1.013E+05  9.468E-05 -3.587E-03  2.939E+02  2.938E+02
  1.843E-01  1.578E-02  1.013E+05  8.556E-05 -4.213E-03  2.940E+02  2.940E+02
  1.843E-01  2.209E-02  1.013E+05  7.884E-05 -4.259E-03  2.941E+02  2.941E+02
  1.843E-01  2.841E-02  1.013E+05  7.162E-05 -4.465E-03  2.941E+02  2.941E+02
  1.843E-01  3.472E-02  1.013E+05  6.420E-05 -4.705E-03  2.942E+02  2.942E+02
  1.843E-01  4.103E-02  1.013E+05  5.836E-05 -4.996E-03  2.943E+02  2.943E+02
  1.843E-01  4.734E-02  1.013E+05  5.069E-05 -5.355E-03  2.944E+02  2.944E+02
  1.843E-01  5.366E-02  1.013E+05  4.307E-05 -5.771E-03  2.945E+02  2.945E+02
  1.843E-01  5.997E-02  1.013E+05  3.708E-05 -6.257E-03  2.947E+02  2.946E+02
  1.843E-01  6.628E-02  1.013E+05  2.957E-05 -6.822E-03  2.948E+02  2.948E+02
  1.843E-01  7.259E-02  1.013E+05  2.185E-05 -7.463E-03  2.951E+02  2.951E+02
  1.843E-01  7.891E-02  1.013E+05  1.685E-05 -8.198E-03  2.957E+02  2.956E+02
  1.843E-01  8.522E-02  1.013E+05  1.178E-05 -9.019E-03  2.974E+02  2.973E+02
  1.843E-01  9.153E-02  1.013E+05  5.225E-06 -9.947E-03  3.032E+02  3.028E+02
  1.843E-01  9.784E-02  1.013E+05  5.213E-08 -1.097E-02  3.224E+02  3.225E+02
  1.843E-01  1.042E-01  1.013E+05 -2.911E-06 -1.097E-02  3.795E+02  4.376E+02
  1.843E-01  1.105E-01  1.013E+05 -4.590E-06 -1.076E-02  3.307E+02  3.488E+02
  1.843E-01  1.168E-01  1.013E+05 -7.872E-06 -9.692E-03  3.085E+02  3.151E+02
  1.843E-01  1.231E-01  1.013E+05 -1.112E-05 -8.650E-03  2.998E+02  3.022E+02
  1.843E-01  1.294E-01  1.013E+05 -1.289E-05 -7.737E-03  2.966E+02  2.975E+02
  1.843E-01  1.357E-01  1.013E+05 -1.507E-05 -6.914E-03  2.954E+02  2.957E+02
  1.843E-01  1.420E-01  1.013E+05 -1.711E-05 -6.164E-03  2.949E+02  2.950E+02
  1.843E-01  1.483E-01  1.013E+05 -1.934E-05 -5.493E-03  2.946E+02  2.947E+02
  1.843E-01  1.547E-01  1.013E+05 -2.113E-05 -4.897E-03  2.944E+02  2.945E+02
  1.843E-01  1.610E-01  1.013E+05 -2.453E-05 -4.358E-03  2.943E+02  2.943E+02
  1.843E-01  1.673E-01  1.013E+05 -2.707E-05 -3.874E-03  2.941E+02  2.942E+02
  1.843E-01  1.736E-01  1.013E+05 -2.564E-05 -3.446E-03  2.940E+02  2.940E+02
  1.843E-01  1.799E-01  1.013E+05 -2.479E-05 -3.070E-03  2.939E+02  2.939E+02
  1.843E-01  1.862E-01  1.013E+05 -2.529E-05 -2.735E-03  2.938E+02  2.938E+02
  1.843E-01  1.925E-01  1.013E+05 -2.450E-05 -2.432E-03  2.938E+02  2.938E+02
  1.843E-01  1.988E-01  1.013E+05 -2.225E-05 -2.157E-03  2.937E+02  2.937E+02
  1.843E-01  2.052E-01  1.013E+05 -2.133E-05 -1.910E-03  2.936E+02  2.936E+02
  1.843E-01  2.115E-01  1.013E+05 -2.173E-05 -1.690E-03  2.935E+02  2.935E+02
  1.843E-01  2.178E-01  1.013E+05 -2.052E-05 -1.500E-03  2.935E+02  2.935E+02
  1.843E-01  2.241E-01  1.013E+05 -1.924E-05 -1.330E-03  2.934E+02  2.934E+02
  1.843E-01  2.304E-01  1.013E+05 -1.971E-05 -1.185E-03  2.934E+02  2.934E+02
  1.843E-01  2.367E-01  1.013E+05 -1.830E-05 -1.061E-03  2.933E+02  2.933E+02
  1.843E-01  2.430E-01  1.013E+05 -1.710E-05 -9.384E-04  2.933E+02  2.933E+02
  1.843E-01  2.493E-01  1.013E+05 -1.722E-05 -8.247E-04  2.933E+02  2.933E+02
  1.843E-01  2.557E-01  1.013E+05 -1.730E-05 -7.318E-04  2.932E+02  2.932E+02
  1.843E-01  2.620E-01  1.013E+05 -1.607E-05 -6.534E-04  2.932E+02  2.932E+02
  1.843E-01  2.683E-01  1.013E+05 -1.480E-05 -5.784E-04  2.932E+02  2.932E+02
  1.843E-01  2.746E-01  1.013E+05 -1.549E-05 -5.079E-04  2.931E+02  2.932E+02
  1.843E-01  2.809E-01  1.013E+05 -1.330E-05 -4.479E-04  2.931E+02  2.931E+02
  1.843E-01  2.872E-01  1.013E+05 -9.774E-06 -3.962E-04  2.931E+02  2.931E+02
  1.843E-01  2.935E-01  1.013E+05 -9.055E-06 -3.542E-04  2.931E+02  2.931E+02
  1.843E-01  2.998E-01  1.013E+05 -8.873E-06 -3.171E-04  2.931E+02  2.931E+02
  1.843E-01  3.062E-01  1.013E+05 -9.489E-06 -2.797E-04  2.931E+02  2.931E+02
  1.843E-01  3.125E-01  1.013E+05 -1.183E-05 -2.422E-04  2.931E+02  2.931E+02
  1.843E-01  3.188E-01  1.013E+05 -1.169E-05 -2.092E-04  2.931E+02  2.931E+02
  1.843E-01  3.251E-01  1.013E+05 -9.002E-06 -1.876E-04  2.931E+02  2.931E+02
  1.843E-01  3.314E-01  1.013E+05 -8.049E-06 -1.651E-04  2.931E+02  2.931E+02
  1.843E-01  3.377E-01  1.013E+05 -8.195E-06 -1.345E-04  2.931E+02  2.931E+02
  1.843E-01  3.440E-01  1.013E+05 -8.154E-06 -1.158E-04  2.931E+02  2.931E+02
  1.843E-01  3.503E-01  1.013E+05 -8.328E-06 -1.091E-04  2.930E+02  2.930E+02
  1.843E-01  3.567E-01  1.013E+05 -7.424E-06 -9.399E-05  2.930E+02  2.930E+02
  1.843E-01  3.630E-01  1.013E+05 -5.088E-06 -7.781E-05  2.930E+02  2.930E+02
  1.843E-01  3.693E-01  1.013E+05 -4.224E-06 -7.327E-05  2.930E+02  2.930E+02
  1.843E-01  3.756E-01  1.013E+05 -4.373E-06 -7.371E-05  2.930E+02  2.930E+02
  1.843E-01  3.819E-01  1.013E+05 -4.343E-06 -6.923E-05  2.930E+02  2.930E+02
  1.843E-01  3.882E-01  1.013E+05 -4.364E-06 -5.363E-05  2.930E+02  2.930E+02
  1.843E-01  3.945E-01  1.013E+05 -4.408E-06 -3.970E-05  2.930E+02  2.930E+02
  1.843E-01  4.008E-01  1.013E+05 -4.346E-06 -3.311E-05  2.930E+02  2.930E+02
  1.843E-01  4.072E-01  1.013E+05 -4.237E-06 -2.254E-05  2.930E+02  2.930E+02
  1.843E-01  4.135E-01  1.013E+05 -4.168E-06 -2.301E-05  2.930E+02  2.930E+02
  1.843E-01  4.198E-01  1.013E+05 -4.039E-06 -2.955E-05  2.930E+02  2.930E+02
  1.843E-01  4.261E-01  1.013E+05 -3.860E-06 -2.222E-05  2.930E+02  2.930E+02
  1.843E-01  4.324E-01  1.013E+05 -4.014E-06 -1.804E-05  2.930E+02  2.930E+02
  1.843E-01  4.387E-01  1.013E+05 -2.807E-06 -1.382E-05  2.930E+02  2.930E+02
  1.843E-01  4.450E-01  1.013E+05 -1.292E-06 -7.972E-06  2.930E+02  2.930E+02
  1.843E-01  4.513E-01  1.013E+05 -2.659E-06 -1.023E-05  2.930E+02  2.930E+02
  1.843E-01  4.577E-01  1.013E+05 -3.749E-06 -3.502E-06  2.930E+02  2.930E+02
  1.843E-01  4.640E-01  1.013E+05 -3.694E-06 -3.452E-06  2.930E+02  2.930E+02
  1.843E-01  4.703E-01  1.013E+05 -2.759E-06 -1.109E-05  2.930E+02  2.930E+02
  1.843E-01  4.766E-01  1.013E+05 -7.359E-08 -5.135E-06  2.930E+02  2.930E+02
  1.843E-01  4.829E-01  1.013E+05  9.681E-08  4.441E-06  2.930E+02  2.930E+02
  1.843E-01  4.892E-01  1.013E+05 -2.456E-06  1.522E-05  2.930E+02  2.930E+02
  1.843E-01  4.955E-01  1.013E+05 -2.285E-06  1.613E-05  2.930E+02  2.930E+02
  1.843E-01  5.018E-01  1.013E+05  1.149E-06 -6.543E-07  2.930E+02  2.930E+02
  1.843E-01  5.050E-01  1.013E+05  1.149E-06 -6.543E-07  2.930E+02  2.930E+02
  2.126E-01  0.000E+00  1.013E+05  0.000E+00  0.000E+00  2.930E+02  2.935E+02
  2.126E-01  3.156E-03  1.013E+05  7.274E-05 -5.378E-03  2.935E+02  2.935E+02
  2.126E-01  9.469E-03  1.013E+05  7.190E-05 -3.614E-03  2.938E+02  2.938E+02
  2.126E-01  1.578E-02  1.013E+05  6.812E-05 -4.245E-03  2.940E+02  2.940E+02
  2.126E-01  2.209E-02  1.013E+05  6.313E-05 -4.280E-03  2.941E+02  2.941E+02
  2.126E-01  2.841E-02  1.013E+05  5.955E-05 -4.481E-03  2.942E+02  2.941E+02
  2.126E-01  3.472E-02  1.013E+05  5.665E-05 -4.725E-03  2.942E+02  2.942E+02
  2.126E-01  4.103E-02  1.013E+05  4.989E-05 -5.027E-03  2.943E+02  2.943E+02
  2.126E-01  4.734E-02  1.013E+05  4.230E-05 -5.390E-03  2.944E+02  2.944E+02
  2.126E-01  5.366E-02  1.013E+05  3.664E-05 -5.805E-03  2.946E+02  2.945E+02
  2.126E-01  5.997E-02  1.013E+05  2.934E-05 -6.290E-03  2.947E+02  2.947E+02
  2.126E-01  6.628E-02  1.013E+05  2.202E-05 -6.857E-03  2.949E+02  2.948E+02
  2.126E-01  7.259E-02  1.013E+05  1.616E-05 -7.493E-03  2.951E+02  2.951E+02
  2.126E-01  7.891E-02  1.013E+05  9.587E-06 -8.217E-03  2.957E+02  2.956E+02
  2.126E-01  8.522E-02  1.013E+05  5.411E-06 -9.039E-03  2.974E+02  2.973E+02
  2.126E-01  9.153E-02  1.013E+05  3.636E-06 -9.975E-03  3.032E+02  3.029E+02
  2.126E-01  9.784E-02  1.013E+05  1.281E-06 -1.099E-02  3.225E+02  3.226E+02
  2.126E-01  1.042E-01  1.013E+05  3.234E-07 -1.098E-02  3.797E+02  4.379E+02
  2.126E-01  1.105E-01  1.013E+05  4.352E-07 -1.076E-02  3.309E+02  3.489E+02
  2.126E-01  1.168E-01  1.013E+05  5.109E-07 -9.697E-03  3.086E+02  3.152E+02
  2.126E-01  1.231E-01  1.013E+05 -5.609E-07 -8.667E-03  2.999E+02  3.023E+02
  2.126E-01  1.294E-01  1.013E+05 -2.944E-06 -7.750E-03  2.967E+02  2.976E+02
  2.126E-01  1.357E-01  1.013E+05 -4.901E-06 -6.909E-03  2.955E+02  2.958E+02
  2.126E-01  1.420E-01  1.013E+05 -8.216E-06 -6.166E-03  2.950E+02  2.951E+02
  2.126E-01  1.483E-01  1.013E+05 -1.260E-05 -5.510E-03  2.947E+02  2.948E+02
  2.126E-01  1.547E-01  1.013E+05 -1.688E-05 -4.917E-03  2.945E+02  2.945E+02
  2.126E-01  1.610E-01  1.013E+05 -1.994E-05 -4.373E-03  2.944E+02  2.944E+02
  2.126E-01  1.673E-01  1.013E+05 -2.176E-05 -3.879E-03  2.942E+02  2.942E+02
  2.126E-01  1.736E-01  1.013E+05 -2.407E-05 -3.446E-03  2.941E+02  2.941E+02
  2.126E-01  1.799E-01  1.013E+05 -2.527E-05 -3.071E-03  2.940E+02  2.940E+02
  2.126E-01  1.862E-01  1.013E+05 -2.429E-05 -2.732E-03  2.939E+02  2.939E+02
  2.126E-01  1.925E-01  1.013E+05 -2.205E-05 -2.418E-03  2.938E+02  2.938E+02
  2.126E-01  1.988E-01  1.013E+05 -2.114E-05 -2.141E-03  2.937E+02  2.937E+02
  2.126E-01  2.052E-01  1.013E+05 -2.121E-05 -1.910E-03  2.936E+02  2.937E+02
  2.126E-01  2.115E-01  1.013E+05 -2.099E-05 -1.700E-03  2.936E+02  2.936E+02
  2.126E-01  2.178E-01  1.013E+05 -2.084E-05 -1.502E-03  2.935E+02  2.935E+02
  2.126E-01  2.241E-01  1.013E+05 -2.088E-05 -1.329E-03  2.935E+02  2.935E+02
  2.126E-01  2.304E-01  1.013E+05 -1.997E-05 -1.180E-03  2.934E+02  2.934E+02
  2.126E-01  2.367E-01  1.013E+05 -1.762E-05 -1.050E-03  2.934E+02  2.934E+02
  2.126E-01  2.430E-01  1.013E+05 -1.688E-05 -9.339E-04  2.933E+02  2.933E+02
  2.126E-01  2.493E-01  1.013E+05 -1.623E-05 -8.258E-04  2.933E+02  2.933E+02
  2.126E-01  2.557E-01  1.013E+05 -1.387E-05 -7.271E-04  2.933E+02  2.933E+02
  2.126E-01  2.620E-01  1.013E+05 -1.289E-05 -6.429E-04  2.932E+02  2.932E+02
  2.126E-01  2.683E-01  1.013E+05 -1.319E-05 -5.754E-04  2.932E+02  2.932E+02
  2.126E-01  2.746E-01  1.013E+05 -1.220E-05 -5.043E-04  2.932E+02  2.932E+02
  2.126E-01  2.809E-01  1.013E+05 -9.693E-06 -4.361E-04  2.932E+02  2.932E+02
  2.126E-01  2.872E-01  1.013E+05 -8.572E-06 -3.909E-04  2.931E+02  2.931E+02
  2.126E-01  2.935E-01  1.013E+05 -8.869E-06 -3.546E-04  2.931E+02  2.931E+02
  2.126E-01  2.998E-01  1.013E+05 -7.902E-06 -3.166E-04  2.931E+02  2.931E+02
  2.126E-01  3.062E-01  1.013E+05 -5.539E-06 -2.794E-04  2.931E+02  2.931E+02
  2.126E-01  3.125E-01  1.013E+05 -4.575E-06 -2.416E-04  2.931E+02  2.931E+02
  2.126E-01  3.188E-01  1.013E+05 -4.624E-06 -2.080E-04  2.931E+02  2.931E+02
  2.126E-01  3.251E-01  1.013E+05 -4.432E-06 -1.865E-04  2.931E+02  2.931E+02
  2.126E-01  3.314E-01  1.013E+05 -4.077E-06 -1.646E-04  2.931E+02  2.931E+02
  2.126E-01  3.377E-01  1.013E+05 -4.809E-06 -1.345E-04  2.931E+02  2.931E+02
  2.126E-01  3.440E-01  1.013E+05 -7.263E-06 -1.157E-04  2.931E+02  2.931E+02
  2.126E-01  3.503E-01  1.013E+05 -7.196E-06 -1.083E-04  2.930E+02  2.930E+02
  2.126E-01  3.567E-01  1.013E+05 -4.391E-06 -9.317E-05  2.930E+02  2.930E+02
  2.126E-01  3.630E-01  1.013E+05 -4.606E-06 -7.780E-05  2.930E+02  2.930E+02
  2.126E-01  3.693E-01  1.013E+05 -6.272E-06 -7.472E-05  2.930E+02  2.930E+02
  2.126E-01  3.756E-01  1.013E+05 -5.080E-06 -7.159E-05  2.930E+02  2.930E+02
  2.126E-01  3.819E-01  1.013E+05 -2.970E-06 -5.652E-05  2.930E+02  2.930E+02
  2.126E-01  3.882E-01  1.013E+05 -1.787E-06 -4.131E-05  2.930E+02  2.930E+02
  2.126E-01  3.945E-01  1.013E+05 -3.477E-06 -3.705E-05  2.930E+02  2.930E+02
  2.126E-01  4.008E-01  1.013E+05 -3.464E-06 -3.658E-05  2.930E+02  2.930E+02
  2.126E-01  4.072E-01  1.013E+05 -1.710E-06 -3.669E-05  2.930E+02  2.930E+02
  2.126E-01  4.135E-01  1.013E+05 -3.065E-06 -3.238E-05  2.930E+02  2.930E+02
  2.126E-01  4.198E-01  1.013E+05 -3.984E-06 -2.161E-05  2.930E+02  2.930E+02
  2.126E-01  4.261E-01  1.013E+05 -3.953E-06 -1.822E-05  2.930E+02  2.930E+02
  2.126E-01  4.324E-01  1.013E+05 -2.819E-06 -1.389E-05  2.930E+02  2.930E+02
  2.126E-01  4.387E-01  1.013E+05 -1.294E-06 -7.028E-06  2.930E+02  2.930E+02
  2.126E-01  4.450E-01  1.013E+05 -2.897E-06 -1.421E-05  2.930E+02  2.930E+02
  2.126E-01  4.513E-01  1.013E+05 -2.890E-06 -1.510E-05  2.930E+02  2.930E+02
  2.126E-01  4.577E-01  1.013E+05 -1.372E-06 -3.255E-06  2.930E+02  2.930E+02
  2.126E-01  4.640E-01  1.013E+05 -1.880E-06  1.114E-06  2.930E+02  2.930E+02
  2.126E-01  4.703E-01  1.013E+05 -4.778E-07  6.642E-07  2.930E+02  2.930E+02
  2.126E-01  4.766E-01  1.013E+05  7.911E-07  1.201E-06  2.930E+02  2.930E+02
  2.126E-01  4.829E-01  1.013E+05  8.916E-07  6.977E-07  2.930E+02  2.930E+02
  2.126E-01  4.892E-01  1.013E+05 -9.521E-08  4.940E-06  2.930E+02  2.930E+02
  2.126E-01  4.955E-01  1.013E+05 -1.527E-06  1.950E-05  2.930E+02  2.930E+02
  2.126E-01  5.018E-01  1.013E+05  6.148E-07  3.750E-06  2.930E+02  2.930E+02
  2.126E-01  5.050E-01  1.013E+05  6.148E-07  3.750E-06  2.930E+02  2.930E+02
  2.410E-01  0.000E+00  1.013E+05  0.000E+00  0.000E+00  2.930E+02  2.936E+02
  2.410E-01  3.156E-03  1.013E+05  4.595E-05 -5.375E-03  2.936E+02  2.936E+02
  2.410E-01  9.469E-03  1.013E+05  4.373E-05 -3.608E-03  2.940E+02  2.939E+02
  2.410E-01  1.578E-02  1.013E+05  4.059E-05 -4.251E-03  2.941E+02  2.941E+02
  2.410E-01  2.209E-02  1.013E+05  3.776E-05 -4.296E-03  2.942E+02  2.942E+02
  2.410E-01  2.841E-02  1.013E+05  3.361E-05 -4.493E-03  2.942E+02  2.942E+02
  2.410E-01  3.472E-02  1.013E+05  2.970E-05 -4.747E-03  2.942E+02  2.942E+02
  2.410E-01  4.103E-02  1.013E+05  2.550E-05 -5.059E-03  2.943E+02  2.943E+02
  2.410E-01  4.734E-02  1.013E+05  2.240E-05 -5.414E-03  2.944E+02  2.944E+02
  2.410E-01  5.366E-02  1.013E+05  2.071E-05 -5.828E-03  2.945E+02  2.945E+02
  2.410E-01  5.997E-02  1.013E+05  1.757E-05 -6.321E-03  2.946E+02  2.946E+02
  2.410E-01  6.628E-02  1.013E+05  1.341E-05 -6.881E-03  2.948E+02  2.948E+02
  2.410E-01  7.259E-02  1.013E+05  9.540E-06 -7.518E-03  2.951E+02  2.951E+02
  2.410E-01  7.891E-02  1.013E+05  5.539E-06 -8.245E-03  2.957E+02  2.957E+02
  2.410E-01  8.522E-02  1.013E+05  2.540E-06 -9.045E-03  2.975E+02  2.974E+02
  2.410E-01  9.153E-02  1.013E+05  1.780E-06 -9.966E-03  3.034E+02  3.030E+02
  2.410E-01  9.784E-02  1.013E+05  2.994E-06 -1.098E-02  3.227E+02  3.228E+02
  2.410E-01  1.042E-01  1.013E+05  5.515E-06 -1.098E-02  3.798E+02  4.384E+02
  2.410E-01  1.105E-01  1.013E+05  6.659E-06 -1.076E-02  3.310E+02  3.490E+02
  2.410E-01  1.168E-01  1.013E+05  6.740E-06 -9.696E-03  3.087E+02  3.152E+02
  2.410E-01  1.231E-01  1.013E+05  7.190E-06 -8.665E-03  3.000E+02  3.023E+02
  2.410E-01  1.294E-01  1.013E+05  6.847E-06 -7.756E-03  2.967E+02  2.975E+02
  2.410E-01  1.357E-01  1.013E+05  3.038E-06 -6.937E-03  2.955E+02  2.958E+02
  2.410E-01  1.420E-01  1.013E+05 -3.130E-06 -6.198E-03  2.949E+02  2.950E+02
  2.410E-01  1.483E-01  1.013E+05 -7.925E-06 -5.531E-03  2.946E+02  2.947E+02
  2.410E-01  1.547E-01  1.013E+05 -1.080E-05 -4.929E-03  2.944E+02  2.945E+02
  2.410E-01  1.610E-01  1.013E+05 -1.134E-05 -4.380E-03  2.943E+02  2.943E+02
  2.410E-01  1.673E-01  1.013E+05 -1.202E-05 -3.892E-03  2.942E+02  2.942E+02
  2.410E-01  1.736E-01  1.013E+05 -1.407E-05 -3.462E-03  2.941E+02  2.941E+02
  2.410E-01  1.799E-01  1.013E+05 -1.596E-05 -3.071E-03  2.940E+02  2.940E+02
  2.410E-01  1.862E-01  1.013E+05 -1.686E-05 -2.721E-03  2.939E+02  2.939E+02
  2.410E-01  1.925E-01  1.013E+05 -1.612E-05 -2.418E-03  2.938E+02  2.938E+02
  2.410E-01  1.988E-01  1.013E+05 -1.745E-05 -2.153E-03  2.937E+02  2.937E+02
  2.410E-01  2.052E-01  1.013E+05 -1.763E-05 -1.909E-03  2.936E+02  2.936E+02
  2.410E-01  2.115E-01  1.013E+05 -1.504E-05 -1.689E-03  2.936E+02  2.936E+02
  2.410E-01  2.178E-01  1.013E+05 -1.446E-05 -1.499E-03  2.935E+02  2.935E+02
  2.410E-01  2.241E-01  1.013E+05 -1.356E-05 -1.326E-03  2.935E+02  2.935E+02
  2.410E-01  2.304E-01  1.013E+05 -1.222E-05 -1.171E-03  2.934E+02  2.934E+02
  2.410E-01  2.367E-01  1.013E+05 -1.272E-05 -1.047E-03  2.934E+02  2.934E+02
  2.410E-01  2.430E-01  1.013E+05 -1.140E-05 -9.323E-04  2.933E+02  2.933E+02
  2.410E-01  2.493E-01  1.013E+05 -1.030E-05 -8.113E-04  2.933E+02  2.933E+02
  2.410E-01  2.557E-01  1.013E+05 -1.052E-05 -7.169E-04  2.933E+02  2.933E+02
  2.410E-01  2.620E-01  1.013E+05 -1.069E-05 -6.504E-04  2.932E+02  2.932E+02
  2.410E-01  2.683E-01  1.013E+05 -9.810E-06 -5.753E-04  2.932E+02  2.932E+02
  2.410E-01  2.746E-01  1.013E+05 -7.469E-06 -4.922E-04  2.932E+02  2.932E+02
  2.410E-01  2.809E-01  1.013E+05 -6.617E-06 -4.316E-04  2.932E+02  2.932E+02
  2.410E-01  2.872E-01  1.013E+05 -7.139E-06 -3.925E-04  2.931E+02  2.931E+02
  2.410E-01  2.935E-01  1.013E+05 -6.290E-06 -3.513E-04  2.931E+02  2.931E+02
  2.410E-01  2.998E-01  1.013E+05 -3.973E-06 -3.023E-04  2.931E+02  2.931E+02
  2.410E-01  3.062E-01  1.013E+05 -3.313E-06 -2.649E-04  2.931E+02  2.931E+02
  2.410E-01  3.125E-01  1.013E+05 -2.463E-06 -2.382E-04  2.931E+02  2.931E+02
  2.410E-01  3.188E-01  1.013E+05 -1.288E-06 -2.087E-04  2.931E+02  2.931E+02
  2.410E-01  3.251E-01  1.013E+05 -1.956E-06 -1.852E-04  2.931E+02  2.931E+02
  2.410E-01  3.314E-01  1.013E+05 -6.221E-07 -1.668E-04  2.931E+02  2.931E+02
  2.410E-01  3.377E-01  1.013E+05 -4.508E-07 -1.489E-04  2.931E+02  2.931E+02
  2.410E-01  3.440E-01  1.013E+05 -3.321E-06 -1.266E-04  2.930E+02  2.931E+02
  2.410E-01  3.503E-01  1.013E+05 -3.119E-06 -9.623E-05  2.930E+02  2.930E+02
  2.410E-01  3.567E-01  1.013E+05 -1.506E-06 -8.238E-05  2.930E+02  2.930E+02
  2.410E-01  3.630E-01  1.013E+05 -2.966E-06 -8.627E-05  2.930E+02  2.930E+02
  2.410E-01  3.693E-01  1.013E+05 -4.266E-06 -7.541E-05  2.930E+02  2.930E+02
  2.410E-01  3.756E-01  1.013E+05 -2.906E-06 -5.889E-05  2.930E+02  2.930E+02
  2.410E-01  3.819E-01  1.013E+05 -1.406E-06 -5.445E-05  2.930E+02  2.930E+02
  2.410E-01  3.882E-01  1.013E+05 -2.769E-06 -5.590E-05  2.930E+02  2.930E+02
  2.410E-01  3.945E-01  1.013E+05 -3.811E-06 -4.724E-05  2.930E+02  2.930E+02
  2.410E-01  4.008E-01  1.013E+05 -3.756E-06 -2.518E-05  2.930E+02  2.930E+02
  2.410E-01  4.072E-01  1.013E+05 -2.893E-06 -2.074E-05  2.930E+02  2.930E+02
  2.410E-01  4.135E-01  1.013E+05 -3.843E-07 -3.321E-05  2.930E+02  2.930E+02
  2.410E-01  4.198E-01  1.013E+05 -6.862E-07 -3.353E-05  2.930E+02  2.930E+02
  2.410E-01  4.261E-01  1.013E+05 -2.419E-06 -1.698E-05  2.930E+02  2.930E+02
  2.410E-01  4.324E-01  1.013E+05 -7.437E-07 -6.095E-06  2.930E+02  2.930E+02
  2.410E-01  4.387E-01  1.013E+05 -7.352E-07 -1.417E-05  2.930E+02  2.930E+02
  2.410E-01  4.450E-01  1.013E+05 -2.433E-06 -1.514E-05  2.930E+02  2.930E+02
  2.410E-01  4.513E-01  1.013E+05 -8.706E-07 -3.381E-06  2.930E+02  2.930E+02
  2.410E-01  4.577E-01  1.013E+05  3.465E-07  1.033E-06  2.930E+02  2.930E+02
  2.410E-01  4.640E-01  1.013E+05  2.025E-07  5.647E-07  2.930E+02  2.930E+02
  2.410E-01  4.703E-01  1.013E+05  2.865E-07  9.062E-07  2.930E+02  2.930E+02
  2.410E-01  4.766E-01  1.013E+05  2.701E-07  1.017E-06  2.930E+02  2.930E+02
  2.410E-01  4.829E-01  1.013E+05  2.639E-07  4.622E-07  2.930E+02  2.930E+02
  2.410E-01  4.892E-01  1.013E+05  2.203E-07  4.361E-06  2.930E+02  2.930E+02
  2.410E-01  4.955E-01  1.013E+05  1.551E-07  1.932E-05  2.930E+02  2.930E+02
  2.410E-01  5.018E-01  1.013E+05  1.517E-07  3.442E-06  2.930E+02  2.930E+02
  2.410E-01  5.050E-01  1.013E+05  1.517E-07  3.442E-06  2.930E+02  2.930E+02
  2.693E-01  0.000E+00  1.013E+05  0.000E+00  0.000E+00  2.930E+02  2.935E+02
  2.693E-01  3.156E-03  1.013E+05  7.555E-05 -5.462E-03  2.935E+02  2.935E+02
  2.693E-01  9.469E-03  1.013E+05  5.612E-05 -3.638E-03  2.938E+02  2.938E+02
  2.693E-01  1.578E-02  1.013E+05  4.397E-05 -4.271E-03  2.940E+02  2.940E+02
  2.693E-01  2.209E-02  1.013E+05  4.330E-05 -4.310E-03  2.941E+02  2.941E+02
  2.693E-01  2.841E-02  1.013E+05  3.242E-05 -4.516E-03  2.941E+02  2.941E+02
  2.693E-01  3.472E-02  1.013E+05  2.130E-05 -4.761E-03  2.942E+02  2.942E+02
  2.693E-01  4.103E-02  1.013E+05  2.086E-05 -5.059E-03  2.943E+02  2.943E+02
  2.693E-01  4.734E-02  1.013E+05  2.122E-05 -5.410E-03  2.944E+02  2.944E+02
  2.693E-01  5.366E-02  1.013E+05  2.136E-05 -5.826E-03  2.945E+02  2.945E+02
  2.693E-01  5.997E-02  1.013E+05  2.162E-05 -6.322E-03  2.946E+02  2.946E+02
  2.693E-01  6.628E-02  1.013E+05  2.092E-05 -6.892E-03  2.947E+02  2.947E+02
  2.693E-01  7.259E-02  1.013E+05  1.055E-05 -7.528E-03  2.949E+02  2.949E+02
  2.693E-01  7.891E-02  1.013E+05  1.018E-05 -8.247E-03  2.955E+02  2.955E+02
  2.693E-01  8.522E-02  1.013E+05  9.852E-06 -9.055E-03  2.973E+02  2.972E+02
  2.693E-01  9.153E-02  1.013E+05 -4.603E-07 -9.971E-03  3.032E+02  3.028E+02
  2.693E-01  9.784E-02  1.013E+05 -1.189E-07 -1.097E-02  3.225E+02  3.225E+02
  2.693E-01  1.042E-01  1.013E+05  1.082E-05 -1.096E-02  3.796E+02  4.374E+02
  2.693E-01  1.105E-01  1.013E+05  1.186E-05 -1.076E-02  3.308E+02  3.488E+02
  2.693E-01  1.168E-01  1.013E+05  1.184E-05 -9.693E-03  3.086E+02  3.152E+02
  2.693E-01  1.231E-01  1.013E+05  1.227E-05 -8.665E-03  2.998E+02  3.022E+02
  2.693E-01  1.294E-01  1.013E+05  1.161E-05 -7.767E-03  2.966E+02  2.974E+02
  2.693E-01  1.357E-01  1.013E+05  1.323E-06 -6.953E-03  2.953E+02  2.956E+02
  2.693E-01  1.420E-01  1.013E+05 -3.915E-07 -6.214E-03  2.948E+02  2.949E+02
  2.693E-01  1.483E-01  1.013E+05 -1.074E-05 -5.544E-03  2.945E+02  2.946E+02
  2.693E-01  1.547E-01  1.013E+05 -1.166E-05 -4.931E-03  2.944E+02  2.944E+02
  2.693E-01  1.610E-01  1.013E+05 -1.144E-05 -4.378E-03  2.942E+02  2.943E+02
  2.693E-01  1.673E-01  1.013E+05 -1.144E-05 -3.890E-03  2.941E+02  2.941E+02
  2.693E-01  1.736E-01  1.013E+05 -1.117E-05 -3.463E-03  2.940E+02  2.940E+02
  2.693E-01  1.799E-01  1.013E+05 -1.195E-05 -3.083E-03  2.939E+02  2.939E+02
  2.693E-01  1.862E-01  1.013E+05 -2.235E-05 -2.732E-03  2.938E+02  2.938E+02
  2.693E-01  1.925E-01  1.013E+05 -2.299E-05 -2.420E-03  2.937E+02  2.938E+02
  2.693E-01  1.988E-01  1.013E+05 -2.296E-05 -2.148E-03  2.937E+02  2.937E+02
  2.693E-01  2.052E-01  1.013E+05 -2.189E-05 -1.899E-03  2.936E+02  2.936E+02
  2.693E-01  2.115E-01  1.013E+05 -1.233E-05 -1.685E-03  2.935E+02  2.935E+02
  2.693E-01  2.178E-01  1.013E+05 -2.118E-05 -1.495E-03  2.935E+02  2.935E+02
  2.693E-01  2.241E-01  1.013E+05 -1.143E-05 -1.320E-03  2.934E+02  2.934E+02
  2.693E-01  2.304E-01  1.013E+05 -1.128E-05 -1.177E-03  2.933E+02  2.933E+02
  2.693E-01  2.367E-01  1.013E+05 -2.114E-05 -1.047E-03  2.933E+02  2.933E+02
  2.693E-01  2.430E-01  1.013E+05 -1.103E-05 -9.232E-04  2.933E+02  2.933E+02
  2.693E-01  2.493E-01  1.013E+05 -1.073E-05 -8.220E-04  2.932E+02  2.932E+02
  2.693E-01  2.557E-01  1.013E+05 -2.175E-05 -7.289E-04  2.932E+02  2.932E+02
  2.693E-01  2.620E-01  1.013E+05 -2.176E-05 -6.398E-04  2.932E+02  2.932E+02
  2.693E-01  2.683E-01  1.013E+05 -1.103E-05 -5.610E-04  2.932E+02  2.932E+02
  2.693E-01  2.746E-01  1.013E+05 -1.021E-05 -4.900E-04  2.932E+02  2.932E+02
  2.693E-01  2.809E-01  1.013E+05 -1.055E-05 -4.347E-04  2.932E+02  2.932E+02
  2.693E-01  2.872E-01  1.013E+05 -1.088E-05 -3.895E-04  2.931E+02  2.931E+02
  2.693E-01  2.935E-01  1.013E+05 -9.874E-06 -3.404E-04  2.931E+02  2.931E+02
  2.693E-01  2.998E-01  1.013E+05 -8.604E-08 -3.033E-04  2.931E+02  2.931E+02
  2.693E-01  3.062E-01  1.013E+05 -1.010E-05 -2.726E-04  2.931E+02  2.931E+02
  2.693E-01  3.125E-01  1.013E+05 -1.017E-05 -2.325E-04  2.931E+02  2.931E+02
  2.693E-01  3.188E-01  1.013E+05 -4.684E-07 -2.058E-04  2.931E+02  2.931E+02
  2.693E-01  3.251E-01  1.013E+05 -9.509E-06 -1.836E-04  2.931E+02  2.931E+02
  2.693E-01  3.314E-01  1.013E+05 -9.558E-08 -1.579E-04  2.931E+02  2.931E+02
  2.693E-01  3.377E-01  1.013E+05  8.546E-07 -1.466E-04  2.930E+02  2.931E+02
  2.693E-01  3.440E-01  1.013E+05  4.073E-07 -1.277E-04  2.930E+02  2.930E+02
  2.693E-01  3.503E-01  1.013E+05  6.034E-07 -1.002E-04  2.930E+02  2.930E+02
  2.693E-01  3.567E-01  1.013E+05 -4.724E-07 -9.248E-05  2.930E+02  2.930E+02
  2.693E-01  3.630E-01  1.013E+05 -1.002E-05 -9.018E-05  2.930E+02  2.930E+02
  2.693E-01  3.693E-01  1.013E+05 -1.346E-06 -7.444E-05  2.930E+02  2.930E+02
  2.693E-01  3.756E-01  1.013E+05 -9.805E-06 -5.873E-05  2.930E+02  2.930E+02
  2.693E-01  3.819E-01  1.013E+05 -1.313E-06 -5.589E-05  2.930E+02  2.930E+02
  2.693E-01  3.882E-01  1.013E+05 -1.013E-05 -5.210E-05  2.930E+02  2.930E+02
  2.693E-01  3.945E-01  1.013E+05 -4.663E-07 -4.147E-05  2.930E+02  2.930E+02
  2.693E-01  4.008E-01  1.013E+05 -4.743E-07 -3.244E-05  2.930E+02  2.930E+02
  2.693E-01  4.072E-01  1.013E+05 -1.046E-05 -2.154E-05  2.930E+02  2.930E+02
  2.693E-01  4.135E-01  1.013E+05 -6.532E-07 -2.246E-05  2.930E+02  2.930E+02
  2.693E-01  4.198E-01  1.013E+05  3.064E-07 -3.074E-05  2.930E+02  2.930E+02
  2.693E-01  4.261E-01  1.013E+05 -3.089E-08 -1.847E-05  2.930E+02  2.930E+02
  2.693E-01  4.324E-01  1.013E+05 -2.632E-08 -6.330E-06  2.930E+02  2.930E+02
  2.693E-01  4.387E-01  1.013E+05 -8.370E-08 -1.461E-05  2.930E+02  2.930E+02
  2.693E-01  4.450E-01  1.013E+05 -1.251E-07 -1.482E-05  2.930E+02  2.930E+02
  2.693E-01  4.513E-01  1.013E+05 -1.328E-08 -2.619E-06  2.930E+02  2.930E+02
  2.693E-01  4.577E-01  1.013E+05  4.423E-08  1.566E-06  2.930E+02  2.930E+02
  2.693E-01  4.640E-01  1.013E+05  1.051E-07  8.457E-07  2.930E+02  2.930E+02
  2.693E-01  4.703E-01  1.013E+05  1.068E-07  9.683E-07  2.930E+02  2.930E+02
  2.693E-01  4.766E-01  1.013E+05  1.189E-07  1.100E-06  2.930E+02  2.930E+02
  2.693E-01  4.829E-01  1.013E+05  1.252E-07  4.744E-07  2.930E+02  2.930E+02
  2.693E-01  4.892E-01  1.013E+05  1.217E-07  4.452E-06  2.930E+02  2.930E+02
  2.693E-01  4.955E-01  1.013E+05  1.453E-07  1.919E-05  2.930E+02  2.930E+02
  2.693E-01  5.018E-01  1.013E+05  9.287E-08  2.373E-06  2.930E+02  2.930E+02
  2.693E-01  5.050E-01  1.013E+05  9.287E-08  2.373E-06  2.930E+02  2.930E+02
  2.835E-01  0.000E+00  1.013E+05  0.000E+00  0.000E+00  2.930E+02  2.935E+02
  2.835E-01  3.156E-03  1.013E+05  0.000E+00  0.000E+00  2.935E+02  2.935E+02
  2.835E-01  9.469E-03  1.013E+05  0.000E+00  0.000E+00  2.938E+02  2.938E+02
  2.835E-01  1.578E-02  1.013E+05  0.000E+00  0.000E+00  2.940E+02  2.940E+02
  2.835E-01  2.209E-02  1.013E+05  0.000E+00  0.000E+00  2.941E+02  2.941E+02
  2.835E-01  2.841E-02  1.013E+05  0.000E+00  0.000E+00  2.941E+02  2.941E+02
  2.835E-01  3.472E-02  1.013E+05  0.000E+00  0.000E+00  2.942E+02  2.942E+02
  2.835E-01  4.103E-02  1.013E+05  0.000E+00  0.000E+00  2.943E+02  2.943E+02
  2.835E-01  4.734E-02  1.013E+05  0.000E+00  0.000E+00  2.944E+02  2.944E+02
  2.835E-01  5.366E-02  1.013E+05  0.000E+00  0.000E+00  2.945E+02  2.945E+02
  2.835E-01  5.997E-02  1.013E+05  0.000E+00  0.000E+00  2.946E+02  2.946E+02
  2.835E-01  6.628E-02  1.013E+05  0.000E+00  0.000E+00  2.947E+02  2.947E+02
  2.835E-01  7.259E-02  1.013E+05  0.000E+00  0.000E+00  2.949E+02  2.949E+02
  2.835E-01  7.891E-02  1.013E+05  0.000E+00  0.000E+00  2.955E+02  2.955E+02
  2.835E-01  8.522E-02  1.013E+05  0.000E+00  0.000E+00  2.973E+02  2.972E+02
  2.835E-01  9.153E-02  1.013E+05  0.000E+00  0.000E+00  3.032E+02  3.028E+02
  2.835E-01  9.784E-02  1.013E+05  0.000E+00  0.000E+00  3.225E+02  3.225E+02
  2.835E-01  1.042E-01  1.013E+05  0.000E+00  0.000E+00  3.796E+02  4.374E+02
  2.835E-01  1.105E-01  1.013E+05  0.000E+00  0.000E+00  3.308E+02  3.488E+02
  2.835E-01  1.168E-01  1.013E+05  0.000E+00  0.000E+00  3.086E+02  3.152E+02
  2.835E-01  1.231E-01  1.013E+05  0.000E+00  0.000E+00  2.998E+02  3.022E+02
  2.835E-01  1.294E-01  1.013E+05  0.000E+00  0.000E+00  2.966E+02  2.974E+02
  2.835E-01  1.357E-01  1.013E+05  0.000E+00  0.000E+00  2.953E+02  2.956E+02
  2.835E-01  1.420E-01  1.013E+05  0.000E+00  0.000E+00  2.948E+02  2.949E+02
  2.835E-01  1.483E-01  1.013E+05  0.000E+00  0.000E+00  2.945E+02  2.946E+02
  2.835E-01  1.547E-01  1.013E+05  0.000E+00  0.000E+00  2.944E+02  2.944E+02
  2.835E-01  1.610E-01  1.013E+05  0.000E+00  0.000E+00  2.942E+02  2.943E+02
  2.835E-01  1.673E-01  1.013E+05  0.000E+00  0.000E+00  2.941E+02  2.941E+02
  2.835E-01  1.736E-01  1.013E+05  0.000E+00  0.000E+00  2.940E+02  2.940E+02
  2.835E-01  1.799E-01  1.013E+05  0.000E+00  0.000E+00  2.939E+02  2.939E+02
  2.835E-01  1.862E-01  1.013E+05  0.000E+00  0.000E+00  2.938E+02  2.938E+02
  2.835E-01  1.925E-01  1.013E+05  0.000E+00  0.000E+00  2.937E+02  2.938E+02
  2.835E-01  1.988E-01  1.013E+05  0.000E+00  0.000E+00  2.937E+02  2.937E+02
  2.835E-01  2.052E-01  1.013E+05  0.000E+00  0.000E+00  2.936E+02  2.936E+02
  2.835E-01  2.115E-01  1.013E+05  0.000E+00  0.000E+00  2.935E+02  2.935E+02
  2.835E-01  2.178E-01  1.013E+05  0.000E+00  0.000E+00  2.935E+02  2.935E+02
  2.835E-01  2.241E-01  1.013E+05  0.000E+00  0.000E+00  2.934E+02  2.934E+02
  2.835E-01  2.304E-01  1.013E+05  0.000E+00  0.000E+00  2.933E+02  2.933E+02
  2.835E-01  2.367E-01  1.013E+05  0.000E+00  0.000E+00  2.933E+02  2.933E+02
  2.835E-01  2.430E-01  1.013E+05  0.000E+00  0.000E+00  2.933E+02  2.933E+02
  2.835E-01  2.493E-01  1.013E+05  0.000E+00  0.000E+00  2.932E+02  2.932E+02
  2.835E-01  2.557E-01  1.013E+05  0.000E+00  0.000E+00  2.932E+02  2.932E+02
  2.835E-01  2.620E-01  1.013E+05  0.000E+00  0.000E+00  2.932E+02  2.932E+02
  2.835E-01  2.683E-01  1.013E+05  0.000E+00  0.000E+00  2.932E+02  2.932E+02
  2.835E-01  2.746E-01  1.013E+05  0.000E+00  0.000E+00  2.932E+02  2.932E+02
  2.835E-01  2.809E-01  1.013E+05  0.000E+00  0.000E+00  2.932E+02  2.932E+02
  2.835E-01  2.872E-01  1.013E+05  0.000E+00  0.000E+00  2.931E+02  2.931E+02
  2.835E-01  2.935E-01  1.013E+05  0.000E+00  0.000E+00  2.931E+02  2.931E+02
  2.835E-01  2.998E-01  1.013E+05  0.000E+00  0.000E+00  2.931E+02  2.931E+02
  2.835E-01  3.062E-01  1.013E+05  0.000E+00  0.000E+00  2.931E+02  2.931E+02
  2.835E-01  3.125E-01  1.013E+05  0.000E+00  0.000E+00  2.931E+02  2.931E+02
  2.835E-01  3.188E-01  1.013E+05  0.000E+00  0.000E+00  2.931E+02  2.931E+02
  2.835E-01  3.251E-01  1.013E+05  0.000E+00  0.000E+00  2.931E+02  2.931E+02
  2.835E-01  3.314E-01  1.013E+05  0.000E+00  0.000E+00  2.931E+02  2.931E+02
  2.835E-01  3.377E-01  1.013E+05  0.000E+00  0.000E+00  2.930E+02  2.931E+02
  2.835E-01  3.440E-01  1.013E+05  0.000E+00  0.000E+00  2.930E+02  2.930E+02
  2.835E-01  3.503E-01  1.013E+05  0.000E+00  0.000E+00  2.930E+02  2.930E+02
  2.835E-01  3.567E-01  1.013E+05  0.000E+00  0.000E+00  2.930E+02  2.930E+02
  2.835E-01  3.630E-01  1.013E+05  0.000E+00  0.000E+00  2.930E+02  2.930E+02
  2.835E-01  3.693E-01  1.013E+05  0.000E+00  0.000E+00  2.930E+02  2.930E+02
  2.835E-01  3.756E-01  1.013E+05  0.000E+00  0.000E+00  2.930E+02  2.930E+02
  2.835E-01  3.819E-01  1.013E+05  0.000E+00  0.000E+00  2.930E+02  2.930E+02
  2.835E-01  3.882E-01  1.013E+05  0.000E+00  0.000E+00  2.930E+02  2.930E+02
  2.835E-01  3.945E-01  1.013E+05  0.000E+00  0.000E+00  2.930E+02  2.930E+02
  2.835E-01  4.008E-01  1.013E+05  0.000E+00  0.000E+00  2.930E+02  2.930E+02
  2.835E-01  4.072E-01  1.013E+05  0.000E+00  0.000E+00  2.930E+02  2.930E+02
  2.835E-01  4.135E-01  1.013E+05  0.000E+00  0.000E+00  2.930E+02  2.930E+02
  2.835E-01  4.198E-01  1.013E+05  0.000E+00  0.000E+00  2.930E+02  2.930E+02
  2.835E-01  4.261E-01  1.013E+05  0.000E+00  0.000E+00  2.930E+02  2.930E+02
  2.835E-01  4.324E-01  1.013E+05  0.000E+00  0.000E+00  2.930E+02  2.930E+02
  2.835E-01  4.387E-01  1.013E+05  0.000E+00  0.000E+00  2.930E+02  2.930E+02
  2.835E-01  4.450E-01  1.013E+05  0.000E+00  0.000E+00  2.930E+02  2.930E+02
  2.835E-01  4.513E-01  1.013E+05  0.000E+00  0.000E+00  2.930E+02  2.930E+02
  2.835E-01  4.577E-01  1.013E+05  0.000E+00  0.000E+00  2.930E+02  2.930E+02
  2.835E-01  4.640E-01  1.013E+05  0.000E+00  0.000E+00  2.930E+02  2.930E+02
  2.835E-01  4.703E-01  1.013E+05  0.000E+00  0.000E+00  2.930E+02  2.930E+02
  2.835E-01  4.766E-01  1.013E+05  0.000E+00  0.000E+00  2.930E+02  2.930E+02
  2.835E-01  4.829E-01  1.013E+05  0.000E+00  0.000E+00  2.930E+02  2.930E+02
  2.835E-01  4.892E-01  1.013E+05  0.000E+00  0.000E+00  2.930E+02  2.930E+02
  2.835E-01  4.955E-01  1.013E+05  0.000E+00  0.000E+00  2.930E+02  2.930E+02
  2.835E-01  5.018E-01  1.013E+05  0.000E+00  0.000E+00  2.930E+02  2.930E+02
  2.835E-01  5.050E-01  1.013E+05  9.287E-08  2.373E-06  2.930E+02  2.930E+02
