VARIABLES="XP","YP","P","U","V","TS","TF"
ZONE T="Zone 001"I=    82 J=    12 F=POINT
  0.000E+00  0.000E+00  1.019E+05  0.000E+00  0.000E+00  2.930E+02  2.930E+02
  0.000E+00  3.156E-03  1.019E+05  0.000E+00  0.000E+00  2.930E+02  2.930E+02
  0.000E+00  9.469E-03  1.019E+05  0.000E+00  0.000E+00  2.930E+02  2.930E+02
  0.000E+00  1.578E-02  1.019E+05  0.000E+00  0.000E+00  2.930E+02  2.930E+02
  0.000E+00  2.209E-02  1.019E+05  0.000E+00  0.000E+00  2.930E+02  2.930E+02
  0.000E+00  2.841E-02  1.019E+05  0.000E+00  0.000E+00  2.930E+02  2.930E+02
  0.000E+00  3.472E-02  1.019E+05  0.000E+00  0.000E+00  2.930E+02  2.930E+02
  0.000E+00  4.103E-02  1.019E+05  0.000E+00  0.000E+00  2.931E+02  2.931E+02
  0.000E+00  4.734E-02  1.019E+05  0.000E+00  0.000E+00  2.931E+02  2.931E+02
  0.000E+00  5.366E-02  1.018E+05  0.000E+00  0.000E+00  2.932E+02  2.931E+02
  0.000E+00  5.997E-02  1.018E+05  0.000E+00  0.000E+00  2.933E+02  2.932E+02
  0.000E+00  6.628E-02  1.018E+05  0.000E+00  0.000E+00  2.934E+02  2.933E+02
  0.000E+00  7.259E-02  1.018E+05  0.000E+00  0.000E+00  2.936E+02  2.935E+02
  0.000E+00  7.891E-02  1.018E+05  0.000E+00  0.000E+00  2.939E+02  2.938E+02
  0.000E+00  8.522E-02  1.018E+05  0.000E+00  0.000E+00  2.943E+02  2.941E+02
  0.000E+00  9.153E-02  1.018E+05  0.000E+00  0.000E+00  2.949E+02  2.946E+02
  0.000E+00  9.784E-02  1.018E+05  0.000E+00  0.000E+00  2.956E+02  2.952E+02
  0.000E+00  1.042E-01  1.018E+05  0.000E+00  0.000E+00  2.966E+02  2.961E+02
  0.000E+00  1.105E-01  1.018E+05  0.000E+00  0.000E+00  2.979E+02  2.972E+02
  0.000E+00  1.168E-01  1.018E+05  0.000E+00  0.000E+00  2.996E+02  2.986E+02
  0.000E+00  1.231E-01  1.018E+05  0.000E+00  0.000E+00  3.017E+02  3.005E+02
  0.000E+00  1.294E-01  1.018E+05  0.000E+00  0.000E+00  3.043E+02  3.028E+02
  0.000E+00  1.357E-01  1.018E+05  0.000E+00  0.000E+00  3.074E+02  3.055E+02
  0.000E+00  1.420E-01  1.017E+05  0.000E+00  0.000E+00  3.111E+02  3.089E+02
  0.000E+00  1.483E-01  1.017E+05  0.000E+00  0.000E+00  3.154E+02  3.128E+02
  0.000E+00  1.547E-01  1.017E+05  0.000E+00  0.000E+00  3.203E+02  3.172E+02
  0.000E+00  1.610E-01  1.017E+05  0.000E+00  0.000E+00  3.257E+02  3.223E+02
  0.000E+00  1.673E-01  1.017E+05  0.000E+00  0.000E+00  3.317E+02  3.279E+02
  0.000E+00  1.736E-01  1.017E+05  0.000E+00  0.000E+00  3.381E+02  3.340E+02
  0.000E+00  1.799E-01  1.017E+05  0.000E+00  0.000E+00  3.449E+02  3.405E+02
  0.000E+00  1.862E-01  1.017E+05  0.000E+00  0.000E+00  3.519E+02  3.473E+02
  0.000E+00  1.925E-01  1.017E+05  0.000E+00  0.000E+00  3.589E+02  3.543E+02
  0.000E+00  1.988E-01  1.017E+05  0.000E+00  0.000E+00  3.659E+02  3.612E+02
  0.000E+00  2.052E-01  1.017E+05  0.000E+00  0.000E+00  3.726E+02  3.680E+02
  0.000E+00  2.115E-01  1.017E+05  0.000E+00  0.000E+00  3.788E+02  3.744E+02
  0.000E+00  2.178E-01  1.017E+05  0.000E+00  0.000E+00  3.845E+02  3.804E+02
  0.000E+00  2.241E-01  1.017E+05  0.000E+00  0.000E+00  3.895E+02  3.858E+02
  0.000E+00  2.304E-01  1.016E+05  0.000E+00  0.000E+00  3.936E+02  3.904E+02
  0.000E+00  2.367E-01  1.016E+05  0.000E+00  0.000E+00  3.968E+02  3.942E+02
  0.000E+00  2.430E-01  1.016E+05  0.000E+00  0.000E+00  3.990E+02  3.970E+02
  0.000E+00  2.493E-01  1.016E+05  0.000E+00  0.000E+00  4.002E+02  3.989E+02
  0.000E+00  2.557E-01  1.016E+05  0.000E+00  0.000E+00  4.003E+02  3.997E+02
  0.000E+00  2.620E-01  1.016E+05  0.000E+00  0.000E+00  3.995E+02  3.996E+02
  0.000E+00  2.683E-01  1.016E+05  0.000E+00  0.000E+00  3.977E+02  3.985E+02
  0.000E+00  2.746E-01  1.016E+05  0.000E+00  0.000E+00  3.951E+02  3.964E+02
  0.000E+00  2.809E-01  1.016E+05  0.000E+00  0.000E+00  3.917E+02  3.936E+02
  0.000E+00  2.872E-01  1.016E+05  0.000E+00  0.000E+00  3.876E+02  3.900E+02
  0.000E+00  2.935E-01  1.016E+05  0.000E+00  0.000E+00  3.830E+02  3.858E+02
  0.000E+00  2.998E-01  1.016E+05  0.000E+00  0.000E+00  3.780E+02  3.812E+02
  0.000E+00  3.062E-01  1.016E+05  0.000E+00  0.000E+00  3.726E+02  3.761E+02
  0.000E+00  3.125E-01  1.015E+05  0.000E+00  0.000E+00  3.671E+02  3.707E+02
  0.000E+00  3.188E-01  1.015E+05  0.000E+00  0.000E+00  3.614E+02  3.652E+02
  0.000E+00  3.251E-01  1.015E+05  0.000E+00  0.000E+00  3.558E+02  3.596E+02
  0.000E+00  3.314E-01  1.015E+05  0.000E+00  0.000E+00  3.502E+02  3.540E+02
  0.000E+00  3.377E-01  1.015E+05  0.000E+00  0.000E+00  3.448E+02  3.486E+02
  0.000E+00  3.440E-01  1.015E+05  0.000E+00  0.000E+00  3.397E+02  3.433E+02
  0.000E+00  3.503E-01  1.015E+05  0.000E+00  0.000E+00  3.348E+02  3.382E+02
  0.000E+00  3.567E-01  1.015E+05  0.000E+00  0.000E+00  3.301E+02  3.334E+02
  0.000E+00  3.630E-01  1.015E+05  0.000E+00  0.000E+00  3.258E+02  3.289E+02
  0.000E+00  3.693E-01  1.015E+05  0.000E+00  0.000E+00  3.219E+02  3.247E+02
  0.000E+00  3.756E-01  1.015E+05  0.000E+00  0.000E+00  3.183E+02  3.209E+02
  0.000E+00  3.819E-01  1.015E+05  0.000E+00  0.000E+00  3.150E+02  3.174E+02
  0.000E+00  3.882E-01  1.015E+05  0.000E+00  0.000E+00  3.120E+02  3.142E+02
  0.000E+00  3.945E-01  1.015E+05  0.000E+00  0.000E+00  3.094E+02  3.114E+02
  0.000E+00  4.008E-01  1.014E+05  0.000E+00  0.000E+00  3.071E+02  3.088E+02
  0.000E+00  4.072E-01  1.014E+05  0.000E+00  0.000E+00  3.050E+02  3.066E+02
  0.000E+00  4.135E-01  1.014E+05  0.000E+00  0.000E+00  3.032E+02  3.046E+02
  0.000E+00  4.198E-01  1.014E+05  0.000E+00  0.000E+00  3.016E+02  3.028E+02
  0.000E+00  4.261E-01  1.014E+05  0.000E+00  0.000E+00  3.003E+02  3.013E+02
  0.000E+00  4.324E-01  1.014E+05  0.000E+00  0.000E+00  2.991E+02  3.000E+02
  0.000E+00  4.387E-01  1.014E+05  0.000E+00  0.000E+00  2.981E+02  2.989E+02
  0.000E+00  4.450E-01  1.014E+05  0.000E+00  0.000E+00  2.973E+02  2.979E+02
  0.000E+00  4.513E-01  1.014E+05  0.000E+00  0.000E+00  2.965E+02  2.971E+02
  0.000E+00  4.577E-01  1.014E+05  0.000E+00  0.000E+00  2.959E+02  2.964E+02
  0.000E+00  4.640E-01  1.014E+05  0.000E+00  0.000E+00  2.954E+02  2.958E+02
  0.000E+00  4.703E-01  1.014E+05  0.000E+00  0.000E+00  2.950E+02  2.953E+02
  0.000E+00  4.766E-01  1.014E+05  0.000E+00  0.000E+00  2.946E+02  2.949E+02
  0.000E+00  4.829E-01  1.014E+05  0.000E+00  0.000E+00  2.943E+02  2.946E+02
  0.000E+00  4.892E-01  1.013E+05  0.000E+00  0.000E+00  2.941E+02  2.943E+02
  0.000E+00  4.955E-01  1.013E+05  0.000E+00  0.000E+00  2.939E+02  2.941E+02
  0.000E+00  5.018E-01  1.013E+05  0.000E+00  0.000E+00  2.937E+02  2.938E+02
  0.000E+00  5.050E-01  1.013E+05  0.000E+00  0.000E+00  2.937E+02  2.938E+02
  1.417E-02  0.000E+00  1.019E+05  8.283E-08  6.500E-02  2.930E+02  2.930E+02
  1.417E-02  3.156E-03  1.019E+05  8.283E-08  6.502E-02  2.930E+02  2.930E+02
  1.417E-02  9.469E-03  1.019E+05  6.262E-08  6.500E-02  2.930E+02  2.930E+02
  1.417E-02  1.578E-02  1.019E+05  5.006E-08  6.500E-02  2.930E+02  2.930E+02
  1.417E-02  2.209E-02  1.019E+05  3.978E-08  6.500E-02  2.930E+02  2.930E+02
  1.417E-02  2.841E-02  1.019E+05  3.179E-08  6.500E-02  2.930E+02  2.930E+02
  1.417E-02  3.472E-02  1.019E+05  2.551E-08  6.499E-02  2.930E+02  2.930E+02
  1.417E-02  4.103E-02  1.019E+05  2.056E-08  6.499E-02  2.931E+02  2.931E+02
  1.417E-02  4.734E-02  1.019E+05  1.664E-08  6.499E-02  2.931E+02  2.931E+02
  1.417E-02  5.366E-02  1.018E+05  1.352E-08  6.500E-02  2.932E+02  2.931E+02
  1.417E-02  5.997E-02  1.018E+05  1.104E-08  6.500E-02  2.933E+02  2.932E+02
  1.417E-02  6.628E-02  1.018E+05  9.045E-09  6.500E-02  2.934E+02  2.933E+02
  1.417E-02  7.259E-02  1.018E+05  7.443E-09  6.500E-02  2.936E+02  2.935E+02
  1.417E-02  7.891E-02  1.018E+05  6.153E-09  6.500E-02  2.939E+02  2.938E+02
  1.417E-02  8.522E-02  1.018E+05  5.119E-09  6.500E-02  2.943E+02  2.941E+02
  1.417E-02  9.153E-02  1.018E+05  4.274E-09  6.500E-02  2.949E+02  2.946E+02
  1.417E-02  9.784E-02  1.018E+05  3.581E-09  6.499E-02  2.956E+02  2.952E+02
  1.417E-02  1.042E-01  1.018E+05  3.039E-09  6.499E-02  2.966E+02  2.961E+02
  1.417E-02  1.105E-01  1.018E+05  2.598E-09  6.499E-02  2.979E+02  2.972E+02
  1.417E-02  1.168E-01  1.018E+05  2.250E-09  6.500E-02  2.996E+02  2.986E+02
  1.417E-02  1.231E-01  1.018E+05  1.981E-09  6.500E-02  3.017E+02  3.005E+02
  1.417E-02  1.294E-01  1.018E+05  1.781E-09  6.499E-02  3.043E+02  3.028E+02
  1.417E-02  1.357E-01  1.018E+05  1.667E-09  6.499E-02  3.074E+02  3.055E+02
  1.417E-02  1.420E-01  1.017E+05  1.610E-09  6.499E-02  3.111E+02  3.089E+02
  1.417E-02  1.483E-01  1.017E+05  1.580E-09  6.499E-02  3.154E+02  3.128E+02
  1.417E-02  1.547E-01  1.017E+05  1.591E-09  6.499E-02  3.203E+02  3.172E+02
  1.417E-02  1.610E-01  1.017E+05  1.623E-09  6.499E-02  3.257E+02  3.223E+02
  1.417E-02  1.673E-01  1.017E+05  1.659E-09  6.499E-02  3.317E+02  3.279E+02
  1.417E-02  1.736E-01  1.017E+05  1.724E-09  6.499E-02  3.381E+02  3.340E+02
  1.417E-02  1.799E-01  1.017E+05  1.828E-09  6.498E-02  3.449E+02  3.405E+02
  1.417E-02  1.862E-01  1.017E+05  1.955E-09  6.498E-02  3.519E+02  3.473E+02
  1.417E-02  1.925E-01  1.017E+05  2.079E-09  6.498E-02  3.589E+02  3.543E+02
  1.417E-02  1.988E-01  1.017E+05  2.215E-09  6.498E-02  3.659E+02  3.612E+02
  1.417E-02  2.052E-01  1.017E+05  2.377E-09  6.498E-02  3.726E+02  3.680E+02
  1.417E-02  2.115E-01  1.017E+05  2.530E-09  6.498E-02  3.788E+02  3.744E+02
  1.417E-02  2.178E-01  1.017E+05  2.660E-09  6.498E-02  3.845E+02  3.804E+02
  1.417E-02  2.241E-01  1.017E+05  2.777E-09  6.499E-02  3.895E+02  3.858E+02
  1.417E-02  2.304E-01  1.016E+05  2.860E-09  6.499E-02  3.936E+02  3.904E+02
  1.417E-02  2.367E-01  1.016E+05  2.906E-09  6.499E-02  3.968E+02  3.942E+02
  1.417E-02  2.430E-01  1.016E+05  2.900E-09  6.499E-02  3.990E+02  3.970E+02
  1.417E-02  2.493E-01  1.016E+05  2.824E-09  6.500E-02  4.002E+02  3.989E+02
  1.417E-02  2.557E-01  1.016E+05  2.708E-09  6.500E-02  4.003E+02  3.997E+02
  1.417E-02  2.620E-01  1.016E+05  2.557E-09  6.500E-02  3.995E+02  3.996E+02
  1.417E-02  2.683E-01  1.016E+05  2.360E-09  6.500E-02  3.977E+02  3.985E+02
  1.417E-02  2.746E-01  1.016E+05  2.118E-09  6.501E-02  3.951E+02  3.964E+02
  1.417E-02  2.809E-01  1.016E+05  1.862E-09  6.501E-02  3.917E+02  3.936E+02
  1.417E-02  2.872E-01  1.016E+05  1.599E-09  6.501E-02  3.876E+02  3.900E+02
  1.417E-02  2.935E-01  1.016E+05  1.315E-09  6.500E-02  3.830E+02  3.858E+02
  1.417E-02  2.998E-01  1.016E+05  1.022E-09  6.501E-02  3.780E+02  3.812E+02
  1.417E-02  3.062E-01  1.016E+05  7.189E-10  6.502E-02  3.726E+02  3.761E+02
  1.417E-02  3.125E-01  1.015E+05  4.361E-10  6.503E-02  3.671E+02  3.707E+02
  1.417E-02  3.188E-01  1.015E+05  1.881E-10  6.502E-02  3.614E+02  3.652E+02
  1.417E-02  3.251E-01  1.015E+05 -6.887E-11  6.501E-02  3.558E+02  3.596E+02
  1.417E-02  3.314E-01  1.015E+05 -3.005E-10  6.501E-02  3.502E+02  3.540E+02
  1.417E-02  3.377E-01  1.015E+05 -5.026E-10  6.501E-02  3.448E+02  3.486E+02
  1.417E-02  3.440E-01  1.015E+05 -6.963E-10  6.501E-02  3.397E+02  3.433E+02
  1.417E-02  3.503E-01  1.015E+05 -8.529E-10  6.501E-02  3.348E+02  3.382E+02
  1.417E-02  3.567E-01  1.015E+05 -9.722E-10  6.500E-02  3.301E+02  3.334E+02
  1.417E-02  3.630E-01  1.015E+05 -1.076E-09  6.501E-02  3.258E+02  3.289E+02
  1.417E-02  3.693E-01  1.015E+05 -1.166E-09  6.502E-02  3.219E+02  3.247E+02
  1.417E-02  3.756E-01  1.015E+05 -1.221E-09  6.502E-02  3.183E+02  3.209E+02
  1.417E-02  3.819E-01  1.015E+05 -1.242E-09  6.501E-02  3.150E+02  3.174E+02
  1.417E-02  3.882E-01  1.015E+05 -1.258E-09  6.500E-02  3.120E+02  3.142E+02
  1.417E-02  3.945E-01  1.015E+05 -1.244E-09  6.500E-02  3.094E+02  3.114E+02
  1.417E-02  4.008E-01  1.014E+05 -1.207E-09  6.501E-02  3.071E+02  3.088E+02
  1.417E-02  4.072E-01  1.014E+05 -1.171E-09  6.501E-02  3.050E+02  3.066E+02
  1.417E-02  4.135E-01  1.014E+05 -1.136E-09  6.501E-02  3.032E+02  3.046E+02
  1.417E-02  4.198E-01  1.014E+05 -1.083E-09  6.500E-02  3.016E+02  3.028E+02
  1.417E-02  4.261E-01  1.014E+05 -1.016E-09  6.500E-02  3.003E+02  3.013E+02
  1.417E-02  4.324E-01  1.014E+05 -9.645E-10  6.501E-02  2.991E+02  3.000E+02
  1.417E-02  4.387E-01  1.014E+05 -9.019E-10  6.500E-02  2.981E+02  2.989E+02
  1.417E-02  4.450E-01  1.014E+05 -8.335E-10  6.500E-02  2.973E+02  2.979E+02
  1.417E-02  4.513E-01  1.014E+05 -7.635E-10  6.501E-02  2.965E+02  2.971E+02
  1.417E-02  4.577E-01  1.014E+05 -6.849E-10  6.500E-02  2.959E+02  2.964E+02
  1.417E-02  4.640E-01  1.014E+05 -6.225E-10  6.500E-02  2.954E+02  2.958E+02
  1.417E-02  4.703E-01  1.014E+05 -5.527E-10  6.500E-02  2.950E+02  2.953E+02
  1.417E-02  4.766E-01  1.014E+05 -4.749E-10  6.500E-02  2.946E+02  2.949E+02
  1.417E-02  4.829E-01  1.014E+05 -4.138E-10  6.500E-02  2.943E+02  2.946E+02
  1.417E-02  4.892E-01  1.013E+05 -3.422E-10  6.500E-02  2.941E+02  2.943E+02
  1.417E-02  4.955E-01  1.013E+05 -2.536E-10  6.500E-02  2.939E+02  2.941E+02
  1.417E-02  5.018E-01  1.013E+05 -1.941E-10  6.500E-02  2.937E+02  2.938E+02
  1.417E-02  5.050E-01  1.013E+05 -1.941E-10  6.500E-02  2.937E+02  2.930E+02
  4.252E-02  0.000E+00  1.019E+05  1.066E-07  6.500E-02  2.930E+02  2.930E+02
  4.252E-02  3.156E-03  1.019E+05  1.066E-07  6.502E-02  2.930E+02  2.930E+02
  4.252E-02  9.469E-03  1.019E+05  8.535E-08  6.500E-02  2.930E+02  2.930E+02
  4.252E-02  1.578E-02  1.019E+05  7.130E-08  6.500E-02  2.930E+02  2.930E+02
  4.252E-02  2.209E-02  1.019E+05  5.925E-08  6.500E-02  2.930E+02  2.930E+02
  4.252E-02  2.841E-02  1.019E+05  4.942E-08  6.500E-02  2.930E+02  2.930E+02
  4.252E-02  3.472E-02  1.019E+05  4.130E-08  6.499E-02  2.930E+02  2.930E+02
  4.252E-02  4.103E-02  1.019E+05  3.458E-08  6.499E-02  2.931E+02  2.931E+02
  4.252E-02  4.734E-02  1.019E+05  2.901E-08  6.500E-02  2.931E+02  2.931E+02
  4.252E-02  5.366E-02  1.018E+05  2.438E-08  6.500E-02  2.932E+02  2.931E+02
  4.252E-02  5.997E-02  1.018E+05  2.052E-08  6.500E-02  2.933E+02  2.932E+02
  4.252E-02  6.628E-02  1.018E+05  1.728E-08  6.500E-02  2.934E+02  2.933E+02
  4.252E-02  7.259E-02  1.018E+05  1.458E-08  6.500E-02  2.936E+02  2.935E+02
  4.252E-02  7.891E-02  1.018E+05  1.235E-08  6.500E-02  2.939E+02  2.938E+02
  4.252E-02  8.522E-02  1.018E+05  1.047E-08  6.500E-02  2.943E+02  2.941E+02
  4.252E-02  9.153E-02  1.018E+05  8.891E-09  6.500E-02  2.949E+02  2.946E+02
  4.252E-02  9.784E-02  1.018E+05  7.560E-09  6.499E-02  2.956E+02  2.952E+02
  4.252E-02  1.042E-01  1.018E+05  6.475E-09  6.499E-02  2.966E+02  2.961E+02
  4.252E-02  1.105E-01  1.018E+05  5.607E-09  6.499E-02  2.979E+02  2.972E+02
  4.252E-02  1.168E-01  1.018E+05  4.886E-09  6.500E-02  2.996E+02  2.986E+02
  4.252E-02  1.231E-01  1.018E+05  4.319E-09  6.500E-02  3.017E+02  3.005E+02
  4.252E-02  1.294E-01  1.018E+05  3.886E-09  6.499E-02  3.043E+02  3.028E+02
  4.252E-02  1.357E-01  1.018E+05  3.586E-09  6.499E-02  3.074E+02  3.055E+02
  4.252E-02  1.420E-01  1.017E+05  3.389E-09  6.499E-02  3.111E+02  3.089E+02
  4.252E-02  1.483E-01  1.017E+05  3.350E-09  6.499E-02  3.154E+02  3.128E+02
  4.252E-02  1.547E-01  1.017E+05  3.284E-09  6.499E-02  3.203E+02  3.172E+02
  4.252E-02  1.610E-01  1.017E+05  3.169E-09  6.499E-02  3.257E+02  3.223E+02
  4.252E-02  1.673E-01  1.017E+05  3.276E-09  6.499E-02  3.317E+02  3.279E+02
  4.252E-02  1.736E-01  1.017E+05  3.304E-09  6.499E-02  3.381E+02  3.340E+02
  4.252E-02  1.799E-01  1.017E+05  3.275E-09  6.498E-02  3.449E+02  3.405E+02
  4.252E-02  1.862E-01  1.017E+05  3.342E-09  6.498E-02  3.519E+02  3.473E+02
  4.252E-02  1.925E-01  1.017E+05  3.390E-09  6.498E-02  3.589E+02  3.543E+02
  4.252E-02  1.988E-01  1.017E+05  3.478E-09  6.499E-02  3.659E+02  3.612E+02
  4.252E-02  2.052E-01  1.017E+05  3.584E-09  6.498E-02  3.726E+02  3.680E+02
  4.252E-02  2.115E-01  1.017E+05  3.668E-09  6.498E-02  3.788E+02  3.744E+02
  4.252E-02  2.178E-01  1.017E+05  3.725E-09  6.498E-02  3.845E+02  3.804E+02
  4.252E-02  2.241E-01  1.017E+05  3.759E-09  6.499E-02  3.895E+02  3.858E+02
  4.252E-02  2.304E-01  1.016E+05  3.769E-09  6.499E-02  3.936E+02  3.904E+02
  4.252E-02  2.367E-01  1.016E+05  3.756E-09  6.499E-02  3.968E+02  3.942E+02
  4.252E-02  2.430E-01  1.016E+05  3.710E-09  6.499E-02  3.990E+02  3.970E+02
  4.252E-02  2.493E-01  1.016E+05  3.645E-09  6.500E-02  4.002E+02  3.989E+02
  4.252E-02  2.557E-01  1.016E+05  3.534E-09  6.500E-02  4.003E+02  3.997E+02
  4.252E-02  2.620E-01  1.016E+05  3.348E-09  6.500E-02  3.995E+02  3.996E+02
  4.252E-02  2.683E-01  1.016E+05  3.112E-09  6.500E-02  3.977E+02  3.985E+02
  4.252E-02  2.746E-01  1.016E+05  2.834E-09  6.501E-02  3.951E+02  3.964E+02
  4.252E-02  2.809E-01  1.016E+05  2.507E-09  6.501E-02  3.917E+02  3.936E+02
  4.252E-02  2.872E-01  1.016E+05  2.143E-09  6.501E-02  3.876E+02  3.900E+02
  4.252E-02  2.935E-01  1.016E+05  1.736E-09  6.501E-02  3.830E+02  3.859E+02
  4.252E-02  2.998E-01  1.016E+05  1.312E-09  6.501E-02  3.780E+02  3.812E+02
  4.252E-02  3.062E-01  1.016E+05  8.798E-10  6.503E-02  3.726E+02  3.761E+02
  4.252E-02  3.125E-01  1.015E+05  4.592E-10  6.503E-02  3.671E+02  3.707E+02
  4.252E-02  3.188E-01  1.015E+05  7.064E-11  6.502E-02  3.614E+02  3.652E+02
  4.252E-02  3.251E-01  1.015E+05 -3.031E-10  6.501E-02  3.558E+02  3.596E+02
  4.252E-02  3.314E-01  1.015E+05 -6.439E-10  6.501E-02  3.502E+02  3.540E+02
  4.252E-02  3.377E-01  1.015E+05 -9.488E-10  6.502E-02  3.449E+02  3.486E+02
  4.252E-02  3.440E-01  1.015E+05 -1.201E-09  6.501E-02  3.397E+02  3.433E+02
  4.252E-02  3.503E-01  1.015E+05 -1.402E-09  6.501E-02  3.348E+02  3.382E+02
  4.252E-02  3.567E-01  1.015E+05 -1.563E-09  6.501E-02  3.301E+02  3.334E+02
  4.252E-02  3.630E-01  1.015E+05 -1.681E-09  6.501E-02  3.259E+02  3.289E+02
  4.252E-02  3.693E-01  1.015E+05 -1.763E-09  6.502E-02  3.219E+02  3.247E+02
  4.252E-02  3.756E-01  1.015E+05 -1.793E-09  6.502E-02  3.183E+02  3.209E+02
  4.252E-02  3.819E-01  1.015E+05 -1.800E-09  6.501E-02  3.150E+02  3.174E+02
  4.252E-02  3.882E-01  1.015E+05 -1.807E-09  6.500E-02  3.121E+02  3.142E+02
  4.252E-02  3.945E-01  1.015E+05 -1.788E-09  6.500E-02  3.094E+02  3.114E+02
  4.252E-02  4.008E-01  1.014E+05 -1.719E-09  6.501E-02  3.071E+02  3.088E+02
  4.252E-02  4.072E-01  1.014E+05 -1.614E-09  6.502E-02  3.050E+02  3.066E+02
  4.252E-02  4.135E-01  1.014E+05 -1.518E-09  6.501E-02  3.032E+02  3.046E+02
  4.252E-02  4.198E-01  1.014E+05 -1.424E-09  6.500E-02  3.017E+02  3.028E+02
  4.252E-02  4.261E-01  1.014E+05 -1.315E-09  6.500E-02  3.003E+02  3.013E+02
  4.252E-02  4.324E-01  1.014E+05 -1.215E-09  6.501E-02  2.991E+02  3.000E+02
  4.252E-02  4.387E-01  1.014E+05 -1.140E-09  6.500E-02  2.981E+02  2.989E+02
  4.252E-02  4.450E-01  1.014E+05 -1.054E-09  6.500E-02  2.973E+02  2.979E+02
  4.252E-02  4.513E-01  1.014E+05 -9.357E-10  6.501E-02  2.965E+02  2.971E+02
  4.252E-02  4.577E-01  1.014E+05 -8.280E-10  6.500E-02  2.959E+02  2.964E+02
  4.252E-02  4.640E-01  1.014E+05 -7.390E-10  6.500E-02  2.954E+02  2.958E+02
  4.252E-02  4.703E-01  1.014E+05 -6.567E-10  6.500E-02  2.950E+02  2.953E+02
  4.252E-02  4.766E-01  1.014E+05 -5.656E-10  6.500E-02  2.946E+02  2.949E+02
  4.252E-02  4.829E-01  1.014E+05 -4.852E-10  6.500E-02  2.943E+02  2.946E+02
  4.252E-02  4.892E-01  1.013E+05 -4.143E-10  6.500E-02  2.941E+02  2.943E+02
  4.252E-02  4.955E-01  1.013E+05 -3.123E-10  6.500E-02  2.939E+02  2.941E+02
  4.252E-02  5.018E-01  1.013E+05 -2.419E-10  6.500E-02  2.937E+02  2.938E+02
  4.252E-02  5.050E-01  1.013E+05 -2.419E-10  6.500E-02  2.937E+02  2.930E+02
  7.087E-02  0.000E+00  1.019E+05  3.757E-08  6.500E-02  2.930E+02  2.930E+02
  7.087E-02  3.156E-03  1.019E+05  3.757E-08  6.502E-02  2.930E+02  2.930E+02
  7.087E-02  9.469E-03  1.019E+05  3.614E-08  6.500E-02  2.930E+02  2.930E+02
  7.087E-02  1.578E-02  1.019E+05  3.401E-08  6.500E-02  2.930E+02  2.930E+02
  7.087E-02  2.209E-02  1.019E+05  3.146E-08  6.500E-02  2.930E+02  2.930E+02
  7.087E-02  2.841E-02  1.019E+05  2.874E-08  6.500E-02  2.930E+02  2.930E+02
  7.087E-02  3.472E-02  1.019E+05  2.597E-08  6.499E-02  2.930E+02  2.930E+02
  7.087E-02  4.103E-02  1.019E+05  2.328E-08  6.499E-02  2.931E+02  2.931E+02
  7.087E-02  4.734E-02  1.019E+05  2.072E-08  6.499E-02  2.931E+02  2.931E+02
  7.087E-02  5.366E-02  1.018E+05  1.833E-08  6.500E-02  2.932E+02  2.931E+02
  7.087E-02  5.997E-02  1.018E+05  1.611E-08  6.500E-02  2.933E+02  2.932E+02
  7.087E-02  6.628E-02  1.018E+05  1.411E-08  6.500E-02  2.934E+02  2.933E+02
  7.087E-02  7.259E-02  1.018E+05  1.232E-08  6.500E-02  2.936E+02  2.935E+02
  7.087E-02  7.891E-02  1.018E+05  1.074E-08  6.500E-02  2.939E+02  2.938E+02
  7.087E-02  8.522E-02  1.018E+05  9.340E-09  6.500E-02  2.943E+02  2.941E+02
  7.087E-02  9.153E-02  1.018E+05  8.108E-09  6.500E-02  2.949E+02  2.946E+02
  7.087E-02  9.784E-02  1.018E+05  7.026E-09  6.499E-02  2.956E+02  2.952E+02
  7.087E-02  1.042E-01  1.018E+05  6.084E-09  6.499E-02  2.966E+02  2.961E+02
  7.087E-02  1.105E-01  1.018E+05  5.303E-09  6.499E-02  2.979E+02  2.972E+02
  7.087E-02  1.168E-01  1.018E+05  4.620E-09  6.500E-02  2.996E+02  2.986E+02
  7.087E-02  1.231E-01  1.018E+05  4.052E-09  6.500E-02  3.017E+02  3.005E+02
  7.087E-02  1.294E-01  1.018E+05  3.592E-09  6.499E-02  3.043E+02  3.028E+02
  7.087E-02  1.357E-01  1.018E+05  3.211E-09  6.499E-02  3.074E+02  3.055E+02
  7.087E-02  1.420E-01  1.017E+05  2.905E-09  6.499E-02  3.111E+02  3.089E+02
  7.087E-02  1.483E-01  1.017E+05  2.786E-09  6.499E-02  3.154E+02  3.128E+02
  7.087E-02  1.547E-01  1.017E+05  2.633E-09  6.499E-02  3.203E+02  3.172E+02
  7.087E-02  1.610E-01  1.017E+05  2.420E-09  6.499E-02  3.257E+02  3.223E+02
  7.087E-02  1.673E-01  1.017E+05  2.484E-09  6.499E-02  3.317E+02  3.279E+02
  7.087E-02  1.736E-01  1.017E+05  2.469E-09  6.499E-02  3.382E+02  3.340E+02
  7.087E-02  1.799E-01  1.017E+05  2.387E-09  6.498E-02  3.449E+02  3.405E+02
  7.087E-02  1.862E-01  1.017E+05  2.422E-09  6.498E-02  3.519E+02  3.473E+02
  7.087E-02  1.925E-01  1.017E+05  2.465E-09  6.498E-02  3.589E+02  3.543E+02
  7.087E-02  1.988E-01  1.017E+05  2.560E-09  6.499E-02  3.659E+02  3.612E+02
  7.087E-02  2.052E-01  1.017E+05  2.668E-09  6.498E-02  3.726E+02  3.680E+02
  7.087E-02  2.115E-01  1.017E+05  2.778E-09  6.498E-02  3.788E+02  3.744E+02
  7.087E-02  2.178E-01  1.017E+05  2.873E-09  6.498E-02  3.845E+02  3.804E+02
  7.087E-02  2.241E-01  1.017E+05  2.963E-09  6.499E-02  3.895E+02  3.858E+02
  7.087E-02  2.304E-01  1.016E+05  2.959E-09  6.499E-02  3.936E+02  3.904E+02
  7.087E-02  2.367E-01  1.016E+05  3.098E-09  6.499E-02  3.968E+02  3.942E+02
  7.087E-02  2.430E-01  1.016E+05  2.790E-09  6.499E-02  3.990E+02  3.970E+02
  7.087E-02  2.493E-01  1.016E+05  2.693E-09  6.500E-02  4.002E+02  3.989E+02
  7.087E-02  2.557E-01  1.016E+05  2.491E-09  6.500E-02  4.003E+02  3.997E+02
  7.087E-02  2.620E-01  1.016E+05  2.268E-09  6.500E-02  3.995E+02  3.996E+02
  7.087E-02  2.683E-01  1.016E+05  2.060E-09  6.500E-02  3.977E+02  3.985E+02
  7.087E-02  2.746E-01  1.016E+05  1.881E-09  6.501E-02  3.951E+02  3.964E+02
  7.087E-02  2.809E-01  1.016E+05  1.685E-09  6.501E-02  3.917E+02  3.936E+02
  7.087E-02  2.872E-01  1.016E+05  1.472E-09  6.501E-02  3.876E+02  3.900E+02
  7.087E-02  2.935E-01  1.016E+05  1.266E-09  6.501E-02  3.830E+02  3.859E+02
  7.087E-02  2.998E-01  1.016E+05  1.101E-09  6.501E-02  3.780E+02  3.812E+02
  7.087E-02  3.062E-01  1.016E+05  9.717E-10  6.503E-02  3.726E+02  3.761E+02
  7.087E-02  3.125E-01  1.015E+05  8.514E-10  6.503E-02  3.671E+02  3.707E+02
  7.087E-02  3.188E-01  1.015E+05  7.425E-10  6.502E-02  3.615E+02  3.652E+02
  7.087E-02  3.251E-01  1.015E+05  6.783E-10  6.501E-02  3.558E+02  3.596E+02
  7.087E-02  3.314E-01  1.015E+05  6.608E-10  6.501E-02  3.503E+02  3.540E+02
  7.087E-02  3.377E-01  1.015E+05  6.594E-10  6.502E-02  3.449E+02  3.486E+02
  7.087E-02  3.440E-01  1.015E+05  6.854E-10  6.501E-02  3.397E+02  3.433E+02
  7.087E-02  3.503E-01  1.015E+05  7.284E-10  6.501E-02  3.348E+02  3.382E+02
  7.087E-02  3.567E-01  1.015E+05  7.632E-10  6.501E-02  3.301E+02  3.334E+02
  7.087E-02  3.630E-01  1.015E+05  8.151E-10  6.501E-02  3.259E+02  3.289E+02
  7.087E-02  3.693E-01  1.015E+05  8.850E-10  6.502E-02  3.219E+02  3.247E+02
  7.087E-02  3.756E-01  1.015E+05  9.415E-10  6.502E-02  3.183E+02  3.209E+02
  7.087E-02  3.819E-01  1.015E+05  9.988E-10  6.501E-02  3.150E+02  3.174E+02
  7.087E-02  3.882E-01  1.015E+05  1.051E-09  6.500E-02  3.121E+02  3.142E+02
  7.087E-02  3.945E-01  1.015E+05  1.076E-09  6.500E-02  3.094E+02  3.114E+02
  7.087E-02  4.008E-01  1.014E+05  1.105E-09  6.501E-02  3.071E+02  3.088E+02
  7.087E-02  4.072E-01  1.014E+05  1.157E-09  6.502E-02  3.050E+02  3.066E+02
  7.087E-02  4.135E-01  1.014E+05  1.185E-09  6.501E-02  3.032E+02  3.046E+02
  7.087E-02  4.198E-01  1.014E+05  1.181E-09  6.500E-02  3.017E+02  3.028E+02
  7.087E-02  4.261E-01  1.014E+05  1.155E-09  6.500E-02  3.003E+02  3.013E+02
  7.087E-02  4.324E-01  1.014E+05  1.141E-09  6.501E-02  2.991E+02  3.000E+02
  7.087E-02  4.387E-01  1.014E+05  1.100E-09  6.500E-02  2.981E+02  2.989E+02
  7.087E-02  4.450E-01  1.014E+05  1.031E-09  6.500E-02  2.973E+02  2.979E+02
  7.087E-02  4.513E-01  1.014E+05  9.654E-10  6.501E-02  2.965E+02  2.971E+02
  7.087E-02  4.577E-01  1.014E+05  8.756E-10  6.500E-02  2.959E+02  2.964E+02
  7.087E-02  4.640E-01  1.014E+05  7.929E-10  6.500E-02  2.954E+02  2.958E+02
  7.087E-02  4.703E-01  1.014E+05  7.057E-10  6.500E-02  2.950E+02  2.953E+02
  7.087E-02  4.766E-01  1.014E+05  5.920E-10  6.500E-02  2.946E+02  2.949E+02
  7.087E-02  4.829E-01  1.014E+05  4.767E-10  6.500E-02  2.943E+02  2.946E+02
  7.087E-02  4.892E-01  1.013E+05  3.630E-10  6.500E-02  2.941E+02  2.943E+02
  7.087E-02  4.955E-01  1.013E+05  2.422E-10  6.500E-02  2.939E+02  2.941E+02
  7.087E-02  5.018E-01  1.013E+05  1.757E-10  6.500E-02  2.937E+02  2.938E+02
  7.087E-02  5.050E-01  1.013E+05  1.757E-10  6.500E-02  2.937E+02  2.930E+02
  9.922E-02  0.000E+00  1.019E+05  1.882E-08  6.500E-02  2.930E+02  2.930E+02
  9.922E-02  3.156E-03  1.019E+05  1.882E-08  6.502E-02  2.930E+02  2.930E+02
  9.922E-02  9.469E-03  1.019E+05  1.831E-08  6.500E-02  2.930E+02  2.930E+02
  9.922E-02  1.578E-02  1.019E+05  1.752E-08  6.500E-02  2.930E+02  2.930E+02
  9.922E-02  2.209E-02  1.019E+05  1.651E-08  6.500E-02  2.930E+02  2.930E+02
  9.922E-02  2.841E-02  1.019E+05  1.538E-08  6.500E-02  2.930E+02  2.930E+02
  9.922E-02  3.472E-02  1.019E+05  1.413E-08  6.499E-02  2.930E+02  2.930E+02
  9.922E-02  4.103E-02  1.019E+05  1.285E-08  6.499E-02  2.931E+02  2.931E+02
  9.922E-02  4.734E-02  1.019E+05  1.159E-08  6.499E-02  2.931E+02  2.931E+02
  9.922E-02  5.366E-02  1.018E+05  1.037E-08  6.500E-02  2.932E+02  2.931E+02
  9.922E-02  5.997E-02  1.018E+05  9.181E-09  6.500E-02  2.933E+02  2.932E+02
  9.922E-02  6.628E-02  1.018E+05  8.082E-09  6.500E-02  2.934E+02  2.933E+02
  9.922E-02  7.259E-02  1.018E+05  7.053E-09  6.500E-02  2.936E+02  2.935E+02
  9.922E-02  7.891E-02  1.018E+05  6.107E-09  6.500E-02  2.939E+02  2.938E+02
  9.922E-02  8.522E-02  1.018E+05  5.265E-09  6.500E-02  2.943E+02  2.941E+02
  9.922E-02  9.153E-02  1.018E+05  4.488E-09  6.500E-02  2.949E+02  2.946E+02
  9.922E-02  9.784E-02  1.018E+05  3.790E-09  6.499E-02  2.956E+02  2.952E+02
  9.922E-02  1.042E-01  1.018E+05  3.172E-09  6.499E-02  2.966E+02  2.961E+02
  9.922E-02  1.105E-01  1.018E+05  2.599E-09  6.499E-02  2.979E+02  2.972E+02
  9.922E-02  1.168E-01  1.018E+05  2.087E-09  6.500E-02  2.996E+02  2.986E+02
  9.922E-02  1.231E-01  1.018E+05  1.612E-09  6.500E-02  3.017E+02  3.005E+02
  9.922E-02  1.294E-01  1.018E+05  1.149E-09  6.499E-02  3.043E+02  3.028E+02
  9.922E-02  1.357E-01  1.018E+05  7.144E-10  6.499E-02  3.074E+02  3.055E+02
  9.922E-02  1.420E-01  1.017E+05  3.097E-10  6.499E-02  3.111E+02  3.089E+02
  9.922E-02  1.483E-01  1.017E+05 -1.400E-10  6.499E-02  3.154E+02  3.128E+02
  9.922E-02  1.547E-01  1.017E+05 -4.458E-10  6.499E-02  3.203E+02  3.172E+02
  9.922E-02  1.610E-01  1.017E+05 -6.069E-10  6.499E-02  3.257E+02  3.223E+02
  9.922E-02  1.673E-01  1.017E+05 -9.328E-10  6.499E-02  3.317E+02  3.279E+02
  9.922E-02  1.736E-01  1.017E+05 -1.122E-09  6.499E-02  3.382E+02  3.340E+02
  9.922E-02  1.799E-01  1.017E+05 -1.176E-09  6.498E-02  3.449E+02  3.405E+02
  9.922E-02  1.862E-01  1.017E+05 -1.295E-09  6.498E-02  3.519E+02  3.473E+02
  9.922E-02  1.925E-01  1.017E+05 -1.373E-09  6.498E-02  3.589E+02  3.543E+02
  9.922E-02  1.988E-01  1.017E+05 -1.451E-09  6.499E-02  3.659E+02  3.612E+02
  9.922E-02  2.052E-01  1.017E+05 -1.536E-09  6.498E-02  3.726E+02  3.680E+02
  9.922E-02  2.115E-01  1.017E+05 -1.609E-09  6.498E-02  3.788E+02  3.744E+02
  9.922E-02  2.178E-01  1.017E+05 -1.659E-09  6.498E-02  3.845E+02  3.804E+02
  9.922E-02  2.241E-01  1.017E+05 -1.677E-09  6.499E-02  3.895E+02  3.858E+02
  9.922E-02  2.304E-01  1.016E+05 -1.653E-09  6.499E-02  3.936E+02  3.904E+02
  9.922E-02  2.367E-01  1.016E+05 -1.591E-09  6.499E-02  3.968E+02  3.942E+02
  9.922E-02  2.430E-01  1.016E+05 -1.472E-09  6.499E-02  3.990E+02  3.970E+02
  9.922E-02  2.493E-01  1.016E+05 -1.305E-09  6.500E-02  4.002E+02  3.989E+02
  9.922E-02  2.557E-01  1.016E+05 -1.094E-09  6.500E-02  4.003E+02  3.997E+02
  9.922E-02  2.620E-01  1.016E+05 -8.247E-10  6.500E-02  3.995E+02  3.996E+02
  9.922E-02  2.683E-01  1.016E+05 -5.139E-10  6.500E-02  3.977E+02  3.985E+02
  9.922E-02  2.746E-01  1.016E+05 -1.666E-10  6.501E-02  3.951E+02  3.964E+02
  9.922E-02  2.809E-01  1.016E+05  1.945E-10  6.501E-02  3.917E+02  3.936E+02
  9.922E-02  2.872E-01  1.016E+05  5.348E-10  6.501E-02  3.876E+02  3.900E+02
  9.922E-02  2.935E-01  1.016E+05  8.674E-10  6.501E-02  3.830E+02  3.859E+02
  9.922E-02  2.998E-01  1.016E+05  1.198E-09  6.501E-02  3.780E+02  3.812E+02
  9.922E-02  3.062E-01  1.016E+05  1.545E-09  6.503E-02  3.726E+02  3.761E+02
  9.922E-02  3.125E-01  1.015E+05  1.882E-09  6.503E-02  3.671E+02  3.707E+02
  9.922E-02  3.188E-01  1.015E+05  2.181E-09  6.502E-02  3.615E+02  3.652E+02
  9.922E-02  3.251E-01  1.015E+05  2.490E-09  6.501E-02  3.558E+02  3.596E+02
  9.922E-02  3.314E-01  1.015E+05  2.824E-09  6.501E-02  3.503E+02  3.540E+02
  9.922E-02  3.377E-01  1.015E+05  3.151E-09  6.502E-02  3.449E+02  3.486E+02
  9.922E-02  3.440E-01  1.015E+05  3.433E-09  6.501E-02  3.397E+02  3.433E+02
  9.922E-02  3.503E-01  1.015E+05  3.682E-09  6.501E-02  3.348E+02  3.382E+02
  9.922E-02  3.567E-01  1.015E+05  3.897E-09  6.501E-02  3.301E+02  3.334E+02
  9.922E-02  3.630E-01  1.015E+05  4.055E-09  6.501E-02  3.259E+02  3.289E+02
  9.922E-02  3.693E-01  1.015E+05  4.182E-09  6.502E-02  3.219E+02  3.247E+02
  9.922E-02  3.756E-01  1.015E+05  4.262E-09  6.502E-02  3.183E+02  3.209E+02
  9.922E-02  3.819E-01  1.015E+05  4.311E-09  6.501E-02  3.150E+02  3.174E+02
  9.922E-02  3.882E-01  1.015E+05  4.317E-09  6.500E-02  3.121E+02  3.142E+02
  9.922E-02  3.945E-01  1.015E+05  4.295E-09  6.500E-02  3.094E+02  3.114E+02
  9.922E-02  4.008E-01  1.014E+05  4.241E-09  6.501E-02  3.071E+02  3.088E+02
  9.922E-02  4.072E-01  1.014E+05  4.130E-09  6.502E-02  3.050E+02  3.066E+02
  9.922E-02  4.135E-01  1.014E+05  3.989E-09  6.501E-02  3.032E+02  3.046E+02
  9.922E-02  4.198E-01  1.014E+05  3.826E-09  6.500E-02  3.017E+02  3.028E+02
  9.922E-02  4.261E-01  1.014E+05  3.637E-09  6.500E-02  3.003E+02  3.013E+02
  9.922E-02  4.324E-01  1.014E+05  3.436E-09  6.501E-02  2.991E+02  3.000E+02
  9.922E-02  4.387E-01  1.014E+05  3.211E-09  6.500E-02  2.981E+02  2.989E+02
  9.922E-02  4.450E-01  1.014E+05  2.975E-09  6.500E-02  2.973E+02  2.979E+02
  9.922E-02  4.513E-01  1.014E+05  2.711E-09  6.501E-02  2.965E+02  2.971E+02
  9.922E-02  4.577E-01  1.014E+05  2.424E-09  6.500E-02  2.959E+02  2.964E+02
  9.922E-02  4.640E-01  1.014E+05  2.144E-09  6.500E-02  2.954E+02  2.958E+02
  9.922E-02  4.703E-01  1.014E+05  1.852E-09  6.500E-02  2.950E+02  2.953E+02
  9.922E-02  4.766E-01  1.014E+05  1.553E-09  6.500E-02  2.946E+02  2.949E+02
  9.922E-02  4.829E-01  1.014E+05  1.260E-09  6.500E-02  2.943E+02  2.946E+02
  9.922E-02  4.892E-01  1.013E+05  9.867E-10  6.500E-02  2.941E+02  2.943E+02
  9.922E-02  4.955E-01  1.013E+05  6.806E-10  6.500E-02  2.939E+02  2.941E+02
  9.922E-02  5.018E-01  1.013E+05  5.032E-10  6.500E-02  2.937E+02  2.938E+02
  9.922E-02  5.050E-01  1.013E+05  5.032E-10  6.500E-02  2.937E+02  2.930E+02
  1.276E-01  0.000E+00  1.019E+05  3.520E-09  6.500E-02  2.930E+02  2.930E+02
  1.276E-01  3.156E-03  1.019E+05  3.520E-09  6.502E-02  2.930E+02  2.930E+02
  1.276E-01  9.469E-03  1.019E+05  3.411E-09  6.500E-02  2.930E+02  2.930E+02
  1.276E-01  1.578E-02  1.019E+05  3.239E-09  6.500E-02  2.930E+02  2.930E+02
  1.276E-01  2.209E-02  1.019E+05  3.005E-09  6.500E-02  2.930E+02  2.930E+02
  1.276E-01  2.841E-02  1.019E+05  2.723E-09  6.500E-02  2.930E+02  2.930E+02
  1.276E-01  3.472E-02  1.019E+05  2.367E-09  6.499E-02  2.930E+02  2.930E+02
  1.276E-01  4.103E-02  1.019E+05  1.979E-09  6.499E-02  2.931E+02  2.931E+02
  1.276E-01  4.734E-02  1.019E+05  1.599E-09  6.499E-02  2.931E+02  2.931E+02
  1.276E-01  5.366E-02  1.018E+05  1.204E-09  6.500E-02  2.932E+02  2.931E+02
  1.276E-01  5.997E-02  1.018E+05  8.069E-10  6.500E-02  2.933E+02  2.932E+02
  1.276E-01  6.628E-02  1.018E+05  3.965E-10  6.500E-02  2.934E+02  2.933E+02
  1.276E-01  7.259E-02  1.018E+05 -3.166E-12  6.500E-02  2.936E+02  2.935E+02
  1.276E-01  7.891E-02  1.018E+05 -3.585E-10  6.500E-02  2.939E+02  2.938E+02
  1.276E-01  8.522E-02  1.018E+05 -6.958E-10  6.500E-02  2.943E+02  2.941E+02
  1.276E-01  9.153E-02  1.018E+05 -1.025E-09  6.500E-02  2.949E+02  2.946E+02
  1.276E-01  9.784E-02  1.018E+05 -1.328E-09  6.499E-02  2.956E+02  2.952E+02
  1.276E-01  1.042E-01  1.018E+05 -1.627E-09  6.499E-02  2.966E+02  2.961E+02
  1.276E-01  1.105E-01  1.018E+05 -1.932E-09  6.499E-02  2.979E+02  2.972E+02
  1.276E-01  1.168E-01  1.018E+05 -2.201E-09  6.500E-02  2.996E+02  2.986E+02
  1.276E-01  1.231E-01  1.018E+05 -2.483E-09  6.500E-02  3.017E+02  3.005E+02
  1.276E-01  1.294E-01  1.018E+05 -2.793E-09  6.499E-02  3.043E+02  3.028E+02
  1.276E-01  1.357E-01  1.018E+05 -3.109E-09  6.499E-02  3.074E+02  3.055E+02
  1.276E-01  1.420E-01  1.017E+05 -3.420E-09  6.499E-02  3.111E+02  3.089E+02
  1.276E-01  1.483E-01  1.017E+05 -3.818E-09  6.499E-02  3.154E+02  3.128E+02
  1.276E-01  1.547E-01  1.017E+05 -4.075E-09  6.499E-02  3.203E+02  3.173E+02
  1.276E-01  1.610E-01  1.017E+05 -4.134E-09  6.499E-02  3.257E+02  3.223E+02
  1.276E-01  1.673E-01  1.017E+05 -4.336E-09  6.499E-02  3.317E+02  3.279E+02
  1.276E-01  1.736E-01  1.017E+05 -4.378E-09  6.499E-02  3.382E+02  3.340E+02
  1.276E-01  1.799E-01  1.017E+05 -4.264E-09  6.498E-02  3.449E+02  3.405E+02
  1.276E-01  1.862E-01  1.017E+05 -4.209E-09  6.498E-02  3.519E+02  3.473E+02
  1.276E-01  1.925E-01  1.017E+05 -4.101E-09  6.498E-02  3.590E+02  3.543E+02
  1.276E-01  1.988E-01  1.017E+05 -4.006E-09  6.499E-02  3.659E+02  3.612E+02
  1.276E-01  2.052E-01  1.017E+05 -3.906E-09  6.498E-02  3.726E+02  3.680E+02
  1.276E-01  2.115E-01  1.017E+05 -3.754E-09  6.498E-02  3.788E+02  3.744E+02
  1.276E-01  2.178E-01  1.017E+05 -3.556E-09  6.498E-02  3.845E+02  3.804E+02
  1.276E-01  2.241E-01  1.017E+05 -3.316E-09  6.499E-02  3.895E+02  3.858E+02
  1.276E-01  2.304E-01  1.016E+05 -2.944E-09  6.499E-02  3.936E+02  3.904E+02
  1.276E-01  2.367E-01  1.016E+05 -2.698E-09  6.499E-02  3.968E+02  3.942E+02
  1.276E-01  2.430E-01  1.016E+05 -1.970E-09  6.499E-02  3.990E+02  3.970E+02
  1.276E-01  2.493E-01  1.016E+05 -1.362E-09  6.500E-02  4.002E+02  3.989E+02
  1.276E-01  2.557E-01  1.016E+05 -6.089E-10  6.500E-02  4.003E+02  3.997E+02
  1.276E-01  2.620E-01  1.016E+05  1.811E-10  6.500E-02  3.995E+02  3.996E+02
  1.276E-01  2.683E-01  1.016E+05  1.001E-09  6.500E-02  3.977E+02  3.985E+02
  1.276E-01  2.746E-01  1.016E+05  1.892E-09  6.501E-02  3.951E+02  3.964E+02
  1.276E-01  2.809E-01  1.016E+05  2.637E-09  6.501E-02  3.917E+02  3.936E+02
  1.276E-01  2.872E-01  1.016E+05  3.200E-09  6.501E-02  3.876E+02  3.900E+02
  1.276E-01  2.935E-01  1.016E+05  3.880E-09  6.501E-02  3.830E+02  3.859E+02
  1.276E-01  2.998E-01  1.016E+05  4.355E-09  6.501E-02  3.780E+02  3.812E+02
  1.276E-01  3.062E-01  1.016E+05  4.653E-09  6.503E-02  3.726E+02  3.761E+02
  1.276E-01  3.125E-01  1.015E+05  4.973E-09  6.503E-02  3.671E+02  3.707E+02
  1.276E-01  3.188E-01  1.015E+05  5.244E-09  6.502E-02  3.614E+02  3.652E+02
  1.276E-01  3.251E-01  1.015E+05  5.507E-09  6.501E-02  3.558E+02  3.596E+02
  1.276E-01  3.314E-01  1.015E+05  5.722E-09  6.501E-02  3.502E+02  3.540E+02
  1.276E-01  3.377E-01  1.015E+05  5.898E-09  6.502E-02  3.449E+02  3.486E+02
  1.276E-01  3.440E-01  1.015E+05  6.027E-09  6.501E-02  3.397E+02  3.433E+02
  1.276E-01  3.503E-01  1.015E+05  6.102E-09  6.501E-02  3.348E+02  3.382E+02
  1.276E-01  3.567E-01  1.015E+05  6.132E-09  6.501E-02  3.301E+02  3.334E+02
  1.276E-01  3.630E-01  1.015E+05  6.119E-09  6.501E-02  3.258E+02  3.289E+02
  1.276E-01  3.693E-01  1.015E+05  6.065E-09  6.502E-02  3.219E+02  3.247E+02
  1.276E-01  3.756E-01  1.015E+05  5.965E-09  6.502E-02  3.183E+02  3.209E+02
  1.276E-01  3.819E-01  1.015E+05  5.811E-09  6.501E-02  3.150E+02  3.174E+02
  1.276E-01  3.882E-01  1.015E+05  5.620E-09  6.500E-02  3.121E+02  3.142E+02
  1.276E-01  3.945E-01  1.015E+05  5.409E-09  6.500E-02  3.094E+02  3.114E+02
  1.276E-01  4.008E-01  1.014E+05  5.155E-09  6.501E-02  3.071E+02  3.088E+02
  1.276E-01  4.072E-01  1.014E+05  4.860E-09  6.502E-02  3.050E+02  3.066E+02
  1.276E-01  4.135E-01  1.014E+05  4.546E-09  6.501E-02  3.032E+02  3.046E+02
  1.276E-01  4.198E-01  1.014E+05  4.228E-09  6.500E-02  3.016E+02  3.028E+02
  1.276E-01  4.261E-01  1.014E+05  3.905E-09  6.500E-02  3.003E+02  3.013E+02
  1.276E-01  4.324E-01  1.014E+05  3.572E-09  6.501E-02  2.991E+02  3.000E+02
  1.276E-01  4.387E-01  1.014E+05  3.218E-09  6.500E-02  2.981E+02  2.989E+02
  1.276E-01  4.450E-01  1.014E+05  2.872E-09  6.500E-02  2.973E+02  2.979E+02
  1.276E-01  4.513E-01  1.014E+05  2.539E-09  6.501E-02  2.965E+02  2.971E+02
  1.276E-01  4.577E-01  1.014E+05  2.203E-09  6.500E-02  2.959E+02  2.964E+02
  1.276E-01  4.640E-01  1.014E+05  1.874E-09  6.500E-02  2.954E+02  2.958E+02
  1.276E-01  4.703E-01  1.014E+05  1.555E-09  6.500E-02  2.950E+02  2.953E+02
  1.276E-01  4.766E-01  1.014E+05  1.275E-09  6.500E-02  2.946E+02  2.949E+02
  1.276E-01  4.829E-01  1.014E+05  1.008E-09  6.500E-02  2.943E+02  2.946E+02
  1.276E-01  4.892E-01  1.013E+05  7.445E-10  6.500E-02  2.941E+02  2.943E+02
  1.276E-01  4.955E-01  1.013E+05  4.868E-10  6.500E-02  2.939E+02  2.941E+02
  1.276E-01  5.018E-01  1.013E+05  3.483E-10  6.500E-02  2.937E+02  2.938E+02
  1.276E-01  5.050E-01  1.013E+05  3.483E-10  6.500E-02  2.937E+02  2.930E+02
  1.559E-01  0.000E+00  1.019E+05 -9.418E-09  6.500E-02  2.930E+02  2.930E+02
  1.559E-01  3.156E-03  1.019E+05 -9.418E-09  6.502E-02  2.930E+02  2.930E+02
  1.559E-01  9.469E-03  1.019E+05 -9.351E-09  6.500E-02  2.930E+02  2.930E+02
  1.559E-01  1.578E-02  1.019E+05 -9.201E-09  6.500E-02  2.930E+02  2.930E+02
  1.559E-01  2.209E-02  1.019E+05 -8.993E-09  6.500E-02  2.930E+02  2.930E+02
  1.559E-01  2.841E-02  1.019E+05 -8.747E-09  6.500E-02  2.930E+02  2.930E+02
  1.559E-01  3.472E-02  1.019E+05 -8.492E-09  6.499E-02  2.930E+02  2.930E+02
  1.559E-01  4.103E-02  1.019E+05 -8.231E-09  6.499E-02  2.931E+02  2.931E+02
  1.559E-01  4.734E-02  1.019E+05 -7.971E-09  6.499E-02  2.931E+02  2.931E+02
  1.559E-01  5.366E-02  1.018E+05 -7.726E-09  6.500E-02  2.932E+02  2.931E+02
  1.559E-01  5.997E-02  1.018E+05 -7.506E-09  6.500E-02  2.933E+02  2.932E+02
  1.559E-01  6.628E-02  1.018E+05 -7.306E-09  6.500E-02  2.934E+02  2.933E+02
  1.559E-01  7.259E-02  1.018E+05 -7.128E-09  6.500E-02  2.936E+02  2.935E+02
  1.559E-01  7.891E-02  1.018E+05 -6.964E-09  6.500E-02  2.939E+02  2.938E+02
  1.559E-01  8.522E-02  1.018E+05 -6.814E-09  6.500E-02  2.943E+02  2.941E+02
  1.559E-01  9.153E-02  1.018E+05 -6.683E-09  6.500E-02  2.949E+02  2.946E+02
  1.559E-01  9.784E-02  1.018E+05 -6.594E-09  6.499E-02  2.956E+02  2.952E+02
  1.559E-01  1.042E-01  1.018E+05 -6.544E-09  6.499E-02  2.966E+02  2.961E+02
  1.559E-01  1.105E-01  1.018E+05 -6.484E-09  6.499E-02  2.979E+02  2.972E+02
  1.559E-01  1.168E-01  1.018E+05 -6.436E-09  6.500E-02  2.996E+02  2.986E+02
  1.559E-01  1.231E-01  1.018E+05 -6.431E-09  6.500E-02  3.017E+02  3.005E+02
  1.559E-01  1.294E-01  1.018E+05 -6.447E-09  6.499E-02  3.043E+02  3.028E+02
  1.559E-01  1.357E-01  1.018E+05 -6.476E-09  6.499E-02  3.074E+02  3.055E+02
  1.559E-01  1.420E-01  1.017E+05 -6.478E-09  6.499E-02  3.111E+02  3.089E+02
  1.559E-01  1.483E-01  1.017E+05 -6.464E-09  6.499E-02  3.154E+02  3.128E+02
  1.559E-01  1.547E-01  1.017E+05 -6.433E-09  6.499E-02  3.203E+02  3.173E+02
  1.559E-01  1.610E-01  1.017E+05 -6.322E-09  6.499E-02  3.257E+02  3.223E+02
  1.559E-01  1.673E-01  1.017E+05 -6.123E-09  6.499E-02  3.317E+02  3.279E+02
  1.559E-01  1.736E-01  1.017E+05 -5.846E-09  6.499E-02  3.382E+02  3.340E+02
  1.559E-01  1.799E-01  1.017E+05 -5.519E-09  6.498E-02  3.449E+02  3.405E+02
  1.559E-01  1.862E-01  1.017E+05 -5.159E-09  6.498E-02  3.519E+02  3.473E+02
  1.559E-01  1.925E-01  1.017E+05 -4.762E-09  6.498E-02  3.590E+02  3.543E+02
  1.559E-01  1.988E-01  1.017E+05 -4.329E-09  6.499E-02  3.659E+02  3.612E+02
  1.559E-01  2.052E-01  1.017E+05 -3.839E-09  6.498E-02  3.726E+02  3.680E+02
  1.559E-01  2.115E-01  1.017E+05 -3.279E-09  6.498E-02  3.788E+02  3.744E+02
  1.559E-01  2.178E-01  1.017E+05 -2.642E-09  6.498E-02  3.845E+02  3.804E+02
  1.559E-01  2.241E-01  1.017E+05 -1.909E-09  6.499E-02  3.895E+02  3.858E+02
  1.559E-01  2.304E-01  1.016E+05 -1.107E-09  6.499E-02  3.936E+02  3.904E+02
  1.559E-01  2.367E-01  1.016E+05 -2.256E-10  6.499E-02  3.968E+02  3.942E+02
  1.559E-01  2.430E-01  1.016E+05  7.180E-10  6.499E-02  3.990E+02  3.970E+02
  1.559E-01  2.493E-01  1.016E+05  1.738E-09  6.500E-02  4.002E+02  3.989E+02
  1.559E-01  2.557E-01  1.016E+05  2.855E-09  6.500E-02  4.003E+02  3.997E+02
  1.559E-01  2.620E-01  1.016E+05  4.143E-09  6.500E-02  3.995E+02  3.996E+02
  1.559E-01  2.683E-01  1.016E+05  5.610E-09  6.500E-02  3.977E+02  3.985E+02
  1.559E-01  2.746E-01  1.016E+05  7.630E-09  6.501E-02  3.951E+02  3.964E+02
  1.559E-01  2.809E-01  1.016E+05  1.030E-08  6.501E-02  3.917E+02  3.936E+02
  1.559E-01  2.872E-01  1.016E+05  1.198E-08  6.501E-02  3.876E+02  3.900E+02
  1.559E-01  2.935E-01  1.016E+05  1.139E-08  6.501E-02  3.830E+02  3.859E+02
  1.559E-01  2.998E-01  1.016E+05  9.799E-09  6.501E-02  3.780E+02  3.812E+02
  1.559E-01  3.062E-01  1.016E+05  8.826E-09  6.503E-02  3.726E+02  3.761E+02
  1.559E-01  3.125E-01  1.015E+05  8.372E-09  6.503E-02  3.671E+02  3.707E+02
  1.559E-01  3.188E-01  1.015E+05  8.071E-09  6.502E-02  3.614E+02  3.652E+02
  1.559E-01  3.251E-01  1.015E+05  7.902E-09  6.501E-02  3.558E+02  3.596E+02
  1.559E-01  3.314E-01  1.015E+05  7.759E-09  6.501E-02  3.503E+02  3.540E+02
  1.559E-01  3.377E-01  1.015E+05  7.606E-09  6.502E-02  3.449E+02  3.486E+02
  1.559E-01  3.440E-01  1.015E+05  7.422E-09  6.501E-02  3.397E+02  3.433E+02
  1.559E-01  3.503E-01  1.015E+05  7.181E-09  6.501E-02  3.348E+02  3.382E+02
  1.559E-01  3.567E-01  1.015E+05  6.897E-09  6.501E-02  3.301E+02  3.334E+02
  1.559E-01  3.630E-01  1.015E+05  6.606E-09  6.501E-02  3.259E+02  3.289E+02
  1.559E-01  3.693E-01  1.015E+05  6.292E-09  6.502E-02  3.219E+02  3.247E+02
  1.559E-01  3.756E-01  1.015E+05  5.942E-09  6.502E-02  3.183E+02  3.209E+02
  1.559E-01  3.819E-01  1.015E+05  5.556E-09  6.501E-02  3.150E+02  3.174E+02
  1.559E-01  3.882E-01  1.015E+05  5.143E-09  6.500E-02  3.121E+02  3.142E+02
  1.559E-01  3.945E-01  1.015E+05  4.699E-09  6.500E-02  3.094E+02  3.114E+02
  1.559E-01  4.008E-01  1.014E+05  4.245E-09  6.501E-02  3.071E+02  3.088E+02
  1.559E-01  4.072E-01  1.014E+05  3.812E-09  6.502E-02  3.050E+02  3.066E+02
  1.559E-01  4.135E-01  1.014E+05  3.351E-09  6.501E-02  3.032E+02  3.046E+02
  1.559E-01  4.198E-01  1.014E+05  2.904E-09  6.500E-02  3.017E+02  3.028E+02
  1.559E-01  4.261E-01  1.014E+05  2.515E-09  6.500E-02  3.003E+02  3.013E+02
  1.559E-01  4.324E-01  1.014E+05  2.125E-09  6.501E-02  2.991E+02  3.000E+02
  1.559E-01  4.387E-01  1.014E+05  1.731E-09  6.500E-02  2.981E+02  2.989E+02
  1.559E-01  4.450E-01  1.014E+05  1.379E-09  6.500E-02  2.973E+02  2.979E+02
  1.559E-01  4.513E-01  1.014E+05  1.077E-09  6.501E-02  2.965E+02  2.971E+02
  1.559E-01  4.577E-01  1.014E+05  7.808E-10  6.500E-02  2.959E+02  2.964E+02
  1.559E-01  4.640E-01  1.014E+05  5.188E-10  6.500E-02  2.954E+02  2.958E+02
  1.559E-01  4.703E-01  1.014E+05  3.267E-10  6.500E-02  2.950E+02  2.953E+02
  1.559E-01  4.766E-01  1.014E+05  1.603E-10  6.500E-02  2.946E+02  2.949E+02
  1.559E-01  4.829E-01  1.014E+05  2.116E-11  6.500E-02  2.943E+02  2.946E+02
  1.559E-01  4.892E-01  1.013E+05 -5.691E-11  6.500E-02  2.941E+02  2.943E+02
  1.559E-01  4.955E-01  1.013E+05 -9.742E-11  6.500E-02  2.939E+02  2.941E+02
  1.559E-01  5.018E-01  1.013E+05 -1.065E-10  6.500E-02  2.937E+02  2.938E+02
  1.559E-01  5.050E-01  1.013E+05 -1.065E-10  6.500E-02  2.937E+02  2.930E+02
  1.843E-01  0.000E+00  1.019E+05 -2.412E-08  6.500E-02  2.930E+02  2.930E+02
  1.843E-01  3.156E-03  1.019E+05 -2.412E-08  6.502E-02  2.930E+02  2.930E+02
  1.843E-01  9.469E-03  1.019E+05 -2.362E-08  6.500E-02  2.930E+02  2.930E+02
  1.843E-01  1.578E-02  1.019E+05 -2.282E-08  6.500E-02  2.930E+02  2.930E+02
  1.843E-01  2.209E-02  1.019E+05 -2.181E-08  6.500E-02  2.930E+02  2.930E+02
  1.843E-01  2.841E-02  1.019E+05 -2.067E-08  6.500E-02  2.930E+02  2.930E+02
  1.843E-01  3.472E-02  1.019E+05 -1.948E-08  6.499E-02  2.930E+02  2.930E+02
  1.843E-01  4.103E-02  1.019E+05 -1.828E-08  6.499E-02  2.931E+02  2.931E+02
  1.843E-01  4.734E-02  1.019E+05 -1.710E-08  6.499E-02  2.931E+02  2.931E+02
  1.843E-01  5.366E-02  1.018E+05 -1.597E-08  6.500E-02  2.932E+02  2.931E+02
  1.843E-01  5.997E-02  1.018E+05 -1.491E-08  6.500E-02  2.933E+02  2.932E+02
  1.843E-01  6.628E-02  1.018E+05 -1.392E-08  6.500E-02  2.934E+02  2.933E+02
  1.843E-01  7.259E-02  1.018E+05 -1.302E-08  6.500E-02  2.936E+02  2.935E+02
  1.843E-01  7.891E-02  1.018E+05 -1.221E-08  6.500E-02  2.939E+02  2.938E+02
  1.843E-01  8.522E-02  1.018E+05 -1.145E-08  6.500E-02  2.943E+02  2.941E+02
  1.843E-01  9.153E-02  1.018E+05 -1.077E-08  6.500E-02  2.949E+02  2.946E+02
  1.843E-01  9.784E-02  1.018E+05 -1.017E-08  6.499E-02  2.956E+02  2.952E+02
  1.843E-01  1.042E-01  1.018E+05 -9.621E-09  6.499E-02  2.966E+02  2.961E+02
  1.843E-01  1.105E-01  1.018E+05 -9.096E-09  6.499E-02  2.979E+02  2.972E+02
  1.843E-01  1.168E-01  1.018E+05 -8.628E-09  6.500E-02  2.996E+02  2.986E+02
  1.843E-01  1.231E-01  1.018E+05 -8.218E-09  6.500E-02  3.017E+02  3.005E+02
  1.843E-01  1.294E-01  1.018E+05 -7.846E-09  6.499E-02  3.043E+02  3.028E+02
  1.843E-01  1.357E-01  1.018E+05 -7.497E-09  6.499E-02  3.074E+02  3.055E+02
  1.843E-01  1.420E-01  1.017E+05 -7.160E-09  6.499E-02  3.111E+02  3.089E+02
  1.843E-01  1.483E-01  1.017E+05 -6.828E-09  6.499E-02  3.154E+02  3.128E+02
  1.843E-01  1.547E-01  1.017E+05 -6.490E-09  6.499E-02  3.203E+02  3.172E+02
  1.843E-01  1.610E-01  1.017E+05 -6.165E-09  6.499E-02  3.257E+02  3.223E+02
  1.843E-01  1.673E-01  1.017E+05 -5.832E-09  6.499E-02  3.317E+02  3.279E+02
  1.843E-01  1.736E-01  1.017E+05 -5.472E-09  6.499E-02  3.382E+02  3.340E+02
  1.843E-01  1.799E-01  1.017E+05 -5.142E-09  6.498E-02  3.449E+02  3.405E+02
  1.843E-01  1.862E-01  1.017E+05 -4.820E-09  6.498E-02  3.519E+02  3.473E+02
  1.843E-01  1.925E-01  1.017E+05 -4.474E-09  6.498E-02  3.589E+02  3.543E+02
  1.843E-01  1.988E-01  1.017E+05 -4.111E-09  6.499E-02  3.659E+02  3.612E+02
  1.843E-01  2.052E-01  1.017E+05 -3.723E-09  6.498E-02  3.726E+02  3.680E+02
  1.843E-01  2.115E-01  1.017E+05 -3.243E-09  6.498E-02  3.788E+02  3.744E+02
  1.843E-01  2.178E-01  1.017E+05 -2.765E-09  6.498E-02  3.845E+02  3.804E+02
  1.843E-01  2.241E-01  1.017E+05 -1.908E-09  6.499E-02  3.895E+02  3.858E+02
  1.843E-01  2.304E-01  1.016E+05 -1.699E-09  6.499E-02  3.936E+02  3.904E+02
  1.843E-01  2.367E-01  1.016E+05 -1.154E-09  6.499E-02  3.968E+02  3.942E+02
  1.843E-01  2.430E-01  1.016E+05 -7.335E-10  6.499E-02  3.990E+02  3.970E+02
  1.843E-01  2.493E-01  1.016E+05 -3.710E-10  6.500E-02  4.002E+02  3.989E+02
  1.843E-01  2.557E-01  1.016E+05 -4.557E-10  6.500E-02  4.003E+02  3.997E+02
  1.843E-01  2.620E-01  1.016E+05 -1.546E-10  6.500E-02  3.995E+02  3.996E+02
  1.843E-01  2.683E-01  1.016E+05 -3.436E-09  6.500E-02  3.977E+02  3.985E+02
  1.843E-01  2.746E-01  1.016E+05 -1.527E-09  6.501E-02  3.951E+02  3.964E+02
  1.843E-01  2.809E-01  1.016E+05  3.250E-08  6.501E-02  3.917E+02  3.936E+02
  1.843E-01  2.872E-01  1.016E+05  6.100E-08  6.501E-02  3.876E+02  3.900E+02
  1.843E-01  2.935E-01  1.016E+05  3.390E-08  6.501E-02  3.830E+02  3.859E+02
  1.843E-01  2.998E-01  1.016E+05  1.040E-09  6.501E-02  3.780E+02  3.812E+02
  1.843E-01  3.062E-01  1.016E+05 -1.260E-10  6.503E-02  3.726E+02  3.761E+02
  1.843E-01  3.125E-01  1.015E+05  4.287E-09  6.503E-02  3.671E+02  3.707E+02
  1.843E-01  3.188E-01  1.015E+05  5.056E-09  6.502E-02  3.615E+02  3.652E+02
  1.843E-01  3.251E-01  1.015E+05  6.087E-09  6.501E-02  3.558E+02  3.596E+02
  1.843E-01  3.314E-01  1.015E+05  6.597E-09  6.501E-02  3.503E+02  3.540E+02
  1.843E-01  3.377E-01  1.015E+05  6.889E-09  6.502E-02  3.449E+02  3.486E+02
  1.843E-01  3.440E-01  1.015E+05  6.956E-09  6.501E-02  3.397E+02  3.433E+02
  1.843E-01  3.503E-01  1.015E+05  6.853E-09  6.501E-02  3.348E+02  3.382E+02
  1.843E-01  3.567E-01  1.015E+05  6.635E-09  6.501E-02  3.301E+02  3.334E+02
  1.843E-01  3.630E-01  1.015E+05  6.306E-09  6.501E-02  3.259E+02  3.289E+02
  1.843E-01  3.693E-01  1.015E+05  5.906E-09  6.502E-02  3.219E+02  3.247E+02
  1.843E-01  3.756E-01  1.015E+05  5.495E-09  6.502E-02  3.183E+02  3.209E+02
  1.843E-01  3.819E-01  1.015E+05  5.033E-09  6.501E-02  3.150E+02  3.174E+02
  1.843E-01  3.882E-01  1.015E+05  4.511E-09  6.500E-02  3.121E+02  3.142E+02
  1.843E-01  3.945E-01  1.015E+05  3.970E-09  6.500E-02  3.094E+02  3.114E+02
  1.843E-01  4.008E-01  1.014E+05  3.452E-09  6.501E-02  3.071E+02  3.088E+02
  1.843E-01  4.072E-01  1.014E+05  2.964E-09  6.502E-02  3.050E+02  3.066E+02
  1.843E-01  4.135E-01  1.014E+05  2.467E-09  6.501E-02  3.032E+02  3.046E+02
  1.843E-01  4.198E-01  1.014E+05  1.982E-09  6.500E-02  3.017E+02  3.028E+02
  1.843E-01  4.261E-01  1.014E+05  1.553E-09  6.500E-02  3.003E+02  3.013E+02
  1.843E-01  4.324E-01  1.014E+05  1.145E-09  6.501E-02  2.991E+02  3.000E+02
  1.843E-01  4.387E-01  1.014E+05  7.472E-10  6.500E-02  2.981E+02  2.989E+02
  1.843E-01  4.450E-01  1.014E+05  4.094E-10  6.500E-02  2.973E+02  2.979E+02
  1.843E-01  4.513E-01  1.014E+05  1.314E-10  6.501E-02  2.965E+02  2.971E+02
  1.843E-01  4.577E-01  1.014E+05 -1.005E-10  6.500E-02  2.959E+02  2.964E+02
  1.843E-01  4.640E-01  1.014E+05 -2.999E-10  6.500E-02  2.954E+02  2.958E+02
  1.843E-01  4.703E-01  1.014E+05 -4.570E-10  6.500E-02  2.950E+02  2.953E+02
  1.843E-01  4.766E-01  1.014E+05 -5.512E-10  6.500E-02  2.946E+02  2.949E+02
  1.843E-01  4.829E-01  1.014E+05 -5.900E-10  6.500E-02  2.943E+02  2.946E+02
  1.843E-01  4.892E-01  1.013E+05 -5.617E-10  6.500E-02  2.941E+02  2.943E+02
  1.843E-01  4.955E-01  1.013E+05 -4.741E-10  6.500E-02  2.939E+02  2.941E+02
  1.843E-01  5.018E-01  1.013E+05 -4.048E-10  6.500E-02  2.938E+02  2.938E+02
  1.843E-01  5.050E-01  1.013E+05 -4.048E-10  6.500E-02  2.938E+02  2.930E+02
  2.126E-01  0.000E+00  1.019E+05 -4.173E-08  6.500E-02  2.930E+02  2.930E+02
  2.126E-01  3.156E-03  1.019E+05 -4.173E-08  6.502E-02  2.930E+02  2.930E+02
  2.126E-01  9.469E-03  1.019E+05 -4.028E-08  6.500E-02  2.930E+02  2.930E+02
  2.126E-01  1.578E-02  1.019E+05 -3.812E-08  6.500E-02  2.930E+02  2.930E+02
  2.126E-01  2.209E-02  1.019E+05 -3.553E-08  6.500E-02  2.930E+02  2.930E+02
  2.126E-01  2.841E-02  1.019E+05 -3.277E-08  6.500E-02  2.930E+02  2.930E+02
  2.126E-01  3.472E-02  1.019E+05 -3.001E-08  6.499E-02  2.930E+02  2.930E+02
  2.126E-01  4.103E-02  1.019E+05 -2.733E-08  6.499E-02  2.931E+02  2.931E+02
  2.126E-01  4.734E-02  1.019E+05 -2.478E-08  6.499E-02  2.931E+02  2.931E+02
  2.126E-01  5.366E-02  1.018E+05 -2.241E-08  6.500E-02  2.932E+02  2.931E+02
  2.126E-01  5.997E-02  1.018E+05 -2.025E-08  6.500E-02  2.933E+02  2.932E+02
  2.126E-01  6.628E-02  1.018E+05 -1.831E-08  6.500E-02  2.934E+02  2.933E+02
  2.126E-01  7.259E-02  1.018E+05 -1.658E-08  6.500E-02  2.936E+02  2.935E+02
  2.126E-01  7.891E-02  1.018E+05 -1.500E-08  6.500E-02  2.939E+02  2.938E+02
  2.126E-01  8.522E-02  1.018E+05 -1.357E-08  6.500E-02  2.943E+02  2.941E+02
  2.126E-01  9.153E-02  1.018E+05 -1.228E-08  6.500E-02  2.949E+02  2.946E+02
  2.126E-01  9.784E-02  1.018E+05 -1.112E-08  6.499E-02  2.956E+02  2.952E+02
  2.126E-01  1.042E-01  1.018E+05 -1.007E-08  6.499E-02  2.966E+02  2.961E+02
  2.126E-01  1.105E-01  1.018E+05 -9.130E-09  6.499E-02  2.979E+02  2.972E+02
  2.126E-01  1.168E-01  1.018E+05 -8.294E-09  6.500E-02  2.996E+02  2.986E+02
  2.126E-01  1.231E-01  1.018E+05 -7.546E-09  6.500E-02  3.017E+02  3.005E+02
  2.126E-01  1.294E-01  1.018E+05 -6.901E-09  6.499E-02  3.043E+02  3.028E+02
  2.126E-01  1.357E-01  1.018E+05 -6.349E-09  6.499E-02  3.074E+02  3.055E+02
  2.126E-01  1.420E-01  1.017E+05 -5.927E-09  6.499E-02  3.111E+02  3.089E+02
  2.126E-01  1.483E-01  1.017E+05 -5.637E-09  6.499E-02  3.154E+02  3.128E+02
  2.126E-01  1.547E-01  1.017E+05 -5.493E-09  6.499E-02  3.203E+02  3.172E+02
  2.126E-01  1.610E-01  1.017E+05 -5.566E-09  6.499E-02  3.257E+02  3.223E+02
  2.126E-01  1.673E-01  1.017E+05 -5.903E-09  6.499E-02  3.317E+02  3.279E+02
  2.126E-01  1.736E-01  1.017E+05 -6.606E-09  6.499E-02  3.382E+02  3.340E+02
  2.126E-01  1.799E-01  1.017E+05 -7.737E-09  6.498E-02  3.449E+02  3.405E+02
  2.126E-01  1.862E-01  1.017E+05 -9.351E-09  6.498E-02  3.519E+02  3.473E+02
  2.126E-01  1.925E-01  1.017E+05 -1.154E-08  6.498E-02  3.589E+02  3.543E+02
  2.126E-01  1.988E-01  1.017E+05 -1.429E-08  6.499E-02  3.659E+02  3.612E+02
  2.126E-01  2.052E-01  1.017E+05 -1.759E-08  6.498E-02  3.726E+02  3.680E+02
  2.126E-01  2.115E-01  1.017E+05 -2.104E-08  6.498E-02  3.788E+02  3.744E+02
  2.126E-01  2.178E-01  1.017E+05 -2.447E-08  6.498E-02  3.845E+02  3.804E+02
  2.126E-01  2.241E-01  1.017E+05 -2.581E-08  6.499E-02  3.895E+02  3.858E+02
  2.126E-01  2.304E-01  1.016E+05 -2.410E-08  6.499E-02  3.936E+02  3.904E+02
  2.126E-01  2.367E-01  1.016E+05 -2.031E-08  6.499E-02  3.968E+02  3.942E+02
  2.126E-01  2.430E-01  1.016E+05 -1.658E-08  6.499E-02  3.990E+02  3.970E+02
  2.126E-01  2.493E-01  1.016E+05 -1.307E-08  6.500E-02  4.002E+02  3.989E+02
  2.126E-01  2.557E-01  1.016E+05 -1.046E-08  6.500E-02  4.003E+02  3.997E+02
  2.126E-01  2.620E-01  1.016E+05 -7.890E-09  6.500E-02  3.995E+02  3.996E+02
  2.126E-01  2.683E-01  1.016E+05 -9.248E-09  6.500E-02  3.977E+02  3.985E+02
  2.126E-01  2.746E-01  1.016E+05 -5.322E-09  6.501E-02  3.951E+02  3.964E+02
  2.126E-01  2.809E-01  1.016E+05  3.136E-08  6.501E-02  3.917E+02  3.936E+02
  2.126E-01  2.872E-01  1.016E+05  6.162E-08  6.501E-02  3.877E+02  3.900E+02
  2.126E-01  2.935E-01  1.016E+05  3.400E-08  6.501E-02  3.830E+02  3.859E+02
  2.126E-01  2.998E-01  1.016E+05 -1.829E-10  6.501E-02  3.780E+02  3.812E+02
  2.126E-01  3.062E-01  1.016E+05 -1.817E-09  6.503E-02  3.727E+02  3.761E+02
  2.126E-01  3.125E-01  1.015E+05  2.595E-09  6.503E-02  3.671E+02  3.707E+02
  2.126E-01  3.188E-01  1.015E+05  3.477E-09  6.502E-02  3.615E+02  3.652E+02
  2.126E-01  3.251E-01  1.015E+05  4.691E-09  6.501E-02  3.558E+02  3.596E+02
  2.126E-01  3.314E-01  1.015E+05  5.384E-09  6.501E-02  3.503E+02  3.540E+02
  2.126E-01  3.377E-01  1.015E+05  5.866E-09  6.502E-02  3.449E+02  3.486E+02
  2.126E-01  3.440E-01  1.015E+05  6.111E-09  6.501E-02  3.397E+02  3.433E+02
  2.126E-01  3.503E-01  1.015E+05  6.163E-09  6.501E-02  3.348E+02  3.382E+02
  2.126E-01  3.567E-01  1.015E+05  6.080E-09  6.501E-02  3.302E+02  3.334E+02
  2.126E-01  3.630E-01  1.015E+05  5.875E-09  6.501E-02  3.259E+02  3.289E+02
  2.126E-01  3.693E-01  1.015E+05  5.575E-09  6.502E-02  3.219E+02  3.247E+02
  2.126E-01  3.756E-01  1.015E+05  5.222E-09  6.502E-02  3.183E+02  3.209E+02
  2.126E-01  3.819E-01  1.015E+05  4.797E-09  6.501E-02  3.150E+02  3.174E+02
  2.126E-01  3.882E-01  1.015E+05  4.329E-09  6.500E-02  3.121E+02  3.142E+02
  2.126E-01  3.945E-01  1.015E+05  3.862E-09  6.500E-02  3.094E+02  3.114E+02
  2.126E-01  4.008E-01  1.014E+05  3.397E-09  6.501E-02  3.071E+02  3.088E+02
  2.126E-01  4.072E-01  1.014E+05  2.947E-09  6.502E-02  3.050E+02  3.066E+02
  2.126E-01  4.135E-01  1.014E+05  2.498E-09  6.501E-02  3.032E+02  3.046E+02
  2.126E-01  4.198E-01  1.014E+05  2.052E-09  6.500E-02  3.017E+02  3.028E+02
  2.126E-01  4.261E-01  1.014E+05  1.630E-09  6.500E-02  3.003E+02  3.013E+02
  2.126E-01  4.324E-01  1.014E+05  1.242E-09  6.501E-02  2.991E+02  3.000E+02
  2.126E-01  4.387E-01  1.014E+05  8.812E-10  6.500E-02  2.981E+02  2.989E+02
  2.126E-01  4.450E-01  1.014E+05  5.512E-10  6.500E-02  2.973E+02  2.979E+02
  2.126E-01  4.513E-01  1.014E+05  2.810E-10  6.501E-02  2.966E+02  2.971E+02
  2.126E-01  4.577E-01  1.014E+05  5.319E-11  6.500E-02  2.959E+02  2.964E+02
  2.126E-01  4.640E-01  1.014E+05 -1.486E-10  6.500E-02  2.954E+02  2.958E+02
  2.126E-01  4.703E-01  1.014E+05 -2.917E-10  6.500E-02  2.950E+02  2.953E+02
  2.126E-01  4.766E-01  1.014E+05 -3.774E-10  6.500E-02  2.946E+02  2.949E+02
  2.126E-01  4.829E-01  1.014E+05 -4.293E-10  6.500E-02  2.943E+02  2.946E+02
  2.126E-01  4.892E-01  1.013E+05 -4.472E-10  6.500E-02  2.941E+02  2.943E+02
  2.126E-01  4.955E-01  1.013E+05 -3.768E-10  6.500E-02  2.939E+02  2.941E+02
  2.126E-01  5.018E-01  1.013E+05 -3.042E-10  6.500E-02  2.938E+02  2.938E+02
  2.126E-01  5.050E-01  1.013E+05 -3.042E-10  6.500E-02  2.938E+02  2.930E+02
  2.410E-01  0.000E+00  1.019E+05 -1.092E-07  6.500E-02  2.930E+02  2.930E+02
  2.410E-01  3.156E-03  1.019E+05 -1.092E-07  6.502E-02  2.930E+02  2.930E+02
  2.410E-01  9.469E-03  1.019E+05 -8.792E-08  6.500E-02  2.930E+02  2.930E+02
  2.410E-01  1.578E-02  1.019E+05 -7.383E-08  6.500E-02  2.930E+02  2.930E+02
  2.410E-01  2.209E-02  1.019E+05 -6.173E-08  6.500E-02  2.930E+02  2.930E+02
  2.410E-01  2.841E-02  1.019E+05 -5.185E-08  6.500E-02  2.930E+02  2.930E+02
  2.410E-01  3.472E-02  1.019E+05 -4.369E-08  6.499E-02  2.930E+02  2.930E+02
  2.410E-01  4.103E-02  1.019E+05 -3.694E-08  6.499E-02  2.931E+02  2.931E+02
  2.410E-01  4.734E-02  1.019E+05 -3.134E-08  6.500E-02  2.931E+02  2.931E+02
  2.410E-01  5.366E-02  1.018E+05 -2.667E-08  6.500E-02  2.932E+02  2.931E+02
  2.410E-01  5.997E-02  1.018E+05 -2.277E-08  6.500E-02  2.933E+02  2.932E+02
  2.410E-01  6.628E-02  1.018E+05 -1.951E-08  6.500E-02  2.934E+02  2.933E+02
  2.410E-01  7.259E-02  1.018E+05 -1.673E-08  6.500E-02  2.936E+02  2.935E+02
  2.410E-01  7.891E-02  1.018E+05 -1.434E-08  6.500E-02  2.939E+02  2.938E+02
  2.410E-01  8.522E-02  1.018E+05 -1.228E-08  6.500E-02  2.943E+02  2.941E+02
  2.410E-01  9.153E-02  1.018E+05 -1.046E-08  6.500E-02  2.949E+02  2.946E+02
  2.410E-01  9.784E-02  1.018E+05 -8.825E-09  6.499E-02  2.956E+02  2.952E+02
  2.410E-01  1.042E-01  1.018E+05 -7.345E-09  6.499E-02  2.966E+02  2.961E+02
  2.410E-01  1.105E-01  1.018E+05 -6.002E-09  6.499E-02  2.979E+02  2.972E+02
  2.410E-01  1.168E-01  1.018E+05 -4.715E-09  6.500E-02  2.996E+02  2.986E+02
  2.410E-01  1.231E-01  1.018E+05 -3.447E-09  6.500E-02  3.017E+02  3.005E+02
  2.410E-01  1.294E-01  1.018E+05 -2.233E-09  6.499E-02  3.043E+02  3.028E+02
  2.410E-01  1.357E-01  1.018E+05 -1.051E-09  6.499E-02  3.074E+02  3.055E+02
  2.410E-01  1.420E-01  1.017E+05  1.529E-10  6.499E-02  3.111E+02  3.089E+02
  2.410E-01  1.483E-01  1.017E+05  1.369E-09  6.499E-02  3.154E+02  3.128E+02
  2.410E-01  1.547E-01  1.017E+05  2.553E-09  6.499E-02  3.203E+02  3.172E+02
  2.410E-01  1.610E-01  1.017E+05  3.668E-09  6.499E-02  3.257E+02  3.223E+02
  2.410E-01  1.673E-01  1.017E+05  4.641E-09  6.499E-02  3.317E+02  3.279E+02
  2.410E-01  1.736E-01  1.017E+05  5.335E-09  6.499E-02  3.382E+02  3.340E+02
  2.410E-01  1.799E-01  1.017E+05  5.579E-09  6.498E-02  3.449E+02  3.405E+02
  2.410E-01  1.862E-01  1.017E+05  5.062E-09  6.498E-02  3.519E+02  3.473E+02
  2.410E-01  1.925E-01  1.017E+05  3.274E-09  6.498E-02  3.589E+02  3.543E+02
  2.410E-01  1.988E-01  1.017E+05 -2.191E-10  6.499E-02  3.659E+02  3.612E+02
  2.410E-01  2.052E-01  1.017E+05 -7.328E-09  6.498E-02  3.726E+02  3.680E+02
  2.410E-01  2.115E-01  1.017E+05 -1.559E-08  6.498E-02  3.788E+02  3.744E+02
  2.410E-01  2.178E-01  1.017E+05 -4.293E-08  6.498E-02  3.845E+02  3.804E+02
  2.410E-01  2.241E-01  1.017E+05 -4.479E-08  6.499E-02  3.895E+02  3.858E+02
  2.410E-01  2.304E-01  1.016E+05 -4.164E-08  6.499E-02  3.936E+02  3.904E+02
  2.410E-01  2.367E-01  1.016E+05 -1.279E-08  6.499E-02  3.968E+02  3.942E+02
  2.410E-01  2.430E-01  1.016E+05 -3.513E-09  6.499E-02  3.990E+02  3.970E+02
  2.410E-01  2.493E-01  1.016E+05  4.926E-09  6.500E-02  4.002E+02  3.989E+02
  2.410E-01  2.557E-01  1.016E+05  9.925E-09  6.500E-02  4.003E+02  3.997E+02
  2.410E-01  2.620E-01  1.016E+05  1.363E-08  6.500E-02  3.995E+02  3.996E+02
  2.410E-01  2.683E-01  1.016E+05  1.652E-08  6.500E-02  3.977E+02  3.985E+02
  2.410E-01  2.746E-01  1.016E+05  1.990E-08  6.501E-02  3.951E+02  3.964E+02
  2.410E-01  2.809E-01  1.016E+05  2.432E-08  6.501E-02  3.917E+02  3.936E+02
  2.410E-01  2.872E-01  1.016E+05  2.654E-08  6.501E-02  3.877E+02  3.900E+02
  2.410E-01  2.935E-01  1.016E+05  2.366E-08  6.501E-02  3.830E+02  3.859E+02
  2.410E-01  2.998E-01  1.016E+05  1.874E-08  6.501E-02  3.780E+02  3.812E+02
  2.410E-01  3.062E-01  1.016E+05  1.525E-08  6.503E-02  3.727E+02  3.761E+02
  2.410E-01  3.125E-01  1.015E+05  1.303E-08  6.503E-02  3.671E+02  3.707E+02
  2.410E-01  3.188E-01  1.015E+05  1.125E-08  6.502E-02  3.615E+02  3.652E+02
  2.410E-01  3.251E-01  1.015E+05  9.956E-09  6.501E-02  3.558E+02  3.596E+02
  2.410E-01  3.314E-01  1.015E+05  8.944E-09  6.501E-02  3.503E+02  3.540E+02
  2.410E-01  3.377E-01  1.015E+05  8.118E-09  6.502E-02  3.449E+02  3.486E+02
  2.410E-01  3.440E-01  1.015E+05  7.442E-09  6.501E-02  3.397E+02  3.433E+02
  2.410E-01  3.503E-01  1.015E+05  6.842E-09  6.501E-02  3.348E+02  3.382E+02
  2.410E-01  3.567E-01  1.015E+05  6.282E-09  6.501E-02  3.302E+02  3.334E+02
  2.410E-01  3.630E-01  1.015E+05  5.791E-09  6.501E-02  3.259E+02  3.289E+02
  2.410E-01  3.693E-01  1.015E+05  5.319E-09  6.502E-02  3.219E+02  3.247E+02
  2.410E-01  3.756E-01  1.015E+05  4.861E-09  6.502E-02  3.183E+02  3.209E+02
  2.410E-01  3.819E-01  1.015E+05  4.428E-09  6.501E-02  3.150E+02  3.174E+02
  2.410E-01  3.882E-01  1.015E+05  3.986E-09  6.500E-02  3.121E+02  3.142E+02
  2.410E-01  3.945E-01  1.015E+05  3.545E-09  6.500E-02  3.094E+02  3.114E+02
  2.410E-01  4.008E-01  1.014E+05  3.147E-09  6.501E-02  3.071E+02  3.088E+02
  2.410E-01  4.072E-01  1.014E+05  2.772E-09  6.502E-02  3.050E+02  3.066E+02
  2.410E-01  4.135E-01  1.014E+05  2.372E-09  6.501E-02  3.032E+02  3.046E+02
  2.410E-01  4.198E-01  1.014E+05  2.005E-09  6.500E-02  3.017E+02  3.028E+02
  2.410E-01  4.261E-01  1.014E+05  1.688E-09  6.500E-02  3.003E+02  3.013E+02
  2.410E-01  4.324E-01  1.014E+05  1.388E-09  6.501E-02  2.991E+02  3.000E+02
  2.410E-01  4.387E-01  1.014E+05  1.099E-09  6.500E-02  2.981E+02  2.989E+02
  2.410E-01  4.450E-01  1.014E+05  8.483E-10  6.500E-02  2.973E+02  2.979E+02
  2.410E-01  4.513E-01  1.014E+05  6.227E-10  6.501E-02  2.966E+02  2.971E+02
  2.410E-01  4.577E-01  1.014E+05  4.000E-10  6.500E-02  2.959E+02  2.964E+02
  2.410E-01  4.640E-01  1.014E+05  2.288E-10  6.500E-02  2.954E+02  2.958E+02
  2.410E-01  4.703E-01  1.014E+05  1.159E-10  6.500E-02  2.950E+02  2.953E+02
  2.410E-01  4.766E-01  1.014E+05  1.988E-11  6.500E-02  2.946E+02  2.949E+02
  2.410E-01  4.829E-01  1.014E+05 -5.914E-11  6.500E-02  2.943E+02  2.946E+02
  2.410E-01  4.892E-01  1.013E+05 -9.729E-11  6.500E-02  2.941E+02  2.943E+02
  2.410E-01  4.955E-01  1.013E+05 -9.674E-11  6.500E-02  2.939E+02  2.941E+02
  2.410E-01  5.018E-01  1.013E+05 -8.861E-11  6.500E-02  2.938E+02  2.938E+02
  2.410E-01  5.050E-01  1.013E+05 -8.861E-11  6.500E-02  2.938E+02  2.930E+02
  2.693E-01  0.000E+00  1.019E+05 -8.371E-08  6.500E-02  2.930E+02  2.930E+02
  2.693E-01  3.156E-03  1.019E+05 -8.371E-08  6.502E-02  2.930E+02  2.930E+02
  2.693E-01  9.469E-03  1.019E+05 -6.349E-08  6.500E-02  2.930E+02  2.930E+02
  2.693E-01  1.578E-02  1.019E+05 -5.090E-08  6.500E-02  2.930E+02  2.930E+02
  2.693E-01  2.209E-02  1.019E+05 -4.059E-08  6.500E-02  2.930E+02  2.930E+02
  2.693E-01  2.841E-02  1.019E+05 -3.256E-08  6.500E-02  2.930E+02  2.930E+02
  2.693E-01  3.472E-02  1.019E+05 -2.626E-08  6.499E-02  2.930E+02  2.930E+02
  2.693E-01  4.103E-02  1.019E+05 -2.127E-08  6.499E-02  2.931E+02  2.931E+02
  2.693E-01  4.734E-02  1.019E+05 -1.733E-08  6.499E-02  2.931E+02  2.931E+02
  2.693E-01  5.366E-02  1.018E+05 -1.419E-08  6.500E-02  2.932E+02  2.931E+02
  2.693E-01  5.997E-02  1.018E+05 -1.167E-08  6.500E-02  2.933E+02  2.932E+02
  2.693E-01  6.628E-02  1.018E+05 -9.632E-09  6.500E-02  2.934E+02  2.933E+02
  2.693E-01  7.259E-02  1.018E+05 -7.943E-09  6.500E-02  2.936E+02  2.935E+02
  2.693E-01  7.891E-02  1.018E+05 -6.538E-09  6.500E-02  2.939E+02  2.938E+02
  2.693E-01  8.522E-02  1.018E+05 -5.349E-09  6.500E-02  2.943E+02  2.941E+02
  2.693E-01  9.153E-02  1.018E+05 -4.308E-09  6.500E-02  2.949E+02  2.946E+02
  2.693E-01  9.784E-02  1.018E+05 -3.374E-09  6.499E-02  2.956E+02  2.952E+02
  2.693E-01  1.042E-01  1.018E+05 -2.523E-09  6.499E-02  2.966E+02  2.961E+02
  2.693E-01  1.105E-01  1.018E+05 -1.724E-09  6.499E-02  2.979E+02  2.972E+02
  2.693E-01  1.168E-01  1.018E+05 -9.025E-10  6.500E-02  2.996E+02  2.986E+02
  2.693E-01  1.231E-01  1.018E+05 -3.978E-11  6.500E-02  3.017E+02  3.005E+02
  2.693E-01  1.294E-01  1.018E+05  8.395E-10  6.499E-02  3.043E+02  3.028E+02
  2.693E-01  1.357E-01  1.018E+05  1.769E-09  6.499E-02  3.074E+02  3.055E+02
  2.693E-01  1.420E-01  1.017E+05  2.819E-09  6.499E-02  3.111E+02  3.089E+02
  2.693E-01  1.483E-01  1.017E+05  4.007E-09  6.499E-02  3.154E+02  3.128E+02
  2.693E-01  1.547E-01  1.017E+05  5.330E-09  6.499E-02  3.203E+02  3.172E+02
  2.693E-01  1.610E-01  1.017E+05  6.773E-09  6.499E-02  3.257E+02  3.223E+02
  2.693E-01  1.673E-01  1.017E+05  8.341E-09  6.499E-02  3.317E+02  3.279E+02
  2.693E-01  1.736E-01  1.017E+05  9.994E-09  6.499E-02  3.382E+02  3.340E+02
  2.693E-01  1.799E-01  1.017E+05  1.159E-08  6.498E-02  3.449E+02  3.405E+02
  2.693E-01  1.862E-01  1.017E+05  1.292E-08  6.498E-02  3.519E+02  3.473E+02
  2.693E-01  1.925E-01  1.017E+05  1.357E-08  6.498E-02  3.590E+02  3.543E+02
  2.693E-01  1.988E-01  1.017E+05  1.308E-08  6.498E-02  3.659E+02  3.612E+02
  2.693E-01  2.052E-01  1.017E+05  9.504E-09  6.498E-02  3.726E+02  3.680E+02
  2.693E-01  2.115E-01  1.017E+05  5.012E-09  6.498E-02  3.788E+02  3.744E+02
  2.693E-01  2.178E-01  1.017E+05 -1.865E-08  6.498E-02  3.845E+02  3.804E+02
  2.693E-01  2.241E-01  1.017E+05 -1.866E-08  6.499E-02  3.895E+02  3.858E+02
  2.693E-01  2.304E-01  1.016E+05 -1.738E-08  6.499E-02  3.936E+02  3.904E+02
  2.693E-01  2.367E-01  1.016E+05  7.721E-09  6.499E-02  3.968E+02  3.942E+02
  2.693E-01  2.430E-01  1.016E+05  1.307E-08  6.499E-02  3.990E+02  3.970E+02
  2.693E-01  2.493E-01  1.016E+05  1.767E-08  6.500E-02  4.002E+02  3.989E+02
  2.693E-01  2.557E-01  1.016E+05  1.920E-08  6.500E-02  4.003E+02  3.997E+02
  2.693E-01  2.620E-01  1.016E+05  1.969E-08  6.500E-02  3.995E+02  3.996E+02
  2.693E-01  2.683E-01  1.016E+05  1.953E-08  6.500E-02  3.977E+02  3.985E+02
  2.693E-01  2.746E-01  1.016E+05  1.929E-08  6.501E-02  3.951E+02  3.964E+02
  2.693E-01  2.809E-01  1.016E+05  1.865E-08  6.501E-02  3.917E+02  3.936E+02
  2.693E-01  2.872E-01  1.016E+05  1.754E-08  6.501E-02  3.877E+02  3.900E+02
  2.693E-01  2.935E-01  1.016E+05  1.604E-08  6.501E-02  3.830E+02  3.859E+02
  2.693E-01  2.998E-01  1.016E+05  1.413E-08  6.501E-02  3.780E+02  3.812E+02
  2.693E-01  3.062E-01  1.016E+05  1.203E-08  6.502E-02  3.727E+02  3.761E+02
  2.693E-01  3.125E-01  1.015E+05  1.026E-08  6.503E-02  3.671E+02  3.707E+02
  2.693E-01  3.188E-01  1.015E+05  8.655E-09  6.502E-02  3.615E+02  3.652E+02
  2.693E-01  3.251E-01  1.015E+05  7.336E-09  6.501E-02  3.558E+02  3.596E+02
  2.693E-01  3.314E-01  1.015E+05  6.253E-09  6.501E-02  3.503E+02  3.540E+02
  2.693E-01  3.377E-01  1.015E+05  5.345E-09  6.501E-02  3.449E+02  3.486E+02
  2.693E-01  3.440E-01  1.015E+05  4.611E-09  6.501E-02  3.397E+02  3.433E+02
  2.693E-01  3.503E-01  1.015E+05  4.009E-09  6.501E-02  3.348E+02  3.382E+02
  2.693E-01  3.567E-01  1.015E+05  3.488E-09  6.500E-02  3.302E+02  3.334E+02
  2.693E-01  3.630E-01  1.015E+05  3.066E-09  6.501E-02  3.259E+02  3.289E+02
  2.693E-01  3.693E-01  1.015E+05  2.699E-09  6.502E-02  3.219E+02  3.247E+02
  2.693E-01  3.756E-01  1.015E+05  2.390E-09  6.502E-02  3.183E+02  3.209E+02
  2.693E-01  3.819E-01  1.015E+05  2.143E-09  6.501E-02  3.150E+02  3.174E+02
  2.693E-01  3.882E-01  1.015E+05  1.896E-09  6.500E-02  3.121E+02  3.142E+02
  2.693E-01  3.945E-01  1.015E+05  1.647E-09  6.500E-02  3.094E+02  3.114E+02
  2.693E-01  4.008E-01  1.014E+05  1.452E-09  6.501E-02  3.071E+02  3.088E+02
  2.693E-01  4.072E-01  1.014E+05  1.285E-09  6.501E-02  3.050E+02  3.066E+02
  2.693E-01  4.135E-01  1.014E+05  1.092E-09  6.501E-02  3.032E+02  3.046E+02
  2.693E-01  4.198E-01  1.014E+05  9.293E-10  6.500E-02  3.017E+02  3.028E+02
  2.693E-01  4.261E-01  1.014E+05  8.047E-10  6.500E-02  3.003E+02  3.013E+02
  2.693E-01  4.324E-01  1.014E+05  6.856E-10  6.501E-02  2.991E+02  3.000E+02
  2.693E-01  4.387E-01  1.014E+05  5.633E-10  6.500E-02  2.981E+02  2.989E+02
  2.693E-01  4.450E-01  1.014E+05  4.619E-10  6.500E-02  2.973E+02  2.979E+02
  2.693E-01  4.513E-01  1.014E+05  3.603E-10  6.501E-02  2.966E+02  2.971E+02
  2.693E-01  4.577E-01  1.014E+05  2.618E-10  6.500E-02  2.959E+02  2.964E+02
  2.693E-01  4.640E-01  1.014E+05  1.927E-10  6.500E-02  2.954E+02  2.958E+02
  2.693E-01  4.703E-01  1.014E+05  1.324E-10  6.500E-02  2.950E+02  2.953E+02
  2.693E-01  4.766E-01  1.014E+05  8.702E-11  6.500E-02  2.946E+02  2.949E+02
  2.693E-01  4.829E-01  1.014E+05  5.123E-11  6.500E-02  2.943E+02  2.946E+02
  2.693E-01  4.892E-01  1.013E+05  3.448E-11  6.500E-02  2.941E+02  2.943E+02
  2.693E-01  4.955E-01  1.013E+05  9.808E-12  6.500E-02  2.939E+02  2.941E+02
  2.693E-01  5.018E-01  1.013E+05 -1.395E-11  6.500E-02  2.938E+02  2.938E+02
  2.693E-01  5.050E-01  1.013E+05 -1.395E-11  6.500E-02  2.938E+02  2.930E+02
  2.835E-01  0.000E+00  1.019E+05 -8.371E-08  6.500E-02  2.930E+02  2.930E+02
  2.835E-01  3.156E-03  1.019E+05  0.000E+00  0.000E+00  2.930E+02  2.930E+02
  2.835E-01  9.469E-03  1.019E+05  0.000E+00  0.000E+00  2.930E+02  2.930E+02
  2.835E-01  1.578E-02  1.019E+05  0.000E+00  0.000E+00  2.930E+02  2.930E+02
  2.835E-01  2.209E-02  1.019E+05  0.000E+00  0.000E+00  2.930E+02  2.930E+02
  2.835E-01  2.841E-02  1.019E+05  0.000E+00  0.000E+00  2.930E+02  2.930E+02
  2.835E-01  3.472E-02  1.019E+05  0.000E+00  0.000E+00  2.930E+02  2.930E+02
  2.835E-01  4.103E-02  1.019E+05  0.000E+00  0.000E+00  2.931E+02  2.931E+02
  2.835E-01  4.734E-02  1.019E+05  0.000E+00  0.000E+00  2.931E+02  2.931E+02
  2.835E-01  5.366E-02  1.018E+05  0.000E+00  0.000E+00  2.932E+02  2.931E+02
  2.835E-01  5.997E-02  1.018E+05  0.000E+00  0.000E+00  2.933E+02  2.932E+02
  2.835E-01  6.628E-02  1.018E+05  0.000E+00  0.000E+00  2.934E+02  2.933E+02
  2.835E-01  7.259E-02  1.018E+05  0.000E+00  0.000E+00  2.936E+02  2.935E+02
  2.835E-01  7.891E-02  1.018E+05  0.000E+00  0.000E+00  2.939E+02  2.938E+02
  2.835E-01  8.522E-02  1.018E+05  0.000E+00  0.000E+00  2.943E+02  2.941E+02
  2.835E-01  9.153E-02  1.018E+05  0.000E+00  0.000E+00  2.949E+02  2.946E+02
  2.835E-01  9.784E-02  1.018E+05  0.000E+00  0.000E+00  2.956E+02  2.952E+02
  2.835E-01  1.042E-01  1.018E+05  0.000E+00  0.000E+00  2.966E+02  2.961E+02
  2.835E-01  1.105E-01  1.018E+05  0.000E+00  0.000E+00  2.979E+02  2.972E+02
  2.835E-01  1.168E-01  1.018E+05  0.000E+00  0.000E+00  2.996E+02  2.986E+02
  2.835E-01  1.231E-01  1.018E+05  0.000E+00  0.000E+00  3.017E+02  3.005E+02
  2.835E-01  1.294E-01  1.018E+05  0.000E+00  0.000E+00  3.043E+02  3.028E+02
  2.835E-01  1.357E-01  1.018E+05  0.000E+00  0.000E+00  3.074E+02  3.055E+02
  2.835E-01  1.420E-01  1.017E+05  0.000E+00  0.000E+00  3.111E+02  3.089E+02
  2.835E-01  1.483E-01  1.017E+05  0.000E+00  0.000E+00  3.154E+02  3.128E+02
  2.835E-01  1.547E-01  1.017E+05  0.000E+00  0.000E+00  3.203E+02  3.172E+02
  2.835E-01  1.610E-01  1.017E+05  0.000E+00  0.000E+00  3.257E+02  3.223E+02
  2.835E-01  1.673E-01  1.017E+05  0.000E+00  0.000E+00  3.317E+02  3.279E+02
  2.835E-01  1.736E-01  1.017E+05  0.000E+00  0.000E+00  3.382E+02  3.340E+02
  2.835E-01  1.799E-01  1.017E+05  0.000E+00  0.000E+00  3.449E+02  3.405E+02
  2.835E-01  1.862E-01  1.017E+05  0.000E+00  0.000E+00  3.519E+02  3.473E+02
  2.835E-01  1.925E-01  1.017E+05  0.000E+00  0.000E+00  3.590E+02  3.543E+02
  2.835E-01  1.988E-01  1.017E+05  0.000E+00  0.000E+00  3.659E+02  3.612E+02
  2.835E-01  2.052E-01  1.017E+05  0.000E+00  0.000E+00  3.726E+02  3.680E+02
  2.835E-01  2.115E-01  1.017E+05  0.000E+00  0.000E+00  3.788E+02  3.744E+02
  2.835E-01  2.178E-01  1.017E+05  0.000E+00  0.000E+00  3.845E+02  3.804E+02
  2.835E-01  2.241E-01  1.017E+05  0.000E+00  0.000E+00  3.895E+02  3.858E+02
  2.835E-01  2.304E-01  1.016E+05  0.000E+00  0.000E+00  3.936E+02  3.904E+02
  2.835E-01  2.367E-01  1.016E+05  0.000E+00  0.000E+00  3.968E+02  3.942E+02
  2.835E-01  2.430E-01  1.016E+05  0.000E+00  0.000E+00  3.990E+02  3.970E+02
  2.835E-01  2.493E-01  1.016E+05  0.000E+00  0.000E+00  4.002E+02  3.989E+02
  2.835E-01  2.557E-01  1.016E+05  0.000E+00  0.000E+00  4.003E+02  3.997E+02
  2.835E-01  2.620E-01  1.016E+05  0.000E+00  0.000E+00  3.995E+02  3.996E+02
  2.835E-01  2.683E-01  1.016E+05  0.000E+00  0.000E+00  3.977E+02  3.985E+02
  2.835E-01  2.746E-01  1.016E+05  0.000E+00  0.000E+00  3.951E+02  3.964E+02
  2.835E-01  2.809E-01  1.016E+05  0.000E+00  0.000E+00  3.917E+02  3.936E+02
  2.835E-01  2.872E-01  1.016E+05  0.000E+00  0.000E+00  3.877E+02  3.900E+02
  2.835E-01  2.935E-01  1.016E+05  0.000E+00  0.000E+00  3.830E+02  3.859E+02
  2.835E-01  2.998E-01  1.016E+05  0.000E+00  0.000E+00  3.780E+02  3.812E+02
  2.835E-01  3.062E-01  1.016E+05  0.000E+00  0.000E+00  3.727E+02  3.761E+02
  2.835E-01  3.125E-01  1.015E+05  0.000E+00  0.000E+00  3.671E+02  3.707E+02
  2.835E-01  3.188E-01  1.015E+05  0.000E+00  0.000E+00  3.615E+02  3.652E+02
  2.835E-01  3.251E-01  1.015E+05  0.000E+00  0.000E+00  3.558E+02  3.596E+02
  2.835E-01  3.314E-01  1.015E+05  0.000E+00  0.000E+00  3.503E+02  3.540E+02
  2.835E-01  3.377E-01  1.015E+05  0.000E+00  0.000E+00  3.449E+02  3.486E+02
  2.835E-01  3.440E-01  1.015E+05  0.000E+00  0.000E+00  3.397E+02  3.433E+02
  2.835E-01  3.503E-01  1.015E+05  0.000E+00  0.000E+00  3.348E+02  3.382E+02
  2.835E-01  3.567E-01  1.015E+05  0.000E+00  0.000E+00  3.302E+02  3.334E+02
  2.835E-01  3.630E-01  1.015E+05  0.000E+00  0.000E+00  3.259E+02  3.289E+02
  2.835E-01  3.693E-01  1.015E+05  0.000E+00  0.000E+00  3.219E+02  3.247E+02
  2.835E-01  3.756E-01  1.015E+05  0.000E+00  0.000E+00  3.183E+02  3.209E+02
  2.835E-01  3.819E-01  1.015E+05  0.000E+00  0.000E+00  3.150E+02  3.174E+02
  2.835E-01  3.882E-01  1.015E+05  0.000E+00  0.000E+00  3.121E+02  3.142E+02
  2.835E-01  3.945E-01  1.015E+05  0.000E+00  0.000E+00  3.094E+02  3.114E+02
  2.835E-01  4.008E-01  1.014E+05  0.000E+00  0.000E+00  3.071E+02  3.088E+02
  2.835E-01  4.072E-01  1.014E+05  0.000E+00  0.000E+00  3.050E+02  3.066E+02
  2.835E-01  4.135E-01  1.014E+05  0.000E+00  0.000E+00  3.032E+02  3.046E+02
  2.835E-01  4.198E-01  1.014E+05  0.000E+00  0.000E+00  3.017E+02  3.028E+02
  2.835E-01  4.261E-01  1.014E+05  0.000E+00  0.000E+00  3.003E+02  3.013E+02
  2.835E-01  4.324E-01  1.014E+05  0.000E+00  0.000E+00  2.991E+02  3.000E+02
  2.835E-01  4.387E-01  1.014E+05  0.000E+00  0.000E+00  2.981E+02  2.989E+02
  2.835E-01  4.450E-01  1.014E+05  0.000E+00  0.000E+00  2.973E+02  2.979E+02
  2.835E-01  4.513E-01  1.014E+05  0.000E+00  0.000E+00  2.966E+02  2.971E+02
  2.835E-01  4.577E-01  1.014E+05  0.000E+00  0.000E+00  2.959E+02  2.964E+02
  2.835E-01  4.640E-01  1.014E+05  0.000E+00  0.000E+00  2.954E+02  2.958E+02
  2.835E-01  4.703E-01  1.014E+05  0.000E+00  0.000E+00  2.950E+02  2.953E+02
  2.835E-01  4.766E-01  1.014E+05  0.000E+00  0.000E+00  2.946E+02  2.949E+02
  2.835E-01  4.829E-01  1.014E+05  0.000E+00  0.000E+00  2.943E+02  2.946E+02
  2.835E-01  4.892E-01  1.013E+05  0.000E+00  0.000E+00  2.941E+02  2.943E+02
  2.835E-01  4.955E-01  1.013E+05  0.000E+00  0.000E+00  2.939E+02  2.941E+02
  2.835E-01  5.018E-01  1.013E+05  0.000E+00  0.000E+00  2.938E+02  2.938E+02
  2.835E-01  5.050E-01  1.013E+05 -1.395E-11  6.500E-02  2.938E+02  2.930E+02
