VARIABLES="XP","YP","P","U","V","TS","TF"
ZONE T="Zone 001"I=    82 J=    12 F=POINT
  0.000E+00  0.000E+00  1.019E+05  0.000E+00  0.000E+00  2.931E+02  2.931E+02
  0.000E+00  3.156E-03  1.019E+05  0.000E+00  0.000E+00  2.931E+02  2.931E+02
  0.000E+00  9.469E-03  1.019E+05  0.000E+00  0.000E+00  2.932E+02  2.931E+02
  0.000E+00  1.578E-02  1.019E+05  0.000E+00  0.000E+00  2.933E+02  2.933E+02
  0.000E+00  2.209E-02  1.019E+05  0.000E+00  0.000E+00  2.936E+02  2.935E+02
  0.000E+00  2.841E-02  1.019E+05  0.000E+00  0.000E+00  2.940E+02  2.938E+02
  0.000E+00  3.472E-02  1.019E+05  0.000E+00  0.000E+00  2.947E+02  2.943E+02
  0.000E+00  4.103E-02  1.019E+05  0.000E+00  0.000E+00  2.957E+02  2.952E+02
  0.000E+00  4.734E-02  1.019E+05  0.000E+00  0.000E+00  2.973E+02  2.964E+02
  0.000E+00  5.366E-02  1.018E+05  0.000E+00  0.000E+00  2.997E+02  2.984E+02
  0.000E+00  5.997E-02  1.018E+05  0.000E+00  0.000E+00  3.034E+02  3.014E+02
  0.000E+00  6.628E-02  1.018E+05  0.000E+00  0.000E+00  3.089E+02  3.059E+02
  0.000E+00  7.259E-02  1.018E+05  0.000E+00  0.000E+00  3.170E+02  3.126E+02
  0.000E+00  7.891E-02  1.018E+05  0.000E+00  0.000E+00  3.289E+02  3.224E+02
  0.000E+00  8.522E-02  1.018E+05  0.000E+00  0.000E+00  3.465E+02  3.370E+02
  0.000E+00  9.153E-02  1.018E+05  0.000E+00  0.000E+00  3.730E+02  3.586E+02
  0.000E+00  9.784E-02  1.018E+05  0.000E+00  0.000E+00  4.122E+02  3.908E+02
  0.000E+00  1.042E-01  1.018E+05  0.000E+00  0.000E+00  4.623E+02  4.332E+02
  0.000E+00  1.105E-01  1.018E+05  0.000E+00  0.000E+00  4.894E+02  4.665E+02
  0.000E+00  1.168E-01  1.018E+05  0.000E+00  0.000E+00  5.045E+02  4.890E+02
  0.000E+00  1.231E-01  1.018E+05  0.000E+00  0.000E+00  5.102E+02  5.015E+02
  0.000E+00  1.294E-01  1.018E+05  0.000E+00  0.000E+00  5.080E+02  5.052E+02
  0.000E+00  1.357E-01  1.018E+05  0.000E+00  0.000E+00  4.991E+02  5.014E+02
  0.000E+00  1.420E-01  1.017E+05  0.000E+00  0.000E+00  4.850E+02  4.915E+02
  0.000E+00  1.483E-01  1.017E+05  0.000E+00  0.000E+00  4.673E+02  4.770E+02
  0.000E+00  1.547E-01  1.017E+05  0.000E+00  0.000E+00  4.476E+02  4.595E+02
  0.000E+00  1.610E-01  1.017E+05  0.000E+00  0.000E+00  4.272E+02  4.402E+02
  0.000E+00  1.673E-01  1.017E+05  0.000E+00  0.000E+00  4.073E+02  4.206E+02
  0.000E+00  1.736E-01  1.017E+05  0.000E+00  0.000E+00  3.886E+02  4.015E+02
  0.000E+00  1.799E-01  1.017E+05  0.000E+00  0.000E+00  3.716E+02  3.837E+02
  0.000E+00  1.862E-01  1.017E+05  0.000E+00  0.000E+00  3.567E+02  3.676E+02
  0.000E+00  1.925E-01  1.017E+05  0.000E+00  0.000E+00  3.439E+02  3.535E+02
  0.000E+00  1.988E-01  1.017E+05  0.000E+00  0.000E+00  3.331E+02  3.414E+02
  0.000E+00  2.052E-01  1.017E+05  0.000E+00  0.000E+00  3.243E+02  3.312E+02
  0.000E+00  2.115E-01  1.017E+05  0.000E+00  0.000E+00  3.171E+02  3.229E+02
  0.000E+00  2.178E-01  1.017E+05  0.000E+00  0.000E+00  3.115E+02  3.161E+02
  0.000E+00  2.241E-01  1.017E+05  0.000E+00  0.000E+00  3.070E+02  3.107E+02
  0.000E+00  2.304E-01  1.016E+05  0.000E+00  0.000E+00  3.035E+02  3.064E+02
  0.000E+00  2.367E-01  1.016E+05  0.000E+00  0.000E+00  3.009E+02  3.032E+02
  0.000E+00  2.430E-01  1.016E+05  0.000E+00  0.000E+00  2.989E+02  3.006E+02
  0.000E+00  2.493E-01  1.016E+05  0.000E+00  0.000E+00  2.974E+02  2.987E+02
  0.000E+00  2.557E-01  1.016E+05  0.000E+00  0.000E+00  2.963E+02  2.972E+02
  0.000E+00  2.620E-01  1.016E+05  0.000E+00  0.000E+00  2.954E+02  2.962E+02
  0.000E+00  2.683E-01  1.016E+05  0.000E+00  0.000E+00  2.948E+02  2.954E+02
  0.000E+00  2.746E-01  1.016E+05  0.000E+00  0.000E+00  2.944E+02  2.948E+02
  0.000E+00  2.809E-01  1.016E+05  0.000E+00  0.000E+00  2.940E+02  2.943E+02
  0.000E+00  2.872E-01  1.016E+05  0.000E+00  0.000E+00  2.938E+02  2.940E+02
  0.000E+00  2.935E-01  1.016E+05  0.000E+00  0.000E+00  2.936E+02  2.938E+02
  0.000E+00  2.998E-01  1.016E+05  0.000E+00  0.000E+00  2.935E+02  2.936E+02
  0.000E+00  3.062E-01  1.016E+05  0.000E+00  0.000E+00  2.934E+02  2.935E+02
  0.000E+00  3.125E-01  1.015E+05  0.000E+00  0.000E+00  2.933E+02  2.934E+02
  0.000E+00  3.188E-01  1.015E+05  0.000E+00  0.000E+00  2.932E+02  2.933E+02
  0.000E+00  3.251E-01  1.015E+05  0.000E+00  0.000E+00  2.932E+02  2.932E+02
  0.000E+00  3.314E-01  1.015E+05  0.000E+00  0.000E+00  2.932E+02  2.932E+02
  0.000E+00  3.377E-01  1.015E+05  0.000E+00  0.000E+00  2.931E+02  2.932E+02
  0.000E+00  3.440E-01  1.015E+05  0.000E+00  0.000E+00  2.931E+02  2.931E+02
  0.000E+00  3.503E-01  1.015E+05  0.000E+00  0.000E+00  2.931E+02  2.931E+02
  0.000E+00  3.567E-01  1.015E+05  0.000E+00  0.000E+00  2.931E+02  2.931E+02
  0.000E+00  3.630E-01  1.015E+05  0.000E+00  0.000E+00  2.931E+02  2.931E+02
  0.000E+00  3.693E-01  1.015E+05  0.000E+00  0.000E+00  2.931E+02  2.931E+02
  0.000E+00  3.756E-01  1.015E+05  0.000E+00  0.000E+00  2.931E+02  2.931E+02
  0.000E+00  3.819E-01  1.015E+05  0.000E+00  0.000E+00  2.931E+02  2.931E+02
  0.000E+00  3.882E-01  1.015E+05  0.000E+00  0.000E+00  2.931E+02  2.931E+02
  0.000E+00  3.945E-01  1.015E+05  0.000E+00  0.000E+00  2.930E+02  2.930E+02
  0.000E+00  4.008E-01  1.014E+05  0.000E+00  0.000E+00  2.930E+02  2.930E+02
  0.000E+00  4.072E-01  1.014E+05  0.000E+00  0.000E+00  2.930E+02  2.930E+02
  0.000E+00  4.135E-01  1.014E+05  0.000E+00  0.000E+00  2.930E+02  2.930E+02
  0.000E+00  4.198E-01  1.014E+05  0.000E+00  0.000E+00  2.930E+02  2.930E+02
  0.000E+00  4.261E-01  1.014E+05  0.000E+00  0.000E+00  2.930E+02  2.930E+02
  0.000E+00  4.324E-01  1.014E+05  0.000E+00  0.000E+00  2.930E+02  2.930E+02
  0.000E+00  4.387E-01  1.014E+05  0.000E+00  0.000E+00  2.930E+02  2.930E+02
  0.000E+00  4.450E-01  1.014E+05  0.000E+00  0.000E+00  2.930E+02  2.930E+02
  0.000E+00  4.513E-01  1.014E+05  0.000E+00  0.000E+00  2.930E+02  2.930E+02
  0.000E+00  4.577E-01  1.014E+05  0.000E+00  0.000E+00  2.930E+02  2.930E+02
  0.000E+00  4.640E-01  1.014E+05  0.000E+00  0.000E+00  2.930E+02  2.930E+02
  0.000E+00  4.703E-01  1.014E+05  0.000E+00  0.000E+00  2.930E+02  2.930E+02
  0.000E+00  4.766E-01  1.014E+05  0.000E+00  0.000E+00  2.930E+02  2.930E+02
  0.000E+00  4.829E-01  1.014E+05  0.000E+00  0.000E+00  2.930E+02  2.930E+02
  0.000E+00  4.892E-01  1.013E+05  0.000E+00  0.000E+00  2.930E+02  2.930E+02
  0.000E+00  4.955E-01  1.013E+05  0.000E+00  0.000E+00  2.930E+02  2.930E+02
  0.000E+00  5.018E-01  1.013E+05  0.000E+00  0.000E+00  2.930E+02  2.930E+02
  0.000E+00  5.050E-01  1.013E+05  0.000E+00  0.000E+00  2.930E+02  2.930E+02
  1.417E-02  0.000E+00  1.019E+05  8.375E-08  6.500E-02  2.930E+02  2.931E+02
  1.417E-02  3.156E-03  1.019E+05  8.375E-08  6.497E-02  2.931E+02  2.931E+02
  1.417E-02  9.469E-03  1.019E+05  6.357E-08  6.498E-02  2.932E+02  2.931E+02
  1.417E-02  1.578E-02  1.019E+05  5.105E-08  6.500E-02  2.933E+02  2.933E+02
  1.417E-02  2.209E-02  1.019E+05  4.083E-08  6.500E-02  2.936E+02  2.935E+02
  1.417E-02  2.841E-02  1.019E+05  3.293E-08  6.499E-02  2.940E+02  2.938E+02
  1.417E-02  3.472E-02  1.019E+05  2.671E-08  6.499E-02  2.947E+02  2.943E+02
  1.417E-02  4.103E-02  1.019E+05  2.175E-08  6.499E-02  2.957E+02  2.952E+02
  1.417E-02  4.734E-02  1.019E+05  1.777E-08  6.499E-02  2.973E+02  2.964E+02
  1.417E-02  5.366E-02  1.018E+05  1.449E-08  6.498E-02  2.997E+02  2.984E+02
  1.417E-02  5.997E-02  1.018E+05  1.171E-08  6.498E-02  3.034E+02  3.014E+02
  1.417E-02  6.628E-02  1.018E+05  9.320E-09  6.498E-02  3.089E+02  3.059E+02
  1.417E-02  7.259E-02  1.018E+05  7.284E-09  6.497E-02  3.170E+02  3.126E+02
  1.417E-02  7.891E-02  1.018E+05  5.602E-09  6.496E-02  3.289E+02  3.224E+02
  1.417E-02  8.522E-02  1.018E+05  4.347E-09  6.496E-02  3.465E+02  3.370E+02
  1.417E-02  9.153E-02  1.018E+05  3.611E-09  6.494E-02  3.730E+02  3.586E+02
  1.417E-02  9.784E-02  1.018E+05  3.420E-09  6.489E-02  4.122E+02  3.908E+02
  1.417E-02  1.042E-01  1.018E+05  3.747E-09  6.489E-02  4.623E+02  4.332E+02
  1.417E-02  1.105E-01  1.018E+05  4.546E-09  6.490E-02  4.894E+02  4.665E+02
  1.417E-02  1.168E-01  1.018E+05  5.747E-09  6.493E-02  5.045E+02  4.890E+02
  1.417E-02  1.231E-01  1.018E+05  7.253E-09  6.497E-02  5.102E+02  5.015E+02
  1.417E-02  1.294E-01  1.018E+05  8.890E-09  6.499E-02  5.080E+02  5.052E+02
  1.417E-02  1.357E-01  1.018E+05  1.043E-08  6.500E-02  4.991E+02  5.014E+02
  1.417E-02  1.420E-01  1.017E+05  1.167E-08  6.502E-02  4.850E+02  4.915E+02
  1.417E-02  1.483E-01  1.017E+05  1.241E-08  6.504E-02  4.673E+02  4.770E+02
  1.417E-02  1.547E-01  1.017E+05  1.251E-08  6.504E-02  4.476E+02  4.595E+02
  1.417E-02  1.610E-01  1.017E+05  1.192E-08  6.504E-02  4.272E+02  4.402E+02
  1.417E-02  1.673E-01  1.017E+05  1.069E-08  6.505E-02  4.073E+02  4.206E+02
  1.417E-02  1.736E-01  1.017E+05  8.959E-09  6.505E-02  3.886E+02  4.015E+02
  1.417E-02  1.799E-01  1.017E+05  6.856E-09  6.504E-02  3.716E+02  3.837E+02
  1.417E-02  1.862E-01  1.017E+05  4.552E-09  6.503E-02  3.567E+02  3.676E+02
  1.417E-02  1.925E-01  1.017E+05  2.222E-09  6.503E-02  3.439E+02  3.535E+02
  1.417E-02  1.988E-01  1.017E+05  3.651E-11  6.503E-02  3.331E+02  3.414E+02
  1.417E-02  2.052E-01  1.017E+05 -1.895E-09  6.501E-02  3.243E+02  3.312E+02
  1.417E-02  2.115E-01  1.017E+05 -3.494E-09  6.500E-02  3.171E+02  3.229E+02
  1.417E-02  2.178E-01  1.017E+05 -4.753E-09  6.501E-02  3.115E+02  3.161E+02
  1.417E-02  2.241E-01  1.017E+05 -5.687E-09  6.501E-02  3.070E+02  3.107E+02
  1.417E-02  2.304E-01  1.016E+05 -6.259E-09  6.500E-02  3.035E+02  3.064E+02
  1.417E-02  2.367E-01  1.016E+05 -6.527E-09  6.500E-02  3.009E+02  3.032E+02
  1.417E-02  2.430E-01  1.016E+05 -6.580E-09  6.500E-02  2.989E+02  3.006E+02
  1.417E-02  2.493E-01  1.016E+05 -6.447E-09  6.499E-02  2.974E+02  2.987E+02
  1.417E-02  2.557E-01  1.016E+05 -6.140E-09  6.499E-02  2.963E+02  2.972E+02
  1.417E-02  2.620E-01  1.016E+05 -5.706E-09  6.499E-02  2.954E+02  2.962E+02
  1.417E-02  2.683E-01  1.016E+05 -5.229E-09  6.499E-02  2.948E+02  2.954E+02
  1.417E-02  2.746E-01  1.016E+05 -4.744E-09  6.500E-02  2.944E+02  2.948E+02
  1.417E-02  2.809E-01  1.016E+05 -4.234E-09  6.500E-02  2.940E+02  2.943E+02
  1.417E-02  2.872E-01  1.016E+05 -3.748E-09  6.499E-02  2.938E+02  2.940E+02
  1.417E-02  2.935E-01  1.016E+05 -3.306E-09  6.499E-02  2.936E+02  2.938E+02
  1.417E-02  2.998E-01  1.016E+05 -2.878E-09  6.500E-02  2.935E+02  2.936E+02
  1.417E-02  3.062E-01  1.016E+05 -2.479E-09  6.500E-02  2.934E+02  2.935E+02
  1.417E-02  3.125E-01  1.015E+05 -2.127E-09  6.499E-02  2.933E+02  2.934E+02
  1.417E-02  3.188E-01  1.015E+05 -1.845E-09  6.499E-02  2.932E+02  2.933E+02
  1.417E-02  3.251E-01  1.015E+05 -1.617E-09  6.500E-02  2.932E+02  2.932E+02
  1.417E-02  3.314E-01  1.015E+05 -1.400E-09  6.500E-02  2.932E+02  2.932E+02
  1.417E-02  3.377E-01  1.015E+05 -1.213E-09  6.499E-02  2.931E+02  2.932E+02
  1.417E-02  3.440E-01  1.015E+05 -1.074E-09  6.499E-02  2.931E+02  2.931E+02
  1.417E-02  3.503E-01  1.015E+05 -9.501E-10  6.500E-02  2.931E+02  2.931E+02
  1.417E-02  3.567E-01  1.015E+05 -8.631E-10  6.500E-02  2.931E+02  2.931E+02
  1.417E-02  3.630E-01  1.015E+05 -8.057E-10  6.498E-02  2.931E+02  2.931E+02
  1.417E-02  3.693E-01  1.015E+05 -7.524E-10  6.498E-02  2.931E+02  2.931E+02
  1.417E-02  3.756E-01  1.015E+05 -7.059E-10  6.500E-02  2.931E+02  2.931E+02
  1.417E-02  3.819E-01  1.015E+05 -6.635E-10  6.500E-02  2.931E+02  2.931E+02
  1.417E-02  3.882E-01  1.015E+05 -6.221E-10  6.498E-02  2.931E+02  2.931E+02
  1.417E-02  3.945E-01  1.015E+05 -5.750E-10  6.498E-02  2.930E+02  2.930E+02
  1.417E-02  4.008E-01  1.014E+05 -5.496E-10  6.500E-02  2.930E+02  2.930E+02
  1.417E-02  4.072E-01  1.014E+05 -5.210E-10  6.500E-02  2.930E+02  2.930E+02
  1.417E-02  4.135E-01  1.014E+05 -4.908E-10  6.498E-02  2.930E+02  2.930E+02
  1.417E-02  4.198E-01  1.014E+05 -4.582E-10  6.498E-02  2.930E+02  2.930E+02
  1.417E-02  4.261E-01  1.014E+05 -4.251E-10  6.500E-02  2.930E+02  2.930E+02
  1.417E-02  4.324E-01  1.014E+05 -3.975E-10  6.500E-02  2.930E+02  2.930E+02
  1.417E-02  4.387E-01  1.014E+05 -3.479E-10  6.498E-02  2.930E+02  2.930E+02
  1.417E-02  4.450E-01  1.014E+05 -2.972E-10  6.498E-02  2.930E+02  2.930E+02
  1.417E-02  4.513E-01  1.014E+05 -2.636E-10  6.500E-02  2.930E+02  2.930E+02
  1.417E-02  4.577E-01  1.014E+05 -2.536E-10  6.500E-02  2.930E+02  2.930E+02
  1.417E-02  4.640E-01  1.014E+05 -2.151E-10  6.498E-02  2.930E+02  2.930E+02
  1.417E-02  4.703E-01  1.014E+05 -1.739E-10  6.498E-02  2.930E+02  2.930E+02
  1.417E-02  4.766E-01  1.014E+05 -1.540E-10  6.500E-02  2.930E+02  2.930E+02
  1.417E-02  4.829E-01  1.014E+05 -1.298E-10  6.500E-02  2.930E+02  2.930E+02
  1.417E-02  4.892E-01  1.013E+05 -1.043E-10  6.499E-02  2.930E+02  2.930E+02
  1.417E-02  4.955E-01  1.013E+05 -7.271E-11  6.499E-02  2.930E+02  2.930E+02
  1.417E-02  5.018E-01  1.013E+05 -5.379E-11  6.500E-02  2.930E+02  2.930E+02
  1.417E-02  5.050E-01  1.013E+05 -5.379E-11  6.500E-02  2.930E+02  2.930E+02
  4.252E-02  0.000E+00  1.019E+05  1.076E-07  6.500E-02  2.930E+02  2.931E+02
  4.252E-02  3.156E-03  1.019E+05  1.076E-07  6.497E-02  2.931E+02  2.931E+02
  4.252E-02  9.469E-03  1.019E+05  8.641E-08  6.498E-02  2.932E+02  2.931E+02
  4.252E-02  1.578E-02  1.019E+05  7.239E-08  6.500E-02  2.934E+02  2.933E+02
  4.252E-02  2.209E-02  1.019E+05  6.044E-08  6.500E-02  2.936E+02  2.935E+02
  4.252E-02  2.841E-02  1.019E+05  5.073E-08  6.499E-02  2.940E+02  2.938E+02
  4.252E-02  3.472E-02  1.019E+05  4.274E-08  6.499E-02  2.947E+02  2.943E+02
  4.252E-02  4.103E-02  1.019E+05  3.613E-08  6.499E-02  2.957E+02  2.952E+02
  4.252E-02  4.734E-02  1.019E+05  3.067E-08  6.499E-02  2.973E+02  2.964E+02
  4.252E-02  5.366E-02  1.018E+05  2.616E-08  6.498E-02  2.997E+02  2.984E+02
  4.252E-02  5.997E-02  1.018E+05  2.241E-08  6.498E-02  3.034E+02  3.014E+02
  4.252E-02  6.628E-02  1.018E+05  1.929E-08  6.498E-02  3.089E+02  3.059E+02
  4.252E-02  7.259E-02  1.018E+05  1.674E-08  6.497E-02  3.170E+02  3.126E+02
  4.252E-02  7.891E-02  1.018E+05  1.466E-08  6.496E-02  3.289E+02  3.224E+02
  4.252E-02  8.522E-02  1.018E+05  1.305E-08  6.496E-02  3.465E+02  3.370E+02
  4.252E-02  9.153E-02  1.018E+05  1.201E-08  6.494E-02  3.730E+02  3.586E+02
  4.252E-02  9.784E-02  1.018E+05  1.163E-08  6.489E-02  4.122E+02  3.908E+02
  4.252E-02  1.042E-01  1.018E+05  1.198E-08  6.489E-02  4.623E+02  4.332E+02
  4.252E-02  1.105E-01  1.018E+05  1.297E-08  6.490E-02  4.894E+02  4.665E+02
  4.252E-02  1.168E-01  1.018E+05  1.451E-08  6.493E-02  5.045E+02  4.890E+02
  4.252E-02  1.231E-01  1.018E+05  1.642E-08  6.497E-02  5.102E+02  5.015E+02
  4.252E-02  1.294E-01  1.018E+05  1.842E-08  6.499E-02  5.080E+02  5.052E+02
  4.252E-02  1.357E-01  1.018E+05  2.011E-08  6.500E-02  4.991E+02  5.014E+02
  4.252E-02  1.420E-01  1.017E+05  2.109E-08  6.502E-02  4.850E+02  4.915E+02
  4.252E-02  1.483E-01  1.017E+05  2.111E-08  6.504E-02  4.673E+02  4.770E+02
  4.252E-02  1.547E-01  1.017E+05  2.004E-08  6.504E-02  4.476E+02  4.595E+02
  4.252E-02  1.610E-01  1.017E+05  1.793E-08  6.504E-02  4.272E+02  4.402E+02
  4.252E-02  1.673E-01  1.017E+05  1.492E-08  6.505E-02  4.073E+02  4.206E+02
  4.252E-02  1.736E-01  1.017E+05  1.126E-08  6.505E-02  3.886E+02  4.015E+02
  4.252E-02  1.799E-01  1.017E+05  7.270E-09  6.504E-02  3.716E+02  3.837E+02
  4.252E-02  1.862E-01  1.017E+05  3.262E-09  6.504E-02  3.567E+02  3.677E+02
  4.252E-02  1.925E-01  1.017E+05 -5.472E-10  6.503E-02  3.439E+02  3.535E+02
  4.252E-02  1.988E-01  1.017E+05 -3.915E-09  6.503E-02  3.332E+02  3.414E+02
  4.252E-02  2.052E-01  1.017E+05 -6.723E-09  6.501E-02  3.243E+02  3.313E+02
  4.252E-02  2.115E-01  1.017E+05 -8.894E-09  6.501E-02  3.172E+02  3.229E+02
  4.252E-02  2.178E-01  1.017E+05 -1.042E-08  6.501E-02  3.115E+02  3.161E+02
  4.252E-02  2.241E-01  1.017E+05 -1.137E-08  6.501E-02  3.070E+02  3.107E+02
  4.252E-02  2.304E-01  1.016E+05 -1.178E-08  6.500E-02  3.036E+02  3.065E+02
  4.252E-02  2.367E-01  1.016E+05 -1.174E-08  6.500E-02  3.009E+02  3.032E+02
  4.252E-02  2.430E-01  1.016E+05 -1.136E-08  6.500E-02  2.989E+02  3.006E+02
  4.252E-02  2.493E-01  1.016E+05 -1.073E-08  6.500E-02  2.974E+02  2.987E+02
  4.252E-02  2.557E-01  1.016E+05 -9.908E-09  6.499E-02  2.963E+02  2.973E+02
  4.252E-02  2.620E-01  1.016E+05 -8.962E-09  6.499E-02  2.954E+02  2.962E+02
  4.252E-02  2.683E-01  1.016E+05 -7.984E-09  6.499E-02  2.948E+02  2.954E+02
  4.252E-02  2.746E-01  1.016E+05 -7.018E-09  6.500E-02  2.944E+02  2.948E+02
  4.252E-02  2.809E-01  1.016E+05 -6.061E-09  6.500E-02  2.940E+02  2.943E+02
  4.252E-02  2.872E-01  1.016E+05 -5.179E-09  6.499E-02  2.938E+02  2.940E+02
  4.252E-02  2.935E-01  1.016E+05 -4.382E-09  6.499E-02  2.936E+02  2.938E+02
  4.252E-02  2.998E-01  1.016E+05 -3.651E-09  6.500E-02  2.935E+02  2.936E+02
  4.252E-02  3.062E-01  1.016E+05 -3.005E-09  6.500E-02  2.934E+02  2.935E+02
  4.252E-02  3.125E-01  1.015E+05 -2.447E-09  6.499E-02  2.933E+02  2.934E+02
  4.252E-02  3.188E-01  1.015E+05 -1.982E-09  6.499E-02  2.933E+02  2.933E+02
  4.252E-02  3.251E-01  1.015E+05 -1.624E-09  6.500E-02  2.932E+02  2.932E+02
  4.252E-02  3.314E-01  1.015E+05 -1.320E-09  6.500E-02  2.932E+02  2.932E+02
  4.252E-02  3.377E-01  1.015E+05 -1.094E-09  6.499E-02  2.932E+02  2.932E+02
  4.252E-02  3.440E-01  1.015E+05 -9.424E-10  6.499E-02  2.931E+02  2.931E+02
  4.252E-02  3.503E-01  1.015E+05 -8.463E-10  6.500E-02  2.931E+02  2.931E+02
  4.252E-02  3.567E-01  1.015E+05 -7.799E-10  6.500E-02  2.931E+02  2.931E+02
  4.252E-02  3.630E-01  1.015E+05 -7.367E-10  6.499E-02  2.931E+02  2.931E+02
  4.252E-02  3.693E-01  1.015E+05 -7.127E-10  6.499E-02  2.931E+02  2.931E+02
  4.252E-02  3.756E-01  1.015E+05 -7.107E-10  6.500E-02  2.931E+02  2.931E+02
  4.252E-02  3.819E-01  1.015E+05 -7.030E-10  6.500E-02  2.931E+02  2.931E+02
  4.252E-02  3.882E-01  1.015E+05 -6.828E-10  6.499E-02  2.931E+02  2.931E+02
  4.252E-02  3.945E-01  1.015E+05 -6.725E-10  6.499E-02  2.930E+02  2.931E+02
  4.252E-02  4.008E-01  1.014E+05 -6.819E-10  6.500E-02  2.930E+02  2.930E+02
  4.252E-02  4.072E-01  1.014E+05 -6.635E-10  6.500E-02  2.930E+02  2.930E+02
  4.252E-02  4.135E-01  1.014E+05 -6.512E-10  6.499E-02  2.930E+02  2.930E+02
  4.252E-02  4.198E-01  1.014E+05 -6.256E-10  6.499E-02  2.930E+02  2.930E+02
  4.252E-02  4.261E-01  1.014E+05 -6.045E-10  6.500E-02  2.930E+02  2.930E+02
  4.252E-02  4.324E-01  1.014E+05 -5.739E-10  6.500E-02  2.930E+02  2.930E+02
  4.252E-02  4.387E-01  1.014E+05 -5.131E-10  6.499E-02  2.930E+02  2.930E+02
  4.252E-02  4.450E-01  1.014E+05 -4.508E-10  6.499E-02  2.930E+02  2.930E+02
  4.252E-02  4.513E-01  1.014E+05 -4.163E-10  6.500E-02  2.930E+02  2.930E+02
  4.252E-02  4.577E-01  1.014E+05 -3.949E-10  6.500E-02  2.930E+02  2.930E+02
  4.252E-02  4.640E-01  1.014E+05 -3.411E-10  6.499E-02  2.930E+02  2.930E+02
  4.252E-02  4.703E-01  1.014E+05 -2.864E-10  6.499E-02  2.930E+02  2.930E+02
  4.252E-02  4.766E-01  1.014E+05 -2.632E-10  6.500E-02  2.930E+02  2.930E+02
  4.252E-02  4.829E-01  1.014E+05 -2.231E-10  6.500E-02  2.930E+02  2.930E+02
  4.252E-02  4.892E-01  1.013E+05 -1.779E-10  6.499E-02  2.930E+02  2.930E+02
  4.252E-02  4.955E-01  1.013E+05 -1.326E-10  6.499E-02  2.930E+02  2.930E+02
  4.252E-02  5.018E-01  1.013E+05 -1.007E-10  6.500E-02  2.930E+02  2.930E+02
  4.252E-02  5.050E-01  1.013E+05 -1.007E-10  6.500E-02  2.930E+02  2.930E+02
  7.087E-02  0.000E+00  1.019E+05  3.806E-08  6.500E-02  2.930E+02  2.931E+02
  7.087E-02  3.156E-03  1.019E+05  3.806E-08  6.497E-02  2.931E+02  2.931E+02
  7.087E-02  9.469E-03  1.019E+05  3.670E-08  6.498E-02  2.932E+02  2.931E+02
  7.087E-02  1.578E-02  1.019E+05  3.470E-08  6.500E-02  2.933E+02  2.933E+02
  7.087E-02  2.209E-02  1.019E+05  3.230E-08  6.500E-02  2.936E+02  2.935E+02
  7.087E-02  2.841E-02  1.019E+05  2.972E-08  6.499E-02  2.940E+02  2.938E+02
  7.087E-02  3.472E-02  1.019E+05  2.706E-08  6.499E-02  2.947E+02  2.943E+02
  7.087E-02  4.103E-02  1.019E+05  2.442E-08  6.499E-02  2.957E+02  2.952E+02
  7.087E-02  4.734E-02  1.019E+05  2.187E-08  6.499E-02  2.973E+02  2.964E+02
  7.087E-02  5.366E-02  1.018E+05  1.949E-08  6.498E-02  2.997E+02  2.984E+02
  7.087E-02  5.997E-02  1.018E+05  1.734E-08  6.498E-02  3.034E+02  3.014E+02
  7.087E-02  6.628E-02  1.018E+05  1.545E-08  6.498E-02  3.089E+02  3.059E+02
  7.087E-02  7.259E-02  1.018E+05  1.390E-08  6.497E-02  3.170E+02  3.126E+02
  7.087E-02  7.891E-02  1.018E+05  1.274E-08  6.496E-02  3.289E+02  3.224E+02
  7.087E-02  8.522E-02  1.018E+05  1.188E-08  6.496E-02  3.465E+02  3.370E+02
  7.087E-02  9.153E-02  1.018E+05  1.128E-08  6.494E-02  3.730E+02  3.586E+02
  7.087E-02  9.784E-02  1.018E+05  1.086E-08  6.489E-02  4.122E+02  3.908E+02
  7.087E-02  1.042E-01  1.018E+05  1.057E-08  6.489E-02  4.623E+02  4.332E+02
  7.087E-02  1.105E-01  1.018E+05  1.029E-08  6.490E-02  4.894E+02  4.665E+02
  7.087E-02  1.168E-01  1.018E+05  9.910E-09  6.493E-02  5.045E+02  4.890E+02
  7.087E-02  1.231E-01  1.018E+05  9.366E-09  6.497E-02  5.102E+02  5.015E+02
  7.087E-02  1.294E-01  1.018E+05  8.598E-09  6.499E-02  5.080E+02  5.052E+02
  7.087E-02  1.357E-01  1.018E+05  7.561E-09  6.500E-02  4.991E+02  5.014E+02
  7.087E-02  1.420E-01  1.017E+05  6.215E-09  6.502E-02  4.850E+02  4.915E+02
  7.087E-02  1.483E-01  1.017E+05  4.640E-09  6.504E-02  4.673E+02  4.770E+02
  7.087E-02  1.547E-01  1.017E+05  2.955E-09  6.504E-02  4.476E+02  4.595E+02
  7.087E-02  1.610E-01  1.017E+05  1.287E-09  6.504E-02  4.273E+02  4.403E+02
  7.087E-02  1.673E-01  1.017E+05 -2.598E-10  6.505E-02  4.073E+02  4.206E+02
  7.087E-02  1.736E-01  1.017E+05 -1.594E-09  6.505E-02  3.886E+02  4.016E+02
  7.087E-02  1.799E-01  1.017E+05 -2.663E-09  6.504E-02  3.716E+02  3.837E+02
  7.087E-02  1.862E-01  1.017E+05 -3.449E-09  6.504E-02  3.567E+02  3.677E+02
  7.087E-02  1.925E-01  1.017E+05 -3.929E-09  6.503E-02  3.439E+02  3.535E+02
  7.087E-02  1.988E-01  1.017E+05 -4.117E-09  6.503E-02  3.332E+02  3.414E+02
  7.087E-02  2.052E-01  1.017E+05 -4.052E-09  6.501E-02  3.243E+02  3.313E+02
  7.087E-02  2.115E-01  1.017E+05 -3.769E-09  6.501E-02  3.172E+02  3.229E+02
  7.087E-02  2.178E-01  1.017E+05 -3.305E-09  6.501E-02  3.115E+02  3.161E+02
  7.087E-02  2.241E-01  1.017E+05 -2.697E-09  6.501E-02  3.070E+02  3.107E+02
  7.087E-02  2.304E-01  1.016E+05 -2.042E-09  6.500E-02  3.036E+02  3.065E+02
  7.087E-02  2.367E-01  1.016E+05 -1.369E-09  6.500E-02  3.009E+02  3.032E+02
  7.087E-02  2.430E-01  1.016E+05 -6.782E-10  6.500E-02  2.989E+02  3.006E+02
  7.087E-02  2.493E-01  1.016E+05 -2.476E-11  6.500E-02  2.974E+02  2.987E+02
  7.087E-02  2.557E-01  1.016E+05  5.321E-10  6.499E-02  2.963E+02  2.973E+02
  7.087E-02  2.620E-01  1.016E+05  1.010E-09  6.499E-02  2.954E+02  2.962E+02
  7.087E-02  2.683E-01  1.016E+05  1.414E-09  6.499E-02  2.948E+02  2.954E+02
  7.087E-02  2.746E-01  1.016E+05  1.723E-09  6.500E-02  2.944E+02  2.948E+02
  7.087E-02  2.809E-01  1.016E+05  1.961E-09  6.500E-02  2.940E+02  2.943E+02
  7.087E-02  2.872E-01  1.016E+05  2.132E-09  6.499E-02  2.938E+02  2.940E+02
  7.087E-02  2.935E-01  1.016E+05  2.240E-09  6.499E-02  2.936E+02  2.938E+02
  7.087E-02  2.998E-01  1.016E+05  2.281E-09  6.500E-02  2.935E+02  2.936E+02
  7.087E-02  3.062E-01  1.016E+05  2.281E-09  6.500E-02  2.934E+02  2.935E+02
  7.087E-02  3.125E-01  1.015E+05  2.247E-09  6.499E-02  2.933E+02  2.934E+02
  7.087E-02  3.188E-01  1.015E+05  2.172E-09  6.499E-02  2.933E+02  2.933E+02
  7.087E-02  3.251E-01  1.015E+05  2.074E-09  6.500E-02  2.932E+02  2.932E+02
  7.087E-02  3.314E-01  1.015E+05  1.949E-09  6.500E-02  2.932E+02  2.932E+02
  7.087E-02  3.377E-01  1.015E+05  1.804E-09  6.499E-02  2.932E+02  2.932E+02
  7.087E-02  3.440E-01  1.015E+05  1.641E-09  6.499E-02  2.931E+02  2.931E+02
  7.087E-02  3.503E-01  1.015E+05  1.422E-09  6.500E-02  2.931E+02  2.931E+02
  7.087E-02  3.567E-01  1.015E+05  1.219E-09  6.500E-02  2.931E+02  2.931E+02
  7.087E-02  3.630E-01  1.015E+05  1.034E-09  6.499E-02  2.931E+02  2.931E+02
  7.087E-02  3.693E-01  1.015E+05  8.457E-10  6.499E-02  2.931E+02  2.931E+02
  7.087E-02  3.756E-01  1.015E+05  6.521E-10  6.500E-02  2.931E+02  2.931E+02
  7.087E-02  3.819E-01  1.015E+05  4.762E-10  6.500E-02  2.931E+02  2.931E+02
  7.087E-02  3.882E-01  1.015E+05  3.226E-10  6.499E-02  2.931E+02  2.931E+02
  7.087E-02  3.945E-01  1.015E+05  1.880E-10  6.499E-02  2.930E+02  2.931E+02
  7.087E-02  4.008E-01  1.014E+05  6.216E-11  6.500E-02  2.930E+02  2.930E+02
  7.087E-02  4.072E-01  1.014E+05 -3.577E-11  6.500E-02  2.930E+02  2.930E+02
  7.087E-02  4.135E-01  1.014E+05 -1.071E-10  6.499E-02  2.930E+02  2.930E+02
  7.087E-02  4.198E-01  1.014E+05 -1.602E-10  6.499E-02  2.930E+02  2.930E+02
  7.087E-02  4.261E-01  1.014E+05 -2.084E-10  6.500E-02  2.930E+02  2.930E+02
  7.087E-02  4.324E-01  1.014E+05 -2.368E-10  6.500E-02  2.930E+02  2.930E+02
  7.087E-02  4.387E-01  1.014E+05 -2.468E-10  6.499E-02  2.930E+02  2.930E+02
  7.087E-02  4.450E-01  1.014E+05 -2.482E-10  6.499E-02  2.930E+02  2.930E+02
  7.087E-02  4.513E-01  1.014E+05 -2.553E-10  6.500E-02  2.930E+02  2.930E+02
  7.087E-02  4.577E-01  1.014E+05 -2.515E-10  6.500E-02  2.930E+02  2.930E+02
  7.087E-02  4.640E-01  1.014E+05 -2.369E-10  6.499E-02  2.930E+02  2.930E+02
  7.087E-02  4.703E-01  1.014E+05 -2.186E-10  6.499E-02  2.930E+02  2.930E+02
  7.087E-02  4.766E-01  1.014E+05 -2.074E-10  6.500E-02  2.930E+02  2.930E+02
  7.087E-02  4.829E-01  1.014E+05 -1.834E-10  6.500E-02  2.930E+02  2.930E+02
  7.087E-02  4.892E-01  1.013E+05 -1.547E-10  6.499E-02  2.930E+02  2.930E+02
  7.087E-02  4.955E-01  1.013E+05 -1.310E-10  6.499E-02  2.930E+02  2.930E+02
  7.087E-02  5.018E-01  1.013E+05 -1.125E-10  6.500E-02  2.930E+02  2.930E+02
  7.087E-02  5.050E-01  1.013E+05 -1.125E-10  6.500E-02  2.930E+02  2.930E+02
  9.922E-02  0.000E+00  1.019E+05  2.019E-08  6.500E-02  2.930E+02  2.931E+02
  9.922E-02  3.156E-03  1.019E+05  2.019E-08  6.497E-02  2.931E+02  2.931E+02
  9.922E-02  9.469E-03  1.019E+05  1.984E-08  6.498E-02  2.932E+02  2.931E+02
  9.922E-02  1.578E-02  1.019E+05  1.937E-08  6.500E-02  2.934E+02  2.933E+02
  9.922E-02  2.209E-02  1.019E+05  1.875E-08  6.500E-02  2.936E+02  2.935E+02
  9.922E-02  2.841E-02  1.019E+05  1.801E-08  6.499E-02  2.940E+02  2.938E+02
  9.922E-02  3.472E-02  1.019E+05  1.715E-08  6.499E-02  2.947E+02  2.943E+02
  9.922E-02  4.103E-02  1.019E+05  1.613E-08  6.499E-02  2.957E+02  2.952E+02
  9.922E-02  4.734E-02  1.019E+05  1.488E-08  6.499E-02  2.973E+02  2.964E+02
  9.922E-02  5.366E-02  1.018E+05  1.341E-08  6.498E-02  2.997E+02  2.984E+02
  9.922E-02  5.997E-02  1.018E+05  1.171E-08  6.498E-02  3.034E+02  3.014E+02
  9.922E-02  6.628E-02  1.018E+05  9.787E-09  6.498E-02  3.089E+02  3.059E+02
  9.922E-02  7.259E-02  1.018E+05  7.805E-09  6.497E-02  3.170E+02  3.126E+02
  9.922E-02  7.891E-02  1.018E+05  5.901E-09  6.496E-02  3.289E+02  3.224E+02
  9.922E-02  8.522E-02  1.018E+05  4.202E-09  6.496E-02  3.465E+02  3.370E+02
  9.922E-02  9.153E-02  1.018E+05  2.773E-09  6.494E-02  3.730E+02  3.586E+02
  9.922E-02  9.784E-02  1.018E+05  1.568E-09  6.489E-02  4.122E+02  3.908E+02
  9.922E-02  1.042E-01  1.018E+05  4.661E-10  6.489E-02  4.623E+02  4.332E+02
  9.922E-02  1.105E-01  1.018E+05 -7.461E-10  6.490E-02  4.894E+02  4.665E+02
  9.922E-02  1.168E-01  1.018E+05 -2.203E-09  6.493E-02  5.045E+02  4.890E+02
  9.922E-02  1.231E-01  1.018E+05 -3.993E-09  6.497E-02  5.102E+02  5.015E+02
  9.922E-02  1.294E-01  1.018E+05 -6.038E-09  6.499E-02  5.080E+02  5.052E+02
  9.922E-02  1.357E-01  1.018E+05 -8.154E-09  6.500E-02  4.991E+02  5.014E+02
  9.922E-02  1.420E-01  1.017E+05 -1.007E-08  6.502E-02  4.850E+02  4.915E+02
  9.922E-02  1.483E-01  1.017E+05 -1.145E-08  6.504E-02  4.673E+02  4.770E+02
  9.922E-02  1.547E-01  1.017E+05 -1.213E-08  6.504E-02  4.476E+02  4.595E+02
  9.922E-02  1.610E-01  1.017E+05 -1.205E-08  6.504E-02  4.272E+02  4.403E+02
  9.922E-02  1.673E-01  1.017E+05 -1.122E-08  6.505E-02  4.073E+02  4.206E+02
  9.922E-02  1.736E-01  1.017E+05 -9.739E-09  6.505E-02  3.886E+02  4.015E+02
  9.922E-02  1.799E-01  1.017E+05 -7.790E-09  6.504E-02  3.716E+02  3.837E+02
  9.922E-02  1.862E-01  1.017E+05 -5.555E-09  6.504E-02  3.567E+02  3.677E+02
  9.922E-02  1.925E-01  1.017E+05 -3.191E-09  6.503E-02  3.439E+02  3.535E+02
  9.922E-02  1.988E-01  1.017E+05 -8.020E-10  6.503E-02  3.332E+02  3.414E+02
  9.922E-02  2.052E-01  1.017E+05  1.515E-09  6.501E-02  3.243E+02  3.313E+02
  9.922E-02  2.115E-01  1.017E+05  3.620E-09  6.501E-02  3.172E+02  3.229E+02
  9.922E-02  2.178E-01  1.017E+05  5.460E-09  6.501E-02  3.115E+02  3.161E+02
  9.922E-02  2.241E-01  1.017E+05  7.040E-09  6.501E-02  3.070E+02  3.107E+02
  9.922E-02  2.304E-01  1.016E+05  8.306E-09  6.500E-02  3.036E+02  3.065E+02
  9.922E-02  2.367E-01  1.016E+05  9.248E-09  6.500E-02  3.009E+02  3.032E+02
  9.922E-02  2.430E-01  1.016E+05  9.884E-09  6.500E-02  2.989E+02  3.006E+02
  9.922E-02  2.493E-01  1.016E+05  1.021E-08  6.500E-02  2.974E+02  2.987E+02
  9.922E-02  2.557E-01  1.016E+05  1.029E-08  6.499E-02  2.963E+02  2.973E+02
  9.922E-02  2.620E-01  1.016E+05  1.023E-08  6.499E-02  2.954E+02  2.962E+02
  9.922E-02  2.683E-01  1.016E+05  1.002E-08  6.499E-02  2.948E+02  2.954E+02
  9.922E-02  2.746E-01  1.016E+05  9.587E-09  6.500E-02  2.944E+02  2.948E+02
  9.922E-02  2.809E-01  1.016E+05  9.041E-09  6.500E-02  2.940E+02  2.943E+02
  9.922E-02  2.872E-01  1.016E+05  8.450E-09  6.499E-02  2.938E+02  2.940E+02
  9.922E-02  2.935E-01  1.016E+05  7.799E-09  6.499E-02  2.936E+02  2.938E+02
  9.922E-02  2.998E-01  1.016E+05  7.093E-09  6.500E-02  2.935E+02  2.936E+02
  9.922E-02  3.062E-01  1.016E+05  6.399E-09  6.500E-02  2.934E+02  2.935E+02
  9.922E-02  3.125E-01  1.015E+05  5.738E-09  6.499E-02  2.933E+02  2.934E+02
  9.922E-02  3.188E-01  1.015E+05  5.089E-09  6.499E-02  2.933E+02  2.933E+02
  9.922E-02  3.251E-01  1.015E+05  4.475E-09  6.500E-02  2.932E+02  2.932E+02
  9.922E-02  3.314E-01  1.015E+05  3.912E-09  6.500E-02  2.932E+02  2.932E+02
  9.922E-02  3.377E-01  1.015E+05  3.405E-09  6.499E-02  2.931E+02  2.932E+02
  9.922E-02  3.440E-01  1.015E+05  2.948E-09  6.499E-02  2.931E+02  2.931E+02
  9.922E-02  3.503E-01  1.015E+05  2.510E-09  6.500E-02  2.931E+02  2.931E+02
  9.922E-02  3.567E-01  1.015E+05  2.113E-09  6.500E-02  2.931E+02  2.931E+02
  9.922E-02  3.630E-01  1.015E+05  1.757E-09  6.499E-02  2.931E+02  2.931E+02
  9.922E-02  3.693E-01  1.015E+05  1.433E-09  6.499E-02  2.931E+02  2.931E+02
  9.922E-02  3.756E-01  1.015E+05  1.129E-09  6.500E-02  2.931E+02  2.931E+02
  9.922E-02  3.819E-01  1.015E+05  8.633E-10  6.500E-02  2.931E+02  2.931E+02
  9.922E-02  3.882E-01  1.015E+05  6.285E-10  6.499E-02  2.931E+02  2.931E+02
  9.922E-02  3.945E-01  1.015E+05  4.422E-10  6.499E-02  2.930E+02  2.931E+02
  9.922E-02  4.008E-01  1.014E+05  2.664E-10  6.500E-02  2.930E+02  2.930E+02
  9.922E-02  4.072E-01  1.014E+05  1.169E-10  6.500E-02  2.930E+02  2.930E+02
  9.922E-02  4.135E-01  1.014E+05  1.819E-11  6.499E-02  2.930E+02  2.930E+02
  9.922E-02  4.198E-01  1.014E+05 -6.518E-11  6.499E-02  2.930E+02  2.930E+02
  9.922E-02  4.261E-01  1.014E+05 -1.407E-10  6.500E-02  2.930E+02  2.930E+02
  9.922E-02  4.324E-01  1.014E+05 -1.929E-10  6.500E-02  2.930E+02  2.930E+02
  9.922E-02  4.387E-01  1.014E+05 -2.229E-10  6.499E-02  2.930E+02  2.930E+02
  9.922E-02  4.450E-01  1.014E+05 -2.405E-10  6.499E-02  2.930E+02  2.930E+02
  9.922E-02  4.513E-01  1.014E+05 -2.585E-10  6.500E-02  2.930E+02  2.930E+02
  9.922E-02  4.577E-01  1.014E+05 -2.612E-10  6.500E-02  2.930E+02  2.930E+02
  9.922E-02  4.640E-01  1.014E+05 -2.495E-10  6.499E-02  2.930E+02  2.930E+02
  9.922E-02  4.703E-01  1.014E+05 -2.324E-10  6.499E-02  2.930E+02  2.930E+02
  9.922E-02  4.766E-01  1.014E+05 -2.198E-10  6.500E-02  2.930E+02  2.930E+02
  9.922E-02  4.829E-01  1.014E+05 -1.929E-10  6.500E-02  2.930E+02  2.930E+02
  9.922E-02  4.892E-01  1.013E+05 -1.612E-10  6.499E-02  2.930E+02  2.930E+02
  9.922E-02  4.955E-01  1.013E+05 -1.342E-10  6.499E-02  2.930E+02  2.930E+02
  9.922E-02  5.018E-01  1.013E+05 -1.141E-10  6.500E-02  2.930E+02  2.930E+02
  9.922E-02  5.050E-01  1.013E+05 -1.141E-10  6.500E-02  2.930E+02  2.930E+02
  1.276E-01  0.000E+00  1.019E+05  3.738E-10  6.500E-02  2.930E+02  2.931E+02
  1.276E-01  3.156E-03  1.019E+05  3.738E-10  6.497E-02  2.931E+02  2.931E+02
  1.276E-01  9.469E-03  1.019E+05  4.312E-10  6.498E-02  2.932E+02  2.931E+02
  1.276E-01  1.578E-02  1.019E+05  5.441E-10  6.500E-02  2.934E+02  2.933E+02
  1.276E-01  2.209E-02  1.019E+05  6.997E-10  6.500E-02  2.936E+02  2.935E+02
  1.276E-01  2.841E-02  1.019E+05  8.924E-10  6.499E-02  2.940E+02  2.938E+02
  1.276E-01  3.472E-02  1.019E+05  1.156E-09  6.499E-02  2.947E+02  2.943E+02
  1.276E-01  4.103E-02  1.019E+05  1.450E-09  6.499E-02  2.957E+02  2.952E+02
  1.276E-01  4.734E-02  1.019E+05  1.684E-09  6.499E-02  2.973E+02  2.964E+02
  1.276E-01  5.366E-02  1.018E+05  1.814E-09  6.498E-02  2.997E+02  2.984E+02
  1.276E-01  5.997E-02  1.018E+05  1.728E-09  6.498E-02  3.034E+02  3.014E+02
  1.276E-01  6.628E-02  1.018E+05  1.324E-09  6.498E-02  3.089E+02  3.059E+02
  1.276E-01  7.259E-02  1.018E+05  5.817E-10  6.497E-02  3.170E+02  3.126E+02
  1.276E-01  7.891E-02  1.018E+05 -4.808E-10  6.496E-02  3.290E+02  3.225E+02
  1.276E-01  8.522E-02  1.018E+05 -1.793E-09  6.496E-02  3.466E+02  3.370E+02
  1.276E-01  9.153E-02  1.018E+05 -3.219E-09  6.494E-02  3.730E+02  3.586E+02
  1.276E-01  9.784E-02  1.018E+05 -4.606E-09  6.489E-02  4.122E+02  3.908E+02
  1.276E-01  1.042E-01  1.018E+05 -5.785E-09  6.489E-02  4.623E+02  4.333E+02
  1.276E-01  1.105E-01  1.018E+05 -6.709E-09  6.490E-02  4.894E+02  4.666E+02
  1.276E-01  1.168E-01  1.018E+05 -7.331E-09  6.493E-02  5.045E+02  4.890E+02
  1.276E-01  1.231E-01  1.018E+05 -7.588E-09  6.497E-02  5.102E+02  5.015E+02
  1.276E-01  1.294E-01  1.018E+05 -7.476E-09  6.499E-02  5.080E+02  5.052E+02
  1.276E-01  1.357E-01  1.018E+05 -7.030E-09  6.500E-02  4.991E+02  5.015E+02
  1.276E-01  1.420E-01  1.017E+05 -6.306E-09  6.502E-02  4.850E+02  4.916E+02
  1.276E-01  1.483E-01  1.017E+05 -5.306E-09  6.504E-02  4.673E+02  4.771E+02
  1.276E-01  1.547E-01  1.017E+05 -4.104E-09  6.504E-02  4.476E+02  4.595E+02
  1.276E-01  1.610E-01  1.017E+05 -2.782E-09  6.504E-02  4.272E+02  4.403E+02
  1.276E-01  1.673E-01  1.017E+05 -1.371E-09  6.505E-02  4.073E+02  4.206E+02
  1.276E-01  1.736E-01  1.017E+05  8.383E-11  6.505E-02  3.886E+02  4.015E+02
  1.276E-01  1.799E-01  1.017E+05  1.559E-09  6.504E-02  3.716E+02  3.837E+02
  1.276E-01  1.862E-01  1.017E+05  3.046E-09  6.504E-02  3.567E+02  3.677E+02
  1.276E-01  1.925E-01  1.017E+05  4.448E-09  6.503E-02  3.439E+02  3.535E+02
  1.276E-01  1.988E-01  1.017E+05  5.759E-09  6.503E-02  3.331E+02  3.414E+02
  1.276E-01  2.052E-01  1.017E+05  6.943E-09  6.501E-02  3.243E+02  3.312E+02
  1.276E-01  2.115E-01  1.017E+05  7.919E-09  6.501E-02  3.172E+02  3.229E+02
  1.276E-01  2.178E-01  1.017E+05  8.711E-09  6.501E-02  3.115E+02  3.161E+02
  1.276E-01  2.241E-01  1.017E+05  9.314E-09  6.501E-02  3.070E+02  3.107E+02
  1.276E-01  2.304E-01  1.016E+05  9.681E-09  6.500E-02  3.035E+02  3.065E+02
  1.276E-01  2.367E-01  1.016E+05  9.849E-09  6.500E-02  3.009E+02  3.032E+02
  1.276E-01  2.430E-01  1.016E+05  9.792E-09  6.500E-02  2.989E+02  3.006E+02
  1.276E-01  2.493E-01  1.016E+05  9.527E-09  6.500E-02  2.974E+02  2.987E+02
  1.276E-01  2.557E-01  1.016E+05  9.162E-09  6.499E-02  2.963E+02  2.972E+02
  1.276E-01  2.620E-01  1.016E+05  8.742E-09  6.499E-02  2.954E+02  2.962E+02
  1.276E-01  2.683E-01  1.016E+05  8.258E-09  6.499E-02  2.948E+02  2.954E+02
  1.276E-01  2.746E-01  1.016E+05  7.667E-09  6.500E-02  2.944E+02  2.948E+02
  1.276E-01  2.809E-01  1.016E+05  7.001E-09  6.500E-02  2.940E+02  2.943E+02
  1.276E-01  2.872E-01  1.016E+05  6.321E-09  6.499E-02  2.938E+02  2.940E+02
  1.276E-01  2.935E-01  1.016E+05  5.630E-09  6.499E-02  2.936E+02  2.938E+02
  1.276E-01  2.998E-01  1.016E+05  4.945E-09  6.500E-02  2.935E+02  2.936E+02
  1.276E-01  3.062E-01  1.016E+05  4.277E-09  6.500E-02  2.934E+02  2.935E+02
  1.276E-01  3.125E-01  1.015E+05  3.638E-09  6.499E-02  2.933E+02  2.934E+02
  1.276E-01  3.188E-01  1.015E+05  3.055E-09  6.499E-02  2.932E+02  2.933E+02
  1.276E-01  3.251E-01  1.015E+05  2.496E-09  6.500E-02  2.932E+02  2.932E+02
  1.276E-01  3.314E-01  1.015E+05  1.987E-09  6.500E-02  2.932E+02  2.932E+02
  1.276E-01  3.377E-01  1.015E+05  1.525E-09  6.499E-02  2.931E+02  2.932E+02
  1.276E-01  3.440E-01  1.015E+05  1.126E-09  6.499E-02  2.931E+02  2.931E+02
  1.276E-01  3.503E-01  1.015E+05  7.776E-10  6.500E-02  2.931E+02  2.931E+02
  1.276E-01  3.567E-01  1.015E+05  4.790E-10  6.500E-02  2.931E+02  2.931E+02
  1.276E-01  3.630E-01  1.015E+05  2.071E-10  6.499E-02  2.931E+02  2.931E+02
  1.276E-01  3.693E-01  1.015E+05 -2.776E-11  6.499E-02  2.931E+02  2.931E+02
  1.276E-01  3.756E-01  1.015E+05 -2.169E-10  6.500E-02  2.931E+02  2.931E+02
  1.276E-01  3.819E-01  1.015E+05 -3.713E-10  6.500E-02  2.931E+02  2.931E+02
  1.276E-01  3.882E-01  1.015E+05 -4.835E-10  6.499E-02  2.931E+02  2.931E+02
  1.276E-01  3.945E-01  1.015E+05 -5.903E-10  6.499E-02  2.930E+02  2.931E+02
  1.276E-01  4.008E-01  1.014E+05 -6.784E-10  6.500E-02  2.930E+02  2.930E+02
  1.276E-01  4.072E-01  1.014E+05 -7.370E-10  6.500E-02  2.930E+02  2.930E+02
  1.276E-01  4.135E-01  1.014E+05 -7.662E-10  6.499E-02  2.930E+02  2.930E+02
  1.276E-01  4.198E-01  1.014E+05 -7.760E-10  6.499E-02  2.930E+02  2.930E+02
  1.276E-01  4.261E-01  1.014E+05 -7.785E-10  6.500E-02  2.930E+02  2.930E+02
  1.276E-01  4.324E-01  1.014E+05 -7.530E-10  6.500E-02  2.930E+02  2.930E+02
  1.276E-01  4.387E-01  1.014E+05 -7.276E-10  6.499E-02  2.930E+02  2.930E+02
  1.276E-01  4.450E-01  1.014E+05 -6.853E-10  6.499E-02  2.930E+02  2.930E+02
  1.276E-01  4.513E-01  1.014E+05 -6.484E-10  6.500E-02  2.930E+02  2.930E+02
  1.276E-01  4.577E-01  1.014E+05 -5.755E-10  6.500E-02  2.930E+02  2.930E+02
  1.276E-01  4.640E-01  1.014E+05 -4.916E-10  6.499E-02  2.930E+02  2.930E+02
  1.276E-01  4.703E-01  1.014E+05 -4.282E-10  6.499E-02  2.930E+02  2.930E+02
  1.276E-01  4.766E-01  1.014E+05 -3.686E-10  6.500E-02  2.930E+02  2.930E+02
  1.276E-01  4.829E-01  1.014E+05 -2.984E-10  6.500E-02  2.930E+02  2.930E+02
  1.276E-01  4.892E-01  1.013E+05 -2.271E-10  6.499E-02  2.930E+02  2.930E+02
  1.276E-01  4.955E-01  1.013E+05 -1.590E-10  6.499E-02  2.930E+02  2.930E+02
  1.276E-01  5.018E-01  1.013E+05 -1.179E-10  6.500E-02  2.930E+02  2.930E+02
  1.276E-01  5.050E-01  1.013E+05 -1.179E-10  6.500E-02  2.930E+02  2.930E+02
  1.559E-01  0.000E+00  1.019E+05 -1.942E-08  6.500E-02  2.930E+02  2.931E+02
  1.559E-01  3.156E-03  1.019E+05 -1.942E-08  6.497E-02  2.931E+02  2.931E+02
  1.559E-01  9.469E-03  1.019E+05 -1.921E-08  6.498E-02  2.932E+02  2.931E+02
  1.559E-01  1.578E-02  1.019E+05 -1.897E-08  6.500E-02  2.934E+02  2.933E+02
  1.559E-01  2.209E-02  1.019E+05 -1.861E-08  6.500E-02  2.936E+02  2.935E+02
  1.559E-01  2.841E-02  1.019E+05 -1.815E-08  6.499E-02  2.940E+02  2.938E+02
  1.559E-01  3.472E-02  1.019E+05 -1.757E-08  6.499E-02  2.947E+02  2.943E+02
  1.559E-01  4.103E-02  1.019E+05 -1.684E-08  6.499E-02  2.957E+02  2.952E+02
  1.559E-01  4.734E-02  1.019E+05 -1.591E-08  6.499E-02  2.973E+02  2.964E+02
  1.559E-01  5.366E-02  1.018E+05 -1.476E-08  6.498E-02  2.997E+02  2.984E+02
  1.559E-01  5.997E-02  1.018E+05 -1.343E-08  6.498E-02  3.034E+02  3.014E+02
  1.559E-01  6.628E-02  1.018E+05 -1.194E-08  6.498E-02  3.089E+02  3.059E+02
  1.559E-01  7.259E-02  1.018E+05 -1.033E-08  6.497E-02  3.170E+02  3.126E+02
  1.559E-01  7.891E-02  1.018E+05 -8.705E-09  6.496E-02  3.290E+02  3.225E+02
  1.559E-01  8.522E-02  1.018E+05 -7.188E-09  6.496E-02  3.466E+02  3.370E+02
  1.559E-01  9.153E-02  1.018E+05 -5.844E-09  6.494E-02  3.730E+02  3.586E+02
  1.559E-01  9.784E-02  1.018E+05 -4.677E-09  6.489E-02  4.122E+02  3.908E+02
  1.559E-01  1.042E-01  1.018E+05 -3.516E-09  6.489E-02  4.623E+02  4.333E+02
  1.559E-01  1.105E-01  1.018E+05 -2.202E-09  6.490E-02  4.894E+02  4.666E+02
  1.559E-01  1.168E-01  1.018E+05 -6.143E-10  6.493E-02  5.045E+02  4.890E+02
  1.559E-01  1.231E-01  1.018E+05  1.379E-09  6.497E-02  5.102E+02  5.015E+02
  1.559E-01  1.294E-01  1.018E+05  3.678E-09  6.499E-02  5.080E+02  5.052E+02
  1.559E-01  1.357E-01  1.018E+05  6.059E-09  6.500E-02  4.991E+02  5.015E+02
  1.559E-01  1.420E-01  1.017E+05  8.312E-09  6.502E-02  4.850E+02  4.915E+02
  1.559E-01  1.483E-01  1.017E+05  1.028E-08  6.504E-02  4.673E+02  4.770E+02
  1.559E-01  1.547E-01  1.017E+05  1.186E-08  6.504E-02  4.476E+02  4.595E+02
  1.559E-01  1.610E-01  1.017E+05  1.303E-08  6.504E-02  4.272E+02  4.402E+02
  1.559E-01  1.673E-01  1.017E+05  1.380E-08  6.505E-02  4.073E+02  4.206E+02
  1.559E-01  1.736E-01  1.017E+05  1.419E-08  6.505E-02  3.886E+02  4.015E+02
  1.559E-01  1.799E-01  1.017E+05  1.429E-08  6.504E-02  3.716E+02  3.837E+02
  1.559E-01  1.862E-01  1.017E+05  1.414E-08  6.504E-02  3.567E+02  3.677E+02
  1.559E-01  1.925E-01  1.017E+05  1.375E-08  6.503E-02  3.439E+02  3.535E+02
  1.559E-01  1.988E-01  1.017E+05  1.316E-08  6.503E-02  3.332E+02  3.414E+02
  1.559E-01  2.052E-01  1.017E+05  1.235E-08  6.501E-02  3.243E+02  3.313E+02
  1.559E-01  2.115E-01  1.017E+05  1.137E-08  6.501E-02  3.172E+02  3.229E+02
  1.559E-01  2.178E-01  1.017E+05  1.027E-08  6.501E-02  3.115E+02  3.161E+02
  1.559E-01  2.241E-01  1.017E+05  9.065E-09  6.501E-02  3.070E+02  3.107E+02
  1.559E-01  2.304E-01  1.016E+05  7.811E-09  6.500E-02  3.036E+02  3.065E+02
  1.559E-01  2.367E-01  1.016E+05  6.560E-09  6.500E-02  3.009E+02  3.032E+02
  1.559E-01  2.430E-01  1.016E+05  5.306E-09  6.500E-02  2.989E+02  3.006E+02
  1.559E-01  2.493E-01  1.016E+05  4.114E-09  6.500E-02  2.974E+02  2.987E+02
  1.559E-01  2.557E-01  1.016E+05  3.019E-09  6.499E-02  2.963E+02  2.973E+02
  1.559E-01  2.620E-01  1.016E+05  1.994E-09  6.499E-02  2.954E+02  2.962E+02
  1.559E-01  2.683E-01  1.016E+05  1.075E-09  6.499E-02  2.948E+02  2.954E+02
  1.559E-01  2.746E-01  1.016E+05  3.022E-10  6.500E-02  2.944E+02  2.948E+02
  1.559E-01  2.809E-01  1.016E+05 -3.620E-10  6.500E-02  2.940E+02  2.943E+02
  1.559E-01  2.872E-01  1.016E+05 -9.198E-10  6.499E-02  2.938E+02  2.940E+02
  1.559E-01  2.935E-01  1.016E+05 -1.371E-09  6.499E-02  2.936E+02  2.938E+02
  1.559E-01  2.998E-01  1.016E+05 -1.741E-09  6.500E-02  2.935E+02  2.936E+02
  1.559E-01  3.062E-01  1.016E+05 -2.028E-09  6.500E-02  2.934E+02  2.935E+02
  1.559E-01  3.125E-01  1.015E+05 -2.248E-09  6.499E-02  2.933E+02  2.934E+02
  1.559E-01  3.188E-01  1.015E+05 -2.393E-09  6.499E-02  2.933E+02  2.933E+02
  1.559E-01  3.251E-01  1.015E+05 -2.510E-09  6.500E-02  2.932E+02  2.932E+02
  1.559E-01  3.314E-01  1.015E+05 -2.587E-09  6.500E-02  2.932E+02  2.932E+02
  1.559E-01  3.377E-01  1.015E+05 -2.629E-09  6.499E-02  2.932E+02  2.932E+02
  1.559E-01  3.440E-01  1.015E+05 -2.654E-09  6.499E-02  2.931E+02  2.931E+02
  1.559E-01  3.503E-01  1.015E+05 -2.653E-09  6.500E-02  2.931E+02  2.931E+02
  1.559E-01  3.567E-01  1.015E+05 -2.638E-09  6.500E-02  2.931E+02  2.931E+02
  1.559E-01  3.630E-01  1.015E+05 -2.611E-09  6.499E-02  2.931E+02  2.931E+02
  1.559E-01  3.693E-01  1.015E+05 -2.562E-09  6.499E-02  2.931E+02  2.931E+02
  1.559E-01  3.756E-01  1.015E+05 -2.508E-09  6.500E-02  2.931E+02  2.931E+02
  1.559E-01  3.819E-01  1.015E+05 -2.432E-09  6.500E-02  2.931E+02  2.931E+02
  1.559E-01  3.882E-01  1.015E+05 -2.330E-09  6.499E-02  2.931E+02  2.931E+02
  1.559E-01  3.945E-01  1.015E+05 -2.232E-09  6.499E-02  2.930E+02  2.931E+02
  1.559E-01  4.008E-01  1.014E+05 -2.150E-09  6.500E-02  2.930E+02  2.930E+02
  1.559E-01  4.072E-01  1.014E+05 -2.044E-09  6.500E-02  2.930E+02  2.930E+02
  1.559E-01  4.135E-01  1.014E+05 -1.913E-09  6.499E-02  2.930E+02  2.930E+02
  1.559E-01  4.198E-01  1.014E+05 -1.793E-09  6.499E-02  2.930E+02  2.930E+02
  1.559E-01  4.261E-01  1.014E+05 -1.669E-09  6.500E-02  2.930E+02  2.930E+02
  1.559E-01  4.324E-01  1.014E+05 -1.526E-09  6.500E-02  2.930E+02  2.930E+02
  1.559E-01  4.387E-01  1.014E+05 -1.392E-09  6.499E-02  2.930E+02  2.930E+02
  1.559E-01  4.450E-01  1.014E+05 -1.253E-09  6.499E-02  2.930E+02  2.930E+02
  1.559E-01  4.513E-01  1.014E+05 -1.107E-09  6.500E-02  2.930E+02  2.930E+02
  1.559E-01  4.577E-01  1.014E+05 -9.339E-10  6.500E-02  2.930E+02  2.930E+02
  1.559E-01  4.640E-01  1.014E+05 -7.808E-10  6.499E-02  2.930E+02  2.930E+02
  1.559E-01  4.703E-01  1.014E+05 -6.534E-10  6.499E-02  2.930E+02  2.930E+02
  1.559E-01  4.766E-01  1.014E+05 -5.390E-10  6.500E-02  2.930E+02  2.930E+02
  1.559E-01  4.829E-01  1.014E+05 -4.218E-10  6.500E-02  2.930E+02  2.930E+02
  1.559E-01  4.892E-01  1.013E+05 -3.116E-10  6.499E-02  2.930E+02  2.930E+02
  1.559E-01  4.955E-01  1.013E+05 -2.097E-10  6.499E-02  2.930E+02  2.930E+02
  1.559E-01  5.018E-01  1.013E+05 -1.505E-10  6.500E-02  2.930E+02  2.930E+02
  1.559E-01  5.050E-01  1.013E+05 -1.505E-10  6.500E-02  2.930E+02  2.930E+02
  1.843E-01  0.000E+00  1.019E+05 -3.564E-08  6.500E-02  2.930E+02  2.931E+02
  1.843E-01  3.156E-03  1.019E+05 -3.564E-08  6.497E-02  2.931E+02  2.931E+02
  1.843E-01  9.469E-03  1.019E+05 -3.506E-08  6.498E-02  2.932E+02  2.931E+02
  1.843E-01  1.578E-02  1.019E+05 -3.421E-08  6.500E-02  2.934E+02  2.933E+02
  1.843E-01  2.209E-02  1.019E+05 -3.305E-08  6.500E-02  2.936E+02  2.935E+02
  1.843E-01  2.841E-02  1.019E+05 -3.162E-08  6.499E-02  2.940E+02  2.938E+02
  1.843E-01  3.472E-02  1.019E+05 -2.994E-08  6.499E-02  2.947E+02  2.943E+02
  1.843E-01  4.103E-02  1.019E+05 -2.798E-08  6.499E-02  2.957E+02  2.952E+02
  1.843E-01  4.734E-02  1.019E+05 -2.572E-08  6.499E-02  2.973E+02  2.964E+02
  1.843E-01  5.366E-02  1.018E+05 -2.313E-08  6.498E-02  2.997E+02  2.984E+02
  1.843E-01  5.997E-02  1.018E+05 -2.025E-08  6.498E-02  3.034E+02  3.014E+02
  1.843E-01  6.628E-02  1.018E+05 -1.711E-08  6.498E-02  3.089E+02  3.059E+02
  1.843E-01  7.259E-02  1.018E+05 -1.377E-08  6.497E-02  3.170E+02  3.126E+02
  1.843E-01  7.891E-02  1.018E+05 -1.044E-08  6.496E-02  3.290E+02  3.225E+02
  1.843E-01  8.522E-02  1.018E+05 -7.279E-09  6.496E-02  3.466E+02  3.370E+02
  1.843E-01  9.153E-02  1.018E+05 -4.460E-09  6.494E-02  3.730E+02  3.586E+02
  1.843E-01  9.784E-02  1.018E+05 -2.023E-09  6.489E-02  4.122E+02  3.908E+02
  1.843E-01  1.042E-01  1.018E+05  1.213E-10  6.489E-02  4.623E+02  4.333E+02
  1.843E-01  1.105E-01  1.018E+05  2.007E-09  6.490E-02  4.894E+02  4.666E+02
  1.843E-01  1.168E-01  1.018E+05  3.694E-09  6.493E-02  5.045E+02  4.890E+02
  1.843E-01  1.231E-01  1.018E+05  5.185E-09  6.497E-02  5.102E+02  5.015E+02
  1.843E-01  1.294E-01  1.018E+05  6.452E-09  6.499E-02  5.080E+02  5.052E+02
  1.843E-01  1.357E-01  1.018E+05  7.498E-09  6.500E-02  4.991E+02  5.015E+02
  1.843E-01  1.420E-01  1.017E+05  8.367E-09  6.502E-02  4.850E+02  4.916E+02
  1.843E-01  1.483E-01  1.017E+05  9.135E-09  6.504E-02  4.673E+02  4.771E+02
  1.843E-01  1.547E-01  1.017E+05  9.898E-09  6.504E-02  4.476E+02  4.595E+02
  1.843E-01  1.610E-01  1.017E+05  1.068E-08  6.504E-02  4.273E+02  4.403E+02
  1.843E-01  1.673E-01  1.017E+05  1.141E-08  6.505E-02  4.073E+02  4.206E+02
  1.843E-01  1.736E-01  1.017E+05  1.205E-08  6.505E-02  3.886E+02  4.016E+02
  1.843E-01  1.799E-01  1.017E+05  1.249E-08  6.504E-02  3.716E+02  3.837E+02
  1.843E-01  1.862E-01  1.017E+05  1.273E-08  6.504E-02  3.567E+02  3.677E+02
  1.843E-01  1.925E-01  1.017E+05  1.268E-08  6.503E-02  3.439E+02  3.535E+02
  1.843E-01  1.988E-01  1.017E+05  1.233E-08  6.503E-02  3.332E+02  3.414E+02
  1.843E-01  2.052E-01  1.017E+05  1.168E-08  6.501E-02  3.243E+02  3.313E+02
  1.843E-01  2.115E-01  1.017E+05  1.078E-08  6.501E-02  3.172E+02  3.229E+02
  1.843E-01  2.178E-01  1.017E+05  9.653E-09  6.501E-02  3.115E+02  3.161E+02
  1.843E-01  2.241E-01  1.017E+05  8.344E-09  6.501E-02  3.070E+02  3.107E+02
  1.843E-01  2.304E-01  1.016E+05  6.950E-09  6.500E-02  3.036E+02  3.065E+02
  1.843E-01  2.367E-01  1.016E+05  5.514E-09  6.500E-02  3.009E+02  3.032E+02
  1.843E-01  2.430E-01  1.016E+05  4.069E-09  6.500E-02  2.989E+02  3.006E+02
  1.843E-01  2.493E-01  1.016E+05  2.649E-09  6.500E-02  2.974E+02  2.987E+02
  1.843E-01  2.557E-01  1.016E+05  1.338E-09  6.499E-02  2.963E+02  2.973E+02
  1.843E-01  2.620E-01  1.016E+05  2.123E-10  6.499E-02  2.954E+02  2.962E+02
  1.843E-01  2.683E-01  1.016E+05 -7.600E-10  6.499E-02  2.948E+02  2.954E+02
  1.843E-01  2.746E-01  1.016E+05 -1.620E-09  6.500E-02  2.944E+02  2.948E+02
  1.843E-01  2.809E-01  1.016E+05 -2.367E-09  6.500E-02  2.940E+02  2.943E+02
  1.843E-01  2.872E-01  1.016E+05 -2.977E-09  6.499E-02  2.938E+02  2.940E+02
  1.843E-01  2.935E-01  1.016E+05 -3.463E-09  6.499E-02  2.936E+02  2.938E+02
  1.843E-01  2.998E-01  1.016E+05 -3.893E-09  6.500E-02  2.935E+02  2.936E+02
  1.843E-01  3.062E-01  1.016E+05 -4.230E-09  6.500E-02  2.934E+02  2.935E+02
  1.843E-01  3.125E-01  1.015E+05 -4.467E-09  6.499E-02  2.933E+02  2.934E+02
  1.843E-01  3.188E-01  1.015E+05 -4.625E-09  6.499E-02  2.933E+02  2.933E+02
  1.843E-01  3.251E-01  1.015E+05 -4.720E-09  6.500E-02  2.932E+02  2.933E+02
  1.843E-01  3.314E-01  1.015E+05 -4.745E-09  6.500E-02  2.932E+02  2.932E+02
  1.843E-01  3.377E-01  1.015E+05 -4.701E-09  6.499E-02  2.932E+02  2.932E+02
  1.843E-01  3.440E-01  1.015E+05 -4.630E-09  6.499E-02  2.931E+02  2.932E+02
  1.843E-01  3.503E-01  1.015E+05 -4.526E-09  6.500E-02  2.931E+02  2.931E+02
  1.843E-01  3.567E-01  1.015E+05 -4.387E-09  6.500E-02  2.931E+02  2.931E+02
  1.843E-01  3.630E-01  1.015E+05 -4.200E-09  6.499E-02  2.931E+02  2.931E+02
  1.843E-01  3.693E-01  1.015E+05 -3.975E-09  6.499E-02  2.931E+02  2.931E+02
  1.843E-01  3.756E-01  1.015E+05 -3.777E-09  6.500E-02  2.931E+02  2.931E+02
  1.843E-01  3.819E-01  1.015E+05 -3.569E-09  6.500E-02  2.931E+02  2.931E+02
  1.843E-01  3.882E-01  1.015E+05 -3.336E-09  6.499E-02  2.931E+02  2.931E+02
  1.843E-01  3.945E-01  1.015E+05 -3.096E-09  6.499E-02  2.930E+02  2.931E+02
  1.843E-01  4.008E-01  1.014E+05 -2.863E-09  6.500E-02  2.930E+02  2.930E+02
  1.843E-01  4.072E-01  1.014E+05 -2.615E-09  6.500E-02  2.930E+02  2.930E+02
  1.843E-01  4.135E-01  1.014E+05 -2.381E-09  6.499E-02  2.930E+02  2.930E+02
  1.843E-01  4.198E-01  1.014E+05 -2.146E-09  6.499E-02  2.930E+02  2.930E+02
  1.843E-01  4.261E-01  1.014E+05 -1.922E-09  6.500E-02  2.930E+02  2.930E+02
  1.843E-01  4.324E-01  1.014E+05 -1.719E-09  6.500E-02  2.930E+02  2.930E+02
  1.843E-01  4.387E-01  1.014E+05 -1.512E-09  6.499E-02  2.930E+02  2.930E+02
  1.843E-01  4.450E-01  1.014E+05 -1.320E-09  6.499E-02  2.930E+02  2.930E+02
  1.843E-01  4.513E-01  1.014E+05 -1.128E-09  6.500E-02  2.930E+02  2.930E+02
  1.843E-01  4.577E-01  1.014E+05 -9.412E-10  6.500E-02  2.930E+02  2.930E+02
  1.843E-01  4.640E-01  1.014E+05 -7.847E-10  6.499E-02  2.930E+02  2.930E+02
  1.843E-01  4.703E-01  1.014E+05 -6.400E-10  6.499E-02  2.930E+02  2.930E+02
  1.843E-01  4.766E-01  1.014E+05 -5.189E-10  6.500E-02  2.930E+02  2.930E+02
  1.843E-01  4.829E-01  1.014E+05 -3.997E-10  6.500E-02  2.930E+02  2.930E+02
  1.843E-01  4.892E-01  1.013E+05 -2.913E-10  6.499E-02  2.930E+02  2.930E+02
  1.843E-01  4.955E-01  1.013E+05 -1.944E-10  6.499E-02  2.930E+02  2.930E+02
  1.843E-01  5.018E-01  1.013E+05 -1.384E-10  6.500E-02  2.930E+02  2.930E+02
  1.843E-01  5.050E-01  1.013E+05 -1.384E-10  6.500E-02  2.930E+02  2.930E+02
  2.126E-01  0.000E+00  1.019E+05 -5.051E-08  6.500E-02  2.930E+02  2.931E+02
  2.126E-01  3.156E-03  1.019E+05 -5.051E-08  6.497E-02  2.931E+02  2.931E+02
  2.126E-01  9.469E-03  1.019E+05 -4.899E-08  6.498E-02  2.932E+02  2.931E+02
  2.126E-01  1.578E-02  1.019E+05 -4.676E-08  6.500E-02  2.934E+02  2.933E+02
  2.126E-01  2.209E-02  1.019E+05 -4.402E-08  6.500E-02  2.936E+02  2.935E+02
  2.126E-01  2.841E-02  1.019E+05 -4.095E-08  6.499E-02  2.940E+02  2.938E+02
  2.126E-01  3.472E-02  1.019E+05 -3.767E-08  6.499E-02  2.947E+02  2.943E+02
  2.126E-01  4.103E-02  1.019E+05 -3.429E-08  6.499E-02  2.957E+02  2.952E+02
  2.126E-01  4.734E-02  1.019E+05 -3.085E-08  6.499E-02  2.973E+02  2.964E+02
  2.126E-01  5.366E-02  1.018E+05 -2.740E-08  6.498E-02  2.997E+02  2.984E+02
  2.126E-01  5.997E-02  1.018E+05 -2.402E-08  6.498E-02  3.034E+02  3.014E+02
  2.126E-01  6.628E-02  1.018E+05 -2.073E-08  6.498E-02  3.089E+02  3.059E+02
  2.126E-01  7.259E-02  1.018E+05 -1.754E-08  6.497E-02  3.170E+02  3.126E+02
  2.126E-01  7.891E-02  1.018E+05 -1.450E-08  6.496E-02  3.290E+02  3.225E+02
  2.126E-01  8.522E-02  1.018E+05 -1.164E-08  6.496E-02  3.466E+02  3.370E+02
  2.126E-01  9.153E-02  1.018E+05 -9.047E-09  6.494E-02  3.730E+02  3.586E+02
  2.126E-01  9.784E-02  1.018E+05 -6.756E-09  6.489E-02  4.122E+02  3.908E+02
  2.126E-01  1.042E-01  1.018E+05 -4.813E-09  6.489E-02  4.623E+02  4.333E+02
  2.126E-01  1.105E-01  1.018E+05 -3.334E-09  6.490E-02  4.895E+02  4.666E+02
  2.126E-01  1.168E-01  1.018E+05 -2.318E-09  6.493E-02  5.045E+02  4.890E+02
  2.126E-01  1.231E-01  1.018E+05 -1.700E-09  6.497E-02  5.103E+02  5.015E+02
  2.126E-01  1.294E-01  1.018E+05 -1.284E-09  6.499E-02  5.080E+02  5.053E+02
  2.126E-01  1.357E-01  1.018E+05 -8.507E-10  6.500E-02  4.991E+02  5.015E+02
  2.126E-01  1.420E-01  1.017E+05 -2.881E-10  6.502E-02  4.850E+02  4.916E+02
  2.126E-01  1.483E-01  1.017E+05  4.955E-10  6.504E-02  4.673E+02  4.771E+02
  2.126E-01  1.547E-01  1.017E+05  1.513E-09  6.504E-02  4.476E+02  4.595E+02
  2.126E-01  1.610E-01  1.017E+05  2.763E-09  6.504E-02  4.273E+02  4.403E+02
  2.126E-01  1.673E-01  1.017E+05  4.183E-09  6.505E-02  4.073E+02  4.206E+02
  2.126E-01  1.736E-01  1.017E+05  5.651E-09  6.505E-02  3.886E+02  4.016E+02
  2.126E-01  1.799E-01  1.017E+05  7.030E-09  6.504E-02  3.716E+02  3.838E+02
  2.126E-01  1.862E-01  1.017E+05  8.241E-09  6.504E-02  3.567E+02  3.677E+02
  2.126E-01  1.925E-01  1.017E+05  9.181E-09  6.503E-02  3.439E+02  3.535E+02
  2.126E-01  1.988E-01  1.017E+05  9.815E-09  6.503E-02  3.332E+02  3.414E+02
  2.126E-01  2.052E-01  1.017E+05  1.017E-08  6.501E-02  3.243E+02  3.313E+02
  2.126E-01  2.115E-01  1.017E+05  1.021E-08  6.501E-02  3.172E+02  3.229E+02
  2.126E-01  2.178E-01  1.017E+05  9.975E-09  6.501E-02  3.115E+02  3.161E+02
  2.126E-01  2.241E-01  1.017E+05  9.577E-09  6.501E-02  3.070E+02  3.107E+02
  2.126E-01  2.304E-01  1.016E+05  8.883E-09  6.500E-02  3.036E+02  3.065E+02
  2.126E-01  2.367E-01  1.016E+05  8.265E-09  6.500E-02  3.009E+02  3.032E+02
  2.126E-01  2.430E-01  1.016E+05  7.529E-09  6.500E-02  2.989E+02  3.007E+02
  2.126E-01  2.493E-01  1.016E+05  4.798E-09  6.500E-02  2.974E+02  2.987E+02
  2.126E-01  2.557E-01  1.016E+05  2.113E-09  6.499E-02  2.963E+02  2.973E+02
  2.126E-01  2.620E-01  1.016E+05  2.760E-09  6.499E-02  2.954E+02  2.962E+02
  2.126E-01  2.683E-01  1.016E+05  3.638E-09  6.499E-02  2.948E+02  2.954E+02
  2.126E-01  2.746E-01  1.016E+05  2.606E-09  6.500E-02  2.944E+02  2.948E+02
  2.126E-01  2.809E-01  1.016E+05  1.532E-09  6.500E-02  2.940E+02  2.943E+02
  2.126E-01  2.872E-01  1.016E+05  7.071E-10  6.499E-02  2.938E+02  2.940E+02
  2.126E-01  2.935E-01  1.016E+05 -1.562E-10  6.499E-02  2.936E+02  2.938E+02
  2.126E-01  2.998E-01  1.016E+05 -9.465E-10  6.500E-02  2.935E+02  2.936E+02
  2.126E-01  3.062E-01  1.016E+05 -1.651E-09  6.500E-02  2.934E+02  2.935E+02
  2.126E-01  3.125E-01  1.015E+05 -2.270E-09  6.499E-02  2.933E+02  2.934E+02
  2.126E-01  3.188E-01  1.015E+05 -2.829E-09  6.499E-02  2.933E+02  2.933E+02
  2.126E-01  3.251E-01  1.015E+05 -3.278E-09  6.500E-02  2.932E+02  2.933E+02
  2.126E-01  3.314E-01  1.015E+05 -3.624E-09  6.500E-02  2.932E+02  2.932E+02
  2.126E-01  3.377E-01  1.015E+05 -3.864E-09  6.499E-02  2.932E+02  2.932E+02
  2.126E-01  3.440E-01  1.015E+05 -3.984E-09  6.499E-02  2.931E+02  2.932E+02
  2.126E-01  3.503E-01  1.015E+05 -4.029E-09  6.500E-02  2.931E+02  2.931E+02
  2.126E-01  3.567E-01  1.015E+05 -3.991E-09  6.500E-02  2.931E+02  2.931E+02
  2.126E-01  3.630E-01  1.015E+05 -3.865E-09  6.499E-02  2.931E+02  2.931E+02
  2.126E-01  3.693E-01  1.015E+05 -3.670E-09  6.499E-02  2.931E+02  2.931E+02
  2.126E-01  3.756E-01  1.015E+05 -3.453E-09  6.500E-02  2.931E+02  2.931E+02
  2.126E-01  3.819E-01  1.015E+05 -3.212E-09  6.500E-02  2.931E+02  2.931E+02
  2.126E-01  3.882E-01  1.015E+05 -2.939E-09  6.499E-02  2.931E+02  2.931E+02
  2.126E-01  3.945E-01  1.015E+05 -2.657E-09  6.499E-02  2.930E+02  2.931E+02
  2.126E-01  4.008E-01  1.014E+05 -2.383E-09  6.500E-02  2.930E+02  2.930E+02
  2.126E-01  4.072E-01  1.014E+05 -2.110E-09  6.500E-02  2.930E+02  2.930E+02
  2.126E-01  4.135E-01  1.014E+05 -1.842E-09  6.499E-02  2.930E+02  2.930E+02
  2.126E-01  4.198E-01  1.014E+05 -1.592E-09  6.499E-02  2.930E+02  2.930E+02
  2.126E-01  4.261E-01  1.014E+05 -1.373E-09  6.500E-02  2.930E+02  2.930E+02
  2.126E-01  4.324E-01  1.014E+05 -1.169E-09  6.500E-02  2.930E+02  2.930E+02
  2.126E-01  4.387E-01  1.014E+05 -9.795E-10  6.499E-02  2.930E+02  2.930E+02
  2.126E-01  4.450E-01  1.014E+05 -8.124E-10  6.499E-02  2.930E+02  2.930E+02
  2.126E-01  4.513E-01  1.014E+05 -6.779E-10  6.500E-02  2.930E+02  2.930E+02
  2.126E-01  4.577E-01  1.014E+05 -5.578E-10  6.500E-02  2.930E+02  2.930E+02
  2.126E-01  4.640E-01  1.014E+05 -4.490E-10  6.499E-02  2.930E+02  2.930E+02
  2.126E-01  4.703E-01  1.014E+05 -3.559E-10  6.499E-02  2.930E+02  2.930E+02
  2.126E-01  4.766E-01  1.014E+05 -2.855E-10  6.500E-02  2.930E+02  2.930E+02
  2.126E-01  4.829E-01  1.014E+05 -2.154E-10  6.500E-02  2.930E+02  2.930E+02
  2.126E-01  4.892E-01  1.013E+05 -1.533E-10  6.499E-02  2.930E+02  2.930E+02
  2.126E-01  4.955E-01  1.013E+05 -1.031E-10  6.499E-02  2.930E+02  2.930E+02
  2.126E-01  5.018E-01  1.013E+05 -7.323E-11  6.500E-02  2.930E+02  2.930E+02
  2.126E-01  5.050E-01  1.013E+05 -7.323E-11  6.500E-02  2.930E+02  2.930E+02
  2.410E-01  0.000E+00  1.019E+05 -1.150E-07  6.500E-02  2.930E+02  2.931E+02
  2.410E-01  3.156E-03  1.019E+05 -1.150E-07  6.497E-02  2.931E+02  2.931E+02
  2.410E-01  9.469E-03  1.019E+05 -9.360E-08  6.498E-02  2.932E+02  2.931E+02
  2.410E-01  1.578E-02  1.019E+05 -7.934E-08  6.500E-02  2.934E+02  2.933E+02
  2.410E-01  2.209E-02  1.019E+05 -6.700E-08  6.500E-02  2.936E+02  2.935E+02
  2.410E-01  2.841E-02  1.019E+05 -5.672E-08  6.499E-02  2.940E+02  2.938E+02
  2.410E-01  3.472E-02  1.019E+05 -4.799E-08  6.499E-02  2.947E+02  2.943E+02
  2.410E-01  4.103E-02  1.019E+05 -4.048E-08  6.499E-02  2.957E+02  2.952E+02
  2.410E-01  4.734E-02  1.019E+05 -3.390E-08  6.499E-02  2.973E+02  2.964E+02
  2.410E-01  5.366E-02  1.018E+05 -2.806E-08  6.498E-02  2.997E+02  2.984E+02
  2.410E-01  5.997E-02  1.018E+05 -2.280E-08  6.498E-02  3.034E+02  3.014E+02
  2.410E-01  6.628E-02  1.018E+05 -1.800E-08  6.498E-02  3.089E+02  3.059E+02
  2.410E-01  7.259E-02  1.018E+05 -1.362E-08  6.497E-02  3.170E+02  3.126E+02
  2.410E-01  7.891E-02  1.018E+05 -9.703E-09  6.496E-02  3.289E+02  3.224E+02
  2.410E-01  8.522E-02  1.018E+05 -6.307E-09  6.496E-02  3.466E+02  3.370E+02
  2.410E-01  9.153E-02  1.018E+05 -3.489E-09  6.494E-02  3.730E+02  3.586E+02
  2.410E-01  9.784E-02  1.018E+05 -1.369E-09  6.489E-02  4.122E+02  3.908E+02
  2.410E-01  1.042E-01  1.018E+05 -5.602E-11  6.489E-02  4.623E+02  4.332E+02
  2.410E-01  1.105E-01  1.018E+05  3.743E-10  6.490E-02  4.894E+02  4.665E+02
  2.410E-01  1.168E-01  1.018E+05 -7.555E-11  6.493E-02  5.045E+02  4.890E+02
  2.410E-01  1.231E-01  1.018E+05 -1.273E-09  6.497E-02  5.102E+02  5.015E+02
  2.410E-01  1.294E-01  1.018E+05 -2.974E-09  6.499E-02  5.080E+02  5.052E+02
  2.410E-01  1.357E-01  1.018E+05 -4.921E-09  6.500E-02  4.991E+02  5.015E+02
  2.410E-01  1.420E-01  1.017E+05 -6.804E-09  6.502E-02  4.850E+02  4.915E+02
  2.410E-01  1.483E-01  1.017E+05 -8.274E-09  6.504E-02  4.673E+02  4.771E+02
  2.410E-01  1.547E-01  1.017E+05 -9.112E-09  6.504E-02  4.476E+02  4.595E+02
  2.410E-01  1.610E-01  1.017E+05 -9.176E-09  6.504E-02  4.273E+02  4.403E+02
  2.410E-01  1.673E-01  1.017E+05 -8.473E-09  6.505E-02  4.073E+02  4.206E+02
  2.410E-01  1.736E-01  1.017E+05 -7.129E-09  6.505E-02  3.886E+02  4.016E+02
  2.410E-01  1.799E-01  1.017E+05 -5.322E-09  6.504E-02  3.716E+02  3.837E+02
  2.410E-01  1.862E-01  1.017E+05 -3.266E-09  6.504E-02  3.567E+02  3.677E+02
  2.410E-01  1.925E-01  1.017E+05 -1.169E-09  6.503E-02  3.439E+02  3.535E+02
  2.410E-01  1.988E-01  1.017E+05  8.250E-10  6.503E-02  3.332E+02  3.414E+02
  2.410E-01  2.052E-01  1.017E+05  2.636E-09  6.501E-02  3.243E+02  3.313E+02
  2.410E-01  2.115E-01  1.017E+05  4.162E-09  6.501E-02  3.172E+02  3.229E+02
  2.410E-01  2.178E-01  1.017E+05  5.353E-09  6.501E-02  3.115E+02  3.161E+02
  2.410E-01  2.241E-01  1.017E+05  6.289E-09  6.501E-02  3.070E+02  3.107E+02
  2.410E-01  2.304E-01  1.016E+05  6.822E-09  6.500E-02  3.036E+02  3.065E+02
  2.410E-01  2.367E-01  1.016E+05  7.279E-09  6.500E-02  3.009E+02  3.032E+02
  2.410E-01  2.430E-01  1.016E+05  7.452E-09  6.500E-02  2.989E+02  3.007E+02
  2.410E-01  2.493E-01  1.016E+05  5.481E-09  6.500E-02  2.974E+02  2.987E+02
  2.410E-01  2.557E-01  1.016E+05  3.424E-09  6.499E-02  2.963E+02  2.973E+02
  2.410E-01  2.620E-01  1.016E+05  4.580E-09  6.499E-02  2.954E+02  2.962E+02
  2.410E-01  2.683E-01  1.016E+05  5.814E-09  6.499E-02  2.948E+02  2.954E+02
  2.410E-01  2.746E-01  1.016E+05  5.021E-09  6.500E-02  2.944E+02  2.948E+02
  2.410E-01  2.809E-01  1.016E+05  4.108E-09  6.500E-02  2.940E+02  2.943E+02
  2.410E-01  2.872E-01  1.016E+05  3.357E-09  6.499E-02  2.938E+02  2.940E+02
  2.410E-01  2.935E-01  1.016E+05  2.469E-09  6.499E-02  2.936E+02  2.938E+02
  2.410E-01  2.998E-01  1.016E+05  1.621E-09  6.500E-02  2.935E+02  2.936E+02
  2.410E-01  3.062E-01  1.016E+05  8.290E-10  6.500E-02  2.934E+02  2.935E+02
  2.410E-01  3.125E-01  1.015E+05  1.071E-10  6.499E-02  2.933E+02  2.934E+02
  2.410E-01  3.188E-01  1.015E+05 -5.686E-10  6.499E-02  2.933E+02  2.933E+02
  2.410E-01  3.251E-01  1.015E+05 -1.182E-09  6.500E-02  2.932E+02  2.933E+02
  2.410E-01  3.314E-01  1.015E+05 -1.678E-09  6.500E-02  2.932E+02  2.932E+02
  2.410E-01  3.377E-01  1.015E+05 -2.054E-09  6.499E-02  2.932E+02  2.932E+02
  2.410E-01  3.440E-01  1.015E+05 -2.315E-09  6.499E-02  2.931E+02  2.932E+02
  2.410E-01  3.503E-01  1.015E+05 -2.473E-09  6.500E-02  2.931E+02  2.931E+02
  2.410E-01  3.567E-01  1.015E+05 -2.516E-09  6.500E-02  2.931E+02  2.931E+02
  2.410E-01  3.630E-01  1.015E+05 -2.479E-09  6.499E-02  2.931E+02  2.931E+02
  2.410E-01  3.693E-01  1.015E+05 -2.390E-09  6.499E-02  2.931E+02  2.931E+02
  2.410E-01  3.756E-01  1.015E+05 -2.225E-09  6.500E-02  2.931E+02  2.931E+02
  2.410E-01  3.819E-01  1.015E+05 -2.012E-09  6.500E-02  2.931E+02  2.931E+02
  2.410E-01  3.882E-01  1.015E+05 -1.789E-09  6.499E-02  2.931E+02  2.931E+02
  2.410E-01  3.945E-01  1.015E+05 -1.551E-09  6.499E-02  2.930E+02  2.931E+02
  2.410E-01  4.008E-01  1.014E+05 -1.326E-09  6.500E-02  2.930E+02  2.930E+02
  2.410E-01  4.072E-01  1.014E+05 -1.103E-09  6.500E-02  2.930E+02  2.930E+02
  2.410E-01  4.135E-01  1.014E+05 -8.945E-10  6.499E-02  2.930E+02  2.930E+02
  2.410E-01  4.198E-01  1.014E+05 -7.110E-10  6.499E-02  2.930E+02  2.930E+02
  2.410E-01  4.261E-01  1.014E+05 -5.685E-10  6.500E-02  2.930E+02  2.930E+02
  2.410E-01  4.324E-01  1.014E+05 -4.286E-10  6.500E-02  2.930E+02  2.930E+02
  2.410E-01  4.387E-01  1.014E+05 -2.926E-10  6.499E-02  2.930E+02  2.930E+02
  2.410E-01  4.450E-01  1.014E+05 -1.836E-10  6.499E-02  2.930E+02  2.930E+02
  2.410E-01  4.513E-01  1.014E+05 -1.257E-10  6.500E-02  2.930E+02  2.930E+02
  2.410E-01  4.577E-01  1.014E+05 -1.039E-10  6.500E-02  2.930E+02  2.930E+02
  2.410E-01  4.640E-01  1.014E+05 -7.203E-11  6.499E-02  2.930E+02  2.930E+02
  2.410E-01  4.703E-01  1.014E+05 -3.712E-11  6.499E-02  2.930E+02  2.930E+02
  2.410E-01  4.766E-01  1.014E+05 -2.495E-11  6.500E-02  2.930E+02  2.930E+02
  2.410E-01  4.829E-01  1.014E+05 -9.235E-12  6.500E-02  2.930E+02  2.930E+02
  2.410E-01  4.892E-01  1.013E+05  6.477E-13  6.499E-02  2.930E+02  2.930E+02
  2.410E-01  4.955E-01  1.013E+05 -2.373E-12  6.499E-02  2.930E+02  2.930E+02
  2.410E-01  5.018E-01  1.013E+05 -1.998E-12  6.500E-02  2.930E+02  2.930E+02
  2.410E-01  5.050E-01  1.013E+05 -1.998E-12  6.500E-02  2.930E+02  2.930E+02
  2.693E-01  0.000E+00  1.019E+05 -8.632E-08  6.500E-02  2.930E+02  2.931E+02
  2.693E-01  3.156E-03  1.019E+05 -8.632E-08  6.497E-02  2.931E+02  2.931E+02
  2.693E-01  9.469E-03  1.019E+05 -6.597E-08  6.498E-02  2.932E+02  2.931E+02
  2.693E-01  1.578E-02  1.019E+05 -5.325E-08  6.500E-02  2.933E+02  2.933E+02
  2.693E-01  2.209E-02  1.019E+05 -4.273E-08  6.500E-02  2.936E+02  2.935E+02
  2.693E-01  2.841E-02  1.019E+05 -3.440E-08  6.499E-02  2.940E+02  2.938E+02
  2.693E-01  3.472E-02  1.019E+05 -2.763E-08  6.499E-02  2.947E+02  2.943E+02
  2.693E-01  4.103E-02  1.019E+05 -2.198E-08  6.499E-02  2.957E+02  2.952E+02
  2.693E-01  4.734E-02  1.019E+05 -1.712E-08  6.499E-02  2.973E+02  2.964E+02
  2.693E-01  5.366E-02  1.018E+05 -1.285E-08  6.498E-02  2.997E+02  2.984E+02
  2.693E-01  5.997E-02  1.018E+05 -9.013E-09  6.498E-02  3.034E+02  3.014E+02
  2.693E-01  6.628E-02  1.018E+05 -5.534E-09  6.498E-02  3.089E+02  3.059E+02
  2.693E-01  7.259E-02  1.018E+05 -2.415E-09  6.497E-02  3.170E+02  3.126E+02
  2.693E-01  7.891E-02  1.018E+05  2.513E-10  6.496E-02  3.290E+02  3.225E+02
  2.693E-01  8.522E-02  1.018E+05  2.317E-09  6.496E-02  3.466E+02  3.370E+02
  2.693E-01  9.153E-02  1.018E+05  3.715E-09  6.494E-02  3.730E+02  3.586E+02
  2.693E-01  9.784E-02  1.018E+05  4.383E-09  6.489E-02  4.122E+02  3.908E+02
  2.693E-01  1.042E-01  1.018E+05  4.349E-09  6.489E-02  4.623E+02  4.333E+02
  2.693E-01  1.105E-01  1.018E+05  3.671E-09  6.490E-02  4.895E+02  4.666E+02
  2.693E-01  1.168E-01  1.018E+05  2.397E-09  6.493E-02  5.045E+02  4.890E+02
  2.693E-01  1.231E-01  1.018E+05  6.446E-10  6.497E-02  5.103E+02  5.015E+02
  2.693E-01  1.294E-01  1.018E+05 -1.460E-09  6.499E-02  5.080E+02  5.053E+02
  2.693E-01  1.357E-01  1.018E+05 -3.777E-09  6.500E-02  4.991E+02  5.015E+02
  2.693E-01  1.420E-01  1.017E+05 -6.044E-09  6.502E-02  4.850E+02  4.916E+02
  2.693E-01  1.483E-01  1.017E+05 -7.938E-09  6.504E-02  4.673E+02  4.771E+02
  2.693E-01  1.547E-01  1.017E+05 -9.233E-09  6.504E-02  4.476E+02  4.595E+02
  2.693E-01  1.610E-01  1.017E+05 -9.820E-09  6.504E-02  4.273E+02  4.403E+02
  2.693E-01  1.673E-01  1.017E+05 -9.729E-09  6.505E-02  4.073E+02  4.206E+02
  2.693E-01  1.736E-01  1.017E+05 -9.040E-09  6.505E-02  3.886E+02  4.016E+02
  2.693E-01  1.799E-01  1.017E+05 -7.905E-09  6.504E-02  3.716E+02  3.837E+02
  2.693E-01  1.862E-01  1.017E+05 -6.480E-09  6.504E-02  3.567E+02  3.677E+02
  2.693E-01  1.925E-01  1.017E+05 -4.936E-09  6.503E-02  3.439E+02  3.535E+02
  2.693E-01  1.988E-01  1.017E+05 -3.410E-09  6.503E-02  3.332E+02  3.414E+02
  2.693E-01  2.052E-01  1.017E+05 -1.967E-09  6.501E-02  3.243E+02  3.313E+02
  2.693E-01  2.115E-01  1.017E+05 -6.852E-10  6.500E-02  3.172E+02  3.229E+02
  2.693E-01  2.178E-01  1.017E+05  3.859E-10  6.501E-02  3.115E+02  3.161E+02
  2.693E-01  2.241E-01  1.017E+05  1.258E-09  6.501E-02  3.070E+02  3.107E+02
  2.693E-01  2.304E-01  1.016E+05  1.932E-09  6.500E-02  3.036E+02  3.065E+02
  2.693E-01  2.367E-01  1.016E+05  2.398E-09  6.500E-02  3.009E+02  3.032E+02
  2.693E-01  2.430E-01  1.016E+05  2.667E-09  6.500E-02  2.989E+02  3.006E+02
  2.693E-01  2.493E-01  1.016E+05  2.759E-09  6.499E-02  2.974E+02  2.987E+02
  2.693E-01  2.557E-01  1.016E+05  2.753E-09  6.499E-02  2.963E+02  2.973E+02
  2.693E-01  2.620E-01  1.016E+05  2.756E-09  6.499E-02  2.954E+02  2.962E+02
  2.693E-01  2.683E-01  1.016E+05  2.690E-09  6.499E-02  2.948E+02  2.954E+02
  2.693E-01  2.746E-01  1.016E+05  2.497E-09  6.500E-02  2.944E+02  2.948E+02
  2.693E-01  2.809E-01  1.016E+05  2.250E-09  6.500E-02  2.940E+02  2.943E+02
  2.693E-01  2.872E-01  1.016E+05  1.967E-09  6.499E-02  2.938E+02  2.940E+02
  2.693E-01  2.935E-01  1.016E+05  1.630E-09  6.499E-02  2.936E+02  2.938E+02
  2.693E-01  2.998E-01  1.016E+05  1.274E-09  6.500E-02  2.935E+02  2.936E+02
  2.693E-01  3.062E-01  1.016E+05  9.269E-10  6.500E-02  2.934E+02  2.935E+02
  2.693E-01  3.125E-01  1.015E+05  6.057E-10  6.499E-02  2.933E+02  2.934E+02
  2.693E-01  3.188E-01  1.015E+05  3.010E-10  6.499E-02  2.933E+02  2.933E+02
  2.693E-01  3.251E-01  1.015E+05 -9.599E-12  6.500E-02  2.932E+02  2.933E+02
  2.693E-01  3.314E-01  1.015E+05 -2.539E-10  6.500E-02  2.932E+02  2.932E+02
  2.693E-01  3.377E-01  1.015E+05 -4.267E-10  6.499E-02  2.932E+02  2.932E+02
  2.693E-01  3.440E-01  1.015E+05 -5.773E-10  6.499E-02  2.931E+02  2.932E+02
  2.693E-01  3.503E-01  1.015E+05 -6.896E-10  6.500E-02  2.931E+02  2.931E+02
  2.693E-01  3.567E-01  1.015E+05 -7.243E-10  6.500E-02  2.931E+02  2.931E+02
  2.693E-01  3.630E-01  1.015E+05 -7.326E-10  6.499E-02  2.931E+02  2.931E+02
  2.693E-01  3.693E-01  1.015E+05 -7.273E-10  6.498E-02  2.931E+02  2.931E+02
  2.693E-01  3.756E-01  1.015E+05 -6.788E-10  6.500E-02  2.931E+02  2.931E+02
  2.693E-01  3.819E-01  1.015E+05 -6.038E-10  6.500E-02  2.931E+02  2.931E+02
  2.693E-01  3.882E-01  1.015E+05 -5.309E-10  6.498E-02  2.931E+02  2.931E+02
  2.693E-01  3.945E-01  1.015E+05 -4.530E-10  6.498E-02  2.930E+02  2.931E+02
  2.693E-01  4.008E-01  1.014E+05 -3.654E-10  6.500E-02  2.930E+02  2.930E+02
  2.693E-01  4.072E-01  1.014E+05 -2.758E-10  6.500E-02  2.930E+02  2.930E+02
  2.693E-01  4.135E-01  1.014E+05 -2.155E-10  6.498E-02  2.930E+02  2.930E+02
  2.693E-01  4.198E-01  1.014E+05 -1.421E-10  6.498E-02  2.930E+02  2.930E+02
  2.693E-01  4.261E-01  1.014E+05 -9.459E-11  6.500E-02  2.930E+02  2.930E+02
  2.693E-01  4.324E-01  1.014E+05 -5.632E-11  6.500E-02  2.930E+02  2.930E+02
  2.693E-01  4.387E-01  1.014E+05 -3.015E-12  6.498E-02  2.930E+02  2.930E+02
  2.693E-01  4.450E-01  1.014E+05  3.861E-11  6.498E-02  2.930E+02  2.930E+02
  2.693E-01  4.513E-01  1.014E+05  4.363E-11  6.500E-02  2.930E+02  2.930E+02
  2.693E-01  4.577E-01  1.014E+05  2.409E-11  6.500E-02  2.930E+02  2.930E+02
  2.693E-01  4.640E-01  1.014E+05  2.322E-11  6.498E-02  2.930E+02  2.930E+02
  2.693E-01  4.703E-01  1.014E+05  3.271E-11  6.498E-02  2.930E+02  2.930E+02
  2.693E-01  4.766E-01  1.014E+05  2.579E-11  6.500E-02  2.930E+02  2.930E+02
  2.693E-01  4.829E-01  1.014E+05  2.640E-11  6.500E-02  2.930E+02  2.930E+02
  2.693E-01  4.892E-01  1.013E+05  2.532E-11  6.499E-02  2.930E+02  2.930E+02
  2.693E-01  4.955E-01  1.013E+05  1.540E-11  6.499E-02  2.930E+02  2.930E+02
  2.693E-01  5.018E-01  1.013E+05  1.394E-11  6.500E-02  2.930E+02  2.930E+02
  2.693E-01  5.050E-01  1.013E+05  1.394E-11  6.500E-02  2.930E+02  2.930E+02
  2.835E-01  0.000E+00  1.019E+05 -8.632E-08  6.500E-02  2.930E+02  2.931E+02
  2.835E-01  3.156E-03  1.019E+05  0.000E+00  0.000E+00  2.931E+02  2.931E+02
  2.835E-01  9.469E-03  1.019E+05  0.000E+00  0.000E+00  2.932E+02  2.931E+02
  2.835E-01  1.578E-02  1.019E+05  0.000E+00  0.000E+00  2.933E+02  2.933E+02
  2.835E-01  2.209E-02  1.019E+05  0.000E+00  0.000E+00  2.936E+02  2.935E+02
  2.835E-01  2.841E-02  1.019E+05  0.000E+00  0.000E+00  2.940E+02  2.938E+02
  2.835E-01  3.472E-02  1.019E+05  0.000E+00  0.000E+00  2.947E+02  2.943E+02
  2.835E-01  4.103E-02  1.019E+05  0.000E+00  0.000E+00  2.957E+02  2.952E+02
  2.835E-01  4.734E-02  1.019E+05  0.000E+00  0.000E+00  2.973E+02  2.964E+02
  2.835E-01  5.366E-02  1.018E+05  0.000E+00  0.000E+00  2.997E+02  2.984E+02
  2.835E-01  5.997E-02  1.018E+05  0.000E+00  0.000E+00  3.034E+02  3.014E+02
  2.835E-01  6.628E-02  1.018E+05  0.000E+00  0.000E+00  3.089E+02  3.059E+02
  2.835E-01  7.259E-02  1.018E+05  0.000E+00  0.000E+00  3.170E+02  3.126E+02
  2.835E-01  7.891E-02  1.018E+05  0.000E+00  0.000E+00  3.290E+02  3.225E+02
  2.835E-01  8.522E-02  1.018E+05  0.000E+00  0.000E+00  3.466E+02  3.370E+02
  2.835E-01  9.153E-02  1.018E+05  0.000E+00  0.000E+00  3.730E+02  3.586E+02
  2.835E-01  9.784E-02  1.018E+05  0.000E+00  0.000E+00  4.122E+02  3.908E+02
  2.835E-01  1.042E-01  1.018E+05  0.000E+00  0.000E+00  4.623E+02  4.333E+02
  2.835E-01  1.105E-01  1.018E+05  0.000E+00  0.000E+00  4.895E+02  4.666E+02
  2.835E-01  1.168E-01  1.018E+05  0.000E+00  0.000E+00  5.045E+02  4.890E+02
  2.835E-01  1.231E-01  1.018E+05  0.000E+00  0.000E+00  5.103E+02  5.015E+02
  2.835E-01  1.294E-01  1.018E+05  0.000E+00  0.000E+00  5.080E+02  5.053E+02
  2.835E-01  1.357E-01  1.018E+05  0.000E+00  0.000E+00  4.991E+02  5.015E+02
  2.835E-01  1.420E-01  1.017E+05  0.000E+00  0.000E+00  4.850E+02  4.916E+02
  2.835E-01  1.483E-01  1.017E+05  0.000E+00  0.000E+00  4.673E+02  4.771E+02
  2.835E-01  1.547E-01  1.017E+05  0.000E+00  0.000E+00  4.476E+02  4.595E+02
  2.835E-01  1.610E-01  1.017E+05  0.000E+00  0.000E+00  4.273E+02  4.403E+02
  2.835E-01  1.673E-01  1.017E+05  0.000E+00  0.000E+00  4.073E+02  4.206E+02
  2.835E-01  1.736E-01  1.017E+05  0.000E+00  0.000E+00  3.886E+02  4.016E+02
  2.835E-01  1.799E-01  1.017E+05  0.000E+00  0.000E+00  3.716E+02  3.837E+02
  2.835E-01  1.862E-01  1.017E+05  0.000E+00  0.000E+00  3.567E+02  3.677E+02
  2.835E-01  1.925E-01  1.017E+05  0.000E+00  0.000E+00  3.439E+02  3.535E+02
  2.835E-01  1.988E-01  1.017E+05  0.000E+00  0.000E+00  3.332E+02  3.414E+02
  2.835E-01  2.052E-01  1.017E+05  0.000E+00  0.000E+00  3.243E+02  3.313E+02
  2.835E-01  2.115E-01  1.017E+05  0.000E+00  0.000E+00  3.172E+02  3.229E+02
  2.835E-01  2.178E-01  1.017E+05  0.000E+00  0.000E+00  3.115E+02  3.161E+02
  2.835E-01  2.241E-01  1.017E+05  0.000E+00  0.000E+00  3.070E+02  3.107E+02
  2.835E-01  2.304E-01  1.016E+05  0.000E+00  0.000E+00  3.036E+02  3.065E+02
  2.835E-01  2.367E-01  1.016E+05  0.000E+00  0.000E+00  3.009E+02  3.032E+02
  2.835E-01  2.430E-01  1.016E+05  0.000E+00  0.000E+00  2.989E+02  3.006E+02
  2.835E-01  2.493E-01  1.016E+05  0.000E+00  0.000E+00  2.974E+02  2.987E+02
  2.835E-01  2.557E-01  1.016E+05  0.000E+00  0.000E+00  2.963E+02  2.973E+02
  2.835E-01  2.620E-01  1.016E+05  0.000E+00  0.000E+00  2.954E+02  2.962E+02
  2.835E-01  2.683E-01  1.016E+05  0.000E+00  0.000E+00  2.948E+02  2.954E+02
  2.835E-01  2.746E-01  1.016E+05  0.000E+00  0.000E+00  2.944E+02  2.948E+02
  2.835E-01  2.809E-01  1.016E+05  0.000E+00  0.000E+00  2.940E+02  2.943E+02
  2.835E-01  2.872E-01  1.016E+05  0.000E+00  0.000E+00  2.938E+02  2.940E+02
  2.835E-01  2.935E-01  1.016E+05  0.000E+00  0.000E+00  2.936E+02  2.938E+02
  2.835E-01  2.998E-01  1.016E+05  0.000E+00  0.000E+00  2.935E+02  2.936E+02
  2.835E-01  3.062E-01  1.016E+05  0.000E+00  0.000E+00  2.934E+02  2.935E+02
  2.835E-01  3.125E-01  1.015E+05  0.000E+00  0.000E+00  2.933E+02  2.934E+02
  2.835E-01  3.188E-01  1.015E+05  0.000E+00  0.000E+00  2.933E+02  2.933E+02
  2.835E-01  3.251E-01  1.015E+05  0.000E+00  0.000E+00  2.932E+02  2.933E+02
  2.835E-01  3.314E-01  1.015E+05  0.000E+00  0.000E+00  2.932E+02  2.932E+02
  2.835E-01  3.377E-01  1.015E+05  0.000E+00  0.000E+00  2.932E+02  2.932E+02
  2.835E-01  3.440E-01  1.015E+05  0.000E+00  0.000E+00  2.931E+02  2.932E+02
  2.835E-01  3.503E-01  1.015E+05  0.000E+00  0.000E+00  2.931E+02  2.931E+02
  2.835E-01  3.567E-01  1.015E+05  0.000E+00  0.000E+00  2.931E+02  2.931E+02
  2.835E-01  3.630E-01  1.015E+05  0.000E+00  0.000E+00  2.931E+02  2.931E+02
  2.835E-01  3.693E-01  1.015E+05  0.000E+00  0.000E+00  2.931E+02  2.931E+02
  2.835E-01  3.756E-01  1.015E+05  0.000E+00  0.000E+00  2.931E+02  2.931E+02
  2.835E-01  3.819E-01  1.015E+05  0.000E+00  0.000E+00  2.931E+02  2.931E+02
  2.835E-01  3.882E-01  1.015E+05  0.000E+00  0.000E+00  2.931E+02  2.931E+02
  2.835E-01  3.945E-01  1.015E+05  0.000E+00  0.000E+00  2.930E+02  2.931E+02
  2.835E-01  4.008E-01  1.014E+05  0.000E+00  0.000E+00  2.930E+02  2.930E+02
  2.835E-01  4.072E-01  1.014E+05  0.000E+00  0.000E+00  2.930E+02  2.930E+02
  2.835E-01  4.135E-01  1.014E+05  0.000E+00  0.000E+00  2.930E+02  2.930E+02
  2.835E-01  4.198E-01  1.014E+05  0.000E+00  0.000E+00  2.930E+02  2.930E+02
  2.835E-01  4.261E-01  1.014E+05  0.000E+00  0.000E+00  2.930E+02  2.930E+02
  2.835E-01  4.324E-01  1.014E+05  0.000E+00  0.000E+00  2.930E+02  2.930E+02
  2.835E-01  4.387E-01  1.014E+05  0.000E+00  0.000E+00  2.930E+02  2.930E+02
  2.835E-01  4.450E-01  1.014E+05  0.000E+00  0.000E+00  2.930E+02  2.930E+02
  2.835E-01  4.513E-01  1.014E+05  0.000E+00  0.000E+00  2.930E+02  2.930E+02
  2.835E-01  4.577E-01  1.014E+05  0.000E+00  0.000E+00  2.930E+02  2.930E+02
  2.835E-01  4.640E-01  1.014E+05  0.000E+00  0.000E+00  2.930E+02  2.930E+02
  2.835E-01  4.703E-01  1.014E+05  0.000E+00  0.000E+00  2.930E+02  2.930E+02
  2.835E-01  4.766E-01  1.014E+05  0.000E+00  0.000E+00  2.930E+02  2.930E+02
  2.835E-01  4.829E-01  1.014E+05  0.000E+00  0.000E+00  2.930E+02  2.930E+02
  2.835E-01  4.892E-01  1.013E+05  0.000E+00  0.000E+00  2.930E+02  2.930E+02
  2.835E-01  4.955E-01  1.013E+05  0.000E+00  0.000E+00  2.930E+02  2.930E+02
  2.835E-01  5.018E-01  1.013E+05  0.000E+00  0.000E+00  2.930E+02  2.930E+02
  2.835E-01  5.050E-01  1.013E+05  1.394E-11  6.500E-02  2.930E+02  2.930E+02
