VARIABLES="XP","YP","P","U","V","TS","TF"
ZONE T="Zone 001"I=    82 J=    12 F=POINT
  0.000E+00  0.000E+00  1.019E+05  0.000E+00  0.000E+00  2.931E+02  2.931E+02
  0.000E+00  3.156E-03  1.019E+05  0.000E+00  0.000E+00  2.931E+02  2.931E+02
  0.000E+00  9.469E-03  1.019E+05  0.000E+00  0.000E+00  2.933E+02  2.932E+02
  0.000E+00  1.578E-02  1.019E+05  0.000E+00  0.000E+00  2.935E+02  2.934E+02
  0.000E+00  2.209E-02  1.019E+05  0.000E+00  0.000E+00  2.939E+02  2.937E+02
  0.000E+00  2.841E-02  1.019E+05  0.000E+00  0.000E+00  2.945E+02  2.942E+02
  0.000E+00  3.472E-02  1.019E+05  0.000E+00  0.000E+00  2.955E+02  2.950E+02
  0.000E+00  4.103E-02  1.019E+05  0.000E+00  0.000E+00  2.970E+02  2.962E+02
  0.000E+00  4.734E-02  1.019E+05  0.000E+00  0.000E+00  2.994E+02  2.982E+02
  0.000E+00  5.366E-02  1.018E+05  0.000E+00  0.000E+00  3.031E+02  3.012E+02
  0.000E+00  5.997E-02  1.018E+05  0.000E+00  0.000E+00  3.088E+02  3.058E+02
  0.000E+00  6.628E-02  1.018E+05  0.000E+00  0.000E+00  3.172E+02  3.127E+02
  0.000E+00  7.259E-02  1.018E+05  0.000E+00  0.000E+00  3.296E+02  3.228E+02
  0.000E+00  7.891E-02  1.018E+05  0.000E+00  0.000E+00  3.472E+02  3.375E+02
  0.000E+00  8.522E-02  1.018E+05  0.000E+00  0.000E+00  3.721E+02  3.584E+02
  0.000E+00  9.153E-02  1.018E+05  0.000E+00  0.000E+00  4.078E+02  3.882E+02
  0.000E+00  9.784E-02  1.018E+05  0.000E+00  0.000E+00  4.616E+02  4.330E+02
  0.000E+00  1.042E-01  1.018E+05  0.000E+00  0.000E+00  5.511E+02  5.273E+02
  0.000E+00  1.105E-01  1.018E+05  0.000E+00  0.000E+00  5.495E+02  5.403E+02
  0.000E+00  1.168E-01  1.018E+05  0.000E+00  0.000E+00  5.426E+02  5.415E+02
  0.000E+00  1.231E-01  1.018E+05  0.000E+00  0.000E+00  5.267E+02  5.325E+02
  0.000E+00  1.294E-01  1.018E+05  0.000E+00  0.000E+00  5.038E+02  5.153E+02
  0.000E+00  1.357E-01  1.018E+05  0.000E+00  0.000E+00  4.769E+02  4.923E+02
  0.000E+00  1.420E-01  1.017E+05  0.000E+00  0.000E+00  4.486E+02  4.662E+02
  0.000E+00  1.483E-01  1.017E+05  0.000E+00  0.000E+00  4.213E+02  4.394E+02
  0.000E+00  1.547E-01  1.017E+05  0.000E+00  0.000E+00  3.962E+02  4.137E+02
  0.000E+00  1.610E-01  1.017E+05  0.000E+00  0.000E+00  3.743E+02  3.902E+02
  0.000E+00  1.673E-01  1.017E+05  0.000E+00  0.000E+00  3.559E+02  3.698E+02
  0.000E+00  1.736E-01  1.017E+05  0.000E+00  0.000E+00  3.408E+02  3.525E+02
  0.000E+00  1.799E-01  1.017E+05  0.000E+00  0.000E+00  3.288E+02  3.384E+02
  0.000E+00  1.862E-01  1.017E+05  0.000E+00  0.000E+00  3.194E+02  3.271E+02
  0.000E+00  1.925E-01  1.017E+05  0.000E+00  0.000E+00  3.123E+02  3.183E+02
  0.000E+00  1.988E-01  1.017E+05  0.000E+00  0.000E+00  3.070E+02  3.116E+02
  0.000E+00  2.052E-01  1.017E+05  0.000E+00  0.000E+00  3.031E+02  3.065E+02
  0.000E+00  2.115E-01  1.017E+05  0.000E+00  0.000E+00  3.002E+02  3.028E+02
  0.000E+00  2.178E-01  1.017E+05  0.000E+00  0.000E+00  2.982E+02  3.000E+02
  0.000E+00  2.241E-01  1.017E+05  0.000E+00  0.000E+00  2.967E+02  2.981E+02
  0.000E+00  2.304E-01  1.016E+05  0.000E+00  0.000E+00  2.957E+02  2.966E+02
  0.000E+00  2.367E-01  1.016E+05  0.000E+00  0.000E+00  2.949E+02  2.956E+02
  0.000E+00  2.430E-01  1.016E+05  0.000E+00  0.000E+00  2.944E+02  2.949E+02
  0.000E+00  2.493E-01  1.016E+05  0.000E+00  0.000E+00  2.941E+02  2.944E+02
  0.000E+00  2.557E-01  1.016E+05  0.000E+00  0.000E+00  2.938E+02  2.940E+02
  0.000E+00  2.620E-01  1.016E+05  0.000E+00  0.000E+00  2.936E+02  2.938E+02
  0.000E+00  2.683E-01  1.016E+05  0.000E+00  0.000E+00  2.935E+02  2.936E+02
  0.000E+00  2.746E-01  1.016E+05  0.000E+00  0.000E+00  2.934E+02  2.935E+02
  0.000E+00  2.809E-01  1.016E+05  0.000E+00  0.000E+00  2.933E+02  2.934E+02
  0.000E+00  2.872E-01  1.016E+05  0.000E+00  0.000E+00  2.933E+02  2.933E+02
  0.000E+00  2.935E-01  1.016E+05  0.000E+00  0.000E+00  2.932E+02  2.933E+02
  0.000E+00  2.998E-01  1.016E+05  0.000E+00  0.000E+00  2.932E+02  2.932E+02
  0.000E+00  3.062E-01  1.016E+05  0.000E+00  0.000E+00  2.932E+02  2.932E+02
  0.000E+00  3.125E-01  1.015E+05  0.000E+00  0.000E+00  2.932E+02  2.932E+02
  0.000E+00  3.188E-01  1.015E+05  0.000E+00  0.000E+00  2.931E+02  2.931E+02
  0.000E+00  3.251E-01  1.015E+05  0.000E+00  0.000E+00  2.931E+02  2.931E+02
  0.000E+00  3.314E-01  1.015E+05  0.000E+00  0.000E+00  2.931E+02  2.931E+02
  0.000E+00  3.377E-01  1.015E+05  0.000E+00  0.000E+00  2.931E+02  2.931E+02
  0.000E+00  3.440E-01  1.015E+05  0.000E+00  0.000E+00  2.931E+02  2.931E+02
  0.000E+00  3.503E-01  1.015E+05  0.000E+00  0.000E+00  2.931E+02  2.931E+02
  0.000E+00  3.567E-01  1.015E+05  0.000E+00  0.000E+00  2.931E+02  2.931E+02
  0.000E+00  3.630E-01  1.015E+05  0.000E+00  0.000E+00  2.931E+02  2.931E+02
  0.000E+00  3.693E-01  1.015E+05  0.000E+00  0.000E+00  2.931E+02  2.931E+02
  0.000E+00  3.756E-01  1.015E+05  0.000E+00  0.000E+00  2.930E+02  2.930E+02
  0.000E+00  3.819E-01  1.015E+05  0.000E+00  0.000E+00  2.930E+02  2.930E+02
  0.000E+00  3.882E-01  1.015E+05  0.000E+00  0.000E+00  2.930E+02  2.930E+02
  0.000E+00  3.945E-01  1.015E+05  0.000E+00  0.000E+00  2.930E+02  2.930E+02
  0.000E+00  4.008E-01  1.014E+05  0.000E+00  0.000E+00  2.930E+02  2.930E+02
  0.000E+00  4.072E-01  1.014E+05  0.000E+00  0.000E+00  2.930E+02  2.930E+02
  0.000E+00  4.135E-01  1.014E+05  0.000E+00  0.000E+00  2.930E+02  2.930E+02
  0.000E+00  4.198E-01  1.014E+05  0.000E+00  0.000E+00  2.930E+02  2.930E+02
  0.000E+00  4.261E-01  1.014E+05  0.000E+00  0.000E+00  2.930E+02  2.930E+02
  0.000E+00  4.324E-01  1.014E+05  0.000E+00  0.000E+00  2.930E+02  2.930E+02
  0.000E+00  4.387E-01  1.014E+05  0.000E+00  0.000E+00  2.930E+02  2.930E+02
  0.000E+00  4.450E-01  1.014E+05  0.000E+00  0.000E+00  2.930E+02  2.930E+02
  0.000E+00  4.513E-01  1.014E+05  0.000E+00  0.000E+00  2.930E+02  2.930E+02
  0.000E+00  4.577E-01  1.014E+05  0.000E+00  0.000E+00  2.930E+02  2.930E+02
  0.000E+00  4.640E-01  1.014E+05  0.000E+00  0.000E+00  2.930E+02  2.930E+02
  0.000E+00  4.703E-01  1.014E+05  0.000E+00  0.000E+00  2.930E+02  2.930E+02
  0.000E+00  4.766E-01  1.014E+05  0.000E+00  0.000E+00  2.930E+02  2.930E+02
  0.000E+00  4.829E-01  1.014E+05  0.000E+00  0.000E+00  2.930E+02  2.930E+02
  0.000E+00  4.892E-01  1.013E+05  0.000E+00  0.000E+00  2.930E+02  2.930E+02
  0.000E+00  4.955E-01  1.013E+05  0.000E+00  0.000E+00  2.930E+02  2.930E+02
  0.000E+00  5.018E-01  1.013E+05  0.000E+00  0.000E+00  2.930E+02  2.930E+02
  0.000E+00  5.050E-01  1.013E+05  0.000E+00  0.000E+00  2.930E+02  2.930E+02
  1.417E-02  0.000E+00  1.019E+05  1.152E-07  6.500E-02  2.930E+02  2.931E+02
  1.417E-02  3.156E-03  1.019E+05  1.152E-07  6.455E-02  2.931E+02  2.931E+02
  1.417E-02  9.469E-03  1.019E+05  8.782E-08  6.471E-02  2.933E+02  2.932E+02
  1.417E-02  1.578E-02  1.019E+05  7.382E-08  6.477E-02  2.935E+02  2.934E+02
  1.417E-02  2.209E-02  1.019E+05  6.246E-08  6.479E-02  2.939E+02  2.937E+02
  1.417E-02  2.841E-02  1.019E+05  5.068E-08  6.480E-02  2.945E+02  2.942E+02
  1.417E-02  3.472E-02  1.019E+05  3.996E-08  6.479E-02  2.955E+02  2.950E+02
  1.417E-02  4.103E-02  1.019E+05  3.145E-08  6.479E-02  2.970E+02  2.962E+02
  1.417E-02  4.734E-02  1.019E+05  2.487E-08  6.479E-02  2.994E+02  2.982E+02
  1.417E-02  5.366E-02  1.018E+05  1.935E-08  6.479E-02  3.031E+02  3.012E+02
  1.417E-02  5.997E-02  1.018E+05  1.464E-08  6.478E-02  3.088E+02  3.058E+02
  1.417E-02  6.628E-02  1.018E+05  1.048E-08  6.477E-02  3.172E+02  3.127E+02
  1.417E-02  7.259E-02  1.018E+05  6.914E-09  6.476E-02  3.296E+02  3.228E+02
  1.417E-02  7.891E-02  1.018E+05  4.175E-09  6.475E-02  3.472E+02  3.375E+02
  1.417E-02  8.522E-02  1.018E+05  2.654E-09  6.474E-02  3.721E+02  3.584E+02
  1.417E-02  9.153E-02  1.018E+05  2.379E-09  6.472E-02  4.078E+02  3.882E+02
  1.417E-02  9.784E-02  1.018E+05  3.049E-09  6.467E-02  4.616E+02  4.330E+02
  1.417E-02  1.042E-01  1.018E+05  4.438E-09  6.484E-02  5.511E+02  5.273E+02
  1.417E-02  1.105E-01  1.018E+05  6.413E-09  6.476E-02  5.495E+02  5.403E+02
  1.417E-02  1.168E-01  1.018E+05  8.846E-09  6.480E-02  5.426E+02  5.415E+02
  1.417E-02  1.231E-01  1.018E+05  1.168E-08  6.482E-02  5.267E+02  5.325E+02
  1.417E-02  1.294E-01  1.018E+05  1.463E-08  6.485E-02  5.038E+02  5.153E+02
  1.417E-02  1.357E-01  1.018E+05  1.695E-08  6.486E-02  4.769E+02  4.923E+02
  1.417E-02  1.420E-01  1.017E+05  1.802E-08  6.487E-02  4.486E+02  4.662E+02
  1.417E-02  1.483E-01  1.017E+05  1.770E-08  6.487E-02  4.213E+02  4.394E+02
  1.417E-02  1.547E-01  1.017E+05  1.607E-08  6.486E-02  3.962E+02  4.137E+02
  1.417E-02  1.610E-01  1.017E+05  1.340E-08  6.486E-02  3.743E+02  3.902E+02
  1.417E-02  1.673E-01  1.017E+05  1.006E-08  6.485E-02  3.559E+02  3.698E+02
  1.417E-02  1.736E-01  1.017E+05  6.401E-09  6.483E-02  3.408E+02  3.525E+02
  1.417E-02  1.799E-01  1.017E+05  2.771E-09  6.483E-02  3.288E+02  3.384E+02
  1.417E-02  1.862E-01  1.017E+05 -5.595E-10  6.483E-02  3.194E+02  3.271E+02
  1.417E-02  1.925E-01  1.017E+05 -3.357E-09  6.482E-02  3.123E+02  3.183E+02
  1.417E-02  1.988E-01  1.017E+05 -5.536E-09  6.481E-02  3.070E+02  3.116E+02
  1.417E-02  2.052E-01  1.017E+05 -7.117E-09  6.480E-02  3.031E+02  3.065E+02
  1.417E-02  2.115E-01  1.017E+05 -8.185E-09  6.480E-02  3.002E+02  3.028E+02
  1.417E-02  2.178E-01  1.017E+05 -8.741E-09  6.480E-02  2.982E+02  3.000E+02
  1.417E-02  2.241E-01  1.017E+05 -8.817E-09  6.480E-02  2.967E+02  2.981E+02
  1.417E-02  2.304E-01  1.016E+05 -8.583E-09  6.480E-02  2.957E+02  2.966E+02
  1.417E-02  2.367E-01  1.016E+05 -8.175E-09  6.480E-02  2.949E+02  2.956E+02
  1.417E-02  2.430E-01  1.016E+05 -7.609E-09  6.479E-02  2.944E+02  2.949E+02
  1.417E-02  2.493E-01  1.016E+05 -6.914E-09  6.479E-02  2.941E+02  2.944E+02
  1.417E-02  2.557E-01  1.016E+05 -6.200E-09  6.479E-02  2.938E+02  2.940E+02
  1.417E-02  2.620E-01  1.016E+05 -5.478E-09  6.479E-02  2.936E+02  2.938E+02
  1.417E-02  2.683E-01  1.016E+05 -4.756E-09  6.479E-02  2.935E+02  2.936E+02
  1.417E-02  2.746E-01  1.016E+05 -4.075E-09  6.479E-02  2.934E+02  2.935E+02
  1.417E-02  2.809E-01  1.016E+05 -3.439E-09  6.479E-02  2.933E+02  2.934E+02
  1.417E-02  2.872E-01  1.016E+05 -2.842E-09  6.479E-02  2.933E+02  2.933E+02
  1.417E-02  2.935E-01  1.016E+05 -2.319E-09  6.479E-02  2.932E+02  2.933E+02
  1.417E-02  2.998E-01  1.016E+05 -1.771E-09  6.479E-02  2.932E+02  2.932E+02
  1.417E-02  3.062E-01  1.016E+05 -1.419E-09  6.479E-02  2.932E+02  2.932E+02
  1.417E-02  3.125E-01  1.015E+05 -1.268E-09  6.479E-02  2.932E+02  2.932E+02
  1.417E-02  3.188E-01  1.015E+05 -9.546E-10  6.479E-02  2.931E+02  2.931E+02
  1.417E-02  3.251E-01  1.015E+05 -8.154E-10  6.479E-02  2.931E+02  2.931E+02
  1.417E-02  3.314E-01  1.015E+05 -8.374E-10  6.481E-02  2.931E+02  2.931E+02
  1.417E-02  3.377E-01  1.015E+05 -8.118E-10  6.481E-02  2.931E+02  2.931E+02
  1.417E-02  3.440E-01  1.015E+05 -8.198E-10  6.479E-02  2.931E+02  2.931E+02
  1.417E-02  3.503E-01  1.015E+05 -8.289E-10  6.479E-02  2.931E+02  2.931E+02
  1.417E-02  3.567E-01  1.015E+05 -8.283E-10  6.479E-02  2.931E+02  2.931E+02
  1.417E-02  3.630E-01  1.015E+05 -8.234E-10  6.479E-02  2.931E+02  2.931E+02
  1.417E-02  3.693E-01  1.015E+05 -8.207E-10  6.479E-02  2.931E+02  2.931E+02
  1.417E-02  3.756E-01  1.015E+05 -7.953E-10  6.479E-02  2.930E+02  2.930E+02
  1.417E-02  3.819E-01  1.015E+05 -7.789E-10  6.479E-02  2.930E+02  2.930E+02
  1.417E-02  3.882E-01  1.015E+05 -7.478E-10  6.479E-02  2.930E+02  2.930E+02
  1.417E-02  3.945E-01  1.015E+05 -7.030E-10  6.479E-02  2.930E+02  2.930E+02
  1.417E-02  4.008E-01  1.014E+05 -6.776E-10  6.479E-02  2.930E+02  2.930E+02
  1.417E-02  4.072E-01  1.014E+05 -6.230E-10  6.479E-02  2.930E+02  2.930E+02
  1.417E-02  4.135E-01  1.014E+05 -5.673E-10  6.480E-02  2.930E+02  2.930E+02
  1.417E-02  4.198E-01  1.014E+05 -5.399E-10  6.480E-02  2.930E+02  2.930E+02
  1.417E-02  4.261E-01  1.014E+05 -4.849E-10  6.479E-02  2.930E+02  2.930E+02
  1.417E-02  4.324E-01  1.014E+05 -4.341E-10  6.479E-02  2.930E+02  2.930E+02
  1.417E-02  4.387E-01  1.014E+05 -3.841E-10  6.479E-02  2.930E+02  2.930E+02
  1.417E-02  4.450E-01  1.014E+05 -3.311E-10  6.479E-02  2.930E+02  2.930E+02
  1.417E-02  4.513E-01  1.014E+05 -2.998E-10  6.479E-02  2.930E+02  2.930E+02
  1.417E-02  4.577E-01  1.014E+05 -2.625E-10  6.479E-02  2.930E+02  2.930E+02
  1.417E-02  4.640E-01  1.014E+05 -2.229E-10  6.479E-02  2.930E+02  2.930E+02
  1.417E-02  4.703E-01  1.014E+05 -1.801E-10  6.479E-02  2.930E+02  2.930E+02
  1.417E-02  4.766E-01  1.014E+05 -1.356E-10  6.479E-02  2.930E+02  2.930E+02
  1.417E-02  4.829E-01  1.014E+05 -9.288E-11  6.480E-02  2.930E+02  2.930E+02
  1.417E-02  4.892E-01  1.013E+05 -5.570E-11  6.483E-02  2.930E+02  2.930E+02
  1.417E-02  4.955E-01  1.013E+05 -2.851E-11  6.490E-02  2.930E+02  2.930E+02
  1.417E-02  5.018E-01  1.013E+05 -1.905E-11  6.500E-02  2.930E+02  2.930E+02
  1.417E-02  5.050E-01  1.013E+05 -1.905E-11  6.500E-02  2.930E+02  2.930E+02
  4.252E-02  0.000E+00  1.019E+05  1.435E-07  6.500E-02  2.930E+02  2.931E+02
  4.252E-02  3.156E-03  1.019E+05  1.435E-07  6.455E-02  2.931E+02  2.931E+02
  4.252E-02  9.469E-03  1.019E+05  1.168E-07  6.472E-02  2.933E+02  2.932E+02
  4.252E-02  1.578E-02  1.019E+05  9.967E-08  6.477E-02  2.935E+02  2.934E+02
  4.252E-02  2.209E-02  1.019E+05  8.554E-08  6.479E-02  2.939E+02  2.937E+02
  4.252E-02  2.841E-02  1.019E+05  7.000E-08  6.480E-02  2.946E+02  2.942E+02
  4.252E-02  3.472E-02  1.019E+05  5.516E-08  6.479E-02  2.955E+02  2.950E+02
  4.252E-02  4.103E-02  1.019E+05  4.400E-08  6.479E-02  2.970E+02  2.962E+02
  4.252E-02  4.734E-02  1.019E+05  3.561E-08  6.479E-02  2.994E+02  2.982E+02
  4.252E-02  5.366E-02  1.018E+05  2.902E-08  6.479E-02  3.031E+02  3.012E+02
  4.252E-02  5.997E-02  1.018E+05  2.398E-08  6.478E-02  3.088E+02  3.058E+02
  4.252E-02  6.628E-02  1.018E+05  2.002E-08  6.477E-02  3.172E+02  3.127E+02
  4.252E-02  7.259E-02  1.018E+05  1.667E-08  6.476E-02  3.296E+02  3.229E+02
  4.252E-02  7.891E-02  1.018E+05  1.363E-08  6.476E-02  3.472E+02  3.375E+02
  4.252E-02  8.522E-02  1.018E+05  1.161E-08  6.474E-02  3.721E+02  3.584E+02
  4.252E-02  9.153E-02  1.018E+05  1.072E-08  6.472E-02  4.078E+02  3.882E+02
  4.252E-02  9.784E-02  1.018E+05  9.870E-09  6.467E-02  4.616E+02  4.330E+02
  4.252E-02  1.042E-01  1.018E+05  1.058E-08  6.484E-02  5.510E+02  5.273E+02
  4.252E-02  1.105E-01  1.018E+05  1.493E-08  6.476E-02  5.495E+02  5.403E+02
  4.252E-02  1.168E-01  1.018E+05  1.977E-08  6.480E-02  5.425E+02  5.414E+02
  4.252E-02  1.231E-01  1.018E+05  2.364E-08  6.482E-02  5.267E+02  5.325E+02
  4.252E-02  1.294E-01  1.018E+05  2.704E-08  6.485E-02  5.038E+02  5.152E+02
  4.252E-02  1.357E-01  1.018E+05  2.911E-08  6.486E-02  4.769E+02  4.923E+02
  4.252E-02  1.420E-01  1.017E+05  2.874E-08  6.487E-02  4.486E+02  4.662E+02
  4.252E-02  1.483E-01  1.017E+05  2.607E-08  6.487E-02  4.213E+02  4.394E+02
  4.252E-02  1.547E-01  1.017E+05  2.157E-08  6.486E-02  3.962E+02  4.137E+02
  4.252E-02  1.610E-01  1.017E+05  1.563E-08  6.486E-02  3.743E+02  3.902E+02
  4.252E-02  1.673E-01  1.017E+05  9.017E-09  6.485E-02  3.559E+02  3.698E+02
  4.252E-02  1.736E-01  1.017E+05  2.911E-09  6.483E-02  3.408E+02  3.526E+02
  4.252E-02  1.799E-01  1.017E+05 -2.730E-09  6.483E-02  3.288E+02  3.384E+02
  4.252E-02  1.862E-01  1.017E+05 -7.519E-09  6.483E-02  3.195E+02  3.272E+02
  4.252E-02  1.925E-01  1.017E+05 -1.108E-08  6.482E-02  3.124E+02  3.184E+02
  4.252E-02  1.988E-01  1.017E+05 -1.362E-08  6.481E-02  3.070E+02  3.116E+02
  4.252E-02  2.052E-01  1.017E+05 -1.511E-08  6.480E-02  3.031E+02  3.066E+02
  4.252E-02  2.115E-01  1.017E+05 -1.592E-08  6.480E-02  3.002E+02  3.028E+02
  4.252E-02  2.178E-01  1.017E+05 -1.601E-08  6.480E-02  2.982E+02  3.001E+02
  4.252E-02  2.241E-01  1.017E+05 -1.543E-08  6.480E-02  2.967E+02  2.981E+02
  4.252E-02  2.304E-01  1.016E+05 -1.448E-08  6.480E-02  2.957E+02  2.966E+02
  4.252E-02  2.367E-01  1.016E+05 -1.338E-08  6.480E-02  2.949E+02  2.956E+02
  4.252E-02  2.430E-01  1.016E+05 -1.214E-08  6.479E-02  2.944E+02  2.949E+02
  4.252E-02  2.493E-01  1.016E+05 -1.083E-08  6.479E-02  2.941E+02  2.944E+02
  4.252E-02  2.557E-01  1.016E+05 -9.521E-09  6.479E-02  2.938E+02  2.941E+02
  4.252E-02  2.620E-01  1.016E+05 -8.249E-09  6.479E-02  2.936E+02  2.938E+02
  4.252E-02  2.683E-01  1.016E+05 -7.057E-09  6.479E-02  2.935E+02  2.936E+02
  4.252E-02  2.746E-01  1.016E+05 -5.917E-09  6.479E-02  2.934E+02  2.935E+02
  4.252E-02  2.809E-01  1.016E+05 -4.793E-09  6.479E-02  2.933E+02  2.934E+02
  4.252E-02  2.872E-01  1.016E+05 -3.628E-09  6.479E-02  2.933E+02  2.933E+02
  4.252E-02  2.935E-01  1.016E+05 -2.414E-09  6.479E-02  2.932E+02  2.933E+02
  4.252E-02  2.998E-01  1.016E+05 -7.367E-10  6.479E-02  2.932E+02  2.932E+02
  4.252E-02  3.062E-01  1.016E+05  1.568E-09  6.479E-02  2.932E+02  2.932E+02
  4.252E-02  3.125E-01  1.015E+05  2.965E-09  6.479E-02  2.932E+02  2.932E+02
  4.252E-02  3.188E-01  1.015E+05  2.247E-09  6.479E-02  2.931E+02  2.931E+02
  4.252E-02  3.251E-01  1.015E+05  6.696E-10  6.479E-02  2.931E+02  2.931E+02
  4.252E-02  3.314E-01  1.015E+05 -3.345E-10  6.481E-02  2.931E+02  2.931E+02
  4.252E-02  3.377E-01  1.015E+05 -7.344E-10  6.481E-02  2.931E+02  2.931E+02
  4.252E-02  3.440E-01  1.015E+05 -1.036E-09  6.479E-02  2.931E+02  2.931E+02
  4.252E-02  3.503E-01  1.015E+05 -1.207E-09  6.479E-02  2.931E+02  2.931E+02
  4.252E-02  3.567E-01  1.015E+05 -1.300E-09  6.479E-02  2.931E+02  2.931E+02
  4.252E-02  3.630E-01  1.015E+05 -1.351E-09  6.479E-02  2.931E+02  2.931E+02
  4.252E-02  3.693E-01  1.015E+05 -1.383E-09  6.479E-02  2.931E+02  2.931E+02
  4.252E-02  3.756E-01  1.015E+05 -1.377E-09  6.479E-02  2.930E+02  2.931E+02
  4.252E-02  3.819E-01  1.015E+05 -1.353E-09  6.479E-02  2.930E+02  2.930E+02
  4.252E-02  3.882E-01  1.015E+05 -1.309E-09  6.479E-02  2.930E+02  2.930E+02
  4.252E-02  3.945E-01  1.015E+05 -1.247E-09  6.479E-02  2.930E+02  2.930E+02
  4.252E-02  4.008E-01  1.014E+05 -1.195E-09  6.479E-02  2.930E+02  2.930E+02
  4.252E-02  4.072E-01  1.014E+05 -1.071E-09  6.479E-02  2.930E+02  2.930E+02
  4.252E-02  4.135E-01  1.014E+05 -1.020E-09  6.481E-02  2.930E+02  2.930E+02
  4.252E-02  4.198E-01  1.014E+05 -9.264E-10  6.481E-02  2.930E+02  2.930E+02
  4.252E-02  4.261E-01  1.014E+05 -8.393E-10  6.479E-02  2.930E+02  2.930E+02
  4.252E-02  4.324E-01  1.014E+05 -7.645E-10  6.479E-02  2.930E+02  2.930E+02
  4.252E-02  4.387E-01  1.014E+05 -6.977E-10  6.479E-02  2.930E+02  2.930E+02
  4.252E-02  4.450E-01  1.014E+05 -6.296E-10  6.479E-02  2.930E+02  2.930E+02
  4.252E-02  4.513E-01  1.014E+05 -5.890E-10  6.479E-02  2.930E+02  2.930E+02
  4.252E-02  4.577E-01  1.014E+05 -5.605E-10  6.479E-02  2.930E+02  2.930E+02
  4.252E-02  4.640E-01  1.014E+05 -5.459E-10  6.479E-02  2.930E+02  2.930E+02
  4.252E-02  4.703E-01  1.014E+05 -5.410E-10  6.479E-02  2.930E+02  2.930E+02
  4.252E-02  4.766E-01  1.014E+05 -5.333E-10  6.479E-02  2.930E+02  2.930E+02
  4.252E-02  4.829E-01  1.014E+05 -4.476E-10  6.480E-02  2.930E+02  2.930E+02
  4.252E-02  4.892E-01  1.013E+05 -3.536E-10  6.483E-02  2.930E+02  2.930E+02
  4.252E-02  4.955E-01  1.013E+05 -2.398E-10  6.491E-02  2.930E+02  2.930E+02
  4.252E-02  5.018E-01  1.013E+05 -1.223E-10  6.500E-02  2.930E+02  2.930E+02
  4.252E-02  5.050E-01  1.013E+05 -1.223E-10  6.500E-02  2.930E+02  2.930E+02
  7.087E-02  0.000E+00  1.019E+05  1.293E-06  6.500E-02  2.930E+02  2.931E+02
  7.087E-02  3.156E-03  1.019E+05  1.293E-06  6.455E-02  2.931E+02  2.931E+02
  7.087E-02  9.469E-03  1.019E+05 -1.193E-07  6.472E-02  2.933E+02  2.932E+02
  7.087E-02  1.578E-02  1.019E+05  8.086E-08  6.477E-02  2.935E+02  2.934E+02
  7.087E-02  2.209E-02  1.019E+05  6.433E-08  6.479E-02  2.939E+02  2.937E+02
  7.087E-02  2.841E-02  1.019E+05  4.067E-08  6.480E-02  2.945E+02  2.942E+02
  7.087E-02  3.472E-02  1.019E+05  3.312E-09  6.479E-02  2.955E+02  2.950E+02
  7.087E-02  4.103E-02  1.019E+05  1.811E-09  6.479E-02  2.970E+02  2.962E+02
  7.087E-02  4.734E-02  1.019E+05  5.306E-09  6.479E-02  2.994E+02  2.982E+02
  7.087E-02  5.366E-02  1.018E+05  5.260E-09  6.479E-02  3.031E+02  3.012E+02
  7.087E-02  5.997E-02  1.018E+05  5.721E-09  6.478E-02  3.088E+02  3.058E+02
  7.087E-02  6.628E-02  1.018E+05  5.903E-09  6.477E-02  3.172E+02  3.127E+02
  7.087E-02  7.259E-02  1.018E+05  6.223E-09  6.476E-02  3.296E+02  3.228E+02
  7.087E-02  7.891E-02  1.018E+05  6.836E-09  6.476E-02  3.472E+02  3.375E+02
  7.087E-02  8.522E-02  1.018E+05  7.797E-09  6.474E-02  3.721E+02  3.584E+02
  7.087E-02  9.153E-02  1.018E+05  8.808E-09  6.472E-02  4.078E+02  3.882E+02
  7.087E-02  9.784E-02  1.018E+05  9.767E-09  6.467E-02  4.616E+02  4.330E+02
  7.087E-02  1.042E-01  1.018E+05  1.027E-08  6.484E-02  5.510E+02  5.273E+02
  7.087E-02  1.105E-01  1.018E+05  1.028E-08  6.476E-02  5.495E+02  5.403E+02
  7.087E-02  1.168E-01  1.018E+05  9.740E-09  6.480E-02  5.425E+02  5.414E+02
  7.087E-02  1.231E-01  1.018E+05  9.036E-09  6.482E-02  5.267E+02  5.325E+02
  7.087E-02  1.294E-01  1.018E+05  7.541E-09  6.485E-02  5.038E+02  5.152E+02
  7.087E-02  1.357E-01  1.018E+05  5.464E-09  6.486E-02  4.769E+02  4.923E+02
  7.087E-02  1.420E-01  1.017E+05  2.749E-09  6.487E-02  4.487E+02  4.662E+02
  7.087E-02  1.483E-01  1.017E+05 -5.313E-10  6.487E-02  4.213E+02  4.394E+02
  7.087E-02  1.547E-01  1.017E+05 -3.807E-09  6.486E-02  3.963E+02  4.137E+02
  7.087E-02  1.610E-01  1.017E+05 -7.461E-09  6.486E-02  3.744E+02  3.903E+02
  7.087E-02  1.673E-01  1.017E+05 -1.006E-08  6.485E-02  3.559E+02  3.698E+02
  7.087E-02  1.736E-01  1.017E+05 -9.436E-09  6.483E-02  3.408E+02  3.526E+02
  7.087E-02  1.799E-01  1.017E+05 -7.929E-09  6.483E-02  3.288E+02  3.385E+02
  7.087E-02  1.862E-01  1.017E+05 -7.061E-09  6.483E-02  3.195E+02  3.272E+02
  7.087E-02  1.925E-01  1.017E+05 -6.217E-09  6.482E-02  3.124E+02  3.184E+02
  7.087E-02  1.988E-01  1.017E+05 -5.404E-09  6.481E-02  3.071E+02  3.117E+02
  7.087E-02  2.052E-01  1.017E+05 -4.475E-09  6.480E-02  3.031E+02  3.066E+02
  7.087E-02  2.115E-01  1.017E+05 -3.623E-09  6.480E-02  3.003E+02  3.028E+02
  7.087E-02  2.178E-01  1.017E+05 -2.782E-09  6.480E-02  2.982E+02  3.001E+02
  7.087E-02  2.241E-01  1.017E+05 -1.927E-09  6.480E-02  2.967E+02  2.981E+02
  7.087E-02  2.304E-01  1.016E+05 -1.177E-09  6.480E-02  2.957E+02  2.967E+02
  7.087E-02  2.367E-01  1.016E+05 -5.970E-10  6.480E-02  2.949E+02  2.956E+02
  7.087E-02  2.430E-01  1.016E+05 -1.556E-10  6.480E-02  2.944E+02  2.949E+02
  7.087E-02  2.493E-01  1.016E+05  1.120E-10  6.479E-02  2.941E+02  2.944E+02
  7.087E-02  2.557E-01  1.016E+05  2.087E-10  6.479E-02  2.938E+02  2.941E+02
  7.087E-02  2.620E-01  1.016E+05  1.177E-10  6.479E-02  2.936E+02  2.938E+02
  7.087E-02  2.683E-01  1.016E+05 -2.248E-10  6.479E-02  2.935E+02  2.936E+02
  7.087E-02  2.746E-01  1.016E+05 -7.959E-10  6.479E-02  2.934E+02  2.935E+02
  7.087E-02  2.809E-01  1.016E+05 -1.912E-09  6.479E-02  2.933E+02  2.934E+02
  7.087E-02  2.872E-01  1.016E+05 -2.828E-09  6.479E-02  2.933E+02  2.933E+02
  7.087E-02  2.935E-01  1.016E+05 -7.441E-09  6.479E-02  2.932E+02  2.933E+02
  7.087E-02  2.998E-01  1.016E+05 -7.331E-09  6.479E-02  2.932E+02  2.932E+02
  7.087E-02  3.062E-01  1.016E+05  2.418E-08  6.479E-02  2.932E+02  2.932E+02
  7.087E-02  3.125E-01  1.015E+05  5.132E-08  6.479E-02  2.932E+02  2.932E+02
  7.087E-02  3.188E-01  1.015E+05  2.456E-08  6.479E-02  2.931E+02  2.931E+02
  7.087E-02  3.251E-01  1.015E+05 -7.454E-09  6.479E-02  2.931E+02  2.931E+02
  7.087E-02  3.314E-01  1.015E+05 -8.205E-09  6.481E-02  2.931E+02  2.931E+02
  7.087E-02  3.377E-01  1.015E+05 -3.789E-09  6.481E-02  2.931E+02  2.931E+02
  7.087E-02  3.440E-01  1.015E+05 -3.086E-09  6.479E-02  2.931E+02  2.931E+02
  7.087E-02  3.503E-01  1.015E+05 -2.159E-09  6.479E-02  2.931E+02  2.931E+02
  7.087E-02  3.567E-01  1.015E+05 -1.731E-09  6.479E-02  2.931E+02  2.931E+02
  7.087E-02  3.630E-01  1.015E+05 -1.463E-09  6.479E-02  2.931E+02  2.931E+02
  7.087E-02  3.693E-01  1.015E+05 -1.303E-09  6.479E-02  2.931E+02  2.931E+02
  7.087E-02  3.756E-01  1.015E+05 -1.211E-09  6.479E-02  2.930E+02  2.931E+02
  7.087E-02  3.819E-01  1.015E+05 -1.143E-09  6.479E-02  2.930E+02  2.930E+02
  7.087E-02  3.882E-01  1.015E+05 -1.088E-09  6.479E-02  2.930E+02  2.930E+02
  7.087E-02  3.945E-01  1.015E+05 -1.051E-09  6.479E-02  2.930E+02  2.930E+02
  7.087E-02  4.008E-01  1.014E+05 -9.944E-10  6.479E-02  2.930E+02  2.930E+02
  7.087E-02  4.072E-01  1.014E+05 -8.960E-10  6.479E-02  2.930E+02  2.930E+02
  7.087E-02  4.135E-01  1.014E+05 -8.954E-10  6.481E-02  2.930E+02  2.930E+02
  7.087E-02  4.198E-01  1.014E+05 -8.115E-10  6.481E-02  2.930E+02  2.930E+02
  7.087E-02  4.261E-01  1.014E+05 -7.460E-10  6.479E-02  2.930E+02  2.930E+02
  7.087E-02  4.324E-01  1.014E+05 -6.762E-10  6.479E-02  2.930E+02  2.930E+02
  7.087E-02  4.387E-01  1.014E+05 -6.034E-10  6.479E-02  2.930E+02  2.930E+02
  7.087E-02  4.450E-01  1.014E+05 -5.228E-10  6.479E-02  2.930E+02  2.930E+02
  7.087E-02  4.513E-01  1.014E+05 -4.426E-10  6.479E-02  2.930E+02  2.930E+02
  7.087E-02  4.577E-01  1.014E+05 -3.841E-10  6.479E-02  2.930E+02  2.930E+02
  7.087E-02  4.640E-01  1.014E+05 -3.557E-10  6.479E-02  2.930E+02  2.930E+02
  7.087E-02  4.703E-01  1.014E+05 -3.686E-10  6.479E-02  2.930E+02  2.930E+02
  7.087E-02  4.766E-01  1.014E+05 -3.864E-10  6.479E-02  2.930E+02  2.930E+02
  7.087E-02  4.829E-01  1.014E+05 -3.259E-10  6.480E-02  2.930E+02  2.930E+02
  7.087E-02  4.892E-01  1.013E+05 -2.725E-10  6.483E-02  2.930E+02  2.930E+02
  7.087E-02  4.955E-01  1.013E+05 -2.205E-10  6.491E-02  2.930E+02  2.930E+02
  7.087E-02  5.018E-01  1.013E+05 -1.559E-10  6.500E-02  2.930E+02  2.930E+02
  7.087E-02  5.050E-01  1.013E+05 -1.559E-10  6.500E-02  2.930E+02  2.930E+02
  9.922E-02  0.000E+00  1.019E+05  2.985E-06  6.500E-02  2.930E+02  2.931E+02
  9.922E-02  3.156E-03  1.019E+05  2.985E-06  6.455E-02  2.931E+02  2.931E+02
  9.922E-02  9.469E-03  1.019E+05  4.971E-07  6.471E-02  2.933E+02  2.932E+02
  9.922E-02  1.578E-02  1.019E+05 -2.777E-07  6.477E-02  2.935E+02  2.934E+02
  9.922E-02  2.209E-02  1.019E+05 -5.336E-08  6.479E-02  2.939E+02  2.937E+02
  9.922E-02  2.841E-02  1.019E+05 -6.174E-08  6.480E-02  2.946E+02  2.942E+02
  9.922E-02  3.472E-02  1.019E+05 -6.417E-08  6.479E-02  2.955E+02  2.950E+02
  9.922E-02  4.103E-02  1.019E+05 -4.580E-08  6.479E-02  2.970E+02  2.962E+02
  9.922E-02  4.734E-02  1.019E+05 -2.833E-08  6.479E-02  2.994E+02  2.982E+02
  9.922E-02  5.366E-02  1.018E+05 -1.949E-08  6.479E-02  3.031E+02  3.012E+02
  9.922E-02  5.997E-02  1.018E+05 -1.377E-08  6.478E-02  3.088E+02  3.058E+02
  9.922E-02  6.628E-02  1.018E+05 -1.098E-08  6.477E-02  3.172E+02  3.127E+02
  9.922E-02  7.259E-02  1.018E+05 -9.798E-09  6.476E-02  3.296E+02  3.228E+02
  9.922E-02  7.891E-02  1.018E+05 -8.977E-09  6.476E-02  3.472E+02  3.375E+02
  9.922E-02  8.522E-02  1.018E+05 -7.960E-09  6.474E-02  3.721E+02  3.584E+02
  9.922E-02  9.153E-02  1.018E+05 -6.516E-09  6.472E-02  4.078E+02  3.882E+02
  9.922E-02  9.784E-02  1.018E+05 -3.611E-09  6.467E-02  4.616E+02  4.330E+02
  9.922E-02  1.042E-01  1.018E+05 -1.867E-09  6.484E-02  5.511E+02  5.273E+02
  9.922E-02  1.105E-01  1.018E+05 -3.903E-09  6.476E-02  5.495E+02  5.403E+02
  9.922E-02  1.168E-01  1.018E+05 -7.378E-09  6.480E-02  5.425E+02  5.415E+02
  9.922E-02  1.231E-01  1.018E+05 -1.052E-08  6.482E-02  5.267E+02  5.325E+02
  9.922E-02  1.294E-01  1.018E+05 -1.514E-08  6.485E-02  5.038E+02  5.152E+02
  9.922E-02  1.357E-01  1.018E+05 -2.042E-08  6.486E-02  4.769E+02  4.923E+02
  9.922E-02  1.420E-01  1.017E+05 -2.369E-08  6.487E-02  4.487E+02  4.662E+02
  9.922E-02  1.483E-01  1.017E+05 -2.323E-08  6.487E-02  4.213E+02  4.394E+02
  9.922E-02  1.547E-01  1.017E+05 -2.081E-08  6.486E-02  3.963E+02  4.137E+02
  9.922E-02  1.610E-01  1.017E+05 -1.893E-08  6.486E-02  3.744E+02  3.903E+02
  9.922E-02  1.673E-01  1.017E+05 -1.627E-08  6.485E-02  3.559E+02  3.698E+02
  9.922E-02  1.736E-01  1.017E+05 -1.102E-08  6.483E-02  3.408E+02  3.526E+02
  9.922E-02  1.799E-01  1.017E+05 -5.423E-09  6.483E-02  3.288E+02  3.384E+02
  9.922E-02  1.862E-01  1.017E+05 -1.071E-09  6.483E-02  3.195E+02  3.272E+02
  9.922E-02  1.925E-01  1.017E+05  2.412E-09  6.482E-02  3.124E+02  3.184E+02
  9.922E-02  1.988E-01  1.017E+05  5.158E-09  6.481E-02  3.070E+02  3.116E+02
  9.922E-02  2.052E-01  1.017E+05  7.406E-09  6.480E-02  3.031E+02  3.066E+02
  9.922E-02  2.115E-01  1.017E+05  9.153E-09  6.480E-02  3.002E+02  3.028E+02
  9.922E-02  2.178E-01  1.017E+05  1.043E-08  6.480E-02  2.982E+02  3.001E+02
  9.922E-02  2.241E-01  1.017E+05  1.108E-08  6.480E-02  2.967E+02  2.981E+02
  9.922E-02  2.304E-01  1.016E+05  1.129E-08  6.480E-02  2.957E+02  2.966E+02
  9.922E-02  2.367E-01  1.016E+05  1.124E-08  6.480E-02  2.949E+02  2.956E+02
  9.922E-02  2.430E-01  1.016E+05  1.086E-08  6.479E-02  2.944E+02  2.949E+02
  9.922E-02  2.493E-01  1.016E+05  1.015E-08  6.479E-02  2.941E+02  2.944E+02
  9.922E-02  2.557E-01  1.016E+05  9.135E-09  6.479E-02  2.938E+02  2.941E+02
  9.922E-02  2.620E-01  1.016E+05  7.856E-09  6.479E-02  2.936E+02  2.938E+02
  9.922E-02  2.683E-01  1.016E+05  6.352E-09  6.479E-02  2.935E+02  2.936E+02
  9.922E-02  2.746E-01  1.016E+05  4.635E-09  6.479E-02  2.934E+02  2.935E+02
  9.922E-02  2.809E-01  1.016E+05  2.443E-09  6.479E-02  2.933E+02  2.934E+02
  9.922E-02  2.872E-01  1.016E+05  7.534E-10  6.479E-02  2.933E+02  2.933E+02
  9.922E-02  2.935E-01  1.016E+05 -4.273E-09  6.479E-02  2.932E+02  2.933E+02
  9.922E-02  2.998E-01  1.016E+05 -3.449E-09  6.479E-02  2.932E+02  2.932E+02
  9.922E-02  3.062E-01  1.016E+05  3.055E-08  6.479E-02  2.932E+02  2.932E+02
  9.922E-02  3.125E-01  1.015E+05  5.912E-08  6.479E-02  2.932E+02  2.932E+02
  9.922E-02  3.188E-01  1.015E+05  3.000E-08  6.479E-02  2.931E+02  2.931E+02
  9.922E-02  3.251E-01  1.015E+05 -5.514E-09  6.479E-02  2.931E+02  2.931E+02
  9.922E-02  3.314E-01  1.015E+05 -7.979E-09  6.481E-02  2.931E+02  2.931E+02
  9.922E-02  3.377E-01  1.015E+05 -4.171E-09  6.481E-02  2.931E+02  2.931E+02
  9.922E-02  3.440E-01  1.015E+05 -3.727E-09  6.479E-02  2.931E+02  2.931E+02
  9.922E-02  3.503E-01  1.015E+05 -2.789E-09  6.479E-02  2.931E+02  2.931E+02
  9.922E-02  3.567E-01  1.015E+05 -2.275E-09  6.479E-02  2.931E+02  2.931E+02
  9.922E-02  3.630E-01  1.015E+05 -1.883E-09  6.479E-02  2.931E+02  2.931E+02
  9.922E-02  3.693E-01  1.015E+05 -1.593E-09  6.479E-02  2.931E+02  2.931E+02
  9.922E-02  3.756E-01  1.015E+05 -1.385E-09  6.479E-02  2.930E+02  2.931E+02
  9.922E-02  3.819E-01  1.015E+05 -1.235E-09  6.479E-02  2.930E+02  2.930E+02
  9.922E-02  3.882E-01  1.015E+05 -1.126E-09  6.479E-02  2.930E+02  2.930E+02
  9.922E-02  3.945E-01  1.015E+05 -1.059E-09  6.479E-02  2.930E+02  2.930E+02
  9.922E-02  4.008E-01  1.014E+05 -9.938E-10  6.479E-02  2.930E+02  2.930E+02
  9.922E-02  4.072E-01  1.014E+05 -9.008E-10  6.479E-02  2.930E+02  2.930E+02
  9.922E-02  4.135E-01  1.014E+05 -9.172E-10  6.481E-02  2.930E+02  2.930E+02
  9.922E-02  4.198E-01  1.014E+05 -8.566E-10  6.481E-02  2.930E+02  2.930E+02
  9.922E-02  4.261E-01  1.014E+05 -8.162E-10  6.479E-02  2.930E+02  2.930E+02
  9.922E-02  4.324E-01  1.014E+05 -7.686E-10  6.479E-02  2.930E+02  2.930E+02
  9.922E-02  4.387E-01  1.014E+05 -7.166E-10  6.479E-02  2.930E+02  2.930E+02
  9.922E-02  4.450E-01  1.014E+05 -6.316E-10  6.479E-02  2.930E+02  2.930E+02
  9.922E-02  4.513E-01  1.014E+05 -5.156E-10  6.479E-02  2.930E+02  2.930E+02
  9.922E-02  4.577E-01  1.014E+05 -4.331E-10  6.479E-02  2.930E+02  2.930E+02
  9.922E-02  4.640E-01  1.014E+05 -3.910E-10  6.479E-02  2.930E+02  2.930E+02
  9.922E-02  4.703E-01  1.014E+05 -3.848E-10  6.479E-02  2.930E+02  2.930E+02
  9.922E-02  4.766E-01  1.014E+05 -3.878E-10  6.479E-02  2.930E+02  2.930E+02
  9.922E-02  4.829E-01  1.014E+05 -3.146E-10  6.480E-02  2.930E+02  2.930E+02
  9.922E-02  4.892E-01  1.013E+05 -2.464E-10  6.483E-02  2.930E+02  2.930E+02
  9.922E-02  4.955E-01  1.013E+05 -1.747E-10  6.491E-02  2.930E+02  2.930E+02
  9.922E-02  5.018E-01  1.013E+05 -1.018E-10  6.500E-02  2.930E+02  2.930E+02
  9.922E-02  5.050E-01  1.013E+05 -1.018E-10  6.500E-02  2.930E+02  2.930E+02
  1.276E-01  0.000E+00  1.019E+05  5.488E-08  6.500E-02  2.930E+02  2.931E+02
  1.276E-01  3.156E-03  1.019E+05  5.488E-08  6.451E-02  2.931E+02  2.931E+02
  1.276E-01  9.469E-03  1.019E+05  2.345E-08  6.470E-02  2.933E+02  2.932E+02
  1.276E-01  1.578E-02  1.019E+05  1.489E-08  6.477E-02  2.935E+02  2.934E+02
  1.276E-01  2.209E-02  1.019E+05  7.108E-09  6.479E-02  2.939E+02  2.937E+02
  1.276E-01  2.841E-02  1.019E+05  2.041E-09  6.480E-02  2.946E+02  2.942E+02
  1.276E-01  3.472E-02  1.019E+05 -1.663E-09  6.479E-02  2.955E+02  2.950E+02
  1.276E-01  4.103E-02  1.019E+05 -2.933E-09  6.479E-02  2.971E+02  2.962E+02
  1.276E-01  4.734E-02  1.019E+05 -3.056E-09  6.479E-02  2.995E+02  2.982E+02
  1.276E-01  5.366E-02  1.018E+05 -2.866E-09  6.479E-02  3.032E+02  3.012E+02
  1.276E-01  5.997E-02  1.018E+05 -2.884E-09  6.478E-02  3.088E+02  3.058E+02
  1.276E-01  6.628E-02  1.018E+05 -3.555E-09  6.477E-02  3.173E+02  3.127E+02
  1.276E-01  7.259E-02  1.018E+05 -4.928E-09  6.476E-02  3.296E+02  3.229E+02
  1.276E-01  7.891E-02  1.018E+05 -6.894E-09  6.476E-02  3.472E+02  3.375E+02
  1.276E-01  8.522E-02  1.018E+05 -8.681E-09  6.474E-02  3.722E+02  3.584E+02
  1.276E-01  9.153E-02  1.018E+05 -1.028E-08  6.472E-02  4.078E+02  3.882E+02
  1.276E-01  9.784E-02  1.018E+05 -1.299E-08  6.467E-02  4.616E+02  4.330E+02
  1.276E-01  1.042E-01  1.018E+05 -1.450E-08  6.484E-02  5.511E+02  5.273E+02
  1.276E-01  1.105E-01  1.018E+05 -1.156E-08  6.476E-02  5.495E+02  5.403E+02
  1.276E-01  1.168E-01  1.018E+05 -8.280E-09  6.480E-02  5.426E+02  5.415E+02
  1.276E-01  1.231E-01  1.018E+05 -1.807E-09  6.482E-02  5.267E+02  5.325E+02
  1.276E-01  1.294E-01  1.018E+05  9.294E-10  6.485E-02  5.038E+02  5.153E+02
  1.276E-01  1.357E-01  1.018E+05 -2.928E-08  6.486E-02  4.769E+02  4.923E+02
  1.276E-01  1.420E-01  1.017E+05 -5.374E-08  6.487E-02  4.487E+02  4.662E+02
  1.276E-01  1.483E-01  1.017E+05 -2.388E-08  6.487E-02  4.213E+02  4.394E+02
  1.276E-01  1.547E-01  1.017E+05  8.437E-09  6.486E-02  3.962E+02  4.137E+02
  1.276E-01  1.610E-01  1.017E+05  9.721E-09  6.486E-02  3.743E+02  3.903E+02
  1.276E-01  1.673E-01  1.017E+05  5.937E-09  6.485E-02  3.559E+02  3.698E+02
  1.276E-01  1.736E-01  1.017E+05  6.276E-09  6.483E-02  3.408E+02  3.525E+02
  1.276E-01  1.799E-01  1.017E+05  6.354E-09  6.483E-02  3.288E+02  3.384E+02
  1.276E-01  1.862E-01  1.017E+05  7.031E-09  6.483E-02  3.195E+02  3.272E+02
  1.276E-01  1.925E-01  1.017E+05  7.845E-09  6.482E-02  3.124E+02  3.184E+02
  1.276E-01  1.988E-01  1.017E+05  8.547E-09  6.481E-02  3.070E+02  3.116E+02
  1.276E-01  2.052E-01  1.017E+05  9.234E-09  6.480E-02  3.031E+02  3.066E+02
  1.276E-01  2.115E-01  1.017E+05  9.762E-09  6.480E-02  3.002E+02  3.028E+02
  1.276E-01  2.178E-01  1.017E+05  1.014E-08  6.480E-02  2.982E+02  3.000E+02
  1.276E-01  2.241E-01  1.017E+05  1.010E-08  6.480E-02  2.967E+02  2.981E+02
  1.276E-01  2.304E-01  1.016E+05  9.851E-09  6.480E-02  2.957E+02  2.966E+02
  1.276E-01  2.367E-01  1.016E+05  9.538E-09  6.480E-02  2.949E+02  2.956E+02
  1.276E-01  2.430E-01  1.016E+05  9.038E-09  6.479E-02  2.944E+02  2.949E+02
  1.276E-01  2.493E-01  1.016E+05  8.385E-09  6.479E-02  2.941E+02  2.944E+02
  1.276E-01  2.557E-01  1.016E+05  7.667E-09  6.479E-02  2.938E+02  2.940E+02
  1.276E-01  2.620E-01  1.016E+05  6.890E-09  6.479E-02  2.936E+02  2.938E+02
  1.276E-01  2.683E-01  1.016E+05  6.116E-09  6.479E-02  2.935E+02  2.936E+02
  1.276E-01  2.746E-01  1.016E+05  5.384E-09  6.479E-02  2.934E+02  2.935E+02
  1.276E-01  2.809E-01  1.016E+05  4.752E-09  6.479E-02  2.933E+02  2.934E+02
  1.276E-01  2.872E-01  1.016E+05  4.369E-09  6.479E-02  2.933E+02  2.933E+02
  1.276E-01  2.935E-01  1.016E+05  4.216E-09  6.479E-02  2.932E+02  2.933E+02
  1.276E-01  2.998E-01  1.016E+05  4.709E-09  6.479E-02  2.932E+02  2.932E+02
  1.276E-01  3.062E-01  1.016E+05  6.058E-09  6.479E-02  2.932E+02  2.932E+02
  1.276E-01  3.125E-01  1.015E+05  6.609E-09  6.479E-02  2.932E+02  2.932E+02
  1.276E-01  3.188E-01  1.015E+05  5.010E-09  6.479E-02  2.931E+02  2.931E+02
  1.276E-01  3.251E-01  1.015E+05  2.650E-09  6.479E-02  2.931E+02  2.931E+02
  1.276E-01  3.314E-01  1.015E+05  1.033E-09  6.481E-02  2.931E+02  2.931E+02
  1.276E-01  3.377E-01  1.015E+05  1.533E-10  6.481E-02  2.931E+02  2.931E+02
  1.276E-01  3.440E-01  1.015E+05 -4.954E-10  6.479E-02  2.931E+02  2.931E+02
  1.276E-01  3.503E-01  1.015E+05 -8.871E-10  6.479E-02  2.931E+02  2.931E+02
  1.276E-01  3.567E-01  1.015E+05 -1.129E-09  6.479E-02  2.931E+02  2.931E+02
  1.276E-01  3.630E-01  1.015E+05 -1.272E-09  6.479E-02  2.931E+02  2.931E+02
  1.276E-01  3.693E-01  1.015E+05 -1.354E-09  6.479E-02  2.931E+02  2.931E+02
  1.276E-01  3.756E-01  1.015E+05 -1.397E-09  6.479E-02  2.930E+02  2.931E+02
  1.276E-01  3.819E-01  1.015E+05 -1.402E-09  6.479E-02  2.930E+02  2.930E+02
  1.276E-01  3.882E-01  1.015E+05 -1.398E-09  6.479E-02  2.930E+02  2.930E+02
  1.276E-01  3.945E-01  1.015E+05 -1.389E-09  6.479E-02  2.930E+02  2.930E+02
  1.276E-01  4.008E-01  1.014E+05 -1.370E-09  6.479E-02  2.930E+02  2.930E+02
  1.276E-01  4.072E-01  1.014E+05 -1.292E-09  6.479E-02  2.930E+02  2.930E+02
  1.276E-01  4.135E-01  1.014E+05 -1.296E-09  6.481E-02  2.930E+02  2.930E+02
  1.276E-01  4.198E-01  1.014E+05 -1.218E-09  6.481E-02  2.930E+02  2.930E+02
  1.276E-01  4.261E-01  1.014E+05 -1.154E-09  6.479E-02  2.930E+02  2.930E+02
  1.276E-01  4.324E-01  1.014E+05 -1.077E-09  6.479E-02  2.930E+02  2.930E+02
  1.276E-01  4.387E-01  1.014E+05 -9.901E-10  6.479E-02  2.930E+02  2.930E+02
  1.276E-01  4.450E-01  1.014E+05 -8.620E-10  6.479E-02  2.930E+02  2.930E+02
  1.276E-01  4.513E-01  1.014E+05 -7.202E-10  6.479E-02  2.930E+02  2.930E+02
  1.276E-01  4.577E-01  1.014E+05 -6.098E-10  6.479E-02  2.930E+02  2.930E+02
  1.276E-01  4.640E-01  1.014E+05 -5.188E-10  6.479E-02  2.930E+02  2.930E+02
  1.276E-01  4.703E-01  1.014E+05 -4.667E-10  6.479E-02  2.930E+02  2.930E+02
  1.276E-01  4.766E-01  1.014E+05 -4.512E-10  6.479E-02  2.930E+02  2.930E+02
  1.276E-01  4.829E-01  1.014E+05 -3.670E-10  6.480E-02  2.930E+02  2.930E+02
  1.276E-01  4.892E-01  1.013E+05 -2.721E-10  6.483E-02  2.930E+02  2.930E+02
  1.276E-01  4.955E-01  1.013E+05 -1.836E-10  6.491E-02  2.930E+02  2.930E+02
  1.276E-01  5.018E-01  1.013E+05 -1.020E-10  6.500E-02  2.930E+02  2.930E+02
  1.276E-01  5.050E-01  1.013E+05 -1.020E-10  6.500E-02  2.930E+02  2.930E+02
  1.559E-01  0.000E+00  1.019E+05 -1.899E-06  6.500E-02  2.930E+02  2.931E+02
  1.559E-01  3.156E-03  1.019E+05 -1.899E-06  6.455E-02  2.931E+02  2.931E+02
  1.559E-01  9.469E-03  1.019E+05 -7.967E-07  6.471E-02  2.933E+02  2.932E+02
  1.559E-01  1.578E-02  1.019E+05  2.426E-07  6.477E-02  2.935E+02  2.934E+02
  1.559E-01  2.209E-02  1.019E+05  2.819E-08  6.479E-02  2.939E+02  2.937E+02
  1.559E-01  2.841E-02  1.019E+05  3.461E-08  6.480E-02  2.946E+02  2.942E+02
  1.559E-01  3.472E-02  1.019E+05  1.387E-08  6.479E-02  2.955E+02  2.950E+02
  1.559E-01  4.103E-02  1.019E+05  4.339E-09  6.479E-02  2.971E+02  2.962E+02
  1.559E-01  4.734E-02  1.019E+05 -2.276E-09  6.479E-02  2.994E+02  2.982E+02
  1.559E-01  5.366E-02  1.018E+05 -5.759E-09  6.479E-02  3.032E+02  3.012E+02
  1.559E-01  5.997E-02  1.018E+05 -7.323E-09  6.478E-02  3.088E+02  3.058E+02
  1.559E-01  6.628E-02  1.018E+05 -7.602E-09  6.477E-02  3.173E+02  3.127E+02
  1.559E-01  7.259E-02  1.018E+05 -6.947E-09  6.476E-02  3.296E+02  3.229E+02
  1.559E-01  7.891E-02  1.018E+05 -5.896E-09  6.476E-02  3.472E+02  3.375E+02
  1.559E-01  8.522E-02  1.018E+05 -5.271E-09  6.474E-02  3.722E+02  3.584E+02
  1.559E-01  9.153E-02  1.018E+05 -5.375E-09  6.472E-02  4.078E+02  3.882E+02
  1.559E-01  9.784E-02  1.018E+05 -5.683E-09  6.467E-02  4.616E+02  4.330E+02
  1.559E-01  1.042E-01  1.018E+05 -5.681E-09  6.484E-02  5.511E+02  5.273E+02
  1.559E-01  1.105E-01  1.018E+05 -4.425E-09  6.476E-02  5.495E+02  5.404E+02
  1.559E-01  1.168E-01  1.018E+05 -1.798E-09  6.480E-02  5.426E+02  5.415E+02
  1.559E-01  1.231E-01  1.018E+05  2.203E-09  6.482E-02  5.267E+02  5.325E+02
  1.559E-01  1.294E-01  1.018E+05  6.561E-09  6.485E-02  5.038E+02  5.153E+02
  1.559E-01  1.357E-01  1.018E+05  1.037E-08  6.486E-02  4.769E+02  4.923E+02
  1.559E-01  1.420E-01  1.017E+05  1.309E-08  6.487E-02  4.487E+02  4.662E+02
  1.559E-01  1.483E-01  1.017E+05  1.513E-08  6.487E-02  4.213E+02  4.394E+02
  1.559E-01  1.547E-01  1.017E+05  1.673E-08  6.486E-02  3.962E+02  4.137E+02
  1.559E-01  1.610E-01  1.017E+05  1.859E-08  6.486E-02  3.743E+02  3.903E+02
  1.559E-01  1.673E-01  1.017E+05  1.948E-08  6.485E-02  3.559E+02  3.698E+02
  1.559E-01  1.736E-01  1.017E+05  1.782E-08  6.483E-02  3.408E+02  3.526E+02
  1.559E-01  1.799E-01  1.017E+05  1.518E-08  6.483E-02  3.288E+02  3.384E+02
  1.559E-01  1.862E-01  1.017E+05  1.335E-08  6.483E-02  3.195E+02  3.272E+02
  1.559E-01  1.925E-01  1.017E+05  1.191E-08  6.482E-02  3.124E+02  3.184E+02
  1.559E-01  1.988E-01  1.017E+05  1.041E-08  6.481E-02  3.070E+02  3.116E+02
  1.559E-01  2.052E-01  1.017E+05  9.031E-09  6.480E-02  3.031E+02  3.066E+02
  1.559E-01  2.115E-01  1.017E+05  7.586E-09  6.480E-02  3.002E+02  3.028E+02
  1.559E-01  2.178E-01  1.017E+05  6.192E-09  6.480E-02  2.982E+02  3.001E+02
  1.559E-01  2.241E-01  1.017E+05  4.834E-09  6.480E-02  2.967E+02  2.981E+02
  1.559E-01  2.304E-01  1.016E+05  3.579E-09  6.480E-02  2.957E+02  2.966E+02
  1.559E-01  2.367E-01  1.016E+05  2.451E-09  6.480E-02  2.949E+02  2.956E+02
  1.559E-01  2.430E-01  1.016E+05  1.504E-09  6.479E-02  2.944E+02  2.949E+02
  1.559E-01  2.493E-01  1.016E+05  7.845E-10  6.479E-02  2.941E+02  2.944E+02
  1.559E-01  2.557E-01  1.016E+05  3.273E-10  6.479E-02  2.938E+02  2.940E+02
  1.559E-01  2.620E-01  1.016E+05  1.849E-10  6.479E-02  2.936E+02  2.938E+02
  1.559E-01  2.683E-01  1.016E+05  3.843E-10  6.479E-02  2.935E+02  2.936E+02
  1.559E-01  2.746E-01  1.016E+05  9.340E-10  6.479E-02  2.934E+02  2.935E+02
  1.559E-01  2.809E-01  1.016E+05  2.179E-09  6.479E-02  2.933E+02  2.934E+02
  1.559E-01  2.872E-01  1.016E+05  3.248E-09  6.479E-02  2.933E+02  2.933E+02
  1.559E-01  2.935E-01  1.016E+05  7.990E-09  6.479E-02  2.932E+02  2.933E+02
  1.559E-01  2.998E-01  1.016E+05  7.639E-09  6.479E-02  2.932E+02  2.932E+02
  1.559E-01  3.062E-01  1.016E+05 -2.503E-08  6.479E-02  2.932E+02  2.932E+02
  1.559E-01  3.125E-01  1.015E+05 -5.310E-08  6.479E-02  2.932E+02  2.932E+02
  1.559E-01  3.188E-01  1.015E+05 -2.565E-08  6.479E-02  2.931E+02  2.931E+02
  1.559E-01  3.251E-01  1.015E+05  7.408E-09  6.479E-02  2.931E+02  2.931E+02
  1.559E-01  3.314E-01  1.015E+05  8.076E-09  6.481E-02  2.931E+02  2.931E+02
  1.559E-01  3.377E-01  1.015E+05  3.287E-09  6.481E-02  2.931E+02  2.931E+02
  1.559E-01  3.440E-01  1.015E+05  2.077E-09  6.479E-02  2.931E+02  2.931E+02
  1.559E-01  3.503E-01  1.015E+05  6.481E-10  6.479E-02  2.931E+02  2.931E+02
  1.559E-01  3.567E-01  1.015E+05 -2.121E-10  6.479E-02  2.931E+02  2.931E+02
  1.559E-01  3.630E-01  1.015E+05 -8.296E-10  6.479E-02  2.931E+02  2.931E+02
  1.559E-01  3.693E-01  1.015E+05 -1.235E-09  6.479E-02  2.931E+02  2.931E+02
  1.559E-01  3.756E-01  1.015E+05 -1.503E-09  6.479E-02  2.930E+02  2.931E+02
  1.559E-01  3.819E-01  1.015E+05 -1.676E-09  6.479E-02  2.930E+02  2.930E+02
  1.559E-01  3.882E-01  1.015E+05 -1.779E-09  6.479E-02  2.930E+02  2.930E+02
  1.559E-01  3.945E-01  1.015E+05 -1.808E-09  6.479E-02  2.930E+02  2.930E+02
  1.559E-01  4.008E-01  1.014E+05 -1.787E-09  6.479E-02  2.930E+02  2.930E+02
  1.559E-01  4.072E-01  1.014E+05 -1.690E-09  6.479E-02  2.930E+02  2.930E+02
  1.559E-01  4.135E-01  1.014E+05 -1.658E-09  6.481E-02  2.930E+02  2.930E+02
  1.559E-01  4.198E-01  1.014E+05 -1.534E-09  6.481E-02  2.930E+02  2.930E+02
  1.559E-01  4.261E-01  1.014E+05 -1.418E-09  6.479E-02  2.930E+02  2.930E+02
  1.559E-01  4.324E-01  1.014E+05 -1.285E-09  6.479E-02  2.930E+02  2.930E+02
  1.559E-01  4.387E-01  1.014E+05 -1.134E-09  6.479E-02  2.930E+02  2.930E+02
  1.559E-01  4.450E-01  1.014E+05 -9.829E-10  6.479E-02  2.930E+02  2.930E+02
  1.559E-01  4.513E-01  1.014E+05 -8.444E-10  6.479E-02  2.930E+02  2.930E+02
  1.559E-01  4.577E-01  1.014E+05 -7.009E-10  6.479E-02  2.930E+02  2.930E+02
  1.559E-01  4.640E-01  1.014E+05 -5.715E-10  6.479E-02  2.930E+02  2.930E+02
  1.559E-01  4.703E-01  1.014E+05 -4.923E-10  6.479E-02  2.930E+02  2.930E+02
  1.559E-01  4.766E-01  1.014E+05 -4.587E-10  6.479E-02  2.930E+02  2.930E+02
  1.559E-01  4.829E-01  1.014E+05 -3.638E-10  6.480E-02  2.930E+02  2.930E+02
  1.559E-01  4.892E-01  1.013E+05 -2.633E-10  6.483E-02  2.930E+02  2.930E+02
  1.559E-01  4.955E-01  1.013E+05 -1.748E-10  6.491E-02  2.930E+02  2.930E+02
  1.559E-01  5.018E-01  1.013E+05 -9.429E-11  6.500E-02  2.930E+02  2.930E+02
  1.559E-01  5.050E-01  1.013E+05 -9.429E-11  6.500E-02  2.930E+02  2.930E+02
  1.843E-01  0.000E+00  1.019E+05 -1.463E-07  6.500E-02  2.930E+02  2.931E+02
  1.843E-01  3.156E-03  1.019E+05 -1.463E-07  6.455E-02  2.931E+02  2.931E+02
  1.843E-01  9.469E-03  1.019E+05 -1.381E-07  6.471E-02  2.933E+02  2.932E+02
  1.843E-01  1.578E-02  1.019E+05 -1.076E-07  6.477E-02  2.935E+02  2.934E+02
  1.843E-01  2.209E-02  1.019E+05 -9.382E-08  6.479E-02  2.939E+02  2.937E+02
  1.843E-01  2.841E-02  1.019E+05 -7.680E-08  6.480E-02  2.946E+02  2.942E+02
  1.843E-01  3.472E-02  1.019E+05 -6.182E-08  6.479E-02  2.955E+02  2.950E+02
  1.843E-01  4.103E-02  1.019E+05 -5.031E-08  6.479E-02  2.970E+02  2.962E+02
  1.843E-01  4.734E-02  1.019E+05 -4.133E-08  6.479E-02  2.994E+02  2.982E+02
  1.843E-01  5.366E-02  1.018E+05 -3.347E-08  6.479E-02  3.032E+02  3.012E+02
  1.843E-01  5.997E-02  1.018E+05 -2.646E-08  6.478E-02  3.088E+02  3.058E+02
  1.843E-01  6.628E-02  1.018E+05 -1.988E-08  6.477E-02  3.172E+02  3.127E+02
  1.843E-01  7.259E-02  1.018E+05 -1.385E-08  6.476E-02  3.296E+02  3.229E+02
  1.843E-01  7.891E-02  1.018E+05 -8.624E-09  6.476E-02  3.472E+02  3.375E+02
  1.843E-01  8.522E-02  1.018E+05 -5.024E-09  6.474E-02  3.722E+02  3.584E+02
  1.843E-01  9.153E-02  1.018E+05 -3.065E-09  6.472E-02  4.078E+02  3.882E+02
  1.843E-01  9.784E-02  1.018E+05 -4.640E-10  6.467E-02  4.616E+02  4.330E+02
  1.843E-01  1.042E-01  1.018E+05  1.148E-09  6.484E-02  5.511E+02  5.273E+02
  1.843E-01  1.105E-01  1.018E+05 -7.301E-10  6.476E-02  5.495E+02  5.403E+02
  1.843E-01  1.168E-01  1.018E+05 -2.424E-09  6.480E-02  5.425E+02  5.415E+02
  1.843E-01  1.231E-01  1.018E+05 -6.593E-09  6.482E-02  5.267E+02  5.325E+02
  1.843E-01  1.294E-01  1.018E+05 -7.389E-09  6.485E-02  5.038E+02  5.153E+02
  1.843E-01  1.357E-01  1.018E+05  2.493E-08  6.486E-02  4.769E+02  4.923E+02
  1.843E-01  1.420E-01  1.017E+05  5.198E-08  6.487E-02  4.487E+02  4.662E+02
  1.843E-01  1.483E-01  1.017E+05  2.561E-08  6.487E-02  4.213E+02  4.394E+02
  1.843E-01  1.547E-01  1.017E+05 -2.258E-09  6.486E-02  3.963E+02  4.137E+02
  1.843E-01  1.610E-01  1.017E+05  1.808E-09  6.486E-02  3.744E+02  3.903E+02
  1.843E-01  1.673E-01  1.017E+05  9.894E-09  6.485E-02  3.559E+02  3.698E+02
  1.843E-01  1.736E-01  1.017E+05  1.114E-08  6.483E-02  3.408E+02  3.526E+02
  1.843E-01  1.799E-01  1.017E+05  1.110E-08  6.483E-02  3.288E+02  3.384E+02
  1.843E-01  1.862E-01  1.017E+05  1.080E-08  6.483E-02  3.195E+02  3.272E+02
  1.843E-01  1.925E-01  1.017E+05  1.033E-08  6.482E-02  3.124E+02  3.184E+02
  1.843E-01  1.988E-01  1.017E+05  9.380E-09  6.481E-02  3.070E+02  3.116E+02
  1.843E-01  2.052E-01  1.017E+05  8.316E-09  6.480E-02  3.031E+02  3.066E+02
  1.843E-01  2.115E-01  1.017E+05  6.968E-09  6.480E-02  3.003E+02  3.028E+02
  1.843E-01  2.178E-01  1.017E+05  5.517E-09  6.480E-02  2.982E+02  3.001E+02
  1.843E-01  2.241E-01  1.017E+05  4.046E-09  6.480E-02  2.967E+02  2.981E+02
  1.843E-01  2.304E-01  1.016E+05  2.629E-09  6.480E-02  2.957E+02  2.967E+02
  1.843E-01  2.367E-01  1.016E+05  1.357E-09  6.480E-02  2.950E+02  2.956E+02
  1.843E-01  2.430E-01  1.016E+05  2.995E-10  6.480E-02  2.944E+02  2.949E+02
  1.843E-01  2.493E-01  1.016E+05 -5.333E-10  6.479E-02  2.941E+02  2.944E+02
  1.843E-01  2.557E-01  1.016E+05 -1.105E-09  6.479E-02  2.938E+02  2.941E+02
  1.843E-01  2.620E-01  1.016E+05 -1.375E-09  6.479E-02  2.936E+02  2.938E+02
  1.843E-01  2.683E-01  1.016E+05 -1.330E-09  6.479E-02  2.935E+02  2.936E+02
  1.843E-01  2.746E-01  1.016E+05 -9.959E-10  6.479E-02  2.934E+02  2.935E+02
  1.843E-01  2.809E-01  1.016E+05 -6.204E-11  6.479E-02  2.933E+02  2.934E+02
  1.843E-01  2.872E-01  1.016E+05  5.791E-10  6.479E-02  2.933E+02  2.933E+02
  1.843E-01  2.935E-01  1.016E+05  4.819E-09  6.479E-02  2.932E+02  2.933E+02
  1.843E-01  2.998E-01  1.016E+05  3.915E-09  6.479E-02  2.932E+02  2.932E+02
  1.843E-01  3.062E-01  1.016E+05 -2.931E-08  6.479E-02  2.932E+02  2.932E+02
  1.843E-01  3.125E-01  1.015E+05 -5.761E-08  6.479E-02  2.932E+02  2.932E+02
  1.843E-01  3.188E-01  1.015E+05 -2.987E-08  6.479E-02  2.931E+02  2.932E+02
  1.843E-01  3.251E-01  1.015E+05  3.832E-09  6.479E-02  2.931E+02  2.931E+02
  1.843E-01  3.314E-01  1.015E+05  5.193E-09  6.481E-02  2.931E+02  2.931E+02
  1.843E-01  3.377E-01  1.015E+05  1.028E-09  6.481E-02  2.931E+02  2.931E+02
  1.843E-01  3.440E-01  1.015E+05  3.564E-10  6.479E-02  2.931E+02  2.931E+02
  1.843E-01  3.503E-01  1.015E+05 -6.434E-10  6.479E-02  2.931E+02  2.931E+02
  1.843E-01  3.567E-01  1.015E+05 -1.173E-09  6.479E-02  2.931E+02  2.931E+02
  1.843E-01  3.630E-01  1.015E+05 -1.533E-09  6.479E-02  2.931E+02  2.931E+02
  1.843E-01  3.693E-01  1.015E+05 -1.724E-09  6.479E-02  2.931E+02  2.931E+02
  1.843E-01  3.756E-01  1.015E+05 -1.818E-09  6.479E-02  2.930E+02  2.931E+02
  1.843E-01  3.819E-01  1.015E+05 -1.857E-09  6.479E-02  2.930E+02  2.930E+02
  1.843E-01  3.882E-01  1.015E+05 -1.834E-09  6.479E-02  2.930E+02  2.930E+02
  1.843E-01  3.945E-01  1.015E+05 -1.768E-09  6.479E-02  2.930E+02  2.930E+02
  1.843E-01  4.008E-01  1.014E+05 -1.683E-09  6.479E-02  2.930E+02  2.930E+02
  1.843E-01  4.072E-01  1.014E+05 -1.530E-09  6.479E-02  2.930E+02  2.930E+02
  1.843E-01  4.135E-01  1.014E+05 -1.457E-09  6.481E-02  2.930E+02  2.930E+02
  1.843E-01  4.198E-01  1.014E+05 -1.305E-09  6.481E-02  2.930E+02  2.930E+02
  1.843E-01  4.261E-01  1.014E+05 -1.173E-09  6.479E-02  2.930E+02  2.930E+02
  1.843E-01  4.324E-01  1.014E+05 -1.037E-09  6.479E-02  2.930E+02  2.930E+02
  1.843E-01  4.387E-01  1.014E+05 -8.940E-10  6.479E-02  2.930E+02  2.930E+02
  1.843E-01  4.450E-01  1.014E+05 -7.639E-10  6.479E-02  2.930E+02  2.930E+02
  1.843E-01  4.513E-01  1.014E+05 -6.316E-10  6.479E-02  2.930E+02  2.930E+02
  1.843E-01  4.577E-01  1.014E+05 -4.968E-10  6.479E-02  2.930E+02  2.930E+02
  1.843E-01  4.640E-01  1.014E+05 -3.987E-10  6.479E-02  2.930E+02  2.930E+02
  1.843E-01  4.703E-01  1.014E+05 -3.413E-10  6.479E-02  2.930E+02  2.930E+02
  1.843E-01  4.766E-01  1.014E+05 -3.494E-10  6.479E-02  2.930E+02  2.930E+02
  1.843E-01  4.829E-01  1.014E+05 -2.939E-10  6.480E-02  2.930E+02  2.930E+02
  1.843E-01  4.892E-01  1.013E+05 -2.085E-10  6.483E-02  2.930E+02  2.930E+02
  1.843E-01  4.955E-01  1.013E+05 -1.382E-10  6.491E-02  2.930E+02  2.930E+02
  1.843E-01  5.018E-01  1.013E+05 -6.632E-11  6.500E-02  2.930E+02  2.930E+02
  1.843E-01  5.050E-01  1.013E+05 -6.632E-11  6.500E-02  2.930E+02  2.930E+02
  2.126E-01  0.000E+00  1.019E+05  4.000E-08  6.500E-02  2.930E+02  2.931E+02
  2.126E-01  3.156E-03  1.019E+05  4.000E-08  6.455E-02  2.931E+02  2.931E+02
  2.126E-01  9.469E-03  1.019E+05  5.557E-09  6.471E-02  2.933E+02  2.932E+02
  2.126E-01  1.578E-02  1.019E+05 -4.470E-08  6.477E-02  2.935E+02  2.934E+02
  2.126E-01  2.209E-02  1.019E+05 -8.413E-08  6.479E-02  2.939E+02  2.937E+02
  2.126E-01  2.841E-02  1.019E+05 -5.809E-08  6.480E-02  2.946E+02  2.942E+02
  2.126E-01  3.472E-02  1.019E+05 -2.214E-08  6.479E-02  2.955E+02  2.950E+02
  2.126E-01  4.103E-02  1.019E+05 -1.907E-08  6.479E-02  2.970E+02  2.962E+02
  2.126E-01  4.734E-02  1.019E+05 -2.141E-08  6.479E-02  2.994E+02  2.982E+02
  2.126E-01  5.366E-02  1.018E+05 -1.969E-08  6.479E-02  3.032E+02  3.012E+02
  2.126E-01  5.997E-02  1.018E+05 -1.833E-08  6.478E-02  3.088E+02  3.058E+02
  2.126E-01  6.628E-02  1.018E+05 -1.639E-08  6.477E-02  3.173E+02  3.127E+02
  2.126E-01  7.259E-02  1.018E+05 -1.437E-08  6.476E-02  3.296E+02  3.229E+02
  2.126E-01  7.891E-02  1.018E+05 -1.230E-08  6.476E-02  3.472E+02  3.375E+02
  2.126E-01  8.522E-02  1.018E+05 -9.903E-09  6.474E-02  3.722E+02  3.584E+02
  2.126E-01  9.153E-02  1.018E+05 -7.443E-09  6.472E-02  4.078E+02  3.882E+02
  2.126E-01  9.784E-02  1.018E+05 -5.162E-09  6.467E-02  4.616E+02  4.330E+02
  2.126E-01  1.042E-01  1.018E+05 -3.479E-09  6.484E-02  5.511E+02  5.273E+02
  2.126E-01  1.105E-01  1.018E+05 -2.713E-09  6.476E-02  5.496E+02  5.404E+02
  2.126E-01  1.168E-01  1.018E+05 -3.045E-09  6.480E-02  5.426E+02  5.415E+02
  2.126E-01  1.231E-01  1.018E+05 -3.458E-09  6.482E-02  5.267E+02  5.325E+02
  2.126E-01  1.294E-01  1.018E+05 -2.981E-09  6.485E-02  5.039E+02  5.153E+02
  2.126E-01  1.357E-01  1.018E+05 -5.172E-10  6.486E-02  4.769E+02  4.923E+02
  2.126E-01  1.420E-01  1.017E+05  2.030E-09  6.487E-02  4.487E+02  4.663E+02
  2.126E-01  1.483E-01  1.017E+05  2.861E-09  6.487E-02  4.213E+02  4.394E+02
  2.126E-01  1.547E-01  1.017E+05  3.513E-09  6.486E-02  3.963E+02  4.137E+02
  2.126E-01  1.610E-01  1.017E+05  5.302E-09  6.486E-02  3.744E+02  3.903E+02
  2.126E-01  1.673E-01  1.017E+05  7.384E-09  6.485E-02  3.559E+02  3.698E+02
  2.126E-01  1.736E-01  1.017E+05  9.135E-09  6.483E-02  3.408E+02  3.526E+02
  2.126E-01  1.799E-01  1.017E+05  1.022E-08  6.483E-02  3.288E+02  3.384E+02
  2.126E-01  1.862E-01  1.017E+05  1.082E-08  6.483E-02  3.195E+02  3.272E+02
  2.126E-01  1.925E-01  1.017E+05  1.103E-08  6.482E-02  3.124E+02  3.184E+02
  2.126E-01  1.988E-01  1.017E+05  1.078E-08  6.481E-02  3.071E+02  3.117E+02
  2.126E-01  2.052E-01  1.017E+05  1.037E-08  6.480E-02  3.031E+02  3.066E+02
  2.126E-01  2.115E-01  1.017E+05  9.635E-09  6.480E-02  3.003E+02  3.028E+02
  2.126E-01  2.178E-01  1.017E+05  8.801E-09  6.480E-02  2.982E+02  3.001E+02
  2.126E-01  2.241E-01  1.017E+05  7.890E-09  6.480E-02  2.967E+02  2.981E+02
  2.126E-01  2.304E-01  1.016E+05  6.909E-09  6.480E-02  2.957E+02  2.967E+02
  2.126E-01  2.367E-01  1.016E+05  5.950E-09  6.480E-02  2.950E+02  2.957E+02
  2.126E-01  2.430E-01  1.016E+05  5.053E-09  6.480E-02  2.944E+02  2.949E+02
  2.126E-01  2.493E-01  1.016E+05  4.203E-09  6.479E-02  2.941E+02  2.944E+02
  2.126E-01  2.557E-01  1.016E+05  3.421E-09  6.479E-02  2.938E+02  2.941E+02
  2.126E-01  2.620E-01  1.016E+05  2.651E-09  6.479E-02  2.936E+02  2.938E+02
  2.126E-01  2.683E-01  1.016E+05  1.875E-09  6.479E-02  2.935E+02  2.936E+02
  2.126E-01  2.746E-01  1.016E+05  1.048E-09  6.479E-02  2.934E+02  2.935E+02
  2.126E-01  2.809E-01  1.016E+05  5.394E-11  6.479E-02  2.933E+02  2.934E+02
  2.126E-01  2.872E-01  1.016E+05 -1.271E-09  6.479E-02  2.933E+02  2.933E+02
  2.126E-01  2.935E-01  1.016E+05 -2.935E-09  6.479E-02  2.932E+02  2.933E+02
  2.126E-01  2.998E-01  1.016E+05 -5.743E-09  6.479E-02  2.932E+02  2.932E+02
  2.126E-01  3.062E-01  1.016E+05 -1.005E-08  6.479E-02  2.932E+02  2.932E+02
  2.126E-01  3.125E-01  1.015E+05 -1.264E-08  6.479E-02  2.932E+02  2.932E+02
  2.126E-01  3.188E-01  1.015E+05 -1.089E-08  6.479E-02  2.931E+02  2.932E+02
  2.126E-01  3.251E-01  1.015E+05 -7.289E-09  6.479E-02  2.931E+02  2.931E+02
  2.126E-01  3.314E-01  1.015E+05 -5.193E-09  6.481E-02  2.931E+02  2.931E+02
  2.126E-01  3.377E-01  1.015E+05 -4.137E-09  6.481E-02  2.931E+02  2.931E+02
  2.126E-01  3.440E-01  1.015E+05 -3.402E-09  6.479E-02  2.931E+02  2.931E+02
  2.126E-01  3.503E-01  1.015E+05 -2.960E-09  6.479E-02  2.931E+02  2.931E+02
  2.126E-01  3.567E-01  1.015E+05 -2.634E-09  6.479E-02  2.931E+02  2.931E+02
  2.126E-01  3.630E-01  1.015E+05 -2.376E-09  6.479E-02  2.931E+02  2.931E+02
  2.126E-01  3.693E-01  1.015E+05 -2.119E-09  6.479E-02  2.931E+02  2.931E+02
  2.126E-01  3.756E-01  1.015E+05 -1.865E-09  6.479E-02  2.930E+02  2.931E+02
  2.126E-01  3.819E-01  1.015E+05 -1.620E-09  6.479E-02  2.930E+02  2.930E+02
  2.126E-01  3.882E-01  1.015E+05 -1.386E-09  6.479E-02  2.930E+02  2.930E+02
  2.126E-01  3.945E-01  1.015E+05 -1.200E-09  6.479E-02  2.930E+02  2.930E+02
  2.126E-01  4.008E-01  1.014E+05 -1.047E-09  6.479E-02  2.930E+02  2.930E+02
  2.126E-01  4.072E-01  1.014E+05 -8.410E-10  6.479E-02  2.930E+02  2.930E+02
  2.126E-01  4.135E-01  1.014E+05 -7.296E-10  6.481E-02  2.930E+02  2.930E+02
  2.126E-01  4.198E-01  1.014E+05 -5.728E-10  6.481E-02  2.930E+02  2.930E+02
  2.126E-01  4.261E-01  1.014E+05 -4.617E-10  6.479E-02  2.930E+02  2.930E+02
  2.126E-01  4.324E-01  1.014E+05 -3.683E-10  6.479E-02  2.930E+02  2.930E+02
  2.126E-01  4.387E-01  1.014E+05 -2.885E-10  6.479E-02  2.930E+02  2.930E+02
  2.126E-01  4.450E-01  1.014E+05 -2.110E-10  6.479E-02  2.930E+02  2.930E+02
  2.126E-01  4.513E-01  1.014E+05 -1.353E-10  6.479E-02  2.930E+02  2.930E+02
  2.126E-01  4.577E-01  1.014E+05 -7.938E-11  6.479E-02  2.930E+02  2.930E+02
  2.126E-01  4.640E-01  1.014E+05 -5.312E-11  6.479E-02  2.930E+02  2.930E+02
  2.126E-01  4.703E-01  1.014E+05 -6.264E-11  6.479E-02  2.930E+02  2.930E+02
  2.126E-01  4.766E-01  1.014E+05 -1.301E-10  6.479E-02  2.930E+02  2.930E+02
  2.126E-01  4.829E-01  1.014E+05 -1.274E-10  6.480E-02  2.930E+02  2.930E+02
  2.126E-01  4.892E-01  1.013E+05 -8.861E-11  6.483E-02  2.930E+02  2.930E+02
  2.126E-01  4.955E-01  1.013E+05 -6.250E-11  6.491E-02  2.930E+02  2.930E+02
  2.126E-01  5.018E-01  1.013E+05 -1.572E-11  6.500E-02  2.930E+02  2.930E+02
  2.126E-01  5.050E-01  1.013E+05 -1.572E-11  6.500E-02  2.930E+02  2.930E+02
  2.410E-01  0.000E+00  1.019E+05 -1.494E-06  6.500E-02  2.930E+02  2.931E+02
  2.410E-01  3.156E-03  1.019E+05 -1.494E-06  6.455E-02  2.931E+02  2.931E+02
  2.410E-01  9.469E-03  1.019E+05  5.227E-09  6.471E-02  2.933E+02  2.932E+02
  2.410E-01  1.578E-02  1.019E+05 -1.814E-07  6.477E-02  2.935E+02  2.934E+02
  2.410E-01  2.209E-02  1.019E+05 -1.406E-07  6.479E-02  2.939E+02  2.937E+02
  2.410E-01  2.841E-02  1.019E+05 -1.001E-07  6.480E-02  2.946E+02  2.942E+02
  2.410E-01  3.472E-02  1.019E+05 -4.795E-08  6.479E-02  2.955E+02  2.950E+02
  2.410E-01  4.103E-02  1.019E+05 -3.522E-08  6.479E-02  2.970E+02  2.962E+02
  2.410E-01  4.734E-02  1.019E+05 -3.042E-08  6.479E-02  2.994E+02  2.982E+02
  2.410E-01  5.366E-02  1.018E+05 -2.358E-08  6.479E-02  3.031E+02  3.012E+02
  2.410E-01  5.997E-02  1.018E+05 -1.827E-08  6.478E-02  3.088E+02  3.058E+02
  2.410E-01  6.628E-02  1.018E+05 -1.325E-08  6.477E-02  3.172E+02  3.127E+02
  2.410E-01  7.259E-02  1.018E+05 -8.931E-09  6.476E-02  3.296E+02  3.229E+02
  2.410E-01  7.891E-02  1.018E+05 -5.381E-09  6.476E-02  3.472E+02  3.375E+02
  2.410E-01  8.522E-02  1.018E+05 -2.482E-09  6.474E-02  3.721E+02  3.584E+02
  2.410E-01  9.153E-02  1.018E+05 -1.416E-10  6.472E-02  4.078E+02  3.882E+02
  2.410E-01  9.784E-02  1.018E+05  1.590E-09  6.467E-02  4.616E+02  4.330E+02
  2.410E-01  1.042E-01  1.018E+05  2.016E-09  6.484E-02  5.511E+02  5.273E+02
  2.410E-01  1.105E-01  1.018E+05  9.967E-10  6.476E-02  5.495E+02  5.403E+02
  2.410E-01  1.168E-01  1.018E+05 -1.563E-09  6.480E-02  5.425E+02  5.415E+02
  2.410E-01  1.231E-01  1.018E+05 -5.007E-09  6.482E-02  5.267E+02  5.325E+02
  2.410E-01  1.294E-01  1.018E+05 -8.767E-09  6.485E-02  5.038E+02  5.153E+02
  2.410E-01  1.357E-01  1.018E+05 -1.210E-08  6.486E-02  4.769E+02  4.923E+02
  2.410E-01  1.420E-01  1.017E+05 -1.457E-08  6.487E-02  4.487E+02  4.662E+02
  2.410E-01  1.483E-01  1.017E+05 -1.531E-08  6.487E-02  4.213E+02  4.394E+02
  2.410E-01  1.547E-01  1.017E+05 -1.448E-08  6.486E-02  3.963E+02  4.137E+02
  2.410E-01  1.610E-01  1.017E+05 -1.233E-08  6.486E-02  3.744E+02  3.903E+02
  2.410E-01  1.673E-01  1.017E+05 -9.189E-09  6.485E-02  3.559E+02  3.698E+02
  2.410E-01  1.736E-01  1.017E+05 -5.643E-09  6.483E-02  3.408E+02  3.526E+02
  2.410E-01  1.799E-01  1.017E+05 -2.288E-09  6.483E-02  3.288E+02  3.384E+02
  2.410E-01  1.862E-01  1.017E+05  7.397E-10  6.483E-02  3.195E+02  3.272E+02
  2.410E-01  1.925E-01  1.017E+05  3.300E-09  6.482E-02  3.124E+02  3.184E+02
  2.410E-01  1.988E-01  1.017E+05  5.211E-09  6.481E-02  3.071E+02  3.116E+02
  2.410E-01  2.052E-01  1.017E+05  6.670E-09  6.480E-02  3.031E+02  3.066E+02
  2.410E-01  2.115E-01  1.017E+05  7.548E-09  6.480E-02  3.003E+02  3.028E+02
  2.410E-01  2.178E-01  1.017E+05  8.052E-09  6.480E-02  2.982E+02  3.001E+02
  2.410E-01  2.241E-01  1.017E+05  8.234E-09  6.480E-02  2.967E+02  2.981E+02
  2.410E-01  2.304E-01  1.016E+05  8.141E-09  6.480E-02  2.957E+02  2.967E+02
  2.410E-01  2.367E-01  1.016E+05  7.832E-09  6.480E-02  2.950E+02  2.957E+02
  2.410E-01  2.430E-01  1.016E+05  7.366E-09  6.480E-02  2.944E+02  2.949E+02
  2.410E-01  2.493E-01  1.016E+05  6.786E-09  6.479E-02  2.941E+02  2.944E+02
  2.410E-01  2.557E-01  1.016E+05  6.109E-09  6.479E-02  2.938E+02  2.941E+02
  2.410E-01  2.620E-01  1.016E+05  5.348E-09  6.479E-02  2.936E+02  2.938E+02
  2.410E-01  2.683E-01  1.016E+05  4.466E-09  6.479E-02  2.935E+02  2.936E+02
  2.410E-01  2.746E-01  1.016E+05  3.477E-09  6.479E-02  2.934E+02  2.935E+02
  2.410E-01  2.809E-01  1.016E+05  2.395E-09  6.479E-02  2.933E+02  2.934E+02
  2.410E-01  2.872E-01  1.016E+05  1.193E-09  6.479E-02  2.933E+02  2.933E+02
  2.410E-01  2.935E-01  1.016E+05 -3.045E-11  6.479E-02  2.932E+02  2.933E+02
  2.410E-01  2.998E-01  1.016E+05 -1.445E-09  6.479E-02  2.932E+02  2.932E+02
  2.410E-01  3.062E-01  1.016E+05 -2.553E-09  6.479E-02  2.932E+02  2.932E+02
  2.410E-01  3.125E-01  1.015E+05 -3.137E-09  6.479E-02  2.932E+02  2.932E+02
  2.410E-01  3.188E-01  1.015E+05 -3.749E-09  6.479E-02  2.931E+02  2.932E+02
  2.410E-01  3.251E-01  1.015E+05 -3.779E-09  6.479E-02  2.931E+02  2.931E+02
  2.410E-01  3.314E-01  1.015E+05 -3.509E-09  6.481E-02  2.931E+02  2.931E+02
  2.410E-01  3.377E-01  1.015E+05 -3.243E-09  6.481E-02  2.931E+02  2.931E+02
  2.410E-01  3.440E-01  1.015E+05 -2.912E-09  6.479E-02  2.931E+02  2.931E+02
  2.410E-01  3.503E-01  1.015E+05 -2.583E-09  6.479E-02  2.931E+02  2.931E+02
  2.410E-01  3.567E-01  1.015E+05 -2.256E-09  6.479E-02  2.931E+02  2.931E+02
  2.410E-01  3.630E-01  1.015E+05 -1.923E-09  6.479E-02  2.931E+02  2.931E+02
  2.410E-01  3.693E-01  1.015E+05 -1.588E-09  6.479E-02  2.931E+02  2.931E+02
  2.410E-01  3.756E-01  1.015E+05 -1.270E-09  6.479E-02  2.930E+02  2.931E+02
  2.410E-01  3.819E-01  1.015E+05 -9.746E-10  6.479E-02  2.930E+02  2.930E+02
  2.410E-01  3.882E-01  1.015E+05 -7.088E-10  6.479E-02  2.930E+02  2.930E+02
  2.410E-01  3.945E-01  1.015E+05 -4.861E-10  6.479E-02  2.930E+02  2.930E+02
  2.410E-01  4.008E-01  1.014E+05 -3.057E-10  6.479E-02  2.930E+02  2.930E+02
  2.410E-01  4.072E-01  1.014E+05 -1.215E-10  6.479E-02  2.930E+02  2.930E+02
  2.410E-01  4.135E-01  1.014E+05 -4.906E-11  6.481E-02  2.930E+02  2.930E+02
  2.410E-01  4.198E-01  1.014E+05  7.219E-11  6.481E-02  2.930E+02  2.930E+02
  2.410E-01  4.261E-01  1.014E+05  1.320E-10  6.479E-02  2.930E+02  2.930E+02
  2.410E-01  4.324E-01  1.014E+05  1.711E-10  6.479E-02  2.930E+02  2.930E+02
  2.410E-01  4.387E-01  1.014E+05  1.704E-10  6.479E-02  2.930E+02  2.930E+02
  2.410E-01  4.450E-01  1.014E+05  1.655E-10  6.479E-02  2.930E+02  2.930E+02
  2.410E-01  4.513E-01  1.014E+05  1.807E-10  6.479E-02  2.930E+02  2.930E+02
  2.410E-01  4.577E-01  1.014E+05  1.734E-10  6.479E-02  2.930E+02  2.930E+02
  2.410E-01  4.640E-01  1.014E+05  1.398E-10  6.479E-02  2.930E+02  2.930E+02
  2.410E-01  4.703E-01  1.014E+05  6.484E-11  6.479E-02  2.930E+02  2.930E+02
  2.410E-01  4.766E-01  1.014E+05 -2.110E-11  6.479E-02  2.930E+02  2.930E+02
  2.410E-01  4.829E-01  1.014E+05 -3.272E-11  6.480E-02  2.930E+02  2.930E+02
  2.410E-01  4.892E-01  1.013E+05 -4.249E-11  6.483E-02  2.930E+02  2.930E+02
  2.410E-01  4.955E-01  1.013E+05 -4.505E-11  6.491E-02  2.930E+02  2.930E+02
  2.410E-01  5.018E-01  1.013E+05 -1.297E-11  6.500E-02  2.930E+02  2.930E+02
  2.410E-01  5.050E-01  1.013E+05 -1.297E-11  6.500E-02  2.930E+02  2.930E+02
  2.693E-01  0.000E+00  1.019E+05 -1.446E-06  6.500E-02  2.930E+02  2.931E+02
  2.693E-01  3.156E-03  1.019E+05 -1.446E-06  6.455E-02  2.931E+02  2.931E+02
  2.693E-01  9.469E-03  1.019E+05  3.680E-08  6.472E-02  2.933E+02  2.932E+02
  2.693E-01  1.578E-02  1.019E+05 -1.390E-07  6.477E-02  2.935E+02  2.934E+02
  2.693E-01  2.209E-02  1.019E+05 -7.660E-08  6.479E-02  2.939E+02  2.937E+02
  2.693E-01  2.841E-02  1.019E+05 -6.813E-08  6.480E-02  2.945E+02  2.942E+02
  2.693E-01  3.472E-02  1.019E+05 -5.075E-08  6.479E-02  2.955E+02  2.950E+02
  2.693E-01  4.103E-02  1.019E+05 -3.847E-08  6.479E-02  2.970E+02  2.962E+02
  2.693E-01  4.734E-02  1.019E+05 -2.805E-08  6.479E-02  2.994E+02  2.982E+02
  2.693E-01  5.366E-02  1.018E+05 -1.917E-08  6.479E-02  3.031E+02  3.012E+02
  2.693E-01  5.997E-02  1.018E+05 -1.158E-08  6.478E-02  3.088E+02  3.058E+02
  2.693E-01  6.628E-02  1.018E+05 -5.134E-09  6.477E-02  3.172E+02  3.127E+02
  2.693E-01  7.259E-02  1.018E+05  4.803E-11  6.476E-02  3.296E+02  3.229E+02
  2.693E-01  7.891E-02  1.018E+05  3.767E-09  6.475E-02  3.472E+02  3.375E+02
  2.693E-01  8.522E-02  1.018E+05  5.869E-09  6.474E-02  3.722E+02  3.584E+02
  2.693E-01  9.153E-02  1.018E+05  6.284E-09  6.472E-02  4.078E+02  3.882E+02
  2.693E-01  9.784E-02  1.018E+05  5.458E-09  6.467E-02  4.616E+02  4.330E+02
  2.693E-01  1.042E-01  1.018E+05  3.634E-09  6.484E-02  5.511E+02  5.273E+02
  2.693E-01  1.105E-01  1.018E+05  1.319E-09  6.476E-02  5.496E+02  5.404E+02
  2.693E-01  1.168E-01  1.018E+05 -1.520E-09  6.480E-02  5.426E+02  5.415E+02
  2.693E-01  1.231E-01  1.018E+05 -4.778E-09  6.482E-02  5.267E+02  5.325E+02
  2.693E-01  1.294E-01  1.018E+05 -8.765E-09  6.485E-02  5.039E+02  5.153E+02
  2.693E-01  1.357E-01  1.018E+05 -1.273E-08  6.486E-02  4.769E+02  4.923E+02
  2.693E-01  1.420E-01  1.017E+05 -1.584E-08  6.487E-02  4.487E+02  4.663E+02
  2.693E-01  1.483E-01  1.017E+05 -1.731E-08  6.487E-02  4.213E+02  4.395E+02
  2.693E-01  1.547E-01  1.017E+05 -1.705E-08  6.486E-02  3.963E+02  4.137E+02
  2.693E-01  1.610E-01  1.017E+05 -1.544E-08  6.486E-02  3.744E+02  3.903E+02
  2.693E-01  1.673E-01  1.017E+05 -1.296E-08  6.485E-02  3.559E+02  3.698E+02
  2.693E-01  1.736E-01  1.017E+05 -1.002E-08  6.483E-02  3.408E+02  3.526E+02
  2.693E-01  1.799E-01  1.017E+05 -7.198E-09  6.483E-02  3.288E+02  3.384E+02
  2.693E-01  1.862E-01  1.017E+05 -4.572E-09  6.483E-02  3.195E+02  3.272E+02
  2.693E-01  1.925E-01  1.017E+05 -2.273E-09  6.482E-02  3.124E+02  3.184E+02
  2.693E-01  1.988E-01  1.017E+05 -4.574E-10  6.481E-02  3.070E+02  3.116E+02
  2.693E-01  2.052E-01  1.017E+05  1.061E-09  6.480E-02  3.031E+02  3.066E+02
  2.693E-01  2.115E-01  1.017E+05  2.117E-09  6.480E-02  3.002E+02  3.028E+02
  2.693E-01  2.178E-01  1.017E+05  2.875E-09  6.480E-02  2.982E+02  3.001E+02
  2.693E-01  2.241E-01  1.017E+05  3.382E-09  6.480E-02  2.967E+02  2.981E+02
  2.693E-01  2.304E-01  1.016E+05  3.675E-09  6.480E-02  2.957E+02  2.967E+02
  2.693E-01  2.367E-01  1.016E+05  3.792E-09  6.480E-02  2.949E+02  2.956E+02
  2.693E-01  2.430E-01  1.016E+05  3.757E-09  6.479E-02  2.944E+02  2.949E+02
  2.693E-01  2.493E-01  1.016E+05  3.608E-09  6.479E-02  2.941E+02  2.944E+02
  2.693E-01  2.557E-01  1.016E+05  3.389E-09  6.479E-02  2.938E+02  2.941E+02
  2.693E-01  2.620E-01  1.016E+05  3.121E-09  6.479E-02  2.936E+02  2.938E+02
  2.693E-01  2.683E-01  1.016E+05  2.769E-09  6.479E-02  2.935E+02  2.936E+02
  2.693E-01  2.746E-01  1.016E+05  2.340E-09  6.479E-02  2.934E+02  2.935E+02
  2.693E-01  2.809E-01  1.016E+05  1.892E-09  6.479E-02  2.933E+02  2.934E+02
  2.693E-01  2.872E-01  1.016E+05  1.403E-09  6.479E-02  2.933E+02  2.933E+02
  2.693E-01  2.935E-01  1.016E+05  9.072E-10  6.479E-02  2.932E+02  2.933E+02
  2.693E-01  2.998E-01  1.016E+05  3.970E-10  6.479E-02  2.932E+02  2.932E+02
  2.693E-01  3.062E-01  1.016E+05 -7.866E-11  6.479E-02  2.932E+02  2.932E+02
  2.693E-01  3.125E-01  1.015E+05 -4.319E-10  6.479E-02  2.932E+02  2.932E+02
  2.693E-01  3.188E-01  1.015E+05 -7.017E-10  6.479E-02  2.931E+02  2.932E+02
  2.693E-01  3.251E-01  1.015E+05 -8.135E-10  6.479E-02  2.931E+02  2.931E+02
  2.693E-01  3.314E-01  1.015E+05 -9.175E-10  6.481E-02  2.931E+02  2.931E+02
  2.693E-01  3.377E-01  1.015E+05 -9.038E-10  6.481E-02  2.931E+02  2.931E+02
  2.693E-01  3.440E-01  1.015E+05 -8.693E-10  6.479E-02  2.931E+02  2.931E+02
  2.693E-01  3.503E-01  1.015E+05 -8.009E-10  6.479E-02  2.931E+02  2.931E+02
  2.693E-01  3.567E-01  1.015E+05 -7.073E-10  6.479E-02  2.931E+02  2.931E+02
  2.693E-01  3.630E-01  1.015E+05 -5.827E-10  6.479E-02  2.931E+02  2.931E+02
  2.693E-01  3.693E-01  1.015E+05 -4.548E-10  6.479E-02  2.931E+02  2.931E+02
  2.693E-01  3.756E-01  1.015E+05 -3.428E-10  6.479E-02  2.930E+02  2.931E+02
  2.693E-01  3.819E-01  1.015E+05 -2.358E-10  6.479E-02  2.930E+02  2.930E+02
  2.693E-01  3.882E-01  1.015E+05 -1.240E-10  6.479E-02  2.930E+02  2.930E+02
  2.693E-01  3.945E-01  1.015E+05 -1.962E-11  6.479E-02  2.930E+02  2.930E+02
  2.693E-01  4.008E-01  1.014E+05  6.249E-11  6.479E-02  2.930E+02  2.930E+02
  2.693E-01  4.072E-01  1.014E+05  1.513E-10  6.479E-02  2.930E+02  2.930E+02
  2.693E-01  4.135E-01  1.014E+05  1.292E-10  6.480E-02  2.930E+02  2.930E+02
  2.693E-01  4.198E-01  1.014E+05  1.788E-10  6.480E-02  2.930E+02  2.930E+02
  2.693E-01  4.261E-01  1.014E+05  1.839E-10  6.479E-02  2.930E+02  2.930E+02
  2.693E-01  4.324E-01  1.014E+05  1.829E-10  6.479E-02  2.930E+02  2.930E+02
  2.693E-01  4.387E-01  1.014E+05  1.541E-10  6.479E-02  2.930E+02  2.930E+02
  2.693E-01  4.450E-01  1.014E+05  1.311E-10  6.479E-02  2.930E+02  2.930E+02
  2.693E-01  4.513E-01  1.014E+05  1.354E-10  6.479E-02  2.930E+02  2.930E+02
  2.693E-01  4.577E-01  1.014E+05  1.231E-10  6.479E-02  2.930E+02  2.930E+02
  2.693E-01  4.640E-01  1.014E+05  8.918E-11  6.479E-02  2.930E+02  2.930E+02
  2.693E-01  4.703E-01  1.014E+05  1.683E-11  6.479E-02  2.930E+02  2.930E+02
  2.693E-01  4.766E-01  1.014E+05 -6.514E-11  6.479E-02  2.930E+02  2.930E+02
  2.693E-01  4.829E-01  1.014E+05 -7.244E-11  6.480E-02  2.930E+02  2.930E+02
  2.693E-01  4.892E-01  1.013E+05 -7.834E-11  6.483E-02  2.930E+02  2.930E+02
  2.693E-01  4.955E-01  1.013E+05 -7.064E-11  6.490E-02  2.930E+02  2.930E+02
  2.693E-01  5.018E-01  1.013E+05 -2.601E-11  6.500E-02  2.930E+02  2.930E+02
  2.693E-01  5.050E-01  1.013E+05 -2.601E-11  6.500E-02  2.930E+02  2.930E+02
  2.835E-01  0.000E+00  1.019E+05 -1.446E-06  6.500E-02  2.930E+02  2.931E+02
  2.835E-01  3.156E-03  1.019E+05  0.000E+00  0.000E+00  2.931E+02  2.931E+02
  2.835E-01  9.469E-03  1.019E+05  0.000E+00  0.000E+00  2.933E+02  2.932E+02
  2.835E-01  1.578E-02  1.019E+05  0.000E+00  0.000E+00  2.935E+02  2.934E+02
  2.835E-01  2.209E-02  1.019E+05  0.000E+00  0.000E+00  2.939E+02  2.937E+02
  2.835E-01  2.841E-02  1.019E+05  0.000E+00  0.000E+00  2.945E+02  2.942E+02
  2.835E-01  3.472E-02  1.019E+05  0.000E+00  0.000E+00  2.955E+02  2.950E+02
  2.835E-01  4.103E-02  1.019E+05  0.000E+00  0.000E+00  2.970E+02  2.962E+02
  2.835E-01  4.734E-02  1.019E+05  0.000E+00  0.000E+00  2.994E+02  2.982E+02
  2.835E-01  5.366E-02  1.018E+05  0.000E+00  0.000E+00  3.031E+02  3.012E+02
  2.835E-01  5.997E-02  1.018E+05  0.000E+00  0.000E+00  3.088E+02  3.058E+02
  2.835E-01  6.628E-02  1.018E+05  0.000E+00  0.000E+00  3.172E+02  3.127E+02
  2.835E-01  7.259E-02  1.018E+05  0.000E+00  0.000E+00  3.296E+02  3.229E+02
  2.835E-01  7.891E-02  1.018E+05  0.000E+00  0.000E+00  3.472E+02  3.375E+02
  2.835E-01  8.522E-02  1.018E+05  0.000E+00  0.000E+00  3.722E+02  3.584E+02
  2.835E-01  9.153E-02  1.018E+05  0.000E+00  0.000E+00  4.078E+02  3.882E+02
  2.835E-01  9.784E-02  1.018E+05  0.000E+00  0.000E+00  4.616E+02  4.330E+02
  2.835E-01  1.042E-01  1.018E+05  0.000E+00  0.000E+00  5.511E+02  5.273E+02
  2.835E-01  1.105E-01  1.018E+05  0.000E+00  0.000E+00  5.496E+02  5.404E+02
  2.835E-01  1.168E-01  1.018E+05  0.000E+00  0.000E+00  5.426E+02  5.415E+02
  2.835E-01  1.231E-01  1.018E+05  0.000E+00  0.000E+00  5.267E+02  5.325E+02
  2.835E-01  1.294E-01  1.018E+05  0.000E+00  0.000E+00  5.039E+02  5.153E+02
  2.835E-01  1.357E-01  1.018E+05  0.000E+00  0.000E+00  4.769E+02  4.923E+02
  2.835E-01  1.420E-01  1.017E+05  0.000E+00  0.000E+00  4.487E+02  4.663E+02
  2.835E-01  1.483E-01  1.017E+05  0.000E+00  0.000E+00  4.213E+02  4.395E+02
  2.835E-01  1.547E-01  1.017E+05  0.000E+00  0.000E+00  3.963E+02  4.137E+02
  2.835E-01  1.610E-01  1.017E+05  0.000E+00  0.000E+00  3.744E+02  3.903E+02
  2.835E-01  1.673E-01  1.017E+05  0.000E+00  0.000E+00  3.559E+02  3.698E+02
  2.835E-01  1.736E-01  1.017E+05  0.000E+00  0.000E+00  3.408E+02  3.526E+02
  2.835E-01  1.799E-01  1.017E+05  0.000E+00  0.000E+00  3.288E+02  3.384E+02
  2.835E-01  1.862E-01  1.017E+05  0.000E+00  0.000E+00  3.195E+02  3.272E+02
  2.835E-01  1.925E-01  1.017E+05  0.000E+00  0.000E+00  3.124E+02  3.184E+02
  2.835E-01  1.988E-01  1.017E+05  0.000E+00  0.000E+00  3.070E+02  3.116E+02
  2.835E-01  2.052E-01  1.017E+05  0.000E+00  0.000E+00  3.031E+02  3.066E+02
  2.835E-01  2.115E-01  1.017E+05  0.000E+00  0.000E+00  3.002E+02  3.028E+02
  2.835E-01  2.178E-01  1.017E+05  0.000E+00  0.000E+00  2.982E+02  3.001E+02
  2.835E-01  2.241E-01  1.017E+05  0.000E+00  0.000E+00  2.967E+02  2.981E+02
  2.835E-01  2.304E-01  1.016E+05  0.000E+00  0.000E+00  2.957E+02  2.967E+02
  2.835E-01  2.367E-01  1.016E+05  0.000E+00  0.000E+00  2.949E+02  2.956E+02
  2.835E-01  2.430E-01  1.016E+05  0.000E+00  0.000E+00  2.944E+02  2.949E+02
  2.835E-01  2.493E-01  1.016E+05  0.000E+00  0.000E+00  2.941E+02  2.944E+02
  2.835E-01  2.557E-01  1.016E+05  0.000E+00  0.000E+00  2.938E+02  2.941E+02
  2.835E-01  2.620E-01  1.016E+05  0.000E+00  0.000E+00  2.936E+02  2.938E+02
  2.835E-01  2.683E-01  1.016E+05  0.000E+00  0.000E+00  2.935E+02  2.936E+02
  2.835E-01  2.746E-01  1.016E+05  0.000E+00  0.000E+00  2.934E+02  2.935E+02
  2.835E-01  2.809E-01  1.016E+05  0.000E+00  0.000E+00  2.933E+02  2.934E+02
  2.835E-01  2.872E-01  1.016E+05  0.000E+00  0.000E+00  2.933E+02  2.933E+02
  2.835E-01  2.935E-01  1.016E+05  0.000E+00  0.000E+00  2.932E+02  2.933E+02
  2.835E-01  2.998E-01  1.016E+05  0.000E+00  0.000E+00  2.932E+02  2.932E+02
  2.835E-01  3.062E-01  1.016E+05  0.000E+00  0.000E+00  2.932E+02  2.932E+02
  2.835E-01  3.125E-01  1.015E+05  0.000E+00  0.000E+00  2.932E+02  2.932E+02
  2.835E-01  3.188E-01  1.015E+05  0.000E+00  0.000E+00  2.931E+02  2.932E+02
  2.835E-01  3.251E-01  1.015E+05  0.000E+00  0.000E+00  2.931E+02  2.931E+02
  2.835E-01  3.314E-01  1.015E+05  0.000E+00  0.000E+00  2.931E+02  2.931E+02
  2.835E-01  3.377E-01  1.015E+05  0.000E+00  0.000E+00  2.931E+02  2.931E+02
  2.835E-01  3.440E-01  1.015E+05  0.000E+00  0.000E+00  2.931E+02  2.931E+02
  2.835E-01  3.503E-01  1.015E+05  0.000E+00  0.000E+00  2.931E+02  2.931E+02
  2.835E-01  3.567E-01  1.015E+05  0.000E+00  0.000E+00  2.931E+02  2.931E+02
  2.835E-01  3.630E-01  1.015E+05  0.000E+00  0.000E+00  2.931E+02  2.931E+02
  2.835E-01  3.693E-01  1.015E+05  0.000E+00  0.000E+00  2.931E+02  2.931E+02
  2.835E-01  3.756E-01  1.015E+05  0.000E+00  0.000E+00  2.930E+02  2.931E+02
  2.835E-01  3.819E-01  1.015E+05  0.000E+00  0.000E+00  2.930E+02  2.930E+02
  2.835E-01  3.882E-01  1.015E+05  0.000E+00  0.000E+00  2.930E+02  2.930E+02
  2.835E-01  3.945E-01  1.015E+05  0.000E+00  0.000E+00  2.930E+02  2.930E+02
  2.835E-01  4.008E-01  1.014E+05  0.000E+00  0.000E+00  2.930E+02  2.930E+02
  2.835E-01  4.072E-01  1.014E+05  0.000E+00  0.000E+00  2.930E+02  2.930E+02
  2.835E-01  4.135E-01  1.014E+05  0.000E+00  0.000E+00  2.930E+02  2.930E+02
  2.835E-01  4.198E-01  1.014E+05  0.000E+00  0.000E+00  2.930E+02  2.930E+02
  2.835E-01  4.261E-01  1.014E+05  0.000E+00  0.000E+00  2.930E+02  2.930E+02
  2.835E-01  4.324E-01  1.014E+05  0.000E+00  0.000E+00  2.930E+02  2.930E+02
  2.835E-01  4.387E-01  1.014E+05  0.000E+00  0.000E+00  2.930E+02  2.930E+02
  2.835E-01  4.450E-01  1.014E+05  0.000E+00  0.000E+00  2.930E+02  2.930E+02
  2.835E-01  4.513E-01  1.014E+05  0.000E+00  0.000E+00  2.930E+02  2.930E+02
  2.835E-01  4.577E-01  1.014E+05  0.000E+00  0.000E+00  2.930E+02  2.930E+02
  2.835E-01  4.640E-01  1.014E+05  0.000E+00  0.000E+00  2.930E+02  2.930E+02
  2.835E-01  4.703E-01  1.014E+05  0.000E+00  0.000E+00  2.930E+02  2.930E+02
  2.835E-01  4.766E-01  1.014E+05  0.000E+00  0.000E+00  2.930E+02  2.930E+02
  2.835E-01  4.829E-01  1.014E+05  0.000E+00  0.000E+00  2.930E+02  2.930E+02
  2.835E-01  4.892E-01  1.013E+05  0.000E+00  0.000E+00  2.930E+02  2.930E+02
  2.835E-01  4.955E-01  1.013E+05  0.000E+00  0.000E+00  2.930E+02  2.930E+02
  2.835E-01  5.018E-01  1.013E+05  0.000E+00  0.000E+00  2.930E+02  2.930E+02
  2.835E-01  5.050E-01  1.013E+05 -2.601E-11  6.500E-02  2.930E+02  2.930E+02
