VARIABLES="XP","YP","P","U","V","TS","TF"
ZONE T="Zone 001"I=    82 J=    12 F=POINT
  0.000E+00  0.000E+00  1.019E+05  0.000E+00  0.000E+00  2.930E+02  2.930E+02
  0.000E+00  3.156E-03  1.019E+05  0.000E+00  0.000E+00  2.930E+02  2.930E+02
  0.000E+00  9.469E-03  1.019E+05  0.000E+00  0.000E+00  2.930E+02  2.930E+02
  0.000E+00  1.578E-02  1.019E+05  0.000E+00  0.000E+00  2.930E+02  2.930E+02
  0.000E+00  2.209E-02  1.019E+05  0.000E+00  0.000E+00  2.930E+02  2.930E+02
  0.000E+00  2.841E-02  1.019E+05  0.000E+00  0.000E+00  2.930E+02  2.930E+02
  0.000E+00  3.472E-02  1.019E+05  0.000E+00  0.000E+00  2.931E+02  2.930E+02
  0.000E+00  4.103E-02  1.019E+05  0.000E+00  0.000E+00  2.931E+02  2.931E+02
  0.000E+00  4.734E-02  1.019E+05  0.000E+00  0.000E+00  2.932E+02  2.931E+02
  0.000E+00  5.366E-02  1.018E+05  0.000E+00  0.000E+00  2.932E+02  2.932E+02
  0.000E+00  5.997E-02  1.018E+05  0.000E+00  0.000E+00  2.934E+02  2.933E+02
  0.000E+00  6.628E-02  1.018E+05  0.000E+00  0.000E+00  2.935E+02  2.934E+02
  0.000E+00  7.259E-02  1.018E+05  0.000E+00  0.000E+00  2.938E+02  2.937E+02
  0.000E+00  7.891E-02  1.018E+05  0.000E+00  0.000E+00  2.942E+02  2.940E+02
  0.000E+00  8.522E-02  1.018E+05  0.000E+00  0.000E+00  2.947E+02  2.944E+02
  0.000E+00  9.153E-02  1.018E+05  0.000E+00  0.000E+00  2.954E+02  2.950E+02
  0.000E+00  9.784E-02  1.018E+05  0.000E+00  0.000E+00  2.964E+02  2.958E+02
  0.000E+00  1.042E-01  1.018E+05  0.000E+00  0.000E+00  2.977E+02  2.969E+02
  0.000E+00  1.105E-01  1.018E+05  0.000E+00  0.000E+00  2.993E+02  2.984E+02
  0.000E+00  1.168E-01  1.018E+05  0.000E+00  0.000E+00  3.014E+02  3.002E+02
  0.000E+00  1.231E-01  1.018E+05  0.000E+00  0.000E+00  3.041E+02  3.025E+02
  0.000E+00  1.294E-01  1.018E+05  0.000E+00  0.000E+00  3.073E+02  3.054E+02
  0.000E+00  1.357E-01  1.018E+05  0.000E+00  0.000E+00  3.111E+02  3.088E+02
  0.000E+00  1.420E-01  1.017E+05  0.000E+00  0.000E+00  3.156E+02  3.128E+02
  0.000E+00  1.483E-01  1.017E+05  0.000E+00  0.000E+00  3.207E+02  3.175E+02
  0.000E+00  1.547E-01  1.017E+05  0.000E+00  0.000E+00  3.265E+02  3.229E+02
  0.000E+00  1.610E-01  1.017E+05  0.000E+00  0.000E+00  3.328E+02  3.288E+02
  0.000E+00  1.673E-01  1.017E+05  0.000E+00  0.000E+00  3.396E+02  3.353E+02
  0.000E+00  1.736E-01  1.017E+05  0.000E+00  0.000E+00  3.468E+02  3.422E+02
  0.000E+00  1.799E-01  1.017E+05  0.000E+00  0.000E+00  3.542E+02  3.494E+02
  0.000E+00  1.862E-01  1.017E+05  0.000E+00  0.000E+00  3.617E+02  3.567E+02
  0.000E+00  1.925E-01  1.017E+05  0.000E+00  0.000E+00  3.690E+02  3.640E+02
  0.000E+00  1.988E-01  1.017E+05  0.000E+00  0.000E+00  3.760E+02  3.712E+02
  0.000E+00  2.052E-01  1.017E+05  0.000E+00  0.000E+00  3.825E+02  3.779E+02
  0.000E+00  2.115E-01  1.017E+05  0.000E+00  0.000E+00  3.884E+02  3.841E+02
  0.000E+00  2.178E-01  1.017E+05  0.000E+00  0.000E+00  3.934E+02  3.896E+02
  0.000E+00  2.241E-01  1.017E+05  0.000E+00  0.000E+00  3.974E+02  3.943E+02
  0.000E+00  2.304E-01  1.016E+05  0.000E+00  0.000E+00  4.005E+02  3.980E+02
  0.000E+00  2.367E-01  1.016E+05  0.000E+00  0.000E+00  4.024E+02  4.006E+02
  0.000E+00  2.430E-01  1.016E+05  0.000E+00  0.000E+00  4.033E+02  4.022E+02
  0.000E+00  2.493E-01  1.016E+05  0.000E+00  0.000E+00  4.030E+02  4.026E+02
  0.000E+00  2.557E-01  1.016E+05  0.000E+00  0.000E+00  4.017E+02  4.021E+02
  0.000E+00  2.620E-01  1.016E+05  0.000E+00  0.000E+00  3.994E+02  4.004E+02
  0.000E+00  2.683E-01  1.016E+05  0.000E+00  0.000E+00  3.962E+02  3.979E+02
  0.000E+00  2.746E-01  1.016E+05  0.000E+00  0.000E+00  3.922E+02  3.945E+02
  0.000E+00  2.809E-01  1.016E+05  0.000E+00  0.000E+00  3.876E+02  3.904E+02
  0.000E+00  2.872E-01  1.016E+05  0.000E+00  0.000E+00  3.825E+02  3.857E+02
  0.000E+00  2.935E-01  1.016E+05  0.000E+00  0.000E+00  3.770E+02  3.805E+02
  0.000E+00  2.998E-01  1.016E+05  0.000E+00  0.000E+00  3.712E+02  3.750E+02
  0.000E+00  3.062E-01  1.016E+05  0.000E+00  0.000E+00  3.653E+02  3.692E+02
  0.000E+00  3.125E-01  1.015E+05  0.000E+00  0.000E+00  3.593E+02  3.633E+02
  0.000E+00  3.188E-01  1.015E+05  0.000E+00  0.000E+00  3.535E+02  3.574E+02
  0.000E+00  3.251E-01  1.015E+05  0.000E+00  0.000E+00  3.477E+02  3.517E+02
  0.000E+00  3.314E-01  1.015E+05  0.000E+00  0.000E+00  3.422E+02  3.460E+02
  0.000E+00  3.377E-01  1.015E+05  0.000E+00  0.000E+00  3.370E+02  3.406E+02
  0.000E+00  3.440E-01  1.015E+05  0.000E+00  0.000E+00  3.321E+02  3.355E+02
  0.000E+00  3.503E-01  1.015E+05  0.000E+00  0.000E+00  3.275E+02  3.307E+02
  0.000E+00  3.567E-01  1.015E+05  0.000E+00  0.000E+00  3.233E+02  3.263E+02
  0.000E+00  3.630E-01  1.015E+05  0.000E+00  0.000E+00  3.194E+02  3.222E+02
  0.000E+00  3.693E-01  1.015E+05  0.000E+00  0.000E+00  3.159E+02  3.185E+02
  0.000E+00  3.756E-01  1.015E+05  0.000E+00  0.000E+00  3.128E+02  3.151E+02
  0.000E+00  3.819E-01  1.015E+05  0.000E+00  0.000E+00  3.100E+02  3.121E+02
  0.000E+00  3.882E-01  1.015E+05  0.000E+00  0.000E+00  3.076E+02  3.094E+02
  0.000E+00  3.945E-01  1.015E+05  0.000E+00  0.000E+00  3.054E+02  3.070E+02
  0.000E+00  4.008E-01  1.014E+05  0.000E+00  0.000E+00  3.035E+02  3.049E+02
  0.000E+00  4.072E-01  1.014E+05  0.000E+00  0.000E+00  3.019E+02  3.031E+02
  0.000E+00  4.135E-01  1.014E+05  0.000E+00  0.000E+00  3.004E+02  3.015E+02
  0.000E+00  4.198E-01  1.014E+05  0.000E+00  0.000E+00  2.992E+02  3.001E+02
  0.000E+00  4.261E-01  1.014E+05  0.000E+00  0.000E+00  2.982E+02  2.990E+02
  0.000E+00  4.324E-01  1.014E+05  0.000E+00  0.000E+00  2.973E+02  2.980E+02
  0.000E+00  4.387E-01  1.014E+05  0.000E+00  0.000E+00  2.966E+02  2.971E+02
  0.000E+00  4.450E-01  1.014E+05  0.000E+00  0.000E+00  2.959E+02  2.964E+02
  0.000E+00  4.513E-01  1.014E+05  0.000E+00  0.000E+00  2.954E+02  2.958E+02
  0.000E+00  4.577E-01  1.014E+05  0.000E+00  0.000E+00  2.950E+02  2.953E+02
  0.000E+00  4.640E-01  1.014E+05  0.000E+00  0.000E+00  2.946E+02  2.949E+02
  0.000E+00  4.703E-01  1.014E+05  0.000E+00  0.000E+00  2.943E+02  2.946E+02
  0.000E+00  4.766E-01  1.014E+05  0.000E+00  0.000E+00  2.941E+02  2.943E+02
  0.000E+00  4.829E-01  1.014E+05  0.000E+00  0.000E+00  2.939E+02  2.940E+02
  0.000E+00  4.892E-01  1.013E+05  0.000E+00  0.000E+00  2.937E+02  2.938E+02
  0.000E+00  4.955E-01  1.013E+05  0.000E+00  0.000E+00  2.936E+02  2.937E+02
  0.000E+00  5.018E-01  1.013E+05  0.000E+00  0.000E+00  2.935E+02  2.935E+02
  0.000E+00  5.050E-01  1.013E+05  0.000E+00  0.000E+00  2.935E+02  2.935E+02
  1.417E-02  0.000E+00  1.019E+05  8.273E-08  6.500E-02  2.930E+02  2.930E+02
  1.417E-02  3.156E-03  1.019E+05  8.273E-08  6.502E-02  2.930E+02  2.930E+02
  1.417E-02  9.469E-03  1.019E+05  6.254E-08  6.500E-02  2.930E+02  2.930E+02
  1.417E-02  1.578E-02  1.019E+05  4.998E-08  6.500E-02  2.930E+02  2.930E+02
  1.417E-02  2.209E-02  1.019E+05  3.970E-08  6.500E-02  2.930E+02  2.930E+02
  1.417E-02  2.841E-02  1.019E+05  3.172E-08  6.500E-02  2.930E+02  2.930E+02
  1.417E-02  3.472E-02  1.019E+05  2.543E-08  6.499E-02  2.931E+02  2.930E+02
  1.417E-02  4.103E-02  1.019E+05  2.050E-08  6.499E-02  2.931E+02  2.931E+02
  1.417E-02  4.734E-02  1.019E+05  1.660E-08  6.499E-02  2.932E+02  2.931E+02
  1.417E-02  5.366E-02  1.018E+05  1.350E-08  6.500E-02  2.932E+02  2.932E+02
  1.417E-02  5.997E-02  1.018E+05  1.101E-08  6.500E-02  2.934E+02  2.933E+02
  1.417E-02  6.628E-02  1.018E+05  9.025E-09  6.500E-02  2.935E+02  2.934E+02
  1.417E-02  7.259E-02  1.018E+05  7.429E-09  6.500E-02  2.938E+02  2.937E+02
  1.417E-02  7.891E-02  1.018E+05  6.153E-09  6.500E-02  2.942E+02  2.940E+02
  1.417E-02  8.522E-02  1.018E+05  5.114E-09  6.499E-02  2.947E+02  2.944E+02
  1.417E-02  9.153E-02  1.018E+05  4.267E-09  6.500E-02  2.954E+02  2.950E+02
  1.417E-02  9.784E-02  1.018E+05  3.573E-09  6.500E-02  2.964E+02  2.958E+02
  1.417E-02  1.042E-01  1.018E+05  3.028E-09  6.500E-02  2.977E+02  2.969E+02
  1.417E-02  1.105E-01  1.018E+05  2.583E-09  6.500E-02  2.993E+02  2.984E+02
  1.417E-02  1.168E-01  1.018E+05  2.220E-09  6.500E-02  3.014E+02  3.002E+02
  1.417E-02  1.231E-01  1.018E+05  1.953E-09  6.499E-02  3.041E+02  3.025E+02
  1.417E-02  1.294E-01  1.018E+05  1.744E-09  6.499E-02  3.073E+02  3.054E+02
  1.417E-02  1.357E-01  1.018E+05  1.592E-09  6.499E-02  3.111E+02  3.088E+02
  1.417E-02  1.420E-01  1.017E+05  1.485E-09  6.499E-02  3.156E+02  3.128E+02
  1.417E-02  1.483E-01  1.017E+05  1.446E-09  6.498E-02  3.207E+02  3.175E+02
  1.417E-02  1.547E-01  1.017E+05  1.450E-09  6.497E-02  3.265E+02  3.229E+02
  1.417E-02  1.610E-01  1.017E+05  1.463E-09  6.499E-02  3.328E+02  3.288E+02
  1.417E-02  1.673E-01  1.017E+05  1.533E-09  6.499E-02  3.396E+02  3.353E+02
  1.417E-02  1.736E-01  1.017E+05  1.624E-09  6.498E-02  3.468E+02  3.422E+02
  1.417E-02  1.799E-01  1.017E+05  1.733E-09  6.498E-02  3.542E+02  3.494E+02
  1.417E-02  1.862E-01  1.017E+05  1.855E-09  6.498E-02  3.617E+02  3.567E+02
  1.417E-02  1.925E-01  1.017E+05  1.975E-09  6.498E-02  3.690E+02  3.640E+02
  1.417E-02  1.988E-01  1.017E+05  2.109E-09  6.498E-02  3.760E+02  3.712E+02
  1.417E-02  2.052E-01  1.017E+05  2.220E-09  6.498E-02  3.825E+02  3.779E+02
  1.417E-02  2.115E-01  1.017E+05  2.324E-09  6.498E-02  3.884E+02  3.841E+02
  1.417E-02  2.178E-01  1.017E+05  2.415E-09  6.498E-02  3.934E+02  3.896E+02
  1.417E-02  2.241E-01  1.017E+05  2.463E-09  6.498E-02  3.974E+02  3.943E+02
  1.417E-02  2.304E-01  1.016E+05  2.485E-09  6.498E-02  4.005E+02  3.980E+02
  1.417E-02  2.367E-01  1.016E+05  2.477E-09  6.499E-02  4.024E+02  4.006E+02
  1.417E-02  2.430E-01  1.016E+05  2.412E-09  6.500E-02  4.033E+02  4.022E+02
  1.417E-02  2.493E-01  1.016E+05  2.312E-09  6.501E-02  4.030E+02  4.026E+02
  1.417E-02  2.557E-01  1.016E+05  2.179E-09  6.501E-02  4.017E+02  4.021E+02
  1.417E-02  2.620E-01  1.016E+05  1.989E-09  6.500E-02  3.994E+02  4.004E+02
  1.417E-02  2.683E-01  1.016E+05  1.773E-09  6.501E-02  3.962E+02  3.979E+02
  1.417E-02  2.746E-01  1.016E+05  1.531E-09  6.502E-02  3.922E+02  3.945E+02
  1.417E-02  2.809E-01  1.016E+05  1.276E-09  6.502E-02  3.876E+02  3.904E+02
  1.417E-02  2.872E-01  1.016E+05  9.999E-10  6.501E-02  3.825E+02  3.857E+02
  1.417E-02  2.935E-01  1.016E+05  6.864E-10  6.501E-02  3.770E+02  3.805E+02
  1.417E-02  2.998E-01  1.016E+05  3.907E-10  6.501E-02  3.712E+02  3.750E+02
  1.417E-02  3.062E-01  1.016E+05  1.173E-10  6.501E-02  3.653E+02  3.692E+02
  1.417E-02  3.125E-01  1.015E+05 -1.484E-10  6.502E-02  3.593E+02  3.633E+02
  1.417E-02  3.188E-01  1.015E+05 -3.895E-10  6.502E-02  3.535E+02  3.574E+02
  1.417E-02  3.251E-01  1.015E+05 -6.238E-10  6.501E-02  3.477E+02  3.517E+02
  1.417E-02  3.314E-01  1.015E+05 -8.239E-10  6.502E-02  3.422E+02  3.460E+02
  1.417E-02  3.377E-01  1.015E+05 -9.878E-10  6.502E-02  3.370E+02  3.406E+02
  1.417E-02  3.440E-01  1.015E+05 -1.140E-09  6.502E-02  3.321E+02  3.355E+02
  1.417E-02  3.503E-01  1.015E+05 -1.252E-09  6.501E-02  3.275E+02  3.307E+02
  1.417E-02  3.567E-01  1.015E+05 -1.328E-09  6.501E-02  3.233E+02  3.263E+02
  1.417E-02  3.630E-01  1.015E+05 -1.370E-09  6.501E-02  3.194E+02  3.222E+02
  1.417E-02  3.693E-01  1.015E+05 -1.372E-09  6.501E-02  3.159E+02  3.185E+02
  1.417E-02  3.756E-01  1.015E+05 -1.375E-09  6.501E-02  3.128E+02  3.151E+02
  1.417E-02  3.819E-01  1.015E+05 -1.388E-09  6.500E-02  3.100E+02  3.121E+02
  1.417E-02  3.882E-01  1.015E+05 -1.347E-09  6.501E-02  3.076E+02  3.094E+02
  1.417E-02  3.945E-01  1.015E+05 -1.287E-09  6.502E-02  3.054E+02  3.070E+02
  1.417E-02  4.008E-01  1.014E+05 -1.226E-09  6.501E-02  3.035E+02  3.049E+02
  1.417E-02  4.072E-01  1.014E+05 -1.162E-09  6.500E-02  3.019E+02  3.031E+02
  1.417E-02  4.135E-01  1.014E+05 -1.109E-09  6.500E-02  3.004E+02  3.015E+02
  1.417E-02  4.198E-01  1.014E+05 -1.045E-09  6.501E-02  2.992E+02  3.001E+02
  1.417E-02  4.261E-01  1.014E+05 -9.784E-10  6.500E-02  2.982E+02  2.990E+02
  1.417E-02  4.324E-01  1.014E+05 -9.036E-10  6.500E-02  2.973E+02  2.980E+02
  1.417E-02  4.387E-01  1.014E+05 -8.491E-10  6.501E-02  2.966E+02  2.971E+02
  1.417E-02  4.450E-01  1.014E+05 -7.929E-10  6.500E-02  2.959E+02  2.964E+02
  1.417E-02  4.513E-01  1.014E+05 -6.981E-10  6.500E-02  2.954E+02  2.958E+02
  1.417E-02  4.577E-01  1.014E+05 -6.285E-10  6.500E-02  2.950E+02  2.953E+02
  1.417E-02  4.640E-01  1.014E+05 -5.530E-10  6.500E-02  2.946E+02  2.949E+02
  1.417E-02  4.703E-01  1.014E+05 -4.737E-10  6.500E-02  2.943E+02  2.946E+02
  1.417E-02  4.766E-01  1.014E+05 -4.161E-10  6.500E-02  2.941E+02  2.943E+02
  1.417E-02  4.829E-01  1.014E+05 -3.541E-10  6.500E-02  2.939E+02  2.940E+02
  1.417E-02  4.892E-01  1.013E+05 -2.902E-10  6.500E-02  2.937E+02  2.938E+02
  1.417E-02  4.955E-01  1.013E+05 -2.146E-10  6.500E-02  2.936E+02  2.937E+02
  1.417E-02  5.018E-01  1.013E+05 -1.639E-10  6.500E-02  2.935E+02  2.935E+02
  1.417E-02  5.050E-01  1.013E+05 -1.639E-10  6.500E-02  2.935E+02  2.930E+02
  4.252E-02  0.000E+00  1.019E+05  1.063E-07  6.500E-02  2.930E+02  2.930E+02
  4.252E-02  3.156E-03  1.019E+05  1.063E-07  6.502E-02  2.930E+02  2.930E+02
  4.252E-02  9.469E-03  1.019E+05  8.501E-08  6.500E-02  2.930E+02  2.930E+02
  4.252E-02  1.578E-02  1.019E+05  7.094E-08  6.500E-02  2.930E+02  2.930E+02
  4.252E-02  2.209E-02  1.019E+05  5.891E-08  6.500E-02  2.930E+02  2.930E+02
  4.252E-02  2.841E-02  1.019E+05  4.908E-08  6.500E-02  2.930E+02  2.930E+02
  4.252E-02  3.472E-02  1.019E+05  4.096E-08  6.499E-02  2.931E+02  2.930E+02
  4.252E-02  4.103E-02  1.019E+05  3.428E-08  6.499E-02  2.931E+02  2.931E+02
  4.252E-02  4.734E-02  1.019E+05  2.876E-08  6.500E-02  2.932E+02  2.931E+02
  4.252E-02  5.366E-02  1.018E+05  2.416E-08  6.500E-02  2.932E+02  2.932E+02
  4.252E-02  5.997E-02  1.018E+05  2.031E-08  6.500E-02  2.934E+02  2.933E+02
  4.252E-02  6.628E-02  1.018E+05  1.712E-08  6.500E-02  2.935E+02  2.934E+02
  4.252E-02  7.259E-02  1.018E+05  1.447E-08  6.500E-02  2.938E+02  2.937E+02
  4.252E-02  7.891E-02  1.018E+05  1.226E-08  6.500E-02  2.942E+02  2.940E+02
  4.252E-02  8.522E-02  1.018E+05  1.041E-08  6.499E-02  2.947E+02  2.944E+02
  4.252E-02  9.153E-02  1.018E+05  8.860E-09  6.500E-02  2.954E+02  2.950E+02
  4.252E-02  9.784E-02  1.018E+05  7.571E-09  6.500E-02  2.964E+02  2.958E+02
  4.252E-02  1.042E-01  1.018E+05  6.530E-09  6.500E-02  2.977E+02  2.969E+02
  4.252E-02  1.105E-01  1.018E+05  5.671E-09  6.500E-02  2.993E+02  2.984E+02
  4.252E-02  1.168E-01  1.018E+05  4.967E-09  6.500E-02  3.014E+02  3.002E+02
  4.252E-02  1.231E-01  1.018E+05  4.426E-09  6.499E-02  3.041E+02  3.025E+02
  4.252E-02  1.294E-01  1.018E+05  4.010E-09  6.499E-02  3.073E+02  3.054E+02
  4.252E-02  1.357E-01  1.018E+05  3.710E-09  6.499E-02  3.111E+02  3.088E+02
  4.252E-02  1.420E-01  1.017E+05  3.500E-09  6.499E-02  3.156E+02  3.128E+02
  4.252E-02  1.483E-01  1.017E+05  3.396E-09  6.498E-02  3.207E+02  3.175E+02
  4.252E-02  1.547E-01  1.017E+05  3.362E-09  6.498E-02  3.265E+02  3.229E+02
  4.252E-02  1.610E-01  1.017E+05  3.380E-09  6.499E-02  3.328E+02  3.288E+02
  4.252E-02  1.673E-01  1.017E+05  3.457E-09  6.499E-02  3.396E+02  3.353E+02
  4.252E-02  1.736E-01  1.017E+05  3.558E-09  6.498E-02  3.468E+02  3.422E+02
  4.252E-02  1.799E-01  1.017E+05  3.702E-09  6.498E-02  3.542E+02  3.494E+02
  4.252E-02  1.862E-01  1.017E+05  3.877E-09  6.499E-02  3.617E+02  3.567E+02
  4.252E-02  1.925E-01  1.017E+05  4.051E-09  6.498E-02  3.690E+02  3.640E+02
  4.252E-02  1.988E-01  1.017E+05  4.211E-09  6.498E-02  3.760E+02  3.712E+02
  4.252E-02  2.052E-01  1.017E+05  4.364E-09  6.498E-02  3.825E+02  3.779E+02
  4.252E-02  2.115E-01  1.017E+05  4.507E-09  6.498E-02  3.884E+02  3.841E+02
  4.252E-02  2.178E-01  1.017E+05  4.605E-09  6.498E-02  3.934E+02  3.896E+02
  4.252E-02  2.241E-01  1.017E+05  4.640E-09  6.498E-02  3.974E+02  3.943E+02
  4.252E-02  2.304E-01  1.016E+05  4.628E-09  6.499E-02  4.005E+02  3.980E+02
  4.252E-02  2.367E-01  1.016E+05  4.528E-09  6.499E-02  4.024E+02  4.006E+02
  4.252E-02  2.430E-01  1.016E+05  4.342E-09  6.500E-02  4.033E+02  4.022E+02
  4.252E-02  2.493E-01  1.016E+05  4.090E-09  6.501E-02  4.030E+02  4.026E+02
  4.252E-02  2.557E-01  1.016E+05  3.766E-09  6.501E-02  4.017E+02  4.021E+02
  4.252E-02  2.620E-01  1.016E+05  3.355E-09  6.501E-02  3.994E+02  4.005E+02
  4.252E-02  2.683E-01  1.016E+05  2.909E-09  6.501E-02  3.962E+02  3.979E+02
  4.252E-02  2.746E-01  1.016E+05  2.429E-09  6.502E-02  3.923E+02  3.945E+02
  4.252E-02  2.809E-01  1.016E+05  1.935E-09  6.502E-02  3.876E+02  3.904E+02
  4.252E-02  2.872E-01  1.016E+05  1.448E-09  6.501E-02  3.825E+02  3.857E+02
  4.252E-02  2.935E-01  1.016E+05  9.588E-10  6.501E-02  3.770E+02  3.805E+02
  4.252E-02  2.998E-01  1.016E+05  4.839E-10  6.501E-02  3.712E+02  3.750E+02
  4.252E-02  3.062E-01  1.016E+05  2.764E-11  6.501E-02  3.653E+02  3.692E+02
  4.252E-02  3.125E-01  1.015E+05 -4.023E-10  6.502E-02  3.593E+02  3.633E+02
  4.252E-02  3.188E-01  1.015E+05 -7.987E-10  6.502E-02  3.535E+02  3.574E+02
  4.252E-02  3.251E-01  1.015E+05 -1.165E-09  6.501E-02  3.477E+02  3.517E+02
  4.252E-02  3.314E-01  1.015E+05 -1.475E-09  6.502E-02  3.422E+02  3.460E+02
  4.252E-02  3.377E-01  1.015E+05 -1.712E-09  6.502E-02  3.370E+02  3.406E+02
  4.252E-02  3.440E-01  1.015E+05 -1.899E-09  6.502E-02  3.321E+02  3.355E+02
  4.252E-02  3.503E-01  1.015E+05 -2.011E-09  6.501E-02  3.275E+02  3.307E+02
  4.252E-02  3.567E-01  1.015E+05 -2.080E-09  6.501E-02  3.233E+02  3.263E+02
  4.252E-02  3.630E-01  1.015E+05 -2.093E-09  6.501E-02  3.194E+02  3.222E+02
  4.252E-02  3.693E-01  1.015E+05 -2.040E-09  6.501E-02  3.159E+02  3.185E+02
  4.252E-02  3.756E-01  1.015E+05 -1.953E-09  6.501E-02  3.128E+02  3.151E+02
  4.252E-02  3.819E-01  1.015E+05 -1.858E-09  6.500E-02  3.100E+02  3.121E+02
  4.252E-02  3.882E-01  1.015E+05 -1.716E-09  6.501E-02  3.076E+02  3.094E+02
  4.252E-02  3.945E-01  1.015E+05 -1.536E-09  6.502E-02  3.054E+02  3.070E+02
  4.252E-02  4.008E-01  1.014E+05 -1.357E-09  6.501E-02  3.035E+02  3.049E+02
  4.252E-02  4.072E-01  1.014E+05 -1.158E-09  6.500E-02  3.019E+02  3.031E+02
  4.252E-02  4.135E-01  1.014E+05 -9.566E-10  6.500E-02  3.004E+02  3.015E+02
  4.252E-02  4.198E-01  1.014E+05 -7.542E-10  6.501E-02  2.992E+02  3.002E+02
  4.252E-02  4.261E-01  1.014E+05 -5.789E-10  6.500E-02  2.982E+02  2.990E+02
  4.252E-02  4.324E-01  1.014E+05 -3.976E-10  6.500E-02  2.973E+02  2.980E+02
  4.252E-02  4.387E-01  1.014E+05 -2.562E-10  6.501E-02  2.966E+02  2.971E+02
  4.252E-02  4.450E-01  1.014E+05 -1.494E-10  6.500E-02  2.959E+02  2.964E+02
  4.252E-02  4.513E-01  1.014E+05 -5.531E-11  6.500E-02  2.954E+02  2.958E+02
  4.252E-02  4.577E-01  1.014E+05 -2.348E-11  6.500E-02  2.950E+02  2.953E+02
  4.252E-02  4.640E-01  1.014E+05 -3.630E-12  6.500E-02  2.946E+02  2.949E+02
  4.252E-02  4.703E-01  1.014E+05 -5.361E-12  6.500E-02  2.943E+02  2.946E+02
  4.252E-02  4.766E-01  1.014E+05 -2.846E-11  6.500E-02  2.941E+02  2.943E+02
  4.252E-02  4.829E-01  1.014E+05 -5.742E-11  6.500E-02  2.939E+02  2.940E+02
  4.252E-02  4.892E-01  1.013E+05 -6.668E-11  6.500E-02  2.937E+02  2.938E+02
  4.252E-02  4.955E-01  1.013E+05 -9.522E-11  6.500E-02  2.936E+02  2.937E+02
  4.252E-02  5.018E-01  1.013E+05 -8.928E-11  6.500E-02  2.935E+02  2.935E+02
  4.252E-02  5.050E-01  1.013E+05 -8.928E-11  6.500E-02  2.935E+02  2.930E+02
  7.087E-02  0.000E+00  1.019E+05  3.699E-08  6.500E-02  2.930E+02  2.930E+02
  7.087E-02  3.156E-03  1.019E+05  3.699E-08  6.502E-02  2.930E+02  2.930E+02
  7.087E-02  9.469E-03  1.019E+05  3.554E-08  6.500E-02  2.930E+02  2.930E+02
  7.087E-02  1.578E-02  1.019E+05  3.340E-08  6.500E-02  2.930E+02  2.930E+02
  7.087E-02  2.209E-02  1.019E+05  3.084E-08  6.500E-02  2.930E+02  2.930E+02
  7.087E-02  2.841E-02  1.019E+05  2.811E-08  6.500E-02  2.930E+02  2.930E+02
  7.087E-02  3.472E-02  1.019E+05  2.536E-08  6.499E-02  2.931E+02  2.930E+02
  7.087E-02  4.103E-02  1.019E+05  2.268E-08  6.499E-02  2.931E+02  2.931E+02
  7.087E-02  4.734E-02  1.019E+05  2.014E-08  6.500E-02  2.932E+02  2.931E+02
  7.087E-02  5.366E-02  1.018E+05  1.777E-08  6.500E-02  2.932E+02  2.932E+02
  7.087E-02  5.997E-02  1.018E+05  1.561E-08  6.500E-02  2.934E+02  2.933E+02
  7.087E-02  6.628E-02  1.018E+05  1.366E-08  6.500E-02  2.935E+02  2.934E+02
  7.087E-02  7.259E-02  1.018E+05  1.191E-08  6.500E-02  2.938E+02  2.937E+02
  7.087E-02  7.891E-02  1.018E+05  1.034E-08  6.500E-02  2.942E+02  2.940E+02
  7.087E-02  8.522E-02  1.018E+05  8.965E-09  6.499E-02  2.947E+02  2.944E+02
  7.087E-02  9.153E-02  1.018E+05  7.766E-09  6.500E-02  2.954E+02  2.950E+02
  7.087E-02  9.784E-02  1.018E+05  6.737E-09  6.500E-02  2.964E+02  2.958E+02
  7.087E-02  1.042E-01  1.018E+05  5.836E-09  6.500E-02  2.977E+02  2.969E+02
  7.087E-02  1.105E-01  1.018E+05  5.063E-09  6.500E-02  2.993E+02  2.984E+02
  7.087E-02  1.168E-01  1.018E+05  4.427E-09  6.500E-02  3.014E+02  3.002E+02
  7.087E-02  1.231E-01  1.018E+05  3.889E-09  6.499E-02  3.041E+02  3.025E+02
  7.087E-02  1.294E-01  1.018E+05  3.464E-09  6.499E-02  3.073E+02  3.054E+02
  7.087E-02  1.357E-01  1.018E+05  3.148E-09  6.499E-02  3.111E+02  3.088E+02
  7.087E-02  1.420E-01  1.017E+05  2.901E-09  6.499E-02  3.156E+02  3.128E+02
  7.087E-02  1.483E-01  1.017E+05  2.683E-09  6.498E-02  3.207E+02  3.175E+02
  7.087E-02  1.547E-01  1.017E+05  2.500E-09  6.498E-02  3.265E+02  3.229E+02
  7.087E-02  1.610E-01  1.017E+05  2.393E-09  6.499E-02  3.328E+02  3.288E+02
  7.087E-02  1.673E-01  1.017E+05  2.295E-09  6.499E-02  3.396E+02  3.353E+02
  7.087E-02  1.736E-01  1.017E+05  2.210E-09  6.498E-02  3.468E+02  3.422E+02
  7.087E-02  1.799E-01  1.017E+05  2.157E-09  6.498E-02  3.542E+02  3.494E+02
  7.087E-02  1.862E-01  1.017E+05  2.132E-09  6.499E-02  3.617E+02  3.567E+02
  7.087E-02  1.925E-01  1.017E+05  2.113E-09  6.498E-02  3.690E+02  3.640E+02
  7.087E-02  1.988E-01  1.017E+05  2.069E-09  6.498E-02  3.760E+02  3.712E+02
  7.087E-02  2.052E-01  1.017E+05  2.050E-09  6.498E-02  3.825E+02  3.779E+02
  7.087E-02  2.115E-01  1.017E+05  2.036E-09  6.498E-02  3.884E+02  3.841E+02
  7.087E-02  2.178E-01  1.017E+05  1.996E-09  6.498E-02  3.934E+02  3.896E+02
  7.087E-02  2.241E-01  1.017E+05  1.946E-09  6.498E-02  3.974E+02  3.943E+02
  7.087E-02  2.304E-01  1.016E+05  1.864E-09  6.499E-02  4.005E+02  3.980E+02
  7.087E-02  2.367E-01  1.016E+05  1.716E-09  6.499E-02  4.024E+02  4.006E+02
  7.087E-02  2.430E-01  1.016E+05  1.559E-09  6.500E-02  4.033E+02  4.022E+02
  7.087E-02  2.493E-01  1.016E+05  1.393E-09  6.501E-02  4.030E+02  4.027E+02
  7.087E-02  2.557E-01  1.016E+05  1.213E-09  6.501E-02  4.017E+02  4.021E+02
  7.087E-02  2.620E-01  1.016E+05  1.029E-09  6.501E-02  3.994E+02  4.005E+02
  7.087E-02  2.683E-01  1.016E+05  8.439E-10  6.501E-02  3.962E+02  3.979E+02
  7.087E-02  2.746E-01  1.016E+05  6.621E-10  6.502E-02  3.923E+02  3.945E+02
  7.087E-02  2.809E-01  1.016E+05  5.076E-10  6.502E-02  3.876E+02  3.904E+02
  7.087E-02  2.872E-01  1.016E+05  4.054E-10  6.501E-02  3.825E+02  3.857E+02
  7.087E-02  2.935E-01  1.016E+05  3.322E-10  6.501E-02  3.770E+02  3.805E+02
  7.087E-02  2.998E-01  1.016E+05  2.610E-10  6.501E-02  3.712E+02  3.750E+02
  7.087E-02  3.062E-01  1.016E+05  2.074E-10  6.501E-02  3.653E+02  3.692E+02
  7.087E-02  3.125E-01  1.015E+05  1.758E-10  6.502E-02  3.594E+02  3.633E+02
  7.087E-02  3.188E-01  1.015E+05  1.310E-10  6.502E-02  3.535E+02  3.575E+02
  7.087E-02  3.251E-01  1.015E+05  1.082E-10  6.501E-02  3.477E+02  3.517E+02
  7.087E-02  3.314E-01  1.015E+05  8.698E-11  6.502E-02  3.422E+02  3.460E+02
  7.087E-02  3.377E-01  1.015E+05  8.177E-11  6.502E-02  3.370E+02  3.407E+02
  7.087E-02  3.440E-01  1.015E+05  1.425E-10  6.502E-02  3.321E+02  3.355E+02
  7.087E-02  3.503E-01  1.015E+05  2.647E-10  6.501E-02  3.275E+02  3.308E+02
  7.087E-02  3.567E-01  1.015E+05  4.157E-10  6.501E-02  3.233E+02  3.263E+02
  7.087E-02  3.630E-01  1.015E+05  5.521E-10  6.501E-02  3.194E+02  3.222E+02
  7.087E-02  3.693E-01  1.015E+05  6.737E-10  6.501E-02  3.160E+02  3.185E+02
  7.087E-02  3.756E-01  1.015E+05  7.906E-10  6.501E-02  3.128E+02  3.151E+02
  7.087E-02  3.819E-01  1.015E+05  9.030E-10  6.500E-02  3.100E+02  3.121E+02
  7.087E-02  3.882E-01  1.015E+05  9.725E-10  6.501E-02  3.076E+02  3.094E+02
  7.087E-02  3.945E-01  1.015E+05  1.012E-09  6.502E-02  3.054E+02  3.070E+02
  7.087E-02  4.008E-01  1.014E+05  1.020E-09  6.501E-02  3.035E+02  3.049E+02
  7.087E-02  4.072E-01  1.014E+05  1.028E-09  6.500E-02  3.019E+02  3.031E+02
  7.087E-02  4.135E-01  1.014E+05  1.034E-09  6.500E-02  3.004E+02  3.015E+02
  7.087E-02  4.198E-01  1.014E+05  1.023E-09  6.501E-02  2.992E+02  3.002E+02
  7.087E-02  4.261E-01  1.014E+05  9.905E-10  6.500E-02  2.982E+02  2.990E+02
  7.087E-02  4.324E-01  1.014E+05  9.001E-10  6.500E-02  2.973E+02  2.980E+02
  7.087E-02  4.387E-01  1.014E+05  8.676E-10  6.501E-02  2.966E+02  2.971E+02
  7.087E-02  4.450E-01  1.014E+05  6.059E-10  6.500E-02  2.959E+02  2.964E+02
  7.087E-02  4.513E-01  1.014E+05  7.338E-10  6.500E-02  2.954E+02  2.958E+02
  7.087E-02  4.577E-01  1.014E+05  6.315E-10  6.500E-02  2.950E+02  2.953E+02
  7.087E-02  4.640E-01  1.014E+05  5.836E-10  6.500E-02  2.946E+02  2.949E+02
  7.087E-02  4.703E-01  1.014E+05  5.180E-10  6.500E-02  2.943E+02  2.946E+02
  7.087E-02  4.766E-01  1.014E+05  4.574E-10  6.500E-02  2.941E+02  2.943E+02
  7.087E-02  4.829E-01  1.014E+05  3.617E-10  6.500E-02  2.939E+02  2.940E+02
  7.087E-02  4.892E-01  1.013E+05  2.785E-10  6.500E-02  2.937E+02  2.938E+02
  7.087E-02  4.955E-01  1.013E+05  1.824E-10  6.500E-02  2.936E+02  2.937E+02
  7.087E-02  5.018E-01  1.013E+05  1.354E-10  6.500E-02  2.935E+02  2.935E+02
  7.087E-02  5.050E-01  1.013E+05  1.354E-10  6.500E-02  2.935E+02  2.930E+02
  9.922E-02  0.000E+00  1.019E+05  1.808E-08  6.500E-02  2.930E+02  2.930E+02
  9.922E-02  3.156E-03  1.019E+05  1.808E-08  6.502E-02  2.930E+02  2.930E+02
  9.922E-02  9.469E-03  1.019E+05  1.758E-08  6.500E-02  2.930E+02  2.930E+02
  9.922E-02  1.578E-02  1.019E+05  1.677E-08  6.500E-02  2.930E+02  2.930E+02
  9.922E-02  2.209E-02  1.019E+05  1.577E-08  6.500E-02  2.930E+02  2.930E+02
  9.922E-02  2.841E-02  1.019E+05  1.461E-08  6.500E-02  2.930E+02  2.930E+02
  9.922E-02  3.472E-02  1.019E+05  1.339E-08  6.499E-02  2.931E+02  2.930E+02
  9.922E-02  4.103E-02  1.019E+05  1.214E-08  6.499E-02  2.931E+02  2.931E+02
  9.922E-02  4.734E-02  1.019E+05  1.089E-08  6.500E-02  2.932E+02  2.931E+02
  9.922E-02  5.366E-02  1.018E+05  9.712E-09  6.500E-02  2.932E+02  2.932E+02
  9.922E-02  5.997E-02  1.018E+05  8.577E-09  6.500E-02  2.934E+02  2.933E+02
  9.922E-02  6.628E-02  1.018E+05  7.523E-09  6.500E-02  2.935E+02  2.934E+02
  9.922E-02  7.259E-02  1.018E+05  6.540E-09  6.500E-02  2.938E+02  2.937E+02
  9.922E-02  7.891E-02  1.018E+05  5.631E-09  6.500E-02  2.942E+02  2.940E+02
  9.922E-02  8.522E-02  1.018E+05  4.816E-09  6.499E-02  2.947E+02  2.944E+02
  9.922E-02  9.153E-02  1.018E+05  4.093E-09  6.500E-02  2.954E+02  2.950E+02
  9.922E-02  9.784E-02  1.018E+05  3.436E-09  6.500E-02  2.964E+02  2.958E+02
  9.922E-02  1.042E-01  1.018E+05  2.833E-09  6.500E-02  2.977E+02  2.969E+02
  9.922E-02  1.105E-01  1.018E+05  2.311E-09  6.500E-02  2.993E+02  2.984E+02
  9.922E-02  1.168E-01  1.018E+05  1.859E-09  6.500E-02  3.014E+02  3.002E+02
  9.922E-02  1.231E-01  1.018E+05  1.446E-09  6.499E-02  3.041E+02  3.025E+02
  9.922E-02  1.294E-01  1.018E+05  1.095E-09  6.499E-02  3.073E+02  3.054E+02
  9.922E-02  1.357E-01  1.018E+05  8.038E-10  6.499E-02  3.111E+02  3.088E+02
  9.922E-02  1.420E-01  1.017E+05  5.345E-10  6.499E-02  3.156E+02  3.128E+02
  9.922E-02  1.483E-01  1.017E+05  2.759E-10  6.498E-02  3.207E+02  3.175E+02
  9.922E-02  1.547E-01  1.017E+05  2.604E-11  6.498E-02  3.265E+02  3.229E+02
  9.922E-02  1.610E-01  1.017E+05 -2.208E-10  6.499E-02  3.328E+02  3.288E+02
  9.922E-02  1.673E-01  1.017E+05 -4.505E-10  6.499E-02  3.396E+02  3.353E+02
  9.922E-02  1.736E-01  1.017E+05 -6.528E-10  6.498E-02  3.468E+02  3.422E+02
  9.922E-02  1.799E-01  1.017E+05 -8.608E-10  6.498E-02  3.542E+02  3.494E+02
  9.922E-02  1.862E-01  1.017E+05 -1.070E-09  6.499E-02  3.617E+02  3.567E+02
  9.922E-02  1.925E-01  1.017E+05 -1.236E-09  6.498E-02  3.690E+02  3.640E+02
  9.922E-02  1.988E-01  1.017E+05 -1.352E-09  6.498E-02  3.760E+02  3.712E+02
  9.922E-02  2.052E-01  1.017E+05 -1.445E-09  6.498E-02  3.825E+02  3.779E+02
  9.922E-02  2.115E-01  1.017E+05 -1.520E-09  6.498E-02  3.884E+02  3.841E+02
  9.922E-02  2.178E-01  1.017E+05 -1.549E-09  6.498E-02  3.934E+02  3.896E+02
  9.922E-02  2.241E-01  1.017E+05 -1.561E-09  6.498E-02  3.974E+02  3.943E+02
  9.922E-02  2.304E-01  1.016E+05 -1.550E-09  6.499E-02  4.005E+02  3.980E+02
  9.922E-02  2.367E-01  1.016E+05 -1.520E-09  6.499E-02  4.024E+02  4.006E+02
  9.922E-02  2.430E-01  1.016E+05 -1.463E-09  6.500E-02  4.033E+02  4.022E+02
  9.922E-02  2.493E-01  1.016E+05 -1.353E-09  6.501E-02  4.030E+02  4.027E+02
  9.922E-02  2.557E-01  1.016E+05 -1.201E-09  6.501E-02  4.017E+02  4.021E+02
  9.922E-02  2.620E-01  1.016E+05 -1.012E-09  6.501E-02  3.994E+02  4.005E+02
  9.922E-02  2.683E-01  1.016E+05 -7.650E-10  6.501E-02  3.962E+02  3.979E+02
  9.922E-02  2.746E-01  1.016E+05 -4.704E-10  6.502E-02  3.923E+02  3.945E+02
  9.922E-02  2.809E-01  1.016E+05 -1.320E-10  6.502E-02  3.876E+02  3.904E+02
  9.922E-02  2.872E-01  1.016E+05  2.373E-10  6.501E-02  3.825E+02  3.857E+02
  9.922E-02  2.935E-01  1.016E+05  6.422E-10  6.501E-02  3.770E+02  3.805E+02
  9.922E-02  2.998E-01  1.016E+05  1.066E-09  6.501E-02  3.712E+02  3.750E+02
  9.922E-02  3.062E-01  1.016E+05  1.466E-09  6.501E-02  3.653E+02  3.692E+02
  9.922E-02  3.125E-01  1.015E+05  1.840E-09  6.502E-02  3.594E+02  3.633E+02
  9.922E-02  3.188E-01  1.015E+05  2.156E-09  6.502E-02  3.535E+02  3.575E+02
  9.922E-02  3.251E-01  1.015E+05  2.462E-09  6.501E-02  3.477E+02  3.517E+02
  9.922E-02  3.314E-01  1.015E+05  2.725E-09  6.502E-02  3.422E+02  3.460E+02
  9.922E-02  3.377E-01  1.015E+05  2.890E-09  6.502E-02  3.370E+02  3.407E+02
  9.922E-02  3.440E-01  1.015E+05  3.069E-09  6.502E-02  3.321E+02  3.355E+02
  9.922E-02  3.503E-01  1.015E+05  3.341E-09  6.501E-02  3.275E+02  3.308E+02
  9.922E-02  3.567E-01  1.015E+05  3.649E-09  6.501E-02  3.233E+02  3.263E+02
  9.922E-02  3.630E-01  1.015E+05  3.889E-09  6.501E-02  3.194E+02  3.222E+02
  9.922E-02  3.693E-01  1.015E+05  4.042E-09  6.501E-02  3.159E+02  3.185E+02
  9.922E-02  3.756E-01  1.015E+05  4.110E-09  6.501E-02  3.128E+02  3.151E+02
  9.922E-02  3.819E-01  1.015E+05  4.119E-09  6.500E-02  3.100E+02  3.121E+02
  9.922E-02  3.882E-01  1.015E+05  4.059E-09  6.501E-02  3.076E+02  3.094E+02
  9.922E-02  3.945E-01  1.015E+05  3.920E-09  6.502E-02  3.054E+02  3.070E+02
  9.922E-02  4.008E-01  1.014E+05  3.711E-09  6.501E-02  3.035E+02  3.049E+02
  9.922E-02  4.072E-01  1.014E+05  3.468E-09  6.500E-02  3.019E+02  3.031E+02
  9.922E-02  4.135E-01  1.014E+05  3.187E-09  6.500E-02  3.004E+02  3.015E+02
  9.922E-02  4.198E-01  1.014E+05  2.881E-09  6.501E-02  2.992E+02  3.002E+02
  9.922E-02  4.261E-01  1.014E+05  2.545E-09  6.500E-02  2.982E+02  2.990E+02
  9.922E-02  4.324E-01  1.014E+05  2.158E-09  6.500E-02  2.973E+02  2.980E+02
  9.922E-02  4.387E-01  1.014E+05  1.849E-09  6.501E-02  2.966E+02  2.971E+02
  9.922E-02  4.450E-01  1.014E+05  1.279E-09  6.500E-02  2.959E+02  2.964E+02
  9.922E-02  4.513E-01  1.014E+05  1.323E-09  6.500E-02  2.954E+02  2.958E+02
  9.922E-02  4.577E-01  1.014E+05  1.151E-09  6.500E-02  2.950E+02  2.953E+02
  9.922E-02  4.640E-01  1.014E+05  1.063E-09  6.500E-02  2.946E+02  2.949E+02
  9.922E-02  4.703E-01  1.014E+05  9.295E-10  6.500E-02  2.943E+02  2.946E+02
  9.922E-02  4.766E-01  1.014E+05  8.191E-10  6.500E-02  2.941E+02  2.943E+02
  9.922E-02  4.829E-01  1.014E+05  6.813E-10  6.500E-02  2.939E+02  2.940E+02
  9.922E-02  4.892E-01  1.013E+05  5.403E-10  6.500E-02  2.937E+02  2.938E+02
  9.922E-02  4.955E-01  1.013E+05  3.947E-10  6.500E-02  2.936E+02  2.937E+02
  9.922E-02  5.018E-01  1.013E+05  3.092E-10  6.500E-02  2.935E+02  2.935E+02
  9.922E-02  5.050E-01  1.013E+05  3.092E-10  6.500E-02  2.935E+02  2.930E+02
  1.276E-01  0.000E+00  1.019E+05  2.370E-09  6.500E-02  2.930E+02  2.930E+02
  1.276E-01  3.156E-03  1.019E+05  2.370E-09  6.502E-02  2.930E+02  2.930E+02
  1.276E-01  9.469E-03  1.019E+05  2.245E-09  6.500E-02  2.930E+02  2.930E+02
  1.276E-01  1.578E-02  1.019E+05  2.051E-09  6.500E-02  2.930E+02  2.930E+02
  1.276E-01  2.209E-02  1.019E+05  1.828E-09  6.500E-02  2.930E+02  2.930E+02
  1.276E-01  2.841E-02  1.019E+05  1.527E-09  6.500E-02  2.930E+02  2.930E+02
  1.276E-01  3.472E-02  1.019E+05  1.194E-09  6.499E-02  2.931E+02  2.930E+02
  1.276E-01  4.103E-02  1.019E+05  8.366E-10  6.499E-02  2.931E+02  2.931E+02
  1.276E-01  4.734E-02  1.019E+05  4.595E-10  6.500E-02  2.932E+02  2.931E+02
  1.276E-01  5.366E-02  1.018E+05  1.127E-10  6.500E-02  2.932E+02  2.932E+02
  1.276E-01  5.997E-02  1.018E+05 -2.638E-10  6.500E-02  2.934E+02  2.933E+02
  1.276E-01  6.628E-02  1.018E+05 -6.182E-10  6.500E-02  2.935E+02  2.934E+02
  1.276E-01  7.259E-02  1.018E+05 -9.416E-10  6.500E-02  2.938E+02  2.937E+02
  1.276E-01  7.891E-02  1.018E+05 -1.251E-09  6.500E-02  2.942E+02  2.940E+02
  1.276E-01  8.522E-02  1.018E+05 -1.541E-09  6.499E-02  2.947E+02  2.944E+02
  1.276E-01  9.153E-02  1.018E+05 -1.808E-09  6.500E-02  2.954E+02  2.950E+02
  1.276E-01  9.784E-02  1.018E+05 -2.056E-09  6.500E-02  2.964E+02  2.958E+02
  1.276E-01  1.042E-01  1.018E+05 -2.269E-09  6.500E-02  2.977E+02  2.969E+02
  1.276E-01  1.105E-01  1.018E+05 -2.452E-09  6.500E-02  2.993E+02  2.984E+02
  1.276E-01  1.168E-01  1.018E+05 -2.634E-09  6.500E-02  3.014E+02  3.002E+02
  1.276E-01  1.231E-01  1.018E+05 -2.789E-09  6.499E-02  3.041E+02  3.025E+02
  1.276E-01  1.294E-01  1.018E+05 -2.920E-09  6.499E-02  3.073E+02  3.054E+02
  1.276E-01  1.357E-01  1.018E+05 -3.025E-09  6.499E-02  3.111E+02  3.088E+02
  1.276E-01  1.420E-01  1.017E+05 -3.101E-09  6.499E-02  3.156E+02  3.128E+02
  1.276E-01  1.483E-01  1.017E+05 -3.133E-09  6.498E-02  3.207E+02  3.175E+02
  1.276E-01  1.547E-01  1.017E+05 -3.158E-09  6.498E-02  3.265E+02  3.229E+02
  1.276E-01  1.610E-01  1.017E+05 -3.196E-09  6.499E-02  3.328E+02  3.288E+02
  1.276E-01  1.673E-01  1.017E+05 -3.196E-09  6.499E-02  3.396E+02  3.353E+02
  1.276E-01  1.736E-01  1.017E+05 -3.173E-09  6.498E-02  3.468E+02  3.422E+02
  1.276E-01  1.799E-01  1.017E+05 -3.137E-09  6.498E-02  3.542E+02  3.494E+02
  1.276E-01  1.862E-01  1.017E+05 -3.055E-09  6.499E-02  3.617E+02  3.567E+02
  1.276E-01  1.925E-01  1.017E+05 -2.927E-09  6.498E-02  3.690E+02  3.640E+02
  1.276E-01  1.988E-01  1.017E+05 -2.748E-09  6.498E-02  3.760E+02  3.712E+02
  1.276E-01  2.052E-01  1.017E+05 -2.507E-09  6.498E-02  3.825E+02  3.779E+02
  1.276E-01  2.115E-01  1.017E+05 -2.216E-09  6.498E-02  3.884E+02  3.841E+02
  1.276E-01  2.178E-01  1.017E+05 -1.871E-09  6.498E-02  3.934E+02  3.896E+02
  1.276E-01  2.241E-01  1.017E+05 -1.510E-09  6.498E-02  3.974E+02  3.943E+02
  1.276E-01  2.304E-01  1.016E+05 -1.110E-09  6.499E-02  4.005E+02  3.980E+02
  1.276E-01  2.367E-01  1.016E+05 -6.811E-10  6.499E-02  4.024E+02  4.006E+02
  1.276E-01  2.430E-01  1.016E+05 -2.387E-10  6.500E-02  4.033E+02  4.022E+02
  1.276E-01  2.493E-01  1.016E+05  2.142E-10  6.501E-02  4.030E+02  4.027E+02
  1.276E-01  2.557E-01  1.016E+05  6.810E-10  6.501E-02  4.017E+02  4.021E+02
  1.276E-01  2.620E-01  1.016E+05  1.170E-09  6.501E-02  3.994E+02  4.005E+02
  1.276E-01  2.683E-01  1.016E+05  1.691E-09  6.501E-02  3.962E+02  3.979E+02
  1.276E-01  2.746E-01  1.016E+05  2.228E-09  6.502E-02  3.923E+02  3.945E+02
  1.276E-01  2.809E-01  1.016E+05  2.778E-09  6.502E-02  3.876E+02  3.904E+02
  1.276E-01  2.872E-01  1.016E+05  3.308E-09  6.501E-02  3.825E+02  3.857E+02
  1.276E-01  2.935E-01  1.016E+05  3.822E-09  6.501E-02  3.770E+02  3.805E+02
  1.276E-01  2.998E-01  1.016E+05  4.335E-09  6.501E-02  3.712E+02  3.750E+02
  1.276E-01  3.062E-01  1.016E+05  4.780E-09  6.501E-02  3.653E+02  3.692E+02
  1.276E-01  3.125E-01  1.015E+05  5.204E-09  6.502E-02  3.593E+02  3.633E+02
  1.276E-01  3.188E-01  1.015E+05  5.505E-09  6.502E-02  3.535E+02  3.574E+02
  1.276E-01  3.251E-01  1.015E+05  5.957E-09  6.501E-02  3.477E+02  3.517E+02
  1.276E-01  3.314E-01  1.015E+05  6.330E-09  6.502E-02  3.422E+02  3.460E+02
  1.276E-01  3.377E-01  1.015E+05  4.727E-09  6.502E-02  3.370E+02  3.406E+02
  1.276E-01  3.440E-01  1.015E+05  3.067E-09  6.502E-02  3.321E+02  3.355E+02
  1.276E-01  3.503E-01  1.015E+05  4.634E-09  6.501E-02  3.275E+02  3.307E+02
  1.276E-01  3.567E-01  1.015E+05  6.392E-09  6.501E-02  3.233E+02  3.263E+02
  1.276E-01  3.630E-01  1.015E+05  6.258E-09  6.501E-02  3.194E+02  3.222E+02
  1.276E-01  3.693E-01  1.015E+05  5.981E-09  6.501E-02  3.159E+02  3.185E+02
  1.276E-01  3.756E-01  1.015E+05  5.834E-09  6.501E-02  3.128E+02  3.151E+02
  1.276E-01  3.819E-01  1.015E+05  5.567E-09  6.500E-02  3.100E+02  3.121E+02
  1.276E-01  3.882E-01  1.015E+05  5.300E-09  6.501E-02  3.076E+02  3.094E+02
  1.276E-01  3.945E-01  1.015E+05  5.003E-09  6.502E-02  3.054E+02  3.070E+02
  1.276E-01  4.008E-01  1.014E+05  4.670E-09  6.501E-02  3.035E+02  3.049E+02
  1.276E-01  4.072E-01  1.014E+05  4.318E-09  6.500E-02  3.019E+02  3.031E+02
  1.276E-01  4.135E-01  1.014E+05  3.944E-09  6.500E-02  3.004E+02  3.015E+02
  1.276E-01  4.198E-01  1.014E+05  3.559E-09  6.501E-02  2.992E+02  3.002E+02
  1.276E-01  4.261E-01  1.014E+05  3.142E-09  6.500E-02  2.982E+02  2.990E+02
  1.276E-01  4.324E-01  1.014E+05  2.738E-09  6.500E-02  2.973E+02  2.980E+02
  1.276E-01  4.387E-01  1.014E+05  2.356E-09  6.501E-02  2.966E+02  2.971E+02
  1.276E-01  4.450E-01  1.014E+05  1.926E-09  6.500E-02  2.959E+02  2.964E+02
  1.276E-01  4.513E-01  1.014E+05  1.713E-09  6.500E-02  2.954E+02  2.958E+02
  1.276E-01  4.577E-01  1.014E+05  1.476E-09  6.500E-02  2.950E+02  2.953E+02
  1.276E-01  4.640E-01  1.014E+05  1.273E-09  6.500E-02  2.946E+02  2.949E+02
  1.276E-01  4.703E-01  1.014E+05  1.060E-09  6.500E-02  2.943E+02  2.946E+02
  1.276E-01  4.766E-01  1.014E+05  8.549E-10  6.500E-02  2.941E+02  2.943E+02
  1.276E-01  4.829E-01  1.014E+05  6.658E-10  6.500E-02  2.939E+02  2.940E+02
  1.276E-01  4.892E-01  1.013E+05  4.965E-10  6.500E-02  2.937E+02  2.938E+02
  1.276E-01  4.955E-01  1.013E+05  2.959E-10  6.500E-02  2.936E+02  2.937E+02
  1.276E-01  5.018E-01  1.013E+05  1.976E-10  6.500E-02  2.935E+02  2.935E+02
  1.276E-01  5.050E-01  1.013E+05  1.976E-10  6.500E-02  2.935E+02  2.930E+02
  1.559E-01  0.000E+00  1.019E+05 -1.066E-08  6.500E-02  2.930E+02  2.930E+02
  1.559E-01  3.156E-03  1.019E+05 -1.066E-08  6.502E-02  2.930E+02  2.930E+02
  1.559E-01  9.469E-03  1.019E+05 -1.062E-08  6.500E-02  2.930E+02  2.930E+02
  1.559E-01  1.578E-02  1.019E+05 -1.051E-08  6.500E-02  2.930E+02  2.930E+02
  1.559E-01  2.209E-02  1.019E+05 -1.034E-08  6.500E-02  2.930E+02  2.930E+02
  1.559E-01  2.841E-02  1.019E+05 -1.011E-08  6.500E-02  2.930E+02  2.930E+02
  1.559E-01  3.472E-02  1.019E+05 -9.866E-09  6.499E-02  2.931E+02  2.930E+02
  1.559E-01  4.103E-02  1.019E+05 -9.610E-09  6.499E-02  2.931E+02  2.931E+02
  1.559E-01  4.734E-02  1.019E+05 -9.350E-09  6.500E-02  2.932E+02  2.931E+02
  1.559E-01  5.366E-02  1.018E+05 -9.117E-09  6.500E-02  2.932E+02  2.932E+02
  1.559E-01  5.997E-02  1.018E+05 -8.880E-09  6.500E-02  2.934E+02  2.933E+02
  1.559E-01  6.628E-02  1.018E+05 -8.648E-09  6.500E-02  2.935E+02  2.934E+02
  1.559E-01  7.259E-02  1.018E+05 -8.457E-09  6.500E-02  2.938E+02  2.937E+02
  1.559E-01  7.891E-02  1.018E+05 -8.278E-09  6.500E-02  2.942E+02  2.940E+02
  1.559E-01  8.522E-02  1.018E+05 -8.112E-09  6.499E-02  2.947E+02  2.944E+02
  1.559E-01  9.153E-02  1.018E+05 -7.949E-09  6.500E-02  2.954E+02  2.950E+02
  1.559E-01  9.784E-02  1.018E+05 -7.806E-09  6.500E-02  2.964E+02  2.958E+02
  1.559E-01  1.042E-01  1.018E+05 -7.686E-09  6.500E-02  2.977E+02  2.969E+02
  1.559E-01  1.105E-01  1.018E+05 -7.548E-09  6.500E-02  2.993E+02  2.984E+02
  1.559E-01  1.168E-01  1.018E+05 -7.394E-09  6.500E-02  3.014E+02  3.002E+02
  1.559E-01  1.231E-01  1.018E+05 -7.219E-09  6.499E-02  3.041E+02  3.025E+02
  1.559E-01  1.294E-01  1.018E+05 -7.014E-09  6.499E-02  3.073E+02  3.054E+02
  1.559E-01  1.357E-01  1.018E+05 -6.769E-09  6.499E-02  3.111E+02  3.088E+02
  1.559E-01  1.420E-01  1.017E+05 -6.492E-09  6.499E-02  3.156E+02  3.128E+02
  1.559E-01  1.483E-01  1.017E+05 -6.189E-09  6.498E-02  3.207E+02  3.175E+02
  1.559E-01  1.547E-01  1.017E+05 -5.854E-09  6.498E-02  3.265E+02  3.229E+02
  1.559E-01  1.610E-01  1.017E+05 -5.484E-09  6.499E-02  3.328E+02  3.288E+02
  1.559E-01  1.673E-01  1.017E+05 -5.078E-09  6.499E-02  3.396E+02  3.353E+02
  1.559E-01  1.736E-01  1.017E+05 -4.628E-09  6.498E-02  3.468E+02  3.422E+02
  1.559E-01  1.799E-01  1.017E+05 -4.126E-09  6.498E-02  3.542E+02  3.494E+02
  1.559E-01  1.862E-01  1.017E+05 -3.570E-09  6.499E-02  3.617E+02  3.567E+02
  1.559E-01  1.925E-01  1.017E+05 -2.960E-09  6.498E-02  3.690E+02  3.640E+02
  1.559E-01  1.988E-01  1.017E+05 -2.305E-09  6.498E-02  3.760E+02  3.712E+02
  1.559E-01  2.052E-01  1.017E+05 -1.578E-09  6.498E-02  3.825E+02  3.779E+02
  1.559E-01  2.115E-01  1.017E+05 -7.999E-10  6.498E-02  3.884E+02  3.841E+02
  1.559E-01  2.178E-01  1.017E+05 -7.269E-12  6.498E-02  3.934E+02  3.896E+02
  1.559E-01  2.241E-01  1.017E+05  8.047E-10  6.498E-02  3.974E+02  3.943E+02
  1.559E-01  2.304E-01  1.016E+05  1.623E-09  6.499E-02  4.005E+02  3.980E+02
  1.559E-01  2.367E-01  1.016E+05  2.407E-09  6.499E-02  4.024E+02  4.006E+02
  1.559E-01  2.430E-01  1.016E+05  3.161E-09  6.500E-02  4.033E+02  4.022E+02
  1.559E-01  2.493E-01  1.016E+05  3.864E-09  6.501E-02  4.030E+02  4.027E+02
  1.559E-01  2.557E-01  1.016E+05  4.538E-09  6.501E-02  4.017E+02  4.021E+02
  1.559E-01  2.620E-01  1.016E+05  5.187E-09  6.501E-02  3.994E+02  4.005E+02
  1.559E-01  2.683E-01  1.016E+05  5.802E-09  6.501E-02  3.962E+02  3.979E+02
  1.559E-01  2.746E-01  1.016E+05  6.348E-09  6.502E-02  3.923E+02  3.945E+02
  1.559E-01  2.809E-01  1.016E+05  6.844E-09  6.502E-02  3.876E+02  3.904E+02
  1.559E-01  2.872E-01  1.016E+05  7.290E-09  6.501E-02  3.825E+02  3.857E+02
  1.559E-01  2.935E-01  1.016E+05  7.628E-09  6.501E-02  3.770E+02  3.805E+02
  1.559E-01  2.998E-01  1.016E+05  7.875E-09  6.501E-02  3.712E+02  3.750E+02
  1.559E-01  3.062E-01  1.016E+05  8.064E-09  6.501E-02  3.653E+02  3.692E+02
  1.559E-01  3.125E-01  1.015E+05  8.195E-09  6.502E-02  3.593E+02  3.633E+02
  1.559E-01  3.188E-01  1.015E+05  8.161E-09  6.502E-02  3.535E+02  3.574E+02
  1.559E-01  3.251E-01  1.015E+05  8.252E-09  6.501E-02  3.477E+02  3.517E+02
  1.559E-01  3.314E-01  1.015E+05  8.208E-09  6.502E-02  3.422E+02  3.460E+02
  1.559E-01  3.377E-01  1.015E+05  6.169E-09  6.502E-02  3.370E+02  3.407E+02
  1.559E-01  3.440E-01  1.015E+05  4.108E-09  6.502E-02  3.321E+02  3.355E+02
  1.559E-01  3.503E-01  1.015E+05  5.360E-09  6.501E-02  3.275E+02  3.307E+02
  1.559E-01  3.567E-01  1.015E+05  6.828E-09  6.501E-02  3.233E+02  3.263E+02
  1.559E-01  3.630E-01  1.015E+05  6.359E-09  6.501E-02  3.194E+02  3.222E+02
  1.559E-01  3.693E-01  1.015E+05  5.768E-09  6.501E-02  3.159E+02  3.185E+02
  1.559E-01  3.756E-01  1.015E+05  5.338E-09  6.501E-02  3.128E+02  3.151E+02
  1.559E-01  3.819E-01  1.015E+05  4.797E-09  6.500E-02  3.100E+02  3.121E+02
  1.559E-01  3.882E-01  1.015E+05  4.294E-09  6.501E-02  3.076E+02  3.094E+02
  1.559E-01  3.945E-01  1.015E+05  3.800E-09  6.502E-02  3.054E+02  3.070E+02
  1.559E-01  4.008E-01  1.014E+05  3.315E-09  6.501E-02  3.035E+02  3.049E+02
  1.559E-01  4.072E-01  1.014E+05  2.837E-09  6.500E-02  3.019E+02  3.031E+02
  1.559E-01  4.135E-01  1.014E+05  2.370E-09  6.500E-02  3.004E+02  3.015E+02
  1.559E-01  4.198E-01  1.014E+05  1.925E-09  6.501E-02  2.992E+02  3.002E+02
  1.559E-01  4.261E-01  1.014E+05  1.480E-09  6.500E-02  2.982E+02  2.990E+02
  1.559E-01  4.324E-01  1.014E+05  1.084E-09  6.500E-02  2.973E+02  2.980E+02
  1.559E-01  4.387E-01  1.014E+05  7.359E-10  6.501E-02  2.966E+02  2.971E+02
  1.559E-01  4.450E-01  1.014E+05  4.361E-10  6.500E-02  2.959E+02  2.964E+02
  1.559E-01  4.513E-01  1.014E+05  2.104E-10  6.500E-02  2.954E+02  2.958E+02
  1.559E-01  4.577E-01  1.014E+05  7.436E-12  6.500E-02  2.950E+02  2.953E+02
  1.559E-01  4.640E-01  1.014E+05 -1.349E-10  6.500E-02  2.946E+02  2.949E+02
  1.559E-01  4.703E-01  1.014E+05 -2.400E-10  6.500E-02  2.943E+02  2.946E+02
  1.559E-01  4.766E-01  1.014E+05 -3.165E-10  6.500E-02  2.941E+02  2.943E+02
  1.559E-01  4.829E-01  1.014E+05 -3.523E-10  6.500E-02  2.939E+02  2.940E+02
  1.559E-01  4.892E-01  1.013E+05 -3.534E-10  6.500E-02  2.937E+02  2.938E+02
  1.559E-01  4.955E-01  1.013E+05 -3.260E-10  6.500E-02  2.936E+02  2.937E+02
  1.559E-01  5.018E-01  1.013E+05 -2.794E-10  6.500E-02  2.935E+02  2.935E+02
  1.559E-01  5.050E-01  1.013E+05 -2.794E-10  6.500E-02  2.935E+02  2.930E+02
  1.843E-01  0.000E+00  1.019E+05 -2.536E-08  6.500E-02  2.930E+02  2.930E+02
  1.843E-01  3.156E-03  1.019E+05 -2.536E-08  6.502E-02  2.930E+02  2.930E+02
  1.843E-01  9.469E-03  1.019E+05 -2.491E-08  6.500E-02  2.930E+02  2.930E+02
  1.843E-01  1.578E-02  1.019E+05 -2.415E-08  6.500E-02  2.930E+02  2.930E+02
  1.843E-01  2.209E-02  1.019E+05 -2.317E-08  6.500E-02  2.930E+02  2.930E+02
  1.843E-01  2.841E-02  1.019E+05 -2.206E-08  6.500E-02  2.930E+02  2.930E+02
  1.843E-01  3.472E-02  1.019E+05 -2.089E-08  6.499E-02  2.931E+02  2.930E+02
  1.843E-01  4.103E-02  1.019E+05 -1.970E-08  6.499E-02  2.931E+02  2.931E+02
  1.843E-01  4.734E-02  1.019E+05 -1.854E-08  6.500E-02  2.932E+02  2.931E+02
  1.843E-01  5.366E-02  1.018E+05 -1.743E-08  6.500E-02  2.932E+02  2.932E+02
  1.843E-01  5.997E-02  1.018E+05 -1.639E-08  6.500E-02  2.934E+02  2.933E+02
  1.843E-01  6.628E-02  1.018E+05 -1.543E-08  6.500E-02  2.935E+02  2.934E+02
  1.843E-01  7.259E-02  1.018E+05 -1.454E-08  6.500E-02  2.938E+02  2.937E+02
  1.843E-01  7.891E-02  1.018E+05 -1.372E-08  6.500E-02  2.942E+02  2.940E+02
  1.843E-01  8.522E-02  1.018E+05 -1.299E-08  6.499E-02  2.947E+02  2.944E+02
  1.843E-01  9.153E-02  1.018E+05 -1.231E-08  6.500E-02  2.954E+02  2.950E+02
  1.843E-01  9.784E-02  1.018E+05 -1.169E-08  6.500E-02  2.964E+02  2.958E+02
  1.843E-01  1.042E-01  1.018E+05 -1.111E-08  6.500E-02  2.977E+02  2.969E+02
  1.843E-01  1.105E-01  1.018E+05 -1.054E-08  6.500E-02  2.993E+02  2.984E+02
  1.843E-01  1.168E-01  1.018E+05 -9.996E-09  6.500E-02  3.014E+02  3.002E+02
  1.843E-01  1.231E-01  1.018E+05 -9.449E-09  6.499E-02  3.041E+02  3.025E+02
  1.843E-01  1.294E-01  1.018E+05 -8.891E-09  6.499E-02  3.073E+02  3.054E+02
  1.843E-01  1.357E-01  1.018E+05 -8.304E-09  6.499E-02  3.111E+02  3.088E+02
  1.843E-01  1.420E-01  1.017E+05 -7.717E-09  6.499E-02  3.156E+02  3.128E+02
  1.843E-01  1.483E-01  1.017E+05 -7.132E-09  6.498E-02  3.207E+02  3.175E+02
  1.843E-01  1.547E-01  1.017E+05 -6.524E-09  6.498E-02  3.265E+02  3.229E+02
  1.843E-01  1.610E-01  1.017E+05 -5.893E-09  6.499E-02  3.328E+02  3.288E+02
  1.843E-01  1.673E-01  1.017E+05 -5.247E-09  6.499E-02  3.396E+02  3.353E+02
  1.843E-01  1.736E-01  1.017E+05 -4.553E-09  6.498E-02  3.468E+02  3.422E+02
  1.843E-01  1.799E-01  1.017E+05 -3.823E-09  6.498E-02  3.542E+02  3.494E+02
  1.843E-01  1.862E-01  1.017E+05 -3.085E-09  6.499E-02  3.617E+02  3.567E+02
  1.843E-01  1.925E-01  1.017E+05 -2.294E-09  6.498E-02  3.690E+02  3.640E+02
  1.843E-01  1.988E-01  1.017E+05 -1.457E-09  6.498E-02  3.760E+02  3.712E+02
  1.843E-01  2.052E-01  1.017E+05 -5.923E-10  6.498E-02  3.825E+02  3.779E+02
  1.843E-01  2.115E-01  1.017E+05  2.784E-10  6.498E-02  3.884E+02  3.841E+02
  1.843E-01  2.178E-01  1.017E+05  1.164E-09  6.498E-02  3.934E+02  3.896E+02
  1.843E-01  2.241E-01  1.017E+05  2.045E-09  6.498E-02  3.974E+02  3.943E+02
  1.843E-01  2.304E-01  1.016E+05  2.882E-09  6.499E-02  4.005E+02  3.980E+02
  1.843E-01  2.367E-01  1.016E+05  3.680E-09  6.499E-02  4.024E+02  4.006E+02
  1.843E-01  2.430E-01  1.016E+05  4.437E-09  6.500E-02  4.033E+02  4.022E+02
  1.843E-01  2.493E-01  1.016E+05  5.133E-09  6.501E-02  4.030E+02  4.027E+02
  1.843E-01  2.557E-01  1.016E+05  5.799E-09  6.501E-02  4.017E+02  4.021E+02
  1.843E-01  2.620E-01  1.016E+05  6.393E-09  6.501E-02  3.994E+02  4.005E+02
  1.843E-01  2.683E-01  1.016E+05  6.932E-09  6.501E-02  3.962E+02  3.979E+02
  1.843E-01  2.746E-01  1.016E+05  7.410E-09  6.502E-02  3.923E+02  3.945E+02
  1.843E-01  2.809E-01  1.016E+05  7.794E-09  6.502E-02  3.877E+02  3.904E+02
  1.843E-01  2.872E-01  1.016E+05  8.108E-09  6.501E-02  3.825E+02  3.857E+02
  1.843E-01  2.935E-01  1.016E+05  8.340E-09  6.501E-02  3.770E+02  3.805E+02
  1.843E-01  2.998E-01  1.016E+05  8.461E-09  6.501E-02  3.712E+02  3.750E+02
  1.843E-01  3.062E-01  1.016E+05  8.469E-09  6.501E-02  3.653E+02  3.692E+02
  1.843E-01  3.125E-01  1.015E+05  8.364E-09  6.502E-02  3.594E+02  3.633E+02
  1.843E-01  3.188E-01  1.015E+05  8.160E-09  6.502E-02  3.535E+02  3.575E+02
  1.843E-01  3.251E-01  1.015E+05  7.878E-09  6.501E-02  3.477E+02  3.517E+02
  1.843E-01  3.314E-01  1.015E+05  7.478E-09  6.502E-02  3.422E+02  3.460E+02
  1.843E-01  3.377E-01  1.015E+05  6.977E-09  6.502E-02  3.370E+02  3.407E+02
  1.843E-01  3.440E-01  1.015E+05  6.465E-09  6.502E-02  3.321E+02  3.355E+02
  1.843E-01  3.503E-01  1.015E+05  6.073E-09  6.501E-02  3.275E+02  3.308E+02
  1.843E-01  3.567E-01  1.015E+05  5.717E-09  6.501E-02  3.233E+02  3.263E+02
  1.843E-01  3.630E-01  1.015E+05  5.283E-09  6.501E-02  3.194E+02  3.222E+02
  1.843E-01  3.693E-01  1.015E+05  4.810E-09  6.501E-02  3.160E+02  3.185E+02
  1.843E-01  3.756E-01  1.015E+05  4.314E-09  6.501E-02  3.128E+02  3.151E+02
  1.843E-01  3.819E-01  1.015E+05  3.784E-09  6.500E-02  3.100E+02  3.121E+02
  1.843E-01  3.882E-01  1.015E+05  3.237E-09  6.501E-02  3.076E+02  3.094E+02
  1.843E-01  3.945E-01  1.015E+05  2.715E-09  6.502E-02  3.054E+02  3.070E+02
  1.843E-01  4.008E-01  1.014E+05  2.210E-09  6.501E-02  3.035E+02  3.049E+02
  1.843E-01  4.072E-01  1.014E+05  1.724E-09  6.500E-02  3.019E+02  3.031E+02
  1.843E-01  4.135E-01  1.014E+05  1.257E-09  6.500E-02  3.004E+02  3.015E+02
  1.843E-01  4.198E-01  1.014E+05  8.483E-10  6.501E-02  2.992E+02  3.002E+02
  1.843E-01  4.261E-01  1.014E+05  4.532E-10  6.500E-02  2.982E+02  2.990E+02
  1.843E-01  4.324E-01  1.014E+05  9.663E-11  6.500E-02  2.973E+02  2.980E+02
  1.843E-01  4.387E-01  1.014E+05 -2.004E-10  6.501E-02  2.966E+02  2.971E+02
  1.843E-01  4.450E-01  1.014E+05 -4.379E-10  6.500E-02  2.959E+02  2.964E+02
  1.843E-01  4.513E-01  1.014E+05 -6.411E-10  6.500E-02  2.954E+02  2.958E+02
  1.843E-01  4.577E-01  1.014E+05 -7.898E-10  6.500E-02  2.950E+02  2.953E+02
  1.843E-01  4.640E-01  1.014E+05 -8.711E-10  6.500E-02  2.946E+02  2.949E+02
  1.843E-01  4.703E-01  1.014E+05 -9.294E-10  6.500E-02  2.943E+02  2.946E+02
  1.843E-01  4.766E-01  1.014E+05 -9.163E-10  6.500E-02  2.941E+02  2.943E+02
  1.843E-01  4.829E-01  1.014E+05 -8.736E-10  6.500E-02  2.939E+02  2.940E+02
  1.843E-01  4.892E-01  1.013E+05 -7.820E-10  6.500E-02  2.937E+02  2.938E+02
  1.843E-01  4.955E-01  1.013E+05 -6.120E-10  6.500E-02  2.936E+02  2.937E+02
  1.843E-01  5.018E-01  1.013E+05 -4.841E-10  6.500E-02  2.935E+02  2.935E+02
  1.843E-01  5.050E-01  1.013E+05 -4.841E-10  6.500E-02  2.935E+02  2.930E+02
  2.126E-01  0.000E+00  1.019E+05 -4.296E-08  6.500E-02  2.930E+02  2.930E+02
  2.126E-01  3.156E-03  1.019E+05 -4.296E-08  6.502E-02  2.930E+02  2.930E+02
  2.126E-01  9.469E-03  1.019E+05 -4.153E-08  6.500E-02  2.930E+02  2.930E+02
  2.126E-01  1.578E-02  1.019E+05 -3.939E-08  6.500E-02  2.930E+02  2.930E+02
  2.126E-01  2.209E-02  1.019E+05 -3.683E-08  6.500E-02  2.930E+02  2.930E+02
  2.126E-01  2.841E-02  1.019E+05 -3.411E-08  6.500E-02  2.930E+02  2.930E+02
  2.126E-01  3.472E-02  1.019E+05 -3.137E-08  6.499E-02  2.931E+02  2.930E+02
  2.126E-01  4.103E-02  1.019E+05 -2.873E-08  6.499E-02  2.931E+02  2.931E+02
  2.126E-01  4.734E-02  1.019E+05 -2.626E-08  6.500E-02  2.932E+02  2.931E+02
  2.126E-01  5.366E-02  1.018E+05 -2.393E-08  6.500E-02  2.932E+02  2.932E+02
  2.126E-01  5.997E-02  1.018E+05 -2.181E-08  6.500E-02  2.934E+02  2.933E+02
  2.126E-01  6.628E-02  1.018E+05 -1.989E-08  6.500E-02  2.935E+02  2.934E+02
  2.126E-01  7.259E-02  1.018E+05 -1.815E-08  6.500E-02  2.938E+02  2.937E+02
  2.126E-01  7.891E-02  1.018E+05 -1.660E-08  6.500E-02  2.942E+02  2.940E+02
  2.126E-01  8.522E-02  1.018E+05 -1.524E-08  6.499E-02  2.947E+02  2.944E+02
  2.126E-01  9.153E-02  1.018E+05 -1.400E-08  6.500E-02  2.954E+02  2.950E+02
  2.126E-01  9.784E-02  1.018E+05 -1.288E-08  6.500E-02  2.964E+02  2.958E+02
  2.126E-01  1.042E-01  1.018E+05 -1.186E-08  6.500E-02  2.977E+02  2.969E+02
  2.126E-01  1.105E-01  1.018E+05 -1.091E-08  6.500E-02  2.993E+02  2.984E+02
  2.126E-01  1.168E-01  1.018E+05 -1.003E-08  6.500E-02  3.014E+02  3.002E+02
  2.126E-01  1.231E-01  1.018E+05 -9.217E-09  6.499E-02  3.041E+02  3.025E+02
  2.126E-01  1.294E-01  1.018E+05 -8.431E-09  6.499E-02  3.073E+02  3.054E+02
  2.126E-01  1.357E-01  1.018E+05 -7.664E-09  6.499E-02  3.111E+02  3.088E+02
  2.126E-01  1.420E-01  1.017E+05 -6.920E-09  6.499E-02  3.156E+02  3.128E+02
  2.126E-01  1.483E-01  1.017E+05 -6.206E-09  6.498E-02  3.207E+02  3.175E+02
  2.126E-01  1.547E-01  1.017E+05 -5.518E-09  6.498E-02  3.265E+02  3.229E+02
  2.126E-01  1.610E-01  1.017E+05 -4.852E-09  6.499E-02  3.328E+02  3.288E+02
  2.126E-01  1.673E-01  1.017E+05 -4.214E-09  6.499E-02  3.396E+02  3.353E+02
  2.126E-01  1.736E-01  1.017E+05 -3.600E-09  6.498E-02  3.468E+02  3.422E+02
  2.126E-01  1.799E-01  1.017E+05 -2.979E-09  6.498E-02  3.542E+02  3.494E+02
  2.126E-01  1.862E-01  1.017E+05 -2.348E-09  6.499E-02  3.617E+02  3.567E+02
  2.126E-01  1.925E-01  1.017E+05 -1.727E-09  6.498E-02  3.690E+02  3.640E+02
  2.126E-01  1.988E-01  1.017E+05 -1.104E-09  6.498E-02  3.760E+02  3.712E+02
  2.126E-01  2.052E-01  1.017E+05 -4.953E-10  6.498E-02  3.825E+02  3.779E+02
  2.126E-01  2.115E-01  1.017E+05  1.063E-10  6.498E-02  3.884E+02  3.841E+02
  2.126E-01  2.178E-01  1.017E+05  7.198E-10  6.498E-02  3.934E+02  3.896E+02
  2.126E-01  2.241E-01  1.017E+05  1.308E-09  6.498E-02  3.974E+02  3.943E+02
  2.126E-01  2.304E-01  1.016E+05  1.867E-09  6.499E-02  4.005E+02  3.980E+02
  2.126E-01  2.367E-01  1.016E+05  2.407E-09  6.499E-02  4.024E+02  4.006E+02
  2.126E-01  2.430E-01  1.016E+05  2.936E-09  6.500E-02  4.033E+02  4.022E+02
  2.126E-01  2.493E-01  1.016E+05  3.425E-09  6.501E-02  4.030E+02  4.027E+02
  2.126E-01  2.557E-01  1.016E+05  3.889E-09  6.501E-02  4.017E+02  4.021E+02
  2.126E-01  2.620E-01  1.016E+05  4.317E-09  6.501E-02  3.994E+02  4.005E+02
  2.126E-01  2.683E-01  1.016E+05  4.723E-09  6.501E-02  3.962E+02  3.979E+02
  2.126E-01  2.746E-01  1.016E+05  5.096E-09  6.502E-02  3.923E+02  3.945E+02
  2.126E-01  2.809E-01  1.016E+05  5.432E-09  6.502E-02  3.877E+02  3.904E+02
  2.126E-01  2.872E-01  1.016E+05  5.720E-09  6.501E-02  3.825E+02  3.857E+02
  2.126E-01  2.935E-01  1.016E+05  5.969E-09  6.501E-02  3.770E+02  3.805E+02
  2.126E-01  2.998E-01  1.016E+05  6.167E-09  6.501E-02  3.712E+02  3.750E+02
  2.126E-01  3.062E-01  1.016E+05  6.278E-09  6.501E-02  3.653E+02  3.692E+02
  2.126E-01  3.125E-01  1.015E+05  6.333E-09  6.502E-02  3.594E+02  3.633E+02
  2.126E-01  3.188E-01  1.015E+05  6.299E-09  6.502E-02  3.535E+02  3.575E+02
  2.126E-01  3.251E-01  1.015E+05  6.194E-09  6.501E-02  3.477E+02  3.517E+02
  2.126E-01  3.314E-01  1.015E+05  6.037E-09  6.502E-02  3.422E+02  3.460E+02
  2.126E-01  3.377E-01  1.015E+05  5.827E-09  6.502E-02  3.370E+02  3.407E+02
  2.126E-01  3.440E-01  1.015E+05  5.564E-09  6.502E-02  3.321E+02  3.355E+02
  2.126E-01  3.503E-01  1.015E+05  5.251E-09  6.501E-02  3.275E+02  3.308E+02
  2.126E-01  3.567E-01  1.015E+05  4.915E-09  6.501E-02  3.233E+02  3.263E+02
  2.126E-01  3.630E-01  1.015E+05  4.565E-09  6.501E-02  3.194E+02  3.222E+02
  2.126E-01  3.693E-01  1.015E+05  4.179E-09  6.501E-02  3.160E+02  3.185E+02
  2.126E-01  3.756E-01  1.015E+05  3.781E-09  6.501E-02  3.128E+02  3.151E+02
  2.126E-01  3.819E-01  1.015E+05  3.358E-09  6.500E-02  3.100E+02  3.121E+02
  2.126E-01  3.882E-01  1.015E+05  2.904E-09  6.501E-02  3.076E+02  3.094E+02
  2.126E-01  3.945E-01  1.015E+05  2.461E-09  6.502E-02  3.054E+02  3.070E+02
  2.126E-01  4.008E-01  1.014E+05  2.015E-09  6.501E-02  3.035E+02  3.049E+02
  2.126E-01  4.072E-01  1.014E+05  1.591E-09  6.500E-02  3.019E+02  3.031E+02
  2.126E-01  4.135E-01  1.014E+05  1.187E-09  6.500E-02  3.004E+02  3.015E+02
  2.126E-01  4.198E-01  1.014E+05  8.221E-10  6.501E-02  2.992E+02  3.002E+02
  2.126E-01  4.261E-01  1.014E+05  4.819E-10  6.500E-02  2.982E+02  2.990E+02
  2.126E-01  4.324E-01  1.014E+05  1.642E-10  6.500E-02  2.973E+02  2.980E+02
  2.126E-01  4.387E-01  1.014E+05 -1.093E-10  6.501E-02  2.966E+02  2.971E+02
  2.126E-01  4.450E-01  1.014E+05 -3.117E-10  6.500E-02  2.959E+02  2.964E+02
  2.126E-01  4.513E-01  1.014E+05 -4.900E-10  6.500E-02  2.954E+02  2.958E+02
  2.126E-01  4.577E-01  1.014E+05 -6.412E-10  6.500E-02  2.950E+02  2.953E+02
  2.126E-01  4.640E-01  1.014E+05 -7.313E-10  6.500E-02  2.946E+02  2.949E+02
  2.126E-01  4.703E-01  1.014E+05 -7.769E-10  6.500E-02  2.943E+02  2.946E+02
  2.126E-01  4.766E-01  1.014E+05 -7.799E-10  6.500E-02  2.941E+02  2.943E+02
  2.126E-01  4.829E-01  1.014E+05 -7.619E-10  6.500E-02  2.939E+02  2.940E+02
  2.126E-01  4.892E-01  1.013E+05 -6.603E-10  6.500E-02  2.937E+02  2.938E+02
  2.126E-01  4.955E-01  1.013E+05 -4.967E-10  6.500E-02  2.936E+02  2.937E+02
  2.126E-01  5.018E-01  1.013E+05 -3.948E-10  6.500E-02  2.935E+02  2.935E+02
  2.126E-01  5.050E-01  1.013E+05 -3.948E-10  6.500E-02  2.935E+02  2.930E+02
  2.410E-01  0.000E+00  1.019E+05 -1.100E-07  6.500E-02  2.930E+02  2.930E+02
  2.410E-01  3.156E-03  1.019E+05 -1.100E-07  6.502E-02  2.930E+02  2.930E+02
  2.410E-01  9.469E-03  1.019E+05 -8.876E-08  6.500E-02  2.930E+02  2.930E+02
  2.410E-01  1.578E-02  1.019E+05 -7.470E-08  6.500E-02  2.930E+02  2.930E+02
  2.410E-01  2.209E-02  1.019E+05 -6.265E-08  6.500E-02  2.930E+02  2.930E+02
  2.410E-01  2.841E-02  1.019E+05 -5.283E-08  6.500E-02  2.930E+02  2.930E+02
  2.410E-01  3.472E-02  1.019E+05 -4.472E-08  6.499E-02  2.931E+02  2.930E+02
  2.410E-01  4.103E-02  1.019E+05 -3.804E-08  6.499E-02  2.931E+02  2.931E+02
  2.410E-01  4.734E-02  1.019E+05 -3.253E-08  6.500E-02  2.932E+02  2.931E+02
  2.410E-01  5.366E-02  1.018E+05 -2.793E-08  6.500E-02  2.932E+02  2.932E+02
  2.410E-01  5.997E-02  1.018E+05 -2.410E-08  6.500E-02  2.934E+02  2.933E+02
  2.410E-01  6.628E-02  1.018E+05 -2.090E-08  6.500E-02  2.935E+02  2.934E+02
  2.410E-01  7.259E-02  1.018E+05 -1.824E-08  6.500E-02  2.938E+02  2.937E+02
  2.410E-01  7.891E-02  1.018E+05 -1.598E-08  6.500E-02  2.942E+02  2.940E+02
  2.410E-01  8.522E-02  1.018E+05 -1.406E-08  6.499E-02  2.947E+02  2.944E+02
  2.410E-01  9.153E-02  1.018E+05 -1.242E-08  6.500E-02  2.954E+02  2.950E+02
  2.410E-01  9.784E-02  1.018E+05 -1.100E-08  6.500E-02  2.964E+02  2.958E+02
  2.410E-01  1.042E-01  1.018E+05 -9.798E-09  6.500E-02  2.977E+02  2.969E+02
  2.410E-01  1.105E-01  1.018E+05 -8.722E-09  6.500E-02  2.993E+02  2.984E+02
  2.410E-01  1.168E-01  1.018E+05 -7.732E-09  6.500E-02  3.014E+02  3.002E+02
  2.410E-01  1.231E-01  1.018E+05 -6.827E-09  6.499E-02  3.041E+02  3.025E+02
  2.410E-01  1.294E-01  1.018E+05 -6.006E-09  6.499E-02  3.073E+02  3.054E+02
  2.410E-01  1.357E-01  1.018E+05 -5.258E-09  6.499E-02  3.111E+02  3.088E+02
  2.410E-01  1.420E-01  1.017E+05 -4.545E-09  6.499E-02  3.156E+02  3.128E+02
  2.410E-01  1.483E-01  1.017E+05 -3.880E-09  6.498E-02  3.207E+02  3.175E+02
  2.410E-01  1.547E-01  1.017E+05 -3.281E-09  6.498E-02  3.265E+02  3.229E+02
  2.410E-01  1.610E-01  1.017E+05 -2.742E-09  6.499E-02  3.328E+02  3.288E+02
  2.410E-01  1.673E-01  1.017E+05 -2.268E-09  6.499E-02  3.396E+02  3.353E+02
  2.410E-01  1.736E-01  1.017E+05 -1.859E-09  6.498E-02  3.468E+02  3.422E+02
  2.410E-01  1.799E-01  1.017E+05 -1.485E-09  6.498E-02  3.542E+02  3.494E+02
  2.410E-01  1.862E-01  1.017E+05 -1.142E-09  6.499E-02  3.617E+02  3.567E+02
  2.410E-01  1.925E-01  1.017E+05 -8.518E-10  6.498E-02  3.690E+02  3.640E+02
  2.410E-01  1.988E-01  1.017E+05 -5.787E-10  6.498E-02  3.760E+02  3.712E+02
  2.410E-01  2.052E-01  1.017E+05 -3.301E-10  6.498E-02  3.825E+02  3.779E+02
  2.410E-01  2.115E-01  1.017E+05 -1.064E-10  6.498E-02  3.884E+02  3.841E+02
  2.410E-01  2.178E-01  1.017E+05  9.898E-11  6.498E-02  3.934E+02  3.896E+02
  2.410E-01  2.241E-01  1.017E+05  2.783E-10  6.498E-02  3.974E+02  3.943E+02
  2.410E-01  2.304E-01  1.016E+05  4.649E-10  6.499E-02  4.005E+02  3.980E+02
  2.410E-01  2.367E-01  1.016E+05  6.336E-10  6.499E-02  4.024E+02  4.006E+02
  2.410E-01  2.430E-01  1.016E+05  8.060E-10  6.500E-02  4.033E+02  4.022E+02
  2.410E-01  2.493E-01  1.016E+05  9.866E-10  6.501E-02  4.030E+02  4.027E+02
  2.410E-01  2.557E-01  1.016E+05  1.170E-09  6.501E-02  4.017E+02  4.021E+02
  2.410E-01  2.620E-01  1.016E+05  1.353E-09  6.501E-02  3.994E+02  4.005E+02
  2.410E-01  2.683E-01  1.016E+05  1.557E-09  6.501E-02  3.962E+02  3.979E+02
  2.410E-01  2.746E-01  1.016E+05  1.772E-09  6.502E-02  3.923E+02  3.945E+02
  2.410E-01  2.809E-01  1.016E+05  2.020E-09  6.502E-02  3.877E+02  3.904E+02
  2.410E-01  2.872E-01  1.016E+05  2.268E-09  6.501E-02  3.825E+02  3.857E+02
  2.410E-01  2.935E-01  1.016E+05  2.504E-09  6.501E-02  3.770E+02  3.805E+02
  2.410E-01  2.998E-01  1.016E+05  2.729E-09  6.501E-02  3.712E+02  3.750E+02
  2.410E-01  3.062E-01  1.016E+05  2.950E-09  6.501E-02  3.653E+02  3.692E+02
  2.410E-01  3.125E-01  1.015E+05  3.145E-09  6.502E-02  3.594E+02  3.633E+02
  2.410E-01  3.188E-01  1.015E+05  3.279E-09  6.502E-02  3.535E+02  3.575E+02
  2.410E-01  3.251E-01  1.015E+05  3.382E-09  6.501E-02  3.477E+02  3.517E+02
  2.410E-01  3.314E-01  1.015E+05  3.439E-09  6.502E-02  3.422E+02  3.460E+02
  2.410E-01  3.377E-01  1.015E+05  3.467E-09  6.502E-02  3.370E+02  3.407E+02
  2.410E-01  3.440E-01  1.015E+05  3.460E-09  6.502E-02  3.321E+02  3.355E+02
  2.410E-01  3.503E-01  1.015E+05  3.398E-09  6.501E-02  3.275E+02  3.308E+02
  2.410E-01  3.567E-01  1.015E+05  3.303E-09  6.501E-02  3.233E+02  3.263E+02
  2.410E-01  3.630E-01  1.015E+05  3.172E-09  6.501E-02  3.194E+02  3.222E+02
  2.410E-01  3.693E-01  1.015E+05  3.004E-09  6.501E-02  3.160E+02  3.185E+02
  2.410E-01  3.756E-01  1.015E+05  2.816E-09  6.501E-02  3.128E+02  3.151E+02
  2.410E-01  3.819E-01  1.015E+05  2.587E-09  6.500E-02  3.100E+02  3.121E+02
  2.410E-01  3.882E-01  1.015E+05  2.331E-09  6.501E-02  3.076E+02  3.094E+02
  2.410E-01  3.945E-01  1.015E+05  2.069E-09  6.502E-02  3.054E+02  3.070E+02
  2.410E-01  4.008E-01  1.014E+05  1.787E-09  6.501E-02  3.035E+02  3.049E+02
  2.410E-01  4.072E-01  1.014E+05  1.505E-09  6.500E-02  3.019E+02  3.031E+02
  2.410E-01  4.135E-01  1.014E+05  1.226E-09  6.500E-02  3.004E+02  3.015E+02
  2.410E-01  4.198E-01  1.014E+05  9.625E-10  6.501E-02  2.992E+02  3.002E+02
  2.410E-01  4.261E-01  1.014E+05  7.231E-10  6.500E-02  2.982E+02  2.990E+02
  2.410E-01  4.324E-01  1.014E+05  5.059E-10  6.500E-02  2.973E+02  2.980E+02
  2.410E-01  4.387E-01  1.014E+05  2.935E-10  6.501E-02  2.966E+02  2.971E+02
  2.410E-01  4.450E-01  1.014E+05  1.089E-10  6.500E-02  2.959E+02  2.964E+02
  2.410E-01  4.513E-01  1.014E+05 -3.017E-11  6.500E-02  2.954E+02  2.958E+02
  2.410E-01  4.577E-01  1.014E+05 -1.446E-10  6.500E-02  2.950E+02  2.953E+02
  2.410E-01  4.640E-01  1.014E+05 -2.422E-10  6.500E-02  2.946E+02  2.949E+02
  2.410E-01  4.703E-01  1.014E+05 -3.130E-10  6.500E-02  2.943E+02  2.946E+02
  2.410E-01  4.766E-01  1.014E+05 -3.432E-10  6.500E-02  2.941E+02  2.943E+02
  2.410E-01  4.829E-01  1.014E+05 -3.556E-10  6.500E-02  2.939E+02  2.940E+02
  2.410E-01  4.892E-01  1.013E+05 -3.063E-10  6.500E-02  2.937E+02  2.938E+02
  2.410E-01  4.955E-01  1.013E+05 -2.243E-10  6.500E-02  2.936E+02  2.937E+02
  2.410E-01  5.018E-01  1.013E+05 -1.804E-10  6.500E-02  2.935E+02  2.935E+02
  2.410E-01  5.050E-01  1.013E+05 -1.804E-10  6.500E-02  2.935E+02  2.930E+02
  2.693E-01  0.000E+00  1.019E+05 -8.390E-08  6.500E-02  2.930E+02  2.930E+02
  2.693E-01  3.156E-03  1.019E+05 -8.390E-08  6.502E-02  2.930E+02  2.930E+02
  2.693E-01  9.469E-03  1.019E+05 -6.371E-08  6.500E-02  2.930E+02  2.930E+02
  2.693E-01  1.578E-02  1.019E+05 -5.115E-08  6.500E-02  2.930E+02  2.930E+02
  2.693E-01  2.209E-02  1.019E+05 -4.087E-08  6.500E-02  2.930E+02  2.930E+02
  2.693E-01  2.841E-02  1.019E+05 -3.289E-08  6.500E-02  2.930E+02  2.930E+02
  2.693E-01  3.472E-02  1.019E+05 -2.662E-08  6.499E-02  2.931E+02  2.930E+02
  2.693E-01  4.103E-02  1.019E+05 -2.168E-08  6.499E-02  2.931E+02  2.931E+02
  2.693E-01  4.734E-02  1.019E+05 -1.776E-08  6.499E-02  2.932E+02  2.931E+02
  2.693E-01  5.366E-02  1.018E+05 -1.465E-08  6.500E-02  2.932E+02  2.932E+02
  2.693E-01  5.997E-02  1.018E+05 -1.217E-08  6.500E-02  2.934E+02  2.933E+02
  2.693E-01  6.628E-02  1.018E+05 -1.020E-08  6.500E-02  2.935E+02  2.934E+02
  2.693E-01  7.259E-02  1.018E+05 -8.619E-09  6.500E-02  2.938E+02  2.937E+02
  2.693E-01  7.891E-02  1.018E+05 -7.311E-09  6.500E-02  2.942E+02  2.940E+02
  2.693E-01  8.522E-02  1.018E+05 -6.235E-09  6.499E-02  2.947E+02  2.944E+02
  2.693E-01  9.153E-02  1.018E+05 -5.360E-09  6.500E-02  2.954E+02  2.950E+02
  2.693E-01  9.784E-02  1.018E+05 -4.613E-09  6.500E-02  2.964E+02  2.958E+02
  2.693E-01  1.042E-01  1.018E+05 -3.998E-09  6.500E-02  2.977E+02  2.969E+02
  2.693E-01  1.105E-01  1.018E+05 -3.481E-09  6.500E-02  2.993E+02  2.984E+02
  2.693E-01  1.168E-01  1.018E+05 -3.004E-09  6.500E-02  3.014E+02  3.002E+02
  2.693E-01  1.231E-01  1.018E+05 -2.554E-09  6.499E-02  3.041E+02  3.025E+02
  2.693E-01  1.294E-01  1.018E+05 -2.161E-09  6.499E-02  3.073E+02  3.054E+02
  2.693E-01  1.357E-01  1.018E+05 -1.814E-09  6.499E-02  3.111E+02  3.088E+02
  2.693E-01  1.420E-01  1.017E+05 -1.479E-09  6.499E-02  3.156E+02  3.128E+02
  2.693E-01  1.483E-01  1.017E+05 -1.171E-09  6.498E-02  3.207E+02  3.175E+02
  2.693E-01  1.547E-01  1.017E+05 -9.111E-10  6.497E-02  3.265E+02  3.229E+02
  2.693E-01  1.610E-01  1.017E+05 -6.923E-10  6.499E-02  3.328E+02  3.288E+02
  2.693E-01  1.673E-01  1.017E+05 -5.181E-10  6.499E-02  3.396E+02  3.353E+02
  2.693E-01  1.736E-01  1.017E+05 -3.834E-10  6.498E-02  3.468E+02  3.422E+02
  2.693E-01  1.799E-01  1.017E+05 -2.824E-10  6.498E-02  3.542E+02  3.494E+02
  2.693E-01  1.862E-01  1.017E+05 -2.096E-10  6.498E-02  3.617E+02  3.567E+02
  2.693E-01  1.925E-01  1.017E+05 -1.678E-10  6.498E-02  3.690E+02  3.640E+02
  2.693E-01  1.988E-01  1.017E+05 -1.322E-10  6.498E-02  3.760E+02  3.712E+02
  2.693E-01  2.052E-01  1.017E+05 -8.557E-11  6.498E-02  3.825E+02  3.779E+02
  2.693E-01  2.115E-01  1.017E+05 -5.590E-11  6.498E-02  3.884E+02  3.841E+02
  2.693E-01  2.178E-01  1.017E+05 -3.487E-11  6.498E-02  3.934E+02  3.896E+02
  2.693E-01  2.241E-01  1.017E+05 -2.900E-11  6.498E-02  3.975E+02  3.943E+02
  2.693E-01  2.304E-01  1.016E+05 -3.313E-11  6.498E-02  4.005E+02  3.980E+02
  2.693E-01  2.367E-01  1.016E+05 -4.836E-11  6.499E-02  4.024E+02  4.006E+02
  2.693E-01  2.430E-01  1.016E+05 -5.891E-11  6.500E-02  4.033E+02  4.022E+02
  2.693E-01  2.493E-01  1.016E+05 -6.571E-11  6.501E-02  4.030E+02  4.027E+02
  2.693E-01  2.557E-01  1.016E+05 -4.849E-11  6.501E-02  4.017E+02  4.021E+02
  2.693E-01  2.620E-01  1.016E+05 -3.640E-11  6.500E-02  3.994E+02  4.005E+02
  2.693E-01  2.683E-01  1.016E+05 -7.745E-12  6.501E-02  3.962E+02  3.979E+02
  2.693E-01  2.746E-01  1.016E+05  5.556E-11  6.502E-02  3.923E+02  3.945E+02
  2.693E-01  2.809E-01  1.016E+05  1.542E-10  6.502E-02  3.877E+02  3.904E+02
  2.693E-01  2.872E-01  1.016E+05  2.641E-10  6.501E-02  3.825E+02  3.857E+02
  2.693E-01  2.935E-01  1.016E+05  3.738E-10  6.501E-02  3.770E+02  3.805E+02
  2.693E-01  2.998E-01  1.016E+05  4.950E-10  6.501E-02  3.712E+02  3.750E+02
  2.693E-01  3.062E-01  1.016E+05  6.171E-10  6.501E-02  3.653E+02  3.692E+02
  2.693E-01  3.125E-01  1.015E+05  7.156E-10  6.502E-02  3.594E+02  3.633E+02
  2.693E-01  3.188E-01  1.015E+05  8.052E-10  6.502E-02  3.535E+02  3.575E+02
  2.693E-01  3.251E-01  1.015E+05  8.916E-10  6.501E-02  3.477E+02  3.517E+02
  2.693E-01  3.314E-01  1.015E+05  9.345E-10  6.502E-02  3.422E+02  3.460E+02
  2.693E-01  3.377E-01  1.015E+05  1.003E-09  6.502E-02  3.370E+02  3.407E+02
  2.693E-01  3.440E-01  1.015E+05  1.057E-09  6.502E-02  3.321E+02  3.355E+02
  2.693E-01  3.503E-01  1.015E+05  1.082E-09  6.501E-02  3.275E+02  3.308E+02
  2.693E-01  3.567E-01  1.015E+05  1.099E-09  6.501E-02  3.233E+02  3.263E+02
  2.693E-01  3.630E-01  1.015E+05  1.100E-09  6.501E-02  3.194E+02  3.222E+02
  2.693E-01  3.693E-01  1.015E+05  1.090E-09  6.501E-02  3.160E+02  3.185E+02
  2.693E-01  3.756E-01  1.015E+05  1.054E-09  6.501E-02  3.128E+02  3.151E+02
  2.693E-01  3.819E-01  1.015E+05  9.957E-10  6.500E-02  3.100E+02  3.121E+02
  2.693E-01  3.882E-01  1.015E+05  9.195E-10  6.501E-02  3.076E+02  3.094E+02
  2.693E-01  3.945E-01  1.015E+05  8.418E-10  6.502E-02  3.054E+02  3.070E+02
  2.693E-01  4.008E-01  1.014E+05  7.463E-10  6.501E-02  3.035E+02  3.049E+02
  2.693E-01  4.072E-01  1.014E+05  6.491E-10  6.500E-02  3.019E+02  3.031E+02
  2.693E-01  4.135E-01  1.014E+05  5.417E-10  6.500E-02  3.004E+02  3.015E+02
  2.693E-01  4.198E-01  1.014E+05  4.613E-10  6.501E-02  2.992E+02  3.002E+02
  2.693E-01  4.261E-01  1.014E+05  3.878E-10  6.500E-02  2.982E+02  2.990E+02
  2.693E-01  4.324E-01  1.014E+05  3.219E-10  6.500E-02  2.973E+02  2.980E+02
  2.693E-01  4.387E-01  1.014E+05  2.472E-10  6.501E-02  2.966E+02  2.971E+02
  2.693E-01  4.450E-01  1.014E+05  1.606E-10  6.500E-02  2.959E+02  2.964E+02
  2.693E-01  4.513E-01  1.014E+05  9.853E-11  6.500E-02  2.954E+02  2.958E+02
  2.693E-01  4.577E-01  1.014E+05  5.907E-11  6.500E-02  2.950E+02  2.953E+02
  2.693E-01  4.640E-01  1.014E+05  1.038E-11  6.500E-02  2.946E+02  2.949E+02
  2.693E-01  4.703E-01  1.014E+05 -3.919E-11  6.500E-02  2.943E+02  2.946E+02
  2.693E-01  4.766E-01  1.014E+05 -5.010E-11  6.500E-02  2.941E+02  2.943E+02
  2.693E-01  4.829E-01  1.014E+05 -6.639E-11  6.500E-02  2.939E+02  2.940E+02
  2.693E-01  4.892E-01  1.013E+05 -6.189E-11  6.500E-02  2.937E+02  2.938E+02
  2.693E-01  4.955E-01  1.013E+05 -5.192E-11  6.500E-02  2.936E+02  2.937E+02
  2.693E-01  5.018E-01  1.013E+05 -4.081E-11  6.500E-02  2.935E+02  2.935E+02
  2.693E-01  5.050E-01  1.013E+05 -4.081E-11  6.500E-02  2.935E+02  2.930E+02
  2.835E-01  0.000E+00  1.019E+05 -8.390E-08  6.500E-02  2.930E+02  2.930E+02
  2.835E-01  3.156E-03  1.019E+05  0.000E+00  0.000E+00  2.930E+02  2.930E+02
  2.835E-01  9.469E-03  1.019E+05  0.000E+00  0.000E+00  2.930E+02  2.930E+02
  2.835E-01  1.578E-02  1.019E+05  0.000E+00  0.000E+00  2.930E+02  2.930E+02
  2.835E-01  2.209E-02  1.019E+05  0.000E+00  0.000E+00  2.930E+02  2.930E+02
  2.835E-01  2.841E-02  1.019E+05  0.000E+00  0.000E+00  2.930E+02  2.930E+02
  2.835E-01  3.472E-02  1.019E+05  0.000E+00  0.000E+00  2.931E+02  2.930E+02
  2.835E-01  4.103E-02  1.019E+05  0.000E+00  0.000E+00  2.931E+02  2.931E+02
  2.835E-01  4.734E-02  1.019E+05  0.000E+00  0.000E+00  2.932E+02  2.931E+02
  2.835E-01  5.366E-02  1.018E+05  0.000E+00  0.000E+00  2.932E+02  2.932E+02
  2.835E-01  5.997E-02  1.018E+05  0.000E+00  0.000E+00  2.934E+02  2.933E+02
  2.835E-01  6.628E-02  1.018E+05  0.000E+00  0.000E+00  2.935E+02  2.934E+02
  2.835E-01  7.259E-02  1.018E+05  0.000E+00  0.000E+00  2.938E+02  2.937E+02
  2.835E-01  7.891E-02  1.018E+05  0.000E+00  0.000E+00  2.942E+02  2.940E+02
  2.835E-01  8.522E-02  1.018E+05  0.000E+00  0.000E+00  2.947E+02  2.944E+02
  2.835E-01  9.153E-02  1.018E+05  0.000E+00  0.000E+00  2.954E+02  2.950E+02
  2.835E-01  9.784E-02  1.018E+05  0.000E+00  0.000E+00  2.964E+02  2.958E+02
  2.835E-01  1.042E-01  1.018E+05  0.000E+00  0.000E+00  2.977E+02  2.969E+02
  2.835E-01  1.105E-01  1.018E+05  0.000E+00  0.000E+00  2.993E+02  2.984E+02
  2.835E-01  1.168E-01  1.018E+05  0.000E+00  0.000E+00  3.014E+02  3.002E+02
  2.835E-01  1.231E-01  1.018E+05  0.000E+00  0.000E+00  3.041E+02  3.025E+02
  2.835E-01  1.294E-01  1.018E+05  0.000E+00  0.000E+00  3.073E+02  3.054E+02
  2.835E-01  1.357E-01  1.018E+05  0.000E+00  0.000E+00  3.111E+02  3.088E+02
  2.835E-01  1.420E-01  1.017E+05  0.000E+00  0.000E+00  3.156E+02  3.128E+02
  2.835E-01  1.483E-01  1.017E+05  0.000E+00  0.000E+00  3.207E+02  3.175E+02
  2.835E-01  1.547E-01  1.017E+05  0.000E+00  0.000E+00  3.265E+02  3.229E+02
  2.835E-01  1.610E-01  1.017E+05  0.000E+00  0.000E+00  3.328E+02  3.288E+02
  2.835E-01  1.673E-01  1.017E+05  0.000E+00  0.000E+00  3.396E+02  3.353E+02
  2.835E-01  1.736E-01  1.017E+05  0.000E+00  0.000E+00  3.468E+02  3.422E+02
  2.835E-01  1.799E-01  1.017E+05  0.000E+00  0.000E+00  3.542E+02  3.494E+02
  2.835E-01  1.862E-01  1.017E+05  0.000E+00  0.000E+00  3.617E+02  3.567E+02
  2.835E-01  1.925E-01  1.017E+05  0.000E+00  0.000E+00  3.690E+02  3.640E+02
  2.835E-01  1.988E-01  1.017E+05  0.000E+00  0.000E+00  3.760E+02  3.712E+02
  2.835E-01  2.052E-01  1.017E+05  0.000E+00  0.000E+00  3.825E+02  3.779E+02
  2.835E-01  2.115E-01  1.017E+05  0.000E+00  0.000E+00  3.884E+02  3.841E+02
  2.835E-01  2.178E-01  1.017E+05  0.000E+00  0.000E+00  3.934E+02  3.896E+02
  2.835E-01  2.241E-01  1.017E+05  0.000E+00  0.000E+00  3.975E+02  3.943E+02
  2.835E-01  2.304E-01  1.016E+05  0.000E+00  0.000E+00  4.005E+02  3.980E+02
  2.835E-01  2.367E-01  1.016E+05  0.000E+00  0.000E+00  4.024E+02  4.006E+02
  2.835E-01  2.430E-01  1.016E+05  0.000E+00  0.000E+00  4.033E+02  4.022E+02
  2.835E-01  2.493E-01  1.016E+05  0.000E+00  0.000E+00  4.030E+02  4.027E+02
  2.835E-01  2.557E-01  1.016E+05  0.000E+00  0.000E+00  4.017E+02  4.021E+02
  2.835E-01  2.620E-01  1.016E+05  0.000E+00  0.000E+00  3.994E+02  4.005E+02
  2.835E-01  2.683E-01  1.016E+05  0.000E+00  0.000E+00  3.962E+02  3.979E+02
  2.835E-01  2.746E-01  1.016E+05  0.000E+00  0.000E+00  3.923E+02  3.945E+02
  2.835E-01  2.809E-01  1.016E+05  0.000E+00  0.000E+00  3.877E+02  3.904E+02
  2.835E-01  2.872E-01  1.016E+05  0.000E+00  0.000E+00  3.825E+02  3.857E+02
  2.835E-01  2.935E-01  1.016E+05  0.000E+00  0.000E+00  3.770E+02  3.805E+02
  2.835E-01  2.998E-01  1.016E+05  0.000E+00  0.000E+00  3.712E+02  3.750E+02
  2.835E-01  3.062E-01  1.016E+05  0.000E+00  0.000E+00  3.653E+02  3.692E+02
  2.835E-01  3.125E-01  1.015E+05  0.000E+00  0.000E+00  3.594E+02  3.633E+02
  2.835E-01  3.188E-01  1.015E+05  0.000E+00  0.000E+00  3.535E+02  3.575E+02
  2.835E-01  3.251E-01  1.015E+05  0.000E+00  0.000E+00  3.477E+02  3.517E+02
  2.835E-01  3.314E-01  1.015E+05  0.000E+00  0.000E+00  3.422E+02  3.460E+02
  2.835E-01  3.377E-01  1.015E+05  0.000E+00  0.000E+00  3.370E+02  3.407E+02
  2.835E-01  3.440E-01  1.015E+05  0.000E+00  0.000E+00  3.321E+02  3.355E+02
  2.835E-01  3.503E-01  1.015E+05  0.000E+00  0.000E+00  3.275E+02  3.308E+02
  2.835E-01  3.567E-01  1.015E+05  0.000E+00  0.000E+00  3.233E+02  3.263E+02
  2.835E-01  3.630E-01  1.015E+05  0.000E+00  0.000E+00  3.194E+02  3.222E+02
  2.835E-01  3.693E-01  1.015E+05  0.000E+00  0.000E+00  3.160E+02  3.185E+02
  2.835E-01  3.756E-01  1.015E+05  0.000E+00  0.000E+00  3.128E+02  3.151E+02
  2.835E-01  3.819E-01  1.015E+05  0.000E+00  0.000E+00  3.100E+02  3.121E+02
  2.835E-01  3.882E-01  1.015E+05  0.000E+00  0.000E+00  3.076E+02  3.094E+02
  2.835E-01  3.945E-01  1.015E+05  0.000E+00  0.000E+00  3.054E+02  3.070E+02
  2.835E-01  4.008E-01  1.014E+05  0.000E+00  0.000E+00  3.035E+02  3.049E+02
  2.835E-01  4.072E-01  1.014E+05  0.000E+00  0.000E+00  3.019E+02  3.031E+02
  2.835E-01  4.135E-01  1.014E+05  0.000E+00  0.000E+00  3.004E+02  3.015E+02
  2.835E-01  4.198E-01  1.014E+05  0.000E+00  0.000E+00  2.992E+02  3.002E+02
  2.835E-01  4.261E-01  1.014E+05  0.000E+00  0.000E+00  2.982E+02  2.990E+02
  2.835E-01  4.324E-01  1.014E+05  0.000E+00  0.000E+00  2.973E+02  2.980E+02
  2.835E-01  4.387E-01  1.014E+05  0.000E+00  0.000E+00  2.966E+02  2.971E+02
  2.835E-01  4.450E-01  1.014E+05  0.000E+00  0.000E+00  2.959E+02  2.964E+02
  2.835E-01  4.513E-01  1.014E+05  0.000E+00  0.000E+00  2.954E+02  2.958E+02
  2.835E-01  4.577E-01  1.014E+05  0.000E+00  0.000E+00  2.950E+02  2.953E+02
  2.835E-01  4.640E-01  1.014E+05  0.000E+00  0.000E+00  2.946E+02  2.949E+02
  2.835E-01  4.703E-01  1.014E+05  0.000E+00  0.000E+00  2.943E+02  2.946E+02
  2.835E-01  4.766E-01  1.014E+05  0.000E+00  0.000E+00  2.941E+02  2.943E+02
  2.835E-01  4.829E-01  1.014E+05  0.000E+00  0.000E+00  2.939E+02  2.940E+02
  2.835E-01  4.892E-01  1.013E+05  0.000E+00  0.000E+00  2.937E+02  2.938E+02
  2.835E-01  4.955E-01  1.013E+05  0.000E+00  0.000E+00  2.936E+02  2.937E+02
  2.835E-01  5.018E-01  1.013E+05  0.000E+00  0.000E+00  2.935E+02  2.935E+02
  2.835E-01  5.050E-01  1.013E+05 -4.081E-11  6.500E-02  2.935E+02  2.930E+02
