# xp i yp j p u v ts tf
   0.00000   1    0.00000   1   1.019E+05 -9.272E-08  6.498E-02  2.932E+02  2.930E+02
   0.00000   1    0.00316   2   1.019E+05 -9.272E-08  6.498E-02  2.932E+02  2.930E+02
   0.00000   1    0.00947   3   1.019E+05 -9.278E-08  6.500E-02  2.936E+02  2.930E+02
   0.00000   1    0.01578   4   1.019E+05 -9.173E-08  6.499E-02  2.943E+02  2.930E+02
   0.00000   1    0.02209   5   1.019E+05 -9.017E-08  6.498E-02  2.953E+02  2.930E+02
   0.00000   1    0.02841   6   1.019E+05 -8.816E-08  6.499E-02  2.970E+02  2.930E+02
   0.00000   1    0.03472   7   1.019E+05 -8.588E-08  6.499E-02  2.997E+02  2.930E+02
   0.00000   1    0.04103   8   1.019E+05 -8.318E-08  6.498E-02  3.039E+02  2.930E+02
   0.00000   1    0.04734   9   1.019E+05 -7.951E-08  6.498E-02  3.103E+02  2.930E+02
   0.00000   1    0.05366  10   1.018E+05 -7.267E-08  6.497E-02  3.196E+02  2.930E+02
   0.00000   1    0.05997  11   1.018E+05 -6.414E-08  6.497E-02  3.327E+02  2.930E+02
   0.00000   1    0.06628  12   1.018E+05 -5.516E-08  6.497E-02  3.506E+02  2.930E+02
   0.00000   1    0.07259  13   1.018E+05 -4.675E-08  6.498E-02  3.744E+02  2.930E+02
   0.00000   1    0.07891  14   1.018E+05 -3.862E-08  6.497E-02  4.050E+02  2.931E+02
   0.00000   1    0.08522  15   1.018E+05 -3.088E-08  6.490E-02  4.431E+02  2.956E+02
   0.00000   1    0.09153  16   1.018E+05 -2.346E-08  6.504E-02  4.892E+02  3.482E+02
   0.00000   1    0.09784  17   1.018E+05 -1.609E-08  6.498E-02  4.431E+02  3.482E+02
   0.00000   1    0.10416  18   1.018E+05 -1.066E-08  6.497E-02  4.050E+02  3.482E+02
   0.00000   1    0.11047  19   1.018E+05 -5.185E-09  6.497E-02  3.744E+02  3.482E+02
   0.00000   1    0.11678  20   1.018E+05 -1.377E-09  6.497E-02  3.506E+02  3.482E+02
   0.00000   1    0.12309  21   1.018E+05  2.483E-09  6.497E-02  3.327E+02  3.482E+02
   0.00000   1    0.12941  22   1.018E+05  6.725E-09  6.497E-02  3.196E+02  3.482E+02
   0.00000   1    0.13572  23   1.018E+05  1.198E-08  6.497E-02  3.103E+02  3.482E+02
   0.00000   1    0.14203  24   1.017E+05  1.838E-08  6.497E-02  3.039E+02  3.482E+02
   0.00000   1    0.14834  25   1.017E+05  2.769E-08  6.497E-02  2.997E+02  3.482E+02
   0.00000   1    0.15466  26   1.017E+05  4.009E-08  6.497E-02  2.970E+02  3.482E+02
   0.00000   1    0.16097  27   1.017E+05  5.808E-08  6.497E-02  2.953E+02  3.482E+02
   0.00000   1    0.16728  28   1.017E+05  8.513E-08  6.497E-02  2.943E+02  3.482E+02
   0.00000   1    0.17359  29   1.017E+05  1.324E-07  6.497E-02  2.937E+02  3.482E+02
   0.00000   1    0.17991  30   1.017E+05  2.076E-07  6.497E-02  2.934E+02  3.482E+02
   0.00000   1    0.18622  31   1.017E+05  4.337E-07  6.497E-02  2.932E+02  3.482E+02
   0.00000   1    0.19253  32   1.017E+05  6.901E-07  6.497E-02  2.931E+02  3.482E+02
   0.00000   1    0.19884  33   1.017E+05  5.389E-07  6.498E-02  2.930E+02  3.482E+02
   0.00000   1    0.20516  34   1.017E+05  1.607E-07  6.498E-02  2.930E+02  3.482E+02
   0.00000   1    0.21147  35   1.017E+05  3.120E-07  6.498E-02  2.930E+02  3.482E+02
   0.00000   1    0.21778  36   1.017E+05  1.004E-07  6.498E-02  2.930E+02  3.482E+02
   0.00000   1    0.22409  37   1.017E+05  2.969E-07  6.498E-02  2.930E+02  3.482E+02
   0.00000   1    0.23041  38   1.016E+05  3.074E-07  6.498E-02  2.930E+02  3.482E+02
   0.00000   1    0.23672  39   1.016E+05  3.552E-07  6.498E-02  2.930E+02  3.482E+02
   0.00000   1    0.24303  40   1.016E+05  4.000E-07  6.498E-02  2.930E+02  3.482E+02
   0.00000   1    0.24934  41   1.016E+05  4.974E-07  6.498E-02  2.930E+02  3.482E+02
   0.00000   1    0.25566  42   1.016E+05  7.231E-07  6.498E-02  2.930E+02  3.482E+02
   0.00000   1    0.26197  43   1.016E+05  1.109E-06  6.498E-02  2.930E+02  3.482E+02
   0.00000   1    0.26828  44   1.016E+05  1.150E-06  6.499E-02  2.930E+02  3.482E+02
   0.00000   1    0.27459  45   1.016E+05  6.328E-07  6.499E-02  2.930E+02  3.482E+02
   0.00000   1    0.28091  46   1.016E+05  7.222E-07  6.499E-02  2.930E+02  3.482E+02
   0.00000   1    0.28722  47   1.016E+05  8.210E-07  6.498E-02  2.930E+02  3.482E+02
   0.00000   1    0.29353  48   1.016E+05  1.126E-06  6.498E-02  2.930E+02  3.482E+02
   0.00000   1    0.29984  49   1.016E+05  1.544E-06  6.499E-02  2.930E+02  3.482E+02
   0.00000   1    0.30616  50   1.016E+05  1.932E-06  6.499E-02  2.930E+02  3.482E+02
   0.00000   1    0.31247  51   1.015E+05  1.881E-06  6.499E-02  2.930E+02  3.482E+02
   0.00000   1    0.31878  52   1.015E+05  1.741E-06  6.499E-02  2.930E+02  3.482E+02
   0.00000   1    0.32509  53   1.015E+05  1.316E-06  6.500E-02  2.930E+02  3.482E+02
   0.00000   1    0.33141  54   1.015E+05  1.058E-06  6.500E-02  2.930E+02  3.482E+02
   0.00000   1    0.33772  55   1.015E+05  1.092E-06  6.499E-02  2.930E+02  3.482E+02
   0.00000   1    0.34403  56   1.015E+05  1.221E-06  6.499E-02  2.930E+02  3.482E+02
   0.00000   1    0.35034  57   1.015E+05  3.506E-07  6.500E-02  2.930E+02  3.482E+02
   0.00000   1    0.35666  58   1.015E+05  2.178E-06  6.499E-02  2.930E+02  3.482E+02
   0.00000   1    0.36297  59   1.015E+05  2.314E-05  6.499E-02  2.930E+02  3.482E+02
   0.00000   1    0.36928  60   1.015E+05  2.603E-06  6.500E-02  2.930E+02  3.482E+02
   0.00000   1    0.37559  61   1.015E+05  5.236E-07  6.500E-02  2.930E+02  3.482E+02
   0.00000   1    0.38191  62   1.015E+05  5.991E-07  6.500E-02  2.930E+02  3.482E+02
   0.00000   1    0.38822  63   1.015E+05  8.171E-07  6.499E-02  2.930E+02  3.482E+02
   0.00000   1    0.39453  64   1.015E+05  4.822E-07  6.499E-02  2.930E+02  3.482E+02
   0.00000   1    0.40084  65   1.014E+05  8.678E-07  6.500E-02  2.930E+02  3.482E+02
   0.00000   1    0.40716  66   1.014E+05  1.048E-06  6.500E-02  2.930E+02  3.482E+02
   0.00000   1    0.41347  67   1.014E+05  1.470E-06  6.499E-02  2.930E+02  3.482E+02
   0.00000   1    0.41978  68   1.014E+05  1.617E-06  6.499E-02  2.930E+02  3.482E+02
   0.00000   1    0.42609  69   1.014E+05  1.081E-06  6.500E-02  2.930E+02  3.482E+02
   0.00000   1    0.43241  70   1.014E+05  9.784E-07  6.500E-02  2.930E+02  3.482E+02
   0.00000   1    0.43872  71   1.014E+05  1.113E-06  6.499E-02  2.930E+02  3.482E+02
   0.00000   1    0.44503  72   1.014E+05  6.379E-07  6.499E-02  2.930E+02  3.482E+02
   0.00000   1    0.45134  73   1.014E+05  5.282E-07  6.500E-02  2.930E+02  3.482E+02
   0.00000   1    0.45766  74   1.014E+05  3.570E-07  6.500E-02  2.930E+02  3.482E+02
   0.00000   1    0.46397  75   1.014E+05  2.883E-07  6.499E-02  2.930E+02  3.482E+02
   0.00000   1    0.47028  76   1.014E+05  5.348E-08  6.499E-02  2.930E+02  3.482E+02
   0.00000   1    0.47659  77   1.014E+05  2.273E-07  6.500E-02  2.930E+02  3.482E+02
   0.00000   1    0.48291  78   1.014E+05  6.492E-07  6.500E-02  2.930E+02  3.482E+02
   0.00000   1    0.48922  79   1.013E+05 -1.139E-06  6.500E-02  2.930E+02  3.482E+02
   0.00000   1    0.49553  80   1.013E+05 -2.229E-05  6.499E-02  2.930E+02  3.482E+02
   0.00000   1    0.50184  81   1.013E+05  5.895E-09  6.499E-02  2.930E+02  3.482E+02
   0.00000   1    0.50500  82   1.013E+05  5.895E-09  6.499E-02  2.930E+02  3.482E+02
   0.00620   2    0.00000   1   1.019E+05  0.000E+00  6.500E-02  2.930E+02  2.930E+02
   0.00620   2    0.00316   2   1.019E+05 -9.272E-08  6.498E-02  2.932E+02  2.930E+02
   0.00620   2    0.00947   3   1.019E+05 -9.278E-08  6.500E-02  2.936E+02  2.930E+02
   0.00620   2    0.01578   4   1.019E+05 -9.173E-08  6.499E-02  2.943E+02  2.930E+02
   0.00620   2    0.02209   5   1.019E+05 -9.017E-08  6.498E-02  2.953E+02  2.930E+02
   0.00620   2    0.02841   6   1.019E+05 -8.816E-08  6.499E-02  2.970E+02  2.930E+02
   0.00620   2    0.03472   7   1.019E+05 -8.588E-08  6.499E-02  2.997E+02  2.930E+02
   0.00620   2    0.04103   8   1.019E+05 -8.318E-08  6.498E-02  3.039E+02  2.930E+02
   0.00620   2    0.04734   9   1.019E+05 -7.951E-08  6.498E-02  3.103E+02  2.930E+02
   0.00620   2    0.05366  10   1.018E+05 -7.267E-08  6.497E-02  3.196E+02  2.930E+02
   0.00620   2    0.05997  11   1.018E+05 -6.414E-08  6.497E-02  3.327E+02  2.930E+02
   0.00620   2    0.06628  12   1.018E+05 -5.516E-08  6.497E-02  3.506E+02  2.930E+02
   0.00620   2    0.07259  13   1.018E+05 -4.675E-08  6.498E-02  3.744E+02  2.930E+02
   0.00620   2    0.07891  14   1.018E+05 -3.862E-08  6.497E-02  4.050E+02  2.931E+02
   0.00620   2    0.08522  15   1.018E+05 -3.088E-08  6.490E-02  4.431E+02  2.956E+02
   0.00620   2    0.09153  16   1.018E+05 -2.346E-08  6.504E-02  4.892E+02  3.482E+02
   0.00620   2    0.09784  17   1.018E+05 -1.609E-08  6.498E-02  4.431E+02  3.482E+02
   0.00620   2    0.10416  18   1.018E+05 -1.066E-08  6.497E-02  4.050E+02  3.482E+02
   0.00620   2    0.11047  19   1.018E+05 -5.185E-09  6.497E-02  3.744E+02  3.482E+02
   0.00620   2    0.11678  20   1.018E+05 -1.377E-09  6.497E-02  3.506E+02  3.482E+02
   0.00620   2    0.12309  21   1.018E+05  2.483E-09  6.497E-02  3.327E+02  3.482E+02
   0.00620   2    0.12941  22   1.018E+05  6.725E-09  6.497E-02  3.196E+02  3.482E+02
   0.00620   2    0.13572  23   1.018E+05  1.198E-08  6.497E-02  3.103E+02  3.482E+02
   0.00620   2    0.14203  24   1.017E+05  1.838E-08  6.497E-02  3.039E+02  3.482E+02
   0.00620   2    0.14834  25   1.017E+05  2.769E-08  6.497E-02  2.997E+02  3.482E+02
   0.00620   2    0.15466  26   1.017E+05  4.009E-08  6.497E-02  2.970E+02  3.482E+02
   0.00620   2    0.16097  27   1.017E+05  5.808E-08  6.497E-02  2.953E+02  3.482E+02
   0.00620   2    0.16728  28   1.017E+05  8.513E-08  6.497E-02  2.943E+02  3.482E+02
   0.00620   2    0.17359  29   1.017E+05  1.324E-07  6.497E-02  2.937E+02  3.482E+02
   0.00620   2    0.17991  30   1.017E+05  2.076E-07  6.497E-02  2.934E+02  3.482E+02
   0.00620   2    0.18622  31   1.017E+05  4.337E-07  6.497E-02  2.932E+02  3.482E+02
   0.00620   2    0.19253  32   1.017E+05  6.901E-07  6.497E-02  2.931E+02  3.482E+02
   0.00620   2    0.19884  33   1.017E+05  5.389E-07  6.498E-02  2.930E+02  3.482E+02
   0.00620   2    0.20516  34   1.017E+05  1.607E-07  6.498E-02  2.930E+02  3.482E+02
   0.00620   2    0.21147  35   1.017E+05  3.120E-07  6.498E-02  2.930E+02  3.482E+02
   0.00620   2    0.21778  36   1.017E+05  1.004E-07  6.498E-02  2.930E+02  3.482E+02
   0.00620   2    0.22409  37   1.017E+05  2.969E-07  6.498E-02  2.930E+02  3.482E+02
   0.00620   2    0.23041  38   1.016E+05  3.074E-07  6.498E-02  2.930E+02  3.482E+02
   0.00620   2    0.23672  39   1.016E+05  3.552E-07  6.498E-02  2.930E+02  3.482E+02
   0.00620   2    0.24303  40   1.016E+05  4.000E-07  6.498E-02  2.930E+02  3.482E+02
   0.00620   2    0.24934  41   1.016E+05  4.974E-07  6.498E-02  2.930E+02  3.482E+02
   0.00620   2    0.25566  42   1.016E+05  7.231E-07  6.498E-02  2.930E+02  3.482E+02
   0.00620   2    0.26197  43   1.016E+05  1.109E-06  6.498E-02  2.930E+02  3.482E+02
   0.00620   2    0.26828  44   1.016E+05  1.150E-06  6.499E-02  2.930E+02  3.482E+02
   0.00620   2    0.27459  45   1.016E+05  6.328E-07  6.499E-02  2.930E+02  3.482E+02
   0.00620   2    0.28091  46   1.016E+05  7.222E-07  6.499E-02  2.930E+02  3.482E+02
   0.00620   2    0.28722  47   1.016E+05  8.210E-07  6.498E-02  2.930E+02  3.482E+02
   0.00620   2    0.29353  48   1.016E+05  1.126E-06  6.498E-02  2.930E+02  3.482E+02
   0.00620   2    0.29984  49   1.016E+05  1.544E-06  6.499E-02  2.930E+02  3.482E+02
   0.00620   2    0.30616  50   1.016E+05  1.932E-06  6.499E-02  2.930E+02  3.482E+02
   0.00620   2    0.31247  51   1.015E+05  1.881E-06  6.499E-02  2.930E+02  3.482E+02
   0.00620   2    0.31878  52   1.015E+05  1.741E-06  6.499E-02  2.930E+02  3.482E+02
   0.00620   2    0.32509  53   1.015E+05  1.316E-06  6.500E-02  2.930E+02  3.482E+02
   0.00620   2    0.33141  54   1.015E+05  1.058E-06  6.500E-02  2.930E+02  3.482E+02
   0.00620   2    0.33772  55   1.015E+05  1.092E-06  6.499E-02  2.930E+02  3.482E+02
   0.00620   2    0.34403  56   1.015E+05  1.221E-06  6.499E-02  2.930E+02  3.482E+02
   0.00620   2    0.35034  57   1.015E+05  3.506E-07  6.500E-02  2.930E+02  3.482E+02
   0.00620   2    0.35666  58   1.015E+05  2.178E-06  6.499E-02  2.930E+02  3.482E+02
   0.00620   2    0.36297  59   1.015E+05  2.314E-05  6.499E-02  2.930E+02  3.482E+02
   0.00620   2    0.36928  60   1.015E+05  2.603E-06  6.500E-02  2.930E+02  3.482E+02
   0.00620   2    0.37559  61   1.015E+05  5.236E-07  6.500E-02  2.930E+02  3.482E+02
   0.00620   2    0.38191  62   1.015E+05  5.991E-07  6.500E-02  2.930E+02  3.482E+02
   0.00620   2    0.38822  63   1.015E+05  8.171E-07  6.499E-02  2.930E+02  3.482E+02
   0.00620   2    0.39453  64   1.015E+05  4.822E-07  6.499E-02  2.930E+02  3.482E+02
   0.00620   2    0.40084  65   1.014E+05  8.678E-07  6.500E-02  2.930E+02  3.482E+02
   0.00620   2    0.40716  66   1.014E+05  1.048E-06  6.500E-02  2.930E+02  3.482E+02
   0.00620   2    0.41347  67   1.014E+05  1.470E-06  6.499E-02  2.930E+02  3.482E+02
   0.00620   2    0.41978  68   1.014E+05  1.617E-06  6.499E-02  2.930E+02  3.482E+02
   0.00620   2    0.42609  69   1.014E+05  1.081E-06  6.500E-02  2.930E+02  3.482E+02
   0.00620   2    0.43241  70   1.014E+05  9.784E-07  6.500E-02  2.930E+02  3.482E+02
   0.00620   2    0.43872  71   1.014E+05  1.113E-06  6.499E-02  2.930E+02  3.482E+02
   0.00620   2    0.44503  72   1.014E+05  6.379E-07  6.499E-02  2.930E+02  3.482E+02
   0.00620   2    0.45134  73   1.014E+05  5.282E-07  6.500E-02  2.930E+02  3.482E+02
   0.00620   2    0.45766  74   1.014E+05  3.570E-07  6.500E-02  2.930E+02  3.482E+02
   0.00620   2    0.46397  75   1.014E+05  2.883E-07  6.499E-02  2.930E+02  3.482E+02
   0.00620   2    0.47028  76   1.014E+05  5.348E-08  6.499E-02  2.930E+02  3.482E+02
   0.00620   2    0.47659  77   1.014E+05  2.273E-07  6.500E-02  2.930E+02  3.482E+02
   0.00620   2    0.48291  78   1.014E+05  6.492E-07  6.500E-02  2.930E+02  3.482E+02
   0.00620   2    0.48922  79   1.013E+05 -1.139E-06  6.500E-02  2.930E+02  3.482E+02
   0.00620   2    0.49553  80   1.013E+05 -2.229E-05  6.499E-02  2.930E+02  3.482E+02
   0.00620   2    0.50184  81   1.013E+05  5.895E-09  6.499E-02  2.930E+02  3.482E+02
   0.00620   2    0.50500  82   1.013E+05  0.000E+00  6.499E-02  2.930E+02  3.482E+02
   0.01861   3    0.00000   1   1.019E+05  0.000E+00  6.500E-02  2.930E+02  2.930E+02
   0.01861   3    0.00316   2   1.019E+05 -2.470E-07  6.498E-02  2.932E+02  2.930E+02
   0.01861   3    0.00947   3   1.019E+05 -2.468E-07  6.500E-02  2.936E+02  2.930E+02
   0.01861   3    0.01578   4   1.019E+05 -2.430E-07  6.499E-02  2.943E+02  2.930E+02
   0.01861   3    0.02209   5   1.019E+05 -2.368E-07  6.498E-02  2.953E+02  2.930E+02
   0.01861   3    0.02841   6   1.019E+05 -2.283E-07  6.499E-02  2.970E+02  2.930E+02
   0.01861   3    0.03472   7   1.019E+05 -2.179E-07  6.499E-02  2.997E+02  2.930E+02
   0.01861   3    0.04103   8   1.019E+05 -2.070E-07  6.498E-02  3.039E+02  2.930E+02
   0.01861   3    0.04734   9   1.019E+05 -1.931E-07  6.498E-02  3.103E+02  2.930E+02
   0.01861   3    0.05366  10   1.018E+05 -1.770E-07  6.497E-02  3.196E+02  2.930E+02
   0.01861   3    0.05997  11   1.018E+05 -1.580E-07  6.497E-02  3.327E+02  2.930E+02
   0.01861   3    0.06628  12   1.018E+05 -1.383E-07  6.497E-02  3.506E+02  2.930E+02
   0.01861   3    0.07259  13   1.018E+05 -1.187E-07  6.498E-02  3.744E+02  2.930E+02
   0.01861   3    0.07891  14   1.018E+05 -9.912E-08  6.497E-02  4.050E+02  2.931E+02
   0.01861   3    0.08522  15   1.018E+05 -7.973E-08  6.490E-02  4.431E+02  2.956E+02
   0.01861   3    0.09153  16   1.018E+05 -6.124E-08  6.504E-02  4.892E+02  3.482E+02
   0.01861   3    0.09784  17   1.018E+05 -4.035E-08  6.498E-02  4.431E+02  3.482E+02
   0.01861   3    0.10416  18   1.018E+05 -3.214E-08  6.497E-02  4.050E+02  3.482E+02
   0.01861   3    0.11047  19   1.018E+05 -1.298E-08  6.497E-02  3.744E+02  3.482E+02
   0.01861   3    0.11678  20   1.018E+05 -6.292E-09  6.497E-02  3.506E+02  3.482E+02
   0.01861   3    0.12309  21   1.018E+05  3.362E-09  6.497E-02  3.327E+02  3.482E+02
   0.01861   3    0.12941  22   1.018E+05  1.348E-08  6.497E-02  3.196E+02  3.482E+02
   0.01861   3    0.13572  23   1.018E+05  2.559E-08  6.497E-02  3.103E+02  3.482E+02
   0.01861   3    0.14203  24   1.017E+05  3.967E-08  6.497E-02  3.039E+02  3.482E+02
   0.01861   3    0.14834  25   1.017E+05  5.892E-08  6.497E-02  2.997E+02  3.482E+02
   0.01861   3    0.15466  26   1.017E+05  8.488E-08  6.497E-02  2.970E+02  3.482E+02
   0.01861   3    0.16097  27   1.017E+05  1.229E-07  6.497E-02  2.953E+02  3.482E+02
   0.01861   3    0.16728  28   1.017E+05  1.778E-07  6.497E-02  2.943E+02  3.482E+02
   0.01861   3    0.17359  29   1.017E+05  2.723E-07  6.497E-02  2.937E+02  3.482E+02
   0.01861   3    0.17991  30   1.017E+05  4.401E-07  6.497E-02  2.934E+02  3.482E+02
   0.01861   3    0.18622  31   1.017E+05  7.900E-07  6.497E-02  2.932E+02  3.482E+02
   0.01861   3    0.19253  32   1.017E+05  1.311E-06  6.497E-02  2.931E+02  3.482E+02
   0.01861   3    0.19884  33   1.017E+05  1.344E-06  6.498E-02  2.930E+02  3.482E+02
   0.01861   3    0.20516  34   1.017E+05  7.640E-07  6.498E-02  2.930E+02  3.482E+02
   0.01861   3    0.21147  35   1.017E+05  7.612E-07  6.498E-02  2.930E+02  3.482E+02
   0.01861   3    0.21778  36   1.017E+05  5.166E-07  6.498E-02  2.930E+02  3.482E+02
   0.01861   3    0.22409  37   1.017E+05  7.121E-07  6.498E-02  2.930E+02  3.482E+02
   0.01861   3    0.23041  38   1.016E+05  6.909E-07  6.498E-02  2.930E+02  3.482E+02
   0.01861   3    0.23672  39   1.016E+05  7.626E-07  6.498E-02  2.930E+02  3.482E+02
   0.01861   3    0.24303  40   1.016E+05  6.026E-07  6.498E-02  2.930E+02  3.482E+02
   0.01861   3    0.24934  41   1.016E+05  8.615E-07  6.498E-02  2.930E+02  3.482E+02
   0.01861   3    0.25566  42   1.016E+05  6.611E-07  6.498E-02  2.930E+02  3.482E+02
   0.01861   3    0.26197  43   1.016E+05  2.807E-06  6.498E-02  2.930E+02  3.482E+02
   0.01861   3    0.26828  44   1.016E+05  5.831E-06  6.498E-02  2.930E+02  3.482E+02
   0.01861   3    0.27459  45   1.016E+05  2.224E-06  6.499E-02  2.930E+02  3.482E+02
   0.01861   3    0.28091  46   1.016E+05  7.991E-07  6.499E-02  2.930E+02  3.482E+02
   0.01861   3    0.28722  47   1.016E+05  1.099E-06  6.498E-02  2.930E+02  3.482E+02
   0.01861   3    0.29353  48   1.016E+05  2.880E-06  6.498E-02  2.930E+02  3.482E+02
   0.01861   3    0.29984  49   1.016E+05  6.264E-06  6.499E-02  2.930E+02  3.482E+02
   0.01861   3    0.30616  50   1.016E+05  2.826E-06  6.499E-02  2.930E+02  3.482E+02
   0.01861   3    0.31247  51   1.015E+05  3.203E-06  6.499E-02  2.930E+02  3.482E+02
   0.01861   3    0.31878  52   1.015E+05  6.773E-06  6.499E-02  2.930E+02  3.482E+02
   0.01861   3    0.32509  53   1.015E+05  3.382E-06  6.500E-02  2.930E+02  3.482E+02
   0.01861   3    0.33141  54   1.015E+05  8.950E-07  6.500E-02  2.930E+02  3.482E+02
   0.01861   3    0.33772  55   1.015E+05  3.315E-06  6.499E-02  2.930E+02  3.482E+02
   0.01861   3    0.34403  56   1.015E+05  6.497E-06  6.499E-02  2.930E+02  3.482E+02
   0.01861   3    0.35034  57   1.015E+05  2.476E-06  6.500E-02  2.930E+02  3.482E+02
   0.01861   3    0.35666  58   1.015E+05  2.980E-06  6.500E-02  2.930E+02  3.482E+02
   0.01861   3    0.36297  59   1.015E+05  8.060E-06  6.499E-02  2.930E+02  3.482E+02
   0.01861   3    0.36928  60   1.015E+05  4.529E-06  6.499E-02  2.930E+02  3.482E+02
   0.01861   3    0.37559  61   1.015E+05  2.092E-06  6.500E-02  2.930E+02  3.482E+02
   0.01861   3    0.38191  62   1.015E+05  1.992E-06  6.500E-02  2.930E+02  3.482E+02
   0.01861   3    0.38822  63   1.015E+05  2.615E-06  6.499E-02  2.930E+02  3.482E+02
   0.01861   3    0.39453  64   1.015E+05  2.419E-06  6.499E-02  2.930E+02  3.482E+02
   0.01861   3    0.40084  65   1.014E+05  2.256E-06  6.500E-02  2.930E+02  3.482E+02
   0.01861   3    0.40716  66   1.014E+05  2.094E-06  6.500E-02  2.930E+02  3.482E+02
   0.01861   3    0.41347  67   1.014E+05  2.569E-06  6.499E-02  2.930E+02  3.482E+02
   0.01861   3    0.41978  68   1.014E+05  2.800E-06  6.499E-02  2.930E+02  3.482E+02
   0.01861   3    0.42609  69   1.014E+05  2.208E-06  6.500E-02  2.930E+02  3.482E+02
   0.01861   3    0.43241  70   1.014E+05  1.812E-06  6.500E-02  2.930E+02  3.482E+02
   0.01861   3    0.43872  71   1.014E+05  2.069E-06  6.499E-02  2.930E+02  3.482E+02
   0.01861   3    0.44503  72   1.014E+05  1.877E-06  6.499E-02  2.930E+02  3.482E+02
   0.01861   3    0.45134  73   1.014E+05  1.461E-06  6.500E-02  2.930E+02  3.482E+02
   0.01861   3    0.45766  74   1.014E+05  8.721E-07  6.500E-02  2.930E+02  3.482E+02
   0.01861   3    0.46397  75   1.014E+05  8.857E-07  6.499E-02  2.930E+02  3.482E+02
   0.01861   3    0.47028  76   1.014E+05  5.640E-07  6.499E-02  2.930E+02  3.482E+02
   0.01861   3    0.47659  77   1.014E+05  6.339E-07  6.500E-02  2.930E+02  3.482E+02
   0.01861   3    0.48291  78   1.014E+05  7.640E-07  6.500E-02  2.930E+02  3.482E+02
   0.01861   3    0.48922  79   1.013E+05 -1.258E-06  6.499E-02  2.930E+02  3.482E+02
   0.01861   3    0.49553  80   1.013E+05 -5.227E-06  6.499E-02  2.930E+02  3.482E+02
   0.01861   3    0.50184  81   1.013E+05 -2.579E-08  6.500E-02  2.930E+02  3.482E+02
   0.01861   3    0.50500  82   1.013E+05  0.000E+00  6.500E-02  2.930E+02  3.482E+02
   0.03102   4    0.00000   1   1.019E+05  0.000E+00  6.500E-02  2.930E+02  2.930E+02
   0.03102   4    0.00316   2   1.019E+05 -3.794E-07  6.498E-02  2.932E+02  2.930E+02
   0.03102   4    0.00947   3   1.019E+05 -3.810E-07  6.500E-02  2.936E+02  2.930E+02
   0.03102   4    0.01578   4   1.019E+05 -3.753E-07  6.499E-02  2.943E+02  2.930E+02
   0.03102   4    0.02209   5   1.019E+05 -3.642E-07  6.498E-02  2.953E+02  2.930E+02
   0.03102   4    0.02841   6   1.019E+05 -3.483E-07  6.499E-02  2.970E+02  2.930E+02
   0.03102   4    0.03472   7   1.019E+05 -3.253E-07  6.499E-02  2.997E+02  2.930E+02
   0.03102   4    0.04103   8   1.019E+05 -3.076E-07  6.498E-02  3.039E+02  2.930E+02
   0.03102   4    0.04734   9   1.019E+05 -2.827E-07  6.498E-02  3.103E+02  2.930E+02
   0.03102   4    0.05366  10   1.018E+05 -2.586E-07  6.497E-02  3.196E+02  2.930E+02
   0.03102   4    0.05997  11   1.018E+05 -2.311E-07  6.497E-02  3.327E+02  2.930E+02
   0.03102   4    0.06628  12   1.018E+05 -2.026E-07  6.497E-02  3.506E+02  2.930E+02
   0.03102   4    0.07259  13   1.018E+05 -1.721E-07  6.498E-02  3.744E+02  2.930E+02
   0.03102   4    0.07891  14   1.018E+05 -1.388E-07  6.497E-02  4.050E+02  2.931E+02
   0.03102   4    0.08522  15   1.018E+05 -1.008E-07  6.490E-02  4.431E+02  2.956E+02
   0.03102   4    0.09153  16   1.018E+05 -5.703E-08  6.504E-02  4.892E+02  3.482E+02
   0.03102   4    0.09784  17   1.018E+05  4.648E-09  6.498E-02  4.431E+02  3.482E+02
   0.03102   4    0.10416  18   1.018E+05  4.615E-08  6.497E-02  4.050E+02  3.482E+02
   0.03102   4    0.11047  19   1.018E+05  4.371E-08  6.497E-02  3.744E+02  3.482E+02
   0.03102   4    0.11678  20   1.018E+05  2.094E-08  6.497E-02  3.506E+02  3.482E+02
   0.03102   4    0.12309  21   1.018E+05  1.661E-08  6.497E-02  3.327E+02  3.482E+02
   0.03102   4    0.12941  22   1.018E+05  1.906E-08  6.497E-02  3.196E+02  3.482E+02
   0.03102   4    0.13572  23   1.018E+05  2.878E-08  6.497E-02  3.103E+02  3.482E+02
   0.03102   4    0.14203  24   1.017E+05  4.325E-08  6.497E-02  3.039E+02  3.482E+02
   0.03102   4    0.14834  25   1.017E+05  6.401E-08  6.497E-02  2.997E+02  3.482E+02
   0.03102   4    0.15466  26   1.017E+05  9.137E-08  6.497E-02  2.970E+02  3.482E+02
   0.03102   4    0.16097  27   1.017E+05  1.336E-07  6.497E-02  2.953E+02  3.482E+02
   0.03102   4    0.16728  28   1.017E+05  1.797E-07  6.497E-02  2.943E+02  3.482E+02
   0.03102   4    0.17359  29   1.017E+05  2.593E-07  6.497E-02  2.937E+02  3.482E+02
   0.03102   4    0.17991  30   1.017E+05  3.962E-07  6.497E-02  2.934E+02  3.482E+02
   0.03102   4    0.18622  31   1.017E+05  5.821E-07  6.497E-02  2.932E+02  3.482E+02
   0.03102   4    0.19253  32   1.017E+05  9.112E-07  6.497E-02  2.931E+02  3.482E+02
   0.03102   4    0.19884  33   1.017E+05  1.149E-06  6.498E-02  2.930E+02  3.482E+02
   0.03102   4    0.20516  34   1.017E+05  9.050E-07  6.498E-02  2.930E+02  3.482E+02
   0.03102   4    0.21147  35   1.017E+05  7.353E-07  6.498E-02  2.930E+02  3.482E+02
   0.03102   4    0.21778  36   1.017E+05  4.869E-07  6.498E-02  2.930E+02  3.482E+02
   0.03102   4    0.22409  37   1.017E+05  7.185E-07  6.498E-02  2.930E+02  3.482E+02
   0.03102   4    0.23041  38   1.016E+05  5.436E-07  6.498E-02  2.930E+02  3.482E+02
   0.03102   4    0.23672  39   1.016E+05  1.004E-06  6.498E-02  2.930E+02  3.482E+02
   0.03102   4    0.24303  40   1.016E+05  1.066E-06  6.498E-02  2.930E+02  3.482E+02
   0.03102   4    0.24934  41   1.016E+05  1.170E-06  6.498E-02  2.930E+02  3.482E+02
   0.03102   4    0.25566  42   1.016E+05  6.447E-07  6.499E-02  2.930E+02  3.482E+02
   0.03102   4    0.26197  43   1.016E+05  2.575E-06  6.499E-02  2.930E+02  3.482E+02
   0.03102   4    0.26828  44   1.016E+05  5.786E-06  6.499E-02  2.930E+02  3.482E+02
   0.03102   4    0.27459  45   1.016E+05  2.560E-06  6.498E-02  2.930E+02  3.482E+02
   0.03102   4    0.28091  46   1.016E+05  1.027E-06  6.498E-02  2.930E+02  3.482E+02
   0.03102   4    0.28722  47   1.016E+05  1.116E-06  6.499E-02  2.930E+02  3.482E+02
   0.03102   4    0.29353  48   1.016E+05  2.924E-06  6.499E-02  2.930E+02  3.482E+02
   0.03102   4    0.29984  49   1.016E+05  6.290E-06  6.499E-02  2.930E+02  3.482E+02
   0.03102   4    0.30616  50   1.016E+05  2.333E-06  6.499E-02  2.930E+02  3.482E+02
   0.03102   4    0.31247  51   1.015E+05  2.792E-06  6.500E-02  2.930E+02  3.482E+02
   0.03102   4    0.31878  52   1.015E+05  7.108E-06  6.499E-02  2.930E+02  3.482E+02
   0.03102   4    0.32509  53   1.015E+05  4.036E-06  6.499E-02  2.930E+02  3.482E+02
   0.03102   4    0.33141  54   1.015E+05  1.327E-06  6.500E-02  2.930E+02  3.482E+02
   0.03102   4    0.33772  55   1.015E+05  3.652E-06  6.500E-02  2.930E+02  3.482E+02
   0.03102   4    0.34403  56   1.015E+05  7.299E-06  6.499E-02  2.930E+02  3.482E+02
   0.03102   4    0.35034  57   1.015E+05  3.705E-06  6.499E-02  2.930E+02  3.482E+02
   0.03102   4    0.35666  58   1.015E+05  1.575E-06  6.500E-02  2.930E+02  3.482E+02
   0.03102   4    0.36297  59   1.015E+05  4.263E-06  6.499E-02  2.930E+02  3.482E+02
   0.03102   4    0.36928  60   1.015E+05  7.271E-06  6.499E-02  2.930E+02  3.482E+02
   0.03102   4    0.37559  61   1.015E+05  3.361E-06  6.500E-02  2.930E+02  3.482E+02
   0.03102   4    0.38191  62   1.015E+05  1.290E-06  6.500E-02  2.930E+02  3.482E+02
   0.03102   4    0.38822  63   1.015E+05  3.600E-06  6.499E-02  2.930E+02  3.482E+02
   0.03102   4    0.39453  64   1.015E+05  7.025E-06  6.499E-02  2.930E+02  3.482E+02
   0.03102   4    0.40084  65   1.014E+05  3.229E-06  6.500E-02  2.930E+02  3.482E+02
   0.03102   4    0.40716  66   1.014E+05  8.404E-07  6.500E-02  2.930E+02  3.482E+02
   0.03102   4    0.41347  67   1.014E+05  3.122E-06  6.499E-02  2.930E+02  3.482E+02
   0.03102   4    0.41978  68   1.014E+05  6.417E-06  6.499E-02  2.930E+02  3.482E+02
   0.03102   4    0.42609  69   1.014E+05  3.105E-06  6.500E-02  2.930E+02  3.482E+02
   0.03102   4    0.43241  70   1.014E+05  4.365E-07  6.500E-02  2.930E+02  3.482E+02
   0.03102   4    0.43872  71   1.014E+05  2.852E-06  6.499E-02  2.930E+02  3.482E+02
   0.03102   4    0.44503  72   1.014E+05  6.332E-06  6.499E-02  2.930E+02  3.482E+02
   0.03102   4    0.45134  73   1.014E+05  2.704E-06  6.500E-02  2.930E+02  3.482E+02
   0.03102   4    0.45766  74   1.014E+05 -1.489E-07  6.500E-02  2.930E+02  3.482E+02
   0.03102   4    0.46397  75   1.014E+05  2.254E-06  6.499E-02  2.930E+02  3.482E+02
   0.03102   4    0.47028  76   1.014E+05  5.574E-06  6.499E-02  2.930E+02  3.482E+02
   0.03102   4    0.47659  77   1.014E+05  2.003E-06  6.500E-02  2.930E+02  3.482E+02
   0.03102   4    0.48291  78   1.014E+05 -2.634E-07  6.500E-02  2.930E+02  3.482E+02
   0.03102   4    0.48922  79   1.013E+05 -7.417E-08  6.499E-02  2.930E+02  3.482E+02
   0.03102   4    0.49553  80   1.013E+05 -3.678E-07  6.499E-02  2.930E+02  3.482E+02
   0.03102   4    0.50184  81   1.013E+05 -1.005E-07  6.500E-02  2.930E+02  3.482E+02
   0.03102   4    0.50500  82   1.013E+05  0.000E+00  6.500E-02  2.930E+02  3.482E+02
   0.04342   5    0.00000   1   1.019E+05  0.000E+00  6.500E-02  2.930E+02  2.930E+02
   0.04342   5    0.00316   2   1.019E+05 -5.234E-07  6.498E-02  2.932E+02  2.930E+02
   0.04342   5    0.00947   3   1.019E+05 -5.315E-07  6.500E-02  2.936E+02  2.930E+02
   0.04342   5    0.01578   4   1.019E+05 -5.247E-07  6.499E-02  2.943E+02  2.930E+02
   0.04342   5    0.02209   5   1.019E+05 -5.095E-07  6.498E-02  2.953E+02  2.930E+02
   0.04342   5    0.02841   6   1.019E+05 -4.790E-07  6.499E-02  2.970E+02  2.930E+02
   0.04342   5    0.03472   7   1.019E+05 -4.323E-07  6.499E-02  2.997E+02  2.930E+02
   0.04342   5    0.04103   8   1.019E+05 -4.161E-07  6.498E-02  3.039E+02  2.930E+02
   0.04342   5    0.04734   9   1.019E+05 -3.732E-07  6.498E-02  3.103E+02  2.930E+02
   0.04342   5    0.05366  10   1.018E+05 -3.479E-07  6.497E-02  3.196E+02  2.930E+02
   0.04342   5    0.05997  11   1.018E+05 -3.111E-07  6.497E-02  3.327E+02  2.930E+02
   0.04342   5    0.06628  12   1.018E+05 -2.744E-07  6.497E-02  3.506E+02  2.930E+02
   0.04342   5    0.07259  13   1.018E+05 -2.346E-07  6.498E-02  3.744E+02  2.930E+02
   0.04342   5    0.07891  14   1.018E+05 -1.878E-07  6.497E-02  4.050E+02  2.931E+02
   0.04342   5    0.08522  15   1.018E+05 -1.304E-07  6.490E-02  4.431E+02  2.956E+02
   0.04342   5    0.09153  16   1.018E+05 -5.659E-08  6.504E-02  4.892E+02  3.482E+02
   0.04342   5    0.09784  17   1.018E+05  1.707E-07  6.498E-02  4.431E+02  3.482E+02
   0.04342   5    0.10416  18   1.018E+05  4.098E-07  6.497E-02  4.050E+02  3.482E+02
   0.04342   5    0.11047  19   1.018E+05  2.213E-07  6.497E-02  3.744E+02  3.482E+02
   0.04342   5    0.11678  20   1.018E+05  4.254E-08  6.497E-02  3.506E+02  3.482E+02
   0.04342   5    0.12309  21   1.018E+05  1.548E-08  6.497E-02  3.327E+02  3.482E+02
   0.04342   5    0.12941  22   1.018E+05  2.301E-09  6.497E-02  3.196E+02  3.482E+02
   0.04342   5    0.13572  23   1.018E+05  6.905E-09  6.497E-02  3.103E+02  3.482E+02
   0.04342   5    0.14203  24   1.017E+05  1.498E-08  6.497E-02  3.039E+02  3.482E+02
   0.04342   5    0.14834  25   1.017E+05  2.677E-08  6.497E-02  2.997E+02  3.482E+02
   0.04342   5    0.15466  26   1.017E+05  2.526E-08  6.497E-02  2.970E+02  3.482E+02
   0.04342   5    0.16097  27   1.017E+05  6.384E-08  6.497E-02  2.953E+02  3.482E+02
   0.04342   5    0.16728  28   1.017E+05 -8.115E-08  6.497E-02  2.943E+02  3.482E+02
   0.04342   5    0.17359  29   1.017E+05  1.649E-07  6.497E-02  2.937E+02  3.482E+02
   0.04342   5    0.17991  30   1.017E+05  2.620E-07  6.497E-02  2.934E+02  3.482E+02
   0.04342   5    0.18622  31   1.017E+05  3.928E-07  6.497E-02  2.932E+02  3.482E+02
   0.04342   5    0.19253  32   1.017E+05  5.441E-07  6.497E-02  2.931E+02  3.482E+02
   0.04342   5    0.19884  33   1.017E+05  6.987E-07  6.498E-02  2.930E+02  3.482E+02
   0.04342   5    0.20516  34   1.017E+05  7.874E-07  6.498E-02  2.930E+02  3.482E+02
   0.04342   5    0.21147  35   1.017E+05  8.600E-07  6.498E-02  2.930E+02  3.482E+02
   0.04342   5    0.21778  36   1.017E+05  6.508E-07  6.498E-02  2.930E+02  3.482E+02
   0.04342   5    0.22409  37   1.017E+05  8.705E-07  6.498E-02  2.930E+02  3.482E+02
   0.04342   5    0.23041  38   1.016E+05  7.243E-07  6.498E-02  2.930E+02  3.482E+02
   0.04342   5    0.23672  39   1.016E+05  1.186E-06  6.498E-02  2.930E+02  3.482E+02
   0.04342   5    0.24303  40   1.016E+05  1.584E-06  6.498E-02  2.930E+02  3.482E+02
   0.04342   5    0.24934  41   1.016E+05  1.652E-06  6.498E-02  2.930E+02  3.482E+02
   0.04342   5    0.25566  42   1.016E+05  1.143E-06  6.499E-02  2.930E+02  3.482E+02
   0.04342   5    0.26197  43   1.016E+05  1.155E-06  6.499E-02  2.930E+02  3.482E+02
   0.04342   5    0.26828  44   1.016E+05  1.421E-06  6.499E-02  2.930E+02  3.482E+02
   0.04342   5    0.27459  45   1.016E+05  1.499E-06  6.498E-02  2.930E+02  3.482E+02
   0.04342   5    0.28091  46   1.016E+05  2.092E-06  6.498E-02  2.930E+02  3.482E+02
   0.04342   5    0.28722  47   1.016E+05  2.118E-06  6.499E-02  2.930E+02  3.482E+02
   0.04342   5    0.29353  48   1.016E+05  2.223E-06  6.499E-02  2.930E+02  3.482E+02
   0.04342   5    0.29984  49   1.016E+05  2.815E-06  6.499E-02  2.930E+02  3.482E+02
   0.04342   5    0.30616  50   1.016E+05  2.845E-06  6.499E-02  2.930E+02  3.482E+02
   0.04342   5    0.31247  51   1.015E+05  2.062E-06  6.500E-02  2.930E+02  3.482E+02
   0.04342   5    0.31878  52   1.015E+05  3.991E-06  6.499E-02  2.930E+02  3.482E+02
   0.04342   5    0.32509  53   1.015E+05  7.129E-06  6.499E-02  2.930E+02  3.482E+02
   0.04342   5    0.33141  54   1.015E+05  3.346E-06  6.500E-02  2.930E+02  3.482E+02
   0.04342   5    0.33772  55   1.015E+05  2.004E-06  6.500E-02  2.930E+02  3.482E+02
   0.04342   5    0.34403  56   1.015E+05  3.118E-06  6.499E-02  2.930E+02  3.482E+02
   0.04342   5    0.35034  57   1.015E+05  3.226E-06  6.499E-02  2.930E+02  3.482E+02
   0.04342   5    0.35666  58   1.015E+05  2.379E-06  6.500E-02  2.930E+02  3.482E+02
   0.04342   5    0.36297  59   1.015E+05  3.692E-06  6.500E-02  2.930E+02  3.482E+02
   0.04342   5    0.36928  60   1.015E+05  7.734E-06  6.499E-02  2.930E+02  3.482E+02
   0.04342   5    0.37559  61   1.015E+05  4.326E-06  6.499E-02  2.930E+02  3.482E+02
   0.04342   5    0.38191  62   1.015E+05  1.742E-06  6.500E-02  2.930E+02  3.482E+02
   0.04342   5    0.38822  63   1.015E+05  3.544E-06  6.500E-02  2.930E+02  3.482E+02
   0.04342   5    0.39453  64   1.015E+05  7.101E-06  6.499E-02  2.930E+02  3.482E+02
   0.04342   5    0.40084  65   1.014E+05  3.679E-06  6.499E-02  2.930E+02  3.482E+02
   0.04342   5    0.40716  66   1.014E+05  1.215E-06  6.500E-02  2.930E+02  3.482E+02
   0.04342   5    0.41347  67   1.014E+05  3.315E-06  6.500E-02  2.930E+02  3.482E+02
   0.04342   5    0.41978  68   1.014E+05  6.448E-06  6.499E-02  2.930E+02  3.482E+02
   0.04342   5    0.42609  69   1.014E+05  2.942E-06  6.499E-02  2.930E+02  3.482E+02
   0.04342   5    0.43241  70   1.014E+05  4.926E-07  6.500E-02  2.930E+02  3.482E+02
   0.04342   5    0.43872  71   1.014E+05  2.837E-06  6.500E-02  2.930E+02  3.482E+02
   0.04342   5    0.44503  72   1.014E+05  5.979E-06  6.499E-02  2.930E+02  3.482E+02
   0.04342   5    0.45134  73   1.014E+05  2.379E-06  6.499E-02  2.930E+02  3.482E+02
   0.04342   5    0.45766  74   1.014E+05 -1.015E-07  6.500E-02  2.930E+02  3.482E+02
   0.04342   5    0.46397  75   1.014E+05  2.482E-06  6.500E-02  2.930E+02  3.482E+02
   0.04342   5    0.47028  76   1.014E+05  5.839E-06  6.499E-02  2.930E+02  3.482E+02
   0.04342   5    0.47659  77   1.014E+05  2.268E-06  6.499E-02  2.930E+02  3.482E+02
   0.04342   5    0.48291  78   1.014E+05 -1.424E-07  6.500E-02  2.930E+02  3.482E+02
   0.04342   5    0.48922  79   1.013E+05  3.108E-07  6.499E-02  2.930E+02  3.482E+02
   0.04342   5    0.49553  80   1.013E+05  3.542E-07  6.499E-02  2.930E+02  3.482E+02
   0.04342   5    0.50184  81   1.013E+05  9.294E-08  6.500E-02  2.930E+02  3.482E+02
   0.04342   5    0.50500  82   1.013E+05  0.000E+00  6.500E-02  2.930E+02  3.482E+02
   0.05583   6    0.00000   1   1.019E+05  0.000E+00  6.500E-02  2.930E+02  2.930E+02
   0.05583   6    0.00316   2   1.019E+05 -6.496E-07  6.498E-02  2.932E+02  2.930E+02
   0.05583   6    0.00947   3   1.019E+05 -7.042E-07  6.500E-02  2.936E+02  2.930E+02
   0.05583   6    0.01578   4   1.019E+05 -7.021E-07  6.499E-02  2.943E+02  2.930E+02
   0.05583   6    0.02209   5   1.019E+05 -6.903E-07  6.498E-02  2.953E+02  2.930E+02
   0.05583   6    0.02841   6   1.019E+05 -6.904E-07  6.499E-02  2.970E+02  2.930E+02
   0.05583   6    0.03472   7   1.019E+05 -4.116E-07  6.499E-02  2.997E+02  2.930E+02
   0.05583   6    0.04103   8   1.019E+05 -5.393E-07  6.498E-02  3.039E+02  2.930E+02
   0.05583   6    0.04734   9   1.019E+05 -4.664E-07  6.498E-02  3.103E+02  2.930E+02
   0.05583   6    0.05366  10   1.018E+05 -4.365E-07  6.497E-02  3.196E+02  2.930E+02
   0.05583   6    0.05997  11   1.018E+05 -3.928E-07  6.497E-02  3.327E+02  2.930E+02
   0.05583   6    0.06628  12   1.018E+05 -3.466E-07  6.497E-02  3.506E+02  2.930E+02
   0.05583   6    0.07259  13   1.018E+05 -3.011E-07  6.498E-02  3.744E+02  2.930E+02
   0.05583   6    0.07891  14   1.018E+05 -2.409E-07  6.497E-02  4.050E+02  2.931E+02
   0.05583   6    0.08522  15   1.018E+05 -1.871E-07  6.490E-02  4.431E+02  2.956E+02
   0.05583   6    0.09153  16   1.018E+05 -1.098E-07  6.504E-02  4.892E+02  3.482E+02
   0.05583   6    0.09784  17   1.018E+05  1.210E-07  6.498E-02  4.431E+02  3.482E+02
   0.05583   6    0.10416  18   1.018E+05  3.726E-07  6.497E-02  4.050E+02  3.482E+02
   0.05583   6    0.11047  19   1.018E+05  1.842E-07  6.496E-02  3.744E+02  3.482E+02
   0.05583   6    0.11678  20   1.018E+05  1.476E-08  6.497E-02  3.506E+02  3.482E+02
   0.05583   6    0.12309  21   1.018E+05 -7.181E-09  6.497E-02  3.327E+02  3.482E+02
   0.05583   6    0.12941  22   1.018E+05 -1.499E-08  6.497E-02  3.196E+02  3.482E+02
   0.05583   6    0.13572  23   1.018E+05 -7.504E-09  6.497E-02  3.103E+02  3.482E+02
   0.05583   6    0.14203  24   1.017E+05  2.823E-10  6.497E-02  3.039E+02  3.482E+02
   0.05583   6    0.14834  25   1.017E+05  8.660E-09  6.497E-02  2.997E+02  3.482E+02
   0.05583   6    0.15466  26   1.017E+05 -8.300E-09  6.497E-02  2.970E+02  3.482E+02
   0.05583   6    0.16097  27   1.017E+05  1.045E-08  6.497E-02  2.953E+02  3.482E+02
   0.05583   6    0.16728  28   1.017E+05 -1.465E-07  6.497E-02  2.943E+02  3.482E+02
   0.05583   6    0.17359  29   1.017E+05 -9.349E-08  6.497E-02  2.937E+02  3.482E+02
   0.05583   6    0.17991  30   1.017E+05  1.736E-07  6.497E-02  2.934E+02  3.482E+02
   0.05583   6    0.18622  31   1.017E+05  2.859E-07  6.497E-02  2.932E+02  3.482E+02
   0.05583   6    0.19253  32   1.017E+05  4.652E-07  6.497E-02  2.931E+02  3.482E+02
   0.05583   6    0.19884  33   1.017E+05  7.910E-07  6.498E-02  2.930E+02  3.482E+02
   0.05583   6    0.20516  34   1.017E+05  1.374E-06  6.498E-02  2.930E+02  3.482E+02
   0.05583   6    0.21147  35   1.017E+05  1.716E-06  6.498E-02  2.930E+02  3.482E+02
   0.05583   6    0.21778  36   1.017E+05  1.573E-06  6.498E-02  2.930E+02  3.482E+02
   0.05583   6    0.22409  37   1.017E+05  1.351E-06  6.498E-02  2.930E+02  3.482E+02
   0.05583   6    0.23041  38   1.016E+05  1.380E-06  6.498E-02  2.930E+02  3.482E+02
   0.05583   6    0.23672  39   1.016E+05  1.267E-06  6.498E-02  2.930E+02  3.482E+02
   0.05583   6    0.24303  40   1.016E+05  1.316E-06  6.498E-02  2.930E+02  3.482E+02
   0.05583   6    0.24934  41   1.016E+05  1.655E-06  6.498E-02  2.930E+02  3.482E+02
   0.05583   6    0.25566  42   1.016E+05  1.422E-06  6.498E-02  2.930E+02  3.482E+02
   0.05583   6    0.26197  43   1.016E+05  1.052E-06  6.499E-02  2.930E+02  3.482E+02
   0.05583   6    0.26828  44   1.016E+05  9.576E-07  6.499E-02  2.930E+02  3.482E+02
   0.05583   6    0.27459  45   1.016E+05  6.997E-07  6.498E-02  2.930E+02  3.482E+02
   0.05583   6    0.28091  46   1.016E+05  2.931E-06  6.498E-02  2.930E+02  3.482E+02
   0.05583   6    0.28722  47   1.016E+05  6.063E-06  6.499E-02  2.930E+02  3.482E+02
   0.05583   6    0.29353  48   1.016E+05  2.124E-06  6.499E-02  2.930E+02  3.482E+02
   0.05583   6    0.29984  49   1.016E+05  2.527E-06  6.499E-02  2.930E+02  3.482E+02
   0.05583   6    0.30616  50   1.016E+05  6.283E-06  6.499E-02  2.930E+02  3.482E+02
   0.05583   6    0.31247  51   1.015E+05  2.600E-06  6.500E-02  2.930E+02  3.482E+02
   0.05583   6    0.31878  52   1.015E+05  2.333E-06  6.500E-02  2.930E+02  3.482E+02
   0.05583   6    0.32509  53   1.015E+05  6.808E-06  6.499E-02  2.930E+02  3.482E+02
   0.05583   6    0.33141  54   1.015E+05  3.711E-06  6.499E-02  2.930E+02  3.482E+02
   0.05583   6    0.33772  55   1.015E+05  1.444E-06  6.500E-02  2.930E+02  3.482E+02
   0.05583   6    0.34403  56   1.015E+05  3.068E-06  6.499E-02  2.930E+02  3.482E+02
   0.05583   6    0.35034  57   1.015E+05  6.800E-06  6.499E-02  2.930E+02  3.482E+02
   0.05583   6    0.35666  58   1.015E+05  3.337E-06  6.500E-02  2.930E+02  3.482E+02
   0.05583   6    0.36297  59   1.015E+05  1.729E-06  6.500E-02  2.930E+02  3.482E+02
   0.05583   6    0.36928  60   1.015E+05  4.314E-06  6.499E-02  2.930E+02  3.482E+02
   0.05583   6    0.37559  61   1.015E+05  8.019E-06  6.499E-02  2.930E+02  3.482E+02
   0.05583   6    0.38191  62   1.015E+05  3.949E-06  6.500E-02  2.930E+02  3.482E+02
   0.05583   6    0.38822  63   1.015E+05  1.715E-06  6.500E-02  2.930E+02  3.482E+02
   0.05583   6    0.39453  64   1.015E+05  4.191E-06  6.499E-02  2.930E+02  3.482E+02
   0.05583   6    0.40084  65   1.014E+05  7.644E-06  6.499E-02  2.930E+02  3.482E+02
   0.05583   6    0.40716  66   1.014E+05  3.694E-06  6.500E-02  2.930E+02  3.482E+02
   0.05583   6    0.41347  67   1.014E+05  1.750E-06  6.500E-02  2.930E+02  3.482E+02
   0.05583   6    0.41978  68   1.014E+05  2.270E-06  6.499E-02  2.930E+02  3.482E+02
   0.05583   6    0.42609  69   1.014E+05  2.476E-06  6.499E-02  2.930E+02  3.482E+02
   0.05583   6    0.43241  70   1.014E+05  2.176E-06  6.500E-02  2.930E+02  3.482E+02
   0.05583   6    0.43872  71   1.014E+05  1.884E-06  6.500E-02  2.930E+02  3.482E+02
   0.05583   6    0.44503  72   1.014E+05  1.799E-06  6.499E-02  2.930E+02  3.482E+02
   0.05583   6    0.45134  73   1.014E+05  1.887E-06  6.499E-02  2.930E+02  3.482E+02
   0.05583   6    0.45766  74   1.014E+05  1.529E-06  6.500E-02  2.930E+02  3.482E+02
   0.05583   6    0.46397  75   1.014E+05  1.531E-06  6.500E-02  2.930E+02  3.482E+02
   0.05583   6    0.47028  76   1.014E+05  1.156E-06  6.499E-02  2.930E+02  3.482E+02
   0.05583   6    0.47659  77   1.014E+05  1.102E-06  6.499E-02  2.930E+02  3.482E+02
   0.05583   6    0.48291  78   1.014E+05  5.192E-07  6.500E-02  2.930E+02  3.482E+02
   0.05583   6    0.48922  79   1.013E+05  3.485E-07  6.499E-02  2.930E+02  3.482E+02
   0.05583   6    0.49553  80   1.013E+05  1.683E-07  6.499E-02  2.930E+02  3.482E+02
   0.05583   6    0.50184  81   1.013E+05  1.038E-07  6.500E-02  2.930E+02  3.482E+02
   0.05583   6    0.50500  82   1.013E+05  0.000E+00  6.500E-02  2.930E+02  3.482E+02
   0.06824   7    0.00000   1   1.019E+05  0.000E+00  6.500E-02  2.930E+02  2.930E+02
   0.06824   7    0.00316   2   1.019E+05 -7.991E-07  6.498E-02  2.932E+02  2.930E+02
   0.06824   7    0.00947   3   1.019E+05 -8.597E-07  6.499E-02  2.936E+02  2.930E+02
   0.06824   7    0.01578   4   1.019E+05 -8.919E-07  6.499E-02  2.943E+02  2.930E+02
   0.06824   7    0.02209   5   1.019E+05 -1.047E-06  6.498E-02  2.953E+02  2.930E+02
   0.06824   7    0.02841   6   1.019E+05 -1.413E-06  6.499E-02  2.970E+02  2.930E+02
   0.06824   7    0.03472   7   1.019E+05 -9.470E-07  6.499E-02  2.997E+02  2.930E+02
   0.06824   7    0.04103   8   1.019E+05 -8.825E-07  6.498E-02  3.039E+02  2.930E+02
   0.06824   7    0.04734   9   1.019E+05 -6.171E-07  6.498E-02  3.103E+02  2.930E+02
   0.06824   7    0.05366  10   1.018E+05 -5.463E-07  6.498E-02  3.196E+02  2.930E+02
   0.06824   7    0.05997  11   1.018E+05 -4.756E-07  6.497E-02  3.327E+02  2.930E+02
   0.06824   7    0.06628  12   1.018E+05 -3.941E-07  6.497E-02  3.506E+02  2.930E+02
   0.06824   7    0.07259  13   1.018E+05 -3.371E-07  6.498E-02  3.744E+02  2.930E+02
   0.06824   7    0.07891  14   1.018E+05 -8.300E-08  6.497E-02  4.050E+02  2.931E+02
   0.06824   7    0.08522  15   1.018E+05 -2.354E-07  6.490E-02  4.431E+02  2.956E+02
   0.06824   7    0.09153  16   1.018E+05 -1.964E-07  6.504E-02  4.892E+02  3.482E+02
   0.06824   7    0.09784  17   1.018E+05 -1.768E-07  6.498E-02  4.431E+02  3.482E+02
   0.06824   7    0.10416  18   1.018E+05 -1.456E-07  6.497E-02  4.050E+02  3.482E+02
   0.06824   7    0.11047  19   1.018E+05 -1.195E-07  6.496E-02  3.744E+02  3.482E+02
   0.06824   7    0.11678  20   1.018E+05 -8.476E-08  6.497E-02  3.506E+02  3.482E+02
   0.06824   7    0.12309  21   1.018E+05 -6.381E-08  6.497E-02  3.327E+02  3.482E+02
   0.06824   7    0.12941  22   1.018E+05 -3.318E-08  6.497E-02  3.196E+02  3.482E+02
   0.06824   7    0.13572  23   1.018E+05 -6.699E-09  6.497E-02  3.103E+02  3.482E+02
   0.06824   7    0.14203  24   1.017E+05  1.534E-08  6.497E-02  3.039E+02  3.482E+02
   0.06824   7    0.14834  25   1.017E+05  4.381E-08  6.497E-02  2.997E+02  3.482E+02
   0.06824   7    0.15466  26   1.017E+05  3.193E-08  6.497E-02  2.970E+02  3.482E+02
   0.06824   7    0.16097  27   1.017E+05  6.200E-08  6.497E-02  2.953E+02  3.482E+02
   0.06824   7    0.16728  28   1.017E+05  6.478E-08  6.497E-02  2.943E+02  3.482E+02
   0.06824   7    0.17359  29   1.017E+05 -1.003E-07  6.497E-02  2.937E+02  3.482E+02
   0.06824   7    0.17991  30   1.017E+05  1.420E-07  6.498E-02  2.934E+02  3.482E+02
   0.06824   7    0.18622  31   1.017E+05  3.577E-08  6.497E-02  2.932E+02  3.482E+02
   0.06824   7    0.19253  32   1.017E+05  3.786E-07  6.497E-02  2.931E+02  3.482E+02
   0.06824   7    0.19884  33   1.017E+05  7.128E-07  6.498E-02  2.930E+02  3.482E+02
   0.06824   7    0.20516  34   1.017E+05  1.307E-06  6.498E-02  2.930E+02  3.482E+02
   0.06824   7    0.21147  35   1.017E+05  1.643E-06  6.498E-02  2.930E+02  3.482E+02
   0.06824   7    0.21778  36   1.017E+05  1.498E-06  6.498E-02  2.930E+02  3.482E+02
   0.06824   7    0.22409  37   1.017E+05  1.241E-06  6.498E-02  2.930E+02  3.482E+02
   0.06824   7    0.23041  38   1.016E+05  1.220E-06  6.498E-02  2.930E+02  3.482E+02
   0.06824   7    0.23672  39   1.016E+05  9.874E-07  6.498E-02  2.930E+02  3.482E+02
   0.06824   7    0.24303  40   1.016E+05  4.172E-07  6.498E-02  2.930E+02  3.482E+02
   0.06824   7    0.24934  41   1.016E+05  2.316E-06  6.498E-02  2.930E+02  3.482E+02
   0.06824   7    0.25566  42   1.016E+05  5.527E-06  6.498E-02  2.930E+02  3.482E+02
   0.06824   7    0.26197  43   1.016E+05  2.321E-06  6.499E-02  2.930E+02  3.482E+02
   0.06824   7    0.26828  44   1.016E+05  7.794E-07  6.498E-02  2.930E+02  3.482E+02
   0.06824   7    0.27459  45   1.016E+05  1.103E-06  6.499E-02  2.930E+02  3.482E+02
   0.06824   7    0.28091  46   1.016E+05  2.800E-06  6.499E-02  2.930E+02  3.482E+02
   0.06824   7    0.28722  47   1.016E+05  5.980E-06  6.499E-02  2.930E+02  3.482E+02
   0.06824   7    0.29353  48   1.016E+05  2.172E-06  6.499E-02  2.930E+02  3.482E+02
   0.06824   7    0.29984  49   1.016E+05  2.392E-06  6.499E-02  2.930E+02  3.482E+02
   0.06824   7    0.30616  50   1.016E+05  6.183E-06  6.499E-02  2.930E+02  3.482E+02
   0.06824   7    0.31247  51   1.015E+05  2.962E-06  6.499E-02  2.930E+02  3.482E+02
   0.06824   7    0.31878  52   1.015E+05  1.027E-06  6.500E-02  2.930E+02  3.482E+02
   0.06824   7    0.32509  53   1.015E+05  3.909E-06  6.499E-02  2.930E+02  3.482E+02
   0.06824   7    0.33141  54   1.015E+05  7.270E-06  6.499E-02  2.930E+02  3.482E+02
   0.06824   7    0.33772  55   1.015E+05  3.222E-06  6.500E-02  2.930E+02  3.482E+02
   0.06824   7    0.34403  56   1.015E+05  3.002E-06  6.500E-02  2.930E+02  3.482E+02
   0.06824   7    0.35034  57   1.015E+05  7.214E-06  6.499E-02  2.930E+02  3.482E+02
   0.06824   7    0.35666  58   1.015E+05  4.144E-06  6.499E-02  2.930E+02  3.482E+02
   0.06824   7    0.36297  59   1.015E+05  1.782E-06  6.500E-02  2.930E+02  3.482E+02
   0.06824   7    0.36928  60   1.015E+05  3.515E-06  6.500E-02  2.930E+02  3.482E+02
   0.06824   7    0.37559  61   1.015E+05  7.300E-06  6.499E-02  2.930E+02  3.482E+02
   0.06824   7    0.38191  62   1.015E+05  3.946E-06  6.499E-02  2.930E+02  3.482E+02
   0.06824   7    0.38822  63   1.015E+05  1.617E-06  6.500E-02  2.930E+02  3.482E+02
   0.06824   7    0.39453  64   1.015E+05  3.765E-06  6.500E-02  2.930E+02  3.482E+02
   0.06824   7    0.40084  65   1.014E+05  7.539E-06  6.499E-02  2.930E+02  3.482E+02
   0.06824   7    0.40716  66   1.014E+05  4.098E-06  6.499E-02  2.930E+02  3.482E+02
   0.06824   7    0.41347  67   1.014E+05  1.276E-06  6.500E-02  2.930E+02  3.482E+02
   0.06824   7    0.41978  68   1.014E+05  3.340E-06  6.499E-02  2.930E+02  3.482E+02
   0.06824   7    0.42609  69   1.014E+05  6.674E-06  6.499E-02  2.930E+02  3.482E+02
   0.06824   7    0.43241  70   1.014E+05  3.095E-06  6.500E-02  2.930E+02  3.482E+02
   0.06824   7    0.43872  71   1.014E+05  5.074E-07  6.500E-02  2.930E+02  3.482E+02
   0.06824   7    0.44503  72   1.014E+05  2.934E-06  6.499E-02  2.930E+02  3.482E+02
   0.06824   7    0.45134  73   1.014E+05  6.352E-06  6.499E-02  2.930E+02  3.482E+02
   0.06824   7    0.45766  74   1.014E+05  2.964E-06  6.500E-02  2.930E+02  3.482E+02
   0.06824   7    0.46397  75   1.014E+05  6.083E-07  6.500E-02  2.930E+02  3.482E+02
   0.06824   7    0.47028  76   1.014E+05  6.865E-07  6.499E-02  2.930E+02  3.482E+02
   0.06824   7    0.47659  77   1.014E+05  7.006E-07  6.499E-02  2.930E+02  3.482E+02
   0.06824   7    0.48291  78   1.014E+05  5.219E-07  6.500E-02  2.930E+02  3.482E+02
   0.06824   7    0.48922  79   1.013E+05  4.186E-07  6.499E-02  2.930E+02  3.482E+02
   0.06824   7    0.49553  80   1.013E+05  2.545E-07  6.499E-02  2.930E+02  3.482E+02
   0.06824   7    0.50184  81   1.013E+05  1.475E-07  6.500E-02  2.930E+02  3.482E+02
   0.06824   7    0.50500  82   1.013E+05  0.000E+00  6.500E-02  2.930E+02  3.482E+02
   0.08065   8    0.00000   1   1.019E+05  0.000E+00  6.500E-02  2.930E+02  2.930E+02
   0.08065   8    0.00316   2   1.019E+05 -8.930E-07  6.498E-02  2.932E+02  2.930E+02
   0.08065   8    0.00947   3   1.019E+05 -8.537E-07  6.499E-02  2.936E+02  2.930E+02
   0.08065   8    0.01578   4   1.019E+05 -8.466E-07  6.499E-02  2.943E+02  2.930E+02
   0.08065   8    0.02209   5   1.019E+05 -3.111E-07  6.498E-02  2.953E+02  2.930E+02
   0.08065   8    0.02841   6   1.019E+05 -2.554E-06  6.499E-02  2.970E+02  2.930E+02
   0.08065   8    0.03472   7   1.019E+05 -5.361E-06  6.499E-02  2.997E+02  2.930E+02
   0.08065   8    0.04103   8   1.019E+05 -2.051E-06  6.498E-02  3.039E+02  2.930E+02
   0.08065   8    0.04734   9   1.019E+05 -8.992E-08  6.498E-02  3.103E+02  2.930E+02
   0.08065   8    0.05366  10   1.018E+05 -5.239E-07  6.498E-02  3.196E+02  2.930E+02
   0.08065   8    0.05997  11   1.018E+05 -5.101E-07  6.497E-02  3.327E+02  2.930E+02
   0.08065   8    0.06628  12   1.018E+05 -4.768E-07  6.497E-02  3.506E+02  2.930E+02
   0.08065   8    0.07259  13   1.018E+05 -6.022E-07  6.498E-02  3.744E+02  2.930E+02
   0.08065   8    0.07891  14   1.018E+05 -5.413E-07  6.497E-02  4.050E+02  2.931E+02
   0.08065   8    0.08522  15   1.018E+05 -5.282E-07  6.490E-02  4.431E+02  2.956E+02
   0.08065   8    0.09153  16   1.018E+05 -3.600E-07  6.504E-02  4.892E+02  3.482E+02
   0.08065   8    0.09784  17   1.018E+05 -5.164E-07  6.498E-02  4.431E+02  3.482E+02
   0.08065   8    0.10416  18   1.018E+05 -7.030E-07  6.497E-02  4.050E+02  3.482E+02
   0.08065   8    0.11047  19   1.018E+05 -4.891E-07  6.497E-02  3.744E+02  3.482E+02
   0.08065   8    0.11678  20   1.018E+05 -2.807E-07  6.497E-02  3.506E+02  3.482E+02
   0.08065   8    0.12309  21   1.018E+05 -1.846E-07  6.497E-02  3.327E+02  3.482E+02
   0.08065   8    0.12941  22   1.018E+05 -8.617E-08  6.497E-02  3.196E+02  3.482E+02
   0.08065   8    0.13572  23   1.018E+05 -2.285E-08  6.497E-02  3.103E+02  3.482E+02
   0.08065   8    0.14203  24   1.017E+05  1.464E-08  6.497E-02  3.039E+02  3.482E+02
   0.08065   8    0.14834  25   1.017E+05  8.644E-08  6.497E-02  2.997E+02  3.482E+02
   0.08065   8    0.15466  26   1.017E+05 -7.074E-08  6.497E-02  2.970E+02  3.482E+02
   0.08065   8    0.16097  27   1.017E+05  1.294E-07  6.497E-02  2.953E+02  3.482E+02
   0.08065   8    0.16728  28   1.017E+05  1.049E-07  6.497E-02  2.943E+02  3.482E+02
   0.08065   8    0.17359  29   1.017E+05  1.130E-07  6.497E-02  2.937E+02  3.482E+02
   0.08065   8    0.17991  30   1.017E+05  1.652E-07  6.497E-02  2.934E+02  3.482E+02
   0.08065   8    0.18622  31   1.017E+05  2.993E-08  6.497E-02  2.932E+02  3.482E+02
   0.08065   8    0.19253  32   1.017E+05  3.207E-07  6.498E-02  2.931E+02  3.482E+02
   0.08065   8    0.19884  33   1.017E+05  4.637E-07  6.498E-02  2.930E+02  3.482E+02
   0.08065   8    0.20516  34   1.017E+05  6.433E-07  6.498E-02  2.930E+02  3.482E+02
   0.08065   8    0.21147  35   1.017E+05  7.751E-07  6.498E-02  2.930E+02  3.482E+02
   0.08065   8    0.21778  36   1.017E+05  8.504E-07  6.498E-02  2.930E+02  3.482E+02
   0.08065   8    0.22409  37   1.017E+05  8.828E-07  6.498E-02  2.930E+02  3.482E+02
   0.08065   8    0.23041  38   1.016E+05  8.667E-07  6.498E-02  2.930E+02  3.482E+02
   0.08065   8    0.23672  39   1.016E+05  8.192E-07  6.498E-02  2.930E+02  3.482E+02
   0.08065   8    0.24303  40   1.016E+05  3.386E-07  6.498E-02  2.930E+02  3.482E+02
   0.08065   8    0.24934  41   1.016E+05  2.168E-06  6.499E-02  2.930E+02  3.482E+02
   0.08065   8    0.25566  42   1.016E+05  5.404E-06  6.498E-02  2.930E+02  3.482E+02
   0.08065   8    0.26197  43   1.016E+05  2.259E-06  6.498E-02  2.930E+02  3.482E+02
   0.08065   8    0.26828  44   1.016E+05  7.565E-07  6.498E-02  2.930E+02  3.482E+02
   0.08065   8    0.27459  45   1.016E+05  1.607E-06  6.499E-02  2.930E+02  3.482E+02
   0.08065   8    0.28091  46   1.016E+05  1.707E-06  6.499E-02  2.930E+02  3.482E+02
   0.08065   8    0.28722  47   1.016E+05  1.887E-06  6.499E-02  2.930E+02  3.482E+02
   0.08065   8    0.29353  48   1.016E+05  2.191E-06  6.499E-02  2.930E+02  3.482E+02
   0.08065   8    0.29984  49   1.016E+05  2.093E-06  6.500E-02  2.930E+02  3.482E+02
   0.08065   8    0.30616  50   1.016E+05  2.248E-06  6.499E-02  2.930E+02  3.482E+02
   0.08065   8    0.31247  51   1.015E+05  2.158E-06  6.499E-02  2.930E+02  3.482E+02
   0.08065   8    0.31878  52   1.015E+05  1.859E-06  6.500E-02  2.930E+02  3.482E+02
   0.08065   8    0.32509  53   1.015E+05  3.583E-06  6.500E-02  2.930E+02  3.482E+02
   0.08065   8    0.33141  54   1.015E+05  6.953E-06  6.499E-02  2.930E+02  3.482E+02
   0.08065   8    0.33772  55   1.015E+05  3.521E-06  6.499E-02  2.930E+02  3.482E+02
   0.08065   8    0.34403  56   1.015E+05  1.728E-06  6.500E-02  2.930E+02  3.482E+02
   0.08065   8    0.35034  57   1.015E+05  4.355E-06  6.499E-02  2.930E+02  3.482E+02
   0.08065   8    0.35666  58   1.015E+05  8.109E-06  6.499E-02  2.930E+02  3.482E+02
   0.08065   8    0.36297  59   1.015E+05  4.131E-06  6.500E-02  2.930E+02  3.482E+02
   0.08065   8    0.36928  60   1.015E+05  1.719E-06  6.500E-02  2.930E+02  3.482E+02
   0.08065   8    0.37559  61   1.015E+05  4.023E-06  6.499E-02  2.930E+02  3.482E+02
   0.08065   8    0.38191  62   1.015E+05  7.469E-06  6.499E-02  2.930E+02  3.482E+02
   0.08065   8    0.38822  63   1.015E+05  3.934E-06  6.500E-02  2.930E+02  3.482E+02
   0.08065   8    0.39453  64   1.015E+05  1.520E-06  6.500E-02  2.930E+02  3.482E+02
   0.08065   8    0.40084  65   1.014E+05  3.849E-06  6.499E-02  2.930E+02  3.482E+02
   0.08065   8    0.40716  66   1.014E+05  7.449E-06  6.499E-02  2.930E+02  3.482E+02
   0.08065   8    0.41347  67   1.014E+05  3.411E-06  6.500E-02  2.930E+02  3.482E+02
   0.08065   8    0.41978  68   1.014E+05  3.140E-06  6.500E-02  2.930E+02  3.482E+02
   0.08065   8    0.42609  69   1.014E+05  6.915E-06  6.499E-02  2.930E+02  3.482E+02
   0.08065   8    0.43241  70   1.014E+05  3.683E-06  6.499E-02  2.930E+02  3.482E+02
   0.08065   8    0.43872  71   1.014E+05  9.165E-07  6.500E-02  2.930E+02  3.482E+02
   0.08065   8    0.44503  72   1.014E+05  3.469E-06  6.500E-02  2.930E+02  3.482E+02
   0.08065   8    0.45134  73   1.014E+05  6.612E-06  6.499E-02  2.930E+02  3.482E+02
   0.08065   8    0.45766  74   1.014E+05  2.981E-06  6.499E-02  2.930E+02  3.482E+02
   0.08065   8    0.46397  75   1.014E+05  6.581E-07  6.500E-02  2.930E+02  3.482E+02
   0.08065   8    0.47028  76   1.014E+05  7.831E-07  6.499E-02  2.930E+02  3.482E+02
   0.08065   8    0.47659  77   1.014E+05  3.307E-07  6.499E-02  2.930E+02  3.482E+02
   0.08065   8    0.48291  78   1.014E+05 -2.644E-07  6.500E-02  2.930E+02  3.482E+02
   0.08065   8    0.48922  79   1.013E+05  1.529E-06  6.499E-02  2.930E+02  3.482E+02
   0.08065   8    0.49553  80   1.013E+05  4.550E-06  6.499E-02  2.930E+02  3.482E+02
   0.08065   8    0.50184  81   1.013E+05 -2.475E-07  6.500E-02  2.930E+02  3.482E+02
   0.08065   8    0.50500  82   1.013E+05  0.000E+00  6.500E-02  2.930E+02  3.482E+02
   0.09305   9    0.00000   1   1.019E+05  0.000E+00  6.500E-02  2.930E+02  2.930E+02
   0.09305   9    0.00316   2   1.019E+05 -1.224E-06  6.498E-02  2.932E+02  2.930E+02
   0.09305   9    0.00947   3   1.019E+05 -1.102E-06  6.499E-02  2.936E+02  2.930E+02
   0.09305   9    0.01578   4   1.019E+05 -1.017E-06  6.499E-02  2.943E+02  2.930E+02
   0.09305   9    0.02209   5   1.019E+05 -3.038E-07  6.498E-02  2.953E+02  2.930E+02
   0.09305   9    0.02841   6   1.019E+05 -2.365E-06  6.498E-02  2.970E+02  2.930E+02
   0.09305   9    0.03472   7   1.019E+05 -5.603E-06  6.499E-02  2.997E+02  2.930E+02
   0.09305   9    0.04103   8   1.019E+05 -2.296E-06  6.499E-02  3.039E+02  2.930E+02
   0.09305   9    0.04734   9   1.019E+05 -3.070E-07  6.498E-02  3.103E+02  2.930E+02
   0.09305   9    0.05366  10   1.018E+05 -6.232E-07  6.497E-02  3.196E+02  2.930E+02
   0.09305   9    0.05997  11   1.018E+05 -5.285E-07  6.497E-02  3.327E+02  2.930E+02
   0.09305   9    0.06628  12   1.018E+05  7.216E-08  6.497E-02  3.506E+02  2.930E+02
   0.09305   9    0.07259  13   1.018E+05 -1.668E-06  6.498E-02  3.744E+02  2.930E+02
   0.09305   9    0.07891  14   1.018E+05 -4.613E-06  6.497E-02  4.050E+02  2.931E+02
   0.09305   9    0.08522  15   1.018E+05 -1.560E-06  6.490E-02  4.431E+02  2.956E+02
   0.09305   9    0.09153  16   1.018E+05  2.798E-07  6.504E-02  4.892E+02  3.482E+02
   0.09305   9    0.09784  17   1.018E+05 -4.109E-07  6.498E-02  4.431E+02  3.482E+02
   0.09305   9    0.10416  18   1.018E+05 -6.656E-07  6.497E-02  4.050E+02  3.482E+02
   0.09305   9    0.11047  19   1.018E+05 -6.718E-07  6.497E-02  3.744E+02  3.482E+02
   0.09305   9    0.11678  20   1.018E+05 -6.629E-07  6.497E-02  3.506E+02  3.482E+02
   0.09305   9    0.12309  21   1.018E+05 -3.787E-07  6.497E-02  3.327E+02  3.482E+02
   0.09305   9    0.12941  22   1.018E+05 -1.133E-07  6.497E-02  3.196E+02  3.482E+02
   0.09305   9    0.13572  23   1.018E+05  4.287E-09  6.497E-02  3.103E+02  3.482E+02
   0.09305   9    0.14203  24   1.017E+05  6.973E-08  6.497E-02  3.039E+02  3.482E+02
   0.09305   9    0.14834  25   1.017E+05  3.024E-07  6.496E-02  2.997E+02  3.482E+02
   0.09305   9    0.15466  26   1.017E+05  3.491E-07  6.497E-02  2.970E+02  3.482E+02
   0.09305   9    0.16097  27   1.017E+05  3.451E-07  6.497E-02  2.953E+02  3.482E+02
   0.09305   9    0.16728  28   1.017E+05  1.547E-07  6.497E-02  2.943E+02  3.482E+02
   0.09305   9    0.17359  29   1.017E+05  1.452E-07  6.497E-02  2.937E+02  3.482E+02
   0.09305   9    0.17991  30   1.017E+05  1.631E-07  6.498E-02  2.934E+02  3.482E+02
   0.09305   9    0.18622  31   1.017E+05  1.734E-07  6.497E-02  2.932E+02  3.482E+02
   0.09305   9    0.19253  32   1.017E+05  2.459E-07  6.498E-02  2.931E+02  3.482E+02
   0.09305   9    0.19884  33   1.017E+05  3.133E-07  6.498E-02  2.930E+02  3.482E+02
   0.09305   9    0.20516  34   1.017E+05  4.002E-07  6.498E-02  2.930E+02  3.482E+02
   0.09305   9    0.21147  35   1.017E+05  4.959E-07  6.498E-02  2.930E+02  3.482E+02
   0.09305   9    0.21778  36   1.017E+05  7.583E-07  6.498E-02  2.930E+02  3.482E+02
   0.09305   9    0.22409  37   1.017E+05  1.070E-06  6.498E-02  2.930E+02  3.482E+02
   0.09305   9    0.23041  38   1.016E+05  1.153E-06  6.498E-02  2.930E+02  3.482E+02
   0.09305   9    0.23672  39   1.016E+05  1.277E-06  6.498E-02  2.930E+02  3.482E+02
   0.09305   9    0.24303  40   1.016E+05  1.037E-06  6.498E-02  2.930E+02  3.482E+02
   0.09305   9    0.24934  41   1.016E+05  9.800E-07  6.499E-02  2.930E+02  3.482E+02
   0.09305   9    0.25566  42   1.016E+05  1.007E-06  6.498E-02  2.930E+02  3.482E+02
   0.09305   9    0.26197  43   1.016E+05  1.055E-06  6.498E-02  2.930E+02  3.482E+02
   0.09305   9    0.26828  44   1.016E+05  9.963E-07  6.498E-02  2.930E+02  3.482E+02
   0.09305   9    0.27459  45   1.016E+05  1.154E-06  6.499E-02  2.930E+02  3.482E+02
   0.09305   9    0.28091  46   1.016E+05  1.284E-06  6.499E-02  2.930E+02  3.482E+02
   0.09305   9    0.28722  47   1.016E+05  1.303E-06  6.499E-02  2.930E+02  3.482E+02
   0.09305   9    0.29353  48   1.016E+05  1.765E-06  6.499E-02  2.930E+02  3.482E+02
   0.09305   9    0.29984  49   1.016E+05  1.519E-06  6.499E-02  2.930E+02  3.482E+02
   0.09305   9    0.30616  50   1.016E+05  2.325E-06  6.499E-02  2.930E+02  3.482E+02
   0.09305   9    0.31247  51   1.015E+05  2.993E-06  6.499E-02  2.930E+02  3.482E+02
   0.09305   9    0.31878  52   1.015E+05  2.539E-06  6.500E-02  2.930E+02  3.482E+02
   0.09305   9    0.32509  53   1.015E+05  2.302E-06  6.500E-02  2.930E+02  3.482E+02
   0.09305   9    0.33141  54   1.015E+05  2.782E-06  6.499E-02  2.930E+02  3.482E+02
   0.09305   9    0.33772  55   1.015E+05  2.682E-06  6.499E-02  2.930E+02  3.482E+02
   0.09305   9    0.34403  56   1.015E+05  2.069E-06  6.500E-02  2.930E+02  3.482E+02
   0.09305   9    0.35034  57   1.015E+05  3.794E-06  6.500E-02  2.930E+02  3.482E+02
   0.09305   9    0.35666  58   1.015E+05  7.654E-06  6.499E-02  2.930E+02  3.482E+02
   0.09305   9    0.36297  59   1.015E+05  4.788E-06  6.499E-02  2.930E+02  3.482E+02
   0.09305   9    0.36928  60   1.015E+05  1.817E-06  6.500E-02  2.930E+02  3.482E+02
   0.09305   9    0.37559  61   1.015E+05  4.078E-06  6.500E-02  2.930E+02  3.482E+02
   0.09305   9    0.38191  62   1.015E+05  7.953E-06  6.499E-02  2.930E+02  3.482E+02
   0.09305   9    0.38822  63   1.015E+05  4.835E-06  6.499E-02  2.930E+02  3.482E+02
   0.09305   9    0.39453  64   1.015E+05  1.443E-06  6.500E-02  2.930E+02  3.482E+02
   0.09305   9    0.40084  65   1.014E+05  3.597E-06  6.500E-02  2.930E+02  3.482E+02
   0.09305   9    0.40716  66   1.014E+05  6.949E-06  6.499E-02  2.930E+02  3.482E+02
   0.09305   9    0.41347  67   1.014E+05  3.778E-06  6.499E-02  2.930E+02  3.482E+02
   0.09305   9    0.41978  68   1.014E+05  1.283E-06  6.500E-02  2.930E+02  3.482E+02
   0.09305   9    0.42609  69   1.014E+05  4.022E-06  6.499E-02  2.930E+02  3.482E+02
   0.09305   9    0.43241  70   1.014E+05  7.638E-06  6.499E-02  2.930E+02  3.482E+02
   0.09305   9    0.43872  71   1.014E+05  4.383E-06  6.500E-02  2.930E+02  3.482E+02
   0.09305   9    0.44503  72   1.014E+05  2.294E-06  6.500E-02  2.930E+02  3.482E+02
   0.09305   9    0.45134  73   1.014E+05  2.729E-06  6.499E-02  2.930E+02  3.482E+02
   0.09305   9    0.45766  74   1.014E+05  2.624E-06  6.499E-02  2.930E+02  3.482E+02
   0.09305   9    0.46397  75   1.014E+05  2.087E-06  6.500E-02  2.930E+02  3.482E+02
   0.09305   9    0.47028  76   1.014E+05  1.660E-06  6.499E-02  2.930E+02  3.482E+02
   0.09305   9    0.47659  77   1.014E+05  1.302E-06  6.499E-02  2.930E+02  3.482E+02
   0.09305   9    0.48291  78   1.014E+05  2.870E-07  6.500E-02  2.930E+02  3.482E+02
   0.09305   9    0.48922  79   1.013E+05  1.774E-06  6.500E-02  2.930E+02  3.482E+02
   0.09305   9    0.49553  80   1.013E+05  4.504E-06  6.499E-02  2.930E+02  3.482E+02
   0.09305   9    0.50184  81   1.013E+05 -2.249E-07  6.499E-02  2.930E+02  3.482E+02
   0.09305   9    0.50500  82   1.013E+05  0.000E+00  6.499E-02  2.930E+02  3.482E+02
   0.10546  10    0.00000   1   1.019E+05  0.000E+00  6.500E-02  2.930E+02  2.930E+02
   0.10546  10    0.00316   2   1.019E+05 -1.712E-06  6.498E-02  2.932E+02  2.930E+02
   0.10546  10    0.00947   3   1.019E+05 -1.240E-06  6.500E-02  2.936E+02  2.930E+02
   0.10546  10    0.01578   4   1.019E+05 -1.128E-06  6.499E-02  2.943E+02  2.930E+02
   0.10546  10    0.02209   5   1.019E+05 -1.042E-06  6.498E-02  2.953E+02  2.930E+02
   0.10546  10    0.02841   6   1.019E+05 -1.186E-06  6.498E-02  2.970E+02  2.930E+02
   0.10546  10    0.03472   7   1.019E+05 -1.389E-06  6.499E-02  2.997E+02  2.930E+02
   0.10546  10    0.04103   8   1.019E+05 -1.241E-06  6.499E-02  3.039E+02  2.930E+02
   0.10546  10    0.04734   9   1.019E+05 -9.045E-07  6.498E-02  3.103E+02  2.930E+02
   0.10546  10    0.05366  10   1.018E+05 -4.999E-07  6.497E-02  3.196E+02  2.930E+02
   0.10546  10    0.05997  11   1.018E+05 -4.997E-07  6.497E-02  3.327E+02  2.930E+02
   0.10546  10    0.06628  12   1.018E+05  2.993E-07  6.497E-02  3.506E+02  2.930E+02
   0.10546  10    0.07259  13   1.018E+05 -1.435E-06  6.497E-02  3.744E+02  2.930E+02
   0.10546  10    0.07891  14   1.018E+05 -4.559E-06  6.497E-02  4.050E+02  2.931E+02
   0.10546  10    0.08522  15   1.018E+05 -1.490E-06  6.491E-02  4.431E+02  2.956E+02
   0.10546  10    0.09153  16   1.018E+05  3.575E-07  6.505E-02  4.892E+02  3.482E+02
   0.10546  10    0.09784  17   1.018E+05 -1.822E-07  6.498E-02  4.431E+02  3.482E+02
   0.10546  10    0.10416  18   1.018E+05 -2.559E-07  6.497E-02  4.050E+02  3.482E+02
   0.10546  10    0.11047  19   1.018E+05 -4.666E-07  6.496E-02  3.744E+02  3.482E+02
   0.10546  10    0.11678  20   1.018E+05 -6.337E-07  6.497E-02  3.506E+02  3.482E+02
   0.10546  10    0.12309  21   1.018E+05 -3.923E-07  6.497E-02  3.327E+02  3.482E+02
   0.10546  10    0.12941  22   1.018E+05 -1.695E-07  6.497E-02  3.196E+02  3.482E+02
   0.10546  10    0.13572  23   1.018E+05 -8.878E-08  6.497E-02  3.103E+02  3.482E+02
   0.10546  10    0.14203  24   1.017E+05  3.272E-08  6.497E-02  3.039E+02  3.482E+02
   0.10546  10    0.14834  25   1.017E+05  2.941E-07  6.497E-02  2.997E+02  3.482E+02
   0.10546  10    0.15466  26   1.017E+05  5.399E-07  6.497E-02  2.970E+02  3.482E+02
   0.10546  10    0.16097  27   1.017E+05  3.595E-07  6.497E-02  2.953E+02  3.482E+02
   0.10546  10    0.16728  28   1.017E+05  1.679E-07  6.497E-02  2.943E+02  3.482E+02
   0.10546  10    0.17359  29   1.017E+05  1.398E-07  6.497E-02  2.937E+02  3.482E+02
   0.10546  10    0.17991  30   1.017E+05  1.351E-07  6.498E-02  2.934E+02  3.482E+02
   0.10546  10    0.18622  31   1.017E+05  1.374E-07  6.497E-02  2.932E+02  3.482E+02
   0.10546  10    0.19253  32   1.017E+05  1.819E-07  6.498E-02  2.931E+02  3.482E+02
   0.10546  10    0.19884  33   1.017E+05  2.314E-07  6.498E-02  2.930E+02  3.482E+02
   0.10546  10    0.20516  34   1.017E+05  3.068E-07  6.498E-02  2.930E+02  3.482E+02
   0.10546  10    0.21147  35   1.017E+05  3.891E-07  6.498E-02  2.930E+02  3.482E+02
   0.10546  10    0.21778  36   1.017E+05  6.415E-07  6.498E-02  2.930E+02  3.482E+02
   0.10546  10    0.22409  37   1.017E+05  9.287E-07  6.498E-02  2.930E+02  3.482E+02
   0.10546  10    0.23041  38   1.016E+05  1.009E-06  6.498E-02  2.930E+02  3.482E+02
   0.10546  10    0.23672  39   1.016E+05  1.078E-06  6.498E-02  2.930E+02  3.482E+02
   0.10546  10    0.24303  40   1.016E+05  7.933E-07  6.498E-02  2.930E+02  3.482E+02
   0.10546  10    0.24934  41   1.016E+05  3.737E-07  6.499E-02  2.930E+02  3.482E+02
   0.10546  10    0.25566  42   1.016E+05  3.696E-07  6.498E-02  2.930E+02  3.482E+02
   0.10546  10    0.26197  43   1.016E+05  5.948E-07  6.498E-02  2.930E+02  3.482E+02
   0.10546  10    0.26828  44   1.016E+05  6.514E-07  6.498E-02  2.930E+02  3.482E+02
   0.10546  10    0.27459  45   1.016E+05  8.235E-07  6.499E-02  2.930E+02  3.482E+02
   0.10546  10    0.28091  46   1.016E+05  7.977E-07  6.499E-02  2.930E+02  3.482E+02
   0.10546  10    0.28722  47   1.016E+05  1.075E-06  6.499E-02  2.930E+02  3.482E+02
   0.10546  10    0.29353  48   1.016E+05  1.339E-06  6.499E-02  2.930E+02  3.482E+02
   0.10546  10    0.29984  49   1.016E+05  1.354E-06  6.500E-02  2.930E+02  3.482E+02
   0.10546  10    0.30616  50   1.016E+05  3.494E-06  6.499E-02  2.930E+02  3.482E+02
   0.10546  10    0.31247  51   1.015E+05  7.088E-06  6.499E-02  2.930E+02  3.482E+02
   0.10546  10    0.31878  52   1.015E+05  3.065E-06  6.500E-02  2.930E+02  3.482E+02
   0.10546  10    0.32509  53   1.015E+05  1.200E-06  6.500E-02  2.930E+02  3.482E+02
   0.10546  10    0.33141  54   1.015E+05  1.982E-06  6.499E-02  2.930E+02  3.482E+02
   0.10546  10    0.33772  55   1.015E+05  2.287E-06  6.499E-02  2.930E+02  3.482E+02
   0.10546  10    0.34403  56   1.015E+05  2.143E-06  6.500E-02  2.930E+02  3.482E+02
   0.10546  10    0.35034  57   1.015E+05  1.850E-06  6.500E-02  2.930E+02  3.482E+02
   0.10546  10    0.35666  58   1.015E+05  4.147E-06  6.499E-02  2.930E+02  3.482E+02
   0.10546  10    0.36297  59   1.015E+05  8.490E-06  6.499E-02  2.930E+02  3.482E+02
   0.10546  10    0.36928  60   1.015E+05  4.836E-06  6.500E-02  2.930E+02  3.482E+02
   0.10546  10    0.37559  61   1.015E+05  2.190E-06  6.500E-02  2.930E+02  3.482E+02
   0.10546  10    0.38191  62   1.015E+05  4.878E-06  6.499E-02  2.930E+02  3.482E+02
   0.10546  10    0.38822  63   1.015E+05  8.818E-06  6.499E-02  2.930E+02  3.482E+02
   0.10546  10    0.39453  64   1.015E+05  5.011E-06  6.500E-02  2.930E+02  3.482E+02
   0.10546  10    0.40084  65   1.014E+05  2.206E-06  6.500E-02  2.930E+02  3.482E+02
   0.10546  10    0.40716  66   1.014E+05  2.021E-06  6.499E-02  2.930E+02  3.482E+02
   0.10546  10    0.41347  67   1.014E+05  1.979E-06  6.499E-02  2.930E+02  3.482E+02
   0.10546  10    0.41978  68   1.014E+05  1.308E-06  6.500E-02  2.930E+02  3.482E+02
   0.10546  10    0.42609  69   1.014E+05  3.045E-06  6.500E-02  2.930E+02  3.482E+02
   0.10546  10    0.43241  70   1.014E+05  8.939E-06  6.499E-02  2.930E+02  3.482E+02
   0.10546  10    0.43872  71   1.014E+05  9.964E-06  6.499E-02  2.930E+02  3.482E+02
   0.10546  10    0.44503  72   1.014E+05  3.250E-06  6.500E-02  2.930E+02  3.482E+02
   0.10546  10    0.45134  73   1.014E+05  3.663E-06  6.499E-02  2.930E+02  3.482E+02
   0.10546  10    0.45766  74   1.014E+05  8.429E-06  6.499E-02  2.930E+02  3.482E+02
   0.10546  10    0.46397  75   1.014E+05  3.630E-06  6.499E-02  2.930E+02  3.482E+02
   0.10546  10    0.47028  76   1.014E+05  3.152E-06  6.499E-02  2.930E+02  3.482E+02
   0.10546  10    0.47659  77   1.014E+05  7.373E-06  6.499E-02  2.930E+02  3.482E+02
   0.10546  10    0.48291  78   1.014E+05  2.799E-06  6.500E-02  2.930E+02  3.482E+02
   0.10546  10    0.48922  79   1.013E+05  3.451E-07  6.500E-02  2.930E+02  3.482E+02
   0.10546  10    0.49553  80   1.013E+05  1.991E-07  6.499E-02  2.930E+02  3.482E+02
   0.10546  10    0.50184  81   1.013E+05  7.660E-08  6.499E-02  2.930E+02  3.482E+02
   0.10546  10    0.50500  82   1.013E+05  0.000E+00  6.499E-02  2.930E+02  3.482E+02
   0.11787  11    0.00000   1   1.019E+05  0.000E+00  6.500E-02  2.930E+02  2.930E+02
   0.11787  11    0.00316   2   1.019E+05 -9.332E-07  6.498E-02  2.932E+02  2.930E+02
   0.11787  11    0.00947   3   1.019E+05 -5.311E-07  6.500E-02  2.936E+02  2.930E+02
   0.11787  11    0.01578   4   1.019E+05 -4.669E-07  6.499E-02  2.943E+02  2.930E+02
   0.11787  11    0.02209   5   1.019E+05 -4.007E-07  6.498E-02  2.953E+02  2.930E+02
   0.11787  11    0.02841   6   1.019E+05 -3.805E-07  6.498E-02  2.970E+02  2.930E+02
   0.11787  11    0.03472   7   1.019E+05 -3.724E-07  6.499E-02  2.997E+02  2.930E+02
   0.11787  11    0.04103   8   1.019E+05 -4.208E-07  6.499E-02  3.039E+02  2.930E+02
   0.11787  11    0.04734   9   1.019E+05 -3.328E-07  6.498E-02  3.103E+02  2.930E+02
   0.11787  11    0.05366  10   1.018E+05 -9.723E-08  6.498E-02  3.196E+02  2.930E+02
   0.11787  11    0.05997  11   1.018E+05 -2.248E-07  6.497E-02  3.327E+02  2.930E+02
   0.11787  11    0.06628  12   1.018E+05 -4.730E-08  6.497E-02  3.506E+02  2.930E+02
   0.11787  11    0.07259  13   1.018E+05 -1.987E-07  6.497E-02  3.744E+02  2.930E+02
   0.11787  11    0.07891  14   1.018E+05 -5.359E-07  6.497E-02  4.050E+02  2.931E+02
   0.11787  11    0.08522  15   1.018E+05 -3.310E-07  6.491E-02  4.431E+02  2.956E+02
   0.11787  11    0.09153  16   1.018E+05 -1.584E-07  6.505E-02  4.892E+02  3.482E+02
   0.11787  11    0.09784  17   1.018E+05 -1.316E-07  6.498E-02  4.431E+02  3.482E+02
   0.11787  11    0.10416  18   1.018E+05 -1.173E-07  6.497E-02  4.050E+02  3.482E+02
   0.11787  11    0.11047  19   1.018E+05 -1.499E-07  6.496E-02  3.744E+02  3.482E+02
   0.11787  11    0.11678  20   1.018E+05 -1.686E-07  6.497E-02  3.506E+02  3.482E+02
   0.11787  11    0.12309  21   1.018E+05 -1.413E-07  6.497E-02  3.327E+02  3.482E+02
   0.11787  11    0.12941  22   1.018E+05 -1.140E-07  6.497E-02  3.196E+02  3.482E+02
   0.11787  11    0.13572  23   1.018E+05 -1.084E-07  6.497E-02  3.103E+02  3.482E+02
   0.11787  11    0.14203  24   1.017E+05 -3.042E-08  6.497E-02  3.039E+02  3.482E+02
   0.11787  11    0.14834  25   1.017E+05  4.905E-08  6.497E-02  2.997E+02  3.482E+02
   0.11787  11    0.15466  26   1.017E+05  1.012E-07  6.497E-02  2.970E+02  3.482E+02
   0.11787  11    0.16097  27   1.017E+05  9.715E-08  6.497E-02  2.953E+02  3.482E+02
   0.11787  11    0.16728  28   1.017E+05  7.502E-08  6.497E-02  2.943E+02  3.482E+02
   0.11787  11    0.17359  29   1.017E+05  6.894E-08  6.497E-02  2.937E+02  3.482E+02
   0.11787  11    0.17991  30   1.017E+05  7.054E-08  6.498E-02  2.934E+02  3.482E+02
   0.11787  11    0.18622  31   1.017E+05  7.703E-08  6.497E-02  2.932E+02  3.482E+02
   0.11787  11    0.19253  32   1.017E+05  8.889E-08  6.498E-02  2.931E+02  3.482E+02
   0.11787  11    0.19884  33   1.017E+05  1.058E-07  6.498E-02  2.930E+02  3.482E+02
   0.11787  11    0.20516  34   1.017E+05  1.319E-07  6.498E-02  2.930E+02  3.482E+02
   0.11787  11    0.21147  35   1.017E+05  1.668E-07  6.498E-02  2.930E+02  3.482E+02
   0.11787  11    0.21778  36   1.017E+05  2.281E-07  6.498E-02  2.930E+02  3.482E+02
   0.11787  11    0.22409  37   1.017E+05  2.835E-07  6.498E-02  2.930E+02  3.482E+02
   0.11787  11    0.23041  38   1.016E+05  3.184E-07  6.498E-02  2.930E+02  3.482E+02
   0.11787  11    0.23672  39   1.016E+05  3.109E-07  6.498E-02  2.930E+02  3.482E+02
   0.11787  11    0.24303  40   1.016E+05  2.735E-07  6.498E-02  2.930E+02  3.482E+02
   0.11787  11    0.24934  41   1.016E+05  5.480E-08  6.499E-02  2.930E+02  3.482E+02
   0.11787  11    0.25566  42   1.016E+05  2.254E-07  6.499E-02  2.930E+02  3.482E+02
   0.11787  11    0.26197  43   1.016E+05  2.510E-07  6.498E-02  2.930E+02  3.482E+02
   0.11787  11    0.26828  44   1.016E+05  2.739E-07  6.498E-02  2.930E+02  3.482E+02
   0.11787  11    0.27459  45   1.016E+05  3.431E-07  6.499E-02  2.930E+02  3.482E+02
   0.11787  11    0.28091  46   1.016E+05  2.105E-07  6.499E-02  2.930E+02  3.482E+02
   0.11787  11    0.28722  47   1.016E+05  4.614E-07  6.499E-02  2.930E+02  3.482E+02
   0.11787  11    0.29353  48   1.016E+05  6.647E-07  6.499E-02  2.930E+02  3.482E+02
   0.11787  11    0.29984  49   1.016E+05  8.195E-07  6.500E-02  2.930E+02  3.482E+02
   0.11787  11    0.30616  50   1.016E+05  2.112E-06  6.500E-02  2.930E+02  3.482E+02
   0.11787  11    0.31247  51   1.015E+05  2.275E-05  6.499E-02  2.930E+02  3.482E+02
   0.11787  11    0.31878  52   1.015E+05  1.861E-06  6.499E-02  2.930E+02  3.482E+02
   0.11787  11    0.32509  53   1.015E+05  2.197E-07  6.500E-02  2.930E+02  3.482E+02
   0.11787  11    0.33141  54   1.015E+05  7.387E-07  6.499E-02  2.930E+02  3.482E+02
   0.11787  11    0.33772  55   1.015E+05  7.732E-07  6.499E-02  2.930E+02  3.482E+02
   0.11787  11    0.34403  56   1.015E+05  7.718E-07  6.500E-02  2.930E+02  3.482E+02
   0.11787  11    0.35034  57   1.015E+05  3.507E-07  6.500E-02  2.930E+02  3.482E+02
   0.11787  11    0.35666  58   1.015E+05  2.189E-06  6.500E-02  2.930E+02  3.482E+02
   0.11787  11    0.36297  59   1.015E+05  2.343E-05  6.499E-02  2.930E+02  3.482E+02
   0.11787  11    0.36928  60   1.015E+05  3.148E-06  6.499E-02  2.930E+02  3.482E+02
   0.11787  11    0.37559  61   1.015E+05  3.201E-07  6.500E-02  2.930E+02  3.482E+02
   0.11787  11    0.38191  62   1.015E+05  2.554E-06  6.500E-02  2.930E+02  3.482E+02
   0.11787  11    0.38822  63   1.015E+05  2.373E-05  6.499E-02  2.930E+02  3.482E+02
   0.11787  11    0.39453  64   1.015E+05  3.586E-06  6.499E-02  2.930E+02  3.482E+02
   0.11787  11    0.40084  65   1.014E+05  7.245E-07  6.499E-02  2.930E+02  3.482E+02
   0.11787  11    0.40716  66   1.014E+05  6.956E-07  6.499E-02  2.930E+02  3.482E+02
   0.11787  11    0.41347  67   1.014E+05  7.942E-07  6.499E-02  2.930E+02  3.482E+02
   0.11787  11    0.41978  68   1.014E+05  8.807E-07  6.500E-02  2.930E+02  3.482E+02
   0.11787  11    0.42609  69   1.014E+05  7.745E-07  6.500E-02  2.930E+02  3.482E+02
   0.11787  11    0.43241  70   1.014E+05  3.176E-06  6.500E-02  2.930E+02  3.482E+02
   0.11787  11    0.43872  71   1.014E+05  2.439E-05  6.499E-02  2.930E+02  3.482E+02
   0.11787  11    0.44503  72   1.014E+05  2.488E-06  6.499E-02  2.930E+02  3.482E+02
   0.11787  11    0.45134  73   1.014E+05  2.474E-06  6.500E-02  2.930E+02  3.482E+02
   0.11787  11    0.45766  74   1.014E+05  2.424E-05  6.499E-02  2.930E+02  3.482E+02
   0.11787  11    0.46397  75   1.014E+05  2.385E-06  6.499E-02  2.930E+02  3.482E+02
   0.11787  11    0.47028  76   1.014E+05  1.969E-06  6.499E-02  2.930E+02  3.482E+02
   0.11787  11    0.47659  77   1.014E+05  2.359E-05  6.499E-02  2.930E+02  3.482E+02
   0.11787  11    0.48291  78   1.014E+05  2.094E-06  6.499E-02  2.930E+02  3.482E+02
   0.11787  11    0.48922  79   1.013E+05 -2.355E-07  6.499E-02  2.930E+02  3.482E+02
   0.11787  11    0.49553  80   1.013E+05 -1.718E-07  6.499E-02  2.930E+02  3.482E+02
   0.11787  11    0.50184  81   1.013E+05 -6.605E-08  6.499E-02  2.930E+02  3.482E+02
   0.11787  11    0.50500  82   1.013E+05  0.000E+00  6.499E-02  2.930E+02  3.482E+02
   0.12407  12    0.00000   1   1.019E+05  0.000E+00  6.500E-02  2.930E+02  2.930E+02
   0.12407  12    0.00316   2   1.019E+05 -9.332E-07  6.498E-02  2.932E+02  2.930E+02
   0.12407  12    0.00947   3   1.019E+05 -5.311E-07  6.500E-02  2.936E+02  2.930E+02
   0.12407  12    0.01578   4   1.019E+05 -4.669E-07  6.499E-02  2.943E+02  2.930E+02
   0.12407  12    0.02209   5   1.019E+05 -4.007E-07  6.498E-02  2.953E+02  2.930E+02
   0.12407  12    0.02841   6   1.019E+05 -3.805E-07  6.498E-02  2.970E+02  2.930E+02
   0.12407  12    0.03472   7   1.019E+05 -3.724E-07  6.499E-02  2.997E+02  2.930E+02
   0.12407  12    0.04103   8   1.019E+05 -4.208E-07  6.499E-02  3.039E+02  2.930E+02
   0.12407  12    0.04734   9   1.019E+05 -3.328E-07  6.498E-02  3.103E+02  2.930E+02
   0.12407  12    0.05366  10   1.018E+05 -9.723E-08  6.498E-02  3.196E+02  2.930E+02
   0.12407  12    0.05997  11   1.018E+05 -2.248E-07  6.497E-02  3.327E+02  2.930E+02
   0.12407  12    0.06628  12   1.018E+05 -4.730E-08  6.497E-02  3.506E+02  2.930E+02
   0.12407  12    0.07259  13   1.018E+05 -1.987E-07  6.497E-02  3.744E+02  2.930E+02
   0.12407  12    0.07891  14   1.018E+05 -5.359E-07  6.497E-02  4.050E+02  2.931E+02
   0.12407  12    0.08522  15   1.018E+05 -3.310E-07  6.491E-02  4.431E+02  2.956E+02
   0.12407  12    0.09153  16   1.018E+05 -1.584E-07  6.505E-02  4.892E+02  3.482E+02
   0.12407  12    0.09784  17   1.018E+05 -1.316E-07  6.498E-02  4.431E+02  3.482E+02
   0.12407  12    0.10416  18   1.018E+05 -1.173E-07  6.497E-02  4.050E+02  3.482E+02
   0.12407  12    0.11047  19   1.018E+05 -1.499E-07  6.496E-02  3.744E+02  3.482E+02
   0.12407  12    0.11678  20   1.018E+05 -1.686E-07  6.497E-02  3.506E+02  3.482E+02
   0.12407  12    0.12309  21   1.018E+05 -1.413E-07  6.497E-02  3.327E+02  3.482E+02
   0.12407  12    0.12941  22   1.018E+05 -1.140E-07  6.497E-02  3.196E+02  3.482E+02
   0.12407  12    0.13572  23   1.018E+05 -1.084E-07  6.497E-02  3.103E+02  3.482E+02
   0.12407  12    0.14203  24   1.017E+05 -3.042E-08  6.497E-02  3.039E+02  3.482E+02
   0.12407  12    0.14834  25   1.017E+05  4.905E-08  6.497E-02  2.997E+02  3.482E+02
   0.12407  12    0.15466  26   1.017E+05  1.012E-07  6.497E-02  2.970E+02  3.482E+02
   0.12407  12    0.16097  27   1.017E+05  9.715E-08  6.497E-02  2.953E+02  3.482E+02
   0.12407  12    0.16728  28   1.017E+05  7.502E-08  6.497E-02  2.943E+02  3.482E+02
   0.12407  12    0.17359  29   1.017E+05  6.894E-08  6.497E-02  2.937E+02  3.482E+02
   0.12407  12    0.17991  30   1.017E+05  7.054E-08  6.498E-02  2.934E+02  3.482E+02
   0.12407  12    0.18622  31   1.017E+05  7.703E-08  6.497E-02  2.932E+02  3.482E+02
   0.12407  12    0.19253  32   1.017E+05  8.889E-08  6.498E-02  2.931E+02  3.482E+02
   0.12407  12    0.19884  33   1.017E+05  1.058E-07  6.498E-02  2.930E+02  3.482E+02
   0.12407  12    0.20516  34   1.017E+05  1.319E-07  6.498E-02  2.930E+02  3.482E+02
   0.12407  12    0.21147  35   1.017E+05  1.668E-07  6.498E-02  2.930E+02  3.482E+02
   0.12407  12    0.21778  36   1.017E+05  2.281E-07  6.498E-02  2.930E+02  3.482E+02
   0.12407  12    0.22409  37   1.017E+05  2.835E-07  6.498E-02  2.930E+02  3.482E+02
   0.12407  12    0.23041  38   1.016E+05  3.184E-07  6.498E-02  2.930E+02  3.482E+02
   0.12407  12    0.23672  39   1.016E+05  3.109E-07  6.498E-02  2.930E+02  3.482E+02
   0.12407  12    0.24303  40   1.016E+05  2.735E-07  6.498E-02  2.930E+02  3.482E+02
   0.12407  12    0.24934  41   1.016E+05  5.480E-08  6.499E-02  2.930E+02  3.482E+02
   0.12407  12    0.25566  42   1.016E+05  2.254E-07  6.499E-02  2.930E+02  3.482E+02
   0.12407  12    0.26197  43   1.016E+05  2.510E-07  6.498E-02  2.930E+02  3.482E+02
   0.12407  12    0.26828  44   1.016E+05  2.739E-07  6.498E-02  2.930E+02  3.482E+02
   0.12407  12    0.27459  45   1.016E+05  3.431E-07  6.499E-02  2.930E+02  3.482E+02
   0.12407  12    0.28091  46   1.016E+05  2.105E-07  6.499E-02  2.930E+02  3.482E+02
   0.12407  12    0.28722  47   1.016E+05  4.614E-07  6.499E-02  2.930E+02  3.482E+02
   0.12407  12    0.29353  48   1.016E+05  6.647E-07  6.499E-02  2.930E+02  3.482E+02
   0.12407  12    0.29984  49   1.016E+05  8.195E-07  6.500E-02  2.930E+02  3.482E+02
   0.12407  12    0.30616  50   1.016E+05  2.112E-06  6.500E-02  2.930E+02  3.482E+02
   0.12407  12    0.31247  51   1.015E+05  2.275E-05  6.499E-02  2.930E+02  3.482E+02
   0.12407  12    0.31878  52   1.015E+05  1.861E-06  6.499E-02  2.930E+02  3.482E+02
   0.12407  12    0.32509  53   1.015E+05  2.197E-07  6.500E-02  2.930E+02  3.482E+02
   0.12407  12    0.33141  54   1.015E+05  7.387E-07  6.499E-02  2.930E+02  3.482E+02
   0.12407  12    0.33772  55   1.015E+05  7.732E-07  6.499E-02  2.930E+02  3.482E+02
   0.12407  12    0.34403  56   1.015E+05  7.718E-07  6.500E-02  2.930E+02  3.482E+02
   0.12407  12    0.35034  57   1.015E+05  3.507E-07  6.500E-02  2.930E+02  3.482E+02
   0.12407  12    0.35666  58   1.015E+05  2.189E-06  6.500E-02  2.930E+02  3.482E+02
   0.12407  12    0.36297  59   1.015E+05  2.343E-05  6.499E-02  2.930E+02  3.482E+02
   0.12407  12    0.36928  60   1.015E+05  3.148E-06  6.499E-02  2.930E+02  3.482E+02
   0.12407  12    0.37559  61   1.015E+05  3.201E-07  6.500E-02  2.930E+02  3.482E+02
   0.12407  12    0.38191  62   1.015E+05  2.554E-06  6.500E-02  2.930E+02  3.482E+02
   0.12407  12    0.38822  63   1.015E+05  2.373E-05  6.499E-02  2.930E+02  3.482E+02
   0.12407  12    0.39453  64   1.015E+05  3.586E-06  6.499E-02  2.930E+02  3.482E+02
   0.12407  12    0.40084  65   1.014E+05  7.245E-07  6.499E-02  2.930E+02  3.482E+02
   0.12407  12    0.40716  66   1.014E+05  6.956E-07  6.499E-02  2.930E+02  3.482E+02
   0.12407  12    0.41347  67   1.014E+05  7.942E-07  6.499E-02  2.930E+02  3.482E+02
   0.12407  12    0.41978  68   1.014E+05  8.807E-07  6.500E-02  2.930E+02  3.482E+02
   0.12407  12    0.42609  69   1.014E+05  7.745E-07  6.500E-02  2.930E+02  3.482E+02
   0.12407  12    0.43241  70   1.014E+05  3.176E-06  6.500E-02  2.930E+02  3.482E+02
   0.12407  12    0.43872  71   1.014E+05  2.439E-05  6.499E-02  2.930E+02  3.482E+02
   0.12407  12    0.44503  72   1.014E+05  2.488E-06  6.499E-02  2.930E+02  3.482E+02
   0.12407  12    0.45134  73   1.014E+05  2.474E-06  6.500E-02  2.930E+02  3.482E+02
   0.12407  12    0.45766  74   1.014E+05  2.424E-05  6.499E-02  2.930E+02  3.482E+02
   0.12407  12    0.46397  75   1.014E+05  2.385E-06  6.499E-02  2.930E+02  3.482E+02
   0.12407  12    0.47028  76   1.014E+05  1.969E-06  6.499E-02  2.930E+02  3.482E+02
   0.12407  12    0.47659  77   1.014E+05  2.359E-05  6.499E-02  2.930E+02  3.482E+02
   0.12407  12    0.48291  78   1.014E+05  2.094E-06  6.499E-02  2.930E+02  3.482E+02
   0.12407  12    0.48922  79   1.013E+05 -2.355E-07  6.499E-02  2.930E+02  3.482E+02
   0.12407  12    0.49553  80   1.013E+05 -1.718E-07  6.499E-02  2.930E+02  3.482E+02
   0.12407  12    0.50184  81   1.013E+05 -6.605E-08  6.499E-02  2.930E+02  3.482E+02
   0.12407  12    0.50500  82   1.013E+05  0.000E+00  6.499E-02  2.930E+02  3.482E+02
