# xp i yp j p u v ts tf
   0.00000   1    0.00000   1   1.019E+05 -2.408E-05  6.498E-02  2.933E+02  2.930E+02
   0.00000   1    0.00316   2   1.019E+05 -2.408E-05  6.498E-02  2.933E+02  2.930E+02
   0.00000   1    0.00947   3   1.019E+05 -2.743E-06  6.500E-02  2.940E+02  2.930E+02
   0.00000   1    0.01578   4   1.019E+05 -2.212E-05  6.500E-02  2.950E+02  2.930E+02
   0.00000   1    0.02209   5   1.019E+05 -3.191E-06  6.500E-02  2.964E+02  2.930E+02
   0.00000   1    0.02841   6   1.019E+05 -2.253E-05  6.499E-02  2.987E+02  2.930E+02
   0.00000   1    0.03472   7   1.019E+05 -1.575E-06  6.499E-02  3.022E+02  2.930E+02
   0.00000   1    0.04103   8   1.019E+05  2.295E-07  6.499E-02  3.074E+02  2.930E+02
   0.00000   1    0.04734   9   1.019E+05 -3.765E-07  6.500E-02  3.149E+02  2.930E+02
   0.00000   1    0.05366  10   1.019E+05 -6.235E-07  6.499E-02  3.255E+02  2.930E+02
   0.00000   1    0.05997  11   1.018E+05 -3.805E-07  6.499E-02  3.400E+02  2.930E+02
   0.00000   1    0.06628  12   1.018E+05 -1.549E-07  6.499E-02  3.589E+02  2.930E+02
   0.00000   1    0.07259  13   1.018E+05 -7.931E-08  6.499E-02  3.822E+02  2.930E+02
   0.00000   1    0.07891  14   1.018E+05 -2.450E-08  6.499E-02  4.079E+02  2.930E+02
   0.00000   1    0.08522  15   1.018E+05  1.131E-08  6.498E-02  4.303E+02  2.930E+02
   0.00000   1    0.09153  16   1.018E+05  3.100E-08  6.499E-02  4.401E+02  2.930E+02
   0.00000   1    0.09784  17   1.018E+05  6.209E-08  6.499E-02  4.303E+02  2.930E+02
   0.00000   1    0.10416  18   1.018E+05  8.163E-08  6.499E-02  4.079E+02  2.930E+02
   0.00000   1    0.11047  19   1.018E+05  1.017E-07  6.499E-02  3.822E+02  2.930E+02
   0.00000   1    0.11678  20   1.018E+05  1.182E-07  6.498E-02  3.589E+02  2.930E+02
   0.00000   1    0.12309  21   1.018E+05  1.305E-07  6.499E-02  3.400E+02  2.930E+02
   0.00000   1    0.12941  22   1.018E+05  1.402E-07  6.499E-02  3.255E+02  2.930E+02
   0.00000   1    0.13572  23   1.018E+05  1.581E-07  6.498E-02  3.149E+02  2.930E+02
   0.00000   1    0.14203  24   1.017E+05  1.765E-07  6.499E-02  3.074E+02  2.930E+02
   0.00000   1    0.14834  25   1.017E+05  2.127E-07  6.499E-02  3.022E+02  2.930E+02
   0.00000   1    0.15466  26   1.017E+05  2.503E-07  6.498E-02  2.987E+02  2.930E+02
   0.00000   1    0.16097  27   1.017E+05  4.463E-07  6.499E-02  2.965E+02  2.930E+02
   0.00000   1    0.16728  28   1.017E+05  5.440E-07  6.499E-02  2.951E+02  2.930E+02
   0.00000   1    0.17359  29   1.017E+05  1.774E-07  6.498E-02  2.942E+02  2.930E+02
   0.00000   1    0.17991  30   1.017E+05  1.969E-06  6.498E-02  2.937E+02  2.930E+02
   0.00000   1    0.18622  31   1.017E+05  2.310E-05  6.499E-02  2.934E+02  2.930E+02
   0.00000   1    0.19253  32   1.017E+05  2.735E-06  6.500E-02  2.932E+02  2.930E+02
   0.00000   1    0.19884  33   1.017E+05  7.873E-08  6.499E-02  2.931E+02  2.930E+02
   0.00000   1    0.20516  34   1.017E+05  3.150E-07  6.499E-02  2.931E+02  2.930E+02
   0.00000   1    0.21147  35   1.017E+05  2.192E-07  6.499E-02  2.930E+02  2.930E+02
   0.00000   1    0.21778  36   1.017E+05  1.968E-07  6.499E-02  2.930E+02  2.930E+02
   0.00000   1    0.22409  37   1.017E+05  1.874E-07  6.498E-02  2.930E+02  2.930E+02
   0.00000   1    0.23041  38   1.016E+05  1.968E-07  6.499E-02  2.930E+02  2.930E+02
   0.00000   1    0.23672  39   1.016E+05  2.297E-07  6.499E-02  2.930E+02  2.930E+02
   0.00000   1    0.24303  40   1.016E+05  4.108E-07  6.498E-02  2.930E+02  2.930E+02
   0.00000   1    0.24934  41   1.016E+05  6.148E-07  6.499E-02  2.930E+02  2.930E+02
   0.00000   1    0.25566  42   1.016E+05  4.233E-07  6.499E-02  2.930E+02  2.930E+02
   0.00000   1    0.26197  43   1.016E+05  2.764E-07  6.499E-02  2.930E+02  2.930E+02
   0.00000   1    0.26828  44   1.016E+05  9.906E-08  6.499E-02  2.930E+02  2.930E+02
   0.00000   1    0.27459  45   1.016E+05  3.136E-07  6.498E-02  2.930E+02  2.930E+02
   0.00000   1    0.28091  46   1.016E+05  4.417E-07  6.499E-02  2.930E+02  2.930E+02
   0.00000   1    0.28722  47   1.016E+05  2.577E-07  6.499E-02  2.930E+02  2.930E+02
   0.00000   1    0.29353  48   1.016E+05  2.974E-06  6.498E-02  2.930E+02  2.930E+02
   0.00000   1    0.29984  49   1.016E+05  2.321E-05  6.499E-02  2.930E+02  2.930E+02
   0.00000   1    0.30616  50   1.016E+05  2.269E-06  6.500E-02  2.930E+02  2.930E+02
   0.00000   1    0.31247  51   1.015E+05 -5.513E-08  6.500E-02  2.930E+02  2.930E+02
   0.00000   1    0.31878  52   1.015E+05  3.258E-07  6.500E-02  2.930E+02  2.930E+02
   0.00000   1    0.32509  53   1.015E+05  3.118E-07  6.500E-02  2.930E+02  2.930E+02
   0.00000   1    0.33141  54   1.015E+05 -1.608E-07  6.499E-02  2.930E+02  2.930E+02
   0.00000   1    0.33772  55   1.015E+05  1.739E-06  6.498E-02  2.930E+02  2.930E+02
   0.00000   1    0.34403  56   1.015E+05  2.270E-05  6.499E-02  2.930E+02  2.930E+02
   0.00000   1    0.35034  57   1.015E+05  1.794E-06  6.500E-02  2.930E+02  2.930E+02
   0.00000   1    0.35666  58   1.015E+05 -2.553E-07  6.500E-02  2.930E+02  2.930E+02
   0.00000   1    0.36297  59   1.015E+05  1.682E-07  6.499E-02  2.930E+02  2.930E+02
   0.00000   1    0.36928  60   1.015E+05  1.678E-07  6.499E-02  2.930E+02  2.930E+02
   0.00000   1    0.37559  61   1.015E+05  1.796E-07  6.499E-02  2.930E+02  2.930E+02
   0.00000   1    0.38191  62   1.015E+05  2.145E-07  6.500E-02  2.930E+02  2.930E+02
   0.00000   1    0.38822  63   1.015E+05  2.206E-07  6.499E-02  2.930E+02  2.930E+02
   0.00000   1    0.39453  64   1.015E+05  2.240E-07  6.499E-02  2.930E+02  2.930E+02
   0.00000   1    0.40084  65   1.014E+05  2.420E-07  6.500E-02  2.930E+02  2.930E+02
   0.00000   1    0.40716  66   1.014E+05  2.392E-07  6.499E-02  2.930E+02  2.930E+02
   0.00000   1    0.41347  67   1.014E+05  2.245E-07  6.498E-02  2.930E+02  2.930E+02
   0.00000   1    0.41978  68   1.014E+05  2.058E-07  6.499E-02  2.930E+02  2.930E+02
   0.00000   1    0.42609  69   1.014E+05  1.866E-07  6.499E-02  2.930E+02  2.930E+02
   0.00000   1    0.43241  70   1.014E+05  2.135E-07  6.499E-02  2.930E+02  2.930E+02
   0.00000   1    0.43872  71   1.014E+05  2.321E-08  6.499E-02  2.930E+02  2.930E+02
   0.00000   1    0.44503  72   1.014E+05  1.843E-07  6.500E-02  2.930E+02  2.930E+02
   0.00000   1    0.45134  73   1.014E+05  1.277E-07  6.500E-02  2.930E+02  2.930E+02
   0.00000   1    0.45766  74   1.014E+05  1.161E-07  6.500E-02  2.930E+02  2.930E+02
   0.00000   1    0.46397  75   1.014E+05  1.018E-07  6.500E-02  2.930E+02  2.930E+02
   0.00000   1    0.47028  76   1.014E+05  1.130E-07  6.500E-02  2.930E+02  2.930E+02
   0.00000   1    0.47659  77   1.014E+05  8.417E-08  6.500E-02  2.930E+02  2.930E+02
   0.00000   1    0.48291  78   1.014E+05  4.840E-07  6.499E-02  2.930E+02  2.930E+02
   0.00000   1    0.48922  79   1.013E+05 -1.645E-06  6.500E-02  2.930E+02  2.930E+02
   0.00000   1    0.49553  80   1.013E+05 -2.318E-05  6.499E-02  2.930E+02  2.930E+02
   0.00000   1    0.50184  81   1.013E+05 -2.809E-07  6.498E-02  2.930E+02  2.930E+02
   0.00000   1    0.50500  82   1.013E+05 -2.809E-07  6.498E-02  2.930E+02  2.930E+02
   0.00620   2    0.00000   1   1.019E+05  0.000E+00  6.500E-02  2.930E+02  2.930E+02
   0.00620   2    0.00316   2   1.019E+05 -2.408E-05  6.498E-02  2.933E+02  2.930E+02
   0.00620   2    0.00947   3   1.019E+05 -2.743E-06  6.500E-02  2.940E+02  2.930E+02
   0.00620   2    0.01578   4   1.019E+05 -2.212E-05  6.500E-02  2.950E+02  2.930E+02
   0.00620   2    0.02209   5   1.019E+05 -3.191E-06  6.500E-02  2.964E+02  2.930E+02
   0.00620   2    0.02841   6   1.019E+05 -2.253E-05  6.499E-02  2.987E+02  2.930E+02
   0.00620   2    0.03472   7   1.019E+05 -1.575E-06  6.499E-02  3.022E+02  2.930E+02
   0.00620   2    0.04103   8   1.019E+05  2.295E-07  6.499E-02  3.074E+02  2.930E+02
   0.00620   2    0.04734   9   1.019E+05 -3.765E-07  6.500E-02  3.149E+02  2.930E+02
   0.00620   2    0.05366  10   1.019E+05 -6.235E-07  6.499E-02  3.255E+02  2.930E+02
   0.00620   2    0.05997  11   1.018E+05 -3.805E-07  6.499E-02  3.400E+02  2.930E+02
   0.00620   2    0.06628  12   1.018E+05 -1.549E-07  6.499E-02  3.589E+02  2.930E+02
   0.00620   2    0.07259  13   1.018E+05 -7.931E-08  6.499E-02  3.822E+02  2.930E+02
   0.00620   2    0.07891  14   1.018E+05 -2.450E-08  6.499E-02  4.079E+02  2.930E+02
   0.00620   2    0.08522  15   1.018E+05  1.131E-08  6.498E-02  4.303E+02  2.930E+02
   0.00620   2    0.09153  16   1.018E+05  3.100E-08  6.499E-02  4.401E+02  2.930E+02
   0.00620   2    0.09784  17   1.018E+05  6.209E-08  6.499E-02  4.303E+02  2.930E+02
   0.00620   2    0.10416  18   1.018E+05  8.163E-08  6.499E-02  4.079E+02  2.930E+02
   0.00620   2    0.11047  19   1.018E+05  1.017E-07  6.499E-02  3.822E+02  2.930E+02
   0.00620   2    0.11678  20   1.018E+05  1.182E-07  6.498E-02  3.589E+02  2.930E+02
   0.00620   2    0.12309  21   1.018E+05  1.305E-07  6.499E-02  3.400E+02  2.930E+02
   0.00620   2    0.12941  22   1.018E+05  1.402E-07  6.499E-02  3.255E+02  2.930E+02
   0.00620   2    0.13572  23   1.018E+05  1.581E-07  6.498E-02  3.149E+02  2.930E+02
   0.00620   2    0.14203  24   1.017E+05  1.765E-07  6.499E-02  3.074E+02  2.930E+02
   0.00620   2    0.14834  25   1.017E+05  2.127E-07  6.499E-02  3.022E+02  2.930E+02
   0.00620   2    0.15466  26   1.017E+05  2.503E-07  6.498E-02  2.987E+02  2.930E+02
   0.00620   2    0.16097  27   1.017E+05  4.463E-07  6.499E-02  2.965E+02  2.930E+02
   0.00620   2    0.16728  28   1.017E+05  5.440E-07  6.499E-02  2.951E+02  2.930E+02
   0.00620   2    0.17359  29   1.017E+05  1.774E-07  6.498E-02  2.942E+02  2.930E+02
   0.00620   2    0.17991  30   1.017E+05  1.969E-06  6.498E-02  2.937E+02  2.930E+02
   0.00620   2    0.18622  31   1.017E+05  2.310E-05  6.499E-02  2.934E+02  2.930E+02
   0.00620   2    0.19253  32   1.017E+05  2.735E-06  6.500E-02  2.932E+02  2.930E+02
   0.00620   2    0.19884  33   1.017E+05  7.873E-08  6.499E-02  2.931E+02  2.930E+02
   0.00620   2    0.20516  34   1.017E+05  3.150E-07  6.499E-02  2.931E+02  2.930E+02
   0.00620   2    0.21147  35   1.017E+05  2.192E-07  6.499E-02  2.930E+02  2.930E+02
   0.00620   2    0.21778  36   1.017E+05  1.968E-07  6.499E-02  2.930E+02  2.930E+02
   0.00620   2    0.22409  37   1.017E+05  1.874E-07  6.498E-02  2.930E+02  2.930E+02
   0.00620   2    0.23041  38   1.016E+05  1.968E-07  6.499E-02  2.930E+02  2.930E+02
   0.00620   2    0.23672  39   1.016E+05  2.297E-07  6.499E-02  2.930E+02  2.930E+02
   0.00620   2    0.24303  40   1.016E+05  4.108E-07  6.498E-02  2.930E+02  2.930E+02
   0.00620   2    0.24934  41   1.016E+05  6.148E-07  6.499E-02  2.930E+02  2.930E+02
   0.00620   2    0.25566  42   1.016E+05  4.233E-07  6.499E-02  2.930E+02  2.930E+02
   0.00620   2    0.26197  43   1.016E+05  2.764E-07  6.499E-02  2.930E+02  2.930E+02
   0.00620   2    0.26828  44   1.016E+05  9.906E-08  6.499E-02  2.930E+02  2.930E+02
   0.00620   2    0.27459  45   1.016E+05  3.136E-07  6.498E-02  2.930E+02  2.930E+02
   0.00620   2    0.28091  46   1.016E+05  4.417E-07  6.499E-02  2.930E+02  2.930E+02
   0.00620   2    0.28722  47   1.016E+05  2.577E-07  6.499E-02  2.930E+02  2.930E+02
   0.00620   2    0.29353  48   1.016E+05  2.974E-06  6.498E-02  2.930E+02  2.930E+02
   0.00620   2    0.29984  49   1.016E+05  2.321E-05  6.499E-02  2.930E+02  2.930E+02
   0.00620   2    0.30616  50   1.016E+05  2.269E-06  6.500E-02  2.930E+02  2.930E+02
   0.00620   2    0.31247  51   1.015E+05 -5.513E-08  6.500E-02  2.930E+02  2.930E+02
   0.00620   2    0.31878  52   1.015E+05  3.258E-07  6.500E-02  2.930E+02  2.930E+02
   0.00620   2    0.32509  53   1.015E+05  3.118E-07  6.500E-02  2.930E+02  2.930E+02
   0.00620   2    0.33141  54   1.015E+05 -1.608E-07  6.499E-02  2.930E+02  2.930E+02
   0.00620   2    0.33772  55   1.015E+05  1.739E-06  6.498E-02  2.930E+02  2.930E+02
   0.00620   2    0.34403  56   1.015E+05  2.270E-05  6.499E-02  2.930E+02  2.930E+02
   0.00620   2    0.35034  57   1.015E+05  1.794E-06  6.500E-02  2.930E+02  2.930E+02
   0.00620   2    0.35666  58   1.015E+05 -2.553E-07  6.500E-02  2.930E+02  2.930E+02
   0.00620   2    0.36297  59   1.015E+05  1.682E-07  6.499E-02  2.930E+02  2.930E+02
   0.00620   2    0.36928  60   1.015E+05  1.678E-07  6.499E-02  2.930E+02  2.930E+02
   0.00620   2    0.37559  61   1.015E+05  1.796E-07  6.499E-02  2.930E+02  2.930E+02
   0.00620   2    0.38191  62   1.015E+05  2.145E-07  6.500E-02  2.930E+02  2.930E+02
   0.00620   2    0.38822  63   1.015E+05  2.206E-07  6.499E-02  2.930E+02  2.930E+02
   0.00620   2    0.39453  64   1.015E+05  2.240E-07  6.499E-02  2.930E+02  2.930E+02
   0.00620   2    0.40084  65   1.014E+05  2.420E-07  6.500E-02  2.930E+02  2.930E+02
   0.00620   2    0.40716  66   1.014E+05  2.392E-07  6.499E-02  2.930E+02  2.930E+02
   0.00620   2    0.41347  67   1.014E+05  2.245E-07  6.498E-02  2.930E+02  2.930E+02
   0.00620   2    0.41978  68   1.014E+05  2.058E-07  6.499E-02  2.930E+02  2.930E+02
   0.00620   2    0.42609  69   1.014E+05  1.866E-07  6.499E-02  2.930E+02  2.930E+02
   0.00620   2    0.43241  70   1.014E+05  2.135E-07  6.499E-02  2.930E+02  2.930E+02
   0.00620   2    0.43872  71   1.014E+05  2.321E-08  6.499E-02  2.930E+02  2.930E+02
   0.00620   2    0.44503  72   1.014E+05  1.843E-07  6.500E-02  2.930E+02  2.930E+02
   0.00620   2    0.45134  73   1.014E+05  1.277E-07  6.500E-02  2.930E+02  2.930E+02
   0.00620   2    0.45766  74   1.014E+05  1.161E-07  6.500E-02  2.930E+02  2.930E+02
   0.00620   2    0.46397  75   1.014E+05  1.018E-07  6.500E-02  2.930E+02  2.930E+02
   0.00620   2    0.47028  76   1.014E+05  1.130E-07  6.500E-02  2.930E+02  2.930E+02
   0.00620   2    0.47659  77   1.014E+05  8.417E-08  6.500E-02  2.930E+02  2.930E+02
   0.00620   2    0.48291  78   1.014E+05  4.840E-07  6.499E-02  2.930E+02  2.930E+02
   0.00620   2    0.48922  79   1.013E+05 -1.645E-06  6.500E-02  2.930E+02  2.930E+02
   0.00620   2    0.49553  80   1.013E+05 -2.318E-05  6.499E-02  2.930E+02  2.930E+02
   0.00620   2    0.50184  81   1.013E+05 -2.809E-07  6.498E-02  2.930E+02  2.930E+02
   0.00620   2    0.50500  82   1.013E+05  0.000E+00  6.498E-02  2.930E+02  2.930E+02
   0.01861   3    0.00000   1   1.019E+05  0.000E+00  6.500E-02  2.930E+02  2.930E+02
   0.01861   3    0.00316   2   1.019E+05 -7.937E-06  6.502E-02  2.933E+02  2.930E+02
   0.01861   3    0.00947   3   1.019E+05 -3.728E-06  6.500E-02  2.940E+02  2.930E+02
   0.01861   3    0.01578   4   1.019E+05 -5.761E-06  6.500E-02  2.950E+02  2.930E+02
   0.01861   3    0.02209   5   1.019E+05 -4.071E-06  6.500E-02  2.964E+02  2.930E+02
   0.01861   3    0.02841   6   1.019E+05 -6.021E-06  6.500E-02  2.987E+02  2.930E+02
   0.01861   3    0.03472   7   1.019E+05 -2.119E-06  6.500E-02  3.022E+02  2.930E+02
   0.01861   3    0.04103   8   1.019E+05 -1.525E-07  6.500E-02  3.074E+02  2.930E+02
   0.01861   3    0.04734   9   1.019E+05 -7.081E-07  6.499E-02  3.149E+02  2.930E+02
   0.01861   3    0.05366  10   1.019E+05 -9.126E-07  6.499E-02  3.255E+02  2.930E+02
   0.01861   3    0.05997  11   1.018E+05 -5.912E-07  6.499E-02  3.400E+02  2.930E+02
   0.01861   3    0.06628  12   1.018E+05 -2.829E-07  6.499E-02  3.589E+02  2.930E+02
   0.01861   3    0.07259  13   1.018E+05 -1.502E-07  6.499E-02  3.822E+02  2.930E+02
   0.01861   3    0.07891  14   1.018E+05 -6.143E-08  6.499E-02  4.079E+02  2.930E+02
   0.01861   3    0.08522  15   1.018E+05  9.105E-09  6.498E-02  4.303E+02  2.930E+02
   0.01861   3    0.09153  16   1.018E+05 -1.260E-07  6.499E-02  4.401E+02  2.930E+02
   0.01861   3    0.09784  17   1.018E+05  1.260E-07  6.499E-02  4.303E+02  2.930E+02
   0.01861   3    0.10416  18   1.018E+05  1.764E-07  6.499E-02  4.079E+02  2.930E+02
   0.01861   3    0.11047  19   1.018E+05  2.413E-07  6.499E-02  3.822E+02  2.930E+02
   0.01861   3    0.11678  20   1.018E+05  2.921E-07  6.498E-02  3.589E+02  2.930E+02
   0.01861   3    0.12309  21   1.018E+05  3.238E-07  6.499E-02  3.400E+02  2.930E+02
   0.01861   3    0.12941  22   1.018E+05  3.516E-07  6.499E-02  3.255E+02  2.930E+02
   0.01861   3    0.13572  23   1.018E+05  3.985E-07  6.498E-02  3.149E+02  2.930E+02
   0.01861   3    0.14203  24   1.017E+05  4.452E-07  6.499E-02  3.074E+02  2.930E+02
   0.01861   3    0.14834  25   1.017E+05  5.293E-07  6.499E-02  3.022E+02  2.930E+02
   0.01861   3    0.15466  26   1.017E+05  6.237E-07  6.498E-02  2.987E+02  2.930E+02
   0.01861   3    0.16097  27   1.017E+05  9.055E-07  6.499E-02  2.965E+02  2.930E+02
   0.01861   3    0.16728  28   1.017E+05  1.091E-06  6.499E-02  2.951E+02  2.930E+02
   0.01861   3    0.17359  29   1.017E+05  7.446E-07  6.498E-02  2.942E+02  2.930E+02
   0.01861   3    0.17991  30   1.017E+05  2.746E-06  6.499E-02  2.937E+02  2.930E+02
   0.01861   3    0.18622  31   1.017E+05  6.657E-06  6.499E-02  2.934E+02  2.930E+02
   0.01861   3    0.19253  32   1.017E+05  3.126E-06  6.498E-02  2.932E+02  2.930E+02
   0.01861   3    0.19884  33   1.017E+05  4.588E-07  6.499E-02  2.931E+02  2.930E+02
   0.01861   3    0.20516  34   1.017E+05  6.556E-07  6.499E-02  2.931E+02  2.930E+02
   0.01861   3    0.21147  35   1.017E+05  5.340E-07  6.499E-02  2.930E+02  2.930E+02
   0.01861   3    0.21778  36   1.017E+05  5.058E-07  6.499E-02  2.930E+02  2.930E+02
   0.01861   3    0.22409  37   1.017E+05  4.177E-07  6.498E-02  2.930E+02  2.930E+02
   0.01861   3    0.23041  38   1.016E+05  3.674E-07  6.499E-02  2.930E+02  2.930E+02
   0.01861   3    0.23672  39   1.016E+05 -1.075E-07  6.499E-02  2.930E+02  2.930E+02
   0.01861   3    0.24303  40   1.016E+05  1.767E-06  6.498E-02  2.930E+02  2.930E+02
   0.01861   3    0.24934  41   1.016E+05  5.049E-06  6.499E-02  2.930E+02  2.930E+02
   0.01861   3    0.25566  42   1.016E+05  1.844E-06  6.499E-02  2.930E+02  2.930E+02
   0.01861   3    0.26197  43   1.016E+05  4.734E-08  6.499E-02  2.930E+02  2.930E+02
   0.01861   3    0.26828  44   1.016E+05  4.046E-07  6.499E-02  2.930E+02  2.930E+02
   0.01861   3    0.27459  45   1.016E+05  7.488E-07  6.498E-02  2.930E+02  2.930E+02
   0.01861   3    0.28091  46   1.016E+05  8.131E-07  6.499E-02  2.930E+02  2.930E+02
   0.01861   3    0.28722  47   1.016E+05  9.622E-07  6.499E-02  2.930E+02  2.930E+02
   0.01861   3    0.29353  48   1.016E+05  3.799E-06  6.499E-02  2.930E+02  2.930E+02
   0.01861   3    0.29984  49   1.016E+05  7.351E-06  6.499E-02  2.930E+02  2.930E+02
   0.01861   3    0.30616  50   1.016E+05  3.266E-06  6.499E-02  2.930E+02  2.930E+02
   0.01861   3    0.31247  51   1.015E+05  6.598E-07  6.499E-02  2.930E+02  2.930E+02
   0.01861   3    0.31878  52   1.015E+05  9.272E-07  6.500E-02  2.930E+02  2.930E+02
   0.01861   3    0.32509  53   1.015E+05  8.471E-07  6.499E-02  2.930E+02  2.930E+02
   0.01861   3    0.33141  54   1.015E+05  3.930E-07  6.499E-02  2.930E+02  2.930E+02
   0.01861   3    0.33772  55   1.015E+05  2.524E-06  6.499E-02  2.930E+02  2.930E+02
   0.01861   3    0.34403  56   1.015E+05  6.302E-06  6.499E-02  2.930E+02  2.930E+02
   0.01861   3    0.35034  57   1.015E+05  2.442E-06  6.499E-02  2.930E+02  2.930E+02
   0.01861   3    0.35666  58   1.015E+05  1.727E-07  6.499E-02  2.930E+02  2.930E+02
   0.01861   3    0.36297  59   1.015E+05  4.779E-07  6.499E-02  2.930E+02  2.930E+02
   0.01861   3    0.36928  60   1.015E+05  4.469E-07  6.499E-02  2.930E+02  2.930E+02
   0.01861   3    0.37559  61   1.015E+05  6.911E-08  6.499E-02  2.930E+02  2.930E+02
   0.01861   3    0.38191  62   1.015E+05  4.443E-07  6.500E-02  2.930E+02  2.930E+02
   0.01861   3    0.38822  63   1.015E+05  4.039E-07  6.499E-02  2.930E+02  2.930E+02
   0.01861   3    0.39453  64   1.015E+05  3.992E-07  6.499E-02  2.930E+02  2.930E+02
   0.01861   3    0.40084  65   1.014E+05  4.046E-07  6.500E-02  2.930E+02  2.930E+02
   0.01861   3    0.40716  66   1.014E+05  1.892E-07  6.499E-02  2.930E+02  2.930E+02
   0.01861   3    0.41347  67   1.014E+05  3.739E-07  6.498E-02  2.930E+02  2.930E+02
   0.01861   3    0.41978  68   1.014E+05  3.783E-07  6.499E-02  2.930E+02  2.930E+02
   0.01861   3    0.42609  69   1.014E+05  4.153E-07  6.499E-02  2.930E+02  2.930E+02
   0.01861   3    0.43241  70   1.014E+05  7.878E-07  6.499E-02  2.930E+02  2.930E+02
   0.01861   3    0.43872  71   1.014E+05  7.738E-07  6.499E-02  2.930E+02  2.930E+02
   0.01861   3    0.44503  72   1.014E+05  7.403E-07  6.500E-02  2.930E+02  2.930E+02
   0.01861   3    0.45134  73   1.014E+05  3.190E-07  6.499E-02  2.930E+02  2.930E+02
   0.01861   3    0.45766  74   1.014E+05  2.500E-07  6.500E-02  2.930E+02  2.930E+02
   0.01861   3    0.46397  75   1.014E+05  1.787E-07  6.500E-02  2.930E+02  2.930E+02
   0.01861   3    0.47028  76   1.014E+05  1.493E-07  6.500E-02  2.930E+02  2.930E+02
   0.01861   3    0.47659  77   1.014E+05  5.913E-08  6.500E-02  2.930E+02  2.930E+02
   0.01861   3    0.48291  78   1.014E+05  3.761E-07  6.499E-02  2.930E+02  2.930E+02
   0.01861   3    0.48922  79   1.013E+05 -2.002E-06  6.499E-02  2.930E+02  2.930E+02
   0.01861   3    0.49553  80   1.013E+05 -6.323E-06  6.499E-02  2.930E+02  2.930E+02
   0.01861   3    0.50184  81   1.013E+05 -4.461E-07  6.499E-02  2.930E+02  2.930E+02
   0.01861   3    0.50500  82   1.013E+05  0.000E+00  6.499E-02  2.930E+02  2.930E+02
   0.03102   4    0.00000   1   1.019E+05  0.000E+00  6.500E-02  2.930E+02  2.930E+02
   0.03102   4    0.00316   2   1.019E+05 -1.330E-06  6.502E-02  2.933E+02  2.930E+02
   0.03102   4    0.00947   3   1.019E+05 -1.260E-06  6.500E-02  2.940E+02  2.930E+02
   0.03102   4    0.01578   4   1.019E+05 -1.085E-06  6.500E-02  2.950E+02  2.930E+02
   0.03102   4    0.02209   5   1.019E+05 -1.146E-06  6.500E-02  2.964E+02  2.930E+02
   0.03102   4    0.02841   6   1.019E+05 -9.238E-07  6.500E-02  2.987E+02  2.930E+02
   0.03102   4    0.03472   7   1.019E+05 -7.713E-07  6.500E-02  3.022E+02  2.930E+02
   0.03102   4    0.04103   8   1.019E+05 -4.911E-07  6.500E-02  3.074E+02  2.930E+02
   0.03102   4    0.04734   9   1.019E+05 -4.317E-07  6.499E-02  3.149E+02  2.930E+02
   0.03102   4    0.05366  10   1.019E+05 -3.607E-07  6.499E-02  3.255E+02  2.930E+02
   0.03102   4    0.05997  11   1.018E+05 -2.604E-07  6.499E-02  3.400E+02  2.930E+02
   0.03102   4    0.06628  12   1.018E+05 -1.450E-07  6.499E-02  3.589E+02  2.930E+02
   0.03102   4    0.07259  13   1.018E+05 -4.067E-08  6.499E-02  3.822E+02  2.930E+02
   0.03102   4    0.07891  14   1.018E+05  5.667E-08  6.499E-02  4.079E+02  2.930E+02
   0.03102   4    0.08522  15   1.018E+05  2.883E-07  6.498E-02  4.303E+02  2.930E+02
   0.03102   4    0.09153  16   1.018E+05  3.648E-07  6.499E-02  4.401E+02  2.930E+02
   0.03102   4    0.09784  17   1.018E+05  4.631E-07  6.499E-02  4.303E+02  2.930E+02
   0.03102   4    0.10416  18   1.018E+05  3.989E-07  6.499E-02  4.079E+02  2.930E+02
   0.03102   4    0.11047  19   1.018E+05  4.898E-07  6.499E-02  3.822E+02  2.930E+02
   0.03102   4    0.11678  20   1.018E+05  4.968E-07  6.498E-02  3.589E+02  2.930E+02
   0.03102   4    0.12309  21   1.018E+05  4.966E-07  6.499E-02  3.400E+02  2.930E+02
   0.03102   4    0.12941  22   1.018E+05  5.273E-07  6.499E-02  3.255E+02  2.930E+02
   0.03102   4    0.13572  23   1.018E+05  5.616E-07  6.498E-02  3.149E+02  2.930E+02
   0.03102   4    0.14203  24   1.017E+05  5.876E-07  6.499E-02  3.074E+02  2.930E+02
   0.03102   4    0.14834  25   1.017E+05  6.813E-07  6.499E-02  3.022E+02  2.930E+02
   0.03102   4    0.15466  26   1.017E+05  7.414E-07  6.498E-02  2.987E+02  2.930E+02
   0.03102   4    0.16097  27   1.017E+05  8.361E-07  6.499E-02  2.965E+02  2.930E+02
   0.03102   4    0.16728  28   1.017E+05  9.273E-07  6.499E-02  2.951E+02  2.930E+02
   0.03102   4    0.17359  29   1.017E+05  9.543E-07  6.498E-02  2.942E+02  2.930E+02
   0.03102   4    0.17991  30   1.017E+05  1.183E-06  6.499E-02  2.937E+02  2.930E+02
   0.03102   4    0.18622  31   1.017E+05  1.229E-06  6.499E-02  2.934E+02  2.930E+02
   0.03102   4    0.19253  32   1.017E+05  8.865E-07  6.498E-02  2.932E+02  2.930E+02
   0.03102   4    0.19884  33   1.017E+05  6.084E-07  6.499E-02  2.931E+02  2.930E+02
   0.03102   4    0.20516  34   1.017E+05  7.553E-07  6.499E-02  2.931E+02  2.930E+02
   0.03102   4    0.21147  35   1.017E+05  8.448E-07  6.499E-02  2.930E+02  2.930E+02
   0.03102   4    0.21778  36   1.017E+05  1.020E-06  6.499E-02  2.930E+02  2.930E+02
   0.03102   4    0.22409  37   1.017E+05  7.533E-07  6.498E-02  2.930E+02  2.930E+02
   0.03102   4    0.23041  38   1.016E+05  5.584E-07  6.499E-02  2.930E+02  2.930E+02
   0.03102   4    0.23672  39   1.016E+05  9.123E-08  6.499E-02  2.930E+02  2.930E+02
   0.03102   4    0.24303  40   1.016E+05  2.113E-06  6.499E-02  2.930E+02  2.930E+02
   0.03102   4    0.24934  41   1.016E+05  5.560E-06  6.499E-02  2.930E+02  2.930E+02
   0.03102   4    0.25566  42   1.016E+05  2.196E-06  6.498E-02  2.930E+02  2.930E+02
   0.03102   4    0.26197  43   1.016E+05  2.718E-07  6.499E-02  2.930E+02  2.930E+02
   0.03102   4    0.26828  44   1.016E+05  8.233E-07  6.499E-02  2.930E+02  2.930E+02
   0.03102   4    0.27459  45   1.016E+05  1.292E-06  6.498E-02  2.930E+02  2.930E+02
   0.03102   4    0.28091  46   1.016E+05  1.416E-06  6.499E-02  2.930E+02  2.930E+02
   0.03102   4    0.28722  47   1.016E+05  1.585E-06  6.499E-02  2.930E+02  2.930E+02
   0.03102   4    0.29353  48   1.016E+05  1.414E-06  6.500E-02  2.930E+02  2.930E+02
   0.03102   4    0.29984  49   1.016E+05  1.981E-06  6.499E-02  2.930E+02  2.930E+02
   0.03102   4    0.30616  50   1.016E+05  1.640E-06  6.498E-02  2.930E+02  2.930E+02
   0.03102   4    0.31247  51   1.015E+05  1.042E-06  6.499E-02  2.930E+02  2.930E+02
   0.03102   4    0.31878  52   1.015E+05  1.131E-06  6.500E-02  2.930E+02  2.930E+02
   0.03102   4    0.32509  53   1.015E+05  1.043E-06  6.499E-02  2.930E+02  2.930E+02
   0.03102   4    0.33141  54   1.015E+05  9.871E-07  6.499E-02  2.930E+02  2.930E+02
   0.03102   4    0.33772  55   1.015E+05  1.165E-06  6.500E-02  2.930E+02  2.930E+02
   0.03102   4    0.34403  56   1.015E+05  1.244E-06  6.499E-02  2.930E+02  2.930E+02
   0.03102   4    0.35034  57   1.015E+05  1.096E-06  6.498E-02  2.930E+02  2.930E+02
   0.03102   4    0.35666  58   1.015E+05  7.850E-07  6.499E-02  2.930E+02  2.930E+02
   0.03102   4    0.36297  59   1.015E+05  7.175E-07  6.499E-02  2.930E+02  2.930E+02
   0.03102   4    0.36928  60   1.015E+05  1.023E-06  6.498E-02  2.930E+02  2.930E+02
   0.03102   4    0.37559  61   1.015E+05  9.863E-07  6.499E-02  2.930E+02  2.930E+02
   0.03102   4    0.38191  62   1.015E+05  9.541E-07  6.500E-02  2.930E+02  2.930E+02
   0.03102   4    0.38822  63   1.015E+05  5.428E-07  6.499E-02  2.930E+02  2.930E+02
   0.03102   4    0.39453  64   1.015E+05  4.736E-07  6.499E-02  2.930E+02  2.930E+02
   0.03102   4    0.40084  65   1.014E+05  4.177E-07  6.500E-02  2.930E+02  2.930E+02
   0.03102   4    0.40716  66   1.014E+05  1.698E-07  6.499E-02  2.930E+02  2.930E+02
   0.03102   4    0.41347  67   1.014E+05  3.315E-07  6.499E-02  2.930E+02  2.930E+02
   0.03102   4    0.41978  68   1.014E+05  3.056E-07  6.499E-02  2.930E+02  2.930E+02
   0.03102   4    0.42609  69   1.014E+05 -1.233E-07  6.499E-02  2.930E+02  2.930E+02
   0.03102   4    0.43241  70   1.014E+05  1.982E-06  6.499E-02  2.930E+02  2.930E+02
   0.03102   4    0.43872  71   1.014E+05  5.257E-06  6.499E-02  2.930E+02  2.930E+02
   0.03102   4    0.44503  72   1.014E+05  1.949E-06  6.500E-02  2.930E+02  2.930E+02
   0.03102   4    0.45134  73   1.014E+05 -2.245E-07  6.499E-02  2.930E+02  2.930E+02
   0.03102   4    0.45766  74   1.014E+05  1.811E-07  6.499E-02  2.930E+02  2.930E+02
   0.03102   4    0.46397  75   1.014E+05  1.252E-07  6.500E-02  2.930E+02  2.930E+02
   0.03102   4    0.47028  76   1.014E+05  1.014E-07  6.499E-02  2.930E+02  2.930E+02
   0.03102   4    0.47659  77   1.014E+05  3.445E-08  6.500E-02  2.930E+02  2.930E+02
   0.03102   4    0.48291  78   1.014E+05 -4.393E-08  6.499E-02  2.930E+02  2.930E+02
   0.03102   4    0.48922  79   1.013E+05 -3.138E-07  6.499E-02  2.930E+02  2.930E+02
   0.03102   4    0.49553  80   1.013E+05 -3.796E-07  6.499E-02  2.930E+02  2.930E+02
   0.03102   4    0.50184  81   1.013E+05 -1.956E-07  6.499E-02  2.930E+02  2.930E+02
   0.03102   4    0.50500  82   1.013E+05  0.000E+00  6.499E-02  2.930E+02  2.930E+02
   0.04342   5    0.00000   1   1.019E+05  0.000E+00  6.500E-02  2.930E+02  2.930E+02
   0.04342   5    0.00316   2   1.019E+05 -1.174E-07  6.502E-02  2.933E+02  2.930E+02
   0.04342   5    0.00947   3   1.019E+05 -3.329E-07  6.500E-02  2.940E+02  2.930E+02
   0.04342   5    0.01578   4   1.019E+05 -1.266E-07  6.500E-02  2.950E+02  2.930E+02
   0.04342   5    0.02209   5   1.019E+05 -5.107E-07  6.500E-02  2.964E+02  2.930E+02
   0.04342   5    0.02841   6   1.019E+05 -8.932E-08  6.500E-02  2.987E+02  2.930E+02
   0.04342   5    0.03472   7   1.019E+05 -2.426E-07  6.500E-02  3.022E+02  2.930E+02
   0.04342   5    0.04103   8   1.019E+05 -1.566E-07  6.500E-02  3.074E+02  2.930E+02
   0.04342   5    0.04734   9   1.019E+05 -1.241E-07  6.499E-02  3.149E+02  2.930E+02
   0.04342   5    0.05366  10   1.019E+05 -8.248E-08  6.499E-02  3.255E+02  2.930E+02
   0.04342   5    0.05997  11   1.018E+05 -7.118E-08  6.499E-02  3.400E+02  2.930E+02
   0.04342   5    0.06628  12   1.018E+05 -7.043E-08  6.499E-02  3.589E+02  2.930E+02
   0.04342   5    0.07259  13   1.018E+05 -2.248E-07  6.499E-02  3.822E+02  2.930E+02
   0.04342   5    0.07891  14   1.018E+05 -4.862E-07  6.499E-02  4.079E+02  2.930E+02
   0.04342   5    0.08522  15   1.018E+05  1.392E-06  6.498E-02  4.303E+02  2.930E+02
   0.04342   5    0.09153  16   1.018E+05  4.692E-06  6.499E-02  4.401E+02  2.930E+02
   0.04342   5    0.09784  17   1.018E+05  1.578E-06  6.499E-02  4.303E+02  2.930E+02
   0.04342   5    0.10416  18   1.018E+05 -1.573E-07  6.499E-02  4.079E+02  2.930E+02
   0.04342   5    0.11047  19   1.018E+05  8.431E-07  6.499E-02  3.822E+02  2.930E+02
   0.04342   5    0.11678  20   1.018E+05  6.709E-07  6.498E-02  3.589E+02  2.930E+02
   0.04342   5    0.12309  21   1.018E+05  5.772E-07  6.499E-02  3.400E+02  2.930E+02
   0.04342   5    0.12941  22   1.018E+05  6.811E-07  6.499E-02  3.255E+02  2.930E+02
   0.04342   5    0.13572  23   1.018E+05  6.844E-07  6.498E-02  3.149E+02  2.930E+02
   0.04342   5    0.14203  24   1.017E+05  5.239E-07  6.499E-02  3.074E+02  2.930E+02
   0.04342   5    0.14834  25   1.017E+05  8.138E-07  6.499E-02  3.022E+02  2.930E+02
   0.04342   5    0.15466  26   1.017E+05  7.578E-07  6.498E-02  2.987E+02  2.930E+02
   0.04342   5    0.16097  27   1.017E+05  7.365E-07  6.499E-02  2.965E+02  2.930E+02
   0.04342   5    0.16728  28   1.017E+05  7.516E-07  6.499E-02  2.951E+02  2.930E+02
   0.04342   5    0.17359  29   1.017E+05  7.753E-07  6.498E-02  2.942E+02  2.930E+02
   0.04342   5    0.17991  30   1.017E+05  8.140E-07  6.499E-02  2.937E+02  2.930E+02
   0.04342   5    0.18622  31   1.017E+05  6.254E-07  6.499E-02  2.934E+02  2.930E+02
   0.04342   5    0.19253  32   1.017E+05  9.910E-07  6.498E-02  2.932E+02  2.930E+02
   0.04342   5    0.19884  33   1.017E+05  8.066E-07  6.499E-02  2.931E+02  2.930E+02
   0.04342   5    0.20516  34   1.017E+05  1.002E-06  6.499E-02  2.931E+02  2.930E+02
   0.04342   5    0.21147  35   1.017E+05  9.793E-07  6.499E-02  2.930E+02  2.930E+02
   0.04342   5    0.21778  36   1.017E+05  1.172E-06  6.499E-02  2.930E+02  2.930E+02
   0.04342   5    0.22409  37   1.017E+05  9.612E-07  6.498E-02  2.930E+02  2.930E+02
   0.04342   5    0.23041  38   1.016E+05  7.642E-07  6.499E-02  2.930E+02  2.930E+02
   0.04342   5    0.23672  39   1.016E+05  7.951E-07  6.499E-02  2.930E+02  2.930E+02
   0.04342   5    0.24303  40   1.016E+05  1.147E-06  6.500E-02  2.930E+02  2.930E+02
   0.04342   5    0.24934  41   1.016E+05  1.342E-06  6.499E-02  2.930E+02  2.930E+02
   0.04342   5    0.25566  42   1.016E+05  1.122E-06  6.498E-02  2.930E+02  2.930E+02
   0.04342   5    0.26197  43   1.016E+05  7.941E-07  6.499E-02  2.930E+02  2.930E+02
   0.04342   5    0.26828  44   1.016E+05  4.000E-07  6.499E-02  2.930E+02  2.930E+02
   0.04342   5    0.27459  45   1.016E+05  2.523E-06  6.498E-02  2.930E+02  2.930E+02
   0.04342   5    0.28091  46   1.016E+05  5.751E-06  6.499E-02  2.930E+02  2.930E+02
   0.04342   5    0.28722  47   1.016E+05  2.511E-06  6.499E-02  2.930E+02  2.930E+02
   0.04342   5    0.29353  48   1.016E+05  5.356E-07  6.499E-02  2.930E+02  2.930E+02
   0.04342   5    0.29984  49   1.016E+05  8.679E-07  6.499E-02  2.930E+02  2.930E+02
   0.04342   5    0.30616  50   1.016E+05  1.412E-06  6.498E-02  2.930E+02  2.930E+02
   0.04342   5    0.31247  51   1.015E+05  1.388E-06  6.499E-02  2.930E+02  2.930E+02
   0.04342   5    0.31878  52   1.015E+05  1.393E-06  6.500E-02  2.930E+02  2.930E+02
   0.04342   5    0.32509  53   1.015E+05  9.964E-07  6.499E-02  2.930E+02  2.930E+02
   0.04342   5    0.33141  54   1.015E+05  8.548E-07  6.499E-02  2.930E+02  2.930E+02
   0.04342   5    0.33772  55   1.015E+05  7.359E-07  6.500E-02  2.930E+02  2.930E+02
   0.04342   5    0.34403  56   1.015E+05  5.028E-07  6.499E-02  2.930E+02  2.930E+02
   0.04342   5    0.35034  57   1.015E+05  6.339E-07  6.498E-02  2.930E+02  2.930E+02
   0.04342   5    0.35666  58   1.015E+05  5.768E-07  6.499E-02  2.930E+02  2.930E+02
   0.04342   5    0.36297  59   1.015E+05  1.295E-07  6.499E-02  2.930E+02  2.930E+02
   0.04342   5    0.36928  60   1.015E+05  2.215E-06  6.499E-02  2.930E+02  2.930E+02
   0.04342   5    0.37559  61   1.015E+05  5.669E-06  6.499E-02  2.930E+02  2.930E+02
   0.04342   5    0.38191  62   1.015E+05  2.189E-06  6.499E-02  2.930E+02  2.930E+02
   0.04342   5    0.38822  63   1.015E+05  1.715E-08  6.499E-02  2.930E+02  2.930E+02
   0.04342   5    0.39453  64   1.015E+05  4.459E-07  6.499E-02  2.930E+02  2.930E+02
   0.04342   5    0.40084  65   1.014E+05  4.151E-07  6.500E-02  2.930E+02  2.930E+02
   0.04342   5    0.40716  66   1.014E+05  3.882E-07  6.499E-02  2.930E+02  2.930E+02
   0.04342   5    0.41347  67   1.014E+05  3.778E-07  6.499E-02  2.930E+02  2.930E+02
   0.04342   5    0.41978  68   1.014E+05  1.497E-07  6.499E-02  2.930E+02  2.930E+02
   0.04342   5    0.42609  69   1.014E+05 -1.037E-07  6.499E-02  2.930E+02  2.930E+02
   0.04342   5    0.43241  70   1.014E+05  1.979E-06  6.499E-02  2.930E+02  2.930E+02
   0.04342   5    0.43872  71   1.014E+05  5.252E-06  6.499E-02  2.930E+02  2.930E+02
   0.04342   5    0.44503  72   1.014E+05  1.954E-06  6.499E-02  2.930E+02  2.930E+02
   0.04342   5    0.45134  73   1.014E+05 -2.156E-07  6.499E-02  2.930E+02  2.930E+02
   0.04342   5    0.45766  74   1.014E+05  1.983E-07  6.500E-02  2.930E+02  2.930E+02
   0.04342   5    0.46397  75   1.014E+05  1.536E-07  6.500E-02  2.930E+02  2.930E+02
   0.04342   5    0.47028  76   1.014E+05  1.492E-07  6.499E-02  2.930E+02  2.930E+02
   0.04342   5    0.47659  77   1.014E+05  1.257E-07  6.500E-02  2.930E+02  2.930E+02
   0.04342   5    0.48291  78   1.014E+05  1.150E-07  6.499E-02  2.930E+02  2.930E+02
   0.04342   5    0.48922  79   1.013E+05  7.883E-08  6.499E-02  2.930E+02  2.930E+02
   0.04342   5    0.49553  80   1.013E+05  2.547E-07  6.499E-02  2.930E+02  2.930E+02
   0.04342   5    0.50184  81   1.013E+05  7.402E-08  6.499E-02  2.930E+02  2.930E+02
   0.04342   5    0.50500  82   1.013E+05  0.000E+00  6.499E-02  2.930E+02  2.930E+02
   0.05583   6    0.00000   1   1.019E+05  0.000E+00  6.500E-02  2.930E+02  2.930E+02
   0.05583   6    0.00316   2   1.019E+05 -7.918E-08  6.502E-02  2.933E+02  2.930E+02
   0.05583   6    0.00947   3   1.019E+05 -3.369E-07  6.500E-02  2.940E+02  2.930E+02
   0.05583   6    0.01578   4   1.019E+05 -1.309E-07  6.500E-02  2.950E+02  2.930E+02
   0.05583   6    0.02209   5   1.019E+05 -3.478E-07  6.500E-02  2.964E+02  2.930E+02
   0.05583   6    0.02841   6   1.019E+05 -9.064E-08  6.500E-02  2.987E+02  2.930E+02
   0.05583   6    0.03472   7   1.019E+05 -2.430E-07  6.500E-02  3.022E+02  2.930E+02
   0.05583   6    0.04103   8   1.019E+05  4.114E-08  6.500E-02  3.074E+02  2.930E+02
   0.05583   6    0.04734   9   1.019E+05  1.340E-07  6.499E-02  3.149E+02  2.930E+02
   0.05583   6    0.05366  10   1.019E+05  2.382E-07  6.499E-02  3.255E+02  2.930E+02
   0.05583   6    0.05997  11   1.018E+05  2.616E-07  6.499E-02  3.400E+02  2.930E+02
   0.05583   6    0.06628  12   1.018E+05  1.416E-07  6.499E-02  3.589E+02  2.930E+02
   0.05583   6    0.07259  13   1.018E+05  2.661E-07  6.499E-02  3.822E+02  2.930E+02
   0.05583   6    0.07891  14   1.018E+05 -4.299E-07  6.499E-02  4.079E+02  2.930E+02
   0.05583   6    0.08522  15   1.018E+05  1.311E-06  6.499E-02  4.303E+02  2.930E+02
   0.05583   6    0.09153  16   1.018E+05  4.798E-06  6.499E-02  4.401E+02  2.930E+02
   0.05583   6    0.09784  17   1.018E+05  1.650E-06  6.498E-02  4.303E+02  2.930E+02
   0.05583   6    0.10416  18   1.018E+05 -1.151E-07  6.499E-02  4.079E+02  2.930E+02
   0.05583   6    0.11047  19   1.018E+05  8.850E-07  6.499E-02  3.822E+02  2.930E+02
   0.05583   6    0.11678  20   1.018E+05  7.541E-07  6.498E-02  3.589E+02  2.930E+02
   0.05583   6    0.12309  21   1.018E+05  5.099E-07  6.499E-02  3.400E+02  2.930E+02
   0.05583   6    0.12941  22   1.018E+05  7.998E-07  6.499E-02  3.255E+02  2.930E+02
   0.05583   6    0.13572  23   1.018E+05  1.088E-06  6.498E-02  3.149E+02  2.930E+02
   0.05583   6    0.14203  24   1.017E+05  1.111E-06  6.499E-02  3.074E+02  2.930E+02
   0.05583   6    0.14834  25   1.017E+05  1.204E-06  6.499E-02  3.022E+02  2.930E+02
   0.05583   6    0.15466  26   1.017E+05  8.175E-07  6.498E-02  2.987E+02  2.930E+02
   0.05583   6    0.16097  27   1.017E+05  7.577E-07  6.499E-02  2.965E+02  2.930E+02
   0.05583   6    0.16728  28   1.017E+05  7.553E-07  6.499E-02  2.951E+02  2.930E+02
   0.05583   6    0.17359  29   1.017E+05  7.927E-07  6.498E-02  2.942E+02  2.930E+02
   0.05583   6    0.17991  30   1.017E+05  8.465E-07  6.499E-02  2.937E+02  2.930E+02
   0.05583   6    0.18622  31   1.017E+05  9.068E-07  6.499E-02  2.934E+02  2.930E+02
   0.05583   6    0.19253  32   1.017E+05  1.291E-06  6.498E-02  2.932E+02  2.930E+02
   0.05583   6    0.19884  33   1.017E+05  1.492E-06  6.499E-02  2.931E+02  2.930E+02
   0.05583   6    0.20516  34   1.017E+05  1.293E-06  6.499E-02  2.931E+02  2.930E+02
   0.05583   6    0.21147  35   1.017E+05  9.507E-07  6.499E-02  2.930E+02  2.930E+02
   0.05583   6    0.21778  36   1.017E+05  9.477E-07  6.499E-02  2.930E+02  2.930E+02
   0.05583   6    0.22409  37   1.017E+05  9.710E-07  6.498E-02  2.930E+02  2.930E+02
   0.05583   6    0.23041  38   1.016E+05  8.538E-07  6.499E-02  2.930E+02  2.930E+02
   0.05583   6    0.23672  39   1.016E+05  7.498E-07  6.499E-02  2.930E+02  2.930E+02
   0.05583   6    0.24303  40   1.016E+05  7.370E-07  6.500E-02  2.930E+02  2.930E+02
   0.05583   6    0.24934  41   1.016E+05  3.410E-07  6.499E-02  2.930E+02  2.930E+02
   0.05583   6    0.25566  42   1.016E+05  6.847E-07  6.498E-02  2.930E+02  2.930E+02
   0.05583   6    0.26197  43   1.016E+05  6.361E-07  6.499E-02  2.930E+02  2.930E+02
   0.05583   6    0.26828  44   1.016E+05  3.301E-07  6.499E-02  2.930E+02  2.930E+02
   0.05583   6    0.27459  45   1.016E+05  2.452E-06  6.499E-02  2.930E+02  2.930E+02
   0.05583   6    0.28091  46   1.016E+05  5.644E-06  6.499E-02  2.930E+02  2.930E+02
   0.05583   6    0.28722  47   1.016E+05  2.353E-06  6.498E-02  2.930E+02  2.930E+02
   0.05583   6    0.29353  48   1.016E+05  3.375E-07  6.499E-02  2.930E+02  2.930E+02
   0.05583   6    0.29984  49   1.016E+05  3.850E-07  6.499E-02  2.930E+02  2.930E+02
   0.05583   6    0.30616  50   1.016E+05  2.591E-06  6.499E-02  2.930E+02  2.930E+02
   0.05583   6    0.31247  51   1.015E+05  5.998E-06  6.499E-02  2.930E+02  2.930E+02
   0.05583   6    0.31878  52   1.015E+05  2.561E-06  6.499E-02  2.930E+02  2.930E+02
   0.05583   6    0.32509  53   1.015E+05  2.789E-07  6.499E-02  2.930E+02  2.930E+02
   0.05583   6    0.33141  54   1.015E+05  6.791E-07  6.499E-02  2.930E+02  2.930E+02
   0.05583   6    0.33772  55   1.015E+05  6.016E-07  6.500E-02  2.930E+02  2.930E+02
   0.05583   6    0.34403  56   1.015E+05  5.620E-07  6.499E-02  2.930E+02  2.930E+02
   0.05583   6    0.35034  57   1.015E+05  5.439E-07  6.498E-02  2.930E+02  2.930E+02
   0.05583   6    0.35666  58   1.015E+05  3.259E-07  6.499E-02  2.930E+02  2.930E+02
   0.05583   6    0.36297  59   1.015E+05  3.681E-08  6.499E-02  2.930E+02  2.930E+02
   0.05583   6    0.36928  60   1.015E+05  2.097E-06  6.499E-02  2.930E+02  2.930E+02
   0.05583   6    0.37559  61   1.015E+05  5.376E-06  6.499E-02  2.930E+02  2.930E+02
   0.05583   6    0.38191  62   1.015E+05  2.097E-06  6.499E-02  2.930E+02  2.930E+02
   0.05583   6    0.38822  63   1.015E+05 -2.499E-07  6.499E-02  2.930E+02  2.930E+02
   0.05583   6    0.39453  64   1.015E+05  4.125E-07  6.500E-02  2.930E+02  2.930E+02
   0.05583   6    0.40084  65   1.014E+05  4.153E-07  6.500E-02  2.930E+02  2.930E+02
   0.05583   6    0.40716  66   1.014E+05  4.725E-07  6.499E-02  2.930E+02  2.930E+02
   0.05583   6    0.41347  67   1.014E+05  7.415E-07  6.498E-02  2.930E+02  2.930E+02
   0.05583   6    0.41978  68   1.014E+05  6.080E-07  6.499E-02  2.930E+02  2.930E+02
   0.05583   6    0.42609  69   1.014E+05  7.943E-07  6.500E-02  2.930E+02  2.930E+02
   0.05583   6    0.43241  70   1.014E+05  9.081E-07  6.500E-02  2.930E+02  2.930E+02
   0.05583   6    0.43872  71   1.014E+05  8.623E-07  6.499E-02  2.930E+02  2.930E+02
   0.05583   6    0.44503  72   1.014E+05  7.978E-07  6.499E-02  2.930E+02  2.930E+02
   0.05583   6    0.45134  73   1.014E+05  3.682E-07  6.499E-02  2.930E+02  2.930E+02
   0.05583   6    0.45766  74   1.014E+05  2.977E-07  6.500E-02  2.930E+02  2.930E+02
   0.05583   6    0.46397  75   1.014E+05  2.248E-07  6.499E-02  2.930E+02  2.930E+02
   0.05583   6    0.47028  76   1.014E+05  1.826E-07  6.499E-02  2.930E+02  2.930E+02
   0.05583   6    0.47659  77   1.014E+05  1.463E-07  6.500E-02  2.930E+02  2.930E+02
   0.05583   6    0.48291  78   1.014E+05  1.153E-07  6.499E-02  2.930E+02  2.930E+02
   0.05583   6    0.48922  79   1.013E+05  8.451E-08  6.499E-02  2.930E+02  2.930E+02
   0.05583   6    0.49553  80   1.013E+05  6.829E-08  6.499E-02  2.930E+02  2.930E+02
   0.05583   6    0.50184  81   1.013E+05  4.601E-08  6.499E-02  2.930E+02  2.930E+02
   0.05583   6    0.50500  82   1.013E+05  0.000E+00  6.499E-02  2.930E+02  2.930E+02
   0.06824   7    0.00000   1   1.019E+05  0.000E+00  6.500E-02  2.930E+02  2.930E+02
   0.06824   7    0.00316   2   1.019E+05  2.559E-07  6.502E-02  2.933E+02  2.930E+02
   0.06824   7    0.00947   3   1.019E+05  3.209E-08  6.500E-02  2.940E+02  2.930E+02
   0.06824   7    0.01578   4   1.019E+05  2.173E-07  6.500E-02  2.950E+02  2.930E+02
   0.06824   7    0.02209   5   1.019E+05  1.942E-07  6.500E-02  2.964E+02  2.930E+02
   0.06824   7    0.02841   6   1.019E+05  2.401E-07  6.500E-02  2.987E+02  2.930E+02
   0.06824   7    0.03472   7   1.019E+05  8.217E-08  6.500E-02  3.022E+02  2.930E+02
   0.06824   7    0.04103   8   1.019E+05  3.498E-07  6.500E-02  3.074E+02  2.930E+02
   0.06824   7    0.04734   9   1.019E+05  5.691E-07  6.499E-02  3.149E+02  2.930E+02
   0.06824   7    0.05366  10   1.019E+05  9.960E-07  6.499E-02  3.255E+02  2.930E+02
   0.06824   7    0.05997  11   1.018E+05  5.181E-07  6.499E-02  3.400E+02  2.930E+02
   0.06824   7    0.06628  12   1.018E+05  1.773E-06  6.499E-02  3.589E+02  2.930E+02
   0.06824   7    0.07259  13   1.018E+05  5.008E-06  6.499E-02  3.822E+02  2.930E+02
   0.06824   7    0.07891  14   1.018E+05  1.558E-06  6.499E-02  4.079E+02  2.930E+02
   0.06824   7    0.08522  15   1.018E+05 -8.734E-08  6.499E-02  4.303E+02  2.930E+02
   0.06824   7    0.09153  16   1.018E+05  6.953E-07  6.499E-02  4.401E+02  2.930E+02
   0.06824   7    0.09784  17   1.018E+05  7.883E-07  6.498E-02  4.303E+02  2.930E+02
   0.06824   7    0.10416  18   1.018E+05  7.472E-07  6.499E-02  4.079E+02  2.930E+02
   0.06824   7    0.11047  19   1.018E+05  5.862E-07  6.499E-02  3.822E+02  2.930E+02
   0.06824   7    0.11678  20   1.018E+05  8.831E-07  6.498E-02  3.589E+02  2.930E+02
   0.06824   7    0.12309  21   1.018E+05  6.850E-07  6.499E-02  3.400E+02  2.930E+02
   0.06824   7    0.12941  22   1.018E+05  4.222E-07  6.499E-02  3.255E+02  2.930E+02
   0.06824   7    0.13572  23   1.018E+05  2.272E-06  6.498E-02  3.149E+02  2.930E+02
   0.06824   7    0.14203  24   1.017E+05  5.513E-06  6.499E-02  3.074E+02  2.930E+02
   0.06824   7    0.14834  25   1.017E+05  2.302E-06  6.499E-02  3.022E+02  2.930E+02
   0.06824   7    0.15466  26   1.017E+05  2.382E-07  6.498E-02  2.987E+02  2.930E+02
   0.06824   7    0.16097  27   1.017E+05  6.907E-07  6.499E-02  2.965E+02  2.930E+02
   0.06824   7    0.16728  28   1.017E+05  6.898E-07  6.499E-02  2.951E+02  2.930E+02
   0.06824   7    0.17359  29   1.017E+05  7.280E-07  6.498E-02  2.942E+02  2.930E+02
   0.06824   7    0.17991  30   1.017E+05  7.436E-07  6.499E-02  2.937E+02  2.930E+02
   0.06824   7    0.18622  31   1.017E+05  3.179E-07  6.499E-02  2.934E+02  2.930E+02
   0.06824   7    0.19253  32   1.017E+05  2.208E-06  6.498E-02  2.932E+02  2.930E+02
   0.06824   7    0.19884  33   1.017E+05  5.441E-06  6.499E-02  2.931E+02  2.930E+02
   0.06824   7    0.20516  34   1.017E+05  2.163E-06  6.499E-02  2.931E+02  2.930E+02
   0.06824   7    0.21147  35   1.017E+05  2.553E-07  6.499E-02  2.930E+02  2.930E+02
   0.06824   7    0.21778  36   1.017E+05  5.491E-07  6.499E-02  2.930E+02  2.930E+02
   0.06824   7    0.22409  37   1.017E+05  9.807E-07  6.498E-02  2.930E+02  2.930E+02
   0.06824   7    0.23041  38   1.016E+05  9.614E-07  6.499E-02  2.930E+02  2.930E+02
   0.06824   7    0.23672  39   1.016E+05  9.016E-07  6.499E-02  2.930E+02  2.930E+02
   0.06824   7    0.24303  40   1.016E+05  7.198E-07  6.499E-02  2.930E+02  2.930E+02
   0.06824   7    0.24934  41   1.016E+05  4.720E-07  6.499E-02  2.930E+02  2.930E+02
   0.06824   7    0.25566  42   1.016E+05  7.240E-07  6.498E-02  2.930E+02  2.930E+02
   0.06824   7    0.26197  43   1.016E+05  3.906E-07  6.499E-02  2.930E+02  2.930E+02
   0.06824   7    0.26828  44   1.016E+05  8.487E-07  6.499E-02  2.930E+02  2.930E+02
   0.06824   7    0.27459  45   1.016E+05  1.201E-06  6.500E-02  2.930E+02  2.930E+02
   0.06824   7    0.28091  46   1.016E+05  1.211E-06  6.499E-02  2.930E+02  2.930E+02
   0.06824   7    0.28722  47   1.016E+05  1.169E-06  6.498E-02  2.930E+02  2.930E+02
   0.06824   7    0.29353  48   1.016E+05  8.055E-07  6.499E-02  2.930E+02  2.930E+02
   0.06824   7    0.29984  49   1.016E+05  3.915E-07  6.499E-02  2.930E+02  2.930E+02
   0.06824   7    0.30616  50   1.016E+05  2.451E-06  6.500E-02  2.930E+02  2.930E+02
   0.06824   7    0.31247  51   1.015E+05  5.575E-06  6.499E-02  2.930E+02  2.930E+02
   0.06824   7    0.31878  52   1.015E+05  2.265E-06  6.498E-02  2.930E+02  2.930E+02
   0.06824   7    0.32509  53   1.015E+05 -2.822E-08  6.499E-02  2.930E+02  2.930E+02
   0.06824   7    0.33141  54   1.015E+05  6.219E-07  6.500E-02  2.930E+02  2.930E+02
   0.06824   7    0.33772  55   1.015E+05  6.020E-07  6.500E-02  2.930E+02  2.930E+02
   0.06824   7    0.34403  56   1.015E+05  6.518E-07  6.499E-02  2.930E+02  2.930E+02
   0.06824   7    0.35034  57   1.015E+05  9.266E-07  6.498E-02  2.930E+02  2.930E+02
   0.06824   7    0.35666  58   1.015E+05  1.010E-06  6.499E-02  2.930E+02  2.930E+02
   0.06824   7    0.36297  59   1.015E+05  9.819E-07  6.500E-02  2.930E+02  2.930E+02
   0.06824   7    0.36928  60   1.015E+05  1.080E-06  6.500E-02  2.930E+02  2.930E+02
   0.06824   7    0.37559  61   1.015E+05  1.067E-06  6.499E-02  2.930E+02  2.930E+02
   0.06824   7    0.38191  62   1.015E+05  1.230E-06  6.498E-02  2.930E+02  2.930E+02
   0.06824   7    0.38822  63   1.015E+05  6.274E-07  6.499E-02  2.930E+02  2.930E+02
   0.06824   7    0.39453  64   1.015E+05  7.183E-07  6.500E-02  2.930E+02  2.930E+02
   0.06824   7    0.40084  65   1.014E+05  4.574E-07  6.500E-02  2.930E+02  2.930E+02
   0.06824   7    0.40716  66   1.014E+05 -9.100E-09  6.499E-02  2.930E+02  2.930E+02
   0.06824   7    0.41347  67   1.014E+05  2.244E-06  6.499E-02  2.930E+02  2.930E+02
   0.06824   7    0.41978  68   1.014E+05  5.715E-06  6.499E-02  2.930E+02  2.930E+02
   0.06824   7    0.42609  69   1.014E+05  2.237E-06  6.500E-02  2.930E+02  2.930E+02
   0.06824   7    0.43241  70   1.014E+05 -3.684E-08  6.499E-02  2.930E+02  2.930E+02
   0.06824   7    0.43872  71   1.014E+05  1.806E-07  6.499E-02  2.930E+02  2.930E+02
   0.06824   7    0.44503  72   1.014E+05  3.236E-07  6.499E-02  2.930E+02  2.930E+02
   0.06824   7    0.45134  73   1.014E+05  2.718E-07  6.499E-02  2.930E+02  2.930E+02
   0.06824   7    0.45766  74   1.014E+05  2.597E-07  6.500E-02  2.930E+02  2.930E+02
   0.06824   7    0.46397  75   1.014E+05  2.236E-07  6.499E-02  2.930E+02  2.930E+02
   0.06824   7    0.47028  76   1.014E+05  1.904E-07  6.499E-02  2.930E+02  2.930E+02
   0.06824   7    0.47659  77   1.014E+05  1.571E-07  6.500E-02  2.930E+02  2.930E+02
   0.06824   7    0.48291  78   1.014E+05  1.262E-07  6.499E-02  2.930E+02  2.930E+02
   0.06824   7    0.48922  79   1.013E+05  9.734E-08  6.499E-02  2.930E+02  2.930E+02
   0.06824   7    0.49553  80   1.013E+05  7.093E-08  6.499E-02  2.930E+02  2.930E+02
   0.06824   7    0.50184  81   1.013E+05  5.156E-08  6.499E-02  2.930E+02  2.930E+02
   0.06824   7    0.50500  82   1.013E+05  0.000E+00  6.499E-02  2.930E+02  2.930E+02
   0.08065   8    0.00000   1   1.019E+05  0.000E+00  6.500E-02  2.930E+02  2.930E+02
   0.08065   8    0.00316   2   1.019E+05  5.267E-07  6.502E-02  2.933E+02  2.930E+02
   0.08065   8    0.00947   3   1.019E+05  5.164E-07  6.500E-02  2.940E+02  2.930E+02
   0.08065   8    0.01578   4   1.019E+05  5.113E-07  6.500E-02  2.950E+02  2.930E+02
   0.08065   8    0.02209   5   1.019E+05  5.153E-07  6.500E-02  2.964E+02  2.930E+02
   0.08065   8    0.02841   6   1.019E+05  5.257E-07  6.500E-02  2.987E+02  2.930E+02
   0.08065   8    0.03472   7   1.019E+05  5.615E-07  6.500E-02  3.022E+02  2.930E+02
   0.08065   8    0.04103   8   1.019E+05  6.478E-07  6.500E-02  3.074E+02  2.930E+02
   0.08065   8    0.04734   9   1.019E+05  8.665E-07  6.500E-02  3.149E+02  2.930E+02
   0.08065   8    0.05366  10   1.019E+05  1.308E-06  6.499E-02  3.255E+02  2.930E+02
   0.08065   8    0.05997  11   1.018E+05  8.300E-07  6.499E-02  3.400E+02  2.930E+02
   0.08065   8    0.06628  12   1.018E+05  2.308E-06  6.499E-02  3.589E+02  2.930E+02
   0.08065   8    0.07259  13   1.018E+05  5.391E-06  6.499E-02  3.822E+02  2.930E+02
   0.08065   8    0.07891  14   1.018E+05  2.140E-06  6.498E-02  4.079E+02  2.930E+02
   0.08065   8    0.08522  15   1.018E+05  5.037E-07  6.499E-02  4.303E+02  2.930E+02
   0.08065   8    0.09153  16   1.018E+05  1.057E-06  6.499E-02  4.401E+02  2.930E+02
   0.08065   8    0.09784  17   1.018E+05  1.217E-06  6.498E-02  4.303E+02  2.930E+02
   0.08065   8    0.10416  18   1.018E+05  1.144E-06  6.499E-02  4.079E+02  2.930E+02
   0.08065   8    0.11047  19   1.018E+05  9.213E-07  6.499E-02  3.822E+02  2.930E+02
   0.08065   8    0.11678  20   1.018E+05  1.211E-06  6.498E-02  3.589E+02  2.930E+02
   0.08065   8    0.12309  21   1.018E+05  1.386E-06  6.499E-02  3.400E+02  2.930E+02
   0.08065   8    0.12941  22   1.018E+05  7.246E-07  6.499E-02  3.255E+02  2.930E+02
   0.08065   8    0.13572  23   1.018E+05  2.402E-06  6.499E-02  3.149E+02  2.930E+02
   0.08065   8    0.14203  24   1.017E+05  5.579E-06  6.499E-02  3.074E+02  2.930E+02
   0.08065   8    0.14834  25   1.017E+05  2.314E-06  6.498E-02  3.022E+02  2.930E+02
   0.08065   8    0.15466  26   1.017E+05  2.370E-07  6.498E-02  2.987E+02  2.930E+02
   0.08065   8    0.16097  27   1.017E+05  6.922E-07  6.499E-02  2.965E+02  2.930E+02
   0.08065   8    0.16728  28   1.017E+05  6.685E-07  6.499E-02  2.951E+02  2.930E+02
   0.08065   8    0.17359  29   1.017E+05  7.404E-07  6.498E-02  2.942E+02  2.930E+02
   0.08065   8    0.17991  30   1.017E+05  4.360E-07  6.499E-02  2.937E+02  2.930E+02
   0.08065   8    0.18622  31   1.017E+05  3.399E-07  6.499E-02  2.934E+02  2.930E+02
   0.08065   8    0.19253  32   1.017E+05  2.312E-06  6.499E-02  2.932E+02  2.930E+02
   0.08065   8    0.19884  33   1.017E+05  5.730E-06  6.499E-02  2.931E+02  2.930E+02
   0.08065   8    0.20516  34   1.017E+05  2.297E-06  6.498E-02  2.931E+02  2.930E+02
   0.08065   8    0.21147  35   1.017E+05  2.855E-07  6.499E-02  2.930E+02  2.930E+02
   0.08065   8    0.21778  36   1.017E+05  5.051E-07  6.499E-02  2.930E+02  2.930E+02
   0.08065   8    0.22409  37   1.017E+05  8.782E-07  6.498E-02  2.930E+02  2.930E+02
   0.08065   8    0.23041  38   1.016E+05  7.846E-07  6.499E-02  2.930E+02  2.930E+02
   0.08065   8    0.23672  39   1.016E+05  9.913E-07  6.499E-02  2.930E+02  2.930E+02
   0.08065   8    0.24303  40   1.016E+05  8.183E-07  6.499E-02  2.930E+02  2.930E+02
   0.08065   8    0.24934  41   1.016E+05  8.371E-07  6.499E-02  2.930E+02  2.930E+02
   0.08065   8    0.25566  42   1.016E+05  1.217E-06  6.498E-02  2.930E+02  2.930E+02
   0.08065   8    0.26197  43   1.016E+05  1.234E-06  6.499E-02  2.930E+02  2.930E+02
   0.08065   8    0.26828  44   1.016E+05  1.215E-06  6.500E-02  2.930E+02  2.930E+02
   0.08065   8    0.27459  45   1.016E+05  9.082E-07  6.499E-02  2.930E+02  2.930E+02
   0.08065   8    0.28091  46   1.016E+05  6.937E-07  6.499E-02  2.930E+02  2.930E+02
   0.08065   8    0.28722  47   1.016E+05  8.686E-07  6.498E-02  2.930E+02  2.930E+02
   0.08065   8    0.29353  48   1.016E+05  6.539E-07  6.499E-02  2.930E+02  2.930E+02
   0.08065   8    0.29984  49   1.016E+05  8.881E-07  6.499E-02  2.930E+02  2.930E+02
   0.08065   8    0.30616  50   1.016E+05  1.100E-06  6.500E-02  2.930E+02  2.930E+02
   0.08065   8    0.31247  51   1.015E+05  7.980E-07  6.499E-02  2.930E+02  2.930E+02
   0.08065   8    0.31878  52   1.015E+05  1.045E-06  6.498E-02  2.930E+02  2.930E+02
   0.08065   8    0.32509  53   1.015E+05  5.967E-07  6.499E-02  2.930E+02  2.930E+02
   0.08065   8    0.33141  54   1.015E+05  7.915E-07  6.500E-02  2.930E+02  2.930E+02
   0.08065   8    0.33772  55   1.015E+05  6.407E-07  6.500E-02  2.930E+02  2.930E+02
   0.08065   8    0.34403  56   1.015E+05  1.450E-07  6.499E-02  2.930E+02  2.930E+02
   0.08065   8    0.35034  57   1.015E+05  2.198E-06  6.498E-02  2.930E+02  2.930E+02
   0.08065   8    0.35666  58   1.015E+05  5.488E-06  6.499E-02  2.930E+02  2.930E+02
   0.08065   8    0.36297  59   1.015E+05  2.202E-06  6.500E-02  2.930E+02  2.930E+02
   0.08065   8    0.36928  60   1.015E+05 -7.083E-08  6.499E-02  2.930E+02  2.930E+02
   0.08065   8    0.37559  61   1.015E+05 -1.160E-07  6.499E-02  2.930E+02  2.930E+02
   0.08065   8    0.38191  62   1.015E+05  2.140E-06  6.498E-02  2.930E+02  2.930E+02
   0.08065   8    0.38822  63   1.015E+05  5.389E-06  6.499E-02  2.930E+02  2.930E+02
   0.08065   8    0.39453  64   1.015E+05  2.048E-06  6.500E-02  2.930E+02  2.930E+02
   0.08065   8    0.40084  65   1.014E+05 -1.023E-07  6.499E-02  2.930E+02  2.930E+02
   0.08065   8    0.40716  66   1.014E+05 -1.114E-07  6.499E-02  2.930E+02  2.930E+02
   0.08065   8    0.41347  67   1.014E+05  2.150E-06  6.500E-02  2.930E+02  2.930E+02
   0.08065   8    0.41978  68   1.014E+05  5.647E-06  6.499E-02  2.930E+02  2.930E+02
   0.08065   8    0.42609  69   1.014E+05  2.182E-06  6.499E-02  2.930E+02  2.930E+02
   0.08065   8    0.43241  70   1.014E+05 -1.195E-07  6.499E-02  2.930E+02  2.930E+02
   0.08065   8    0.43872  71   1.014E+05  2.722E-07  6.499E-02  2.930E+02  2.930E+02
   0.08065   8    0.44503  72   1.014E+05  2.720E-07  6.499E-02  2.930E+02  2.930E+02
   0.08065   8    0.45134  73   1.014E+05  2.483E-07  6.499E-02  2.930E+02  2.930E+02
   0.08065   8    0.45766  74   1.014E+05  2.608E-07  6.500E-02  2.930E+02  2.930E+02
   0.08065   8    0.46397  75   1.014E+05  2.233E-07  6.499E-02  2.930E+02  2.930E+02
   0.08065   8    0.47028  76   1.014E+05  1.911E-07  6.499E-02  2.930E+02  2.930E+02
   0.08065   8    0.47659  77   1.014E+05  1.561E-07  6.500E-02  2.930E+02  2.930E+02
   0.08065   8    0.48291  78   1.014E+05  1.236E-07  6.499E-02  2.930E+02  2.930E+02
   0.08065   8    0.48922  79   1.013E+05  9.364E-08  6.499E-02  2.930E+02  2.930E+02
   0.08065   8    0.49553  80   1.013E+05  6.389E-08  6.499E-02  2.930E+02  2.930E+02
   0.08065   8    0.50184  81   1.013E+05  4.722E-08  6.499E-02  2.930E+02  2.930E+02
   0.08065   8    0.50500  82   1.013E+05  0.000E+00  6.499E-02  2.930E+02  2.930E+02
   0.09305   9    0.00000   1   1.019E+05  0.000E+00  6.500E-02  2.930E+02  2.930E+02
   0.09305   9    0.00316   2   1.019E+05  5.604E-07  6.502E-02  2.933E+02  2.930E+02
   0.09305   9    0.00947   3   1.019E+05  5.610E-07  6.500E-02  2.940E+02  2.930E+02
   0.09305   9    0.01578   4   1.019E+05  5.731E-07  6.500E-02  2.950E+02  2.930E+02
   0.09305   9    0.02209   5   1.019E+05  5.896E-07  6.500E-02  2.964E+02  2.930E+02
   0.09305   9    0.02841   6   1.019E+05  6.012E-07  6.500E-02  2.987E+02  2.930E+02
   0.09305   9    0.03472   7   1.019E+05  6.247E-07  6.500E-02  3.022E+02  2.930E+02
   0.09305   9    0.04103   8   1.019E+05  6.838E-07  6.500E-02  3.074E+02  2.930E+02
   0.09305   9    0.04734   9   1.019E+05  5.787E-07  6.500E-02  3.149E+02  2.930E+02
   0.09305   9    0.05366  10   1.019E+05  8.856E-07  6.499E-02  3.255E+02  2.930E+02
   0.09305   9    0.05997  11   1.018E+05  9.240E-07  6.499E-02  3.400E+02  2.930E+02
   0.09305   9    0.06628  12   1.018E+05  1.114E-06  6.499E-02  3.589E+02  2.930E+02
   0.09305   9    0.07259  13   1.018E+05  1.144E-06  6.499E-02  3.822E+02  2.930E+02
   0.09305   9    0.07891  14   1.018E+05  1.345E-06  6.498E-02  4.079E+02  2.930E+02
   0.09305   9    0.08522  15   1.018E+05  1.660E-06  6.499E-02  4.303E+02  2.930E+02
   0.09305   9    0.09153  16   1.018E+05  1.779E-06  6.499E-02  4.401E+02  2.930E+02
   0.09305   9    0.09784  17   1.018E+05  1.523E-06  6.498E-02  4.303E+02  2.930E+02
   0.09305   9    0.10416  18   1.018E+05  1.942E-06  6.499E-02  4.079E+02  2.930E+02
   0.09305   9    0.11047  19   1.018E+05  9.164E-07  6.499E-02  3.822E+02  2.930E+02
   0.09305   9    0.11678  20   1.018E+05  2.298E-06  6.498E-02  3.589E+02  2.930E+02
   0.09305   9    0.12309  21   1.018E+05  5.427E-06  6.499E-02  3.400E+02  2.930E+02
   0.09305   9    0.12941  22   1.018E+05  2.161E-06  6.499E-02  3.255E+02  2.930E+02
   0.09305   9    0.13572  23   1.018E+05  6.202E-07  6.499E-02  3.149E+02  2.930E+02
   0.09305   9    0.14203  24   1.017E+05  1.057E-06  6.499E-02  3.074E+02  2.930E+02
   0.09305   9    0.14834  25   1.017E+05  1.062E-06  6.498E-02  3.022E+02  2.930E+02
   0.09305   9    0.15466  26   1.017E+05  7.446E-07  6.498E-02  2.987E+02  2.930E+02
   0.09305   9    0.16097  27   1.017E+05  7.945E-07  6.499E-02  2.965E+02  2.930E+02
   0.09305   9    0.16728  28   1.017E+05  8.623E-07  6.499E-02  2.951E+02  2.930E+02
   0.09305   9    0.17359  29   1.017E+05  1.333E-06  6.498E-02  2.942E+02  2.930E+02
   0.09305   9    0.17991  30   1.017E+05  1.683E-06  6.499E-02  2.937E+02  2.930E+02
   0.09305   9    0.18622  31   1.017E+05  1.452E-06  6.499E-02  2.934E+02  2.930E+02
   0.09305   9    0.19253  32   1.017E+05  1.370E-06  6.499E-02  2.932E+02  2.930E+02
   0.09305   9    0.19884  33   1.017E+05  1.502E-06  6.499E-02  2.931E+02  2.930E+02
   0.09305   9    0.20516  34   1.017E+05  1.245E-06  6.498E-02  2.931E+02  2.930E+02
   0.09305   9    0.21147  35   1.017E+05  9.172E-07  6.499E-02  2.930E+02  2.930E+02
   0.09305   9    0.21778  36   1.017E+05  9.227E-07  6.499E-02  2.930E+02  2.930E+02
   0.09305   9    0.22409  37   1.017E+05  1.177E-06  6.498E-02  2.930E+02  2.930E+02
   0.09305   9    0.23041  38   1.016E+05  1.428E-06  6.499E-02  2.930E+02  2.930E+02
   0.09305   9    0.23672  39   1.016E+05  1.070E-06  6.499E-02  2.930E+02  2.930E+02
   0.09305   9    0.24303  40   1.016E+05  7.712E-07  6.499E-02  2.930E+02  2.930E+02
   0.09305   9    0.24934  41   1.016E+05  2.853E-07  6.499E-02  2.930E+02  2.930E+02
   0.09305   9    0.25566  42   1.016E+05  2.318E-06  6.498E-02  2.930E+02  2.930E+02
   0.09305   9    0.26197  43   1.016E+05  5.675E-06  6.499E-02  2.930E+02  2.930E+02
   0.09305   9    0.26828  44   1.016E+05  2.231E-06  6.499E-02  2.930E+02  2.930E+02
   0.09305   9    0.27459  45   1.016E+05  2.529E-07  6.499E-02  2.930E+02  2.930E+02
   0.09305   9    0.28091  46   1.016E+05  7.316E-07  6.499E-02  2.930E+02  2.930E+02
   0.09305   9    0.28722  47   1.016E+05  8.354E-07  6.498E-02  2.930E+02  2.930E+02
   0.09305   9    0.29353  48   1.016E+05  1.199E-06  6.499E-02  2.930E+02  2.930E+02
   0.09305   9    0.29984  49   1.016E+05  1.069E-06  6.499E-02  2.930E+02  2.930E+02
   0.09305   9    0.30616  50   1.016E+05  7.730E-07  6.499E-02  2.930E+02  2.930E+02
   0.09305   9    0.31247  51   1.015E+05 -3.686E-08  6.499E-02  2.930E+02  2.930E+02
   0.09305   9    0.31878  52   1.015E+05  1.908E-06  6.498E-02  2.930E+02  2.930E+02
   0.09305   9    0.32509  53   1.015E+05  5.026E-06  6.499E-02  2.930E+02  2.930E+02
   0.09305   9    0.33141  54   1.015E+05  1.795E-06  6.499E-02  2.930E+02  2.930E+02
   0.09305   9    0.33772  55   1.015E+05 -2.153E-07  6.499E-02  2.930E+02  2.930E+02
   0.09305   9    0.34403  56   1.015E+05  6.581E-08  6.499E-02  2.930E+02  2.930E+02
   0.09305   9    0.35034  57   1.015E+05  2.381E-06  6.499E-02  2.930E+02  2.930E+02
   0.09305   9    0.35666  58   1.015E+05  5.941E-06  6.499E-02  2.930E+02  2.930E+02
   0.09305   9    0.36297  59   1.015E+05  2.782E-06  6.499E-02  2.930E+02  2.930E+02
   0.09305   9    0.36928  60   1.015E+05  6.621E-07  6.499E-02  2.930E+02  2.930E+02
   0.09305   9    0.37559  61   1.015E+05  5.307E-07  6.499E-02  2.930E+02  2.930E+02
   0.09305   9    0.38191  62   1.015E+05  2.515E-06  6.499E-02  2.930E+02  2.930E+02
   0.09305   9    0.38822  63   1.015E+05  6.111E-06  6.499E-02  2.930E+02  2.930E+02
   0.09305   9    0.39453  64   1.015E+05  2.371E-06  6.499E-02  2.930E+02  2.930E+02
   0.09305   9    0.40084  65   1.014E+05  4.970E-08  6.499E-02  2.930E+02  2.930E+02
   0.09305   9    0.40716  66   1.014E+05  4.363E-07  6.500E-02  2.930E+02  2.930E+02
   0.09305   9    0.41347  67   1.014E+05  6.338E-07  6.500E-02  2.930E+02  2.930E+02
   0.09305   9    0.41978  68   1.014E+05  4.762E-07  6.499E-02  2.930E+02  2.930E+02
   0.09305   9    0.42609  69   1.014E+05  6.412E-07  6.498E-02  2.930E+02  2.930E+02
   0.09305   9    0.43241  70   1.014E+05  3.959E-07  6.499E-02  2.930E+02  2.930E+02
   0.09305   9    0.43872  71   1.014E+05  3.656E-07  6.499E-02  2.930E+02  2.930E+02
   0.09305   9    0.44503  72   1.014E+05  3.817E-07  6.499E-02  2.930E+02  2.930E+02
   0.09305   9    0.45134  73   1.014E+05  1.816E-07  6.499E-02  2.930E+02  2.930E+02
   0.09305   9    0.45766  74   1.014E+05  3.276E-07  6.500E-02  2.930E+02  2.930E+02
   0.09305   9    0.46397  75   1.014E+05  2.432E-07  6.499E-02  2.930E+02  2.930E+02
   0.09305   9    0.47028  76   1.014E+05  2.024E-07  6.499E-02  2.930E+02  2.930E+02
   0.09305   9    0.47659  77   1.014E+05  1.563E-07  6.500E-02  2.930E+02  2.930E+02
   0.09305   9    0.48291  78   1.014E+05  1.191E-07  6.499E-02  2.930E+02  2.930E+02
   0.09305   9    0.48922  79   1.013E+05  8.741E-08  6.499E-02  2.930E+02  2.930E+02
   0.09305   9    0.49553  80   1.013E+05  5.802E-08  6.499E-02  2.930E+02  2.930E+02
   0.09305   9    0.50184  81   1.013E+05  4.212E-08  6.499E-02  2.930E+02  2.930E+02
   0.09305   9    0.50500  82   1.013E+05  0.000E+00  6.499E-02  2.930E+02  2.930E+02
   0.10546  10    0.00000   1   1.019E+05  0.000E+00  6.500E-02  2.930E+02  2.930E+02
   0.10546  10    0.00316   2   1.019E+05  4.569E-07  6.502E-02  2.933E+02  2.930E+02
   0.10546  10    0.00947   3   1.019E+05  4.674E-07  6.500E-02  2.940E+02  2.930E+02
   0.10546  10    0.01578   4   1.019E+05  4.835E-07  6.500E-02  2.950E+02  2.930E+02
   0.10546  10    0.02209   5   1.019E+05  5.075E-07  6.500E-02  2.964E+02  2.930E+02
   0.10546  10    0.02841   6   1.019E+05  5.343E-07  6.500E-02  2.987E+02  2.930E+02
   0.10546  10    0.03472   7   1.019E+05  5.562E-07  6.500E-02  3.022E+02  2.930E+02
   0.10546  10    0.04103   8   1.019E+05  5.860E-07  6.500E-02  3.074E+02  2.930E+02
   0.10546  10    0.04734   9   1.019E+05  4.393E-07  6.500E-02  3.149E+02  2.930E+02
   0.10546  10    0.05366  10   1.019E+05  6.487E-07  6.500E-02  3.255E+02  2.930E+02
   0.10546  10    0.05997  11   1.018E+05  6.681E-07  6.499E-02  3.400E+02  2.930E+02
   0.10546  10    0.06628  12   1.018E+05  7.271E-07  6.499E-02  3.589E+02  2.930E+02
   0.10546  10    0.07259  13   1.018E+05  6.131E-07  6.499E-02  3.822E+02  2.930E+02
   0.10546  10    0.07891  14   1.018E+05  8.485E-07  6.499E-02  4.079E+02  2.930E+02
   0.10546  10    0.08522  15   1.018E+05  1.348E-06  6.499E-02  4.303E+02  2.930E+02
   0.10546  10    0.09153  16   1.018E+05  7.546E-07  6.499E-02  4.401E+02  2.930E+02
   0.10546  10    0.09784  17   1.018E+05  2.342E-06  6.498E-02  4.303E+02  2.930E+02
   0.10546  10    0.10416  18   1.018E+05  6.259E-06  6.499E-02  4.079E+02  2.930E+02
   0.10546  10    0.11047  19   1.018E+05  1.916E-06  6.499E-02  3.822E+02  2.930E+02
   0.10546  10    0.11678  20   1.018E+05  1.504E-06  6.499E-02  3.589E+02  2.930E+02
   0.10546  10    0.12309  21   1.018E+05  5.305E-06  6.499E-02  3.400E+02  2.930E+02
   0.10546  10    0.12941  22   1.018E+05  1.993E-06  6.498E-02  3.255E+02  2.930E+02
   0.10546  10    0.13572  23   1.018E+05  1.503E-07  6.499E-02  3.149E+02  2.930E+02
   0.10546  10    0.14203  24   1.017E+05  3.819E-07  6.499E-02  3.074E+02  2.930E+02
   0.10546  10    0.14834  25   1.017E+05  5.514E-07  6.498E-02  3.022E+02  2.930E+02
   0.10546  10    0.15466  26   1.017E+05  5.113E-07  6.498E-02  2.987E+02  2.930E+02
   0.10546  10    0.16097  27   1.017E+05  5.719E-07  6.499E-02  2.965E+02  2.930E+02
   0.10546  10    0.16728  28   1.017E+05  2.155E-07  6.499E-02  2.951E+02  2.930E+02
   0.10546  10    0.17359  29   1.017E+05  2.418E-06  6.498E-02  2.942E+02  2.930E+02
   0.10546  10    0.17991  30   1.017E+05  6.415E-06  6.499E-02  2.937E+02  2.930E+02
   0.10546  10    0.18622  31   1.017E+05  2.453E-06  6.499E-02  2.934E+02  2.930E+02
   0.10546  10    0.19253  32   1.017E+05  2.790E-07  6.499E-02  2.932E+02  2.930E+02
   0.10546  10    0.19884  33   1.017E+05  4.511E-07  6.499E-02  2.931E+02  2.930E+02
   0.10546  10    0.20516  34   1.017E+05  5.460E-07  6.498E-02  2.931E+02  2.930E+02
   0.10546  10    0.21147  35   1.017E+05  5.176E-07  6.499E-02  2.930E+02  2.930E+02
   0.10546  10    0.21778  36   1.017E+05  1.580E-07  6.499E-02  2.930E+02  2.930E+02
   0.10546  10    0.22409  37   1.017E+05  2.181E-06  6.499E-02  2.930E+02  2.930E+02
   0.10546  10    0.23041  38   1.016E+05  5.894E-06  6.499E-02  2.930E+02  2.930E+02
   0.10546  10    0.23672  39   1.016E+05  2.040E-06  6.499E-02  2.930E+02  2.930E+02
   0.10546  10    0.24303  40   1.016E+05  2.176E-08  6.499E-02  2.930E+02  2.930E+02
   0.10546  10    0.24934  41   1.016E+05  5.714E-09  6.499E-02  2.930E+02  2.930E+02
   0.10546  10    0.25566  42   1.016E+05  1.903E-06  6.499E-02  2.930E+02  2.930E+02
   0.10546  10    0.26197  43   1.016E+05  5.144E-06  6.499E-02  2.930E+02  2.930E+02
   0.10546  10    0.26828  44   1.016E+05  1.888E-06  6.498E-02  2.930E+02  2.930E+02
   0.10546  10    0.27459  45   1.016E+05  1.500E-07  6.499E-02  2.930E+02  2.930E+02
   0.10546  10    0.28091  46   1.016E+05  4.236E-07  6.499E-02  2.930E+02  2.930E+02
   0.10546  10    0.28722  47   1.016E+05  3.003E-06  6.499E-02  2.930E+02  2.930E+02
   0.10546  10    0.29353  48   1.016E+05  6.542E-06  6.499E-02  2.930E+02  2.930E+02
   0.10546  10    0.29984  49   1.016E+05  2.553E-06  6.499E-02  2.930E+02  2.930E+02
   0.10546  10    0.30616  50   1.016E+05  2.542E-07  6.499E-02  2.930E+02  2.930E+02
   0.10546  10    0.31247  51   1.015E+05  8.426E-08  6.499E-02  2.930E+02  2.930E+02
   0.10546  10    0.31878  52   1.015E+05  1.876E-06  6.499E-02  2.930E+02  2.930E+02
   0.10546  10    0.32509  53   1.015E+05  5.153E-06  6.499E-02  2.930E+02  2.930E+02
   0.10546  10    0.33141  54   1.015E+05  2.059E-06  6.499E-02  2.930E+02  2.930E+02
   0.10546  10    0.33772  55   1.015E+05  5.636E-07  6.499E-02  2.930E+02  2.930E+02
   0.10546  10    0.34403  56   1.015E+05  8.121E-07  6.500E-02  2.930E+02  2.930E+02
   0.10546  10    0.35034  57   1.015E+05  1.228E-06  6.500E-02  2.930E+02  2.930E+02
   0.10546  10    0.35666  58   1.015E+05  9.834E-07  6.499E-02  2.930E+02  2.930E+02
   0.10546  10    0.36297  59   1.015E+05  3.373E-06  6.498E-02  2.930E+02  2.930E+02
   0.10546  10    0.36928  60   1.015E+05  7.436E-06  6.499E-02  2.930E+02  2.930E+02
   0.10546  10    0.37559  61   1.015E+05  3.024E-06  6.499E-02  2.930E+02  2.930E+02
   0.10546  10    0.38191  62   1.015E+05  9.326E-07  6.500E-02  2.930E+02  2.930E+02
   0.10546  10    0.38822  63   1.015E+05  1.362E-06  6.499E-02  2.930E+02  2.930E+02
   0.10546  10    0.39453  64   1.015E+05  9.818E-07  6.498E-02  2.930E+02  2.930E+02
   0.10546  10    0.40084  65   1.014E+05  5.093E-07  6.499E-02  2.930E+02  2.930E+02
   0.10546  10    0.40716  66   1.014E+05  3.729E-07  6.500E-02  2.930E+02  2.930E+02
   0.10546  10    0.41347  67   1.014E+05  3.065E-07  6.500E-02  2.930E+02  2.930E+02
   0.10546  10    0.41978  68   1.014E+05  5.771E-08  6.499E-02  2.930E+02  2.930E+02
   0.10546  10    0.42609  69   1.014E+05  2.780E-07  6.499E-02  2.930E+02  2.930E+02
   0.10546  10    0.43241  70   1.014E+05  2.999E-07  6.499E-02  2.930E+02  2.930E+02
   0.10546  10    0.43872  71   1.014E+05  3.715E-07  6.499E-02  2.930E+02  2.930E+02
   0.10546  10    0.44503  72   1.014E+05  6.233E-07  6.498E-02  2.930E+02  2.930E+02
   0.10546  10    0.45134  73   1.014E+05  6.997E-07  6.499E-02  2.930E+02  2.930E+02
   0.10546  10    0.45766  74   1.014E+05  5.952E-07  6.500E-02  2.930E+02  2.930E+02
   0.10546  10    0.46397  75   1.014E+05  3.136E-07  6.499E-02  2.930E+02  2.930E+02
   0.10546  10    0.47028  76   1.014E+05  2.244E-07  6.499E-02  2.930E+02  2.930E+02
   0.10546  10    0.47659  77   1.014E+05  1.514E-07  6.500E-02  2.930E+02  2.930E+02
   0.10546  10    0.48291  78   1.014E+05  1.068E-07  6.499E-02  2.930E+02  2.930E+02
   0.10546  10    0.48922  79   1.013E+05  7.414E-08  6.499E-02  2.930E+02  2.930E+02
   0.10546  10    0.49553  80   1.013E+05  4.748E-08  6.499E-02  2.930E+02  2.930E+02
   0.10546  10    0.50184  81   1.013E+05  3.350E-08  6.499E-02  2.930E+02  2.930E+02
   0.10546  10    0.50500  82   1.013E+05  0.000E+00  6.499E-02  2.930E+02  2.930E+02
   0.11787  11    0.00000   1   1.019E+05  0.000E+00  6.500E-02  2.930E+02  2.930E+02
   0.11787  11    0.00316   2   1.019E+05  1.924E-07  6.502E-02  2.933E+02  2.930E+02
   0.11787  11    0.00947   3   1.019E+05  1.981E-07  6.500E-02  2.940E+02  2.930E+02
   0.11787  11    0.01578   4   1.019E+05  2.079E-07  6.500E-02  2.950E+02  2.930E+02
   0.11787  11    0.02209   5   1.019E+05  2.228E-07  6.500E-02  2.964E+02  2.930E+02
   0.11787  11    0.02841   6   1.019E+05  2.422E-07  6.500E-02  2.987E+02  2.930E+02
   0.11787  11    0.03472   7   1.019E+05  2.690E-07  6.500E-02  3.022E+02  2.930E+02
   0.11787  11    0.04103   8   1.019E+05  2.893E-07  6.500E-02  3.074E+02  2.930E+02
   0.11787  11    0.04734   9   1.019E+05  3.160E-07  6.500E-02  3.149E+02  2.930E+02
   0.11787  11    0.05366  10   1.019E+05  3.243E-07  6.500E-02  3.255E+02  2.930E+02
   0.11787  11    0.05997  11   1.018E+05  3.392E-07  6.499E-02  3.400E+02  2.930E+02
   0.11787  11    0.06628  12   1.018E+05  3.431E-07  6.499E-02  3.589E+02  2.930E+02
   0.11787  11    0.07259  13   1.018E+05  3.738E-07  6.499E-02  3.822E+02  2.930E+02
   0.11787  11    0.07891  14   1.018E+05  2.356E-07  6.499E-02  4.079E+02  2.930E+02
   0.11787  11    0.08522  15   1.018E+05  4.886E-07  6.499E-02  4.303E+02  2.930E+02
   0.11787  11    0.09153  16   1.018E+05 -3.506E-08  6.499E-02  4.401E+02  2.930E+02
   0.11787  11    0.09784  17   1.018E+05  1.719E-06  6.499E-02  4.303E+02  2.930E+02
   0.11787  11    0.10416  18   1.018E+05  2.252E-05  6.499E-02  4.079E+02  2.930E+02
   0.11787  11    0.11047  19   1.018E+05  1.812E-06  6.498E-02  3.822E+02  2.930E+02
   0.11787  11    0.11678  20   1.018E+05 -5.891E-08  6.499E-02  3.589E+02  2.930E+02
   0.11787  11    0.12309  21   1.018E+05  8.160E-07  6.499E-02  3.400E+02  2.930E+02
   0.11787  11    0.12941  22   1.018E+05  5.698E-07  6.498E-02  3.255E+02  2.930E+02
   0.11787  11    0.13572  23   1.018E+05  3.842E-07  6.499E-02  3.149E+02  2.930E+02
   0.11787  11    0.14203  24   1.017E+05  2.964E-07  6.499E-02  3.074E+02  2.930E+02
   0.11787  11    0.14834  25   1.017E+05  2.560E-07  6.498E-02  3.022E+02  2.930E+02
   0.11787  11    0.15466  26   1.017E+05  1.933E-07  6.498E-02  2.987E+02  2.930E+02
   0.11787  11    0.16097  27   1.017E+05  1.768E-07  6.499E-02  2.965E+02  2.930E+02
   0.11787  11    0.16728  28   1.017E+05 -2.847E-07  6.499E-02  2.951E+02  2.930E+02
   0.11787  11    0.17359  29   1.017E+05  1.503E-06  6.499E-02  2.942E+02  2.930E+02
   0.11787  11    0.17991  30   1.017E+05  2.232E-05  6.499E-02  2.937E+02  2.930E+02
   0.11787  11    0.18622  31   1.017E+05  1.607E-06  6.498E-02  2.934E+02  2.930E+02
   0.11787  11    0.19253  32   1.017E+05 -2.769E-07  6.499E-02  2.932E+02  2.930E+02
   0.11787  11    0.19884  33   1.017E+05  1.510E-07  6.499E-02  2.931E+02  2.930E+02
   0.11787  11    0.20516  34   1.017E+05  1.404E-07  6.498E-02  2.931E+02  2.930E+02
   0.11787  11    0.21147  35   1.017E+05  1.321E-07  6.499E-02  2.930E+02  2.930E+02
   0.11787  11    0.21778  36   1.017E+05 -3.225E-07  6.499E-02  2.930E+02  2.930E+02
   0.11787  11    0.22409  37   1.017E+05  1.436E-06  6.500E-02  2.930E+02  2.930E+02
   0.11787  11    0.23041  38   1.016E+05  2.222E-05  6.499E-02  2.930E+02  2.930E+02
   0.11787  11    0.23672  39   1.016E+05  1.529E-06  6.498E-02  2.930E+02  2.930E+02
   0.11787  11    0.24303  40   1.016E+05 -3.038E-07  6.499E-02  2.930E+02  2.930E+02
   0.11787  11    0.24934  41   1.016E+05  2.102E-07  6.499E-02  2.930E+02  2.930E+02
   0.11787  11    0.25566  42   1.016E+05  4.158E-07  6.499E-02  2.930E+02  2.930E+02
   0.11787  11    0.26197  43   1.016E+05  6.541E-07  6.499E-02  2.930E+02  2.930E+02
   0.11787  11    0.26828  44   1.016E+05  4.707E-07  6.498E-02  2.930E+02  2.930E+02
   0.11787  11    0.27459  45   1.016E+05  3.903E-07  6.499E-02  2.930E+02  2.930E+02
   0.11787  11    0.28091  46   1.016E+05  1.111E-07  6.500E-02  2.930E+02  2.930E+02
   0.11787  11    0.28722  47   1.016E+05  2.590E-06  6.500E-02  2.930E+02  2.930E+02
   0.11787  11    0.29353  48   1.016E+05  2.304E-05  6.499E-02  2.930E+02  2.930E+02
   0.11787  11    0.29984  49   1.016E+05  1.965E-06  6.498E-02  2.930E+02  2.930E+02
   0.11787  11    0.30616  50   1.016E+05 -1.326E-07  6.499E-02  2.930E+02  2.930E+02
   0.11787  11    0.31247  51   1.015E+05  2.814E-07  6.499E-02  2.930E+02  2.930E+02
   0.11787  11    0.31878  52   1.015E+05  4.445E-07  6.499E-02  2.930E+02  2.930E+02
   0.11787  11    0.32509  53   1.015E+05  5.422E-07  6.499E-02  2.930E+02  2.930E+02
   0.11787  11    0.33141  54   1.015E+05  6.917E-07  6.499E-02  2.930E+02  2.930E+02
   0.11787  11    0.33772  55   1.015E+05  1.062E-06  6.499E-02  2.930E+02  2.930E+02
   0.11787  11    0.34403  56   1.015E+05  4.890E-07  6.500E-02  2.930E+02  2.930E+02
   0.11787  11    0.35034  57   1.015E+05  3.920E-07  6.499E-02  2.930E+02  2.930E+02
   0.11787  11    0.35666  58   1.015E+05 -3.746E-07  6.499E-02  2.930E+02  2.930E+02
   0.11787  11    0.36297  59   1.015E+05  2.126E-06  6.500E-02  2.930E+02  2.930E+02
   0.11787  11    0.36928  60   1.015E+05  2.370E-05  6.499E-02  2.930E+02  2.930E+02
   0.11787  11    0.37559  61   1.015E+05  2.200E-06  6.498E-02  2.930E+02  2.930E+02
   0.11787  11    0.38191  62   1.015E+05 -3.995E-08  6.499E-02  2.930E+02  2.930E+02
   0.11787  11    0.38822  63   1.015E+05  1.051E-07  6.499E-02  2.930E+02  2.930E+02
   0.11787  11    0.39453  64   1.015E+05  2.048E-07  6.498E-02  2.930E+02  2.930E+02
   0.11787  11    0.40084  65   1.014E+05  1.553E-07  6.499E-02  2.930E+02  2.930E+02
   0.11787  11    0.40716  66   1.014E+05  1.383E-07  6.500E-02  2.930E+02  2.930E+02
   0.11787  11    0.41347  67   1.014E+05  1.244E-07  6.500E-02  2.930E+02  2.930E+02
   0.11787  11    0.41978  68   1.014E+05  1.052E-07  6.499E-02  2.930E+02  2.930E+02
   0.11787  11    0.42609  69   1.014E+05  1.280E-07  6.499E-02  2.930E+02  2.930E+02
   0.11787  11    0.43241  70   1.014E+05  1.579E-07  6.499E-02  2.930E+02  2.930E+02
   0.11787  11    0.43872  71   1.014E+05  2.140E-07  6.499E-02  2.930E+02  2.930E+02
   0.11787  11    0.44503  72   1.014E+05  4.265E-07  6.499E-02  2.930E+02  2.930E+02
   0.11787  11    0.45134  73   1.014E+05  6.630E-07  6.499E-02  2.930E+02  2.930E+02
   0.11787  11    0.45766  74   1.014E+05  4.154E-07  6.499E-02  2.930E+02  2.930E+02
   0.11787  11    0.46397  75   1.014E+05  1.896E-07  6.499E-02  2.930E+02  2.930E+02
   0.11787  11    0.47028  76   1.014E+05  1.212E-07  6.499E-02  2.930E+02  2.930E+02
   0.11787  11    0.47659  77   1.014E+05  7.422E-08  6.500E-02  2.930E+02  2.930E+02
   0.11787  11    0.48291  78   1.014E+05  4.924E-08  6.499E-02  2.930E+02  2.930E+02
   0.11787  11    0.48922  79   1.013E+05  3.277E-08  6.499E-02  2.930E+02  2.930E+02
   0.11787  11    0.49553  80   1.013E+05  2.046E-08  6.499E-02  2.930E+02  2.930E+02
   0.11787  11    0.50184  81   1.013E+05  1.413E-08  6.499E-02  2.930E+02  2.930E+02
   0.11787  11    0.50500  82   1.013E+05  0.000E+00  6.499E-02  2.930E+02  2.930E+02
   0.12407  12    0.00000   1   1.019E+05  0.000E+00  6.500E-02  2.930E+02  2.930E+02
   0.12407  12    0.00316   2   1.019E+05  1.924E-07  6.502E-02  2.933E+02  2.930E+02
   0.12407  12    0.00947   3   1.019E+05  1.981E-07  6.500E-02  2.940E+02  2.930E+02
   0.12407  12    0.01578   4   1.019E+05  2.079E-07  6.500E-02  2.950E+02  2.930E+02
   0.12407  12    0.02209   5   1.019E+05  2.228E-07  6.500E-02  2.964E+02  2.930E+02
   0.12407  12    0.02841   6   1.019E+05  2.422E-07  6.500E-02  2.987E+02  2.930E+02
   0.12407  12    0.03472   7   1.019E+05  2.690E-07  6.500E-02  3.022E+02  2.930E+02
   0.12407  12    0.04103   8   1.019E+05  2.893E-07  6.500E-02  3.074E+02  2.930E+02
   0.12407  12    0.04734   9   1.019E+05  3.160E-07  6.500E-02  3.149E+02  2.930E+02
   0.12407  12    0.05366  10   1.019E+05  3.243E-07  6.500E-02  3.255E+02  2.930E+02
   0.12407  12    0.05997  11   1.018E+05  3.392E-07  6.499E-02  3.400E+02  2.930E+02
   0.12407  12    0.06628  12   1.018E+05  3.431E-07  6.499E-02  3.589E+02  2.930E+02
   0.12407  12    0.07259  13   1.018E+05  3.738E-07  6.499E-02  3.822E+02  2.930E+02
   0.12407  12    0.07891  14   1.018E+05  2.356E-07  6.499E-02  4.079E+02  2.930E+02
   0.12407  12    0.08522  15   1.018E+05  4.886E-07  6.499E-02  4.303E+02  2.930E+02
   0.12407  12    0.09153  16   1.018E+05 -3.506E-08  6.499E-02  4.401E+02  2.930E+02
   0.12407  12    0.09784  17   1.018E+05  1.719E-06  6.499E-02  4.303E+02  2.930E+02
   0.12407  12    0.10416  18   1.018E+05  2.252E-05  6.499E-02  4.079E+02  2.930E+02
   0.12407  12    0.11047  19   1.018E+05  1.812E-06  6.498E-02  3.822E+02  2.930E+02
   0.12407  12    0.11678  20   1.018E+05 -5.891E-08  6.499E-02  3.589E+02  2.930E+02
   0.12407  12    0.12309  21   1.018E+05  8.160E-07  6.499E-02  3.400E+02  2.930E+02
   0.12407  12    0.12941  22   1.018E+05  5.698E-07  6.498E-02  3.255E+02  2.930E+02
   0.12407  12    0.13572  23   1.018E+05  3.842E-07  6.499E-02  3.149E+02  2.930E+02
   0.12407  12    0.14203  24   1.017E+05  2.964E-07  6.499E-02  3.074E+02  2.930E+02
   0.12407  12    0.14834  25   1.017E+05  2.560E-07  6.498E-02  3.022E+02  2.930E+02
   0.12407  12    0.15466  26   1.017E+05  1.933E-07  6.498E-02  2.987E+02  2.930E+02
   0.12407  12    0.16097  27   1.017E+05  1.768E-07  6.499E-02  2.965E+02  2.930E+02
   0.12407  12    0.16728  28   1.017E+05 -2.847E-07  6.499E-02  2.951E+02  2.930E+02
   0.12407  12    0.17359  29   1.017E+05  1.503E-06  6.499E-02  2.942E+02  2.930E+02
   0.12407  12    0.17991  30   1.017E+05  2.232E-05  6.499E-02  2.937E+02  2.930E+02
   0.12407  12    0.18622  31   1.017E+05  1.607E-06  6.498E-02  2.934E+02  2.930E+02
   0.12407  12    0.19253  32   1.017E+05 -2.769E-07  6.499E-02  2.932E+02  2.930E+02
   0.12407  12    0.19884  33   1.017E+05  1.510E-07  6.499E-02  2.931E+02  2.930E+02
   0.12407  12    0.20516  34   1.017E+05  1.404E-07  6.498E-02  2.931E+02  2.930E+02
   0.12407  12    0.21147  35   1.017E+05  1.321E-07  6.499E-02  2.930E+02  2.930E+02
   0.12407  12    0.21778  36   1.017E+05 -3.225E-07  6.499E-02  2.930E+02  2.930E+02
   0.12407  12    0.22409  37   1.017E+05  1.436E-06  6.500E-02  2.930E+02  2.930E+02
   0.12407  12    0.23041  38   1.016E+05  2.222E-05  6.499E-02  2.930E+02  2.930E+02
   0.12407  12    0.23672  39   1.016E+05  1.529E-06  6.498E-02  2.930E+02  2.930E+02
   0.12407  12    0.24303  40   1.016E+05 -3.038E-07  6.499E-02  2.930E+02  2.930E+02
   0.12407  12    0.24934  41   1.016E+05  2.102E-07  6.499E-02  2.930E+02  2.930E+02
   0.12407  12    0.25566  42   1.016E+05  4.158E-07  6.499E-02  2.930E+02  2.930E+02
   0.12407  12    0.26197  43   1.016E+05  6.541E-07  6.499E-02  2.930E+02  2.930E+02
   0.12407  12    0.26828  44   1.016E+05  4.707E-07  6.498E-02  2.930E+02  2.930E+02
   0.12407  12    0.27459  45   1.016E+05  3.903E-07  6.499E-02  2.930E+02  2.930E+02
   0.12407  12    0.28091  46   1.016E+05  1.111E-07  6.500E-02  2.930E+02  2.930E+02
   0.12407  12    0.28722  47   1.016E+05  2.590E-06  6.500E-02  2.930E+02  2.930E+02
   0.12407  12    0.29353  48   1.016E+05  2.304E-05  6.499E-02  2.930E+02  2.930E+02
   0.12407  12    0.29984  49   1.016E+05  1.965E-06  6.498E-02  2.930E+02  2.930E+02
   0.12407  12    0.30616  50   1.016E+05 -1.326E-07  6.499E-02  2.930E+02  2.930E+02
   0.12407  12    0.31247  51   1.015E+05  2.814E-07  6.499E-02  2.930E+02  2.930E+02
   0.12407  12    0.31878  52   1.015E+05  4.445E-07  6.499E-02  2.930E+02  2.930E+02
   0.12407  12    0.32509  53   1.015E+05  5.422E-07  6.499E-02  2.930E+02  2.930E+02
   0.12407  12    0.33141  54   1.015E+05  6.917E-07  6.499E-02  2.930E+02  2.930E+02
   0.12407  12    0.33772  55   1.015E+05  1.062E-06  6.499E-02  2.930E+02  2.930E+02
   0.12407  12    0.34403  56   1.015E+05  4.890E-07  6.500E-02  2.930E+02  2.930E+02
   0.12407  12    0.35034  57   1.015E+05  3.920E-07  6.499E-02  2.930E+02  2.930E+02
   0.12407  12    0.35666  58   1.015E+05 -3.746E-07  6.499E-02  2.930E+02  2.930E+02
   0.12407  12    0.36297  59   1.015E+05  2.126E-06  6.500E-02  2.930E+02  2.930E+02
   0.12407  12    0.36928  60   1.015E+05  2.370E-05  6.499E-02  2.930E+02  2.930E+02
   0.12407  12    0.37559  61   1.015E+05  2.200E-06  6.498E-02  2.930E+02  2.930E+02
   0.12407  12    0.38191  62   1.015E+05 -3.995E-08  6.499E-02  2.930E+02  2.930E+02
   0.12407  12    0.38822  63   1.015E+05  1.051E-07  6.499E-02  2.930E+02  2.930E+02
   0.12407  12    0.39453  64   1.015E+05  2.048E-07  6.498E-02  2.930E+02  2.930E+02
   0.12407  12    0.40084  65   1.014E+05  1.553E-07  6.499E-02  2.930E+02  2.930E+02
   0.12407  12    0.40716  66   1.014E+05  1.383E-07  6.500E-02  2.930E+02  2.930E+02
   0.12407  12    0.41347  67   1.014E+05  1.244E-07  6.500E-02  2.930E+02  2.930E+02
   0.12407  12    0.41978  68   1.014E+05  1.052E-07  6.499E-02  2.930E+02  2.930E+02
   0.12407  12    0.42609  69   1.014E+05  1.280E-07  6.499E-02  2.930E+02  2.930E+02
   0.12407  12    0.43241  70   1.014E+05  1.579E-07  6.499E-02  2.930E+02  2.930E+02
   0.12407  12    0.43872  71   1.014E+05  2.140E-07  6.499E-02  2.930E+02  2.930E+02
   0.12407  12    0.44503  72   1.014E+05  4.265E-07  6.499E-02  2.930E+02  2.930E+02
   0.12407  12    0.45134  73   1.014E+05  6.630E-07  6.499E-02  2.930E+02  2.930E+02
   0.12407  12    0.45766  74   1.014E+05  4.154E-07  6.499E-02  2.930E+02  2.930E+02
   0.12407  12    0.46397  75   1.014E+05  1.896E-07  6.499E-02  2.930E+02  2.930E+02
   0.12407  12    0.47028  76   1.014E+05  1.212E-07  6.499E-02  2.930E+02  2.930E+02
   0.12407  12    0.47659  77   1.014E+05  7.422E-08  6.500E-02  2.930E+02  2.930E+02
   0.12407  12    0.48291  78   1.014E+05  4.924E-08  6.499E-02  2.930E+02  2.930E+02
   0.12407  12    0.48922  79   1.013E+05  3.277E-08  6.499E-02  2.930E+02  2.930E+02
   0.12407  12    0.49553  80   1.013E+05  2.046E-08  6.499E-02  2.930E+02  2.930E+02
   0.12407  12    0.50184  81   1.013E+05  1.413E-08  6.499E-02  2.930E+02  2.930E+02
   0.12407  12    0.50500  82   1.013E+05  0.000E+00  6.499E-02  2.930E+02  2.930E+02
