# xp i yp j p u v ts tf
   0.00000   1    0.00000   1   1.019E+05  1.753E-07  6.502E-02  2.934E+02  2.930E+02
   0.00000   1    0.00316   2   1.019E+05  1.753E-07  6.502E-02  2.934E+02  2.930E+02
   0.00000   1    0.00947   3   1.019E+05  3.427E-07  6.500E-02  2.943E+02  2.930E+02
   0.00000   1    0.01578   4   1.019E+05  5.595E-08  6.500E-02  2.955E+02  2.930E+02
   0.00000   1    0.02209   5   1.019E+05  1.627E-06  6.500E-02  2.973E+02  2.930E+02
   0.00000   1    0.02841   6   1.019E+05  2.222E-05  6.500E-02  3.000E+02  2.930E+02
   0.00000   1    0.03472   7   1.019E+05  1.503E-06  6.501E-02  3.040E+02  2.930E+02
   0.00000   1    0.04103   8   1.019E+05 -5.606E-07  6.500E-02  3.098E+02  2.930E+02
   0.00000   1    0.04734   9   1.019E+05  8.558E-08  6.500E-02  3.181E+02  2.930E+02
   0.00000   1    0.05366  10   1.019E+05  9.503E-08  6.500E-02  3.293E+02  2.930E+02
   0.00000   1    0.05997  11   1.018E+05  1.534E-07  6.500E-02  3.440E+02  2.930E+02
   0.00000   1    0.06628  12   1.018E+05  1.710E-07  6.500E-02  3.623E+02  2.930E+02
   0.00000   1    0.07259  13   1.018E+05  1.832E-07  6.500E-02  3.830E+02  2.930E+02
   0.00000   1    0.07891  14   1.018E+05  1.910E-07  6.500E-02  4.034E+02  2.930E+02
   0.00000   1    0.08522  15   1.018E+05  2.028E-07  6.500E-02  4.190E+02  2.930E+02
   0.00000   1    0.09153  16   1.018E+05  2.093E-07  6.500E-02  4.250E+02  2.930E+02
   0.00000   1    0.09784  17   1.018E+05  2.769E-07  6.500E-02  4.190E+02  2.930E+02
   0.00000   1    0.10416  18   1.018E+05  1.897E-07  6.499E-02  4.034E+02  2.930E+02
   0.00000   1    0.11047  19   1.018E+05  7.506E-07  6.499E-02  3.830E+02  2.930E+02
   0.00000   1    0.11678  20   1.018E+05  1.175E-06  6.499E-02  3.623E+02  2.930E+02
   0.00000   1    0.12309  21   1.018E+05  7.236E-07  6.500E-02  3.440E+02  2.930E+02
   0.00000   1    0.12941  22   1.018E+05  3.017E-07  6.500E-02  3.293E+02  2.930E+02
   0.00000   1    0.13572  23   1.018E+05  1.922E-07  6.500E-02  3.181E+02  2.930E+02
   0.00000   1    0.14203  24   1.017E+05  1.090E-07  6.500E-02  3.099E+02  2.930E+02
   0.00000   1    0.14834  25   1.017E+05  8.392E-08  6.500E-02  3.040E+02  2.930E+02
   0.00000   1    0.15466  26   1.017E+05  6.849E-08  6.500E-02  3.001E+02  2.930E+02
   0.00000   1    0.16097  27   1.017E+05  6.289E-08  6.500E-02  2.974E+02  2.930E+02
   0.00000   1    0.16728  28   1.017E+05  5.352E-08  6.500E-02  2.957E+02  2.930E+02
   0.00000   1    0.17359  29   1.017E+05  4.628E-08  6.500E-02  2.946E+02  2.930E+02
   0.00000   1    0.17991  30   1.017E+05  4.286E-08  6.500E-02  2.939E+02  2.930E+02
   0.00000   1    0.18622  31   1.017E+05  4.096E-08  6.500E-02  2.935E+02  2.930E+02
   0.00000   1    0.19253  32   1.017E+05  4.093E-08  6.500E-02  2.933E+02  2.930E+02
   0.00000   1    0.19884  33   1.017E+05  4.151E-08  6.500E-02  2.932E+02  2.930E+02
   0.00000   1    0.20516  34   1.017E+05  4.293E-08  6.500E-02  2.931E+02  2.930E+02
   0.00000   1    0.21147  35   1.017E+05  4.391E-08  6.499E-02  2.930E+02  2.930E+02
   0.00000   1    0.21778  36   1.017E+05  4.790E-08  6.499E-02  2.930E+02  2.930E+02
   0.00000   1    0.22409  37   1.017E+05  4.095E-08  6.499E-02  2.930E+02  2.930E+02
   0.00000   1    0.23041  38   1.016E+05  5.229E-08  6.500E-02  2.930E+02  2.930E+02
   0.00000   1    0.23672  39   1.016E+05  5.309E-08  6.500E-02  2.930E+02  2.930E+02
   0.00000   1    0.24303  40   1.016E+05  5.765E-08  6.500E-02  2.930E+02  2.930E+02
   0.00000   1    0.24934  41   1.016E+05  6.320E-08  6.500E-02  2.930E+02  2.930E+02
   0.00000   1    0.25566  42   1.016E+05  7.112E-08  6.500E-02  2.930E+02  2.930E+02
   0.00000   1    0.26197  43   1.016E+05  8.339E-08  6.500E-02  2.930E+02  2.930E+02
   0.00000   1    0.26828  44   1.016E+05  8.997E-08  6.500E-02  2.930E+02  2.930E+02
   0.00000   1    0.27459  45   1.016E+05  1.558E-07  6.500E-02  2.930E+02  2.930E+02
   0.00000   1    0.28091  46   1.016E+05 -1.668E-07  6.499E-02  2.930E+02  2.930E+02
   0.00000   1    0.28722  47   1.016E+05  2.022E-06  6.499E-02  2.930E+02  2.930E+02
   0.00000   1    0.29353  48   1.016E+05  2.366E-05  6.499E-02  2.930E+02  2.930E+02
   0.00000   1    0.29984  49   1.016E+05  2.421E-06  6.500E-02  2.930E+02  2.930E+02
   0.00000   1    0.30616  50   1.016E+05  4.017E-07  6.500E-02  2.930E+02  2.930E+02
   0.00000   1    0.31247  51   1.015E+05  5.024E-07  6.500E-02  2.930E+02  2.930E+02
   0.00000   1    0.31878  52   1.015E+05  2.120E-07  6.500E-02  2.930E+02  2.930E+02
   0.00000   1    0.32509  53   1.015E+05  1.439E-07  6.500E-02  2.930E+02  2.930E+02
   0.00000   1    0.33141  54   1.015E+05  8.901E-08  6.500E-02  2.930E+02  2.930E+02
   0.00000   1    0.33772  55   1.015E+05  6.092E-08  6.500E-02  2.930E+02  2.930E+02
   0.00000   1    0.34403  56   1.015E+05  4.300E-08  6.500E-02  2.930E+02  2.930E+02
   0.00000   1    0.35034  57   1.015E+05  3.192E-08  6.500E-02  2.930E+02  2.930E+02
   0.00000   1    0.35666  58   1.015E+05  2.465E-08  6.500E-02  2.930E+02  2.930E+02
   0.00000   1    0.36297  59   1.015E+05  2.003E-08  6.500E-02  2.930E+02  2.930E+02
   0.00000   1    0.36928  60   1.015E+05  1.731E-08  6.500E-02  2.930E+02  2.930E+02
   0.00000   1    0.37559  61   1.015E+05  1.523E-08  6.500E-02  2.930E+02  2.930E+02
   0.00000   1    0.38191  62   1.015E+05  1.131E-08  6.500E-02  2.930E+02  2.930E+02
   0.00000   1    0.38822  63   1.015E+05  9.027E-09  6.500E-02  2.930E+02  2.930E+02
   0.00000   1    0.39453  64   1.015E+05  4.087E-09  6.500E-02  2.930E+02  2.930E+02
   0.00000   1    0.40084  65   1.014E+05  7.402E-09  6.500E-02  2.930E+02  2.930E+02
   0.00000   1    0.40716  66   1.014E+05  7.945E-09  6.500E-02  2.930E+02  2.930E+02
   0.00000   1    0.41347  67   1.014E+05  9.089E-09  6.500E-02  2.930E+02  2.930E+02
   0.00000   1    0.41978  68   1.014E+05  9.791E-09  6.500E-02  2.930E+02  2.930E+02
   0.00000   1    0.42609  69   1.014E+05  1.025E-08  6.500E-02  2.930E+02  2.930E+02
   0.00000   1    0.43241  70   1.014E+05  1.056E-08  6.500E-02  2.930E+02  2.930E+02
   0.00000   1    0.43872  71   1.014E+05  1.114E-08  6.500E-02  2.930E+02  2.930E+02
   0.00000   1    0.44503  72   1.014E+05  1.233E-08  6.500E-02  2.930E+02  2.930E+02
   0.00000   1    0.45134  73   1.014E+05  1.489E-08  6.500E-02  2.930E+02  2.930E+02
   0.00000   1    0.45766  74   1.014E+05  2.041E-08  6.500E-02  2.930E+02  2.930E+02
   0.00000   1    0.46397  75   1.014E+05  2.961E-08  6.500E-02  2.930E+02  2.930E+02
   0.00000   1    0.47028  76   1.014E+05  5.754E-08  6.500E-02  2.930E+02  2.930E+02
   0.00000   1    0.47659  77   1.014E+05  4.205E-08  6.500E-02  2.930E+02  2.930E+02
   0.00000   1    0.48291  78   1.014E+05  4.524E-07  6.500E-02  2.930E+02  2.930E+02
   0.00000   1    0.48922  79   1.013E+05 -1.668E-06  6.501E-02  2.930E+02  2.930E+02
   0.00000   1    0.49553  80   1.013E+05 -2.319E-05  6.499E-02  2.930E+02  2.930E+02
   0.00000   1    0.50184  81   1.013E+05 -2.918E-07  6.499E-02  2.930E+02  2.930E+02
   0.00000   1    0.50500  82   1.013E+05 -2.918E-07  6.499E-02  2.930E+02  2.930E+02
   0.00620   2    0.00000   1   1.019E+05  0.000E+00  6.500E-02  2.930E+02  2.930E+02
   0.00620   2    0.00316   2   1.019E+05  1.753E-07  6.502E-02  2.934E+02  2.930E+02
   0.00620   2    0.00947   3   1.019E+05  3.427E-07  6.500E-02  2.943E+02  2.930E+02
   0.00620   2    0.01578   4   1.019E+05  5.595E-08  6.500E-02  2.955E+02  2.930E+02
   0.00620   2    0.02209   5   1.019E+05  1.627E-06  6.500E-02  2.973E+02  2.930E+02
   0.00620   2    0.02841   6   1.019E+05  2.222E-05  6.500E-02  3.000E+02  2.930E+02
   0.00620   2    0.03472   7   1.019E+05  1.503E-06  6.501E-02  3.040E+02  2.930E+02
   0.00620   2    0.04103   8   1.019E+05 -5.606E-07  6.500E-02  3.098E+02  2.930E+02
   0.00620   2    0.04734   9   1.019E+05  8.558E-08  6.500E-02  3.181E+02  2.930E+02
   0.00620   2    0.05366  10   1.019E+05  9.503E-08  6.500E-02  3.293E+02  2.930E+02
   0.00620   2    0.05997  11   1.018E+05  1.534E-07  6.500E-02  3.440E+02  2.930E+02
   0.00620   2    0.06628  12   1.018E+05  1.710E-07  6.500E-02  3.623E+02  2.930E+02
   0.00620   2    0.07259  13   1.018E+05  1.832E-07  6.500E-02  3.830E+02  2.930E+02
   0.00620   2    0.07891  14   1.018E+05  1.910E-07  6.500E-02  4.034E+02  2.930E+02
   0.00620   2    0.08522  15   1.018E+05  2.028E-07  6.500E-02  4.190E+02  2.930E+02
   0.00620   2    0.09153  16   1.018E+05  2.093E-07  6.500E-02  4.250E+02  2.930E+02
   0.00620   2    0.09784  17   1.018E+05  2.769E-07  6.500E-02  4.190E+02  2.930E+02
   0.00620   2    0.10416  18   1.018E+05  1.897E-07  6.499E-02  4.034E+02  2.930E+02
   0.00620   2    0.11047  19   1.018E+05  7.506E-07  6.499E-02  3.830E+02  2.930E+02
   0.00620   2    0.11678  20   1.018E+05  1.175E-06  6.499E-02  3.623E+02  2.930E+02
   0.00620   2    0.12309  21   1.018E+05  7.236E-07  6.500E-02  3.440E+02  2.930E+02
   0.00620   2    0.12941  22   1.018E+05  3.017E-07  6.500E-02  3.293E+02  2.930E+02
   0.00620   2    0.13572  23   1.018E+05  1.922E-07  6.500E-02  3.181E+02  2.930E+02
   0.00620   2    0.14203  24   1.017E+05  1.090E-07  6.500E-02  3.099E+02  2.930E+02
   0.00620   2    0.14834  25   1.017E+05  8.392E-08  6.500E-02  3.040E+02  2.930E+02
   0.00620   2    0.15466  26   1.017E+05  6.849E-08  6.500E-02  3.001E+02  2.930E+02
   0.00620   2    0.16097  27   1.017E+05  6.289E-08  6.500E-02  2.974E+02  2.930E+02
   0.00620   2    0.16728  28   1.017E+05  5.352E-08  6.500E-02  2.957E+02  2.930E+02
   0.00620   2    0.17359  29   1.017E+05  4.628E-08  6.500E-02  2.946E+02  2.930E+02
   0.00620   2    0.17991  30   1.017E+05  4.286E-08  6.500E-02  2.939E+02  2.930E+02
   0.00620   2    0.18622  31   1.017E+05  4.096E-08  6.500E-02  2.935E+02  2.930E+02
   0.00620   2    0.19253  32   1.017E+05  4.093E-08  6.500E-02  2.933E+02  2.930E+02
   0.00620   2    0.19884  33   1.017E+05  4.151E-08  6.500E-02  2.932E+02  2.930E+02
   0.00620   2    0.20516  34   1.017E+05  4.293E-08  6.500E-02  2.931E+02  2.930E+02
   0.00620   2    0.21147  35   1.017E+05  4.391E-08  6.499E-02  2.930E+02  2.930E+02
   0.00620   2    0.21778  36   1.017E+05  4.790E-08  6.499E-02  2.930E+02  2.930E+02
   0.00620   2    0.22409  37   1.017E+05  4.095E-08  6.499E-02  2.930E+02  2.930E+02
   0.00620   2    0.23041  38   1.016E+05  5.229E-08  6.500E-02  2.930E+02  2.930E+02
   0.00620   2    0.23672  39   1.016E+05  5.309E-08  6.500E-02  2.930E+02  2.930E+02
   0.00620   2    0.24303  40   1.016E+05  5.765E-08  6.500E-02  2.930E+02  2.930E+02
   0.00620   2    0.24934  41   1.016E+05  6.320E-08  6.500E-02  2.930E+02  2.930E+02
   0.00620   2    0.25566  42   1.016E+05  7.112E-08  6.500E-02  2.930E+02  2.930E+02
   0.00620   2    0.26197  43   1.016E+05  8.339E-08  6.500E-02  2.930E+02  2.930E+02
   0.00620   2    0.26828  44   1.016E+05  8.997E-08  6.500E-02  2.930E+02  2.930E+02
   0.00620   2    0.27459  45   1.016E+05  1.558E-07  6.500E-02  2.930E+02  2.930E+02
   0.00620   2    0.28091  46   1.016E+05 -1.668E-07  6.499E-02  2.930E+02  2.930E+02
   0.00620   2    0.28722  47   1.016E+05  2.022E-06  6.499E-02  2.930E+02  2.930E+02
   0.00620   2    0.29353  48   1.016E+05  2.366E-05  6.499E-02  2.930E+02  2.930E+02
   0.00620   2    0.29984  49   1.016E+05  2.421E-06  6.500E-02  2.930E+02  2.930E+02
   0.00620   2    0.30616  50   1.016E+05  4.017E-07  6.500E-02  2.930E+02  2.930E+02
   0.00620   2    0.31247  51   1.015E+05  5.024E-07  6.500E-02  2.930E+02  2.930E+02
   0.00620   2    0.31878  52   1.015E+05  2.120E-07  6.500E-02  2.930E+02  2.930E+02
   0.00620   2    0.32509  53   1.015E+05  1.439E-07  6.500E-02  2.930E+02  2.930E+02
   0.00620   2    0.33141  54   1.015E+05  8.901E-08  6.500E-02  2.930E+02  2.930E+02
   0.00620   2    0.33772  55   1.015E+05  6.092E-08  6.500E-02  2.930E+02  2.930E+02
   0.00620   2    0.34403  56   1.015E+05  4.300E-08  6.500E-02  2.930E+02  2.930E+02
   0.00620   2    0.35034  57   1.015E+05  3.192E-08  6.500E-02  2.930E+02  2.930E+02
   0.00620   2    0.35666  58   1.015E+05  2.465E-08  6.500E-02  2.930E+02  2.930E+02
   0.00620   2    0.36297  59   1.015E+05  2.003E-08  6.500E-02  2.930E+02  2.930E+02
   0.00620   2    0.36928  60   1.015E+05  1.731E-08  6.500E-02  2.930E+02  2.930E+02
   0.00620   2    0.37559  61   1.015E+05  1.523E-08  6.500E-02  2.930E+02  2.930E+02
   0.00620   2    0.38191  62   1.015E+05  1.131E-08  6.500E-02  2.930E+02  2.930E+02
   0.00620   2    0.38822  63   1.015E+05  9.027E-09  6.500E-02  2.930E+02  2.930E+02
   0.00620   2    0.39453  64   1.015E+05  4.087E-09  6.500E-02  2.930E+02  2.930E+02
   0.00620   2    0.40084  65   1.014E+05  7.402E-09  6.500E-02  2.930E+02  2.930E+02
   0.00620   2    0.40716  66   1.014E+05  7.945E-09  6.500E-02  2.930E+02  2.930E+02
   0.00620   2    0.41347  67   1.014E+05  9.089E-09  6.500E-02  2.930E+02  2.930E+02
   0.00620   2    0.41978  68   1.014E+05  9.791E-09  6.500E-02  2.930E+02  2.930E+02
   0.00620   2    0.42609  69   1.014E+05  1.025E-08  6.500E-02  2.930E+02  2.930E+02
   0.00620   2    0.43241  70   1.014E+05  1.056E-08  6.500E-02  2.930E+02  2.930E+02
   0.00620   2    0.43872  71   1.014E+05  1.114E-08  6.500E-02  2.930E+02  2.930E+02
   0.00620   2    0.44503  72   1.014E+05  1.233E-08  6.500E-02  2.930E+02  2.930E+02
   0.00620   2    0.45134  73   1.014E+05  1.489E-08  6.500E-02  2.930E+02  2.930E+02
   0.00620   2    0.45766  74   1.014E+05  2.041E-08  6.500E-02  2.930E+02  2.930E+02
   0.00620   2    0.46397  75   1.014E+05  2.961E-08  6.500E-02  2.930E+02  2.930E+02
   0.00620   2    0.47028  76   1.014E+05  5.754E-08  6.500E-02  2.930E+02  2.930E+02
   0.00620   2    0.47659  77   1.014E+05  4.205E-08  6.500E-02  2.930E+02  2.930E+02
   0.00620   2    0.48291  78   1.014E+05  4.524E-07  6.500E-02  2.930E+02  2.930E+02
   0.00620   2    0.48922  79   1.013E+05 -1.668E-06  6.501E-02  2.930E+02  2.930E+02
   0.00620   2    0.49553  80   1.013E+05 -2.319E-05  6.499E-02  2.930E+02  2.930E+02
   0.00620   2    0.50184  81   1.013E+05 -2.918E-07  6.499E-02  2.930E+02  2.930E+02
   0.00620   2    0.50500  82   1.013E+05  0.000E+00  6.499E-02  2.930E+02  2.930E+02
   0.01861   3    0.00000   1   1.019E+05  0.000E+00  6.500E-02  2.930E+02  2.930E+02
   0.01861   3    0.00316   2   1.019E+05 -4.110E-07  6.502E-02  2.934E+02  2.930E+02
   0.01861   3    0.00947   3   1.019E+05  1.633E-06  6.500E-02  2.943E+02  2.930E+02
   0.01861   3    0.01578   4   1.019E+05  4.292E-06  6.500E-02  2.955E+02  2.930E+02
   0.01861   3    0.02209   5   1.019E+05  3.280E-06  6.501E-02  2.973E+02  2.930E+02
   0.01861   3    0.02841   6   1.019E+05  5.003E-06  6.500E-02  3.000E+02  2.930E+02
   0.01861   3    0.03472   7   1.019E+05  1.944E-06  6.500E-02  3.040E+02  2.930E+02
   0.01861   3    0.04103   8   1.019E+05 -2.245E-07  6.500E-02  3.098E+02  2.930E+02
   0.01861   3    0.04734   9   1.019E+05  4.248E-07  6.500E-02  3.181E+02  2.930E+02
   0.01861   3    0.05366  10   1.019E+05  4.123E-07  6.500E-02  3.293E+02  2.930E+02
   0.01861   3    0.05997  11   1.018E+05  4.644E-07  6.500E-02  3.440E+02  2.930E+02
   0.01861   3    0.06628  12   1.018E+05  4.767E-07  6.500E-02  3.623E+02  2.930E+02
   0.01861   3    0.07259  13   1.018E+05  4.845E-07  6.500E-02  3.830E+02  2.930E+02
   0.01861   3    0.07891  14   1.018E+05  4.868E-07  6.500E-02  4.034E+02  2.930E+02
   0.01861   3    0.08522  15   1.018E+05  4.890E-07  6.500E-02  4.190E+02  2.930E+02
   0.01861   3    0.09153  16   1.018E+05  4.613E-07  6.500E-02  4.250E+02  2.930E+02
   0.01861   3    0.09784  17   1.018E+05  5.136E-07  6.500E-02  4.190E+02  2.930E+02
   0.01861   3    0.10416  18   1.018E+05 -7.225E-08  6.499E-02  4.034E+02  2.930E+02
   0.01861   3    0.11047  19   1.018E+05  2.252E-06  6.499E-02  3.830E+02  2.930E+02
   0.01861   3    0.11678  20   1.018E+05  5.778E-06  6.499E-02  3.623E+02  2.930E+02
   0.01861   3    0.12309  21   1.018E+05  2.193E-06  6.500E-02  3.440E+02  2.930E+02
   0.01861   3    0.12941  22   1.018E+05 -5.861E-08  6.500E-02  3.293E+02  2.930E+02
   0.01861   3    0.13572  23   1.018E+05  3.037E-07  6.500E-02  3.181E+02  2.930E+02
   0.01861   3    0.14203  24   1.017E+05  2.027E-07  6.500E-02  3.099E+02  2.930E+02
   0.01861   3    0.14834  25   1.017E+05  1.956E-07  6.500E-02  3.040E+02  2.930E+02
   0.01861   3    0.15466  26   1.017E+05  1.588E-07  6.500E-02  3.001E+02  2.930E+02
   0.01861   3    0.16097  27   1.017E+05  1.445E-07  6.500E-02  2.974E+02  2.930E+02
   0.01861   3    0.16728  28   1.017E+05  1.303E-07  6.500E-02  2.957E+02  2.930E+02
   0.01861   3    0.17359  29   1.017E+05  1.206E-07  6.500E-02  2.946E+02  2.930E+02
   0.01861   3    0.17991  30   1.017E+05  1.126E-07  6.500E-02  2.939E+02  2.930E+02
   0.01861   3    0.18622  31   1.017E+05  1.076E-07  6.500E-02  2.935E+02  2.930E+02
   0.01861   3    0.19253  32   1.017E+05  1.050E-07  6.500E-02  2.933E+02  2.930E+02
   0.01861   3    0.19884  33   1.017E+05  1.025E-07  6.500E-02  2.932E+02  2.930E+02
   0.01861   3    0.20516  34   1.017E+05  1.001E-07  6.500E-02  2.931E+02  2.930E+02
   0.01861   3    0.21147  35   1.017E+05  8.227E-08  6.499E-02  2.930E+02  2.930E+02
   0.01861   3    0.21778  36   1.017E+05  9.017E-08  6.499E-02  2.930E+02  2.930E+02
   0.01861   3    0.22409  37   1.017E+05 -1.158E-07  6.499E-02  2.930E+02  2.930E+02
   0.01861   3    0.23041  38   1.016E+05  9.928E-08  6.500E-02  2.930E+02  2.930E+02
   0.01861   3    0.23672  39   1.016E+05  1.024E-07  6.500E-02  2.930E+02  2.930E+02
   0.01861   3    0.24303  40   1.016E+05  1.318E-07  6.500E-02  2.930E+02  2.930E+02
   0.01861   3    0.24934  41   1.016E+05  1.487E-07  6.500E-02  2.930E+02  2.930E+02
   0.01861   3    0.25566  42   1.016E+05  1.691E-07  6.500E-02  2.930E+02  2.930E+02
   0.01861   3    0.26197  43   1.016E+05  1.967E-07  6.500E-02  2.930E+02  2.930E+02
   0.01861   3    0.26828  44   1.016E+05  2.234E-07  6.500E-02  2.930E+02  2.930E+02
   0.01861   3    0.27459  45   1.016E+05  3.261E-07  6.500E-02  2.930E+02  2.930E+02
   0.01861   3    0.28091  46   1.016E+05  2.332E-08  6.500E-02  2.930E+02  2.930E+02
   0.01861   3    0.28722  47   1.016E+05  2.430E-06  6.500E-02  2.930E+02  2.930E+02
   0.01861   3    0.29353  48   1.016E+05  6.172E-06  6.499E-02  2.930E+02  2.930E+02
   0.01861   3    0.29984  49   1.016E+05  4.085E-06  6.499E-02  2.930E+02  2.930E+02
   0.01861   3    0.30616  50   1.016E+05  4.951E-06  6.499E-02  2.930E+02  2.930E+02
   0.01861   3    0.31247  51   1.015E+05  1.935E-06  6.500E-02  2.930E+02  2.930E+02
   0.01861   3    0.31878  52   1.015E+05 -3.050E-07  6.500E-02  2.930E+02  2.930E+02
   0.01861   3    0.32509  53   1.015E+05  1.212E-07  6.500E-02  2.930E+02  2.930E+02
   0.01861   3    0.33141  54   1.015E+05  7.949E-08  6.500E-02  2.930E+02  2.930E+02
   0.01861   3    0.33772  55   1.015E+05  8.441E-08  6.500E-02  2.930E+02  2.930E+02
   0.01861   3    0.34403  56   1.015E+05  7.202E-08  6.500E-02  2.930E+02  2.930E+02
   0.01861   3    0.35034  57   1.015E+05  6.239E-08  6.500E-02  2.930E+02  2.930E+02
   0.01861   3    0.35666  58   1.015E+05  5.268E-08  6.500E-02  2.930E+02  2.930E+02
   0.01861   3    0.36297  59   1.015E+05  4.526E-08  6.500E-02  2.930E+02  2.930E+02
   0.01861   3    0.36928  60   1.015E+05  3.846E-08  6.500E-02  2.930E+02  2.930E+02
   0.01861   3    0.37559  61   1.015E+05  3.382E-08  6.500E-02  2.930E+02  2.930E+02
   0.01861   3    0.38191  62   1.015E+05  2.394E-08  6.500E-02  2.930E+02  2.930E+02
   0.01861   3    0.38822  63   1.015E+05  2.768E-08  6.500E-02  2.930E+02  2.930E+02
   0.01861   3    0.39453  64   1.015E+05  1.415E-08  6.500E-02  2.930E+02  2.930E+02
   0.01861   3    0.40084  65   1.014E+05  2.857E-08  6.500E-02  2.930E+02  2.930E+02
   0.01861   3    0.40716  66   1.014E+05  2.647E-08  6.500E-02  2.930E+02  2.930E+02
   0.01861   3    0.41347  67   1.014E+05  2.911E-08  6.500E-02  2.930E+02  2.930E+02
   0.01861   3    0.41978  68   1.014E+05  2.873E-08  6.500E-02  2.930E+02  2.930E+02
   0.01861   3    0.42609  69   1.014E+05  2.811E-08  6.500E-02  2.930E+02  2.930E+02
   0.01861   3    0.43241  70   1.014E+05  2.701E-08  6.500E-02  2.930E+02  2.930E+02
   0.01861   3    0.43872  71   1.014E+05  2.581E-08  6.500E-02  2.930E+02  2.930E+02
   0.01861   3    0.44503  72   1.014E+05  2.467E-08  6.500E-02  2.930E+02  2.930E+02
   0.01861   3    0.45134  73   1.014E+05  2.366E-08  6.500E-02  2.930E+02  2.930E+02
   0.01861   3    0.45766  74   1.014E+05  2.313E-08  6.500E-02  2.930E+02  2.930E+02
   0.01861   3    0.46397  75   1.014E+05  2.105E-08  6.500E-02  2.930E+02  2.930E+02
   0.01861   3    0.47028  76   1.014E+05  2.792E-08  6.500E-02  2.930E+02  2.930E+02
   0.01861   3    0.47659  77   1.014E+05 -3.447E-08  6.500E-02  2.930E+02  2.930E+02
   0.01861   3    0.48291  78   1.014E+05  3.045E-07  6.500E-02  2.930E+02  2.930E+02
   0.01861   3    0.48922  79   1.013E+05 -2.055E-06  6.500E-02  2.930E+02  2.930E+02
   0.01861   3    0.49553  80   1.013E+05 -6.358E-06  6.500E-02  2.930E+02  2.930E+02
   0.01861   3    0.50184  81   1.013E+05 -4.719E-07  6.500E-02  2.930E+02  2.930E+02
   0.01861   3    0.50500  82   1.013E+05  0.000E+00  6.500E-02  2.930E+02  2.930E+02
   0.03102   4    0.00000   1   1.019E+05  0.000E+00  6.500E-02  2.930E+02  2.930E+02
   0.03102   4    0.00316   2   1.019E+05  1.165E-06  6.502E-02  2.934E+02  2.930E+02
   0.03102   4    0.00947   3   1.019E+05  2.600E-06  6.501E-02  2.943E+02  2.930E+02
   0.03102   4    0.01578   4   1.019E+05  5.493E-06  6.500E-02  2.955E+02  2.930E+02
   0.03102   4    0.02209   5   1.019E+05  2.495E-06  6.500E-02  2.973E+02  2.930E+02
   0.03102   4    0.02841   6   1.019E+05  5.323E-07  6.500E-02  3.000E+02  2.930E+02
   0.03102   4    0.03472   7   1.019E+05  9.431E-07  6.500E-02  3.040E+02  2.930E+02
   0.03102   4    0.04103   8   1.019E+05  7.027E-07  6.500E-02  3.098E+02  2.930E+02
   0.03102   4    0.04734   9   1.019E+05  7.206E-07  6.500E-02  3.181E+02  2.930E+02
   0.03102   4    0.05366  10   1.019E+05  7.005E-07  6.500E-02  3.293E+02  2.930E+02
   0.03102   4    0.05997  11   1.018E+05  6.965E-07  6.500E-02  3.440E+02  2.930E+02
   0.03102   4    0.06628  12   1.018E+05  6.922E-07  6.500E-02  3.623E+02  2.930E+02
   0.03102   4    0.07259  13   1.018E+05  6.841E-07  6.500E-02  3.830E+02  2.930E+02
   0.03102   4    0.07891  14   1.018E+05  6.758E-07  6.500E-02  4.034E+02  2.930E+02
   0.03102   4    0.08522  15   1.018E+05  6.612E-07  6.500E-02  4.190E+02  2.930E+02
   0.03102   4    0.09153  16   1.018E+05  6.263E-07  6.500E-02  4.250E+02  2.930E+02
   0.03102   4    0.09784  17   1.018E+05  6.385E-07  6.500E-02  4.190E+02  2.930E+02
   0.03102   4    0.10416  18   1.018E+05  1.710E-07  6.500E-02  4.034E+02  2.930E+02
   0.03102   4    0.11047  19   1.018E+05  2.285E-06  6.500E-02  3.830E+02  2.930E+02
   0.03102   4    0.11678  20   1.018E+05  5.724E-06  6.499E-02  3.623E+02  2.930E+02
   0.03102   4    0.12309  21   1.018E+05  2.211E-06  6.499E-02  3.440E+02  2.930E+02
   0.03102   4    0.12941  22   1.018E+05 -2.136E-07  6.499E-02  3.293E+02  2.930E+02
   0.03102   4    0.13572  23   1.018E+05  3.130E-07  6.500E-02  3.181E+02  2.930E+02
   0.03102   4    0.14203  24   1.017E+05 -1.821E-07  6.500E-02  3.099E+02  2.930E+02
   0.03102   4    0.14834  25   1.017E+05  1.774E-07  6.500E-02  3.040E+02  2.930E+02
   0.03102   4    0.15466  26   1.017E+05  1.275E-07  6.500E-02  3.001E+02  2.930E+02
   0.03102   4    0.16097  27   1.017E+05  1.627E-07  6.500E-02  2.974E+02  2.930E+02
   0.03102   4    0.16728  28   1.017E+05  1.606E-07  6.500E-02  2.957E+02  2.930E+02
   0.03102   4    0.17359  29   1.017E+05  1.633E-07  6.500E-02  2.946E+02  2.930E+02
   0.03102   4    0.17991  30   1.017E+05  1.597E-07  6.500E-02  2.939E+02  2.930E+02
   0.03102   4    0.18622  31   1.017E+05  1.585E-07  6.500E-02  2.935E+02  2.930E+02
   0.03102   4    0.19253  32   1.017E+05  1.615E-07  6.500E-02  2.933E+02  2.930E+02
   0.03102   4    0.19884  33   1.017E+05  1.713E-07  6.500E-02  2.932E+02  2.930E+02
   0.03102   4    0.20516  34   1.017E+05  2.027E-07  6.500E-02  2.931E+02  2.930E+02
   0.03102   4    0.21147  35   1.017E+05  2.363E-07  6.499E-02  2.930E+02  2.930E+02
   0.03102   4    0.21778  36   1.017E+05  4.624E-07  6.499E-02  2.930E+02  2.930E+02
   0.03102   4    0.22409  37   1.017E+05  4.678E-07  6.499E-02  2.930E+02  2.930E+02
   0.03102   4    0.23041  38   1.016E+05  4.746E-07  6.500E-02  2.930E+02  2.930E+02
   0.03102   4    0.23672  39   1.016E+05  2.598E-07  6.500E-02  2.930E+02  2.930E+02
   0.03102   4    0.24303  40   1.016E+05  2.379E-07  6.500E-02  2.930E+02  2.930E+02
   0.03102   4    0.24934  41   1.016E+05  2.215E-07  6.500E-02  2.930E+02  2.930E+02
   0.03102   4    0.25566  42   1.016E+05  2.302E-07  6.500E-02  2.930E+02  2.930E+02
   0.03102   4    0.26197  43   1.016E+05  2.521E-07  6.500E-02  2.930E+02  2.930E+02
   0.03102   4    0.26828  44   1.016E+05  2.866E-07  6.500E-02  2.930E+02  2.930E+02
   0.03102   4    0.27459  45   1.016E+05  3.472E-07  6.500E-02  2.930E+02  2.930E+02
   0.03102   4    0.28091  46   1.016E+05  3.896E-07  6.500E-02  2.930E+02  2.930E+02
   0.03102   4    0.28722  47   1.016E+05  6.831E-07  6.500E-02  2.930E+02  2.930E+02
   0.03102   4    0.29353  48   1.016E+05  1.379E-07  6.500E-02  2.930E+02  2.930E+02
   0.03102   4    0.29984  49   1.016E+05  2.347E-06  6.500E-02  2.930E+02  2.930E+02
   0.03102   4    0.30616  50   1.016E+05  5.353E-06  6.499E-02  2.930E+02  2.930E+02
   0.03102   4    0.31247  51   1.015E+05  2.005E-06  6.499E-02  2.930E+02  2.930E+02
   0.03102   4    0.31878  52   1.015E+05 -2.379E-07  6.499E-02  2.930E+02  2.930E+02
   0.03102   4    0.32509  53   1.015E+05  1.873E-07  6.500E-02  2.930E+02  2.930E+02
   0.03102   4    0.33141  54   1.015E+05  1.250E-07  6.500E-02  2.930E+02  2.930E+02
   0.03102   4    0.33772  55   1.015E+05  1.209E-07  6.500E-02  2.930E+02  2.930E+02
   0.03102   4    0.34403  56   1.015E+05  9.554E-08  6.500E-02  2.930E+02  2.930E+02
   0.03102   4    0.35034  57   1.015E+05  8.351E-08  6.500E-02  2.930E+02  2.930E+02
   0.03102   4    0.35666  58   1.015E+05  6.525E-08  6.500E-02  2.930E+02  2.930E+02
   0.03102   4    0.36297  59   1.015E+05  5.808E-08  6.500E-02  2.930E+02  2.930E+02
   0.03102   4    0.36928  60   1.015E+05  4.557E-08  6.500E-02  2.930E+02  2.930E+02
   0.03102   4    0.37559  61   1.015E+05  4.053E-08  6.500E-02  2.930E+02  2.930E+02
   0.03102   4    0.38191  62   1.015E+05 -3.226E-09  6.500E-02  2.930E+02  2.930E+02
   0.03102   4    0.38822  63   1.015E+05  1.772E-08  6.500E-02  2.930E+02  2.930E+02
   0.03102   4    0.39453  64   1.015E+05 -1.903E-07  6.500E-02  2.930E+02  2.930E+02
   0.03102   4    0.40084  65   1.014E+05  2.646E-08  6.500E-02  2.930E+02  2.930E+02
   0.03102   4    0.40716  66   1.014E+05  1.290E-08  6.500E-02  2.930E+02  2.930E+02
   0.03102   4    0.41347  67   1.014E+05  3.961E-08  6.500E-02  2.930E+02  2.930E+02
   0.03102   4    0.41978  68   1.014E+05  4.139E-08  6.500E-02  2.930E+02  2.930E+02
   0.03102   4    0.42609  69   1.014E+05  4.219E-08  6.500E-02  2.930E+02  2.930E+02
   0.03102   4    0.43241  70   1.014E+05  4.015E-08  6.500E-02  2.930E+02  2.930E+02
   0.03102   4    0.43872  71   1.014E+05  3.694E-08  6.500E-02  2.930E+02  2.930E+02
   0.03102   4    0.44503  72   1.014E+05  3.258E-08  6.500E-02  2.930E+02  2.930E+02
   0.03102   4    0.45134  73   1.014E+05  2.660E-08  6.500E-02  2.930E+02  2.930E+02
   0.03102   4    0.45766  74   1.014E+05  1.776E-08  6.500E-02  2.930E+02  2.930E+02
   0.03102   4    0.46397  75   1.014E+05  3.392E-09  6.500E-02  2.930E+02  2.930E+02
   0.03102   4    0.47028  76   1.014E+05 -2.006E-08  6.500E-02  2.930E+02  2.930E+02
   0.03102   4    0.47659  77   1.014E+05 -6.914E-08  6.500E-02  2.930E+02  2.930E+02
   0.03102   4    0.48291  78   1.014E+05 -1.283E-07  6.500E-02  2.930E+02  2.930E+02
   0.03102   4    0.48922  79   1.013E+05 -3.786E-07  6.500E-02  2.930E+02  2.930E+02
   0.03102   4    0.49553  80   1.013E+05 -4.237E-07  6.500E-02  2.930E+02  2.930E+02
   0.03102   4    0.50184  81   1.013E+05 -2.283E-07  6.500E-02  2.930E+02  2.930E+02
   0.03102   4    0.50500  82   1.013E+05  0.000E+00  6.500E-02  2.930E+02  2.930E+02
   0.04342   5    0.00000   1   1.019E+05  0.000E+00  6.500E-02  2.930E+02  2.930E+02
   0.04342   5    0.00316   2   1.019E+05  7.468E-06  6.502E-02  2.934E+02  2.930E+02
   0.04342   5    0.00947   3   1.019E+05  2.131E-06  6.501E-02  2.943E+02  2.930E+02
   0.04342   5    0.01578   4   1.019E+05  5.490E-07  6.500E-02  2.955E+02  2.930E+02
   0.04342   5    0.02209   5   1.019E+05  1.039E-06  6.500E-02  2.973E+02  2.930E+02
   0.04342   5    0.02841   6   1.019E+05  5.487E-07  6.500E-02  3.000E+02  2.930E+02
   0.04342   5    0.03472   7   1.019E+05  7.881E-07  6.500E-02  3.040E+02  2.930E+02
   0.04342   5    0.04103   8   1.019E+05  7.742E-07  6.500E-02  3.098E+02  2.930E+02
   0.04342   5    0.04734   9   1.019E+05  8.166E-07  6.500E-02  3.181E+02  2.930E+02
   0.04342   5    0.05366  10   1.019E+05  8.353E-07  6.500E-02  3.293E+02  2.930E+02
   0.04342   5    0.05997  11   1.018E+05  8.446E-07  6.500E-02  3.440E+02  2.930E+02
   0.04342   5    0.06628  12   1.018E+05  8.504E-07  6.500E-02  3.623E+02  2.930E+02
   0.04342   5    0.07259  13   1.018E+05  8.349E-07  6.500E-02  3.830E+02  2.930E+02
   0.04342   5    0.07891  14   1.018E+05  8.300E-07  6.500E-02  4.034E+02  2.930E+02
   0.04342   5    0.08522  15   1.018E+05  8.079E-07  6.500E-02  4.190E+02  2.930E+02
   0.04342   5    0.09153  16   1.018E+05  7.888E-07  6.500E-02  4.250E+02  2.930E+02
   0.04342   5    0.09784  17   1.018E+05  7.970E-07  6.500E-02  4.190E+02  2.930E+02
   0.04342   5    0.10416  18   1.018E+05  7.898E-07  6.500E-02  4.034E+02  2.930E+02
   0.04342   5    0.11047  19   1.018E+05  1.195E-06  6.500E-02  3.830E+02  2.930E+02
   0.04342   5    0.11678  20   1.018E+05  1.228E-06  6.499E-02  3.623E+02  2.930E+02
   0.04342   5    0.12309  21   1.018E+05  1.554E-06  6.499E-02  3.440E+02  2.930E+02
   0.04342   5    0.12941  22   1.018E+05  1.351E-06  6.499E-02  3.293E+02  2.930E+02
   0.04342   5    0.13572  23   1.018E+05  1.222E-06  6.500E-02  3.181E+02  2.930E+02
   0.04342   5    0.14203  24   1.017E+05  8.963E-07  6.500E-02  3.099E+02  2.930E+02
   0.04342   5    0.14834  25   1.017E+05  6.274E-07  6.500E-02  3.040E+02  2.930E+02
   0.04342   5    0.15466  26   1.017E+05  1.413E-07  6.500E-02  3.001E+02  2.930E+02
   0.04342   5    0.16097  27   1.017E+05  2.832E-07  6.500E-02  2.974E+02  2.930E+02
   0.04342   5    0.16728  28   1.017E+05  2.186E-07  6.500E-02  2.957E+02  2.930E+02
   0.04342   5    0.17359  29   1.017E+05  2.159E-07  6.500E-02  2.946E+02  2.930E+02
   0.04342   5    0.17991  30   1.017E+05  1.990E-07  6.500E-02  2.939E+02  2.930E+02
   0.04342   5    0.18622  31   1.017E+05  1.852E-07  6.500E-02  2.935E+02  2.930E+02
   0.04342   5    0.19253  32   1.017E+05  1.696E-07  6.500E-02  2.933E+02  2.930E+02
   0.04342   5    0.19884  33   1.017E+05  1.369E-07  6.500E-02  2.932E+02  2.930E+02
   0.04342   5    0.20516  34   1.017E+05  1.481E-07  6.500E-02  2.931E+02  2.930E+02
   0.04342   5    0.21147  35   1.017E+05 -3.083E-07  6.499E-02  2.930E+02  2.930E+02
   0.04342   5    0.21778  36   1.017E+05  1.818E-06  6.499E-02  2.930E+02  2.930E+02
   0.04342   5    0.22409  37   1.017E+05  5.114E-06  6.499E-02  2.930E+02  2.930E+02
   0.04342   5    0.23041  38   1.016E+05  1.854E-06  6.500E-02  2.930E+02  2.930E+02
   0.04342   5    0.23672  39   1.016E+05 -2.798E-07  6.500E-02  2.930E+02  2.930E+02
   0.04342   5    0.24303  40   1.016E+05  1.780E-07  6.500E-02  2.930E+02  2.930E+02
   0.04342   5    0.24934  41   1.016E+05  1.808E-07  6.500E-02  2.930E+02  2.930E+02
   0.04342   5    0.25566  42   1.016E+05  2.252E-07  6.500E-02  2.930E+02  2.930E+02
   0.04342   5    0.26197  43   1.016E+05  2.539E-07  6.500E-02  2.930E+02  2.930E+02
   0.04342   5    0.26828  44   1.016E+05  2.841E-07  6.500E-02  2.930E+02  2.930E+02
   0.04342   5    0.27459  45   1.016E+05  3.204E-07  6.500E-02  2.930E+02  2.930E+02
   0.04342   5    0.28091  46   1.016E+05  3.515E-07  6.500E-02  2.930E+02  2.930E+02
   0.04342   5    0.28722  47   1.016E+05  4.465E-07  6.500E-02  2.930E+02  2.930E+02
   0.04342   5    0.29353  48   1.016E+05  3.292E-07  6.500E-02  2.930E+02  2.930E+02
   0.04342   5    0.29984  49   1.016E+05  9.383E-07  6.500E-02  2.930E+02  2.930E+02
   0.04342   5    0.30616  50   1.016E+05  1.086E-06  6.499E-02  2.930E+02  2.930E+02
   0.04342   5    0.31247  51   1.015E+05  8.955E-07  6.499E-02  2.930E+02  2.930E+02
   0.04342   5    0.31878  52   1.015E+05  5.688E-08  6.499E-02  2.930E+02  2.930E+02
   0.04342   5    0.32509  53   1.015E+05  3.245E-07  6.500E-02  2.930E+02  2.930E+02
   0.04342   5    0.33141  54   1.015E+05  1.872E-07  6.500E-02  2.930E+02  2.930E+02
   0.04342   5    0.33772  55   1.015E+05  1.667E-07  6.500E-02  2.930E+02  2.930E+02
   0.04342   5    0.34403  56   1.015E+05  1.046E-07  6.500E-02  2.930E+02  2.930E+02
   0.04342   5    0.35034  57   1.015E+05  1.075E-07  6.500E-02  2.930E+02  2.930E+02
   0.04342   5    0.35666  58   1.015E+05  7.106E-08  6.500E-02  2.930E+02  2.930E+02
   0.04342   5    0.36297  59   1.015E+05  7.380E-08  6.500E-02  2.930E+02  2.930E+02
   0.04342   5    0.36928  60   1.015E+05  4.650E-08  6.500E-02  2.930E+02  2.930E+02
   0.04342   5    0.37559  61   1.015E+05  8.628E-08  6.500E-02  2.930E+02  2.930E+02
   0.04342   5    0.38191  62   1.015E+05 -1.073E-07  6.500E-02  2.930E+02  2.930E+02
   0.04342   5    0.38822  63   1.015E+05  3.341E-07  6.500E-02  2.930E+02  2.930E+02
   0.04342   5    0.39453  64   1.015E+05  3.237E-07  6.500E-02  2.930E+02  2.930E+02
   0.04342   5    0.40084  65   1.014E+05  3.700E-07  6.500E-02  2.930E+02  2.930E+02
   0.04342   5    0.40716  66   1.014E+05  1.299E-07  6.500E-02  2.930E+02  2.930E+02
   0.04342   5    0.41347  67   1.014E+05  1.256E-07  6.500E-02  2.930E+02  2.930E+02
   0.04342   5    0.41978  68   1.014E+05  8.739E-08  6.500E-02  2.930E+02  2.930E+02
   0.04342   5    0.42609  69   1.014E+05  7.461E-08  6.500E-02  2.930E+02  2.930E+02
   0.04342   5    0.43241  70   1.014E+05  6.403E-08  6.500E-02  2.930E+02  2.930E+02
   0.04342   5    0.43872  71   1.014E+05  5.672E-08  6.500E-02  2.930E+02  2.930E+02
   0.04342   5    0.44503  72   1.014E+05  5.017E-08  6.500E-02  2.930E+02  2.930E+02
   0.04342   5    0.45134  73   1.014E+05  4.373E-08  6.500E-02  2.930E+02  2.930E+02
   0.04342   5    0.45766  74   1.014E+05  3.696E-08  6.500E-02  2.930E+02  2.930E+02
   0.04342   5    0.46397  75   1.014E+05  2.972E-08  6.500E-02  2.930E+02  2.930E+02
   0.04342   5    0.47028  76   1.014E+05  2.290E-08  6.500E-02  2.930E+02  2.930E+02
   0.04342   5    0.47659  77   1.014E+05  1.590E-08  6.500E-02  2.930E+02  2.930E+02
   0.04342   5    0.48291  78   1.014E+05  2.426E-08  6.500E-02  2.930E+02  2.930E+02
   0.04342   5    0.48922  79   1.013E+05  8.412E-09  6.500E-02  2.930E+02  2.930E+02
   0.04342   5    0.49553  80   1.013E+05  2.065E-07  6.500E-02  2.930E+02  2.930E+02
   0.04342   5    0.50184  81   1.013E+05  3.802E-08  6.500E-02  2.930E+02  2.930E+02
   0.04342   5    0.50500  82   1.013E+05  0.000E+00  6.500E-02  2.930E+02  2.930E+02
   0.05583   6    0.00000   1   1.019E+05  0.000E+00  6.500E-02  2.930E+02  2.930E+02
   0.05583   6    0.00316   2   1.019E+05  6.979E-06  6.498E-02  2.934E+02  2.930E+02
   0.05583   6    0.00947   3   1.019E+05  1.662E-06  6.500E-02  2.943E+02  2.930E+02
   0.05583   6    0.01578   4   1.019E+05 -1.521E-07  6.500E-02  2.955E+02  2.930E+02
   0.05583   6    0.02209   5   1.019E+05  7.107E-07  6.500E-02  2.973E+02  2.930E+02
   0.05583   6    0.02841   6   1.019E+05  7.269E-07  6.500E-02  3.000E+02  2.930E+02
   0.05583   6    0.03472   7   1.019E+05  8.402E-07  6.500E-02  3.040E+02  2.930E+02
   0.05583   6    0.04103   8   1.019E+05  8.809E-07  6.500E-02  3.098E+02  2.930E+02
   0.05583   6    0.04734   9   1.019E+05  9.098E-07  6.500E-02  3.181E+02  2.930E+02
   0.05583   6    0.05366  10   1.019E+05  9.393E-07  6.500E-02  3.293E+02  2.930E+02
   0.05583   6    0.05997  11   1.018E+05  9.301E-07  6.500E-02  3.440E+02  2.930E+02
   0.05583   6    0.06628  12   1.018E+05  9.599E-07  6.500E-02  3.623E+02  2.930E+02
   0.05583   6    0.07259  13   1.018E+05  9.122E-07  6.500E-02  3.830E+02  2.930E+02
   0.05583   6    0.07891  14   1.018E+05  9.236E-07  6.500E-02  4.034E+02  2.930E+02
   0.05583   6    0.08522  15   1.018E+05  8.607E-07  6.500E-02  4.190E+02  2.930E+02
   0.05583   6    0.09153  16   1.018E+05  8.293E-07  6.500E-02  4.250E+02  2.930E+02
   0.05583   6    0.09784  17   1.018E+05  7.657E-07  6.500E-02  4.190E+02  2.930E+02
   0.05583   6    0.10416  18   1.018E+05  6.534E-07  6.500E-02  4.034E+02  2.930E+02
   0.05583   6    0.11047  19   1.018E+05  6.451E-07  6.500E-02  3.830E+02  2.930E+02
   0.05583   6    0.11678  20   1.018E+05 -2.651E-07  6.499E-02  3.623E+02  2.930E+02
   0.05583   6    0.12309  21   1.018E+05  2.144E-06  6.499E-02  3.440E+02  2.930E+02
   0.05583   6    0.12941  22   1.018E+05  5.049E-06  6.499E-02  3.293E+02  2.930E+02
   0.05583   6    0.13572  23   1.018E+05  3.328E-06  6.500E-02  3.181E+02  2.930E+02
   0.05583   6    0.14203  24   1.017E+05  4.257E-06  6.500E-02  3.099E+02  2.930E+02
   0.05583   6    0.14834  25   1.017E+05  1.785E-06  6.500E-02  3.040E+02  2.930E+02
   0.05583   6    0.15466  26   1.017E+05 -2.375E-07  6.500E-02  3.001E+02  2.930E+02
   0.05583   6    0.16097  27   1.017E+05  4.504E-07  6.500E-02  2.974E+02  2.930E+02
   0.05583   6    0.16728  28   1.017E+05  2.161E-07  6.500E-02  2.957E+02  2.930E+02
   0.05583   6    0.17359  29   1.017E+05  2.551E-07  6.500E-02  2.946E+02  2.930E+02
   0.05583   6    0.17991  30   1.017E+05  2.237E-07  6.500E-02  2.939E+02  2.930E+02
   0.05583   6    0.18622  31   1.017E+05  2.083E-07  6.500E-02  2.935E+02  2.930E+02
   0.05583   6    0.19253  32   1.017E+05  1.888E-07  6.500E-02  2.933E+02  2.930E+02
   0.05583   6    0.19884  33   1.017E+05  1.534E-07  6.500E-02  2.932E+02  2.930E+02
   0.05583   6    0.20516  34   1.017E+05  1.722E-07  6.500E-02  2.931E+02  2.930E+02
   0.05583   6    0.21147  35   1.017E+05 -2.816E-07  6.500E-02  2.930E+02  2.930E+02
   0.05583   6    0.21778  36   1.017E+05  2.010E-06  6.500E-02  2.930E+02  2.930E+02
   0.05583   6    0.22409  37   1.017E+05  5.311E-06  6.499E-02  2.930E+02  2.930E+02
   0.05583   6    0.23041  38   1.016E+05  2.047E-06  6.499E-02  2.930E+02  2.930E+02
   0.05583   6    0.23672  39   1.016E+05 -2.530E-07  6.499E-02  2.930E+02  2.930E+02
   0.05583   6    0.24303  40   1.016E+05  2.009E-07  6.500E-02  2.930E+02  2.930E+02
   0.05583   6    0.24934  41   1.016E+05  1.938E-07  6.500E-02  2.930E+02  2.930E+02
   0.05583   6    0.25566  42   1.016E+05  2.325E-07  6.500E-02  2.930E+02  2.930E+02
   0.05583   6    0.26197  43   1.016E+05  2.520E-07  6.500E-02  2.930E+02  2.930E+02
   0.05583   6    0.26828  44   1.016E+05  2.752E-07  6.500E-02  2.930E+02  2.930E+02
   0.05583   6    0.27459  45   1.016E+05  2.966E-07  6.500E-02  2.930E+02  2.930E+02
   0.05583   6    0.28091  46   1.016E+05  3.104E-07  6.500E-02  2.930E+02  2.930E+02
   0.05583   6    0.28722  47   1.016E+05  3.405E-07  6.500E-02  2.930E+02  2.930E+02
   0.05583   6    0.29353  48   1.016E+05  3.325E-07  6.500E-02  2.930E+02  2.930E+02
   0.05583   6    0.29984  49   1.016E+05  5.870E-07  6.500E-02  2.930E+02  2.930E+02
   0.05583   6    0.30616  50   1.016E+05  4.130E-07  6.499E-02  2.930E+02  2.930E+02
   0.05583   6    0.31247  51   1.015E+05  9.667E-07  6.499E-02  2.930E+02  2.930E+02
   0.05583   6    0.31878  52   1.015E+05  7.432E-07  6.499E-02  2.930E+02  2.930E+02
   0.05583   6    0.32509  53   1.015E+05  7.108E-07  6.500E-02  2.930E+02  2.930E+02
   0.05583   6    0.33141  54   1.015E+05  2.647E-07  6.500E-02  2.930E+02  2.930E+02
   0.05583   6    0.33772  55   1.015E+05  2.525E-07  6.500E-02  2.930E+02  2.930E+02
   0.05583   6    0.34403  56   1.015E+05 -1.700E-08  6.500E-02  2.930E+02  2.930E+02
   0.05583   6    0.35034  57   1.015E+05  1.507E-07  6.500E-02  2.930E+02  2.930E+02
   0.05583   6    0.35666  58   1.015E+05 -1.259E-07  6.500E-02  2.930E+02  2.930E+02
   0.05583   6    0.36297  59   1.015E+05  8.318E-08  6.500E-02  2.930E+02  2.930E+02
   0.05583   6    0.36928  60   1.015E+05  4.644E-09  6.500E-02  2.930E+02  2.930E+02
   0.05583   6    0.37559  61   1.015E+05  2.670E-07  6.500E-02  2.930E+02  2.930E+02
   0.05583   6    0.38191  62   1.015E+05 -3.729E-07  6.500E-02  2.930E+02  2.930E+02
   0.05583   6    0.38822  63   1.015E+05  1.947E-06  6.500E-02  2.930E+02  2.930E+02
   0.05583   6    0.39453  64   1.015E+05  5.018E-06  6.500E-02  2.930E+02  2.930E+02
   0.05583   6    0.40084  65   1.014E+05  1.789E-06  6.500E-02  2.930E+02  2.930E+02
   0.05583   6    0.40716  66   1.014E+05 -5.580E-07  6.500E-02  2.930E+02  2.930E+02
   0.05583   6    0.41347  67   1.014E+05  9.003E-08  6.500E-02  2.930E+02  2.930E+02
   0.05583   6    0.41978  68   1.014E+05  3.617E-08  6.500E-02  2.930E+02  2.930E+02
   0.05583   6    0.42609  69   1.014E+05  7.012E-08  6.500E-02  2.930E+02  2.930E+02
   0.05583   6    0.43241  70   1.014E+05  7.050E-08  6.500E-02  2.930E+02  2.930E+02
   0.05583   6    0.43872  71   1.014E+05  7.005E-08  6.500E-02  2.930E+02  2.930E+02
   0.05583   6    0.44503  72   1.014E+05  6.579E-08  6.500E-02  2.930E+02  2.930E+02
   0.05583   6    0.45134  73   1.014E+05  5.969E-08  6.500E-02  2.930E+02  2.930E+02
   0.05583   6    0.45766  74   1.014E+05  5.229E-08  6.500E-02  2.930E+02  2.930E+02
   0.05583   6    0.46397  75   1.014E+05  4.408E-08  6.500E-02  2.930E+02  2.930E+02
   0.05583   6    0.47028  76   1.014E+05  3.553E-08  6.500E-02  2.930E+02  2.930E+02
   0.05583   6    0.47659  77   1.014E+05  2.692E-08  6.500E-02  2.930E+02  2.930E+02
   0.05583   6    0.48291  78   1.014E+05  2.012E-08  6.500E-02  2.930E+02  2.930E+02
   0.05583   6    0.48922  79   1.013E+05  1.180E-08  6.500E-02  2.930E+02  2.930E+02
   0.05583   6    0.49553  80   1.013E+05  1.887E-08  6.500E-02  2.930E+02  2.930E+02
   0.05583   6    0.50184  81   1.013E+05  9.307E-09  6.500E-02  2.930E+02  2.930E+02
   0.05583   6    0.50500  82   1.013E+05  0.000E+00  6.500E-02  2.930E+02  2.930E+02
   0.06824   7    0.00000   1   1.019E+05  0.000E+00  6.500E-02  2.930E+02  2.930E+02
   0.06824   7    0.00316   2   1.019E+05  2.068E-06  6.498E-02  2.934E+02  2.930E+02
   0.06824   7    0.00947   3   1.019E+05  1.478E-06  6.500E-02  2.943E+02  2.930E+02
   0.06824   7    0.01578   4   1.019E+05  1.016E-06  6.500E-02  2.955E+02  2.930E+02
   0.06824   7    0.02209   5   1.019E+05  9.807E-07  6.500E-02  2.973E+02  2.930E+02
   0.06824   7    0.02841   6   1.019E+05  9.451E-07  6.500E-02  3.000E+02  2.930E+02
   0.06824   7    0.03472   7   1.019E+05  9.651E-07  6.500E-02  3.040E+02  2.930E+02
   0.06824   7    0.04103   8   1.019E+05  9.927E-07  6.500E-02  3.098E+02  2.930E+02
   0.06824   7    0.04734   9   1.019E+05  9.941E-07  6.500E-02  3.181E+02  2.930E+02
   0.06824   7    0.05366  10   1.019E+05  1.036E-06  6.500E-02  3.293E+02  2.930E+02
   0.06824   7    0.05997  11   1.018E+05  9.874E-07  6.500E-02  3.440E+02  2.930E+02
   0.06824   7    0.06628  12   1.018E+05  1.054E-06  6.500E-02  3.623E+02  2.930E+02
   0.06824   7    0.07259  13   1.018E+05  8.183E-07  6.500E-02  3.830E+02  2.930E+02
   0.06824   7    0.07891  14   1.018E+05  9.833E-07  6.500E-02  4.034E+02  2.930E+02
   0.06824   7    0.08522  15   1.018E+05  8.605E-07  6.500E-02  4.190E+02  2.930E+02
   0.06824   7    0.09153  16   1.018E+05  8.382E-07  6.500E-02  4.250E+02  2.930E+02
   0.06824   7    0.09784  17   1.018E+05  7.437E-07  6.500E-02  4.190E+02  2.930E+02
   0.06824   7    0.10416  18   1.018E+05  6.703E-07  6.500E-02  4.034E+02  2.930E+02
   0.06824   7    0.11047  19   1.018E+05  6.362E-07  6.500E-02  3.830E+02  2.930E+02
   0.06824   7    0.11678  20   1.018E+05  1.134E-07  6.500E-02  3.623E+02  2.930E+02
   0.06824   7    0.12309  21   1.018E+05  2.264E-06  6.500E-02  3.440E+02  2.930E+02
   0.06824   7    0.12941  22   1.018E+05  5.741E-06  6.500E-02  3.293E+02  2.930E+02
   0.06824   7    0.13572  23   1.018E+05  2.791E-06  6.500E-02  3.181E+02  2.930E+02
   0.06824   7    0.14203  24   1.017E+05  5.571E-07  6.499E-02  3.099E+02  2.930E+02
   0.06824   7    0.14834  25   1.017E+05  2.691E-06  6.499E-02  3.040E+02  2.930E+02
   0.06824   7    0.15466  26   1.017E+05  5.380E-06  6.500E-02  3.001E+02  2.930E+02
   0.06824   7    0.16097  27   1.017E+05  2.080E-06  6.500E-02  2.974E+02  2.930E+02
   0.06824   7    0.16728  28   1.017E+05 -3.302E-07  6.500E-02  2.957E+02  2.930E+02
   0.06824   7    0.17359  29   1.017E+05  2.920E-07  6.500E-02  2.946E+02  2.930E+02
   0.06824   7    0.17991  30   1.017E+05  2.194E-07  6.500E-02  2.939E+02  2.930E+02
   0.06824   7    0.18622  31   1.017E+05  2.412E-07  6.500E-02  2.935E+02  2.930E+02
   0.06824   7    0.19253  32   1.017E+05  2.416E-07  6.500E-02  2.933E+02  2.930E+02
   0.06824   7    0.19884  33   1.017E+05  2.560E-07  6.500E-02  2.932E+02  2.930E+02
   0.06824   7    0.20516  34   1.017E+05  3.097E-07  6.500E-02  2.931E+02  2.930E+02
   0.06824   7    0.21147  35   1.017E+05  3.692E-07  6.500E-02  2.930E+02  2.930E+02
   0.06824   7    0.21778  36   1.017E+05  8.052E-07  6.500E-02  2.930E+02  2.930E+02
   0.06824   7    0.22409  37   1.017E+05  8.400E-07  6.499E-02  2.930E+02  2.930E+02
   0.06824   7    0.23041  38   1.016E+05  8.210E-07  6.499E-02  2.930E+02  2.930E+02
   0.06824   7    0.23672  39   1.016E+05  3.947E-07  6.499E-02  2.930E+02  2.930E+02
   0.06824   7    0.24303  40   1.016E+05  3.455E-07  6.500E-02  2.930E+02  2.930E+02
   0.06824   7    0.24934  41   1.016E+05  2.992E-07  6.500E-02  2.930E+02  2.930E+02
   0.06824   7    0.25566  42   1.016E+05  2.854E-07  6.500E-02  2.930E+02  2.930E+02
   0.06824   7    0.26197  43   1.016E+05  2.802E-07  6.500E-02  2.930E+02  2.930E+02
   0.06824   7    0.26828  44   1.016E+05  2.869E-07  6.500E-02  2.930E+02  2.930E+02
   0.06824   7    0.27459  45   1.016E+05  2.945E-07  6.500E-02  2.930E+02  2.930E+02
   0.06824   7    0.28091  46   1.016E+05  2.932E-07  6.500E-02  2.930E+02  2.930E+02
   0.06824   7    0.28722  47   1.016E+05  2.922E-07  6.500E-02  2.930E+02  2.930E+02
   0.06824   7    0.29353  48   1.016E+05  2.407E-07  6.500E-02  2.930E+02  2.930E+02
   0.06824   7    0.29984  49   1.016E+05  3.067E-07  6.500E-02  2.930E+02  2.930E+02
   0.06824   7    0.30616  50   1.016E+05 -3.360E-07  6.499E-02  2.930E+02  2.930E+02
   0.06824   7    0.31247  51   1.015E+05  1.967E-06  6.499E-02  2.930E+02  2.930E+02
   0.06824   7    0.31878  52   1.015E+05  5.402E-06  6.499E-02  2.930E+02  2.930E+02
   0.06824   7    0.32509  53   1.015E+05  1.975E-06  6.500E-02  2.930E+02  2.930E+02
   0.06824   7    0.33141  54   1.015E+05 -1.699E-07  6.500E-02  2.930E+02  2.930E+02
   0.06824   7    0.33772  55   1.015E+05  6.674E-07  6.500E-02  2.930E+02  2.930E+02
   0.06824   7    0.34403  56   1.015E+05  6.560E-07  6.500E-02  2.930E+02  2.930E+02
   0.06824   7    0.35034  57   1.015E+05  8.805E-07  6.500E-02  2.930E+02  2.930E+02
   0.06824   7    0.35666  58   1.015E+05  4.631E-07  6.500E-02  2.930E+02  2.930E+02
   0.06824   7    0.36297  59   1.015E+05  4.147E-07  6.500E-02  2.930E+02  2.930E+02
   0.06824   7    0.36928  60   1.015E+05 -5.989E-07  6.500E-02  2.930E+02  2.930E+02
   0.06824   7    0.37559  61   1.015E+05  1.652E-06  6.500E-02  2.930E+02  2.930E+02
   0.06824   7    0.38191  62   1.015E+05  4.388E-06  6.500E-02  2.930E+02  2.930E+02
   0.06824   7    0.38822  63   1.015E+05  3.452E-06  6.501E-02  2.930E+02  2.930E+02
   0.06824   7    0.39453  64   1.015E+05  4.662E-06  6.500E-02  2.930E+02  2.930E+02
   0.06824   7    0.40084  65   1.014E+05  2.074E-06  6.499E-02  2.930E+02  2.930E+02
   0.06824   7    0.40716  66   1.014E+05 -3.935E-07  6.499E-02  2.930E+02  2.930E+02
   0.06824   7    0.41347  67   1.014E+05  2.890E-07  6.500E-02  2.930E+02  2.930E+02
   0.06824   7    0.41978  68   1.014E+05  7.057E-08  6.500E-02  2.930E+02  2.930E+02
   0.06824   7    0.42609  69   1.014E+05  1.135E-07  6.500E-02  2.930E+02  2.930E+02
   0.06824   7    0.43241  70   1.014E+05  1.037E-07  6.500E-02  2.930E+02  2.930E+02
   0.06824   7    0.43872  71   1.014E+05  1.022E-07  6.500E-02  2.930E+02  2.930E+02
   0.06824   7    0.44503  72   1.014E+05  9.455E-08  6.500E-02  2.930E+02  2.930E+02
   0.06824   7    0.45134  73   1.014E+05  8.490E-08  6.500E-02  2.930E+02  2.930E+02
   0.06824   7    0.45766  74   1.014E+05  7.390E-08  6.500E-02  2.930E+02  2.930E+02
   0.06824   7    0.46397  75   1.014E+05  6.270E-08  6.500E-02  2.930E+02  2.930E+02
   0.06824   7    0.47028  76   1.014E+05  5.206E-08  6.500E-02  2.930E+02  2.930E+02
   0.06824   7    0.47659  77   1.014E+05  4.239E-08  6.500E-02  2.930E+02  2.930E+02
   0.06824   7    0.48291  78   1.014E+05  3.427E-08  6.500E-02  2.930E+02  2.930E+02
   0.06824   7    0.48922  79   1.013E+05  2.711E-08  6.500E-02  2.930E+02  2.930E+02
   0.06824   7    0.49553  80   1.013E+05  2.332E-08  6.500E-02  2.930E+02  2.930E+02
   0.06824   7    0.50184  81   1.013E+05  1.633E-08  6.500E-02  2.930E+02  2.930E+02
   0.06824   7    0.50500  82   1.013E+05  0.000E+00  6.500E-02  2.930E+02  2.930E+02
   0.08065   8    0.00000   1   1.019E+05  0.000E+00  6.500E-02  2.930E+02  2.930E+02
   0.08065   8    0.00316   2   1.019E+05  1.425E-06  6.498E-02  2.934E+02  2.930E+02
   0.08065   8    0.00947   3   1.019E+05  1.219E-06  6.500E-02  2.943E+02  2.930E+02
   0.08065   8    0.01578   4   1.019E+05  9.988E-07  6.500E-02  2.955E+02  2.930E+02
   0.08065   8    0.02209   5   1.019E+05  9.909E-07  6.500E-02  2.973E+02  2.930E+02
   0.08065   8    0.02841   6   1.019E+05  1.008E-06  6.500E-02  3.000E+02  2.930E+02
   0.08065   8    0.03472   7   1.019E+05  1.011E-06  6.500E-02  3.040E+02  2.930E+02
   0.08065   8    0.04103   8   1.019E+05  1.076E-06  6.500E-02  3.098E+02  2.930E+02
   0.08065   8    0.04734   9   1.019E+05  8.618E-07  6.500E-02  3.181E+02  2.930E+02
   0.08065   8    0.05366  10   1.019E+05  1.124E-06  6.500E-02  3.293E+02  2.930E+02
   0.08065   8    0.05997  11   1.018E+05  7.264E-07  6.500E-02  3.440E+02  2.930E+02
   0.08065   8    0.06628  12   1.018E+05  1.270E-06  6.500E-02  3.623E+02  2.930E+02
   0.08065   8    0.07259  13   1.018E+05  1.007E-06  6.500E-02  3.830E+02  2.930E+02
   0.08065   8    0.07891  14   1.018E+05  1.164E-06  6.500E-02  4.034E+02  2.930E+02
   0.08065   8    0.08522  15   1.018E+05  7.083E-07  6.500E-02  4.190E+02  2.930E+02
   0.08065   8    0.09153  16   1.018E+05  8.240E-07  6.500E-02  4.250E+02  2.930E+02
   0.08065   8    0.09784  17   1.018E+05  6.927E-07  6.500E-02  4.190E+02  2.930E+02
   0.08065   8    0.10416  18   1.018E+05  6.701E-07  6.500E-02  4.034E+02  2.930E+02
   0.08065   8    0.11047  19   1.018E+05  6.491E-07  6.500E-02  3.830E+02  2.930E+02
   0.08065   8    0.11678  20   1.018E+05  6.322E-07  6.500E-02  3.623E+02  2.930E+02
   0.08065   8    0.12309  21   1.018E+05  1.026E-06  6.500E-02  3.440E+02  2.930E+02
   0.08065   8    0.12941  22   1.018E+05  1.033E-06  6.499E-02  3.293E+02  2.930E+02
   0.08065   8    0.13572  23   1.018E+05  1.438E-06  6.499E-02  3.181E+02  2.930E+02
   0.08065   8    0.14203  24   1.017E+05  6.489E-07  6.500E-02  3.099E+02  2.930E+02
   0.08065   8    0.14834  25   1.017E+05  2.882E-06  6.500E-02  3.040E+02  2.930E+02
   0.08065   8    0.15466  26   1.017E+05  5.941E-06  6.500E-02  3.001E+02  2.930E+02
   0.08065   8    0.16097  27   1.017E+05  2.807E-06  6.499E-02  2.974E+02  2.930E+02
   0.08065   8    0.16728  28   1.017E+05  4.488E-07  6.499E-02  2.957E+02  2.930E+02
   0.08065   8    0.17359  29   1.017E+05  8.079E-07  6.500E-02  2.946E+02  2.930E+02
   0.08065   8    0.17991  30   1.017E+05  3.371E-07  6.500E-02  2.939E+02  2.930E+02
   0.08065   8    0.18622  31   1.017E+05  2.999E-07  6.500E-02  2.935E+02  2.930E+02
   0.08065   8    0.19253  32   1.017E+05  2.532E-07  6.500E-02  2.933E+02  2.930E+02
   0.08065   8    0.19884  33   1.017E+05  2.474E-07  6.500E-02  2.932E+02  2.930E+02
   0.08065   8    0.20516  34   1.017E+05  2.585E-07  6.500E-02  2.931E+02  2.930E+02
   0.08065   8    0.21147  35   1.017E+05  2.663E-07  6.500E-02  2.930E+02  2.930E+02
   0.08065   8    0.21778  36   1.017E+05  3.259E-07  6.500E-02  2.930E+02  2.930E+02
   0.08065   8    0.22409  37   1.017E+05  1.351E-07  6.499E-02  2.930E+02  2.930E+02
   0.08065   8    0.23041  38   1.016E+05  3.436E-07  6.499E-02  2.930E+02  2.930E+02
   0.08065   8    0.23672  39   1.016E+05  2.872E-07  6.499E-02  2.930E+02  2.930E+02
   0.08065   8    0.24303  40   1.016E+05  3.021E-07  6.500E-02  2.930E+02  2.930E+02
   0.08065   8    0.24934  41   1.016E+05  2.915E-07  6.500E-02  2.930E+02  2.930E+02
   0.08065   8    0.25566  42   1.016E+05  2.868E-07  6.500E-02  2.930E+02  2.930E+02
   0.08065   8    0.26197  43   1.016E+05  2.829E-07  6.500E-02  2.930E+02  2.930E+02
   0.08065   8    0.26828  44   1.016E+05  2.818E-07  6.500E-02  2.930E+02  2.930E+02
   0.08065   8    0.27459  45   1.016E+05  2.807E-07  6.500E-02  2.930E+02  2.930E+02
   0.08065   8    0.28091  46   1.016E+05  2.754E-07  6.500E-02  2.930E+02  2.930E+02
   0.08065   8    0.28722  47   1.016E+05  2.679E-07  6.500E-02  2.930E+02  2.930E+02
   0.08065   8    0.29353  48   1.016E+05  2.225E-07  6.500E-02  2.930E+02  2.930E+02
   0.08065   8    0.29984  49   1.016E+05  2.427E-07  6.500E-02  2.930E+02  2.930E+02
   0.08065   8    0.30616  50   1.016E+05 -2.348E-07  6.500E-02  2.930E+02  2.930E+02
   0.08065   8    0.31247  51   1.015E+05  1.885E-06  6.500E-02  2.930E+02  2.930E+02
   0.08065   8    0.31878  52   1.015E+05  5.311E-06  6.499E-02  2.930E+02  2.930E+02
   0.08065   8    0.32509  53   1.015E+05  1.889E-06  6.499E-02  2.930E+02  2.930E+02
   0.08065   8    0.33141  54   1.015E+05 -1.084E-06  6.500E-02  2.930E+02  2.930E+02
   0.08065   8    0.33772  55   1.015E+05  1.779E-06  6.500E-02  2.930E+02  2.930E+02
   0.08065   8    0.34403  56   1.015E+05  4.536E-06  6.500E-02  2.930E+02  2.930E+02
   0.08065   8    0.35034  57   1.015E+05  3.579E-06  6.500E-02  2.930E+02  2.930E+02
   0.08065   8    0.35666  58   1.015E+05  5.125E-06  6.500E-02  2.930E+02  2.930E+02
   0.08065   8    0.36297  59   1.015E+05  2.376E-06  6.500E-02  2.930E+02  2.930E+02
   0.08065   8    0.36928  60   1.015E+05 -3.087E-07  6.500E-02  2.930E+02  2.930E+02
   0.08065   8    0.37559  61   1.015E+05  2.283E-06  6.501E-02  2.930E+02  2.930E+02
   0.08065   8    0.38191  62   1.015E+05  5.389E-06  6.500E-02  2.930E+02  2.930E+02
   0.08065   8    0.38822  63   1.015E+05  2.431E-06  6.500E-02  2.930E+02  2.930E+02
   0.08065   8    0.39453  64   1.015E+05  3.967E-07  6.500E-02  2.930E+02  2.930E+02
   0.08065   8    0.40084  65   1.014E+05  1.259E-06  6.499E-02  2.930E+02  2.930E+02
   0.08065   8    0.40716  66   1.014E+05  1.063E-06  6.499E-02  2.930E+02  2.930E+02
   0.08065   8    0.41347  67   1.014E+05  8.485E-07  6.500E-02  2.930E+02  2.930E+02
   0.08065   8    0.41978  68   1.014E+05  3.592E-07  6.500E-02  2.930E+02  2.930E+02
   0.08065   8    0.42609  69   1.014E+05  3.004E-07  6.500E-02  2.930E+02  2.930E+02
   0.08065   8    0.43241  70   1.014E+05  2.110E-07  6.500E-02  2.930E+02  2.930E+02
   0.08065   8    0.43872  71   1.014E+05  1.790E-07  6.500E-02  2.930E+02  2.930E+02
   0.08065   8    0.44503  72   1.014E+05  1.475E-07  6.500E-02  2.930E+02  2.930E+02
   0.08065   8    0.45134  73   1.014E+05  1.228E-07  6.500E-02  2.930E+02  2.930E+02
   0.08065   8    0.45766  74   1.014E+05  1.009E-07  6.500E-02  2.930E+02  2.930E+02
   0.08065   8    0.46397  75   1.014E+05  8.208E-08  6.500E-02  2.930E+02  2.930E+02
   0.08065   8    0.47028  76   1.014E+05  6.584E-08  6.500E-02  2.930E+02  2.930E+02
   0.08065   8    0.47659  77   1.014E+05  5.196E-08  6.500E-02  2.930E+02  2.930E+02
   0.08065   8    0.48291  78   1.014E+05  4.018E-08  6.500E-02  2.930E+02  2.930E+02
   0.08065   8    0.48922  79   1.013E+05  3.013E-08  6.500E-02  2.930E+02  2.930E+02
   0.08065   8    0.49553  80   1.013E+05  2.094E-08  6.500E-02  2.930E+02  2.930E+02
   0.08065   8    0.50184  81   1.013E+05  1.551E-08  6.500E-02  2.930E+02  2.930E+02
   0.08065   8    0.50500  82   1.013E+05  0.000E+00  6.500E-02  2.930E+02  2.930E+02
   0.09305   9    0.00000   1   1.019E+05  0.000E+00  6.500E-02  2.930E+02  2.930E+02
   0.09305   9    0.00316   2   1.019E+05  1.063E-06  6.498E-02  2.934E+02  2.930E+02
   0.09305   9    0.00947   3   1.019E+05  1.064E-06  6.500E-02  2.943E+02  2.930E+02
   0.09305   9    0.01578   4   1.019E+05  1.060E-06  6.500E-02  2.955E+02  2.930E+02
   0.09305   9    0.02209   5   1.019E+05  1.098E-06  6.500E-02  2.973E+02  2.930E+02
   0.09305   9    0.02841   6   1.019E+05  1.227E-06  6.500E-02  3.000E+02  2.930E+02
   0.09305   9    0.03472   7   1.019E+05  1.329E-06  6.500E-02  3.040E+02  2.930E+02
   0.09305   9    0.04103   8   1.019E+05  1.640E-06  6.500E-02  3.098E+02  2.930E+02
   0.09305   9    0.04734   9   1.019E+05  1.546E-06  6.500E-02  3.181E+02  2.930E+02
   0.09305   9    0.05366  10   1.019E+05  2.067E-06  6.500E-02  3.293E+02  2.930E+02
   0.09305   9    0.05997  11   1.018E+05  1.907E-06  6.500E-02  3.440E+02  2.930E+02
   0.09305   9    0.06628  12   1.018E+05  2.142E-06  6.500E-02  3.623E+02  2.930E+02
   0.09305   9    0.07259  13   1.018E+05  1.898E-06  6.500E-02  3.830E+02  2.930E+02
   0.09305   9    0.07891  14   1.018E+05  1.675E-06  6.500E-02  4.034E+02  2.930E+02
   0.09305   9    0.08522  15   1.018E+05  1.124E-06  6.500E-02  4.190E+02  2.930E+02
   0.09305   9    0.09153  16   1.018E+05  9.390E-07  6.500E-02  4.250E+02  2.930E+02
   0.09305   9    0.09784  17   1.018E+05  4.148E-07  6.500E-02  4.190E+02  2.930E+02
   0.09305   9    0.10416  18   1.018E+05  5.166E-07  6.500E-02  4.034E+02  2.930E+02
   0.09305   9    0.11047  19   1.018E+05  4.248E-07  6.500E-02  3.830E+02  2.930E+02
   0.09305   9    0.11678  20   1.018E+05  3.424E-07  6.500E-02  3.623E+02  2.930E+02
   0.09305   9    0.12309  21   1.018E+05  3.226E-07  6.500E-02  3.440E+02  2.930E+02
   0.09305   9    0.12941  22   1.018E+05 -6.131E-07  6.500E-02  3.293E+02  2.930E+02
   0.09305   9    0.13572  23   1.018E+05  1.543E-06  6.500E-02  3.181E+02  2.930E+02
   0.09305   9    0.14203  24   1.017E+05  4.205E-06  6.500E-02  3.099E+02  2.930E+02
   0.09305   9    0.14834  25   1.017E+05  1.953E-06  6.500E-02  3.040E+02  2.930E+02
   0.09305   9    0.15466  26   1.017E+05 -2.699E-07  6.499E-02  3.001E+02  2.930E+02
   0.09305   9    0.16097  27   1.017E+05  2.506E-06  6.499E-02  2.974E+02  2.930E+02
   0.09305   9    0.16728  28   1.017E+05  5.397E-06  6.499E-02  2.957E+02  2.930E+02
   0.09305   9    0.17359  29   1.017E+05  2.093E-06  6.500E-02  2.946E+02  2.930E+02
   0.09305   9    0.17991  30   1.017E+05 -2.565E-07  6.500E-02  2.939E+02  2.930E+02
   0.09305   9    0.18622  31   1.017E+05  1.762E-07  6.500E-02  2.935E+02  2.930E+02
   0.09305   9    0.19253  32   1.017E+05  1.513E-07  6.500E-02  2.933E+02  2.930E+02
   0.09305   9    0.19884  33   1.017E+05  1.832E-07  6.500E-02  2.932E+02  2.930E+02
   0.09305   9    0.20516  34   1.017E+05  2.021E-07  6.500E-02  2.931E+02  2.930E+02
   0.09305   9    0.21147  35   1.017E+05  2.198E-07  6.500E-02  2.930E+02  2.930E+02
   0.09305   9    0.21778  36   1.017E+05  2.456E-07  6.500E-02  2.930E+02  2.930E+02
   0.09305   9    0.22409  37   1.017E+05  2.376E-07  6.499E-02  2.930E+02  2.930E+02
   0.09305   9    0.23041  38   1.016E+05  2.888E-07  6.499E-02  2.930E+02  2.930E+02
   0.09305   9    0.23672  39   1.016E+05  2.607E-07  6.499E-02  2.930E+02  2.930E+02
   0.09305   9    0.24303  40   1.016E+05  2.939E-07  6.500E-02  2.930E+02  2.930E+02
   0.09305   9    0.24934  41   1.016E+05  2.769E-07  6.500E-02  2.930E+02  2.930E+02
   0.09305   9    0.25566  42   1.016E+05  2.692E-07  6.500E-02  2.930E+02  2.930E+02
   0.09305   9    0.26197  43   1.016E+05  2.604E-07  6.500E-02  2.930E+02  2.930E+02
   0.09305   9    0.26828  44   1.016E+05  2.549E-07  6.500E-02  2.930E+02  2.930E+02
   0.09305   9    0.27459  45   1.016E+05  2.510E-07  6.500E-02  2.930E+02  2.930E+02
   0.09305   9    0.28091  46   1.016E+05  2.497E-07  6.500E-02  2.930E+02  2.930E+02
   0.09305   9    0.28722  47   1.016E+05  2.516E-07  6.500E-02  2.930E+02  2.930E+02
   0.09305   9    0.29353  48   1.016E+05  2.602E-07  6.500E-02  2.930E+02  2.930E+02
   0.09305   9    0.29984  49   1.016E+05  3.057E-07  6.500E-02  2.930E+02  2.930E+02
   0.09305   9    0.30616  50   1.016E+05  3.770E-07  6.500E-02  2.930E+02  2.930E+02
   0.09305   9    0.31247  51   1.015E+05  8.123E-07  6.500E-02  2.930E+02  2.930E+02
   0.09305   9    0.31878  52   1.015E+05  1.087E-06  6.499E-02  2.930E+02  2.930E+02
   0.09305   9    0.32509  53   1.015E+05  1.346E-06  6.499E-02  2.930E+02  2.930E+02
   0.09305   9    0.33141  54   1.015E+05  8.086E-07  6.500E-02  2.930E+02  2.930E+02
   0.09305   9    0.33772  55   1.015E+05  2.554E-06  6.501E-02  2.930E+02  2.930E+02
   0.09305   9    0.34403  56   1.015E+05  5.198E-06  6.500E-02  2.930E+02  2.930E+02
   0.09305   9    0.35034  57   1.015E+05  3.715E-06  6.500E-02  2.930E+02  2.930E+02
   0.09305   9    0.35666  58   1.015E+05  4.503E-06  6.500E-02  2.930E+02  2.930E+02
   0.09305   9    0.36297  59   1.015E+05  3.659E-06  6.499E-02  2.930E+02  2.930E+02
   0.09305   9    0.36928  60   1.015E+05  4.398E-06  6.500E-02  2.930E+02  2.930E+02
   0.09305   9    0.37559  61   1.015E+05  2.143E-06  6.501E-02  2.930E+02  2.930E+02
   0.09305   9    0.38191  62   1.015E+05 -3.711E-07  6.500E-02  2.930E+02  2.930E+02
   0.09305   9    0.38822  63   1.015E+05  4.632E-07  6.500E-02  2.930E+02  2.930E+02
   0.09305   9    0.39453  64   1.015E+05 -4.778E-07  6.500E-02  2.930E+02  2.930E+02
   0.09305   9    0.40084  65   1.014E+05  1.901E-06  6.499E-02  2.930E+02  2.930E+02
   0.09305   9    0.40716  66   1.014E+05  5.142E-06  6.499E-02  2.930E+02  2.930E+02
   0.09305   9    0.41347  67   1.014E+05  1.953E-06  6.500E-02  2.930E+02  2.930E+02
   0.09305   9    0.41978  68   1.014E+05 -3.453E-07  6.500E-02  2.930E+02  2.930E+02
   0.09305   9    0.42609  69   1.014E+05  2.921E-07  6.500E-02  2.930E+02  2.930E+02
   0.09305   9    0.43241  70   1.014E+05  2.105E-07  6.500E-02  2.930E+02  2.930E+02
   0.09305   9    0.43872  71   1.014E+05  2.215E-07  6.500E-02  2.930E+02  2.930E+02
   0.09305   9    0.44503  72   1.014E+05  1.832E-07  6.500E-02  2.930E+02  2.930E+02
   0.09305   9    0.45134  73   1.014E+05  1.506E-07  6.500E-02  2.930E+02  2.930E+02
   0.09305   9    0.45766  74   1.014E+05  1.198E-07  6.500E-02  2.930E+02  2.930E+02
   0.09305   9    0.46397  75   1.014E+05  9.407E-08  6.500E-02  2.930E+02  2.930E+02
   0.09305   9    0.47028  76   1.014E+05  7.299E-08  6.500E-02  2.930E+02  2.930E+02
   0.09305   9    0.47659  77   1.014E+05  5.592E-08  6.500E-02  2.930E+02  2.930E+02
   0.09305   9    0.48291  78   1.014E+05  4.205E-08  6.500E-02  2.930E+02  2.930E+02
   0.09305   9    0.48922  79   1.013E+05  3.073E-08  6.500E-02  2.930E+02  2.930E+02
   0.09305   9    0.49553  80   1.013E+05  2.050E-08  6.500E-02  2.930E+02  2.930E+02
   0.09305   9    0.50184  81   1.013E+05  1.493E-08  6.500E-02  2.930E+02  2.930E+02
   0.09305   9    0.50500  82   1.013E+05  0.000E+00  6.500E-02  2.930E+02  2.930E+02
   0.10546  10    0.00000   1   1.019E+05  0.000E+00  6.500E-02  2.930E+02  2.930E+02
   0.10546  10    0.00316   2   1.019E+05  6.075E-07  6.498E-02  2.934E+02  2.930E+02
   0.10546  10    0.00947   3   1.019E+05  1.025E-06  6.500E-02  2.943E+02  2.930E+02
   0.10546  10    0.01578   4   1.019E+05  1.079E-06  6.500E-02  2.955E+02  2.930E+02
   0.10546  10    0.02209   5   1.019E+05  1.178E-06  6.500E-02  2.973E+02  2.930E+02
   0.10546  10    0.02841   6   1.019E+05  1.507E-06  6.500E-02  3.000E+02  2.930E+02
   0.10546  10    0.03472   7   1.019E+05  1.281E-06  6.500E-02  3.040E+02  2.930E+02
   0.10546  10    0.04103   8   1.019E+05  3.612E-06  6.500E-02  3.098E+02  2.930E+02
   0.10546  10    0.04734   9   1.019E+05  7.198E-06  6.500E-02  3.181E+02  2.930E+02
   0.10546  10    0.05366  10   1.019E+05  5.295E-06  6.500E-02  3.293E+02  2.930E+02
   0.10546  10    0.05997  11   1.018E+05  6.791E-06  6.500E-02  3.440E+02  2.930E+02
   0.10546  10    0.06628  12   1.018E+05  4.884E-06  6.500E-02  3.623E+02  2.930E+02
   0.10546  10    0.07259  13   1.018E+05  6.545E-06  6.500E-02  3.830E+02  2.930E+02
   0.10546  10    0.07891  14   1.018E+05  2.864E-06  6.500E-02  4.034E+02  2.930E+02
   0.10546  10    0.08522  15   1.018E+05  7.273E-07  6.500E-02  4.190E+02  2.930E+02
   0.10546  10    0.09153  16   1.018E+05  7.954E-07  6.500E-02  4.250E+02  2.930E+02
   0.10546  10    0.09784  17   1.018E+05  2.874E-07  6.500E-02  4.190E+02  2.930E+02
   0.10546  10    0.10416  18   1.018E+05  4.110E-07  6.500E-02  4.034E+02  2.930E+02
   0.10546  10    0.11047  19   1.018E+05  3.488E-07  6.500E-02  3.830E+02  2.930E+02
   0.10546  10    0.11678  20   1.018E+05  3.540E-07  6.500E-02  3.623E+02  2.930E+02
   0.10546  10    0.12309  21   1.018E+05  3.832E-07  6.500E-02  3.440E+02  2.930E+02
   0.10546  10    0.12941  22   1.018E+05  3.843E-07  6.500E-02  3.293E+02  2.930E+02
   0.10546  10    0.13572  23   1.018E+05  7.705E-07  6.500E-02  3.181E+02  2.930E+02
   0.10546  10    0.14203  24   1.017E+05  1.061E-06  6.500E-02  3.099E+02  2.930E+02
   0.10546  10    0.14834  25   1.017E+05  7.723E-07  6.500E-02  3.040E+02  2.930E+02
   0.10546  10    0.15466  26   1.017E+05 -2.538E-07  6.500E-02  3.001E+02  2.930E+02
   0.10546  10    0.16097  27   1.017E+05  2.015E-06  6.500E-02  2.974E+02  2.930E+02
   0.10546  10    0.16728  28   1.017E+05  5.221E-06  6.499E-02  2.957E+02  2.930E+02
   0.10546  10    0.17359  29   1.017E+05  1.905E-06  6.499E-02  2.946E+02  2.930E+02
   0.10546  10    0.17991  30   1.017E+05 -2.748E-07  6.499E-02  2.939E+02  2.930E+02
   0.10546  10    0.18622  31   1.017E+05  1.491E-07  6.500E-02  2.935E+02  2.930E+02
   0.10546  10    0.19253  32   1.017E+05  1.248E-07  6.500E-02  2.933E+02  2.930E+02
   0.10546  10    0.19884  33   1.017E+05  1.478E-07  6.500E-02  2.932E+02  2.930E+02
   0.10546  10    0.20516  34   1.017E+05  1.577E-07  6.500E-02  2.931E+02  2.930E+02
   0.10546  10    0.21147  35   1.017E+05  1.679E-07  6.500E-02  2.930E+02  2.930E+02
   0.10546  10    0.21778  36   1.017E+05  1.813E-07  6.500E-02  2.930E+02  2.930E+02
   0.10546  10    0.22409  37   1.017E+05  1.661E-07  6.499E-02  2.930E+02  2.930E+02
   0.10546  10    0.23041  38   1.016E+05  2.113E-07  6.499E-02  2.930E+02  2.930E+02
   0.10546  10    0.23672  39   1.016E+05 -1.519E-07  6.499E-02  2.930E+02  2.930E+02
   0.10546  10    0.24303  40   1.016E+05  2.175E-07  6.500E-02  2.930E+02  2.930E+02
   0.10546  10    0.24934  41   1.016E+05  1.862E-07  6.500E-02  2.930E+02  2.930E+02
   0.10546  10    0.25566  42   1.016E+05  2.026E-07  6.500E-02  2.930E+02  2.930E+02
   0.10546  10    0.26197  43   1.016E+05  1.948E-07  6.500E-02  2.930E+02  2.930E+02
   0.10546  10    0.26828  44   1.016E+05  1.888E-07  6.500E-02  2.930E+02  2.930E+02
   0.10546  10    0.27459  45   1.016E+05  1.796E-07  6.500E-02  2.930E+02  2.930E+02
   0.10546  10    0.28091  46   1.016E+05  1.776E-07  6.500E-02  2.930E+02  2.930E+02
   0.10546  10    0.28722  47   1.016E+05  1.737E-07  6.500E-02  2.930E+02  2.930E+02
   0.10546  10    0.29353  48   1.016E+05  1.714E-07  6.500E-02  2.930E+02  2.930E+02
   0.10546  10    0.29984  49   1.016E+05  1.796E-07  6.500E-02  2.930E+02  2.930E+02
   0.10546  10    0.30616  50   1.016E+05  1.754E-07  6.500E-02  2.930E+02  2.930E+02
   0.10546  10    0.31247  51   1.015E+05  2.927E-07  6.500E-02  2.930E+02  2.930E+02
   0.10546  10    0.31878  52   1.015E+05 -1.977E-07  6.499E-02  2.930E+02  2.930E+02
   0.10546  10    0.32509  53   1.015E+05  2.253E-06  6.499E-02  2.930E+02  2.930E+02
   0.10546  10    0.33141  54   1.015E+05  6.279E-06  6.500E-02  2.930E+02  2.930E+02
   0.10546  10    0.33772  55   1.015E+05  2.686E-06  6.501E-02  2.930E+02  2.930E+02
   0.10546  10    0.34403  56   1.015E+05  4.366E-07  6.500E-02  2.930E+02  2.930E+02
   0.10546  10    0.35034  57   1.015E+05  1.042E-06  6.500E-02  2.930E+02  2.930E+02
   0.10546  10    0.35666  58   1.015E+05 -1.339E-07  6.500E-02  2.930E+02  2.930E+02
   0.10546  10    0.36297  59   1.015E+05  2.458E-06  6.500E-02  2.930E+02  2.930E+02
   0.10546  10    0.36928  60   1.015E+05  5.851E-06  6.500E-02  2.930E+02  2.930E+02
   0.10546  10    0.37559  61   1.015E+05  2.567E-06  6.500E-02  2.930E+02  2.930E+02
   0.10546  10    0.38191  62   1.015E+05  4.167E-07  6.500E-02  2.930E+02  2.930E+02
   0.10546  10    0.38822  63   1.015E+05  6.915E-07  6.500E-02  2.930E+02  2.930E+02
   0.10546  10    0.39453  64   1.015E+05 -1.246E-07  6.500E-02  2.930E+02  2.930E+02
   0.10546  10    0.40084  65   1.014E+05  2.009E-06  6.500E-02  2.930E+02  2.930E+02
   0.10546  10    0.40716  66   1.014E+05  5.329E-06  6.499E-02  2.930E+02  2.930E+02
   0.10546  10    0.41347  67   1.014E+05  2.297E-06  6.499E-02  2.930E+02  2.930E+02
   0.10546  10    0.41978  68   1.014E+05  2.523E-07  6.499E-02  2.930E+02  2.930E+02
   0.10546  10    0.42609  69   1.014E+05  6.304E-07  6.500E-02  2.930E+02  2.930E+02
   0.10546  10    0.43241  70   1.014E+05  1.630E-07  6.500E-02  2.930E+02  2.930E+02
   0.10546  10    0.43872  71   1.014E+05  2.856E-07  6.500E-02  2.930E+02  2.930E+02
   0.10546  10    0.44503  72   1.014E+05  1.978E-07  6.500E-02  2.930E+02  2.930E+02
   0.10546  10    0.45134  73   1.014E+05  1.591E-07  6.500E-02  2.930E+02  2.930E+02
   0.10546  10    0.45766  74   1.014E+05  1.197E-07  6.500E-02  2.930E+02  2.930E+02
   0.10546  10    0.46397  75   1.014E+05  9.028E-08  6.500E-02  2.930E+02  2.930E+02
   0.10546  10    0.47028  76   1.014E+05  6.752E-08  6.500E-02  2.930E+02  2.930E+02
   0.10546  10    0.47659  77   1.014E+05  5.016E-08  6.500E-02  2.930E+02  2.930E+02
   0.10546  10    0.48291  78   1.014E+05  3.670E-08  6.500E-02  2.930E+02  2.930E+02
   0.10546  10    0.48922  79   1.013E+05  2.618E-08  6.500E-02  2.930E+02  2.930E+02
   0.10546  10    0.49553  80   1.013E+05  1.710E-08  6.500E-02  2.930E+02  2.930E+02
   0.10546  10    0.50184  81   1.013E+05  1.228E-08  6.500E-02  2.930E+02  2.930E+02
   0.10546  10    0.50500  82   1.013E+05  0.000E+00  6.500E-02  2.930E+02  2.930E+02
   0.11787  11    0.00000   1   1.019E+05  0.000E+00  6.500E-02  2.930E+02  2.930E+02
   0.11787  11    0.00316   2   1.019E+05  1.636E-07  6.498E-02  2.934E+02  2.930E+02
   0.11787  11    0.00947   3   1.019E+05  5.441E-07  6.500E-02  2.943E+02  2.930E+02
   0.11787  11    0.01578   4   1.019E+05  5.583E-07  6.500E-02  2.955E+02  2.930E+02
   0.11787  11    0.02209   5   1.019E+05  6.026E-07  6.500E-02  2.973E+02  2.930E+02
   0.11787  11    0.02841   6   1.019E+05  8.108E-07  6.500E-02  3.000E+02  2.930E+02
   0.11787  11    0.03472   7   1.019E+05  4.677E-07  6.500E-02  3.040E+02  2.930E+02
   0.11787  11    0.04103   8   1.019E+05  2.529E-06  6.501E-02  3.098E+02  2.930E+02
   0.11787  11    0.04734   9   1.019E+05  2.345E-05  6.500E-02  3.181E+02  2.930E+02
   0.11787  11    0.05366  10   1.019E+05  3.889E-06  6.500E-02  3.293E+02  2.930E+02
   0.11787  11    0.05997  11   1.018E+05  2.255E-05  6.500E-02  3.440E+02  2.930E+02
   0.11787  11    0.06628  12   1.018E+05  3.542E-06  6.500E-02  3.623E+02  2.930E+02
   0.11787  11    0.07259  13   1.018E+05  2.275E-05  6.499E-02  3.830E+02  2.930E+02
   0.11787  11    0.07891  14   1.018E+05  1.929E-06  6.499E-02  4.034E+02  2.930E+02
   0.11787  11    0.08522  15   1.018E+05 -1.203E-07  6.499E-02  4.190E+02  2.930E+02
   0.11787  11    0.09153  16   1.018E+05  2.571E-07  6.500E-02  4.250E+02  2.930E+02
   0.11787  11    0.09784  17   1.018E+05  1.922E-07  6.500E-02  4.190E+02  2.930E+02
   0.11787  11    0.10416  18   1.018E+05  1.909E-07  6.500E-02  4.034E+02  2.930E+02
   0.11787  11    0.11047  19   1.018E+05  1.711E-07  6.500E-02  3.830E+02  2.930E+02
   0.11787  11    0.11678  20   1.018E+05  1.592E-07  6.500E-02  3.623E+02  2.930E+02
   0.11787  11    0.12309  21   1.018E+05  1.546E-07  6.500E-02  3.440E+02  2.930E+02
   0.11787  11    0.12941  22   1.018E+05  1.350E-07  6.500E-02  3.293E+02  2.930E+02
   0.11787  11    0.13572  23   1.018E+05  1.822E-07  6.500E-02  3.181E+02  2.930E+02
   0.11787  11    0.14203  24   1.017E+05  3.203E-08  6.500E-02  3.099E+02  2.930E+02
   0.11787  11    0.14834  25   1.017E+05  2.334E-07  6.500E-02  3.040E+02  2.930E+02
   0.11787  11    0.15466  26   1.017E+05  2.352E-07  6.500E-02  3.001E+02  2.930E+02
   0.11787  11    0.16097  27   1.017E+05  4.833E-07  6.500E-02  2.974E+02  2.930E+02
   0.11787  11    0.16728  28   1.017E+05  6.833E-07  6.499E-02  2.957E+02  2.930E+02
   0.11787  11    0.17359  29   1.017E+05  4.560E-07  6.499E-02  2.946E+02  2.930E+02
   0.11787  11    0.17991  30   1.017E+05  2.137E-07  6.499E-02  2.939E+02  2.930E+02
   0.11787  11    0.18622  31   1.017E+05  1.462E-07  6.500E-02  2.935E+02  2.930E+02
   0.11787  11    0.19253  32   1.017E+05  1.014E-07  6.500E-02  2.933E+02  2.930E+02
   0.11787  11    0.19884  33   1.017E+05  8.246E-08  6.500E-02  2.932E+02  2.930E+02
   0.11787  11    0.20516  34   1.017E+05  7.360E-08  6.500E-02  2.931E+02  2.930E+02
   0.11787  11    0.21147  35   1.017E+05  6.958E-08  6.500E-02  2.930E+02  2.930E+02
   0.11787  11    0.21778  36   1.017E+05  6.860E-08  6.500E-02  2.930E+02  2.930E+02
   0.11787  11    0.22409  37   1.017E+05  4.539E-08  6.499E-02  2.930E+02  2.930E+02
   0.11787  11    0.23041  38   1.016E+05  6.600E-08  6.499E-02  2.930E+02  2.930E+02
   0.11787  11    0.23672  39   1.016E+05 -2.829E-07  6.499E-02  2.930E+02  2.930E+02
   0.11787  11    0.24303  40   1.016E+05  6.670E-08  6.500E-02  2.930E+02  2.930E+02
   0.11787  11    0.24934  41   1.016E+05  5.052E-08  6.500E-02  2.930E+02  2.930E+02
   0.11787  11    0.25566  42   1.016E+05  7.411E-08  6.500E-02  2.930E+02  2.930E+02
   0.11787  11    0.26197  43   1.016E+05  7.374E-08  6.500E-02  2.930E+02  2.930E+02
   0.11787  11    0.26828  44   1.016E+05  7.283E-08  6.500E-02  2.930E+02  2.930E+02
   0.11787  11    0.27459  45   1.016E+05  6.767E-08  6.500E-02  2.930E+02  2.930E+02
   0.11787  11    0.28091  46   1.016E+05  6.834E-08  6.500E-02  2.930E+02  2.930E+02
   0.11787  11    0.28722  47   1.016E+05  6.573E-08  6.500E-02  2.930E+02  2.930E+02
   0.11787  11    0.29353  48   1.016E+05  6.171E-08  6.500E-02  2.930E+02  2.930E+02
   0.11787  11    0.29984  49   1.016E+05  5.576E-08  6.500E-02  2.930E+02  2.930E+02
   0.11787  11    0.30616  50   1.016E+05  3.011E-08  6.500E-02  2.930E+02  2.930E+02
   0.11787  11    0.31247  51   1.015E+05  4.212E-08  6.500E-02  2.930E+02  2.930E+02
   0.11787  11    0.31878  52   1.015E+05 -4.112E-07  6.500E-02  2.930E+02  2.930E+02
   0.11787  11    0.32509  53   1.015E+05  1.418E-06  6.500E-02  2.930E+02  2.930E+02
   0.11787  11    0.33141  54   1.015E+05  2.222E-05  6.500E-02  2.930E+02  2.930E+02
   0.11787  11    0.33772  55   1.015E+05  1.512E-06  6.500E-02  2.930E+02  2.930E+02
   0.11787  11    0.34403  56   1.015E+05 -9.367E-07  6.500E-02  2.930E+02  2.930E+02
   0.11787  11    0.35034  57   1.015E+05  1.213E-07  6.500E-02  2.930E+02  2.930E+02
   0.11787  11    0.35666  58   1.015E+05 -1.356E-07  6.500E-02  2.930E+02  2.930E+02
   0.11787  11    0.36297  59   1.015E+05  8.027E-07  6.500E-02  2.930E+02  2.930E+02
   0.11787  11    0.36928  60   1.015E+05  1.726E-06  6.500E-02  2.930E+02  2.930E+02
   0.11787  11    0.37559  61   1.015E+05  1.258E-06  6.500E-02  2.930E+02  2.930E+02
   0.11787  11    0.38191  62   1.015E+05  1.508E-06  6.500E-02  2.930E+02  2.930E+02
   0.11787  11    0.38822  63   1.015E+05  8.187E-07  6.500E-02  2.930E+02  2.930E+02
   0.11787  11    0.39453  64   1.015E+05  5.815E-07  6.500E-02  2.930E+02  2.930E+02
   0.11787  11    0.40084  65   1.014E+05  7.169E-07  6.500E-02  2.930E+02  2.930E+02
   0.11787  11    0.40716  66   1.014E+05  9.496E-07  6.499E-02  2.930E+02  2.930E+02
   0.11787  11    0.41347  67   1.014E+05  8.876E-07  6.499E-02  2.930E+02  2.930E+02
   0.11787  11    0.41978  68   1.014E+05  8.577E-07  6.499E-02  2.930E+02  2.930E+02
   0.11787  11    0.42609  69   1.014E+05  5.450E-07  6.500E-02  2.930E+02  2.930E+02
   0.11787  11    0.43241  70   1.014E+05  9.002E-08  6.500E-02  2.930E+02  2.930E+02
   0.11787  11    0.43872  71   1.014E+05  1.765E-07  6.500E-02  2.930E+02  2.930E+02
   0.11787  11    0.44503  72   1.014E+05  1.033E-07  6.500E-02  2.930E+02  2.930E+02
   0.11787  11    0.45134  73   1.014E+05  8.018E-08  6.500E-02  2.930E+02  2.930E+02
   0.11787  11    0.45766  74   1.014E+05  5.729E-08  6.500E-02  2.930E+02  2.930E+02
   0.11787  11    0.46397  75   1.014E+05  4.193E-08  6.500E-02  2.930E+02  2.930E+02
   0.11787  11    0.47028  76   1.014E+05  3.058E-08  6.500E-02  2.930E+02  2.930E+02
   0.11787  11    0.47659  77   1.014E+05  2.229E-08  6.500E-02  2.930E+02  2.930E+02
   0.11787  11    0.48291  78   1.014E+05  1.607E-08  6.500E-02  2.930E+02  2.930E+02
   0.11787  11    0.48922  79   1.013E+05  1.131E-08  6.500E-02  2.930E+02  2.930E+02
   0.11787  11    0.49553  80   1.013E+05  7.316E-09  6.500E-02  2.930E+02  2.930E+02
   0.11787  11    0.50184  81   1.013E+05  5.216E-09  6.500E-02  2.930E+02  2.930E+02
   0.11787  11    0.50500  82   1.013E+05  0.000E+00  6.500E-02  2.930E+02  2.930E+02
   0.12407  12    0.00000   1   1.019E+05  0.000E+00  6.500E-02  2.930E+02  2.930E+02
   0.12407  12    0.00316   2   1.019E+05  1.636E-07  6.498E-02  2.934E+02  2.930E+02
   0.12407  12    0.00947   3   1.019E+05  5.441E-07  6.500E-02  2.943E+02  2.930E+02
   0.12407  12    0.01578   4   1.019E+05  5.583E-07  6.500E-02  2.955E+02  2.930E+02
   0.12407  12    0.02209   5   1.019E+05  6.026E-07  6.500E-02  2.973E+02  2.930E+02
   0.12407  12    0.02841   6   1.019E+05  8.108E-07  6.500E-02  3.000E+02  2.930E+02
   0.12407  12    0.03472   7   1.019E+05  4.677E-07  6.500E-02  3.040E+02  2.930E+02
   0.12407  12    0.04103   8   1.019E+05  2.529E-06  6.501E-02  3.098E+02  2.930E+02
   0.12407  12    0.04734   9   1.019E+05  2.345E-05  6.500E-02  3.181E+02  2.930E+02
   0.12407  12    0.05366  10   1.019E+05  3.889E-06  6.500E-02  3.293E+02  2.930E+02
   0.12407  12    0.05997  11   1.018E+05  2.255E-05  6.500E-02  3.440E+02  2.930E+02
   0.12407  12    0.06628  12   1.018E+05  3.542E-06  6.500E-02  3.623E+02  2.930E+02
   0.12407  12    0.07259  13   1.018E+05  2.275E-05  6.499E-02  3.830E+02  2.930E+02
   0.12407  12    0.07891  14   1.018E+05  1.929E-06  6.499E-02  4.034E+02  2.930E+02
   0.12407  12    0.08522  15   1.018E+05 -1.203E-07  6.499E-02  4.190E+02  2.930E+02
   0.12407  12    0.09153  16   1.018E+05  2.571E-07  6.500E-02  4.250E+02  2.930E+02
   0.12407  12    0.09784  17   1.018E+05  1.922E-07  6.500E-02  4.190E+02  2.930E+02
   0.12407  12    0.10416  18   1.018E+05  1.909E-07  6.500E-02  4.034E+02  2.930E+02
   0.12407  12    0.11047  19   1.018E+05  1.711E-07  6.500E-02  3.830E+02  2.930E+02
   0.12407  12    0.11678  20   1.018E+05  1.592E-07  6.500E-02  3.623E+02  2.930E+02
   0.12407  12    0.12309  21   1.018E+05  1.546E-07  6.500E-02  3.440E+02  2.930E+02
   0.12407  12    0.12941  22   1.018E+05  1.350E-07  6.500E-02  3.293E+02  2.930E+02
   0.12407  12    0.13572  23   1.018E+05  1.822E-07  6.500E-02  3.181E+02  2.930E+02
   0.12407  12    0.14203  24   1.017E+05  3.203E-08  6.500E-02  3.099E+02  2.930E+02
   0.12407  12    0.14834  25   1.017E+05  2.334E-07  6.500E-02  3.040E+02  2.930E+02
   0.12407  12    0.15466  26   1.017E+05  2.352E-07  6.500E-02  3.001E+02  2.930E+02
   0.12407  12    0.16097  27   1.017E+05  4.833E-07  6.500E-02  2.974E+02  2.930E+02
   0.12407  12    0.16728  28   1.017E+05  6.833E-07  6.499E-02  2.957E+02  2.930E+02
   0.12407  12    0.17359  29   1.017E+05  4.560E-07  6.499E-02  2.946E+02  2.930E+02
   0.12407  12    0.17991  30   1.017E+05  2.137E-07  6.499E-02  2.939E+02  2.930E+02
   0.12407  12    0.18622  31   1.017E+05  1.462E-07  6.500E-02  2.935E+02  2.930E+02
   0.12407  12    0.19253  32   1.017E+05  1.014E-07  6.500E-02  2.933E+02  2.930E+02
   0.12407  12    0.19884  33   1.017E+05  8.246E-08  6.500E-02  2.932E+02  2.930E+02
   0.12407  12    0.20516  34   1.017E+05  7.360E-08  6.500E-02  2.931E+02  2.930E+02
   0.12407  12    0.21147  35   1.017E+05  6.958E-08  6.500E-02  2.930E+02  2.930E+02
   0.12407  12    0.21778  36   1.017E+05  6.860E-08  6.500E-02  2.930E+02  2.930E+02
   0.12407  12    0.22409  37   1.017E+05  4.539E-08  6.499E-02  2.930E+02  2.930E+02
   0.12407  12    0.23041  38   1.016E+05  6.600E-08  6.499E-02  2.930E+02  2.930E+02
   0.12407  12    0.23672  39   1.016E+05 -2.829E-07  6.499E-02  2.930E+02  2.930E+02
   0.12407  12    0.24303  40   1.016E+05  6.670E-08  6.500E-02  2.930E+02  2.930E+02
   0.12407  12    0.24934  41   1.016E+05  5.052E-08  6.500E-02  2.930E+02  2.930E+02
   0.12407  12    0.25566  42   1.016E+05  7.411E-08  6.500E-02  2.930E+02  2.930E+02
   0.12407  12    0.26197  43   1.016E+05  7.374E-08  6.500E-02  2.930E+02  2.930E+02
   0.12407  12    0.26828  44   1.016E+05  7.283E-08  6.500E-02  2.930E+02  2.930E+02
   0.12407  12    0.27459  45   1.016E+05  6.767E-08  6.500E-02  2.930E+02  2.930E+02
   0.12407  12    0.28091  46   1.016E+05  6.834E-08  6.500E-02  2.930E+02  2.930E+02
   0.12407  12    0.28722  47   1.016E+05  6.573E-08  6.500E-02  2.930E+02  2.930E+02
   0.12407  12    0.29353  48   1.016E+05  6.171E-08  6.500E-02  2.930E+02  2.930E+02
   0.12407  12    0.29984  49   1.016E+05  5.576E-08  6.500E-02  2.930E+02  2.930E+02
   0.12407  12    0.30616  50   1.016E+05  3.011E-08  6.500E-02  2.930E+02  2.930E+02
   0.12407  12    0.31247  51   1.015E+05  4.212E-08  6.500E-02  2.930E+02  2.930E+02
   0.12407  12    0.31878  52   1.015E+05 -4.112E-07  6.500E-02  2.930E+02  2.930E+02
   0.12407  12    0.32509  53   1.015E+05  1.418E-06  6.500E-02  2.930E+02  2.930E+02
   0.12407  12    0.33141  54   1.015E+05  2.222E-05  6.500E-02  2.930E+02  2.930E+02
   0.12407  12    0.33772  55   1.015E+05  1.512E-06  6.500E-02  2.930E+02  2.930E+02
   0.12407  12    0.34403  56   1.015E+05 -9.367E-07  6.500E-02  2.930E+02  2.930E+02
   0.12407  12    0.35034  57   1.015E+05  1.213E-07  6.500E-02  2.930E+02  2.930E+02
   0.12407  12    0.35666  58   1.015E+05 -1.356E-07  6.500E-02  2.930E+02  2.930E+02
   0.12407  12    0.36297  59   1.015E+05  8.027E-07  6.500E-02  2.930E+02  2.930E+02
   0.12407  12    0.36928  60   1.015E+05  1.726E-06  6.500E-02  2.930E+02  2.930E+02
   0.12407  12    0.37559  61   1.015E+05  1.258E-06  6.500E-02  2.930E+02  2.930E+02
   0.12407  12    0.38191  62   1.015E+05  1.508E-06  6.500E-02  2.930E+02  2.930E+02
   0.12407  12    0.38822  63   1.015E+05  8.187E-07  6.500E-02  2.930E+02  2.930E+02
   0.12407  12    0.39453  64   1.015E+05  5.815E-07  6.500E-02  2.930E+02  2.930E+02
   0.12407  12    0.40084  65   1.014E+05  7.169E-07  6.500E-02  2.930E+02  2.930E+02
   0.12407  12    0.40716  66   1.014E+05  9.496E-07  6.499E-02  2.930E+02  2.930E+02
   0.12407  12    0.41347  67   1.014E+05  8.876E-07  6.499E-02  2.930E+02  2.930E+02
   0.12407  12    0.41978  68   1.014E+05  8.577E-07  6.499E-02  2.930E+02  2.930E+02
   0.12407  12    0.42609  69   1.014E+05  5.450E-07  6.500E-02  2.930E+02  2.930E+02
   0.12407  12    0.43241  70   1.014E+05  9.002E-08  6.500E-02  2.930E+02  2.930E+02
   0.12407  12    0.43872  71   1.014E+05  1.765E-07  6.500E-02  2.930E+02  2.930E+02
   0.12407  12    0.44503  72   1.014E+05  1.033E-07  6.500E-02  2.930E+02  2.930E+02
   0.12407  12    0.45134  73   1.014E+05  8.018E-08  6.500E-02  2.930E+02  2.930E+02
   0.12407  12    0.45766  74   1.014E+05  5.729E-08  6.500E-02  2.930E+02  2.930E+02
   0.12407  12    0.46397  75   1.014E+05  4.193E-08  6.500E-02  2.930E+02  2.930E+02
   0.12407  12    0.47028  76   1.014E+05  3.058E-08  6.500E-02  2.930E+02  2.930E+02
   0.12407  12    0.47659  77   1.014E+05  2.229E-08  6.500E-02  2.930E+02  2.930E+02
   0.12407  12    0.48291  78   1.014E+05  1.607E-08  6.500E-02  2.930E+02  2.930E+02
   0.12407  12    0.48922  79   1.013E+05  1.131E-08  6.500E-02  2.930E+02  2.930E+02
   0.12407  12    0.49553  80   1.013E+05  7.316E-09  6.500E-02  2.930E+02  2.930E+02
   0.12407  12    0.50184  81   1.013E+05  5.216E-09  6.500E-02  2.930E+02  2.930E+02
   0.12407  12    0.50500  82   1.013E+05  0.000E+00  6.500E-02  2.930E+02  2.930E+02
