# xp i yp j p u v ts tf
   0.00000   1    0.00000   1   1.019E+05 -9.090E-08  6.501E-02  2.932E+02  2.930E+02
   0.00000   1    0.00316   2   1.019E+05 -9.090E-08  6.501E-02  2.932E+02  2.930E+02
   0.00000   1    0.00947   3   1.019E+05 -9.654E-08  6.500E-02  2.937E+02  2.930E+02
   0.00000   1    0.01578   4   1.019E+05 -1.178E-07  6.500E-02  2.945E+02  2.930E+02
   0.00000   1    0.02209   5   1.019E+05 -1.573E-07  6.500E-02  2.957E+02  2.930E+02
   0.00000   1    0.02841   6   1.019E+05 -3.347E-07  6.500E-02  2.975E+02  2.930E+02
   0.00000   1    0.03472   7   1.019E+05 -5.264E-07  6.499E-02  3.005E+02  2.930E+02
   0.00000   1    0.04103   8   1.019E+05 -3.155E-07  6.498E-02  3.051E+02  2.930E+02
   0.00000   1    0.04734   9   1.019E+05 -1.375E-07  6.499E-02  3.118E+02  2.930E+02
   0.00000   1    0.05366  10   1.019E+05 -1.021E-07  6.499E-02  3.216E+02  2.930E+02
   0.00000   1    0.05997  11   1.018E+05 -7.786E-08  6.498E-02  3.352E+02  2.930E+02
   0.00000   1    0.06628  12   1.018E+05 -6.797E-08  6.499E-02  3.536E+02  2.930E+02
   0.00000   1    0.07259  13   1.018E+05 -5.733E-08  6.499E-02  3.778E+02  2.930E+02
   0.00000   1    0.07891  14   1.018E+05 -4.426E-08  6.498E-02  4.083E+02  2.930E+02
   0.00000   1    0.08522  15   1.018E+05 -2.600E-08  6.495E-02  4.435E+02  2.930E+02
   0.00000   1    0.09153  16   1.018E+05 -5.413E-09  6.493E-02  4.708E+02  2.930E+02
   0.00000   1    0.09784  17   1.018E+05  2.046E-08  6.491E-02  4.435E+02  2.930E+02
   0.00000   1    0.10416  18   1.018E+05  3.846E-08  6.491E-02  4.083E+02  2.930E+02
   0.00000   1    0.11047  19   1.018E+05  6.915E-08  6.490E-02  3.778E+02  2.930E+02
   0.00000   1    0.11678  20   1.018E+05  9.505E-08  6.490E-02  3.536E+02  2.930E+02
   0.00000   1    0.12309  21   1.018E+05  1.145E-07  6.491E-02  3.352E+02  2.930E+02
   0.00000   1    0.12941  22   1.018E+05  1.447E-07  6.491E-02  3.216E+02  2.930E+02
   0.00000   1    0.13572  23   1.018E+05  1.659E-07  6.491E-02  3.118E+02  2.930E+02
   0.00000   1    0.14203  24   1.017E+05  1.905E-07  6.491E-02  3.051E+02  2.930E+02
   0.00000   1    0.14834  25   1.017E+05  2.203E-07  6.491E-02  3.005E+02  2.930E+02
   0.00000   1    0.15466  26   1.017E+05  2.441E-07  6.490E-02  2.976E+02  2.930E+02
   0.00000   1    0.16097  27   1.017E+05  2.728E-07  6.490E-02  2.957E+02  2.930E+02
   0.00000   1    0.16728  28   1.017E+05  3.417E-07  6.491E-02  2.945E+02  2.930E+02
   0.00000   1    0.17359  29   1.017E+05  1.100E-07  6.491E-02  2.939E+02  2.930E+02
   0.00000   1    0.17991  30   1.017E+05  2.188E-06  6.490E-02  2.935E+02  2.930E+02
   0.00000   1    0.18622  31   1.017E+05  2.314E-05  6.490E-02  2.932E+02  2.930E+02
   0.00000   1    0.19253  32   1.017E+05  2.865E-06  6.491E-02  2.931E+02  2.930E+02
   0.00000   1    0.19884  33   1.017E+05  4.672E-07  6.491E-02  2.931E+02  2.930E+02
   0.00000   1    0.20516  34   1.017E+05  6.542E-07  6.491E-02  2.930E+02  2.930E+02
   0.00000   1    0.21147  35   1.017E+05  6.390E-07  6.491E-02  2.930E+02  2.930E+02
   0.00000   1    0.21778  36   1.017E+05  6.401E-07  6.491E-02  2.930E+02  2.930E+02
   0.00000   1    0.22409  37   1.017E+05  8.235E-07  6.491E-02  2.930E+02  2.930E+02
   0.00000   1    0.23041  38   1.016E+05  1.007E-06  6.491E-02  2.930E+02  2.930E+02
   0.00000   1    0.23672  39   1.016E+05  7.904E-07  6.490E-02  2.930E+02  2.930E+02
   0.00000   1    0.24303  40   1.016E+05  5.779E-07  6.490E-02  2.930E+02  2.930E+02
   0.00000   1    0.24934  41   1.016E+05  5.587E-07  6.491E-02  2.930E+02  2.930E+02
   0.00000   1    0.25566  42   1.016E+05  3.304E-07  6.491E-02  2.930E+02  2.930E+02
   0.00000   1    0.26197  43   1.016E+05  4.339E-07  6.491E-02  2.930E+02  2.930E+02
   0.00000   1    0.26828  44   1.016E+05  3.911E-07  6.491E-02  2.930E+02  2.930E+02
   0.00000   1    0.27459  45   1.016E+05  3.977E-07  6.491E-02  2.930E+02  2.930E+02
   0.00000   1    0.28091  46   1.016E+05  4.001E-07  6.492E-02  2.930E+02  2.930E+02
   0.00000   1    0.28722  47   1.016E+05  3.997E-07  6.492E-02  2.930E+02  2.930E+02
   0.00000   1    0.29353  48   1.016E+05  3.966E-07  6.492E-02  2.930E+02  2.930E+02
   0.00000   1    0.29984  49   1.016E+05  4.492E-07  6.492E-02  2.930E+02  2.930E+02
   0.00000   1    0.30616  50   1.016E+05  5.394E-07  6.491E-02  2.930E+02  2.930E+02
   0.00000   1    0.31247  51   1.015E+05  7.918E-07  6.491E-02  2.930E+02  2.930E+02
   0.00000   1    0.31878  52   1.015E+05  2.846E-06  6.490E-02  2.930E+02  2.930E+02
   0.00000   1    0.32509  53   1.015E+05  2.407E-05  6.490E-02  2.930E+02  2.930E+02
   0.00000   1    0.33141  54   1.015E+05  2.665E-06  6.492E-02  2.930E+02  2.930E+02
   0.00000   1    0.33772  55   1.015E+05  2.572E-06  6.492E-02  2.930E+02  2.930E+02
   0.00000   1    0.34403  56   1.015E+05  2.380E-05  6.492E-02  2.930E+02  2.930E+02
   0.00000   1    0.35034  57   1.015E+05  3.607E-06  6.492E-02  2.930E+02  2.930E+02
   0.00000   1    0.35666  58   1.015E+05  6.239E-07  6.492E-02  2.930E+02  2.930E+02
   0.00000   1    0.36297  59   1.015E+05  9.535E-07  6.492E-02  2.930E+02  2.930E+02
   0.00000   1    0.36928  60   1.015E+05  1.225E-06  6.492E-02  2.930E+02  2.930E+02
   0.00000   1    0.37559  61   1.015E+05  2.228E-06  6.492E-02  2.930E+02  2.930E+02
   0.00000   1    0.38191  62   1.015E+05  2.450E-06  6.492E-02  2.930E+02  2.930E+02
   0.00000   1    0.38822  63   1.015E+05  1.909E-06  6.492E-02  2.930E+02  2.930E+02
   0.00000   1    0.39453  64   1.015E+05  1.149E-06  6.492E-02  2.930E+02  2.930E+02
   0.00000   1    0.40084  65   1.014E+05  7.987E-07  6.492E-02  2.930E+02  2.930E+02
   0.00000   1    0.40716  66   1.014E+05  7.340E-07  6.492E-02  2.930E+02  2.930E+02
   0.00000   1    0.41347  67   1.014E+05  8.819E-07  6.492E-02  2.930E+02  2.930E+02
   0.00000   1    0.41978  68   1.014E+05  1.338E-06  6.492E-02  2.930E+02  2.930E+02
   0.00000   1    0.42609  69   1.014E+05  6.936E-07  6.492E-02  2.930E+02  2.930E+02
   0.00000   1    0.43241  70   1.014E+05  4.366E-07  6.492E-02  2.930E+02  2.930E+02
   0.00000   1    0.43872  71   1.014E+05  3.179E-07  6.492E-02  2.930E+02  2.930E+02
   0.00000   1    0.44503  72   1.014E+05  2.714E-07  6.492E-02  2.930E+02  2.930E+02
   0.00000   1    0.45134  73   1.014E+05  2.675E-07  6.492E-02  2.930E+02  2.930E+02
   0.00000   1    0.45766  74   1.014E+05  2.912E-07  6.492E-02  2.930E+02  2.930E+02
   0.00000   1    0.46397  75   1.014E+05  2.155E-07  6.492E-02  2.930E+02  2.930E+02
   0.00000   1    0.47028  76   1.014E+05  1.758E-07  6.492E-02  2.930E+02  2.930E+02
   0.00000   1    0.47659  77   1.014E+05  1.240E-07  6.492E-02  2.930E+02  2.930E+02
   0.00000   1    0.48291  78   1.014E+05  5.301E-07  6.492E-02  2.930E+02  2.930E+02
   0.00000   1    0.48922  79   1.013E+05 -1.559E-06  6.491E-02  2.930E+02  2.930E+02
   0.00000   1    0.49553  80   1.013E+05 -2.304E-05  6.491E-02  2.930E+02  2.930E+02
   0.00000   1    0.50184  81   1.013E+05 -1.979E-07  6.498E-02  2.930E+02  2.930E+02
   0.00000   1    0.50500  82   1.013E+05 -1.979E-07  6.498E-02  2.930E+02  2.930E+02
   0.00620   2    0.00000   1   1.019E+05  0.000E+00  6.500E-02  2.930E+02  2.930E+02
   0.00620   2    0.00316   2   1.019E+05 -9.090E-08  6.501E-02  2.932E+02  2.930E+02
   0.00620   2    0.00947   3   1.019E+05 -9.654E-08  6.500E-02  2.937E+02  2.930E+02
   0.00620   2    0.01578   4   1.019E+05 -1.178E-07  6.500E-02  2.945E+02  2.930E+02
   0.00620   2    0.02209   5   1.019E+05 -1.573E-07  6.500E-02  2.957E+02  2.930E+02
   0.00620   2    0.02841   6   1.019E+05 -3.347E-07  6.500E-02  2.975E+02  2.930E+02
   0.00620   2    0.03472   7   1.019E+05 -5.264E-07  6.499E-02  3.005E+02  2.930E+02
   0.00620   2    0.04103   8   1.019E+05 -3.155E-07  6.498E-02  3.051E+02  2.930E+02
   0.00620   2    0.04734   9   1.019E+05 -1.375E-07  6.499E-02  3.118E+02  2.930E+02
   0.00620   2    0.05366  10   1.019E+05 -1.021E-07  6.499E-02  3.216E+02  2.930E+02
   0.00620   2    0.05997  11   1.018E+05 -7.786E-08  6.498E-02  3.352E+02  2.930E+02
   0.00620   2    0.06628  12   1.018E+05 -6.797E-08  6.499E-02  3.536E+02  2.930E+02
   0.00620   2    0.07259  13   1.018E+05 -5.733E-08  6.499E-02  3.778E+02  2.930E+02
   0.00620   2    0.07891  14   1.018E+05 -4.426E-08  6.498E-02  4.083E+02  2.930E+02
   0.00620   2    0.08522  15   1.018E+05 -2.600E-08  6.495E-02  4.435E+02  2.930E+02
   0.00620   2    0.09153  16   1.018E+05 -5.413E-09  6.493E-02  4.708E+02  2.930E+02
   0.00620   2    0.09784  17   1.018E+05  2.046E-08  6.491E-02  4.435E+02  2.930E+02
   0.00620   2    0.10416  18   1.018E+05  3.846E-08  6.491E-02  4.083E+02  2.930E+02
   0.00620   2    0.11047  19   1.018E+05  6.915E-08  6.490E-02  3.778E+02  2.930E+02
   0.00620   2    0.11678  20   1.018E+05  9.505E-08  6.490E-02  3.536E+02  2.930E+02
   0.00620   2    0.12309  21   1.018E+05  1.145E-07  6.491E-02  3.352E+02  2.930E+02
   0.00620   2    0.12941  22   1.018E+05  1.447E-07  6.491E-02  3.216E+02  2.930E+02
   0.00620   2    0.13572  23   1.018E+05  1.659E-07  6.491E-02  3.118E+02  2.930E+02
   0.00620   2    0.14203  24   1.017E+05  1.905E-07  6.491E-02  3.051E+02  2.930E+02
   0.00620   2    0.14834  25   1.017E+05  2.203E-07  6.491E-02  3.005E+02  2.930E+02
   0.00620   2    0.15466  26   1.017E+05  2.441E-07  6.490E-02  2.976E+02  2.930E+02
   0.00620   2    0.16097  27   1.017E+05  2.728E-07  6.490E-02  2.957E+02  2.930E+02
   0.00620   2    0.16728  28   1.017E+05  3.417E-07  6.491E-02  2.945E+02  2.930E+02
   0.00620   2    0.17359  29   1.017E+05  1.100E-07  6.491E-02  2.939E+02  2.930E+02
   0.00620   2    0.17991  30   1.017E+05  2.188E-06  6.490E-02  2.935E+02  2.930E+02
   0.00620   2    0.18622  31   1.017E+05  2.314E-05  6.490E-02  2.932E+02  2.930E+02
   0.00620   2    0.19253  32   1.017E+05  2.865E-06  6.491E-02  2.931E+02  2.930E+02
   0.00620   2    0.19884  33   1.017E+05  4.672E-07  6.491E-02  2.931E+02  2.930E+02
   0.00620   2    0.20516  34   1.017E+05  6.542E-07  6.491E-02  2.930E+02  2.930E+02
   0.00620   2    0.21147  35   1.017E+05  6.390E-07  6.491E-02  2.930E+02  2.930E+02
   0.00620   2    0.21778  36   1.017E+05  6.401E-07  6.491E-02  2.930E+02  2.930E+02
   0.00620   2    0.22409  37   1.017E+05  8.235E-07  6.491E-02  2.930E+02  2.930E+02
   0.00620   2    0.23041  38   1.016E+05  1.007E-06  6.491E-02  2.930E+02  2.930E+02
   0.00620   2    0.23672  39   1.016E+05  7.904E-07  6.490E-02  2.930E+02  2.930E+02
   0.00620   2    0.24303  40   1.016E+05  5.779E-07  6.490E-02  2.930E+02  2.930E+02
   0.00620   2    0.24934  41   1.016E+05  5.587E-07  6.491E-02  2.930E+02  2.930E+02
   0.00620   2    0.25566  42   1.016E+05  3.304E-07  6.491E-02  2.930E+02  2.930E+02
   0.00620   2    0.26197  43   1.016E+05  4.339E-07  6.491E-02  2.930E+02  2.930E+02
   0.00620   2    0.26828  44   1.016E+05  3.911E-07  6.491E-02  2.930E+02  2.930E+02
   0.00620   2    0.27459  45   1.016E+05  3.977E-07  6.491E-02  2.930E+02  2.930E+02
   0.00620   2    0.28091  46   1.016E+05  4.001E-07  6.492E-02  2.930E+02  2.930E+02
   0.00620   2    0.28722  47   1.016E+05  3.997E-07  6.492E-02  2.930E+02  2.930E+02
   0.00620   2    0.29353  48   1.016E+05  3.966E-07  6.492E-02  2.930E+02  2.930E+02
   0.00620   2    0.29984  49   1.016E+05  4.492E-07  6.492E-02  2.930E+02  2.930E+02
   0.00620   2    0.30616  50   1.016E+05  5.394E-07  6.491E-02  2.930E+02  2.930E+02
   0.00620   2    0.31247  51   1.015E+05  7.918E-07  6.491E-02  2.930E+02  2.930E+02
   0.00620   2    0.31878  52   1.015E+05  2.846E-06  6.490E-02  2.930E+02  2.930E+02
   0.00620   2    0.32509  53   1.015E+05  2.407E-05  6.490E-02  2.930E+02  2.930E+02
   0.00620   2    0.33141  54   1.015E+05  2.665E-06  6.492E-02  2.930E+02  2.930E+02
   0.00620   2    0.33772  55   1.015E+05  2.572E-06  6.492E-02  2.930E+02  2.930E+02
   0.00620   2    0.34403  56   1.015E+05  2.380E-05  6.492E-02  2.930E+02  2.930E+02
   0.00620   2    0.35034  57   1.015E+05  3.607E-06  6.492E-02  2.930E+02  2.930E+02
   0.00620   2    0.35666  58   1.015E+05  6.239E-07  6.492E-02  2.930E+02  2.930E+02
   0.00620   2    0.36297  59   1.015E+05  9.535E-07  6.492E-02  2.930E+02  2.930E+02
   0.00620   2    0.36928  60   1.015E+05  1.225E-06  6.492E-02  2.930E+02  2.930E+02
   0.00620   2    0.37559  61   1.015E+05  2.228E-06  6.492E-02  2.930E+02  2.930E+02
   0.00620   2    0.38191  62   1.015E+05  2.450E-06  6.492E-02  2.930E+02  2.930E+02
   0.00620   2    0.38822  63   1.015E+05  1.909E-06  6.492E-02  2.930E+02  2.930E+02
   0.00620   2    0.39453  64   1.015E+05  1.149E-06  6.492E-02  2.930E+02  2.930E+02
   0.00620   2    0.40084  65   1.014E+05  7.987E-07  6.492E-02  2.930E+02  2.930E+02
   0.00620   2    0.40716  66   1.014E+05  7.340E-07  6.492E-02  2.930E+02  2.930E+02
   0.00620   2    0.41347  67   1.014E+05  8.819E-07  6.492E-02  2.930E+02  2.930E+02
   0.00620   2    0.41978  68   1.014E+05  1.338E-06  6.492E-02  2.930E+02  2.930E+02
   0.00620   2    0.42609  69   1.014E+05  6.936E-07  6.492E-02  2.930E+02  2.930E+02
   0.00620   2    0.43241  70   1.014E+05  4.366E-07  6.492E-02  2.930E+02  2.930E+02
   0.00620   2    0.43872  71   1.014E+05  3.179E-07  6.492E-02  2.930E+02  2.930E+02
   0.00620   2    0.44503  72   1.014E+05  2.714E-07  6.492E-02  2.930E+02  2.930E+02
   0.00620   2    0.45134  73   1.014E+05  2.675E-07  6.492E-02  2.930E+02  2.930E+02
   0.00620   2    0.45766  74   1.014E+05  2.912E-07  6.492E-02  2.930E+02  2.930E+02
   0.00620   2    0.46397  75   1.014E+05  2.155E-07  6.492E-02  2.930E+02  2.930E+02
   0.00620   2    0.47028  76   1.014E+05  1.758E-07  6.492E-02  2.930E+02  2.930E+02
   0.00620   2    0.47659  77   1.014E+05  1.240E-07  6.492E-02  2.930E+02  2.930E+02
   0.00620   2    0.48291  78   1.014E+05  5.301E-07  6.492E-02  2.930E+02  2.930E+02
   0.00620   2    0.48922  79   1.013E+05 -1.559E-06  6.491E-02  2.930E+02  2.930E+02
   0.00620   2    0.49553  80   1.013E+05 -2.304E-05  6.491E-02  2.930E+02  2.930E+02
   0.00620   2    0.50184  81   1.013E+05 -1.979E-07  6.498E-02  2.930E+02  2.930E+02
   0.00620   2    0.50500  82   1.013E+05  0.000E+00  6.498E-02  2.930E+02  2.930E+02
   0.01861   3    0.00000   1   1.019E+05  0.000E+00  6.500E-02  2.930E+02  2.930E+02
   0.01861   3    0.00316   2   1.019E+05 -1.765E-07  6.501E-02  2.932E+02  2.930E+02
   0.01861   3    0.00947   3   1.019E+05 -1.346E-07  6.500E-02  2.937E+02  2.930E+02
   0.01861   3    0.01578   4   1.019E+05 -1.088E-07  6.500E-02  2.945E+02  2.930E+02
   0.01861   3    0.02209   5   1.019E+05  3.343E-07  6.500E-02  2.957E+02  2.930E+02
   0.01861   3    0.02841   6   1.019E+05 -1.532E-06  6.500E-02  2.975E+02  2.930E+02
   0.01861   3    0.03472   7   1.019E+05 -4.706E-06  6.499E-02  3.005E+02  2.930E+02
   0.01861   3    0.04103   8   1.019E+05 -1.429E-06  6.498E-02  3.051E+02  2.930E+02
   0.01861   3    0.04734   9   1.019E+05  4.119E-07  6.499E-02  3.118E+02  2.930E+02
   0.01861   3    0.05366  10   1.019E+05 -7.246E-08  6.499E-02  3.216E+02  2.930E+02
   0.01861   3    0.05997  11   1.018E+05 -8.174E-08  6.498E-02  3.352E+02  2.930E+02
   0.01861   3    0.06628  12   1.018E+05 -1.146E-07  6.499E-02  3.536E+02  2.930E+02
   0.01861   3    0.07259  13   1.018E+05 -1.018E-07  6.499E-02  3.778E+02  2.930E+02
   0.01861   3    0.07891  14   1.018E+05 -8.202E-08  6.498E-02  4.083E+02  2.930E+02
   0.01861   3    0.08522  15   1.018E+05 -3.327E-08  6.495E-02  4.435E+02  2.930E+02
   0.01861   3    0.09153  16   1.018E+05  2.628E-08  6.493E-02  4.708E+02  2.930E+02
   0.01861   3    0.09784  17   1.018E+05  1.091E-07  6.491E-02  4.435E+02  2.930E+02
   0.01861   3    0.10416  18   1.018E+05  1.767E-07  6.491E-02  4.083E+02  2.930E+02
   0.01861   3    0.11047  19   1.018E+05  1.776E-07  6.490E-02  3.778E+02  2.930E+02
   0.01861   3    0.11678  20   1.018E+05  1.956E-07  6.490E-02  3.536E+02  2.930E+02
   0.01861   3    0.12309  21   1.018E+05  3.572E-08  6.491E-02  3.352E+02  2.930E+02
   0.01861   3    0.12941  22   1.018E+05  2.707E-07  6.491E-02  3.216E+02  2.930E+02
   0.01861   3    0.13572  23   1.018E+05  3.307E-07  6.491E-02  3.118E+02  2.930E+02
   0.01861   3    0.14203  24   1.017E+05  4.184E-07  6.491E-02  3.051E+02  2.930E+02
   0.01861   3    0.14834  25   1.017E+05  5.066E-07  6.491E-02  3.005E+02  2.930E+02
   0.01861   3    0.15466  26   1.017E+05  5.962E-07  6.490E-02  2.976E+02  2.930E+02
   0.01861   3    0.16097  27   1.017E+05  7.082E-07  6.490E-02  2.957E+02  2.930E+02
   0.01861   3    0.16728  28   1.017E+05  9.015E-07  6.491E-02  2.945E+02  2.930E+02
   0.01861   3    0.17359  29   1.017E+05  8.646E-07  6.491E-02  2.939E+02  2.930E+02
   0.01861   3    0.17991  30   1.017E+05  3.307E-06  6.491E-02  2.935E+02  2.930E+02
   0.01861   3    0.18622  31   1.017E+05  7.431E-06  6.490E-02  2.932E+02  2.930E+02
   0.01861   3    0.19253  32   1.017E+05  4.026E-06  6.490E-02  2.931E+02  2.930E+02
   0.01861   3    0.19884  33   1.017E+05  1.372E-06  6.491E-02  2.931E+02  2.930E+02
   0.01861   3    0.20516  34   1.017E+05  1.224E-06  6.491E-02  2.930E+02  2.930E+02
   0.01861   3    0.21147  35   1.017E+05  1.127E-06  6.491E-02  2.930E+02  2.930E+02
   0.01861   3    0.21778  36   1.017E+05  1.137E-06  6.491E-02  2.930E+02  2.930E+02
   0.01861   3    0.22409  37   1.017E+05  1.789E-06  6.491E-02  2.930E+02  2.930E+02
   0.01861   3    0.23041  38   1.016E+05  1.966E-06  6.491E-02  2.930E+02  2.930E+02
   0.01861   3    0.23672  39   1.016E+05  1.776E-06  6.490E-02  2.930E+02  2.930E+02
   0.01861   3    0.24303  40   1.016E+05  1.377E-06  6.490E-02  2.930E+02  2.930E+02
   0.01861   3    0.24934  41   1.016E+05  1.889E-06  6.491E-02  2.930E+02  2.930E+02
   0.01861   3    0.25566  42   1.016E+05  1.873E-06  6.491E-02  2.930E+02  2.930E+02
   0.01861   3    0.26197  43   1.016E+05  1.476E-06  6.491E-02  2.930E+02  2.930E+02
   0.01861   3    0.26828  44   1.016E+05  1.046E-06  6.491E-02  2.930E+02  2.930E+02
   0.01861   3    0.27459  45   1.016E+05  1.011E-06  6.491E-02  2.930E+02  2.930E+02
   0.01861   3    0.28091  46   1.016E+05  1.002E-06  6.492E-02  2.930E+02  2.930E+02
   0.01861   3    0.28722  47   1.016E+05  9.634E-07  6.492E-02  2.930E+02  2.930E+02
   0.01861   3    0.29353  48   1.016E+05  7.817E-07  6.492E-02  2.930E+02  2.930E+02
   0.01861   3    0.29984  49   1.016E+05  1.063E-06  6.492E-02  2.930E+02  2.930E+02
   0.01861   3    0.30616  50   1.016E+05  1.400E-06  6.492E-02  2.930E+02  2.930E+02
   0.01861   3    0.31247  51   1.015E+05  1.376E-06  6.492E-02  2.930E+02  2.930E+02
   0.01861   3    0.31878  52   1.015E+05  3.140E-06  6.491E-02  2.930E+02  2.930E+02
   0.01861   3    0.32509  53   1.015E+05  8.488E-06  6.490E-02  2.930E+02  2.930E+02
   0.01861   3    0.33141  54   1.015E+05  9.107E-06  6.491E-02  2.930E+02  2.930E+02
   0.01861   3    0.33772  55   1.015E+05  8.948E-06  6.492E-02  2.930E+02  2.930E+02
   0.01861   3    0.34403  56   1.015E+05  1.023E-05  6.492E-02  2.930E+02  2.930E+02
   0.01861   3    0.35034  57   1.015E+05  8.808E-06  6.491E-02  2.930E+02  2.930E+02
   0.01861   3    0.35666  58   1.015E+05  3.689E-06  6.491E-02  2.930E+02  2.930E+02
   0.01861   3    0.36297  59   1.015E+05  1.655E-06  6.492E-02  2.930E+02  2.930E+02
   0.01861   3    0.36928  60   1.015E+05  3.139E-06  6.492E-02  2.930E+02  2.930E+02
   0.01861   3    0.37559  61   1.015E+05  8.097E-06  6.492E-02  2.930E+02  2.930E+02
   0.01861   3    0.38191  62   1.015E+05  9.973E-06  6.492E-02  2.930E+02  2.930E+02
   0.01861   3    0.38822  63   1.015E+05  7.850E-06  6.492E-02  2.930E+02  2.930E+02
   0.01861   3    0.39453  64   1.015E+05  2.308E-06  6.492E-02  2.930E+02  2.930E+02
   0.01861   3    0.40084  65   1.014E+05  6.110E-07  6.492E-02  2.930E+02  2.930E+02
   0.01861   3    0.40716  66   1.014E+05  9.574E-07  6.492E-02  2.930E+02  2.930E+02
   0.01861   3    0.41347  67   1.014E+05  9.030E-07  6.492E-02  2.930E+02  2.930E+02
   0.01861   3    0.41978  68   1.014E+05  1.184E-06  6.492E-02  2.930E+02  2.930E+02
   0.01861   3    0.42609  69   1.014E+05  7.275E-07  6.492E-02  2.930E+02  2.930E+02
   0.01861   3    0.43241  70   1.014E+05  6.336E-07  6.492E-02  2.930E+02  2.930E+02
   0.01861   3    0.43872  71   1.014E+05  4.943E-07  6.492E-02  2.930E+02  2.930E+02
   0.01861   3    0.44503  72   1.014E+05  4.162E-07  6.492E-02  2.930E+02  2.930E+02
   0.01861   3    0.45134  73   1.014E+05  4.188E-07  6.492E-02  2.930E+02  2.930E+02
   0.01861   3    0.45766  74   1.014E+05  4.304E-07  6.492E-02  2.930E+02  2.930E+02
   0.01861   3    0.46397  75   1.014E+05  2.682E-07  6.492E-02  2.930E+02  2.930E+02
   0.01861   3    0.47028  76   1.014E+05  1.169E-07  6.492E-02  2.930E+02  2.930E+02
   0.01861   3    0.47659  77   1.014E+05 -1.981E-08  6.492E-02  2.930E+02  2.930E+02
   0.01861   3    0.48291  78   1.014E+05  2.616E-07  6.491E-02  2.930E+02  2.930E+02
   0.01861   3    0.48922  79   1.013E+05 -2.097E-06  6.490E-02  2.930E+02  2.930E+02
   0.01861   3    0.49553  80   1.013E+05 -6.591E-06  6.491E-02  2.930E+02  2.930E+02
   0.01861   3    0.50184  81   1.013E+05 -5.464E-07  6.499E-02  2.930E+02  2.930E+02
   0.01861   3    0.50500  82   1.013E+05  0.000E+00  6.499E-02  2.930E+02  2.930E+02
   0.03102   4    0.00000   1   1.019E+05  0.000E+00  6.500E-02  2.930E+02  2.930E+02
   0.03102   4    0.00316   2   1.019E+05 -2.511E-07  6.501E-02  2.932E+02  2.930E+02
   0.03102   4    0.00947   3   1.019E+05 -2.128E-07  6.500E-02  2.937E+02  2.930E+02
   0.03102   4    0.01578   4   1.019E+05 -1.753E-07  6.500E-02  2.945E+02  2.930E+02
   0.03102   4    0.02209   5   1.019E+05  2.782E-07  6.499E-02  2.957E+02  2.930E+02
   0.03102   4    0.02841   6   1.019E+05 -1.573E-06  6.499E-02  2.975E+02  2.930E+02
   0.03102   4    0.03472   7   1.019E+05 -4.728E-06  6.499E-02  3.005E+02  2.930E+02
   0.03102   4    0.04103   8   1.019E+05 -1.459E-06  6.499E-02  3.051E+02  2.930E+02
   0.03102   4    0.04734   9   1.019E+05  3.800E-07  6.499E-02  3.118E+02  2.930E+02
   0.03102   4    0.05366  10   1.019E+05 -1.021E-07  6.499E-02  3.216E+02  2.930E+02
   0.03102   4    0.05997  11   1.018E+05 -1.054E-07  6.498E-02  3.352E+02  2.930E+02
   0.03102   4    0.06628  12   1.018E+05 -1.297E-07  6.499E-02  3.536E+02  2.930E+02
   0.03102   4    0.07259  13   1.018E+05 -1.043E-07  6.499E-02  3.778E+02  2.930E+02
   0.03102   4    0.07891  14   1.018E+05 -7.491E-08  6.498E-02  4.083E+02  2.930E+02
   0.03102   4    0.08522  15   1.018E+05  1.242E-09  6.495E-02  4.435E+02  2.930E+02
   0.03102   4    0.09153  16   1.018E+05  1.020E-07  6.493E-02  4.708E+02  2.930E+02
   0.03102   4    0.09784  17   1.018E+05  3.755E-07  6.491E-02  4.435E+02  2.930E+02
   0.03102   4    0.10416  18   1.018E+05  6.822E-07  6.491E-02  4.083E+02  2.930E+02
   0.03102   4    0.11047  19   1.018E+05  5.192E-07  6.490E-02  3.778E+02  2.930E+02
   0.03102   4    0.11678  20   1.018E+05  3.496E-07  6.490E-02  3.536E+02  2.930E+02
   0.03102   4    0.12309  21   1.018E+05  1.366E-07  6.491E-02  3.352E+02  2.930E+02
   0.03102   4    0.12941  22   1.018E+05  3.431E-07  6.491E-02  3.216E+02  2.930E+02
   0.03102   4    0.13572  23   1.018E+05  3.934E-07  6.491E-02  3.118E+02  2.930E+02
   0.03102   4    0.14203  24   1.017E+05  4.794E-07  6.491E-02  3.051E+02  2.930E+02
   0.03102   4    0.14834  25   1.017E+05  5.642E-07  6.491E-02  3.005E+02  2.930E+02
   0.03102   4    0.15466  26   1.017E+05  6.566E-07  6.490E-02  2.976E+02  2.930E+02
   0.03102   4    0.16097  27   1.017E+05  7.628E-07  6.490E-02  2.957E+02  2.930E+02
   0.03102   4    0.16728  28   1.017E+05  8.950E-07  6.491E-02  2.945E+02  2.930E+02
   0.03102   4    0.17359  29   1.017E+05  1.109E-06  6.491E-02  2.939E+02  2.930E+02
   0.03102   4    0.17991  30   1.017E+05  1.149E-06  6.491E-02  2.935E+02  2.930E+02
   0.03102   4    0.18622  31   1.017E+05  3.477E-06  6.490E-02  2.932E+02  2.930E+02
   0.03102   4    0.19253  32   1.017E+05  5.987E-06  6.490E-02  2.931E+02  2.930E+02
   0.03102   4    0.19884  33   1.017E+05  2.293E-06  6.491E-02  2.931E+02  2.930E+02
   0.03102   4    0.20516  34   1.017E+05  4.589E-07  6.491E-02  2.930E+02  2.930E+02
   0.03102   4    0.21147  35   1.017E+05  9.152E-07  6.491E-02  2.930E+02  2.930E+02
   0.03102   4    0.21778  36   1.017E+05  1.012E-06  6.491E-02  2.930E+02  2.930E+02
   0.03102   4    0.22409  37   1.017E+05  1.587E-06  6.491E-02  2.930E+02  2.930E+02
   0.03102   4    0.23041  38   1.016E+05  1.587E-06  6.491E-02  2.930E+02  2.930E+02
   0.03102   4    0.23672  39   1.016E+05  1.758E-06  6.490E-02  2.930E+02  2.930E+02
   0.03102   4    0.24303  40   1.016E+05  1.262E-06  6.490E-02  2.930E+02  2.930E+02
   0.03102   4    0.24934  41   1.016E+05  3.099E-06  6.491E-02  2.930E+02  2.930E+02
   0.03102   4    0.25566  42   1.016E+05  6.573E-06  6.491E-02  2.930E+02  2.930E+02
   0.03102   4    0.26197  43   1.016E+05  3.046E-06  6.491E-02  2.930E+02  2.930E+02
   0.03102   4    0.26828  44   1.016E+05  9.276E-07  6.491E-02  2.930E+02  2.930E+02
   0.03102   4    0.27459  45   1.016E+05  1.200E-06  6.491E-02  2.930E+02  2.930E+02
   0.03102   4    0.28091  46   1.016E+05  1.229E-06  6.492E-02  2.930E+02  2.930E+02
   0.03102   4    0.28722  47   1.016E+05  1.210E-06  6.492E-02  2.930E+02  2.930E+02
   0.03102   4    0.29353  48   1.016E+05  1.030E-06  6.492E-02  2.930E+02  2.930E+02
   0.03102   4    0.29984  49   1.016E+05  1.109E-06  6.492E-02  2.930E+02  2.930E+02
   0.03102   4    0.30616  50   1.016E+05  1.416E-06  6.492E-02  2.930E+02  2.930E+02
   0.03102   4    0.31247  51   1.015E+05  1.399E-06  6.491E-02  2.930E+02  2.930E+02
   0.03102   4    0.31878  52   1.015E+05  1.409E-06  6.491E-02  2.930E+02  2.930E+02
   0.03102   4    0.32509  53   1.015E+05  3.423E-06  6.492E-02  2.930E+02  2.930E+02
   0.03102   4    0.33141  54   1.015E+05  8.599E-06  6.492E-02  2.930E+02  2.930E+02
   0.03102   4    0.33772  55   1.015E+05  8.088E-06  6.492E-02  2.930E+02  2.930E+02
   0.03102   4    0.34403  56   1.015E+05  4.354E-06  6.491E-02  2.930E+02  2.930E+02
   0.03102   4    0.35034  57   1.015E+05  7.110E-06  6.490E-02  2.930E+02  2.930E+02
   0.03102   4    0.35666  58   1.015E+05  9.182E-06  6.490E-02  2.930E+02  2.930E+02
   0.03102   4    0.36297  59   1.015E+05  8.544E-06  6.492E-02  2.930E+02  2.930E+02
   0.03102   4    0.36928  60   1.015E+05  8.522E-06  6.493E-02  2.930E+02  2.930E+02
   0.03102   4    0.37559  61   1.015E+05  8.770E-06  6.493E-02  2.930E+02  2.930E+02
   0.03102   4    0.38191  62   1.015E+05  9.283E-06  6.492E-02  2.930E+02  2.930E+02
   0.03102   4    0.38822  63   1.015E+05  8.469E-06  6.490E-02  2.930E+02  2.930E+02
   0.03102   4    0.39453  64   1.015E+05  3.193E-06  6.491E-02  2.930E+02  2.930E+02
   0.03102   4    0.40084  65   1.014E+05  1.096E-06  6.491E-02  2.930E+02  2.930E+02
   0.03102   4    0.40716  66   1.014E+05  1.239E-06  6.492E-02  2.930E+02  2.930E+02
   0.03102   4    0.41347  67   1.014E+05  1.636E-06  6.492E-02  2.930E+02  2.930E+02
   0.03102   4    0.41978  68   1.014E+05  1.603E-06  6.492E-02  2.930E+02  2.930E+02
   0.03102   4    0.42609  69   1.014E+05  1.572E-06  6.492E-02  2.930E+02  2.930E+02
   0.03102   4    0.43241  70   1.014E+05  8.255E-07  6.492E-02  2.930E+02  2.930E+02
   0.03102   4    0.43872  71   1.014E+05  6.057E-07  6.492E-02  2.930E+02  2.930E+02
   0.03102   4    0.44503  72   1.014E+05  4.245E-07  6.492E-02  2.930E+02  2.930E+02
   0.03102   4    0.45134  73   1.014E+05  3.644E-07  6.492E-02  2.930E+02  2.930E+02
   0.03102   4    0.45766  74   1.014E+05  2.883E-07  6.492E-02  2.930E+02  2.930E+02
   0.03102   4    0.46397  75   1.014E+05  1.354E-07  6.492E-02  2.930E+02  2.930E+02
   0.03102   4    0.47028  76   1.014E+05 -3.994E-08  6.492E-02  2.930E+02  2.930E+02
   0.03102   4    0.47659  77   1.014E+05 -1.592E-07  6.492E-02  2.930E+02  2.930E+02
   0.03102   4    0.48291  78   1.014E+05 -2.830E-07  6.491E-02  2.930E+02  2.930E+02
   0.03102   4    0.48922  79   1.013E+05 -3.967E-07  6.490E-02  2.930E+02  2.930E+02
   0.03102   4    0.49553  80   1.013E+05 -5.146E-07  6.491E-02  2.930E+02  2.930E+02
   0.03102   4    0.50184  81   1.013E+05 -3.884E-07  6.500E-02  2.930E+02  2.930E+02
   0.03102   4    0.50500  82   1.013E+05  0.000E+00  6.500E-02  2.930E+02  2.930E+02
   0.04342   5    0.00000   1   1.019E+05  0.000E+00  6.500E-02  2.930E+02  2.930E+02
   0.04342   5    0.00316   2   1.019E+05 -3.389E-07  6.501E-02  2.932E+02  2.930E+02
   0.04342   5    0.00947   3   1.019E+05 -3.453E-07  6.500E-02  2.937E+02  2.930E+02
   0.04342   5    0.01578   4   1.019E+05 -3.410E-07  6.500E-02  2.945E+02  2.930E+02
   0.04342   5    0.02209   5   1.019E+05 -3.486E-07  6.499E-02  2.957E+02  2.930E+02
   0.04342   5    0.02841   6   1.019E+05 -4.982E-07  6.499E-02  2.975E+02  2.930E+02
   0.04342   5    0.03472   7   1.019E+05 -4.750E-07  6.499E-02  3.005E+02  2.930E+02
   0.04342   5    0.04103   8   1.019E+05 -4.480E-07  6.499E-02  3.051E+02  2.930E+02
   0.04342   5    0.04734   9   1.019E+05 -2.645E-07  6.499E-02  3.118E+02  2.930E+02
   0.04342   5    0.05366  10   1.019E+05 -2.293E-07  6.499E-02  3.216E+02  2.930E+02
   0.04342   5    0.05997  11   1.018E+05 -1.862E-07  6.498E-02  3.352E+02  2.930E+02
   0.04342   5    0.06628  12   1.018E+05 -1.503E-07  6.499E-02  3.536E+02  2.930E+02
   0.04342   5    0.07259  13   1.018E+05 -1.052E-07  6.499E-02  3.778E+02  2.930E+02
   0.04342   5    0.07891  14   1.018E+05 -5.606E-08  6.498E-02  4.083E+02  2.930E+02
   0.04342   5    0.08522  15   1.018E+05  2.718E-08  6.495E-02  4.435E+02  2.930E+02
   0.04342   5    0.09153  16   1.018E+05  1.490E-07  6.493E-02  4.708E+02  2.930E+02
   0.04342   5    0.09784  17   1.018E+05  4.522E-07  6.492E-02  4.435E+02  2.930E+02
   0.04342   5    0.10416  18   1.018E+05  9.267E-07  6.491E-02  4.083E+02  2.930E+02
   0.04342   5    0.11047  19   1.018E+05  9.755E-07  6.490E-02  3.778E+02  2.930E+02
   0.04342   5    0.11678  20   1.018E+05  6.157E-07  6.490E-02  3.536E+02  2.930E+02
   0.04342   5    0.12309  21   1.018E+05  4.184E-07  6.491E-02  3.352E+02  2.930E+02
   0.04342   5    0.12941  22   1.018E+05  4.144E-07  6.491E-02  3.216E+02  2.930E+02
   0.04342   5    0.13572  23   1.018E+05  4.316E-07  6.491E-02  3.118E+02  2.930E+02
   0.04342   5    0.14203  24   1.017E+05  4.785E-07  6.491E-02  3.051E+02  2.930E+02
   0.04342   5    0.14834  25   1.017E+05  5.325E-07  6.491E-02  3.005E+02  2.930E+02
   0.04342   5    0.15466  26   1.017E+05  5.877E-07  6.490E-02  2.976E+02  2.930E+02
   0.04342   5    0.16097  27   1.017E+05  6.386E-07  6.490E-02  2.957E+02  2.930E+02
   0.04342   5    0.16728  28   1.017E+05  6.707E-07  6.491E-02  2.945E+02  2.930E+02
   0.04342   5    0.17359  29   1.017E+05  7.560E-07  6.491E-02  2.939E+02  2.930E+02
   0.04342   5    0.17991  30   1.017E+05  3.327E-07  6.491E-02  2.935E+02  2.930E+02
   0.04342   5    0.18622  31   1.017E+05  2.426E-06  6.491E-02  2.932E+02  2.930E+02
   0.04342   5    0.19253  32   1.017E+05  5.600E-06  6.490E-02  2.931E+02  2.930E+02
   0.04342   5    0.19884  33   1.017E+05  2.035E-06  6.490E-02  2.931E+02  2.930E+02
   0.04342   5    0.20516  34   1.017E+05  1.681E-07  6.491E-02  2.930E+02  2.930E+02
   0.04342   5    0.21147  35   1.017E+05  7.956E-07  6.491E-02  2.930E+02  2.930E+02
   0.04342   5    0.21778  36   1.017E+05  8.019E-07  6.491E-02  2.930E+02  2.930E+02
   0.04342   5    0.22409  37   1.017E+05  6.841E-07  6.491E-02  2.930E+02  2.930E+02
   0.04342   5    0.23041  38   1.016E+05  3.934E-07  6.491E-02  2.930E+02  2.930E+02
   0.04342   5    0.23672  39   1.016E+05  2.329E-06  6.490E-02  2.930E+02  2.930E+02
   0.04342   5    0.24303  40   1.016E+05  5.385E-06  6.490E-02  2.930E+02  2.930E+02
   0.04342   5    0.24934  41   1.016E+05  4.080E-06  6.492E-02  2.930E+02  2.930E+02
   0.04342   5    0.25566  42   1.016E+05  5.883E-06  6.491E-02  2.930E+02  2.930E+02
   0.04342   5    0.26197  43   1.016E+05  3.316E-06  6.490E-02  2.930E+02  2.930E+02
   0.04342   5    0.26828  44   1.016E+05  1.082E-06  6.491E-02  2.930E+02  2.930E+02
   0.04342   5    0.27459  45   1.016E+05  1.434E-06  6.491E-02  2.930E+02  2.930E+02
   0.04342   5    0.28091  46   1.016E+05  1.465E-06  6.492E-02  2.930E+02  2.930E+02
   0.04342   5    0.28722  47   1.016E+05  1.498E-06  6.492E-02  2.930E+02  2.930E+02
   0.04342   5    0.29353  48   1.016E+05  1.499E-06  6.492E-02  2.930E+02  2.930E+02
   0.04342   5    0.29984  49   1.016E+05  1.401E-06  6.492E-02  2.930E+02  2.930E+02
   0.04342   5    0.30616  50   1.016E+05  1.513E-06  6.492E-02  2.930E+02  2.930E+02
   0.04342   5    0.31247  51   1.015E+05  1.700E-06  6.492E-02  2.930E+02  2.930E+02
   0.04342   5    0.31878  52   1.015E+05  1.921E-06  6.492E-02  2.930E+02  2.930E+02
   0.04342   5    0.32509  53   1.015E+05  2.225E-06  6.492E-02  2.930E+02  2.930E+02
   0.04342   5    0.33141  54   1.015E+05  2.618E-06  6.492E-02  2.930E+02  2.930E+02
   0.04342   5    0.33772  55   1.015E+05  2.182E-06  6.492E-02  2.930E+02  2.930E+02
   0.04342   5    0.34403  56   1.015E+05  1.315E-06  6.492E-02  2.930E+02  2.930E+02
   0.04342   5    0.35034  57   1.015E+05  2.962E-06  6.491E-02  2.930E+02  2.930E+02
   0.04342   5    0.35666  58   1.015E+05  8.145E-06  6.492E-02  2.930E+02  2.930E+02
   0.04342   5    0.36297  59   1.015E+05  1.043E-05  6.492E-02  2.930E+02  2.930E+02
   0.04342   5    0.36928  60   1.015E+05  8.852E-06  6.492E-02  2.930E+02  2.930E+02
   0.04342   5    0.37559  61   1.015E+05  3.973E-06  6.492E-02  2.930E+02  2.930E+02
   0.04342   5    0.38191  62   1.015E+05  2.128E-06  6.492E-02  2.930E+02  2.930E+02
   0.04342   5    0.38822  63   1.015E+05  4.463E-06  6.490E-02  2.930E+02  2.930E+02
   0.04342   5    0.39453  64   1.015E+05  7.852E-06  6.490E-02  2.930E+02  2.930E+02
   0.04342   5    0.40084  65   1.014E+05  3.599E-06  6.491E-02  2.930E+02  2.930E+02
   0.04342   5    0.40716  66   1.014E+05  2.709E-06  6.492E-02  2.930E+02  2.930E+02
   0.04342   5    0.41347  67   1.014E+05  7.591E-06  6.492E-02  2.930E+02  2.930E+02
   0.04342   5    0.41978  68   1.014E+05  9.367E-06  6.492E-02  2.930E+02  2.930E+02
   0.04342   5    0.42609  69   1.014E+05  7.421E-06  6.492E-02  2.930E+02  2.930E+02
   0.04342   5    0.43241  70   1.014E+05  2.210E-06  6.492E-02  2.930E+02  2.930E+02
   0.04342   5    0.43872  71   1.014E+05  3.615E-07  6.492E-02  2.930E+02  2.930E+02
   0.04342   5    0.44503  72   1.014E+05  4.710E-07  6.492E-02  2.930E+02  2.930E+02
   0.04342   5    0.45134  73   1.014E+05  3.592E-07  6.492E-02  2.930E+02  2.930E+02
   0.04342   5    0.45766  74   1.014E+05  2.444E-07  6.492E-02  2.930E+02  2.930E+02
   0.04342   5    0.46397  75   1.014E+05  9.035E-08  6.492E-02  2.930E+02  2.930E+02
   0.04342   5    0.47028  76   1.014E+05 -1.186E-07  6.492E-02  2.930E+02  2.930E+02
   0.04342   5    0.47659  77   1.014E+05 -2.967E-07  6.492E-02  2.930E+02  2.930E+02
   0.04342   5    0.48291  78   1.014E+05 -9.742E-07  6.491E-02  2.930E+02  2.930E+02
   0.04342   5    0.48922  79   1.013E+05  9.060E-07  6.490E-02  2.930E+02  2.930E+02
   0.04342   5    0.49553  80   1.013E+05  4.050E-06  6.491E-02  2.930E+02  2.930E+02
   0.04342   5    0.50184  81   1.013E+05 -6.380E-07  6.500E-02  2.930E+02  2.930E+02
   0.04342   5    0.50500  82   1.013E+05  0.000E+00  6.500E-02  2.930E+02  2.930E+02
   0.05583   6    0.00000   1   1.019E+05  0.000E+00  6.500E-02  2.930E+02  2.930E+02
   0.05583   6    0.00316   2   1.019E+05 -3.644E-07  6.501E-02  2.932E+02  2.930E+02
   0.05583   6    0.00947   3   1.019E+05 -3.633E-07  6.500E-02  2.937E+02  2.930E+02
   0.05583   6    0.01578   4   1.019E+05 -3.414E-07  6.500E-02  2.945E+02  2.930E+02
   0.05583   6    0.02209   5   1.019E+05 -3.241E-07  6.499E-02  2.957E+02  2.930E+02
   0.05583   6    0.02841   6   1.019E+05 -2.950E-07  6.499E-02  2.975E+02  2.930E+02
   0.05583   6    0.03472   7   1.019E+05 -7.967E-08  6.499E-02  3.005E+02  2.930E+02
   0.05583   6    0.04103   8   1.019E+05 -2.377E-07  6.499E-02  3.051E+02  2.930E+02
   0.05583   6    0.04734   9   1.019E+05 -2.177E-07  6.499E-02  3.118E+02  2.930E+02
   0.05583   6    0.05366  10   1.019E+05 -1.961E-07  6.499E-02  3.216E+02  2.930E+02
   0.05583   6    0.05997  11   1.018E+05 -1.635E-07  6.498E-02  3.352E+02  2.930E+02
   0.05583   6    0.06628  12   1.018E+05 -1.230E-07  6.499E-02  3.536E+02  2.930E+02
   0.05583   6    0.07259  13   1.018E+05 -7.864E-08  6.499E-02  3.778E+02  2.930E+02
   0.05583   6    0.07891  14   1.018E+05 -2.693E-08  6.498E-02  4.083E+02  2.930E+02
   0.05583   6    0.08522  15   1.018E+05  3.900E-08  6.496E-02  4.435E+02  2.930E+02
   0.05583   6    0.09153  16   1.018E+05  1.337E-07  6.493E-02  4.708E+02  2.930E+02
   0.05583   6    0.09784  17   1.018E+05  2.646E-07  6.492E-02  4.435E+02  2.930E+02
   0.05583   6    0.10416  18   1.018E+05  5.324E-07  6.491E-02  4.083E+02  2.930E+02
   0.05583   6    0.11047  19   1.018E+05  7.680E-07  6.490E-02  3.778E+02  2.930E+02
   0.05583   6    0.11678  20   1.018E+05  5.601E-07  6.490E-02  3.536E+02  2.930E+02
   0.05583   6    0.12309  21   1.018E+05  3.804E-07  6.491E-02  3.352E+02  2.930E+02
   0.05583   6    0.12941  22   1.018E+05  3.767E-07  6.491E-02  3.216E+02  2.930E+02
   0.05583   6    0.13572  23   1.018E+05  3.929E-07  6.491E-02  3.118E+02  2.930E+02
   0.05583   6    0.14203  24   1.017E+05  4.345E-07  6.491E-02  3.051E+02  2.930E+02
   0.05583   6    0.14834  25   1.017E+05  4.816E-07  6.491E-02  3.005E+02  2.930E+02
   0.05583   6    0.15466  26   1.017E+05  5.387E-07  6.490E-02  2.976E+02  2.930E+02
   0.05583   6    0.16097  27   1.017E+05  5.767E-07  6.490E-02  2.957E+02  2.930E+02
   0.05583   6    0.16728  28   1.017E+05  6.384E-07  6.491E-02  2.945E+02  2.930E+02
   0.05583   6    0.17359  29   1.017E+05  7.269E-07  6.491E-02  2.939E+02  2.930E+02
   0.05583   6    0.17991  30   1.017E+05  6.306E-07  6.491E-02  2.935E+02  2.930E+02
   0.05583   6    0.18622  31   1.017E+05  1.045E-06  6.491E-02  2.932E+02  2.930E+02
   0.05583   6    0.19253  32   1.017E+05  1.037E-06  6.490E-02  2.931E+02  2.930E+02
   0.05583   6    0.19884  33   1.017E+05  1.030E-06  6.490E-02  2.931E+02  2.930E+02
   0.05583   6    0.20516  34   1.017E+05  6.880E-07  6.491E-02  2.930E+02  2.930E+02
   0.05583   6    0.21147  35   1.017E+05  8.319E-07  6.491E-02  2.930E+02  2.930E+02
   0.05583   6    0.21778  36   1.017E+05  7.508E-07  6.491E-02  2.930E+02  2.930E+02
   0.05583   6    0.22409  37   1.017E+05  6.728E-07  6.491E-02  2.930E+02  2.930E+02
   0.05583   6    0.23041  38   1.016E+05  1.787E-07  6.491E-02  2.930E+02  2.930E+02
   0.05583   6    0.23672  39   1.016E+05  1.591E-06  6.491E-02  2.930E+02  2.930E+02
   0.05583   6    0.24303  40   1.016E+05  6.753E-06  6.490E-02  2.930E+02  2.930E+02
   0.05583   6    0.24934  41   1.016E+05  6.506E-06  6.491E-02  2.930E+02  2.930E+02
   0.05583   6    0.25566  42   1.016E+05  3.390E-06  6.491E-02  2.930E+02  2.930E+02
   0.05583   6    0.26197  43   1.016E+05  5.453E-06  6.490E-02  2.930E+02  2.930E+02
   0.05583   6    0.26828  44   1.016E+05  2.521E-06  6.491E-02  2.930E+02  2.930E+02
   0.05583   6    0.27459  45   1.016E+05  8.225E-07  6.491E-02  2.930E+02  2.930E+02
   0.05583   6    0.28091  46   1.016E+05  1.456E-06  6.492E-02  2.930E+02  2.930E+02
   0.05583   6    0.28722  47   1.016E+05  1.562E-06  6.492E-02  2.930E+02  2.930E+02
   0.05583   6    0.29353  48   1.016E+05  1.761E-06  6.492E-02  2.930E+02  2.930E+02
   0.05583   6    0.29984  49   1.016E+05  1.851E-06  6.492E-02  2.930E+02  2.930E+02
   0.05583   6    0.30616  50   1.016E+05  1.937E-06  6.492E-02  2.930E+02  2.930E+02
   0.05583   6    0.31247  51   1.015E+05  1.875E-06  6.492E-02  2.930E+02  2.930E+02
   0.05583   6    0.31878  52   1.015E+05  1.804E-06  6.492E-02  2.930E+02  2.930E+02
   0.05583   6    0.32509  53   1.015E+05  1.688E-06  6.492E-02  2.930E+02  2.930E+02
   0.05583   6    0.33141  54   1.015E+05  1.590E-06  6.492E-02  2.930E+02  2.930E+02
   0.05583   6    0.33772  55   1.015E+05  1.515E-06  6.492E-02  2.930E+02  2.930E+02
   0.05583   6    0.34403  56   1.015E+05  1.868E-06  6.492E-02  2.930E+02  2.930E+02
   0.05583   6    0.35034  57   1.015E+05  2.130E-06  6.492E-02  2.930E+02  2.930E+02
   0.05583   6    0.35666  58   1.015E+05  2.870E-06  6.492E-02  2.930E+02  2.930E+02
   0.05583   6    0.36297  59   1.015E+05  3.298E-06  6.492E-02  2.930E+02  2.930E+02
   0.05583   6    0.36928  60   1.015E+05  2.905E-06  6.492E-02  2.930E+02  2.930E+02
   0.05583   6    0.37559  61   1.015E+05  1.988E-06  6.492E-02  2.930E+02  2.930E+02
   0.05583   6    0.38191  62   1.015E+05  1.209E-06  6.492E-02  2.930E+02  2.930E+02
   0.05583   6    0.38822  63   1.015E+05  2.465E-06  6.491E-02  2.930E+02  2.930E+02
   0.05583   6    0.39453  64   1.015E+05  7.752E-06  6.490E-02  2.930E+02  2.930E+02
   0.05583   6    0.40084  65   1.014E+05  9.166E-06  6.491E-02  2.930E+02  2.930E+02
   0.05583   6    0.40716  66   1.014E+05  8.698E-06  6.493E-02  2.930E+02  2.930E+02
   0.05583   6    0.41347  67   1.014E+05  8.418E-06  6.493E-02  2.930E+02  2.930E+02
   0.05583   6    0.41978  68   1.014E+05  8.451E-06  6.492E-02  2.930E+02  2.930E+02
   0.05583   6    0.42609  69   1.014E+05  8.708E-06  6.490E-02  2.930E+02  2.930E+02
   0.05583   6    0.43241  70   1.014E+05  7.040E-06  6.490E-02  2.930E+02  2.930E+02
   0.05583   6    0.43872  71   1.014E+05  1.844E-06  6.491E-02  2.930E+02  2.930E+02
   0.05583   6    0.44503  72   1.014E+05  4.424E-08  6.492E-02  2.930E+02  2.930E+02
   0.05583   6    0.45134  73   1.014E+05  3.906E-07  6.492E-02  2.930E+02  2.930E+02
   0.05583   6    0.45766  74   1.014E+05  2.993E-07  6.492E-02  2.930E+02  2.930E+02
   0.05583   6    0.46397  75   1.014E+05  1.907E-07  6.492E-02  2.930E+02  2.930E+02
   0.05583   6    0.47028  76   1.014E+05 -1.910E-08  6.492E-02  2.930E+02  2.930E+02
   0.05583   6    0.47659  77   1.014E+05 -2.153E-07  6.492E-02  2.930E+02  2.930E+02
   0.05583   6    0.48291  78   1.014E+05 -9.168E-07  6.492E-02  2.930E+02  2.930E+02
   0.05583   6    0.48922  79   1.013E+05  9.632E-07  6.491E-02  2.930E+02  2.930E+02
   0.05583   6    0.49553  80   1.013E+05  3.915E-06  6.491E-02  2.930E+02  2.930E+02
   0.05583   6    0.50184  81   1.013E+05 -6.305E-07  6.499E-02  2.930E+02  2.930E+02
   0.05583   6    0.50500  82   1.013E+05  0.000E+00  6.499E-02  2.930E+02  2.930E+02
   0.06824   7    0.00000   1   1.019E+05  0.000E+00  6.500E-02  2.930E+02  2.930E+02
   0.06824   7    0.00316   2   1.019E+05 -3.637E-07  6.501E-02  2.932E+02  2.930E+02
   0.06824   7    0.00947   3   1.019E+05 -3.310E-07  6.500E-02  2.937E+02  2.930E+02
   0.06824   7    0.01578   4   1.019E+05 -1.420E-07  6.500E-02  2.945E+02  2.930E+02
   0.06824   7    0.02209   5   1.019E+05 -3.480E-07  6.499E-02  2.957E+02  2.930E+02
   0.06824   7    0.02841   6   1.019E+05 -3.413E-07  6.499E-02  2.975E+02  2.930E+02
   0.06824   7    0.03472   7   1.019E+05 -3.591E-07  6.499E-02  3.005E+02  2.930E+02
   0.06824   7    0.04103   8   1.019E+05 -3.701E-07  6.499E-02  3.051E+02  2.930E+02
   0.06824   7    0.04734   9   1.019E+05 -3.287E-07  6.499E-02  3.118E+02  2.930E+02
   0.06824   7    0.05366  10   1.019E+05 -2.441E-07  6.499E-02  3.216E+02  2.930E+02
   0.06824   7    0.05997  11   1.018E+05 -1.808E-07  6.498E-02  3.352E+02  2.930E+02
   0.06824   7    0.06628  12   1.018E+05 -1.170E-07  6.499E-02  3.536E+02  2.930E+02
   0.06824   7    0.07259  13   1.018E+05 -6.469E-08  6.499E-02  3.778E+02  2.930E+02
   0.06824   7    0.07891  14   1.018E+05 -1.215E-08  6.498E-02  4.083E+02  2.930E+02
   0.06824   7    0.08522  15   1.018E+05  3.943E-08  6.496E-02  4.435E+02  2.930E+02
   0.06824   7    0.09153  16   1.018E+05  9.561E-08  6.493E-02  4.708E+02  2.930E+02
   0.06824   7    0.09784  17   1.018E+05  1.597E-07  6.492E-02  4.435E+02  2.930E+02
   0.06824   7    0.10416  18   1.018E+05  2.304E-07  6.491E-02  4.083E+02  2.930E+02
   0.06824   7    0.11047  19   1.018E+05  2.943E-07  6.490E-02  3.778E+02  2.930E+02
   0.06824   7    0.11678  20   1.018E+05  3.054E-07  6.490E-02  3.536E+02  2.930E+02
   0.06824   7    0.12309  21   1.018E+05  3.018E-07  6.491E-02  3.352E+02  2.930E+02
   0.06824   7    0.12941  22   1.018E+05  3.222E-07  6.491E-02  3.216E+02  2.930E+02
   0.06824   7    0.13572  23   1.018E+05  3.568E-07  6.491E-02  3.118E+02  2.930E+02
   0.06824   7    0.14203  24   1.017E+05  4.112E-07  6.491E-02  3.051E+02  2.930E+02
   0.06824   7    0.14834  25   1.017E+05  4.754E-07  6.491E-02  3.005E+02  2.930E+02
   0.06824   7    0.15466  26   1.017E+05  5.658E-07  6.490E-02  2.976E+02  2.930E+02
   0.06824   7    0.16097  27   1.017E+05  6.099E-07  6.490E-02  2.957E+02  2.930E+02
   0.06824   7    0.16728  28   1.017E+05  6.543E-07  6.491E-02  2.945E+02  2.930E+02
   0.06824   7    0.17359  29   1.017E+05  6.609E-07  6.491E-02  2.939E+02  2.930E+02
   0.06824   7    0.17991  30   1.017E+05  6.649E-07  6.491E-02  2.935E+02  2.930E+02
   0.06824   7    0.18622  31   1.017E+05  7.184E-07  6.491E-02  2.932E+02  2.930E+02
   0.06824   7    0.19253  32   1.017E+05  5.695E-07  6.490E-02  2.931E+02  2.930E+02
   0.06824   7    0.19884  33   1.017E+05  7.365E-07  6.490E-02  2.931E+02  2.930E+02
   0.06824   7    0.20516  34   1.017E+05  7.526E-07  6.491E-02  2.930E+02  2.930E+02
   0.06824   7    0.21147  35   1.017E+05  7.922E-07  6.491E-02  2.930E+02  2.930E+02
   0.06824   7    0.21778  36   1.017E+05  7.074E-07  6.491E-02  2.930E+02  2.930E+02
   0.06824   7    0.22409  37   1.017E+05  6.199E-07  6.491E-02  2.930E+02  2.930E+02
   0.06824   7    0.23041  38   1.016E+05  4.469E-07  6.491E-02  2.930E+02  2.930E+02
   0.06824   7    0.23672  39   1.016E+05  3.476E-07  6.491E-02  2.930E+02  2.930E+02
   0.06824   7    0.24303  40   1.016E+05  2.241E-06  6.491E-02  2.930E+02  2.930E+02
   0.06824   7    0.24934  41   1.016E+05  5.161E-06  6.491E-02  2.930E+02  2.930E+02
   0.06824   7    0.25566  42   1.016E+05  3.627E-06  6.491E-02  2.930E+02  2.930E+02
   0.06824   7    0.26197  43   1.016E+05  5.522E-06  6.490E-02  2.930E+02  2.930E+02
   0.06824   7    0.26828  44   1.016E+05  3.156E-06  6.490E-02  2.930E+02  2.930E+02
   0.06824   7    0.27459  45   1.016E+05  1.293E-06  6.491E-02  2.930E+02  2.930E+02
   0.06824   7    0.28091  46   1.016E+05  1.943E-06  6.492E-02  2.930E+02  2.930E+02
   0.06824   7    0.28722  47   1.016E+05  2.225E-06  6.492E-02  2.930E+02  2.930E+02
   0.06824   7    0.29353  48   1.016E+05  1.839E-06  6.492E-02  2.930E+02  2.930E+02
   0.06824   7    0.29984  49   1.016E+05  1.860E-06  6.492E-02  2.930E+02  2.930E+02
   0.06824   7    0.30616  50   1.016E+05  1.889E-06  6.492E-02  2.930E+02  2.930E+02
   0.06824   7    0.31247  51   1.015E+05  1.912E-06  6.492E-02  2.930E+02  2.930E+02
   0.06824   7    0.31878  52   1.015E+05  1.907E-06  6.492E-02  2.930E+02  2.930E+02
   0.06824   7    0.32509  53   1.015E+05  1.913E-06  6.492E-02  2.930E+02  2.930E+02
   0.06824   7    0.33141  54   1.015E+05  2.011E-06  6.492E-02  2.930E+02  2.930E+02
   0.06824   7    0.33772  55   1.015E+05  2.081E-06  6.492E-02  2.930E+02  2.930E+02
   0.06824   7    0.34403  56   1.015E+05  2.027E-06  6.492E-02  2.930E+02  2.930E+02
   0.06824   7    0.35034  57   1.015E+05  1.988E-06  6.492E-02  2.930E+02  2.930E+02
   0.06824   7    0.35666  58   1.015E+05  1.869E-06  6.492E-02  2.930E+02  2.930E+02
   0.06824   7    0.36297  59   1.015E+05  1.844E-06  6.492E-02  2.930E+02  2.930E+02
   0.06824   7    0.36928  60   1.015E+05  1.889E-06  6.492E-02  2.930E+02  2.930E+02
   0.06824   7    0.37559  61   1.015E+05  2.132E-06  6.492E-02  2.930E+02  2.930E+02
   0.06824   7    0.38191  62   1.015E+05  2.000E-06  6.492E-02  2.930E+02  2.930E+02
   0.06824   7    0.38822  63   1.015E+05  1.733E-06  6.492E-02  2.930E+02  2.930E+02
   0.06824   7    0.39453  64   1.015E+05  3.222E-06  6.492E-02  2.930E+02  2.930E+02
   0.06824   7    0.40084  65   1.014E+05  8.890E-06  6.492E-02  2.930E+02  2.930E+02
   0.06824   7    0.40716  66   1.014E+05  8.963E-06  6.492E-02  2.930E+02  2.930E+02
   0.06824   7    0.41347  67   1.014E+05  3.743E-06  6.492E-02  2.930E+02  2.930E+02
   0.06824   7    0.41978  68   1.014E+05  1.732E-06  6.492E-02  2.930E+02  2.930E+02
   0.06824   7    0.42609  69   1.014E+05  3.920E-06  6.491E-02  2.930E+02  2.930E+02
   0.06824   7    0.43241  70   1.014E+05  6.809E-06  6.490E-02  2.930E+02  2.930E+02
   0.06824   7    0.43872  71   1.014E+05  2.747E-06  6.490E-02  2.930E+02  2.930E+02
   0.06824   7    0.44503  72   1.014E+05  2.439E-07  6.491E-02  2.930E+02  2.930E+02
   0.06824   7    0.45134  73   1.014E+05  6.913E-07  6.492E-02  2.930E+02  2.930E+02
   0.06824   7    0.45766  74   1.014E+05  5.977E-07  6.492E-02  2.930E+02  2.930E+02
   0.06824   7    0.46397  75   1.014E+05  5.430E-07  6.492E-02  2.930E+02  2.930E+02
   0.06824   7    0.47028  76   1.014E+05  3.396E-07  6.492E-02  2.930E+02  2.930E+02
   0.06824   7    0.47659  77   1.014E+05  1.557E-07  6.492E-02  2.930E+02  2.930E+02
   0.06824   7    0.48291  78   1.014E+05  4.508E-08  6.492E-02  2.930E+02  2.930E+02
   0.06824   7    0.48922  79   1.013E+05  1.530E-07  6.491E-02  2.930E+02  2.930E+02
   0.06824   7    0.49553  80   1.013E+05  6.589E-08  6.491E-02  2.930E+02  2.930E+02
   0.06824   7    0.50184  81   1.013E+05 -6.272E-08  6.499E-02  2.930E+02  2.930E+02
   0.06824   7    0.50500  82   1.013E+05  0.000E+00  6.499E-02  2.930E+02  2.930E+02
   0.08065   8    0.00000   1   1.019E+05  0.000E+00  6.500E-02  2.930E+02  2.930E+02
   0.08065   8    0.00316   2   1.019E+05 -5.654E-07  6.502E-02  2.932E+02  2.930E+02
   0.08065   8    0.00947   3   1.019E+05 -4.361E-07  6.500E-02  2.937E+02  2.930E+02
   0.08065   8    0.01578   4   1.019E+05 -2.339E-07  6.500E-02  2.945E+02  2.930E+02
   0.08065   8    0.02209   5   1.019E+05 -4.403E-07  6.499E-02  2.957E+02  2.930E+02
   0.08065   8    0.02841   6   1.019E+05 -4.348E-07  6.499E-02  2.975E+02  2.930E+02
   0.08065   8    0.03472   7   1.019E+05 -6.001E-07  6.499E-02  3.005E+02  2.930E+02
   0.08065   8    0.04103   8   1.019E+05 -8.068E-07  6.499E-02  3.051E+02  2.930E+02
   0.08065   8    0.04734   9   1.019E+05 -6.122E-07  6.499E-02  3.118E+02  2.930E+02
   0.08065   8    0.05366  10   1.019E+05 -1.427E-07  6.499E-02  3.216E+02  2.930E+02
   0.08065   8    0.05997  11   1.018E+05 -1.639E-07  6.498E-02  3.352E+02  2.930E+02
   0.08065   8    0.06628  12   1.018E+05 -6.668E-08  6.499E-02  3.536E+02  2.930E+02
   0.08065   8    0.07259  13   1.018E+05 -3.548E-08  6.499E-02  3.778E+02  2.930E+02
   0.08065   8    0.07891  14   1.018E+05  1.526E-08  6.498E-02  4.083E+02  2.930E+02
   0.08065   8    0.08522  15   1.018E+05  5.341E-08  6.496E-02  4.435E+02  2.930E+02
   0.08065   8    0.09153  16   1.018E+05  8.850E-08  6.493E-02  4.708E+02  2.930E+02
   0.08065   8    0.09784  17   1.018E+05  1.199E-07  6.492E-02  4.435E+02  2.930E+02
   0.08065   8    0.10416  18   1.018E+05  1.510E-07  6.491E-02  4.083E+02  2.930E+02
   0.08065   8    0.11047  19   1.018E+05  1.707E-07  6.490E-02  3.778E+02  2.930E+02
   0.08065   8    0.11678  20   1.018E+05  2.007E-07  6.490E-02  3.536E+02  2.930E+02
   0.08065   8    0.12309  21   1.018E+05  2.211E-07  6.491E-02  3.352E+02  2.930E+02
   0.08065   8    0.12941  22   1.018E+05  2.409E-07  6.491E-02  3.216E+02  2.930E+02
   0.08065   8    0.13572  23   1.018E+05  2.658E-07  6.491E-02  3.118E+02  2.930E+02
   0.08065   8    0.14203  24   1.017E+05  3.618E-07  6.491E-02  3.051E+02  2.930E+02
   0.08065   8    0.14834  25   1.017E+05  4.652E-07  6.491E-02  3.005E+02  2.930E+02
   0.08065   8    0.15466  26   1.017E+05  6.760E-07  6.490E-02  2.976E+02  2.930E+02
   0.08065   8    0.16097  27   1.017E+05  6.975E-07  6.490E-02  2.957E+02  2.930E+02
   0.08065   8    0.16728  28   1.017E+05  7.226E-07  6.491E-02  2.945E+02  2.930E+02
   0.08065   8    0.17359  29   1.017E+05  5.972E-07  6.491E-02  2.939E+02  2.930E+02
   0.08065   8    0.17991  30   1.017E+05  6.487E-07  6.491E-02  2.935E+02  2.930E+02
   0.08065   8    0.18622  31   1.017E+05  8.755E-07  6.491E-02  2.932E+02  2.930E+02
   0.08065   8    0.19253  32   1.017E+05  1.148E-06  6.490E-02  2.931E+02  2.930E+02
   0.08065   8    0.19884  33   1.017E+05  1.002E-06  6.490E-02  2.931E+02  2.930E+02
   0.08065   8    0.20516  34   1.017E+05  8.421E-07  6.491E-02  2.930E+02  2.930E+02
   0.08065   8    0.21147  35   1.017E+05  7.472E-07  6.491E-02  2.930E+02  2.930E+02
   0.08065   8    0.21778  36   1.017E+05  5.967E-07  6.491E-02  2.930E+02  2.930E+02
   0.08065   8    0.22409  37   1.017E+05  3.535E-07  6.491E-02  2.930E+02  2.930E+02
   0.08065   8    0.23041  38   1.016E+05  3.861E-07  6.491E-02  2.930E+02  2.930E+02
   0.08065   8    0.23672  39   1.016E+05  6.954E-07  6.491E-02  2.930E+02  2.930E+02
   0.08065   8    0.24303  40   1.016E+05  8.518E-07  6.491E-02  2.930E+02  2.930E+02
   0.08065   8    0.24934  41   1.016E+05  1.375E-06  6.492E-02  2.930E+02  2.930E+02
   0.08065   8    0.25566  42   1.016E+05  1.903E-06  6.491E-02  2.930E+02  2.930E+02
   0.08065   8    0.26197  43   1.016E+05  1.998E-06  6.490E-02  2.930E+02  2.930E+02
   0.08065   8    0.26828  44   1.016E+05  2.423E-06  6.490E-02  2.930E+02  2.930E+02
   0.08065   8    0.27459  45   1.016E+05  2.709E-06  6.491E-02  2.930E+02  2.930E+02
   0.08065   8    0.28091  46   1.016E+05  2.844E-06  6.492E-02  2.930E+02  2.930E+02
   0.08065   8    0.28722  47   1.016E+05  2.597E-06  6.492E-02  2.930E+02  2.930E+02
   0.08065   8    0.29353  48   1.016E+05  1.972E-06  6.492E-02  2.930E+02  2.930E+02
   0.08065   8    0.29984  49   1.016E+05  1.833E-06  6.492E-02  2.930E+02  2.930E+02
   0.08065   8    0.30616  50   1.016E+05  1.822E-06  6.492E-02  2.930E+02  2.930E+02
   0.08065   8    0.31247  51   1.015E+05  1.853E-06  6.492E-02  2.930E+02  2.930E+02
   0.08065   8    0.31878  52   1.015E+05  1.793E-06  6.492E-02  2.930E+02  2.930E+02
   0.08065   8    0.32509  53   1.015E+05  1.755E-06  6.492E-02  2.930E+02  2.930E+02
   0.08065   8    0.33141  54   1.015E+05  1.854E-06  6.492E-02  2.930E+02  2.930E+02
   0.08065   8    0.33772  55   1.015E+05  1.980E-06  6.492E-02  2.930E+02  2.930E+02
   0.08065   8    0.34403  56   1.015E+05  1.985E-06  6.492E-02  2.930E+02  2.930E+02
   0.08065   8    0.35034  57   1.015E+05  1.977E-06  6.492E-02  2.930E+02  2.930E+02
   0.08065   8    0.35666  58   1.015E+05  2.029E-06  6.492E-02  2.930E+02  2.930E+02
   0.08065   8    0.36297  59   1.015E+05  2.185E-06  6.492E-02  2.930E+02  2.930E+02
   0.08065   8    0.36928  60   1.015E+05  2.391E-06  6.492E-02  2.930E+02  2.930E+02
   0.08065   8    0.37559  61   1.015E+05  2.497E-06  6.492E-02  2.930E+02  2.930E+02
   0.08065   8    0.38191  62   1.015E+05  2.245E-06  6.492E-02  2.930E+02  2.930E+02
   0.08065   8    0.38822  63   1.015E+05  2.176E-06  6.492E-02  2.930E+02  2.930E+02
   0.08065   8    0.39453  64   1.015E+05  2.366E-06  6.492E-02  2.930E+02  2.930E+02
   0.08065   8    0.40084  65   1.014E+05  2.962E-06  6.492E-02  2.930E+02  2.930E+02
   0.08065   8    0.40716  66   1.014E+05  2.899E-06  6.492E-02  2.930E+02  2.930E+02
   0.08065   8    0.41347  67   1.014E+05  2.301E-06  6.492E-02  2.930E+02  2.930E+02
   0.08065   8    0.41978  68   1.014E+05  1.842E-06  6.492E-02  2.930E+02  2.930E+02
   0.08065   8    0.42609  69   1.014E+05  2.146E-06  6.491E-02  2.930E+02  2.930E+02
   0.08065   8    0.43241  70   1.014E+05  2.519E-06  6.490E-02  2.930E+02  2.930E+02
   0.08065   8    0.43872  71   1.014E+05  2.575E-06  6.490E-02  2.930E+02  2.930E+02
   0.08065   8    0.44503  72   1.014E+05  2.017E-06  6.491E-02  2.930E+02  2.930E+02
   0.08065   8    0.45134  73   1.014E+05  1.379E-06  6.492E-02  2.930E+02  2.930E+02
   0.08065   8    0.45766  74   1.014E+05  1.140E-06  6.492E-02  2.930E+02  2.930E+02
   0.08065   8    0.46397  75   1.014E+05  8.983E-07  6.492E-02  2.930E+02  2.930E+02
   0.08065   8    0.47028  76   1.014E+05  6.046E-07  6.492E-02  2.930E+02  2.930E+02
   0.08065   8    0.47659  77   1.014E+05  3.565E-07  6.492E-02  2.930E+02  2.930E+02
   0.08065   8    0.48291  78   1.014E+05  1.807E-07  6.492E-02  2.930E+02  2.930E+02
   0.08065   8    0.48922  79   1.013E+05  7.698E-08  6.491E-02  2.930E+02  2.930E+02
   0.08065   8    0.49553  80   1.013E+05 -2.230E-07  6.491E-02  2.930E+02  2.930E+02
   0.08065   8    0.50184  81   1.013E+05 -6.924E-08  6.499E-02  2.930E+02  2.930E+02
   0.08065   8    0.50500  82   1.013E+05  0.000E+00  6.499E-02  2.930E+02  2.930E+02
   0.09305   9    0.00000   1   1.019E+05  0.000E+00  6.500E-02  2.930E+02  2.930E+02
   0.09305   9    0.00316   2   1.019E+05 -2.283E-06  6.502E-02  2.932E+02  2.930E+02
   0.09305   9    0.00947   3   1.019E+05  1.101E-07  6.500E-02  2.937E+02  2.930E+02
   0.09305   9    0.01578   4   1.019E+05 -4.709E-07  6.500E-02  2.945E+02  2.930E+02
   0.09305   9    0.02209   5   1.019E+05 -5.482E-07  6.499E-02  2.957E+02  2.930E+02
   0.09305   9    0.02841   6   1.019E+05 -6.473E-07  6.499E-02  2.975E+02  2.930E+02
   0.09305   9    0.03472   7   1.019E+05 -7.897E-07  6.499E-02  3.005E+02  2.930E+02
   0.09305   9    0.04103   8   1.019E+05 -1.010E-06  6.500E-02  3.051E+02  2.930E+02
   0.09305   9    0.04734   9   1.019E+05 -1.016E-06  6.499E-02  3.118E+02  2.930E+02
   0.09305   9    0.05366  10   1.019E+05 -9.756E-07  6.499E-02  3.216E+02  2.930E+02
   0.09305   9    0.05997  11   1.018E+05 -5.271E-07  6.498E-02  3.352E+02  2.930E+02
   0.09305   9    0.06628  12   1.018E+05 -1.814E-07  6.499E-02  3.536E+02  2.930E+02
   0.09305   9    0.07259  13   1.018E+05 -7.210E-08  6.499E-02  3.778E+02  2.930E+02
   0.09305   9    0.07891  14   1.018E+05  1.658E-08  6.498E-02  4.083E+02  2.930E+02
   0.09305   9    0.08522  15   1.018E+05  6.126E-08  6.496E-02  4.435E+02  2.930E+02
   0.09305   9    0.09153  16   1.018E+05  9.107E-08  6.493E-02  4.708E+02  2.930E+02
   0.09305   9    0.09784  17   1.018E+05  1.119E-07  6.492E-02  4.435E+02  2.930E+02
   0.09305   9    0.10416  18   1.018E+05  1.293E-07  6.491E-02  4.083E+02  2.930E+02
   0.09305   9    0.11047  19   1.018E+05  1.450E-07  6.490E-02  3.778E+02  2.930E+02
   0.09305   9    0.11678  20   1.018E+05  1.624E-07  6.490E-02  3.536E+02  2.930E+02
   0.09305   9    0.12309  21   1.018E+05  1.809E-07  6.491E-02  3.352E+02  2.930E+02
   0.09305   9    0.12941  22   1.018E+05  2.047E-07  6.491E-02  3.216E+02  2.930E+02
   0.09305   9    0.13572  23   1.018E+05  2.360E-07  6.491E-02  3.118E+02  2.930E+02
   0.09305   9    0.14203  24   1.017E+05  2.895E-07  6.491E-02  3.051E+02  2.930E+02
   0.09305   9    0.14834  25   1.017E+05  3.506E-07  6.491E-02  3.005E+02  2.930E+02
   0.09305   9    0.15466  26   1.017E+05  5.983E-07  6.490E-02  2.976E+02  2.930E+02
   0.09305   9    0.16097  27   1.017E+05  6.688E-07  6.490E-02  2.957E+02  2.930E+02
   0.09305   9    0.16728  28   1.017E+05  6.745E-07  6.491E-02  2.945E+02  2.930E+02
   0.09305   9    0.17359  29   1.017E+05  5.418E-07  6.491E-02  2.939E+02  2.930E+02
   0.09305   9    0.17991  30   1.017E+05  6.163E-07  6.491E-02  2.935E+02  2.930E+02
   0.09305   9    0.18622  31   1.017E+05  8.764E-07  6.491E-02  2.932E+02  2.930E+02
   0.09305   9    0.19253  32   1.017E+05  1.352E-06  6.490E-02  2.931E+02  2.930E+02
   0.09305   9    0.19884  33   1.017E+05  1.571E-06  6.490E-02  2.931E+02  2.930E+02
   0.09305   9    0.20516  34   1.017E+05  1.383E-06  6.491E-02  2.930E+02  2.930E+02
   0.09305   9    0.21147  35   1.017E+05  9.179E-07  6.491E-02  2.930E+02  2.930E+02
   0.09305   9    0.21778  36   1.017E+05  6.426E-07  6.491E-02  2.930E+02  2.930E+02
   0.09305   9    0.22409  37   1.017E+05  5.690E-07  6.491E-02  2.930E+02  2.930E+02
   0.09305   9    0.23041  38   1.016E+05  5.851E-07  6.491E-02  2.930E+02  2.930E+02
   0.09305   9    0.23672  39   1.016E+05  6.161E-07  6.491E-02  2.930E+02  2.930E+02
   0.09305   9    0.24303  40   1.016E+05  1.105E-06  6.491E-02  2.930E+02  2.930E+02
   0.09305   9    0.24934  41   1.016E+05  8.419E-07  6.492E-02  2.930E+02  2.930E+02
   0.09305   9    0.25566  42   1.016E+05  1.005E-06  6.491E-02  2.930E+02  2.930E+02
   0.09305   9    0.26197  43   1.016E+05  9.353E-07  6.490E-02  2.930E+02  2.930E+02
   0.09305   9    0.26828  44   1.016E+05  9.788E-07  6.490E-02  2.930E+02  2.930E+02
   0.09305   9    0.27459  45   1.016E+05  3.193E-06  6.491E-02  2.930E+02  2.930E+02
   0.09305   9    0.28091  46   1.016E+05  6.617E-06  6.492E-02  2.930E+02  2.930E+02
   0.09305   9    0.28722  47   1.016E+05  3.773E-06  6.491E-02  2.930E+02  2.930E+02
   0.09305   9    0.29353  48   1.016E+05  1.804E-06  6.491E-02  2.930E+02  2.930E+02
   0.09305   9    0.29984  49   1.016E+05  1.730E-06  6.491E-02  2.930E+02  2.930E+02
   0.09305   9    0.30616  50   1.016E+05  1.509E-06  6.492E-02  2.930E+02  2.930E+02
   0.09305   9    0.31247  51   1.015E+05  1.329E-06  6.492E-02  2.930E+02  2.930E+02
   0.09305   9    0.31878  52   1.015E+05  1.283E-06  6.492E-02  2.930E+02  2.930E+02
   0.09305   9    0.32509  53   1.015E+05  1.446E-06  6.492E-02  2.930E+02  2.930E+02
   0.09305   9    0.33141  54   1.015E+05  1.517E-06  6.492E-02  2.930E+02  2.930E+02
   0.09305   9    0.33772  55   1.015E+05  1.689E-06  6.492E-02  2.930E+02  2.930E+02
   0.09305   9    0.34403  56   1.015E+05  1.824E-06  6.492E-02  2.930E+02  2.930E+02
   0.09305   9    0.35034  57   1.015E+05  1.898E-06  6.492E-02  2.930E+02  2.930E+02
   0.09305   9    0.35666  58   1.015E+05  2.011E-06  6.492E-02  2.930E+02  2.930E+02
   0.09305   9    0.36297  59   1.015E+05  2.285E-06  6.492E-02  2.930E+02  2.930E+02
   0.09305   9    0.36928  60   1.015E+05  2.745E-06  6.492E-02  2.930E+02  2.930E+02
   0.09305   9    0.37559  61   1.015E+05  3.475E-06  6.492E-02  2.930E+02  2.930E+02
   0.09305   9    0.38191  62   1.015E+05  4.143E-06  6.492E-02  2.930E+02  2.930E+02
   0.09305   9    0.38822  63   1.015E+05  3.679E-06  6.492E-02  2.930E+02  2.930E+02
   0.09305   9    0.39453  64   1.015E+05  2.980E-06  6.492E-02  2.930E+02  2.930E+02
   0.09305   9    0.40084  65   1.014E+05  2.257E-06  6.492E-02  2.930E+02  2.930E+02
   0.09305   9    0.40716  66   1.014E+05  1.935E-06  6.492E-02  2.930E+02  2.930E+02
   0.09305   9    0.41347  67   1.014E+05  1.522E-06  6.492E-02  2.930E+02  2.930E+02
   0.09305   9    0.41978  68   1.014E+05  1.524E-06  6.492E-02  2.930E+02  2.930E+02
   0.09305   9    0.42609  69   1.014E+05  1.090E-06  6.491E-02  2.930E+02  2.930E+02
   0.09305   9    0.43241  70   1.014E+05  2.771E-06  6.490E-02  2.930E+02  2.930E+02
   0.09305   9    0.43872  71   1.014E+05  8.362E-06  6.490E-02  2.930E+02  2.930E+02
   0.09305   9    0.44503  72   1.014E+05  8.337E-06  6.491E-02  2.930E+02  2.930E+02
   0.09305   9    0.45134  73   1.014E+05  3.269E-06  6.491E-02  2.930E+02  2.930E+02
   0.09305   9    0.45766  74   1.014E+05  1.127E-06  6.491E-02  2.930E+02  2.930E+02
   0.09305   9    0.46397  75   1.014E+05  9.930E-07  6.492E-02  2.930E+02  2.930E+02
   0.09305   9    0.47028  76   1.014E+05  4.536E-07  6.492E-02  2.930E+02  2.930E+02
   0.09305   9    0.47659  77   1.014E+05  4.637E-07  6.491E-02  2.930E+02  2.930E+02
   0.09305   9    0.48291  78   1.014E+05  3.237E-07  6.492E-02  2.930E+02  2.930E+02
   0.09305   9    0.48922  79   1.013E+05  2.830E-07  6.491E-02  2.930E+02  2.930E+02
   0.09305   9    0.49553  80   1.013E+05  2.157E-07  6.491E-02  2.930E+02  2.930E+02
   0.09305   9    0.50184  81   1.013E+05  1.516E-07  6.499E-02  2.930E+02  2.930E+02
   0.09305   9    0.50500  82   1.013E+05  0.000E+00  6.499E-02  2.930E+02  2.930E+02
   0.10546  10    0.00000   1   1.019E+05  0.000E+00  6.500E-02  2.930E+02  2.930E+02
   0.10546  10    0.00316   2   1.019E+05 -2.670E-06  6.502E-02  2.932E+02  2.930E+02
   0.10546  10    0.00947   3   1.019E+05 -3.344E-07  6.500E-02  2.937E+02  2.930E+02
   0.10546  10    0.01578   4   1.019E+05 -7.018E-07  6.500E-02  2.945E+02  2.930E+02
   0.10546  10    0.02209   5   1.019E+05 -8.518E-07  6.499E-02  2.957E+02  2.930E+02
   0.10546  10    0.02841   6   1.019E+05 -1.073E-06  6.499E-02  2.975E+02  2.930E+02
   0.10546  10    0.03472   7   1.019E+05 -8.428E-07  6.499E-02  3.005E+02  2.930E+02
   0.10546  10    0.04103   8   1.019E+05 -2.149E-07  6.499E-02  3.051E+02  2.930E+02
   0.10546  10    0.04734   9   1.019E+05 -2.027E-06  6.499E-02  3.118E+02  2.930E+02
   0.10546  10    0.05366  10   1.019E+05 -5.639E-06  6.499E-02  3.216E+02  2.930E+02
   0.10546  10    0.05997  11   1.018E+05 -1.745E-06  6.498E-02  3.352E+02  2.930E+02
   0.10546  10    0.06628  12   1.018E+05  3.583E-07  6.499E-02  3.536E+02  2.930E+02
   0.10546  10    0.07259  13   1.018E+05  1.913E-08  6.499E-02  3.778E+02  2.930E+02
   0.10546  10    0.07891  14   1.018E+05  9.285E-08  6.498E-02  4.083E+02  2.930E+02
   0.10546  10    0.08522  15   1.018E+05  9.123E-08  6.496E-02  4.435E+02  2.930E+02
   0.10546  10    0.09153  16   1.018E+05  9.912E-08  6.493E-02  4.708E+02  2.930E+02
   0.10546  10    0.09784  17   1.018E+05  1.035E-07  6.492E-02  4.435E+02  2.930E+02
   0.10546  10    0.10416  18   1.018E+05  1.085E-07  6.491E-02  4.083E+02  2.930E+02
   0.10546  10    0.11047  19   1.018E+05  1.142E-07  6.490E-02  3.778E+02  2.930E+02
   0.10546  10    0.11678  20   1.018E+05  1.240E-07  6.490E-02  3.536E+02  2.930E+02
   0.10546  10    0.12309  21   1.018E+05  1.378E-07  6.491E-02  3.352E+02  2.930E+02
   0.10546  10    0.12941  22   1.018E+05  1.654E-07  6.491E-02  3.216E+02  2.930E+02
   0.10546  10    0.13572  23   1.018E+05  2.014E-07  6.491E-02  3.118E+02  2.930E+02
   0.10546  10    0.14203  24   1.017E+05  1.945E-07  6.491E-02  3.051E+02  2.930E+02
   0.10546  10    0.14834  25   1.017E+05  1.957E-07  6.491E-02  3.005E+02  2.930E+02
   0.10546  10    0.15466  26   1.017E+05  2.978E-07  6.490E-02  2.976E+02  2.930E+02
   0.10546  10    0.16097  27   1.017E+05  3.916E-07  6.490E-02  2.957E+02  2.930E+02
   0.10546  10    0.16728  28   1.017E+05  2.247E-07  6.491E-02  2.945E+02  2.930E+02
   0.10546  10    0.17359  29   1.017E+05  3.892E-07  6.491E-02  2.939E+02  2.930E+02
   0.10546  10    0.17991  30   1.017E+05  4.351E-07  6.491E-02  2.935E+02  2.930E+02
   0.10546  10    0.18622  31   1.017E+05  3.737E-07  6.491E-02  2.932E+02  2.930E+02
   0.10546  10    0.19253  32   1.017E+05  8.490E-07  6.490E-02  2.931E+02  2.930E+02
   0.10546  10    0.19884  33   1.017E+05  1.226E-06  6.490E-02  2.931E+02  2.930E+02
   0.10546  10    0.20516  34   1.017E+05  1.200E-06  6.491E-02  2.930E+02  2.930E+02
   0.10546  10    0.21147  35   1.017E+05  5.666E-07  6.491E-02  2.930E+02  2.930E+02
   0.10546  10    0.21778  36   1.017E+05  4.892E-07  6.491E-02  2.930E+02  2.930E+02
   0.10546  10    0.22409  37   1.017E+05  4.095E-07  6.491E-02  2.930E+02  2.930E+02
   0.10546  10    0.23041  38   1.016E+05  4.525E-07  6.491E-02  2.930E+02  2.930E+02
   0.10546  10    0.23672  39   1.016E+05  5.096E-07  6.491E-02  2.930E+02  2.930E+02
   0.10546  10    0.24303  40   1.016E+05  1.014E-06  6.491E-02  2.930E+02  2.930E+02
   0.10546  10    0.24934  41   1.016E+05  9.165E-07  6.492E-02  2.930E+02  2.930E+02
   0.10546  10    0.25566  42   1.016E+05  8.354E-07  6.491E-02  2.930E+02  2.930E+02
   0.10546  10    0.26197  43   1.016E+05  7.876E-07  6.490E-02  2.930E+02  2.930E+02
   0.10546  10    0.26828  44   1.016E+05  3.757E-07  6.491E-02  2.930E+02  2.930E+02
   0.10546  10    0.27459  45   1.016E+05  1.902E-06  6.492E-02  2.930E+02  2.930E+02
   0.10546  10    0.28091  46   1.016E+05  7.187E-06  6.492E-02  2.930E+02  2.930E+02
   0.10546  10    0.28722  47   1.016E+05  7.964E-06  6.491E-02  2.930E+02  2.930E+02
   0.10546  10    0.29353  48   1.016E+05  2.609E-06  6.491E-02  2.930E+02  2.930E+02
   0.10546  10    0.29984  49   1.016E+05  6.922E-07  6.491E-02  2.930E+02  2.930E+02
   0.10546  10    0.30616  50   1.016E+05  1.124E-06  6.491E-02  2.930E+02  2.930E+02
   0.10546  10    0.31247  51   1.015E+05  9.495E-07  6.492E-02  2.930E+02  2.930E+02
   0.10546  10    0.31878  52   1.015E+05  9.580E-07  6.492E-02  2.930E+02  2.930E+02
   0.10546  10    0.32509  53   1.015E+05  1.146E-06  6.492E-02  2.930E+02  2.930E+02
   0.10546  10    0.33141  54   1.015E+05  1.204E-06  6.492E-02  2.930E+02  2.930E+02
   0.10546  10    0.33772  55   1.015E+05  1.373E-06  6.492E-02  2.930E+02  2.930E+02
   0.10546  10    0.34403  56   1.015E+05  1.554E-06  6.492E-02  2.930E+02  2.930E+02
   0.10546  10    0.35034  57   1.015E+05  1.585E-06  6.492E-02  2.930E+02  2.930E+02
   0.10546  10    0.35666  58   1.015E+05  1.679E-06  6.492E-02  2.930E+02  2.930E+02
   0.10546  10    0.36297  59   1.015E+05  1.990E-06  6.492E-02  2.930E+02  2.930E+02
   0.10546  10    0.36928  60   1.015E+05  2.232E-06  6.492E-02  2.930E+02  2.930E+02
   0.10546  10    0.37559  61   1.015E+05  4.755E-06  6.492E-02  2.930E+02  2.930E+02
   0.10546  10    0.38191  62   1.015E+05  1.143E-05  6.492E-02  2.930E+02  2.930E+02
   0.10546  10    0.38822  63   1.015E+05  1.152E-05  6.492E-02  2.930E+02  2.930E+02
   0.10546  10    0.39453  64   1.015E+05  4.561E-06  6.491E-02  2.930E+02  2.930E+02
   0.10546  10    0.40084  65   1.014E+05  2.087E-06  6.491E-02  2.930E+02  2.930E+02
   0.10546  10    0.40716  66   1.014E+05  2.241E-06  6.491E-02  2.930E+02  2.930E+02
   0.10546  10    0.41347  67   1.014E+05  2.352E-06  6.492E-02  2.930E+02  2.930E+02
   0.10546  10    0.41978  68   1.014E+05  1.832E-06  6.492E-02  2.930E+02  2.930E+02
   0.10546  10    0.42609  69   1.014E+05  1.192E-06  6.492E-02  2.930E+02  2.930E+02
   0.10546  10    0.43241  70   1.014E+05  3.111E-06  6.492E-02  2.930E+02  2.930E+02
   0.10546  10    0.43872  71   1.014E+05  8.555E-06  6.491E-02  2.930E+02  2.930E+02
   0.10546  10    0.44503  72   1.014E+05  1.136E-05  6.490E-02  2.930E+02  2.930E+02
   0.10546  10    0.45134  73   1.014E+05  9.394E-06  6.490E-02  2.930E+02  2.930E+02
   0.10546  10    0.45766  74   1.014E+05  3.225E-06  6.491E-02  2.930E+02  2.930E+02
   0.10546  10    0.46397  75   1.014E+05  1.103E-06  6.491E-02  2.930E+02  2.930E+02
   0.10546  10    0.47028  76   1.014E+05  1.573E-06  6.492E-02  2.930E+02  2.930E+02
   0.10546  10    0.47659  77   1.014E+05  9.289E-07  6.492E-02  2.930E+02  2.930E+02
   0.10546  10    0.48291  78   1.014E+05  5.864E-07  6.492E-02  2.930E+02  2.930E+02
   0.10546  10    0.48922  79   1.013E+05  4.524E-07  6.491E-02  2.930E+02  2.930E+02
   0.10546  10    0.49553  80   1.013E+05  3.522E-07  6.491E-02  2.930E+02  2.930E+02
   0.10546  10    0.50184  81   1.013E+05  2.445E-07  6.499E-02  2.930E+02  2.930E+02
   0.10546  10    0.50500  82   1.013E+05  0.000E+00  6.499E-02  2.930E+02  2.930E+02
   0.11787  11    0.00000   1   1.019E+05  0.000E+00  6.500E-02  2.930E+02  2.930E+02
   0.11787  11    0.00316   2   1.019E+05 -7.802E-07  6.502E-02  2.932E+02  2.930E+02
   0.11787  11    0.00947   3   1.019E+05 -7.423E-07  6.500E-02  2.937E+02  2.930E+02
   0.11787  11    0.01578   4   1.019E+05 -5.074E-07  6.500E-02  2.945E+02  2.930E+02
   0.11787  11    0.02209   5   1.019E+05 -5.847E-07  6.499E-02  2.957E+02  2.930E+02
   0.11787  11    0.02841   6   1.019E+05 -6.925E-07  6.499E-02  2.975E+02  2.930E+02
   0.11787  11    0.03472   7   1.019E+05 -4.467E-07  6.499E-02  3.005E+02  2.930E+02
   0.11787  11    0.04103   8   1.019E+05  2.229E-07  6.499E-02  3.051E+02  2.930E+02
   0.11787  11    0.04734   9   1.019E+05 -1.419E-06  6.498E-02  3.118E+02  2.930E+02
   0.11787  11    0.05366  10   1.019E+05 -2.212E-05  6.499E-02  3.216E+02  2.930E+02
   0.11787  11    0.05997  11   1.018E+05 -1.365E-06  6.499E-02  3.352E+02  2.930E+02
   0.11787  11    0.06628  12   1.018E+05  5.340E-07  6.499E-02  3.536E+02  2.930E+02
   0.11787  11    0.07259  13   1.018E+05  8.728E-08  6.499E-02  3.778E+02  2.930E+02
   0.11787  11    0.07891  14   1.018E+05  9.575E-08  6.498E-02  4.083E+02  2.930E+02
   0.11787  11    0.08522  15   1.018E+05  6.437E-08  6.496E-02  4.435E+02  2.930E+02
   0.11787  11    0.09153  16   1.018E+05  5.609E-08  6.493E-02  4.708E+02  2.930E+02
   0.11787  11    0.09784  17   1.018E+05  5.116E-08  6.492E-02  4.435E+02  2.930E+02
   0.11787  11    0.10416  18   1.018E+05  4.950E-08  6.491E-02  4.083E+02  2.930E+02
   0.11787  11    0.11047  19   1.018E+05  4.896E-08  6.490E-02  3.778E+02  2.930E+02
   0.11787  11    0.11678  20   1.018E+05  5.035E-08  6.490E-02  3.536E+02  2.930E+02
   0.11787  11    0.12309  21   1.018E+05  5.372E-08  6.491E-02  3.352E+02  2.930E+02
   0.11787  11    0.12941  22   1.018E+05  5.881E-08  6.491E-02  3.216E+02  2.930E+02
   0.11787  11    0.13572  23   1.018E+05  6.435E-08  6.491E-02  3.118E+02  2.930E+02
   0.11787  11    0.14203  24   1.017E+05  6.311E-08  6.491E-02  3.051E+02  2.930E+02
   0.11787  11    0.14834  25   1.017E+05  6.196E-08  6.491E-02  3.005E+02  2.930E+02
   0.11787  11    0.15466  26   1.017E+05  6.509E-08  6.490E-02  2.976E+02  2.930E+02
   0.11787  11    0.16097  27   1.017E+05  7.608E-08  6.490E-02  2.957E+02  2.930E+02
   0.11787  11    0.16728  28   1.017E+05 -7.854E-08  6.491E-02  2.945E+02  2.930E+02
   0.11787  11    0.17359  29   1.017E+05  1.093E-07  6.491E-02  2.939E+02  2.930E+02
   0.11787  11    0.17991  30   1.017E+05  1.287E-07  6.491E-02  2.935E+02  2.930E+02
   0.11787  11    0.18622  31   1.017E+05 -4.209E-10  6.491E-02  2.932E+02  2.930E+02
   0.11787  11    0.19253  32   1.017E+05  2.535E-07  6.490E-02  2.931E+02  2.930E+02
   0.11787  11    0.19884  33   1.017E+05  3.028E-07  6.490E-02  2.931E+02  2.930E+02
   0.11787  11    0.20516  34   1.017E+05  3.152E-07  6.491E-02  2.930E+02  2.930E+02
   0.11787  11    0.21147  35   1.017E+05  6.718E-08  6.491E-02  2.930E+02  2.930E+02
   0.11787  11    0.21778  36   1.017E+05  1.993E-07  6.491E-02  2.930E+02  2.930E+02
   0.11787  11    0.22409  37   1.017E+05  1.837E-07  6.491E-02  2.930E+02  2.930E+02
   0.11787  11    0.23041  38   1.016E+05  2.187E-07  6.491E-02  2.930E+02  2.930E+02
   0.11787  11    0.23672  39   1.016E+05  2.759E-07  6.491E-02  2.930E+02  2.930E+02
   0.11787  11    0.24303  40   1.016E+05  3.500E-07  6.491E-02  2.930E+02  2.930E+02
   0.11787  11    0.24934  41   1.016E+05  4.837E-07  6.492E-02  2.930E+02  2.930E+02
   0.11787  11    0.25566  42   1.016E+05  6.447E-07  6.491E-02  2.930E+02  2.930E+02
   0.11787  11    0.26197  43   1.016E+05  4.685E-07  6.490E-02  2.930E+02  2.930E+02
   0.11787  11    0.26828  44   1.016E+05  3.760E-07  6.491E-02  2.930E+02  2.930E+02
   0.11787  11    0.27459  45   1.016E+05  1.010E-07  6.493E-02  2.930E+02  2.930E+02
   0.11787  11    0.28091  46   1.016E+05  2.091E-06  6.493E-02  2.930E+02  2.930E+02
   0.11787  11    0.28722  47   1.016E+05  2.273E-05  6.491E-02  2.930E+02  2.930E+02
   0.11787  11    0.29353  48   1.016E+05  1.932E-06  6.490E-02  2.930E+02  2.930E+02
   0.11787  11    0.29984  49   1.016E+05 -1.208E-07  6.491E-02  2.930E+02  2.930E+02
   0.11787  11    0.30616  50   1.016E+05  5.285E-07  6.492E-02  2.930E+02  2.930E+02
   0.11787  11    0.31247  51   1.015E+05  5.508E-07  6.492E-02  2.930E+02  2.930E+02
   0.11787  11    0.31878  52   1.015E+05  5.583E-07  6.492E-02  2.930E+02  2.930E+02
   0.11787  11    0.32509  53   1.015E+05  5.539E-07  6.492E-02  2.930E+02  2.930E+02
   0.11787  11    0.33141  54   1.015E+05  5.722E-07  6.492E-02  2.930E+02  2.930E+02
   0.11787  11    0.33772  55   1.015E+05  6.268E-07  6.492E-02  2.930E+02  2.930E+02
   0.11787  11    0.34403  56   1.015E+05  6.964E-07  6.492E-02  2.930E+02  2.930E+02
   0.11787  11    0.35034  57   1.015E+05  6.677E-07  6.492E-02  2.930E+02  2.930E+02
   0.11787  11    0.35666  58   1.015E+05  6.704E-07  6.492E-02  2.930E+02  2.930E+02
   0.11787  11    0.36297  59   1.015E+05  7.560E-07  6.492E-02  2.930E+02  2.930E+02
   0.11787  11    0.36928  60   1.015E+05  6.502E-07  6.492E-02  2.930E+02  2.930E+02
   0.11787  11    0.37559  61   1.015E+05  2.560E-06  6.493E-02  2.930E+02  2.930E+02
   0.11787  11    0.38191  62   1.015E+05  2.583E-05  6.493E-02  2.930E+02  2.930E+02
   0.11787  11    0.38822  63   1.015E+05  2.636E-05  6.490E-02  2.930E+02  2.930E+02
   0.11787  11    0.39453  64   1.015E+05  2.745E-06  6.490E-02  2.930E+02  2.930E+02
   0.11787  11    0.40084  65   1.014E+05  7.530E-07  6.491E-02  2.930E+02  2.930E+02
   0.11787  11    0.40716  66   1.014E+05  1.246E-06  6.492E-02  2.930E+02  2.930E+02
   0.11787  11    0.41347  67   1.014E+05  1.830E-06  6.492E-02  2.930E+02  2.930E+02
   0.11787  11    0.41978  68   1.014E+05  1.259E-06  6.492E-02  2.930E+02  2.930E+02
   0.11787  11    0.42609  69   1.014E+05  1.154E-06  6.492E-02  2.930E+02  2.930E+02
   0.11787  11    0.43241  70   1.014E+05  1.509E-06  6.492E-02  2.930E+02  2.930E+02
   0.11787  11    0.43872  71   1.014E+05  1.932E-06  6.492E-02  2.930E+02  2.930E+02
   0.11787  11    0.44503  72   1.014E+05  4.648E-06  6.491E-02  2.930E+02  2.930E+02
   0.11787  11    0.45134  73   1.014E+05  2.452E-05  6.490E-02  2.930E+02  2.930E+02
   0.11787  11    0.45766  74   1.014E+05  2.929E-06  6.490E-02  2.930E+02  2.930E+02
   0.11787  11    0.46397  75   1.014E+05  6.492E-07  6.491E-02  2.930E+02  2.930E+02
   0.11787  11    0.47028  76   1.014E+05  1.503E-06  6.492E-02  2.930E+02  2.930E+02
   0.11787  11    0.47659  77   1.014E+05  7.319E-07  6.491E-02  2.930E+02  2.930E+02
   0.11787  11    0.48291  78   1.014E+05  4.411E-07  6.492E-02  2.930E+02  2.930E+02
   0.11787  11    0.48922  79   1.013E+05  2.926E-07  6.491E-02  2.930E+02  2.930E+02
   0.11787  11    0.49553  80   1.013E+05  2.054E-07  6.491E-02  2.930E+02  2.930E+02
   0.11787  11    0.50184  81   1.013E+05  1.394E-07  6.499E-02  2.930E+02  2.930E+02
   0.11787  11    0.50500  82   1.013E+05  0.000E+00  6.499E-02  2.930E+02  2.930E+02
   0.12407  12    0.00000   1   1.019E+05  0.000E+00  6.500E-02  2.930E+02  2.930E+02
   0.12407  12    0.00316   2   1.019E+05 -7.802E-07  6.502E-02  2.932E+02  2.930E+02
   0.12407  12    0.00947   3   1.019E+05 -7.423E-07  6.500E-02  2.937E+02  2.930E+02
   0.12407  12    0.01578   4   1.019E+05 -5.074E-07  6.500E-02  2.945E+02  2.930E+02
   0.12407  12    0.02209   5   1.019E+05 -5.847E-07  6.499E-02  2.957E+02  2.930E+02
   0.12407  12    0.02841   6   1.019E+05 -6.925E-07  6.499E-02  2.975E+02  2.930E+02
   0.12407  12    0.03472   7   1.019E+05 -4.467E-07  6.499E-02  3.005E+02  2.930E+02
   0.12407  12    0.04103   8   1.019E+05  2.229E-07  6.499E-02  3.051E+02  2.930E+02
   0.12407  12    0.04734   9   1.019E+05 -1.419E-06  6.498E-02  3.118E+02  2.930E+02
   0.12407  12    0.05366  10   1.019E+05 -2.212E-05  6.499E-02  3.216E+02  2.930E+02
   0.12407  12    0.05997  11   1.018E+05 -1.365E-06  6.499E-02  3.352E+02  2.930E+02
   0.12407  12    0.06628  12   1.018E+05  5.340E-07  6.499E-02  3.536E+02  2.930E+02
   0.12407  12    0.07259  13   1.018E+05  8.728E-08  6.499E-02  3.778E+02  2.930E+02
   0.12407  12    0.07891  14   1.018E+05  9.575E-08  6.498E-02  4.083E+02  2.930E+02
   0.12407  12    0.08522  15   1.018E+05  6.437E-08  6.496E-02  4.435E+02  2.930E+02
   0.12407  12    0.09153  16   1.018E+05  5.609E-08  6.493E-02  4.708E+02  2.930E+02
   0.12407  12    0.09784  17   1.018E+05  5.116E-08  6.492E-02  4.435E+02  2.930E+02
   0.12407  12    0.10416  18   1.018E+05  4.950E-08  6.491E-02  4.083E+02  2.930E+02
   0.12407  12    0.11047  19   1.018E+05  4.896E-08  6.490E-02  3.778E+02  2.930E+02
   0.12407  12    0.11678  20   1.018E+05  5.035E-08  6.490E-02  3.536E+02  2.930E+02
   0.12407  12    0.12309  21   1.018E+05  5.372E-08  6.491E-02  3.352E+02  2.930E+02
   0.12407  12    0.12941  22   1.018E+05  5.881E-08  6.491E-02  3.216E+02  2.930E+02
   0.12407  12    0.13572  23   1.018E+05  6.435E-08  6.491E-02  3.118E+02  2.930E+02
   0.12407  12    0.14203  24   1.017E+05  6.311E-08  6.491E-02  3.051E+02  2.930E+02
   0.12407  12    0.14834  25   1.017E+05  6.196E-08  6.491E-02  3.005E+02  2.930E+02
   0.12407  12    0.15466  26   1.017E+05  6.509E-08  6.490E-02  2.976E+02  2.930E+02
   0.12407  12    0.16097  27   1.017E+05  7.608E-08  6.490E-02  2.957E+02  2.930E+02
   0.12407  12    0.16728  28   1.017E+05 -7.854E-08  6.491E-02  2.945E+02  2.930E+02
   0.12407  12    0.17359  29   1.017E+05  1.093E-07  6.491E-02  2.939E+02  2.930E+02
   0.12407  12    0.17991  30   1.017E+05  1.287E-07  6.491E-02  2.935E+02  2.930E+02
   0.12407  12    0.18622  31   1.017E+05 -4.209E-10  6.491E-02  2.932E+02  2.930E+02
   0.12407  12    0.19253  32   1.017E+05  2.535E-07  6.490E-02  2.931E+02  2.930E+02
   0.12407  12    0.19884  33   1.017E+05  3.028E-07  6.490E-02  2.931E+02  2.930E+02
   0.12407  12    0.20516  34   1.017E+05  3.152E-07  6.491E-02  2.930E+02  2.930E+02
   0.12407  12    0.21147  35   1.017E+05  6.718E-08  6.491E-02  2.930E+02  2.930E+02
   0.12407  12    0.21778  36   1.017E+05  1.993E-07  6.491E-02  2.930E+02  2.930E+02
   0.12407  12    0.22409  37   1.017E+05  1.837E-07  6.491E-02  2.930E+02  2.930E+02
   0.12407  12    0.23041  38   1.016E+05  2.187E-07  6.491E-02  2.930E+02  2.930E+02
   0.12407  12    0.23672  39   1.016E+05  2.759E-07  6.491E-02  2.930E+02  2.930E+02
   0.12407  12    0.24303  40   1.016E+05  3.500E-07  6.491E-02  2.930E+02  2.930E+02
   0.12407  12    0.24934  41   1.016E+05  4.837E-07  6.492E-02  2.930E+02  2.930E+02
   0.12407  12    0.25566  42   1.016E+05  6.447E-07  6.491E-02  2.930E+02  2.930E+02
   0.12407  12    0.26197  43   1.016E+05  4.685E-07  6.490E-02  2.930E+02  2.930E+02
   0.12407  12    0.26828  44   1.016E+05  3.760E-07  6.491E-02  2.930E+02  2.930E+02
   0.12407  12    0.27459  45   1.016E+05  1.010E-07  6.493E-02  2.930E+02  2.930E+02
   0.12407  12    0.28091  46   1.016E+05  2.091E-06  6.493E-02  2.930E+02  2.930E+02
   0.12407  12    0.28722  47   1.016E+05  2.273E-05  6.491E-02  2.930E+02  2.930E+02
   0.12407  12    0.29353  48   1.016E+05  1.932E-06  6.490E-02  2.930E+02  2.930E+02
   0.12407  12    0.29984  49   1.016E+05 -1.208E-07  6.491E-02  2.930E+02  2.930E+02
   0.12407  12    0.30616  50   1.016E+05  5.285E-07  6.492E-02  2.930E+02  2.930E+02
   0.12407  12    0.31247  51   1.015E+05  5.508E-07  6.492E-02  2.930E+02  2.930E+02
   0.12407  12    0.31878  52   1.015E+05  5.583E-07  6.492E-02  2.930E+02  2.930E+02
   0.12407  12    0.32509  53   1.015E+05  5.539E-07  6.492E-02  2.930E+02  2.930E+02
   0.12407  12    0.33141  54   1.015E+05  5.722E-07  6.492E-02  2.930E+02  2.930E+02
   0.12407  12    0.33772  55   1.015E+05  6.268E-07  6.492E-02  2.930E+02  2.930E+02
   0.12407  12    0.34403  56   1.015E+05  6.964E-07  6.492E-02  2.930E+02  2.930E+02
   0.12407  12    0.35034  57   1.015E+05  6.677E-07  6.492E-02  2.930E+02  2.930E+02
   0.12407  12    0.35666  58   1.015E+05  6.704E-07  6.492E-02  2.930E+02  2.930E+02
   0.12407  12    0.36297  59   1.015E+05  7.560E-07  6.492E-02  2.930E+02  2.930E+02
   0.12407  12    0.36928  60   1.015E+05  6.502E-07  6.492E-02  2.930E+02  2.930E+02
   0.12407  12    0.37559  61   1.015E+05  2.560E-06  6.493E-02  2.930E+02  2.930E+02
   0.12407  12    0.38191  62   1.015E+05  2.583E-05  6.493E-02  2.930E+02  2.930E+02
   0.12407  12    0.38822  63   1.015E+05  2.636E-05  6.490E-02  2.930E+02  2.930E+02
   0.12407  12    0.39453  64   1.015E+05  2.745E-06  6.490E-02  2.930E+02  2.930E+02
   0.12407  12    0.40084  65   1.014E+05  7.530E-07  6.491E-02  2.930E+02  2.930E+02
   0.12407  12    0.40716  66   1.014E+05  1.246E-06  6.492E-02  2.930E+02  2.930E+02
   0.12407  12    0.41347  67   1.014E+05  1.830E-06  6.492E-02  2.930E+02  2.930E+02
   0.12407  12    0.41978  68   1.014E+05  1.259E-06  6.492E-02  2.930E+02  2.930E+02
   0.12407  12    0.42609  69   1.014E+05  1.154E-06  6.492E-02  2.930E+02  2.930E+02
   0.12407  12    0.43241  70   1.014E+05  1.509E-06  6.492E-02  2.930E+02  2.930E+02
   0.12407  12    0.43872  71   1.014E+05  1.932E-06  6.492E-02  2.930E+02  2.930E+02
   0.12407  12    0.44503  72   1.014E+05  4.648E-06  6.491E-02  2.930E+02  2.930E+02
   0.12407  12    0.45134  73   1.014E+05  2.452E-05  6.490E-02  2.930E+02  2.930E+02
   0.12407  12    0.45766  74   1.014E+05  2.929E-06  6.490E-02  2.930E+02  2.930E+02
   0.12407  12    0.46397  75   1.014E+05  6.492E-07  6.491E-02  2.930E+02  2.930E+02
   0.12407  12    0.47028  76   1.014E+05  1.503E-06  6.492E-02  2.930E+02  2.930E+02
   0.12407  12    0.47659  77   1.014E+05  7.319E-07  6.491E-02  2.930E+02  2.930E+02
   0.12407  12    0.48291  78   1.014E+05  4.411E-07  6.492E-02  2.930E+02  2.930E+02
   0.12407  12    0.48922  79   1.013E+05  2.926E-07  6.491E-02  2.930E+02  2.930E+02
   0.12407  12    0.49553  80   1.013E+05  2.054E-07  6.491E-02  2.930E+02  2.930E+02
   0.12407  12    0.50184  81   1.013E+05  1.394E-07  6.499E-02  2.930E+02  2.930E+02
   0.12407  12    0.50500  82   1.013E+05  0.000E+00  6.499E-02  2.930E+02  2.930E+02
