# xp i yp j p u v ts tf
   0.00000   1    0.00000   1   1.019E+05  2.536E-05  6.502E-02  2.935E+02  2.930E+02
   0.00000   1    0.00316   2   1.019E+05  2.536E-05  6.502E-02  2.935E+02  2.930E+02
   0.00000   1    0.00947   3   1.019E+05  2.231E-06  6.500E-02  2.947E+02  2.930E+02
   0.00000   1    0.01578   4   1.019E+05  4.339E-07  6.500E-02  2.962E+02  2.930E+02
   0.00000   1    0.02209   5   1.019E+05  2.698E-06  6.500E-02  2.983E+02  2.930E+02
   0.00000   1    0.02841   6   1.019E+05  2.386E-05  6.500E-02  3.014E+02  2.930E+02
   0.00000   1    0.03472   7   1.019E+05  2.811E-06  6.501E-02  3.059E+02  2.930E+02
   0.00000   1    0.04103   8   1.019E+05  6.496E-07  6.500E-02  3.123E+02  2.930E+02
   0.00000   1    0.04734   9   1.019E+05  1.165E-06  6.500E-02  3.211E+02  2.930E+02
   0.00000   1    0.05366  10   1.019E+05  9.525E-07  6.500E-02  3.326E+02  2.930E+02
   0.00000   1    0.05997  11   1.018E+05  8.633E-07  6.500E-02  3.470E+02  2.930E+02
   0.00000   1    0.06628  12   1.018E+05  4.298E-07  6.500E-02  3.640E+02  2.930E+02
   0.00000   1    0.07259  13   1.018E+05  5.388E-07  6.500E-02  3.819E+02  2.930E+02
   0.00000   1    0.07891  14   1.018E+05  5.327E-07  6.500E-02  3.985E+02  2.930E+02
   0.00000   1    0.08522  15   1.018E+05  3.958E-07  6.500E-02  4.104E+02  2.930E+02
   0.00000   1    0.09153  16   1.018E+05  9.376E-07  6.500E-02  4.147E+02  2.930E+02
   0.00000   1    0.09784  17   1.018E+05  1.331E-06  6.500E-02  4.104E+02  2.930E+02
   0.00000   1    0.10416  18   1.018E+05  9.550E-07  6.501E-02  3.985E+02  2.930E+02
   0.00000   1    0.11047  19   1.018E+05  5.831E-07  6.500E-02  3.819E+02  2.930E+02
   0.00000   1    0.11678  20   1.018E+05  4.728E-07  6.500E-02  3.640E+02  2.930E+02
   0.00000   1    0.12309  21   1.018E+05  1.866E-07  6.500E-02  3.471E+02  2.930E+02
   0.00000   1    0.12941  22   1.018E+05  3.186E-07  6.500E-02  3.326E+02  2.930E+02
   0.00000   1    0.13572  23   1.018E+05  2.714E-07  6.500E-02  3.211E+02  2.930E+02
   0.00000   1    0.14203  24   1.017E+05  2.719E-07  6.500E-02  3.123E+02  2.930E+02
   0.00000   1    0.14834  25   1.017E+05  2.446E-07  6.500E-02  3.060E+02  2.930E+02
   0.00000   1    0.15466  26   1.017E+05  2.362E-07  6.500E-02  3.015E+02  2.930E+02
   0.00000   1    0.16097  27   1.017E+05  2.185E-07  6.500E-02  2.984E+02  2.930E+02
   0.00000   1    0.16728  28   1.017E+05  2.045E-07  6.500E-02  2.964E+02  2.930E+02
   0.00000   1    0.17359  29   1.017E+05  1.908E-07  6.500E-02  2.951E+02  2.930E+02
   0.00000   1    0.17991  30   1.017E+05  1.783E-07  6.500E-02  2.942E+02  2.930E+02
   0.00000   1    0.18622  31   1.017E+05  1.669E-07  6.500E-02  2.937E+02  2.930E+02
   0.00000   1    0.19253  32   1.017E+05  1.562E-07  6.500E-02  2.934E+02  2.930E+02
   0.00000   1    0.19884  33   1.017E+05  1.460E-07  6.500E-02  2.932E+02  2.930E+02
   0.00000   1    0.20516  34   1.017E+05  1.362E-07  6.500E-02  2.931E+02  2.930E+02
   0.00000   1    0.21147  35   1.017E+05  1.267E-07  6.500E-02  2.931E+02  2.930E+02
   0.00000   1    0.21778  36   1.017E+05  1.174E-07  6.500E-02  2.930E+02  2.930E+02
   0.00000   1    0.22409  37   1.017E+05  1.085E-07  6.500E-02  2.930E+02  2.930E+02
   0.00000   1    0.23041  38   1.016E+05  1.002E-07  6.500E-02  2.930E+02  2.930E+02
   0.00000   1    0.23672  39   1.016E+05  9.256E-08  6.500E-02  2.930E+02  2.930E+02
   0.00000   1    0.24303  40   1.016E+05  8.597E-08  6.500E-02  2.930E+02  2.930E+02
   0.00000   1    0.24934  41   1.016E+05  8.046E-08  6.500E-02  2.930E+02  2.930E+02
   0.00000   1    0.25566  42   1.016E+05  7.692E-08  6.500E-02  2.930E+02  2.930E+02
   0.00000   1    0.26197  43   1.016E+05  7.178E-08  6.500E-02  2.930E+02  2.930E+02
   0.00000   1    0.26828  44   1.016E+05  7.240E-08  6.499E-02  2.930E+02  2.930E+02
   0.00000   1    0.27459  45   1.016E+05  4.501E-08  6.499E-02  2.930E+02  2.930E+02
   0.00000   1    0.28091  46   1.016E+05  5.919E-08  6.500E-02  2.930E+02  2.930E+02
   0.00000   1    0.28722  47   1.016E+05  4.605E-08  6.500E-02  2.930E+02  2.930E+02
   0.00000   1    0.29353  48   1.016E+05  4.134E-08  6.500E-02  2.930E+02  2.930E+02
   0.00000   1    0.29984  49   1.016E+05  3.505E-08  6.500E-02  2.930E+02  2.930E+02
   0.00000   1    0.30616  50   1.016E+05  3.040E-08  6.500E-02  2.930E+02  2.930E+02
   0.00000   1    0.31247  51   1.015E+05  2.649E-08  6.500E-02  2.930E+02  2.930E+02
   0.00000   1    0.31878  52   1.015E+05  2.328E-08  6.500E-02  2.930E+02  2.930E+02
   0.00000   1    0.32509  53   1.015E+05  2.056E-08  6.500E-02  2.930E+02  2.930E+02
   0.00000   1    0.33141  54   1.015E+05  1.830E-08  6.500E-02  2.930E+02  2.930E+02
   0.00000   1    0.33772  55   1.015E+05  1.647E-08  6.500E-02  2.930E+02  2.930E+02
   0.00000   1    0.34403  56   1.015E+05  1.492E-08  6.500E-02  2.930E+02  2.930E+02
   0.00000   1    0.35034  57   1.015E+05  1.367E-08  6.500E-02  2.930E+02  2.930E+02
   0.00000   1    0.35666  58   1.015E+05  1.247E-08  6.500E-02  2.930E+02  2.930E+02
   0.00000   1    0.36297  59   1.015E+05  1.119E-08  6.500E-02  2.930E+02  2.930E+02
   0.00000   1    0.36928  60   1.015E+05  9.866E-09  6.500E-02  2.930E+02  2.930E+02
   0.00000   1    0.37559  61   1.015E+05  8.422E-09  6.500E-02  2.930E+02  2.930E+02
   0.00000   1    0.38191  62   1.015E+05  6.998E-09  6.500E-02  2.930E+02  2.930E+02
   0.00000   1    0.38822  63   1.015E+05  5.816E-09  6.500E-02  2.930E+02  2.930E+02
   0.00000   1    0.39453  64   1.015E+05  4.820E-09  6.500E-02  2.930E+02  2.930E+02
   0.00000   1    0.40084  65   1.014E+05  4.034E-09  6.500E-02  2.930E+02  2.930E+02
   0.00000   1    0.40716  66   1.014E+05  3.407E-09  6.500E-02  2.930E+02  2.930E+02
   0.00000   1    0.41347  67   1.014E+05  2.951E-09  6.500E-02  2.930E+02  2.930E+02
   0.00000   1    0.41978  68   1.014E+05  2.649E-09  6.500E-02  2.930E+02  2.930E+02
   0.00000   1    0.42609  69   1.014E+05  2.567E-09  6.500E-02  2.930E+02  2.930E+02
   0.00000   1    0.43241  70   1.014E+05  2.765E-09  6.500E-02  2.930E+02  2.930E+02
   0.00000   1    0.43872  71   1.014E+05  3.448E-09  6.500E-02  2.930E+02  2.930E+02
   0.00000   1    0.44503  72   1.014E+05  4.983E-09  6.500E-02  2.930E+02  2.930E+02
   0.00000   1    0.45134  73   1.014E+05  8.047E-09  6.500E-02  2.930E+02  2.930E+02
   0.00000   1    0.45766  74   1.014E+05  1.414E-08  6.499E-02  2.930E+02  2.930E+02
   0.00000   1    0.46397  75   1.014E+05  2.399E-08  6.499E-02  2.930E+02  2.930E+02
   0.00000   1    0.47028  76   1.014E+05  5.256E-08  6.499E-02  2.930E+02  2.930E+02
   0.00000   1    0.47659  77   1.014E+05  3.776E-08  6.500E-02  2.930E+02  2.930E+02
   0.00000   1    0.48291  78   1.014E+05  4.488E-07  6.500E-02  2.930E+02  2.930E+02
   0.00000   1    0.48922  79   1.013E+05 -1.671E-06  6.501E-02  2.930E+02  2.930E+02
   0.00000   1    0.49553  80   1.013E+05 -2.319E-05  6.500E-02  2.930E+02  2.930E+02
   0.00000   1    0.50184  81   1.013E+05 -2.933E-07  6.499E-02  2.930E+02  2.930E+02
   0.00000   1    0.50500  82   1.013E+05 -2.933E-07  6.499E-02  2.930E+02  2.930E+02
   0.00620   2    0.00000   1   1.019E+05  0.000E+00  6.500E-02  2.930E+02  2.930E+02
   0.00620   2    0.00316   2   1.019E+05  2.536E-05  6.502E-02  2.935E+02  2.930E+02
   0.00620   2    0.00947   3   1.019E+05  2.231E-06  6.500E-02  2.947E+02  2.930E+02
   0.00620   2    0.01578   4   1.019E+05  4.339E-07  6.500E-02  2.962E+02  2.930E+02
   0.00620   2    0.02209   5   1.019E+05  2.698E-06  6.500E-02  2.983E+02  2.930E+02
   0.00620   2    0.02841   6   1.019E+05  2.386E-05  6.500E-02  3.014E+02  2.930E+02
   0.00620   2    0.03472   7   1.019E+05  2.811E-06  6.501E-02  3.059E+02  2.930E+02
   0.00620   2    0.04103   8   1.019E+05  6.496E-07  6.500E-02  3.123E+02  2.930E+02
   0.00620   2    0.04734   9   1.019E+05  1.165E-06  6.500E-02  3.211E+02  2.930E+02
   0.00620   2    0.05366  10   1.019E+05  9.525E-07  6.500E-02  3.326E+02  2.930E+02
   0.00620   2    0.05997  11   1.018E+05  8.633E-07  6.500E-02  3.470E+02  2.930E+02
   0.00620   2    0.06628  12   1.018E+05  4.298E-07  6.500E-02  3.640E+02  2.930E+02
   0.00620   2    0.07259  13   1.018E+05  5.388E-07  6.500E-02  3.819E+02  2.930E+02
   0.00620   2    0.07891  14   1.018E+05  5.327E-07  6.500E-02  3.985E+02  2.930E+02
   0.00620   2    0.08522  15   1.018E+05  3.958E-07  6.500E-02  4.104E+02  2.930E+02
   0.00620   2    0.09153  16   1.018E+05  9.376E-07  6.500E-02  4.147E+02  2.930E+02
   0.00620   2    0.09784  17   1.018E+05  1.331E-06  6.500E-02  4.104E+02  2.930E+02
   0.00620   2    0.10416  18   1.018E+05  9.550E-07  6.501E-02  3.985E+02  2.930E+02
   0.00620   2    0.11047  19   1.018E+05  5.831E-07  6.500E-02  3.819E+02  2.930E+02
   0.00620   2    0.11678  20   1.018E+05  4.728E-07  6.500E-02  3.640E+02  2.930E+02
   0.00620   2    0.12309  21   1.018E+05  1.866E-07  6.500E-02  3.471E+02  2.930E+02
   0.00620   2    0.12941  22   1.018E+05  3.186E-07  6.500E-02  3.326E+02  2.930E+02
   0.00620   2    0.13572  23   1.018E+05  2.714E-07  6.500E-02  3.211E+02  2.930E+02
   0.00620   2    0.14203  24   1.017E+05  2.719E-07  6.500E-02  3.123E+02  2.930E+02
   0.00620   2    0.14834  25   1.017E+05  2.446E-07  6.500E-02  3.060E+02  2.930E+02
   0.00620   2    0.15466  26   1.017E+05  2.362E-07  6.500E-02  3.015E+02  2.930E+02
   0.00620   2    0.16097  27   1.017E+05  2.185E-07  6.500E-02  2.984E+02  2.930E+02
   0.00620   2    0.16728  28   1.017E+05  2.045E-07  6.500E-02  2.964E+02  2.930E+02
   0.00620   2    0.17359  29   1.017E+05  1.908E-07  6.500E-02  2.951E+02  2.930E+02
   0.00620   2    0.17991  30   1.017E+05  1.783E-07  6.500E-02  2.942E+02  2.930E+02
   0.00620   2    0.18622  31   1.017E+05  1.669E-07  6.500E-02  2.937E+02  2.930E+02
   0.00620   2    0.19253  32   1.017E+05  1.562E-07  6.500E-02  2.934E+02  2.930E+02
   0.00620   2    0.19884  33   1.017E+05  1.460E-07  6.500E-02  2.932E+02  2.930E+02
   0.00620   2    0.20516  34   1.017E+05  1.362E-07  6.500E-02  2.931E+02  2.930E+02
   0.00620   2    0.21147  35   1.017E+05  1.267E-07  6.500E-02  2.931E+02  2.930E+02
   0.00620   2    0.21778  36   1.017E+05  1.174E-07  6.500E-02  2.930E+02  2.930E+02
   0.00620   2    0.22409  37   1.017E+05  1.085E-07  6.500E-02  2.930E+02  2.930E+02
   0.00620   2    0.23041  38   1.016E+05  1.002E-07  6.500E-02  2.930E+02  2.930E+02
   0.00620   2    0.23672  39   1.016E+05  9.256E-08  6.500E-02  2.930E+02  2.930E+02
   0.00620   2    0.24303  40   1.016E+05  8.597E-08  6.500E-02  2.930E+02  2.930E+02
   0.00620   2    0.24934  41   1.016E+05  8.046E-08  6.500E-02  2.930E+02  2.930E+02
   0.00620   2    0.25566  42   1.016E+05  7.692E-08  6.500E-02  2.930E+02  2.930E+02
   0.00620   2    0.26197  43   1.016E+05  7.178E-08  6.500E-02  2.930E+02  2.930E+02
   0.00620   2    0.26828  44   1.016E+05  7.240E-08  6.499E-02  2.930E+02  2.930E+02
   0.00620   2    0.27459  45   1.016E+05  4.501E-08  6.499E-02  2.930E+02  2.930E+02
   0.00620   2    0.28091  46   1.016E+05  5.919E-08  6.500E-02  2.930E+02  2.930E+02
   0.00620   2    0.28722  47   1.016E+05  4.605E-08  6.500E-02  2.930E+02  2.930E+02
   0.00620   2    0.29353  48   1.016E+05  4.134E-08  6.500E-02  2.930E+02  2.930E+02
   0.00620   2    0.29984  49   1.016E+05  3.505E-08  6.500E-02  2.930E+02  2.930E+02
   0.00620   2    0.30616  50   1.016E+05  3.040E-08  6.500E-02  2.930E+02  2.930E+02
   0.00620   2    0.31247  51   1.015E+05  2.649E-08  6.500E-02  2.930E+02  2.930E+02
   0.00620   2    0.31878  52   1.015E+05  2.328E-08  6.500E-02  2.930E+02  2.930E+02
   0.00620   2    0.32509  53   1.015E+05  2.056E-08  6.500E-02  2.930E+02  2.930E+02
   0.00620   2    0.33141  54   1.015E+05  1.830E-08  6.500E-02  2.930E+02  2.930E+02
   0.00620   2    0.33772  55   1.015E+05  1.647E-08  6.500E-02  2.930E+02  2.930E+02
   0.00620   2    0.34403  56   1.015E+05  1.492E-08  6.500E-02  2.930E+02  2.930E+02
   0.00620   2    0.35034  57   1.015E+05  1.367E-08  6.500E-02  2.930E+02  2.930E+02
   0.00620   2    0.35666  58   1.015E+05  1.247E-08  6.500E-02  2.930E+02  2.930E+02
   0.00620   2    0.36297  59   1.015E+05  1.119E-08  6.500E-02  2.930E+02  2.930E+02
   0.00620   2    0.36928  60   1.015E+05  9.866E-09  6.500E-02  2.930E+02  2.930E+02
   0.00620   2    0.37559  61   1.015E+05  8.422E-09  6.500E-02  2.930E+02  2.930E+02
   0.00620   2    0.38191  62   1.015E+05  6.998E-09  6.500E-02  2.930E+02  2.930E+02
   0.00620   2    0.38822  63   1.015E+05  5.816E-09  6.500E-02  2.930E+02  2.930E+02
   0.00620   2    0.39453  64   1.015E+05  4.820E-09  6.500E-02  2.930E+02  2.930E+02
   0.00620   2    0.40084  65   1.014E+05  4.034E-09  6.500E-02  2.930E+02  2.930E+02
   0.00620   2    0.40716  66   1.014E+05  3.407E-09  6.500E-02  2.930E+02  2.930E+02
   0.00620   2    0.41347  67   1.014E+05  2.951E-09  6.500E-02  2.930E+02  2.930E+02
   0.00620   2    0.41978  68   1.014E+05  2.649E-09  6.500E-02  2.930E+02  2.930E+02
   0.00620   2    0.42609  69   1.014E+05  2.567E-09  6.500E-02  2.930E+02  2.930E+02
   0.00620   2    0.43241  70   1.014E+05  2.765E-09  6.500E-02  2.930E+02  2.930E+02
   0.00620   2    0.43872  71   1.014E+05  3.448E-09  6.500E-02  2.930E+02  2.930E+02
   0.00620   2    0.44503  72   1.014E+05  4.983E-09  6.500E-02  2.930E+02  2.930E+02
   0.00620   2    0.45134  73   1.014E+05  8.047E-09  6.500E-02  2.930E+02  2.930E+02
   0.00620   2    0.45766  74   1.014E+05  1.414E-08  6.499E-02  2.930E+02  2.930E+02
   0.00620   2    0.46397  75   1.014E+05  2.399E-08  6.499E-02  2.930E+02  2.930E+02
   0.00620   2    0.47028  76   1.014E+05  5.256E-08  6.499E-02  2.930E+02  2.930E+02
   0.00620   2    0.47659  77   1.014E+05  3.776E-08  6.500E-02  2.930E+02  2.930E+02
   0.00620   2    0.48291  78   1.014E+05  4.488E-07  6.500E-02  2.930E+02  2.930E+02
   0.00620   2    0.48922  79   1.013E+05 -1.671E-06  6.501E-02  2.930E+02  2.930E+02
   0.00620   2    0.49553  80   1.013E+05 -2.319E-05  6.500E-02  2.930E+02  2.930E+02
   0.00620   2    0.50184  81   1.013E+05 -2.933E-07  6.499E-02  2.930E+02  2.930E+02
   0.00620   2    0.50500  82   1.013E+05  0.000E+00  6.499E-02  2.930E+02  2.930E+02
   0.01861   3    0.00000   1   1.019E+05  0.000E+00  6.500E-02  2.930E+02  2.930E+02
   0.01861   3    0.00316   2   1.019E+05  9.267E-06  6.498E-02  2.935E+02  2.930E+02
   0.01861   3    0.00947   3   1.019E+05  4.820E-06  6.499E-02  2.947E+02  2.930E+02
   0.01861   3    0.01578   4   1.019E+05  5.891E-06  6.500E-02  2.962E+02  2.930E+02
   0.01861   3    0.02209   5   1.019E+05  5.328E-06  6.501E-02  2.983E+02  2.930E+02
   0.01861   3    0.02841   6   1.019E+05  7.465E-06  6.500E-02  3.014E+02  2.930E+02
   0.01861   3    0.03472   7   1.019E+05  4.084E-06  6.500E-02  3.059E+02  2.930E+02
   0.01861   3    0.04103   8   1.019E+05  1.835E-06  6.500E-02  3.123E+02  2.930E+02
   0.01861   3    0.04734   9   1.019E+05  2.317E-06  6.500E-02  3.211E+02  2.930E+02
   0.01861   3    0.05366  10   1.019E+05  2.034E-06  6.500E-02  3.326E+02  2.930E+02
   0.01861   3    0.05997  11   1.018E+05  1.813E-06  6.500E-02  3.470E+02  2.930E+02
   0.01861   3    0.06628  12   1.018E+05  1.299E-06  6.500E-02  3.640E+02  2.930E+02
   0.01861   3    0.07259  13   1.018E+05  1.120E-06  6.500E-02  3.819E+02  2.930E+02
   0.01861   3    0.07891  14   1.018E+05  1.440E-06  6.500E-02  3.985E+02  2.930E+02
   0.01861   3    0.08522  15   1.018E+05  7.823E-07  6.500E-02  4.104E+02  2.930E+02
   0.01861   3    0.09153  16   1.018E+05  3.054E-06  6.500E-02  4.147E+02  2.930E+02
   0.01861   3    0.09784  17   1.018E+05  6.342E-06  6.500E-02  4.104E+02  2.930E+02
   0.01861   3    0.10416  18   1.018E+05  3.008E-06  6.501E-02  3.985E+02  2.930E+02
   0.01861   3    0.11047  19   1.018E+05  1.020E-06  6.500E-02  3.819E+02  2.930E+02
   0.01861   3    0.11678  20   1.018E+05  1.176E-06  6.500E-02  3.640E+02  2.930E+02
   0.01861   3    0.12309  21   1.018E+05  6.919E-07  6.500E-02  3.471E+02  2.930E+02
   0.01861   3    0.12941  22   1.018E+05  8.105E-07  6.500E-02  3.326E+02  2.930E+02
   0.01861   3    0.13572  23   1.018E+05  7.159E-07  6.500E-02  3.211E+02  2.930E+02
   0.01861   3    0.14203  24   1.017E+05  6.924E-07  6.500E-02  3.123E+02  2.930E+02
   0.01861   3    0.14834  25   1.017E+05  6.315E-07  6.500E-02  3.060E+02  2.930E+02
   0.01861   3    0.15466  26   1.017E+05  5.993E-07  6.500E-02  3.015E+02  2.930E+02
   0.01861   3    0.16097  27   1.017E+05  5.624E-07  6.500E-02  2.984E+02  2.930E+02
   0.01861   3    0.16728  28   1.017E+05  5.311E-07  6.500E-02  2.964E+02  2.930E+02
   0.01861   3    0.17359  29   1.017E+05  4.973E-07  6.500E-02  2.951E+02  2.930E+02
   0.01861   3    0.17991  30   1.017E+05  4.665E-07  6.500E-02  2.942E+02  2.930E+02
   0.01861   3    0.18622  31   1.017E+05  4.382E-07  6.500E-02  2.937E+02  2.930E+02
   0.01861   3    0.19253  32   1.017E+05  4.111E-07  6.500E-02  2.934E+02  2.930E+02
   0.01861   3    0.19884  33   1.017E+05  3.851E-07  6.500E-02  2.932E+02  2.930E+02
   0.01861   3    0.20516  34   1.017E+05  3.596E-07  6.500E-02  2.931E+02  2.930E+02
   0.01861   3    0.21147  35   1.017E+05  3.345E-07  6.500E-02  2.931E+02  2.930E+02
   0.01861   3    0.21778  36   1.017E+05  3.098E-07  6.500E-02  2.930E+02  2.930E+02
   0.01861   3    0.22409  37   1.017E+05  2.859E-07  6.500E-02  2.930E+02  2.930E+02
   0.01861   3    0.23041  38   1.016E+05  2.631E-07  6.500E-02  2.930E+02  2.930E+02
   0.01861   3    0.23672  39   1.016E+05  2.421E-07  6.500E-02  2.930E+02  2.930E+02
   0.01861   3    0.24303  40   1.016E+05  2.243E-07  6.500E-02  2.930E+02  2.930E+02
   0.01861   3    0.24934  41   1.016E+05  2.097E-07  6.500E-02  2.930E+02  2.930E+02
   0.01861   3    0.25566  42   1.016E+05  2.045E-07  6.500E-02  2.930E+02  2.930E+02
   0.01861   3    0.26197  43   1.016E+05  1.874E-07  6.500E-02  2.930E+02  2.930E+02
   0.01861   3    0.26828  44   1.016E+05  2.178E-07  6.499E-02  2.930E+02  2.930E+02
   0.01861   3    0.27459  45   1.016E+05 -1.190E-08  6.499E-02  2.930E+02  2.930E+02
   0.01861   3    0.28091  46   1.016E+05  1.787E-07  6.500E-02  2.930E+02  2.930E+02
   0.01861   3    0.28722  47   1.016E+05  1.120E-07  6.500E-02  2.930E+02  2.930E+02
   0.01861   3    0.29353  48   1.016E+05  1.083E-07  6.500E-02  2.930E+02  2.930E+02
   0.01861   3    0.29984  49   1.016E+05  8.923E-08  6.500E-02  2.930E+02  2.930E+02
   0.01861   3    0.30616  50   1.016E+05  7.764E-08  6.500E-02  2.930E+02  2.930E+02
   0.01861   3    0.31247  51   1.015E+05  6.763E-08  6.500E-02  2.930E+02  2.930E+02
   0.01861   3    0.31878  52   1.015E+05  5.969E-08  6.500E-02  2.930E+02  2.930E+02
   0.01861   3    0.32509  53   1.015E+05  5.296E-08  6.500E-02  2.930E+02  2.930E+02
   0.01861   3    0.33141  54   1.015E+05  4.730E-08  6.500E-02  2.930E+02  2.930E+02
   0.01861   3    0.33772  55   1.015E+05  4.257E-08  6.500E-02  2.930E+02  2.930E+02
   0.01861   3    0.34403  56   1.015E+05  3.865E-08  6.500E-02  2.930E+02  2.930E+02
   0.01861   3    0.35034  57   1.015E+05  3.583E-08  6.500E-02  2.930E+02  2.930E+02
   0.01861   3    0.35666  58   1.015E+05  3.333E-08  6.500E-02  2.930E+02  2.930E+02
   0.01861   3    0.36297  59   1.015E+05  3.015E-08  6.500E-02  2.930E+02  2.930E+02
   0.01861   3    0.36928  60   1.015E+05  2.652E-08  6.500E-02  2.930E+02  2.930E+02
   0.01861   3    0.37559  61   1.015E+05  2.219E-08  6.500E-02  2.930E+02  2.930E+02
   0.01861   3    0.38191  62   1.015E+05  1.805E-08  6.500E-02  2.930E+02  2.930E+02
   0.01861   3    0.38822  63   1.015E+05  1.479E-08  6.500E-02  2.930E+02  2.930E+02
   0.01861   3    0.39453  64   1.015E+05  1.214E-08  6.500E-02  2.930E+02  2.930E+02
   0.01861   3    0.40084  65   1.014E+05  1.002E-08  6.500E-02  2.930E+02  2.930E+02
   0.01861   3    0.40716  66   1.014E+05  8.374E-09  6.500E-02  2.930E+02  2.930E+02
   0.01861   3    0.41347  67   1.014E+05  7.051E-09  6.500E-02  2.930E+02  2.930E+02
   0.01861   3    0.41978  68   1.014E+05  6.013E-09  6.500E-02  2.930E+02  2.930E+02
   0.01861   3    0.42609  69   1.014E+05  5.259E-09  6.500E-02  2.930E+02  2.930E+02
   0.01861   3    0.43241  70   1.014E+05  4.719E-09  6.500E-02  2.930E+02  2.930E+02
   0.01861   3    0.43872  71   1.014E+05  4.453E-09  6.500E-02  2.930E+02  2.930E+02
   0.01861   3    0.44503  72   1.014E+05  4.590E-09  6.500E-02  2.930E+02  2.930E+02
   0.01861   3    0.45134  73   1.014E+05  5.041E-09  6.500E-02  2.930E+02  2.930E+02
   0.01861   3    0.45766  74   1.014E+05  6.156E-09  6.499E-02  2.930E+02  2.930E+02
   0.01861   3    0.46397  75   1.014E+05  5.854E-09  6.499E-02  2.930E+02  2.930E+02
   0.01861   3    0.47028  76   1.014E+05  1.455E-08  6.499E-02  2.930E+02  2.930E+02
   0.01861   3    0.47659  77   1.014E+05 -4.587E-08  6.500E-02  2.930E+02  2.930E+02
   0.01861   3    0.48291  78   1.014E+05  2.951E-07  6.500E-02  2.930E+02  2.930E+02
   0.01861   3    0.48922  79   1.013E+05 -2.062E-06  6.500E-02  2.930E+02  2.930E+02
   0.01861   3    0.49553  80   1.013E+05 -6.363E-06  6.500E-02  2.930E+02  2.930E+02
   0.01861   3    0.50184  81   1.013E+05 -4.760E-07  6.500E-02  2.930E+02  2.930E+02
   0.01861   3    0.50500  82   1.013E+05  0.000E+00  6.500E-02  2.930E+02  2.930E+02
   0.03102   4    0.00000   1   1.019E+05  0.000E+00  6.500E-02  2.930E+02  2.930E+02
   0.03102   4    0.00316   2   1.019E+05  2.447E-06  6.498E-02  2.935E+02  2.930E+02
   0.03102   4    0.00947   3   1.019E+05  4.059E-06  6.500E-02  2.947E+02  2.930E+02
   0.03102   4    0.01578   4   1.019E+05  6.986E-06  6.500E-02  2.962E+02  2.930E+02
   0.03102   4    0.02209   5   1.019E+05  3.944E-06  6.500E-02  2.983E+02  2.930E+02
   0.03102   4    0.02841   6   1.019E+05  1.969E-06  6.500E-02  3.014E+02  2.930E+02
   0.03102   4    0.03472   7   1.019E+05  2.394E-06  6.500E-02  3.059E+02  2.930E+02
   0.03102   4    0.04103   8   1.019E+05  2.184E-06  6.500E-02  3.123E+02  2.930E+02
   0.03102   4    0.04734   9   1.019E+05  2.161E-06  6.500E-02  3.211E+02  2.930E+02
   0.03102   4    0.05366  10   1.019E+05  2.121E-06  6.500E-02  3.326E+02  2.930E+02
   0.03102   4    0.05997  11   1.018E+05  1.988E-06  6.500E-02  3.470E+02  2.930E+02
   0.03102   4    0.06628  12   1.018E+05  2.060E-06  6.500E-02  3.640E+02  2.930E+02
   0.03102   4    0.07259  13   1.018E+05  1.426E-06  6.500E-02  3.819E+02  2.930E+02
   0.03102   4    0.07891  14   1.018E+05  3.411E-06  6.500E-02  3.985E+02  2.930E+02
   0.03102   4    0.08522  15   1.018E+05  5.921E-06  6.500E-02  4.104E+02  2.930E+02
   0.03102   4    0.09153  16   1.018E+05  4.703E-06  6.501E-02  4.147E+02  2.930E+02
   0.03102   4    0.09784  17   1.018E+05  6.017E-06  6.500E-02  4.104E+02  2.930E+02
   0.03102   4    0.10416  18   1.018E+05  3.157E-06  6.500E-02  3.985E+02  2.930E+02
   0.03102   4    0.11047  19   1.018E+05  1.001E-06  6.500E-02  3.819E+02  2.930E+02
   0.03102   4    0.11678  20   1.018E+05  1.385E-06  6.500E-02  3.640E+02  2.930E+02
   0.03102   4    0.12309  21   1.018E+05  1.091E-06  6.500E-02  3.471E+02  2.930E+02
   0.03102   4    0.12941  22   1.018E+05  1.063E-06  6.500E-02  3.326E+02  2.930E+02
   0.03102   4    0.13572  23   1.018E+05  9.860E-07  6.500E-02  3.211E+02  2.930E+02
   0.03102   4    0.14203  24   1.017E+05  9.411E-07  6.500E-02  3.123E+02  2.930E+02
   0.03102   4    0.14834  25   1.017E+05  8.849E-07  6.500E-02  3.060E+02  2.930E+02
   0.03102   4    0.15466  26   1.017E+05  8.408E-07  6.500E-02  3.015E+02  2.930E+02
   0.03102   4    0.16097  27   1.017E+05  8.015E-07  6.500E-02  2.984E+02  2.930E+02
   0.03102   4    0.16728  28   1.017E+05  7.645E-07  6.500E-02  2.964E+02  2.930E+02
   0.03102   4    0.17359  29   1.017E+05  7.247E-07  6.500E-02  2.951E+02  2.930E+02
   0.03102   4    0.17991  30   1.017E+05  6.863E-07  6.500E-02  2.942E+02  2.930E+02
   0.03102   4    0.18622  31   1.017E+05  6.499E-07  6.500E-02  2.937E+02  2.930E+02
   0.03102   4    0.19253  32   1.017E+05  6.134E-07  6.500E-02  2.934E+02  2.930E+02
   0.03102   4    0.19884  33   1.017E+05  5.771E-07  6.500E-02  2.932E+02  2.930E+02
   0.03102   4    0.20516  34   1.017E+05  5.401E-07  6.500E-02  2.931E+02  2.930E+02
   0.03102   4    0.21147  35   1.017E+05  5.029E-07  6.500E-02  2.931E+02  2.930E+02
   0.03102   4    0.21778  36   1.017E+05  4.653E-07  6.500E-02  2.930E+02  2.930E+02
   0.03102   4    0.22409  37   1.017E+05  4.280E-07  6.500E-02  2.930E+02  2.930E+02
   0.03102   4    0.23041  38   1.016E+05  3.920E-07  6.500E-02  2.930E+02  2.930E+02
   0.03102   4    0.23672  39   1.016E+05  3.588E-07  6.500E-02  2.930E+02  2.930E+02
   0.03102   4    0.24303  40   1.016E+05  3.329E-07  6.500E-02  2.930E+02  2.930E+02
   0.03102   4    0.24934  41   1.016E+05  3.169E-07  6.500E-02  2.930E+02  2.930E+02
   0.03102   4    0.25566  42   1.016E+05  3.472E-07  6.500E-02  2.930E+02  2.930E+02
   0.03102   4    0.26197  43   1.016E+05  3.902E-07  6.500E-02  2.930E+02  2.930E+02
   0.03102   4    0.26828  44   1.016E+05  7.870E-07  6.499E-02  2.930E+02  2.930E+02
   0.03102   4    0.27459  45   1.016E+05  7.602E-07  6.499E-02  2.930E+02  2.930E+02
   0.03102   4    0.28091  46   1.016E+05  7.063E-07  6.500E-02  2.930E+02  2.930E+02
   0.03102   4    0.28722  47   1.016E+05  2.545E-07  6.500E-02  2.930E+02  2.930E+02
   0.03102   4    0.29353  48   1.016E+05  2.090E-07  6.500E-02  2.930E+02  2.930E+02
   0.03102   4    0.29984  49   1.016E+05  1.418E-07  6.500E-02  2.930E+02  2.930E+02
   0.03102   4    0.30616  50   1.016E+05  1.175E-07  6.500E-02  2.930E+02  2.930E+02
   0.03102   4    0.31247  51   1.015E+05  9.943E-08  6.500E-02  2.930E+02  2.930E+02
   0.03102   4    0.31878  52   1.015E+05  8.707E-08  6.500E-02  2.930E+02  2.930E+02
   0.03102   4    0.32509  53   1.015E+05  7.698E-08  6.500E-02  2.930E+02  2.930E+02
   0.03102   4    0.33141  54   1.015E+05  6.849E-08  6.500E-02  2.930E+02  2.930E+02
   0.03102   4    0.33772  55   1.015E+05  6.145E-08  6.500E-02  2.930E+02  2.930E+02
   0.03102   4    0.34403  56   1.015E+05  5.573E-08  6.500E-02  2.930E+02  2.930E+02
   0.03102   4    0.35034  57   1.015E+05  5.314E-08  6.500E-02  2.930E+02  2.930E+02
   0.03102   4    0.35666  58   1.015E+05  5.195E-08  6.500E-02  2.930E+02  2.930E+02
   0.03102   4    0.36297  59   1.015E+05  4.815E-08  6.500E-02  2.930E+02  2.930E+02
   0.03102   4    0.36928  60   1.015E+05  4.180E-08  6.500E-02  2.930E+02  2.930E+02
   0.03102   4    0.37559  61   1.015E+05  3.281E-08  6.500E-02  2.930E+02  2.930E+02
   0.03102   4    0.38191  62   1.015E+05  2.503E-08  6.500E-02  2.930E+02  2.930E+02
   0.03102   4    0.38822  63   1.015E+05  2.017E-08  6.500E-02  2.930E+02  2.930E+02
   0.03102   4    0.39453  64   1.015E+05  1.636E-08  6.500E-02  2.930E+02  2.930E+02
   0.03102   4    0.40084  65   1.014E+05  1.355E-08  6.500E-02  2.930E+02  2.930E+02
   0.03102   4    0.40716  66   1.014E+05  1.132E-08  6.500E-02  2.930E+02  2.930E+02
   0.03102   4    0.41347  67   1.014E+05  9.454E-09  6.500E-02  2.930E+02  2.930E+02
   0.03102   4    0.41978  68   1.014E+05  7.820E-09  6.500E-02  2.930E+02  2.930E+02
   0.03102   4    0.42609  69   1.014E+05  6.285E-09  6.500E-02  2.930E+02  2.930E+02
   0.03102   4    0.43241  70   1.014E+05  4.747E-09  6.500E-02  2.930E+02  2.930E+02
   0.03102   4    0.43872  71   1.014E+05  2.988E-09  6.500E-02  2.930E+02  2.930E+02
   0.03102   4    0.44503  72   1.014E+05  6.976E-10  6.500E-02  2.930E+02  2.930E+02
   0.03102   4    0.45134  73   1.014E+05 -2.906E-09  6.500E-02  2.930E+02  2.930E+02
   0.03102   4    0.45766  74   1.014E+05 -9.088E-09  6.499E-02  2.930E+02  2.930E+02
   0.03102   4    0.46397  75   1.014E+05 -2.054E-08  6.499E-02  2.930E+02  2.930E+02
   0.03102   4    0.47028  76   1.014E+05 -4.096E-08  6.499E-02  2.930E+02  2.930E+02
   0.03102   4    0.47659  77   1.014E+05 -8.694E-08  6.500E-02  2.930E+02  2.930E+02
   0.03102   4    0.48291  78   1.014E+05 -1.429E-07  6.500E-02  2.930E+02  2.930E+02
   0.03102   4    0.48922  79   1.013E+05 -3.900E-07  6.500E-02  2.930E+02  2.930E+02
   0.03102   4    0.49553  80   1.013E+05 -4.317E-07  6.500E-02  2.930E+02  2.930E+02
   0.03102   4    0.50184  81   1.013E+05 -2.345E-07  6.500E-02  2.930E+02  2.930E+02
   0.03102   4    0.50500  82   1.013E+05  0.000E+00  6.500E-02  2.930E+02  2.930E+02
   0.04342   5    0.00000   1   1.019E+05  0.000E+00  6.500E-02  2.930E+02  2.930E+02
   0.04342   5    0.00316   2   1.019E+05  1.933E-06  6.498E-02  2.935E+02  2.930E+02
   0.04342   5    0.00947   3   1.019E+05  2.259E-06  6.500E-02  2.947E+02  2.930E+02
   0.04342   5    0.01578   4   1.019E+05  2.210E-06  6.500E-02  2.962E+02  2.930E+02
   0.04342   5    0.02209   5   1.019E+05  2.188E-06  6.500E-02  2.983E+02  2.930E+02
   0.04342   5    0.02841   6   1.019E+05  1.793E-06  6.500E-02  3.014E+02  2.930E+02
   0.04342   5    0.03472   7   1.019E+05  1.906E-06  6.500E-02  3.059E+02  2.930E+02
   0.04342   5    0.04103   8   1.019E+05  1.882E-06  6.500E-02  3.123E+02  2.930E+02
   0.04342   5    0.04734   9   1.019E+05  1.782E-06  6.500E-02  3.211E+02  2.930E+02
   0.04342   5    0.05366  10   1.019E+05  1.965E-06  6.500E-02  3.326E+02  2.930E+02
   0.04342   5    0.05997  11   1.018E+05  1.226E-06  6.500E-02  3.470E+02  2.930E+02
   0.04342   5    0.06628  12   1.018E+05  3.446E-06  6.500E-02  3.640E+02  2.930E+02
   0.04342   5    0.07259  13   1.018E+05  5.997E-06  6.500E-02  3.819E+02  2.930E+02
   0.04342   5    0.07891  14   1.018E+05  4.989E-06  6.501E-02  3.985E+02  2.930E+02
   0.04342   5    0.08522  15   1.018E+05  6.312E-06  6.500E-02  4.104E+02  2.930E+02
   0.04342   5    0.09153  16   1.018E+05  3.678E-06  6.500E-02  4.147E+02  2.930E+02
   0.04342   5    0.09784  17   1.018E+05  1.383E-06  6.500E-02  4.104E+02  2.930E+02
   0.04342   5    0.10416  18   1.018E+05  1.825E-06  6.500E-02  3.985E+02  2.930E+02
   0.04342   5    0.11047  19   1.018E+05  1.200E-06  6.500E-02  3.819E+02  2.930E+02
   0.04342   5    0.11678  20   1.018E+05  1.343E-06  6.500E-02  3.640E+02  2.930E+02
   0.04342   5    0.12309  21   1.018E+05  1.227E-06  6.500E-02  3.471E+02  2.930E+02
   0.04342   5    0.12941  22   1.018E+05  1.202E-06  6.500E-02  3.326E+02  2.930E+02
   0.04342   5    0.13572  23   1.018E+05  1.159E-06  6.500E-02  3.211E+02  2.930E+02
   0.04342   5    0.14203  24   1.017E+05  1.124E-06  6.500E-02  3.123E+02  2.930E+02
   0.04342   5    0.14834  25   1.017E+05  1.087E-06  6.500E-02  3.060E+02  2.930E+02
   0.04342   5    0.15466  26   1.017E+05  1.050E-06  6.500E-02  3.015E+02  2.930E+02
   0.04342   5    0.16097  27   1.017E+05  1.014E-06  6.500E-02  2.984E+02  2.930E+02
   0.04342   5    0.16728  28   1.017E+05  9.762E-07  6.500E-02  2.964E+02  2.930E+02
   0.04342   5    0.17359  29   1.017E+05  9.391E-07  6.500E-02  2.951E+02  2.930E+02
   0.04342   5    0.17991  30   1.017E+05  8.972E-07  6.500E-02  2.942E+02  2.930E+02
   0.04342   5    0.18622  31   1.017E+05  8.603E-07  6.500E-02  2.937E+02  2.930E+02
   0.04342   5    0.19253  32   1.017E+05  8.179E-07  6.500E-02  2.934E+02  2.930E+02
   0.04342   5    0.19884  33   1.017E+05  7.740E-07  6.500E-02  2.932E+02  2.930E+02
   0.04342   5    0.20516  34   1.017E+05  7.262E-07  6.500E-02  2.931E+02  2.930E+02
   0.04342   5    0.21147  35   1.017E+05  6.763E-07  6.500E-02  2.931E+02  2.930E+02
   0.04342   5    0.21778  36   1.017E+05  6.240E-07  6.500E-02  2.930E+02  2.930E+02
   0.04342   5    0.22409  37   1.017E+05  5.701E-07  6.500E-02  2.930E+02  2.930E+02
   0.04342   5    0.23041  38   1.016E+05  5.154E-07  6.500E-02  2.930E+02  2.930E+02
   0.04342   5    0.23672  39   1.016E+05  4.586E-07  6.500E-02  2.930E+02  2.930E+02
   0.04342   5    0.24303  40   1.016E+05  4.024E-07  6.500E-02  2.930E+02  2.930E+02
   0.04342   5    0.24934  41   1.016E+05  3.202E-07  6.500E-02  2.930E+02  2.930E+02
   0.04342   5    0.25566  42   1.016E+05  3.105E-07  6.500E-02  2.930E+02  2.930E+02
   0.04342   5    0.26197  43   1.016E+05 -1.006E-07  6.500E-02  2.930E+02  2.930E+02
   0.04342   5    0.26828  44   1.016E+05  2.152E-06  6.499E-02  2.930E+02  2.930E+02
   0.04342   5    0.27459  45   1.016E+05  5.283E-06  6.499E-02  2.930E+02  2.930E+02
   0.04342   5    0.28091  46   1.016E+05  1.969E-06  6.500E-02  2.930E+02  2.930E+02
   0.04342   5    0.28722  47   1.016E+05 -5.052E-07  6.500E-02  2.930E+02  2.930E+02
   0.04342   5    0.29353  48   1.016E+05  1.446E-07  6.500E-02  2.930E+02  2.930E+02
   0.04342   5    0.29984  49   1.016E+05  8.086E-08  6.500E-02  2.930E+02  2.930E+02
   0.04342   5    0.30616  50   1.016E+05  1.167E-07  6.500E-02  2.930E+02  2.930E+02
   0.04342   5    0.31247  51   1.015E+05  1.119E-07  6.500E-02  2.930E+02  2.930E+02
   0.04342   5    0.31878  52   1.015E+05  1.059E-07  6.500E-02  2.930E+02  2.930E+02
   0.04342   5    0.32509  53   1.015E+05  9.620E-08  6.500E-02  2.930E+02  2.930E+02
   0.04342   5    0.33141  54   1.015E+05  8.580E-08  6.500E-02  2.930E+02  2.930E+02
   0.04342   5    0.33772  55   1.015E+05  7.605E-08  6.500E-02  2.930E+02  2.930E+02
   0.04342   5    0.34403  56   1.015E+05  6.665E-08  6.500E-02  2.930E+02  2.930E+02
   0.04342   5    0.35034  57   1.015E+05  6.444E-08  6.500E-02  2.930E+02  2.930E+02
   0.04342   5    0.35666  58   1.015E+05  7.644E-08  6.500E-02  2.930E+02  2.930E+02
   0.04342   5    0.36297  59   1.015E+05  8.253E-08  6.500E-02  2.930E+02  2.930E+02
   0.04342   5    0.36928  60   1.015E+05  6.339E-08  6.500E-02  2.930E+02  2.930E+02
   0.04342   5    0.37559  61   1.015E+05  3.787E-08  6.500E-02  2.930E+02  2.930E+02
   0.04342   5    0.38191  62   1.015E+05  2.633E-08  6.500E-02  2.930E+02  2.930E+02
   0.04342   5    0.38822  63   1.015E+05  2.204E-08  6.500E-02  2.930E+02  2.930E+02
   0.04342   5    0.39453  64   1.015E+05  1.827E-08  6.500E-02  2.930E+02  2.930E+02
   0.04342   5    0.40084  65   1.014E+05  1.570E-08  6.500E-02  2.930E+02  2.930E+02
   0.04342   5    0.40716  66   1.014E+05  1.336E-08  6.500E-02  2.930E+02  2.930E+02
   0.04342   5    0.41347  67   1.014E+05  1.130E-08  6.500E-02  2.930E+02  2.930E+02
   0.04342   5    0.41978  68   1.014E+05  9.430E-09  6.500E-02  2.930E+02  2.930E+02
   0.04342   5    0.42609  69   1.014E+05  7.650E-09  6.500E-02  2.930E+02  2.930E+02
   0.04342   5    0.43241  70   1.014E+05  5.965E-09  6.500E-02  2.930E+02  2.930E+02
   0.04342   5    0.43872  71   1.014E+05  4.286E-09  6.500E-02  2.930E+02  2.930E+02
   0.04342   5    0.44503  72   1.014E+05  2.497E-09  6.500E-02  2.930E+02  2.930E+02
   0.04342   5    0.45134  73   1.014E+05  4.535E-10  6.500E-02  2.930E+02  2.930E+02
   0.04342   5    0.45766  74   1.014E+05 -1.947E-09  6.499E-02  2.930E+02  2.930E+02
   0.04342   5    0.46397  75   1.014E+05 -4.678E-09  6.499E-02  2.930E+02  2.930E+02
   0.04342   5    0.47028  76   1.014E+05 -6.897E-09  6.499E-02  2.930E+02  2.930E+02
   0.04342   5    0.47659  77   1.014E+05 -9.251E-09  6.500E-02  2.930E+02  2.930E+02
   0.04342   5    0.48291  78   1.014E+05  3.740E-09  6.500E-02  2.930E+02  2.930E+02
   0.04342   5    0.48922  79   1.013E+05 -7.583E-09  6.500E-02  2.930E+02  2.930E+02
   0.04342   5    0.49553  80   1.013E+05  1.953E-07  6.500E-02  2.930E+02  2.930E+02
   0.04342   5    0.50184  81   1.013E+05  2.946E-08  6.500E-02  2.930E+02  2.930E+02
   0.04342   5    0.50500  82   1.013E+05  0.000E+00  6.500E-02  2.930E+02  2.930E+02
   0.05583   6    0.00000   1   1.019E+05  0.000E+00  6.500E-02  2.930E+02  2.930E+02
   0.05583   6    0.00316   2   1.019E+05  1.629E-06  6.498E-02  2.935E+02  2.930E+02
   0.05583   6    0.00947   3   1.019E+05  1.635E-06  6.500E-02  2.947E+02  2.930E+02
   0.05583   6    0.01578   4   1.019E+05  1.424E-06  6.500E-02  2.962E+02  2.930E+02
   0.05583   6    0.02209   5   1.019E+05  1.362E-06  6.500E-02  2.983E+02  2.930E+02
   0.05583   6    0.02841   6   1.019E+05  1.570E-06  6.500E-02  3.014E+02  2.930E+02
   0.05583   6    0.03472   7   1.019E+05  1.130E-06  6.500E-02  3.059E+02  2.930E+02
   0.05583   6    0.04103   8   1.019E+05  1.630E-06  6.500E-02  3.123E+02  2.930E+02
   0.05583   6    0.04734   9   1.019E+05  1.222E-06  6.500E-02  3.211E+02  2.930E+02
   0.05583   6    0.05366  10   1.019E+05  2.066E-06  6.500E-02  3.326E+02  2.930E+02
   0.05583   6    0.05997  11   1.018E+05  1.584E-06  6.500E-02  3.470E+02  2.930E+02
   0.05583   6    0.06628  12   1.018E+05  3.828E-06  6.501E-02  3.640E+02  2.930E+02
   0.05583   6    0.07259  13   1.018E+05  6.683E-06  6.500E-02  3.819E+02  2.930E+02
   0.05583   6    0.07891  14   1.018E+05  3.787E-06  6.500E-02  3.985E+02  2.930E+02
   0.05583   6    0.08522  15   1.018E+05  1.477E-06  6.500E-02  4.104E+02  2.930E+02
   0.05583   6    0.09153  16   1.018E+05  1.911E-06  6.500E-02  4.147E+02  2.930E+02
   0.05583   6    0.09784  17   1.018E+05  1.077E-06  6.500E-02  4.104E+02  2.930E+02
   0.05583   6    0.10416  18   1.018E+05  1.427E-06  6.500E-02  3.985E+02  2.930E+02
   0.05583   6    0.11047  19   1.018E+05  1.306E-06  6.500E-02  3.819E+02  2.930E+02
   0.05583   6    0.11678  20   1.018E+05  1.338E-06  6.500E-02  3.640E+02  2.930E+02
   0.05583   6    0.12309  21   1.018E+05  1.317E-06  6.500E-02  3.471E+02  2.930E+02
   0.05583   6    0.12941  22   1.018E+05  1.310E-06  6.500E-02  3.326E+02  2.930E+02
   0.05583   6    0.13572  23   1.018E+05  1.299E-06  6.500E-02  3.211E+02  2.930E+02
   0.05583   6    0.14203  24   1.017E+05  1.280E-06  6.500E-02  3.123E+02  2.930E+02
   0.05583   6    0.14834  25   1.017E+05  1.268E-06  6.500E-02  3.060E+02  2.930E+02
   0.05583   6    0.15466  26   1.017E+05  1.242E-06  6.500E-02  3.015E+02  2.930E+02
   0.05583   6    0.16097  27   1.017E+05  1.219E-06  6.500E-02  2.984E+02  2.930E+02
   0.05583   6    0.16728  28   1.017E+05  1.182E-06  6.500E-02  2.964E+02  2.930E+02
   0.05583   6    0.17359  29   1.017E+05  1.159E-06  6.500E-02  2.951E+02  2.930E+02
   0.05583   6    0.17991  30   1.017E+05  1.113E-06  6.500E-02  2.942E+02  2.930E+02
   0.05583   6    0.18622  31   1.017E+05  1.081E-06  6.500E-02  2.937E+02  2.930E+02
   0.05583   6    0.19253  32   1.017E+05  1.027E-06  6.500E-02  2.934E+02  2.930E+02
   0.05583   6    0.19884  33   1.017E+05  9.775E-07  6.500E-02  2.932E+02  2.930E+02
   0.05583   6    0.20516  34   1.017E+05  9.148E-07  6.500E-02  2.931E+02  2.930E+02
   0.05583   6    0.21147  35   1.017E+05  8.532E-07  6.500E-02  2.931E+02  2.930E+02
   0.05583   6    0.21778  36   1.017E+05  7.844E-07  6.500E-02  2.930E+02  2.930E+02
   0.05583   6    0.22409  37   1.017E+05  7.143E-07  6.500E-02  2.930E+02  2.930E+02
   0.05583   6    0.23041  38   1.016E+05  6.441E-07  6.500E-02  2.930E+02  2.930E+02
   0.05583   6    0.23672  39   1.016E+05  5.738E-07  6.500E-02  2.930E+02  2.930E+02
   0.05583   6    0.24303  40   1.016E+05  5.063E-07  6.500E-02  2.930E+02  2.930E+02
   0.05583   6    0.24934  41   1.016E+05  4.161E-07  6.500E-02  2.930E+02  2.930E+02
   0.05583   6    0.25566  42   1.016E+05  3.912E-07  6.500E-02  2.930E+02  2.930E+02
   0.05583   6    0.26197  43   1.016E+05 -2.743E-08  6.500E-02  2.930E+02  2.930E+02
   0.05583   6    0.26828  44   1.016E+05  2.089E-06  6.500E-02  2.930E+02  2.930E+02
   0.05583   6    0.27459  45   1.016E+05  5.258E-06  6.500E-02  2.930E+02  2.930E+02
   0.05583   6    0.28091  46   1.016E+05  2.203E-06  6.499E-02  2.930E+02  2.930E+02
   0.05583   6    0.28722  47   1.016E+05 -7.593E-08  6.500E-02  2.930E+02  2.930E+02
   0.05583   6    0.29353  48   1.016E+05  5.148E-07  6.500E-02  2.930E+02  2.930E+02
   0.05583   6    0.29984  49   1.016E+05  2.138E-07  6.500E-02  2.930E+02  2.930E+02
   0.05583   6    0.30616  50   1.016E+05  2.120E-07  6.500E-02  2.930E+02  2.930E+02
   0.05583   6    0.31247  51   1.015E+05  1.652E-07  6.500E-02  2.930E+02  2.930E+02
   0.05583   6    0.31878  52   1.015E+05  1.426E-07  6.500E-02  2.930E+02  2.930E+02
   0.05583   6    0.32509  53   1.015E+05  1.220E-07  6.500E-02  2.930E+02  2.930E+02
   0.05583   6    0.33141  54   1.015E+05  1.042E-07  6.500E-02  2.930E+02  2.930E+02
   0.05583   6    0.33772  55   1.015E+05  8.887E-08  6.500E-02  2.930E+02  2.930E+02
   0.05583   6    0.34403  56   1.015E+05  6.684E-08  6.500E-02  2.930E+02  2.930E+02
   0.05583   6    0.35034  57   1.015E+05  5.215E-08  6.500E-02  2.930E+02  2.930E+02
   0.05583   6    0.35666  58   1.015E+05  1.061E-07  6.500E-02  2.930E+02  2.930E+02
   0.05583   6    0.36297  59   1.015E+05  1.562E-07  6.500E-02  2.930E+02  2.930E+02
   0.05583   6    0.36928  60   1.015E+05  9.118E-08  6.500E-02  2.930E+02  2.930E+02
   0.05583   6    0.37559  61   1.015E+05  1.999E-08  6.500E-02  2.930E+02  2.930E+02
   0.05583   6    0.38191  62   1.015E+05  1.706E-08  6.500E-02  2.930E+02  2.930E+02
   0.05583   6    0.38822  63   1.015E+05  2.175E-08  6.500E-02  2.930E+02  2.930E+02
   0.05583   6    0.39453  64   1.015E+05  1.886E-08  6.500E-02  2.930E+02  2.930E+02
   0.05583   6    0.40084  65   1.014E+05  1.698E-08  6.500E-02  2.930E+02  2.930E+02
   0.05583   6    0.40716  66   1.014E+05  1.467E-08  6.500E-02  2.930E+02  2.930E+02
   0.05583   6    0.41347  67   1.014E+05  1.254E-08  6.500E-02  2.930E+02  2.930E+02
   0.05583   6    0.41978  68   1.014E+05  1.052E-08  6.500E-02  2.930E+02  2.930E+02
   0.05583   6    0.42609  69   1.014E+05  8.663E-09  6.500E-02  2.930E+02  2.930E+02
   0.05583   6    0.43241  70   1.014E+05  6.864E-09  6.500E-02  2.930E+02  2.930E+02
   0.05583   6    0.43872  71   1.014E+05  5.172E-09  6.500E-02  2.930E+02  2.930E+02
   0.05583   6    0.44503  72   1.014E+05  3.534E-09  6.500E-02  2.930E+02  2.930E+02
   0.05583   6    0.45134  73   1.014E+05  1.761E-09  6.500E-02  2.930E+02  2.930E+02
   0.05583   6    0.45766  74   1.014E+05 -1.076E-10  6.499E-02  2.930E+02  2.930E+02
   0.05583   6    0.46397  75   1.014E+05 -2.107E-09  6.499E-02  2.930E+02  2.930E+02
   0.05583   6    0.47028  76   1.014E+05 -4.151E-09  6.499E-02  2.930E+02  2.930E+02
   0.05583   6    0.47659  77   1.014E+05 -6.290E-09  6.500E-02  2.930E+02  2.930E+02
   0.05583   6    0.48291  78   1.014E+05 -6.686E-09  6.500E-02  2.930E+02  2.930E+02
   0.05583   6    0.48922  79   1.013E+05 -8.865E-09  6.500E-02  2.930E+02  2.930E+02
   0.05583   6    0.49553  80   1.013E+05  4.486E-09  6.500E-02  2.930E+02  2.930E+02
   0.05583   6    0.50184  81   1.013E+05 -1.641E-09  6.500E-02  2.930E+02  2.930E+02
   0.05583   6    0.50500  82   1.013E+05  0.000E+00  6.500E-02  2.930E+02  2.930E+02
   0.06824   7    0.00000   1   1.019E+05  0.000E+00  6.500E-02  2.930E+02  2.930E+02
   0.06824   7    0.00316   2   1.019E+05  1.647E-06  6.498E-02  2.935E+02  2.930E+02
   0.06824   7    0.00947   3   1.019E+05  1.681E-06  6.500E-02  2.947E+02  2.930E+02
   0.06824   7    0.01578   4   1.019E+05  1.953E-06  6.500E-02  2.962E+02  2.930E+02
   0.06824   7    0.02209   5   1.019E+05  1.977E-06  6.500E-02  2.983E+02  2.930E+02
   0.06824   7    0.02841   6   1.019E+05  2.223E-06  6.500E-02  3.014E+02  2.930E+02
   0.06824   7    0.03472   7   1.019E+05  1.790E-06  6.500E-02  3.059E+02  2.930E+02
   0.06824   7    0.04103   8   1.019E+05  2.326E-06  6.500E-02  3.123E+02  2.930E+02
   0.06824   7    0.04734   9   1.019E+05  1.618E-06  6.500E-02  3.211E+02  2.930E+02
   0.06824   7    0.05366  10   1.019E+05  3.657E-06  6.500E-02  3.326E+02  2.930E+02
   0.06824   7    0.05997  11   1.018E+05  6.665E-06  6.500E-02  3.470E+02  2.930E+02
   0.06824   7    0.06628  12   1.018E+05  3.598E-06  6.501E-02  3.640E+02  2.930E+02
   0.06824   7    0.07259  13   1.018E+05  1.460E-06  6.500E-02  3.819E+02  2.930E+02
   0.06824   7    0.07891  14   1.018E+05  1.893E-06  6.500E-02  3.985E+02  2.930E+02
   0.06824   7    0.08522  15   1.018E+05  1.245E-06  6.500E-02  4.104E+02  2.930E+02
   0.06824   7    0.09153  16   1.018E+05  1.439E-06  6.500E-02  4.147E+02  2.930E+02
   0.06824   7    0.09784  17   1.018E+05  1.323E-06  6.500E-02  4.104E+02  2.930E+02
   0.06824   7    0.10416  18   1.018E+05  1.351E-06  6.500E-02  3.985E+02  2.930E+02
   0.06824   7    0.11047  19   1.018E+05  1.324E-06  6.500E-02  3.819E+02  2.930E+02
   0.06824   7    0.11678  20   1.018E+05  1.352E-06  6.500E-02  3.640E+02  2.930E+02
   0.06824   7    0.12309  21   1.018E+05  1.374E-06  6.500E-02  3.471E+02  2.930E+02
   0.06824   7    0.12941  22   1.018E+05  1.400E-06  6.500E-02  3.326E+02  2.930E+02
   0.06824   7    0.13572  23   1.018E+05  1.439E-06  6.500E-02  3.211E+02  2.930E+02
   0.06824   7    0.14203  24   1.017E+05  1.431E-06  6.500E-02  3.123E+02  2.930E+02
   0.06824   7    0.14834  25   1.017E+05  1.459E-06  6.500E-02  3.060E+02  2.930E+02
   0.06824   7    0.15466  26   1.017E+05  1.430E-06  6.500E-02  3.015E+02  2.930E+02
   0.06824   7    0.16097  27   1.017E+05  1.441E-06  6.500E-02  2.984E+02  2.930E+02
   0.06824   7    0.16728  28   1.017E+05  1.381E-06  6.500E-02  2.964E+02  2.930E+02
   0.06824   7    0.17359  29   1.017E+05  1.383E-06  6.500E-02  2.951E+02  2.930E+02
   0.06824   7    0.17991  30   1.017E+05  1.151E-06  6.500E-02  2.942E+02  2.930E+02
   0.06824   7    0.18622  31   1.017E+05  1.302E-06  6.500E-02  2.937E+02  2.930E+02
   0.06824   7    0.19253  32   1.017E+05  1.236E-06  6.500E-02  2.934E+02  2.930E+02
   0.06824   7    0.19884  33   1.017E+05  1.205E-06  6.500E-02  2.932E+02  2.930E+02
   0.06824   7    0.20516  34   1.017E+05  1.126E-06  6.500E-02  2.931E+02  2.930E+02
   0.06824   7    0.21147  35   1.017E+05  1.049E-06  6.500E-02  2.931E+02  2.930E+02
   0.06824   7    0.21778  36   1.017E+05  9.517E-07  6.500E-02  2.930E+02  2.930E+02
   0.06824   7    0.22409  37   1.017E+05  8.573E-07  6.500E-02  2.930E+02  2.930E+02
   0.06824   7    0.23041  38   1.016E+05  7.661E-07  6.500E-02  2.930E+02  2.930E+02
   0.06824   7    0.23672  39   1.016E+05  6.828E-07  6.500E-02  2.930E+02  2.930E+02
   0.06824   7    0.24303  40   1.016E+05  6.107E-07  6.500E-02  2.930E+02  2.930E+02
   0.06824   7    0.24934  41   1.016E+05  5.492E-07  6.500E-02  2.930E+02  2.930E+02
   0.06824   7    0.25566  42   1.016E+05  5.194E-07  6.500E-02  2.930E+02  2.930E+02
   0.06824   7    0.26197  43   1.016E+05  4.745E-07  6.500E-02  2.930E+02  2.930E+02
   0.06824   7    0.26828  44   1.016E+05  6.801E-07  6.500E-02  2.930E+02  2.930E+02
   0.06824   7    0.27459  45   1.016E+05  2.589E-07  6.500E-02  2.930E+02  2.930E+02
   0.06824   7    0.28091  46   1.016E+05  2.506E-06  6.499E-02  2.930E+02  2.930E+02
   0.06824   7    0.28722  47   1.016E+05  5.601E-06  6.499E-02  2.930E+02  2.930E+02
   0.06824   7    0.29353  48   1.016E+05  2.077E-06  6.500E-02  2.930E+02  2.930E+02
   0.06824   7    0.29984  49   1.016E+05 -4.248E-07  6.500E-02  2.930E+02  2.930E+02
   0.06824   7    0.30616  50   1.016E+05  1.778E-07  6.500E-02  2.930E+02  2.930E+02
   0.06824   7    0.31247  51   1.015E+05  1.115E-07  6.500E-02  2.930E+02  2.930E+02
   0.06824   7    0.31878  52   1.015E+05  1.346E-07  6.500E-02  2.930E+02  2.930E+02
   0.06824   7    0.32509  53   1.015E+05  1.242E-07  6.500E-02  2.930E+02  2.930E+02
   0.06824   7    0.33141  54   1.015E+05  1.117E-07  6.500E-02  2.930E+02  2.930E+02
   0.06824   7    0.33772  55   1.015E+05  9.772E-08  6.500E-02  2.930E+02  2.930E+02
   0.06824   7    0.34403  56   1.015E+05  7.599E-08  6.500E-02  2.930E+02  2.930E+02
   0.06824   7    0.35034  57   1.015E+05  6.165E-08  6.500E-02  2.930E+02  2.930E+02
   0.06824   7    0.35666  58   1.015E+05  1.163E-07  6.500E-02  2.930E+02  2.930E+02
   0.06824   7    0.36297  59   1.015E+05  1.687E-07  6.500E-02  2.930E+02  2.930E+02
   0.06824   7    0.36928  60   1.015E+05  9.947E-08  6.500E-02  2.930E+02  2.930E+02
   0.06824   7    0.37559  61   1.015E+05  2.581E-08  6.500E-02  2.930E+02  2.930E+02
   0.06824   7    0.38191  62   1.015E+05  2.095E-08  6.500E-02  2.930E+02  2.930E+02
   0.06824   7    0.38822  63   1.015E+05  2.440E-08  6.500E-02  2.930E+02  2.930E+02
   0.06824   7    0.39453  64   1.015E+05  2.068E-08  6.500E-02  2.930E+02  2.930E+02
   0.06824   7    0.40084  65   1.014E+05  1.824E-08  6.500E-02  2.930E+02  2.930E+02
   0.06824   7    0.40716  66   1.014E+05  1.558E-08  6.500E-02  2.930E+02  2.930E+02
   0.06824   7    0.41347  67   1.014E+05  1.323E-08  6.500E-02  2.930E+02  2.930E+02
   0.06824   7    0.41978  68   1.014E+05  1.111E-08  6.500E-02  2.930E+02  2.930E+02
   0.06824   7    0.42609  69   1.014E+05  9.195E-09  6.500E-02  2.930E+02  2.930E+02
   0.06824   7    0.43241  70   1.014E+05  7.423E-09  6.500E-02  2.930E+02  2.930E+02
   0.06824   7    0.43872  71   1.014E+05  5.856E-09  6.500E-02  2.930E+02  2.930E+02
   0.06824   7    0.44503  72   1.014E+05  4.448E-09  6.500E-02  2.930E+02  2.930E+02
   0.06824   7    0.45134  73   1.014E+05  3.135E-09  6.500E-02  2.930E+02  2.930E+02
   0.06824   7    0.45766  74   1.014E+05  1.999E-09  6.499E-02  2.930E+02  2.930E+02
   0.06824   7    0.46397  75   1.014E+05  1.023E-09  6.499E-02  2.930E+02  2.930E+02
   0.06824   7    0.47028  76   1.014E+05  2.979E-10  6.499E-02  2.930E+02  2.930E+02
   0.06824   7    0.47659  77   1.014E+05  1.203E-11  6.500E-02  2.930E+02  2.930E+02
   0.06824   7    0.48291  78   1.014E+05  7.326E-10  6.500E-02  2.930E+02  2.930E+02
   0.06824   7    0.48922  79   1.013E+05  1.673E-09  6.500E-02  2.930E+02  2.930E+02
   0.06824   7    0.49553  80   1.013E+05  5.860E-09  6.500E-02  2.930E+02  2.930E+02
   0.06824   7    0.50184  81   1.013E+05  3.200E-09  6.500E-02  2.930E+02  2.930E+02
   0.06824   7    0.50500  82   1.013E+05  0.000E+00  6.500E-02  2.930E+02  2.930E+02
   0.08065   8    0.00000   1   1.019E+05  0.000E+00  6.500E-02  2.930E+02  2.930E+02
   0.08065   8    0.00316   2   1.019E+05  1.219E-06  6.498E-02  2.935E+02  2.930E+02
   0.08065   8    0.00947   3   1.019E+05  5.882E-07  6.500E-02  2.947E+02  2.930E+02
   0.08065   8    0.01578   4   1.019E+05  3.016E-06  6.500E-02  2.962E+02  2.930E+02
   0.08065   8    0.02209   5   1.019E+05  5.744E-06  6.500E-02  2.983E+02  2.930E+02
   0.08065   8    0.02841   6   1.019E+05  4.755E-06  6.500E-02  3.014E+02  2.930E+02
   0.08065   8    0.03472   7   1.019E+05  5.440E-06  6.500E-02  3.059E+02  2.930E+02
   0.08065   8    0.04103   8   1.019E+05  4.667E-06  6.500E-02  3.123E+02  2.930E+02
   0.08065   8    0.04734   9   1.019E+05  5.319E-06  6.500E-02  3.211E+02  2.930E+02
   0.08065   8    0.05366  10   1.019E+05  4.402E-06  6.501E-02  3.326E+02  2.930E+02
   0.08065   8    0.05997  11   1.018E+05  5.359E-06  6.500E-02  3.470E+02  2.930E+02
   0.08065   8    0.06628  12   1.018E+05  2.647E-06  6.500E-02  3.640E+02  2.930E+02
   0.08065   8    0.07259  13   1.018E+05  3.662E-07  6.500E-02  3.819E+02  2.930E+02
   0.08065   8    0.07891  14   1.018E+05  1.094E-06  6.500E-02  3.985E+02  2.930E+02
   0.08065   8    0.08522  15   1.018E+05  1.053E-06  6.500E-02  4.104E+02  2.930E+02
   0.08065   8    0.09153  16   1.018E+05  1.172E-06  6.500E-02  4.147E+02  2.930E+02
   0.08065   8    0.09784  17   1.018E+05  1.219E-06  6.500E-02  4.104E+02  2.930E+02
   0.08065   8    0.10416  18   1.018E+05  1.248E-06  6.500E-02  3.985E+02  2.930E+02
   0.08065   8    0.11047  19   1.018E+05  1.268E-06  6.500E-02  3.819E+02  2.930E+02
   0.08065   8    0.11678  20   1.018E+05  1.346E-06  6.500E-02  3.640E+02  2.930E+02
   0.08065   8    0.12309  21   1.018E+05  1.454E-06  6.500E-02  3.471E+02  2.930E+02
   0.08065   8    0.12941  22   1.018E+05  1.522E-06  6.500E-02  3.326E+02  2.930E+02
   0.08065   8    0.13572  23   1.018E+05  1.681E-06  6.500E-02  3.211E+02  2.930E+02
   0.08065   8    0.14203  24   1.017E+05  1.543E-06  6.500E-02  3.123E+02  2.930E+02
   0.08065   8    0.14834  25   1.017E+05  1.791E-06  6.500E-02  3.060E+02  2.930E+02
   0.08065   8    0.15466  26   1.017E+05  1.616E-06  6.500E-02  3.015E+02  2.930E+02
   0.08065   8    0.16097  27   1.017E+05  1.872E-06  6.500E-02  2.984E+02  2.930E+02
   0.08065   8    0.16728  28   1.017E+05  1.681E-06  6.500E-02  2.964E+02  2.930E+02
   0.08065   8    0.17359  29   1.017E+05  2.016E-06  6.500E-02  2.951E+02  2.930E+02
   0.08065   8    0.17991  30   1.017E+05  1.888E-06  6.500E-02  2.942E+02  2.930E+02
   0.08065   8    0.18622  31   1.017E+05  1.856E-06  6.500E-02  2.937E+02  2.930E+02
   0.08065   8    0.19253  32   1.017E+05  1.410E-06  6.500E-02  2.934E+02  2.930E+02
   0.08065   8    0.19884  33   1.017E+05  1.502E-06  6.500E-02  2.932E+02  2.930E+02
   0.08065   8    0.20516  34   1.017E+05  1.182E-06  6.500E-02  2.931E+02  2.930E+02
   0.08065   8    0.21147  35   1.017E+05  1.243E-06  6.500E-02  2.931E+02  2.930E+02
   0.08065   8    0.21778  36   1.017E+05  1.087E-06  6.500E-02  2.930E+02  2.930E+02
   0.08065   8    0.22409  37   1.017E+05  9.671E-07  6.500E-02  2.930E+02  2.930E+02
   0.08065   8    0.23041  38   1.016E+05  8.442E-07  6.500E-02  2.930E+02  2.930E+02
   0.08065   8    0.23672  39   1.016E+05  7.358E-07  6.500E-02  2.930E+02  2.930E+02
   0.08065   8    0.24303  40   1.016E+05  6.404E-07  6.500E-02  2.930E+02  2.930E+02
   0.08065   8    0.24934  41   1.016E+05  5.547E-07  6.500E-02  2.930E+02  2.930E+02
   0.08065   8    0.25566  42   1.016E+05  4.819E-07  6.500E-02  2.930E+02  2.930E+02
   0.08065   8    0.26197  43   1.016E+05  3.756E-07  6.500E-02  2.930E+02  2.930E+02
   0.08065   8    0.26828  44   1.016E+05  3.739E-07  6.500E-02  2.930E+02  2.930E+02
   0.08065   8    0.27459  45   1.016E+05 -2.196E-07  6.500E-02  2.930E+02  2.930E+02
   0.08065   8    0.28091  46   1.016E+05  2.270E-06  6.500E-02  2.930E+02  2.930E+02
   0.08065   8    0.28722  47   1.016E+05  5.617E-06  6.500E-02  2.930E+02  2.930E+02
   0.08065   8    0.29353  48   1.016E+05  2.339E-06  6.499E-02  2.930E+02  2.930E+02
   0.08065   8    0.29984  49   1.016E+05  7.701E-08  6.500E-02  2.930E+02  2.930E+02
   0.08065   8    0.30616  50   1.016E+05  4.874E-07  6.500E-02  2.930E+02  2.930E+02
   0.08065   8    0.31247  51   1.015E+05  2.208E-07  6.500E-02  2.930E+02  2.930E+02
   0.08065   8    0.31878  52   1.015E+05  1.980E-07  6.500E-02  2.930E+02  2.930E+02
   0.08065   8    0.32509  53   1.015E+05  1.546E-07  6.500E-02  2.930E+02  2.930E+02
   0.08065   8    0.33141  54   1.015E+05  1.295E-07  6.500E-02  2.930E+02  2.930E+02
   0.08065   8    0.33772  55   1.015E+05  1.088E-07  6.500E-02  2.930E+02  2.930E+02
   0.08065   8    0.34403  56   1.015E+05  9.175E-08  6.500E-02  2.930E+02  2.930E+02
   0.08065   8    0.35034  57   1.015E+05  8.367E-08  6.500E-02  2.930E+02  2.930E+02
   0.08065   8    0.35666  58   1.015E+05  9.109E-08  6.500E-02  2.930E+02  2.930E+02
   0.08065   8    0.36297  59   1.015E+05  9.364E-08  6.500E-02  2.930E+02  2.930E+02
   0.08065   8    0.36928  60   1.015E+05  7.208E-08  6.500E-02  2.930E+02  2.930E+02
   0.08065   8    0.37559  61   1.015E+05  4.472E-08  6.500E-02  2.930E+02  2.930E+02
   0.08065   8    0.38191  62   1.015E+05  3.176E-08  6.500E-02  2.930E+02  2.930E+02
   0.08065   8    0.38822  63   1.015E+05  2.634E-08  6.500E-02  2.930E+02  2.930E+02
   0.08065   8    0.39453  64   1.015E+05  2.163E-08  6.500E-02  2.930E+02  2.930E+02
   0.08065   8    0.40084  65   1.014E+05  1.826E-08  6.500E-02  2.930E+02  2.930E+02
   0.08065   8    0.40716  66   1.014E+05  1.533E-08  6.500E-02  2.930E+02  2.930E+02
   0.08065   8    0.41347  67   1.014E+05  1.286E-08  6.500E-02  2.930E+02  2.930E+02
   0.08065   8    0.41978  68   1.014E+05  1.076E-08  6.500E-02  2.930E+02  2.930E+02
   0.08065   8    0.42609  69   1.014E+05  8.914E-09  6.500E-02  2.930E+02  2.930E+02
   0.08065   8    0.43241  70   1.014E+05  7.255E-09  6.500E-02  2.930E+02  2.930E+02
   0.08065   8    0.43872  71   1.014E+05  5.862E-09  6.500E-02  2.930E+02  2.930E+02
   0.08065   8    0.44503  72   1.014E+05  4.669E-09  6.500E-02  2.930E+02  2.930E+02
   0.08065   8    0.45134  73   1.014E+05  3.569E-09  6.500E-02  2.930E+02  2.930E+02
   0.08065   8    0.45766  74   1.014E+05  2.631E-09  6.499E-02  2.930E+02  2.930E+02
   0.08065   8    0.46397  75   1.014E+05  1.866E-09  6.499E-02  2.930E+02  2.930E+02
   0.08065   8    0.47028  76   1.014E+05  1.269E-09  6.499E-02  2.930E+02  2.930E+02
   0.08065   8    0.47659  77   1.014E+05  8.908E-10  6.500E-02  2.930E+02  2.930E+02
   0.08065   8    0.48291  78   1.014E+05  8.250E-10  6.500E-02  2.930E+02  2.930E+02
   0.08065   8    0.48922  79   1.013E+05  9.018E-10  6.500E-02  2.930E+02  2.930E+02
   0.08065   8    0.49553  80   1.013E+05  1.279E-09  6.500E-02  2.930E+02  2.930E+02
   0.08065   8    0.50184  81   1.013E+05  1.011E-09  6.500E-02  2.930E+02  2.930E+02
   0.08065   8    0.50500  82   1.013E+05  0.000E+00  6.500E-02  2.930E+02  2.930E+02
   0.09305   9    0.00000   1   1.019E+05  0.000E+00  6.500E-02  2.930E+02  2.930E+02
   0.09305   9    0.00316   2   1.019E+05  1.472E-06  6.498E-02  2.935E+02  2.930E+02
   0.09305   9    0.00947   3   1.019E+05  8.800E-07  6.500E-02  2.947E+02  2.930E+02
   0.09305   9    0.01578   4   1.019E+05  3.212E-06  6.501E-02  2.962E+02  2.930E+02
   0.09305   9    0.02209   5   1.019E+05  5.717E-06  6.500E-02  2.983E+02  2.930E+02
   0.09305   9    0.02841   6   1.019E+05  4.629E-06  6.500E-02  3.014E+02  2.930E+02
   0.09305   9    0.03472   7   1.019E+05  5.272E-06  6.500E-02  3.059E+02  2.930E+02
   0.09305   9    0.04103   8   1.019E+05  4.319E-06  6.500E-02  3.123E+02  2.930E+02
   0.09305   9    0.04734   9   1.019E+05  5.256E-06  6.500E-02  3.211E+02  2.930E+02
   0.09305   9    0.05366  10   1.019E+05  2.671E-06  6.500E-02  3.326E+02  2.930E+02
   0.09305   9    0.05997  11   1.018E+05  3.763E-07  6.500E-02  3.470E+02  2.930E+02
   0.09305   9    0.06628  12   1.018E+05  1.045E-06  6.500E-02  3.640E+02  2.930E+02
   0.09305   9    0.07259  13   1.018E+05  8.138E-07  6.500E-02  3.819E+02  2.930E+02
   0.09305   9    0.07891  14   1.018E+05  8.971E-07  6.500E-02  3.985E+02  2.930E+02
   0.09305   9    0.08522  15   1.018E+05  9.130E-07  6.500E-02  4.104E+02  2.930E+02
   0.09305   9    0.09153  16   1.018E+05  9.866E-07  6.500E-02  4.147E+02  2.930E+02
   0.09305   9    0.09784  17   1.018E+05  1.055E-06  6.500E-02  4.104E+02  2.930E+02
   0.09305   9    0.10416  18   1.018E+05  1.089E-06  6.500E-02  3.985E+02  2.930E+02
   0.09305   9    0.11047  19   1.018E+05  9.719E-07  6.500E-02  3.819E+02  2.930E+02
   0.09305   9    0.11678  20   1.018E+05  1.291E-06  6.500E-02  3.640E+02  2.930E+02
   0.09305   9    0.12309  21   1.018E+05  1.273E-06  6.500E-02  3.471E+02  2.930E+02
   0.09305   9    0.12941  22   1.018E+05  1.494E-06  6.500E-02  3.326E+02  2.930E+02
   0.09305   9    0.13572  23   1.018E+05  2.274E-06  6.500E-02  3.211E+02  2.930E+02
   0.09305   9    0.14203  24   1.017E+05  2.596E-06  6.500E-02  3.123E+02  2.930E+02
   0.09305   9    0.14834  25   1.017E+05  2.595E-06  6.500E-02  3.060E+02  2.930E+02
   0.09305   9    0.15466  26   1.017E+05  2.757E-06  6.500E-02  3.015E+02  2.930E+02
   0.09305   9    0.16097  27   1.017E+05  2.779E-06  6.500E-02  2.984E+02  2.930E+02
   0.09305   9    0.16728  28   1.017E+05  2.503E-06  6.500E-02  2.964E+02  2.930E+02
   0.09305   9    0.17359  29   1.017E+05  4.124E-06  6.500E-02  2.951E+02  2.930E+02
   0.09305   9    0.17991  30   1.017E+05  6.884E-06  6.500E-02  2.942E+02  2.930E+02
   0.09305   9    0.18622  31   1.017E+05  3.525E-06  6.500E-02  2.937E+02  2.930E+02
   0.09305   9    0.19253  32   1.017E+05  1.853E-06  6.500E-02  2.934E+02  2.930E+02
   0.09305   9    0.19884  33   1.017E+05  2.165E-06  6.500E-02  2.932E+02  2.930E+02
   0.09305   9    0.20516  34   1.017E+05  2.282E-06  6.500E-02  2.931E+02  2.930E+02
   0.09305   9    0.21147  35   1.017E+05  1.821E-06  6.500E-02  2.931E+02  2.930E+02
   0.09305   9    0.21778  36   1.017E+05  1.339E-06  6.500E-02  2.930E+02  2.930E+02
   0.09305   9    0.22409  37   1.017E+05  1.088E-06  6.500E-02  2.930E+02  2.930E+02
   0.09305   9    0.23041  38   1.016E+05  8.850E-07  6.500E-02  2.930E+02  2.930E+02
   0.09305   9    0.23672  39   1.016E+05  7.381E-07  6.500E-02  2.930E+02  2.930E+02
   0.09305   9    0.24303  40   1.016E+05  6.248E-07  6.500E-02  2.930E+02  2.930E+02
   0.09305   9    0.24934  41   1.016E+05  5.377E-07  6.500E-02  2.930E+02  2.930E+02
   0.09305   9    0.25566  42   1.016E+05  4.730E-07  6.500E-02  2.930E+02  2.930E+02
   0.09305   9    0.26197  43   1.016E+05  4.231E-07  6.500E-02  2.930E+02  2.930E+02
   0.09305   9    0.26828  44   1.016E+05  4.128E-07  6.500E-02  2.930E+02  2.930E+02
   0.09305   9    0.27459  45   1.016E+05  3.744E-07  6.500E-02  2.930E+02  2.930E+02
   0.09305   9    0.28091  46   1.016E+05  6.220E-07  6.500E-02  2.930E+02  2.930E+02
   0.09305   9    0.28722  47   1.016E+05 -6.155E-08  6.500E-02  2.930E+02  2.930E+02
   0.09305   9    0.29353  48   1.016E+05  2.077E-06  6.499E-02  2.930E+02  2.930E+02
   0.09305   9    0.29984  49   1.016E+05  5.047E-06  6.499E-02  2.930E+02  2.930E+02
   0.09305   9    0.30616  50   1.016E+05  1.795E-06  6.500E-02  2.930E+02  2.930E+02
   0.09305   9    0.31247  51   1.015E+05 -2.971E-07  6.500E-02  2.930E+02  2.930E+02
   0.09305   9    0.31878  52   1.015E+05  1.316E-07  6.500E-02  2.930E+02  2.930E+02
   0.09305   9    0.32509  53   1.015E+05  9.454E-08  6.500E-02  2.930E+02  2.930E+02
   0.09305   9    0.33141  54   1.015E+05  1.037E-07  6.500E-02  2.930E+02  2.930E+02
   0.09305   9    0.33772  55   1.015E+05  9.361E-08  6.500E-02  2.930E+02  2.930E+02
   0.09305   9    0.34403  56   1.015E+05  8.264E-08  6.500E-02  2.930E+02  2.930E+02
   0.09305   9    0.35034  57   1.015E+05  7.301E-08  6.500E-02  2.930E+02  2.930E+02
   0.09305   9    0.35666  58   1.015E+05  6.471E-08  6.500E-02  2.930E+02  2.930E+02
   0.09305   9    0.36297  59   1.015E+05  5.307E-08  6.500E-02  2.930E+02  2.930E+02
   0.09305   9    0.36928  60   1.015E+05  4.740E-08  6.500E-02  2.930E+02  2.930E+02
   0.09305   9    0.37559  61   1.015E+05  3.811E-08  6.500E-02  2.930E+02  2.930E+02
   0.09305   9    0.38191  62   1.015E+05  3.014E-08  6.500E-02  2.930E+02  2.930E+02
   0.09305   9    0.38822  63   1.015E+05  2.474E-08  6.500E-02  2.930E+02  2.930E+02
   0.09305   9    0.39453  64   1.015E+05  2.017E-08  6.500E-02  2.930E+02  2.930E+02
   0.09305   9    0.40084  65   1.014E+05  1.663E-08  6.500E-02  2.930E+02  2.930E+02
   0.09305   9    0.40716  66   1.014E+05  1.372E-08  6.500E-02  2.930E+02  2.930E+02
   0.09305   9    0.41347  67   1.014E+05  1.138E-08  6.500E-02  2.930E+02  2.930E+02
   0.09305   9    0.41978  68   1.014E+05  9.395E-09  6.500E-02  2.930E+02  2.930E+02
   0.09305   9    0.42609  69   1.014E+05  7.737E-09  6.500E-02  2.930E+02  2.930E+02
   0.09305   9    0.43241  70   1.014E+05  6.325E-09  6.500E-02  2.930E+02  2.930E+02
   0.09305   9    0.43872  71   1.014E+05  5.131E-09  6.500E-02  2.930E+02  2.930E+02
   0.09305   9    0.44503  72   1.014E+05  4.178E-09  6.500E-02  2.930E+02  2.930E+02
   0.09305   9    0.45134  73   1.014E+05  3.310E-09  6.500E-02  2.930E+02  2.930E+02
   0.09305   9    0.45766  74   1.014E+05  2.550E-09  6.499E-02  2.930E+02  2.930E+02
   0.09305   9    0.46397  75   1.014E+05  1.968E-09  6.499E-02  2.930E+02  2.930E+02
   0.09305   9    0.47028  76   1.014E+05  1.536E-09  6.499E-02  2.930E+02  2.930E+02
   0.09305   9    0.47659  77   1.014E+05  1.203E-09  6.500E-02  2.930E+02  2.930E+02
   0.09305   9    0.48291  78   1.014E+05  1.008E-09  6.500E-02  2.930E+02  2.930E+02
   0.09305   9    0.48922  79   1.013E+05  9.134E-10  6.500E-02  2.930E+02  2.930E+02
   0.09305   9    0.49553  80   1.013E+05  8.293E-10  6.500E-02  2.930E+02  2.930E+02
   0.09305   9    0.50184  81   1.013E+05  6.779E-10  6.500E-02  2.930E+02  2.930E+02
   0.09305   9    0.50500  82   1.013E+05  0.000E+00  6.500E-02  2.930E+02  2.930E+02
   0.10546  10    0.00000   1   1.019E+05  0.000E+00  6.500E-02  2.930E+02  2.930E+02
   0.10546  10    0.00316   2   1.019E+05  2.859E-06  6.498E-02  2.935E+02  2.930E+02
   0.10546  10    0.00947   3   1.019E+05  7.561E-06  6.500E-02  2.947E+02  2.930E+02
   0.10546  10    0.01578   4   1.019E+05  3.551E-06  6.501E-02  2.962E+02  2.930E+02
   0.10546  10    0.02209   5   1.019E+05  1.210E-06  6.500E-02  2.983E+02  2.930E+02
   0.10546  10    0.02841   6   1.019E+05  1.689E-06  6.500E-02  3.014E+02  2.930E+02
   0.10546  10    0.03472   7   1.019E+05  1.339E-06  6.500E-02  3.059E+02  2.930E+02
   0.10546  10    0.04103   8   1.019E+05  1.428E-06  6.500E-02  3.123E+02  2.930E+02
   0.10546  10    0.04734   9   1.019E+05  1.083E-06  6.500E-02  3.211E+02  2.930E+02
   0.10546  10    0.05366  10   1.019E+05  9.786E-07  6.500E-02  3.326E+02  2.930E+02
   0.10546  10    0.05997  11   1.018E+05  4.649E-07  6.500E-02  3.470E+02  2.930E+02
   0.10546  10    0.06628  12   1.018E+05  6.499E-07  6.500E-02  3.640E+02  2.930E+02
   0.10546  10    0.07259  13   1.018E+05  6.287E-07  6.500E-02  3.819E+02  2.930E+02
   0.10546  10    0.07891  14   1.018E+05  6.801E-07  6.500E-02  3.985E+02  2.930E+02
   0.10546  10    0.08522  15   1.018E+05  7.366E-07  6.500E-02  4.104E+02  2.930E+02
   0.10546  10    0.09153  16   1.018E+05  8.099E-07  6.500E-02  4.147E+02  2.930E+02
   0.10546  10    0.09784  17   1.018E+05  9.509E-07  6.500E-02  4.104E+02  2.930E+02
   0.10546  10    0.10416  18   1.018E+05  1.208E-06  6.500E-02  3.985E+02  2.930E+02
   0.10546  10    0.11047  19   1.018E+05  1.909E-06  6.500E-02  3.819E+02  2.930E+02
   0.10546  10    0.11678  20   1.018E+05  1.855E-06  6.500E-02  3.640E+02  2.930E+02
   0.10546  10    0.12309  21   1.018E+05  2.330E-06  6.500E-02  3.471E+02  2.930E+02
   0.10546  10    0.12941  22   1.018E+05  1.502E-06  6.500E-02  3.326E+02  2.930E+02
   0.10546  10    0.13572  23   1.018E+05  3.654E-06  6.500E-02  3.211E+02  2.930E+02
   0.10546  10    0.14203  24   1.017E+05  6.940E-06  6.500E-02  3.123E+02  2.930E+02
   0.10546  10    0.14834  25   1.017E+05  5.778E-06  6.500E-02  3.060E+02  2.930E+02
   0.10546  10    0.15466  26   1.017E+05  6.901E-06  6.500E-02  3.015E+02  2.930E+02
   0.10546  10    0.16097  27   1.017E+05  6.277E-06  6.500E-02  2.984E+02  2.930E+02
   0.10546  10    0.16728  28   1.017E+05  7.499E-06  6.500E-02  2.964E+02  2.930E+02
   0.10546  10    0.17359  29   1.017E+05  6.278E-06  6.501E-02  2.951E+02  2.930E+02
   0.10546  10    0.17991  30   1.017E+05  7.009E-06  6.500E-02  2.942E+02  2.930E+02
   0.10546  10    0.18622  31   1.017E+05  6.374E-06  6.499E-02  2.937E+02  2.930E+02
   0.10546  10    0.19253  32   1.017E+05  7.182E-06  6.500E-02  2.934E+02  2.930E+02
   0.10546  10    0.19884  33   1.017E+05  6.062E-06  6.500E-02  2.932E+02  2.930E+02
   0.10546  10    0.20516  34   1.017E+05  7.052E-06  6.500E-02  2.931E+02  2.930E+02
   0.10546  10    0.21147  35   1.017E+05  3.254E-06  6.500E-02  2.931E+02  2.930E+02
   0.10546  10    0.21778  36   1.017E+05  7.173E-07  6.500E-02  2.930E+02  2.930E+02
   0.10546  10    0.22409  37   1.017E+05  9.027E-07  6.500E-02  2.930E+02  2.930E+02
   0.10546  10    0.23041  38   1.016E+05  6.921E-07  6.500E-02  2.930E+02  2.930E+02
   0.10546  10    0.23672  39   1.016E+05  5.845E-07  6.500E-02  2.930E+02  2.930E+02
   0.10546  10    0.24303  40   1.016E+05  4.917E-07  6.500E-02  2.930E+02  2.930E+02
   0.10546  10    0.24934  41   1.016E+05  4.220E-07  6.500E-02  2.930E+02  2.930E+02
   0.10546  10    0.25566  42   1.016E+05  3.692E-07  6.500E-02  2.930E+02  2.930E+02
   0.10546  10    0.26197  43   1.016E+05  3.279E-07  6.500E-02  2.930E+02  2.930E+02
   0.10546  10    0.26828  44   1.016E+05  3.015E-07  6.500E-02  2.930E+02  2.930E+02
   0.10546  10    0.27459  45   1.016E+05  2.450E-07  6.500E-02  2.930E+02  2.930E+02
   0.10546  10    0.28091  46   1.016E+05  2.843E-07  6.500E-02  2.930E+02  2.930E+02
   0.10546  10    0.28722  47   1.016E+05 -3.738E-07  6.500E-02  2.930E+02  2.930E+02
   0.10546  10    0.29353  48   1.016E+05  1.897E-06  6.500E-02  2.930E+02  2.930E+02
   0.10546  10    0.29984  49   1.016E+05  5.083E-06  6.499E-02  2.930E+02  2.930E+02
   0.10546  10    0.30616  50   1.016E+05  1.811E-06  6.499E-02  2.930E+02  2.930E+02
   0.10546  10    0.31247  51   1.015E+05 -2.875E-07  6.500E-02  2.930E+02  2.930E+02
   0.10546  10    0.31878  52   1.015E+05  1.358E-07  6.500E-02  2.930E+02  2.930E+02
   0.10546  10    0.32509  53   1.015E+05  8.906E-08  6.500E-02  2.930E+02  2.930E+02
   0.10546  10    0.33141  54   1.015E+05  9.388E-08  6.500E-02  2.930E+02  2.930E+02
   0.10546  10    0.33772  55   1.015E+05  8.154E-08  6.500E-02  2.930E+02  2.930E+02
   0.10546  10    0.34403  56   1.015E+05  7.032E-08  6.500E-02  2.930E+02  2.930E+02
   0.10546  10    0.35034  57   1.015E+05  6.020E-08  6.500E-02  2.930E+02  2.930E+02
   0.10546  10    0.35666  58   1.015E+05  5.150E-08  6.500E-02  2.930E+02  2.930E+02
   0.10546  10    0.36297  59   1.015E+05  4.345E-08  6.500E-02  2.930E+02  2.930E+02
   0.10546  10    0.36928  60   1.015E+05  3.694E-08  6.500E-02  2.930E+02  2.930E+02
   0.10546  10    0.37559  61   1.015E+05  3.047E-08  6.500E-02  2.930E+02  2.930E+02
   0.10546  10    0.38191  62   1.015E+05  2.474E-08  6.500E-02  2.930E+02  2.930E+02
   0.10546  10    0.38822  63   1.015E+05  2.015E-08  6.500E-02  2.930E+02  2.930E+02
   0.10546  10    0.39453  64   1.015E+05  1.629E-08  6.500E-02  2.930E+02  2.930E+02
   0.10546  10    0.40084  65   1.014E+05  1.321E-08  6.500E-02  2.930E+02  2.930E+02
   0.10546  10    0.40716  66   1.014E+05  1.075E-08  6.500E-02  2.930E+02  2.930E+02
   0.10546  10    0.41347  67   1.014E+05  8.779E-09  6.500E-02  2.930E+02  2.930E+02
   0.10546  10    0.41978  68   1.014E+05  7.147E-09  6.500E-02  2.930E+02  2.930E+02
   0.10546  10    0.42609  69   1.014E+05  5.819E-09  6.500E-02  2.930E+02  2.930E+02
   0.10546  10    0.43241  70   1.014E+05  4.724E-09  6.500E-02  2.930E+02  2.930E+02
   0.10546  10    0.43872  71   1.014E+05  3.826E-09  6.500E-02  2.930E+02  2.930E+02
   0.10546  10    0.44503  72   1.014E+05  3.110E-09  6.500E-02  2.930E+02  2.930E+02
   0.10546  10    0.45134  73   1.014E+05  2.464E-09  6.500E-02  2.930E+02  2.930E+02
   0.10546  10    0.45766  74   1.014E+05  1.963E-09  6.499E-02  2.930E+02  2.930E+02
   0.10546  10    0.46397  75   1.014E+05  1.570E-09  6.499E-02  2.930E+02  2.930E+02
   0.10546  10    0.47028  76   1.014E+05  1.258E-09  6.499E-02  2.930E+02  2.930E+02
   0.10546  10    0.47659  77   1.014E+05  9.990E-10  6.500E-02  2.930E+02  2.930E+02
   0.10546  10    0.48291  78   1.014E+05  7.730E-10  6.500E-02  2.930E+02  2.930E+02
   0.10546  10    0.48922  79   1.013E+05  6.398E-10  6.500E-02  2.930E+02  2.930E+02
   0.10546  10    0.49553  80   1.013E+05  4.742E-10  6.500E-02  2.930E+02  2.930E+02
   0.10546  10    0.50184  81   1.013E+05  3.405E-10  6.500E-02  2.930E+02  2.930E+02
   0.10546  10    0.50500  82   1.013E+05  0.000E+00  6.500E-02  2.930E+02  2.930E+02
   0.11787  11    0.00000   1   1.019E+05  0.000E+00  6.500E-02  2.930E+02  2.930E+02
   0.11787  11    0.00316   2   1.019E+05  1.741E-06  6.502E-02  2.935E+02  2.930E+02
   0.11787  11    0.00947   3   1.019E+05  2.380E-05  6.500E-02  2.947E+02  2.930E+02
   0.11787  11    0.01578   4   1.019E+05  2.232E-06  6.500E-02  2.962E+02  2.930E+02
   0.11787  11    0.02209   5   1.019E+05 -2.527E-07  6.500E-02  2.983E+02  2.930E+02
   0.11787  11    0.02841   6   1.019E+05  2.775E-07  6.500E-02  3.014E+02  2.930E+02
   0.11787  11    0.03472   7   1.019E+05 -2.297E-08  6.500E-02  3.059E+02  2.930E+02
   0.11787  11    0.04103   8   1.019E+05  1.966E-07  6.500E-02  3.123E+02  2.930E+02
   0.11787  11    0.04734   9   1.019E+05 -2.147E-08  6.500E-02  3.211E+02  2.930E+02
   0.11787  11    0.05366  10   1.019E+05  1.937E-07  6.500E-02  3.326E+02  2.930E+02
   0.11787  11    0.05997  11   1.018E+05  1.789E-07  6.500E-02  3.470E+02  2.930E+02
   0.11787  11    0.06628  12   1.018E+05  2.273E-07  6.500E-02  3.640E+02  2.930E+02
   0.11787  11    0.07259  13   1.018E+05  2.503E-07  6.500E-02  3.819E+02  2.930E+02
   0.11787  11    0.07891  14   1.018E+05  2.846E-07  6.500E-02  3.985E+02  2.930E+02
   0.11787  11    0.08522  15   1.018E+05  3.310E-07  6.500E-02  4.104E+02  2.930E+02
   0.11787  11    0.09153  16   1.018E+05  3.760E-07  6.500E-02  4.147E+02  2.930E+02
   0.11787  11    0.09784  17   1.018E+05  4.912E-07  6.500E-02  4.104E+02  2.930E+02
   0.11787  11    0.10416  18   1.018E+05  7.218E-07  6.500E-02  3.985E+02  2.930E+02
   0.11787  11    0.11047  19   1.018E+05  1.553E-06  6.500E-02  3.819E+02  2.930E+02
   0.11787  11    0.11678  20   1.018E+05  1.234E-06  6.500E-02  3.640E+02  2.930E+02
   0.11787  11    0.12309  21   1.018E+05  1.812E-06  6.500E-02  3.471E+02  2.930E+02
   0.11787  11    0.12941  22   1.018E+05  8.085E-07  6.500E-02  3.326E+02  2.930E+02
   0.11787  11    0.13572  23   1.018E+05  2.306E-06  6.501E-02  3.211E+02  2.930E+02
   0.11787  11    0.14203  24   1.017E+05  2.259E-05  6.500E-02  3.123E+02  2.930E+02
   0.11787  11    0.14834  25   1.017E+05  4.281E-06  6.500E-02  3.060E+02  2.930E+02
   0.11787  11    0.15466  26   1.017E+05  2.246E-05  6.500E-02  3.015E+02  2.930E+02
   0.11787  11    0.16097  27   1.017E+05  4.678E-06  6.500E-02  2.984E+02  2.930E+02
   0.11787  11    0.16728  28   1.017E+05  2.340E-05  6.500E-02  2.964E+02  2.930E+02
   0.11787  11    0.17359  29   1.017E+05  3.511E-06  6.500E-02  2.951E+02  2.930E+02
   0.11787  11    0.17991  30   1.017E+05  1.477E-06  6.500E-02  2.942E+02  2.930E+02
   0.11787  11    0.18622  31   1.017E+05  4.003E-06  6.500E-02  2.937E+02  2.930E+02
   0.11787  11    0.19253  32   1.017E+05  2.353E-05  6.500E-02  2.934E+02  2.930E+02
   0.11787  11    0.19884  33   1.017E+05  4.823E-06  6.500E-02  2.932E+02  2.930E+02
   0.11787  11    0.20516  34   1.017E+05  2.279E-05  6.499E-02  2.931E+02  2.930E+02
   0.11787  11    0.21147  35   1.017E+05  2.184E-06  6.499E-02  2.931E+02  2.930E+02
   0.11787  11    0.21778  36   1.017E+05 -5.197E-08  6.499E-02  2.930E+02  2.930E+02
   0.11787  11    0.22409  37   1.017E+05  3.200E-07  6.500E-02  2.930E+02  2.930E+02
   0.11787  11    0.23041  38   1.016E+05  2.430E-07  6.500E-02  2.930E+02  2.930E+02
   0.11787  11    0.23672  39   1.016E+05  2.238E-07  6.500E-02  2.930E+02  2.930E+02
   0.11787  11    0.24303  40   1.016E+05  1.950E-07  6.500E-02  2.930E+02  2.930E+02
   0.11787  11    0.24934  41   1.016E+05  1.733E-07  6.500E-02  2.930E+02  2.930E+02
   0.11787  11    0.25566  42   1.016E+05  1.588E-07  6.500E-02  2.930E+02  2.930E+02
   0.11787  11    0.26197  43   1.016E+05  1.534E-07  6.500E-02  2.930E+02  2.930E+02
   0.11787  11    0.26828  44   1.016E+05  1.615E-07  6.500E-02  2.930E+02  2.930E+02
   0.11787  11    0.27459  45   1.016E+05  1.843E-07  6.500E-02  2.930E+02  2.930E+02
   0.11787  11    0.28091  46   1.016E+05  2.465E-07  6.500E-02  2.930E+02  2.930E+02
   0.11787  11    0.28722  47   1.016E+05  3.213E-07  6.500E-02  2.930E+02  2.930E+02
   0.11787  11    0.29353  48   1.016E+05  5.944E-07  6.500E-02  2.930E+02  2.930E+02
   0.11787  11    0.29984  49   1.016E+05  7.585E-07  6.499E-02  2.930E+02  2.930E+02
   0.11787  11    0.30616  50   1.016E+05  4.911E-07  6.499E-02  2.930E+02  2.930E+02
   0.11787  11    0.31247  51   1.015E+05  2.303E-07  6.499E-02  2.930E+02  2.930E+02
   0.11787  11    0.31878  52   1.015E+05  1.548E-07  6.500E-02  2.930E+02  2.930E+02
   0.11787  11    0.32509  53   1.015E+05  9.533E-08  6.500E-02  2.930E+02  2.930E+02
   0.11787  11    0.33141  54   1.015E+05  6.592E-08  6.500E-02  2.930E+02  2.930E+02
   0.11787  11    0.33772  55   1.015E+05  4.723E-08  6.500E-02  2.930E+02  2.930E+02
   0.11787  11    0.34403  56   1.015E+05  3.562E-08  6.500E-02  2.930E+02  2.930E+02
   0.11787  11    0.35034  57   1.015E+05  2.788E-08  6.500E-02  2.930E+02  2.930E+02
   0.11787  11    0.35666  58   1.015E+05  2.239E-08  6.500E-02  2.930E+02  2.930E+02
   0.11787  11    0.36297  59   1.015E+05  1.819E-08  6.500E-02  2.930E+02  2.930E+02
   0.11787  11    0.36928  60   1.015E+05  1.512E-08  6.500E-02  2.930E+02  2.930E+02
   0.11787  11    0.37559  61   1.015E+05  1.248E-08  6.500E-02  2.930E+02  2.930E+02
   0.11787  11    0.38191  62   1.015E+05  1.016E-08  6.500E-02  2.930E+02  2.930E+02
   0.11787  11    0.38822  63   1.015E+05  8.285E-09  6.500E-02  2.930E+02  2.930E+02
   0.11787  11    0.39453  64   1.015E+05  6.703E-09  6.500E-02  2.930E+02  2.930E+02
   0.11787  11    0.40084  65   1.014E+05  5.418E-09  6.500E-02  2.930E+02  2.930E+02
   0.11787  11    0.40716  66   1.014E+05  4.401E-09  6.500E-02  2.930E+02  2.930E+02
   0.11787  11    0.41347  67   1.014E+05  3.584E-09  6.500E-02  2.930E+02  2.930E+02
   0.11787  11    0.41978  68   1.014E+05  2.911E-09  6.500E-02  2.930E+02  2.930E+02
   0.11787  11    0.42609  69   1.014E+05  2.357E-09  6.500E-02  2.930E+02  2.930E+02
   0.11787  11    0.43241  70   1.014E+05  1.863E-09  6.500E-02  2.930E+02  2.930E+02
   0.11787  11    0.43872  71   1.014E+05  1.511E-09  6.500E-02  2.930E+02  2.930E+02
   0.11787  11    0.44503  72   1.014E+05  1.260E-09  6.500E-02  2.930E+02  2.930E+02
   0.11787  11    0.45134  73   1.014E+05  9.775E-10  6.500E-02  2.930E+02  2.930E+02
   0.11787  11    0.45766  74   1.014E+05  7.837E-10  6.499E-02  2.930E+02  2.930E+02
   0.11787  11    0.46397  75   1.014E+05  6.439E-10  6.499E-02  2.930E+02  2.930E+02
   0.11787  11    0.47028  76   1.014E+05  5.275E-10  6.499E-02  2.930E+02  2.930E+02
   0.11787  11    0.47659  77   1.014E+05  4.185E-10  6.500E-02  2.930E+02  2.930E+02
   0.11787  11    0.48291  78   1.014E+05  3.065E-10  6.500E-02  2.930E+02  2.930E+02
   0.11787  11    0.48922  79   1.013E+05  2.621E-10  6.500E-02  2.930E+02  2.930E+02
   0.11787  11    0.49553  80   1.013E+05  1.897E-10  6.500E-02  2.930E+02  2.930E+02
   0.11787  11    0.50184  81   1.013E+05  1.089E-10  6.500E-02  2.930E+02  2.930E+02
   0.11787  11    0.50500  82   1.013E+05  0.000E+00  6.500E-02  2.930E+02  2.930E+02
   0.12407  12    0.00000   1   1.019E+05  0.000E+00  6.500E-02  2.930E+02  2.930E+02
   0.12407  12    0.00316   2   1.019E+05  1.741E-06  6.502E-02  2.935E+02  2.930E+02
   0.12407  12    0.00947   3   1.019E+05  2.380E-05  6.500E-02  2.947E+02  2.930E+02
   0.12407  12    0.01578   4   1.019E+05  2.232E-06  6.500E-02  2.962E+02  2.930E+02
   0.12407  12    0.02209   5   1.019E+05 -2.527E-07  6.500E-02  2.983E+02  2.930E+02
   0.12407  12    0.02841   6   1.019E+05  2.775E-07  6.500E-02  3.014E+02  2.930E+02
   0.12407  12    0.03472   7   1.019E+05 -2.297E-08  6.500E-02  3.059E+02  2.930E+02
   0.12407  12    0.04103   8   1.019E+05  1.966E-07  6.500E-02  3.123E+02  2.930E+02
   0.12407  12    0.04734   9   1.019E+05 -2.147E-08  6.500E-02  3.211E+02  2.930E+02
   0.12407  12    0.05366  10   1.019E+05  1.937E-07  6.500E-02  3.326E+02  2.930E+02
   0.12407  12    0.05997  11   1.018E+05  1.789E-07  6.500E-02  3.470E+02  2.930E+02
   0.12407  12    0.06628  12   1.018E+05  2.273E-07  6.500E-02  3.640E+02  2.930E+02
   0.12407  12    0.07259  13   1.018E+05  2.503E-07  6.500E-02  3.819E+02  2.930E+02
   0.12407  12    0.07891  14   1.018E+05  2.846E-07  6.500E-02  3.985E+02  2.930E+02
   0.12407  12    0.08522  15   1.018E+05  3.310E-07  6.500E-02  4.104E+02  2.930E+02
   0.12407  12    0.09153  16   1.018E+05  3.760E-07  6.500E-02  4.147E+02  2.930E+02
   0.12407  12    0.09784  17   1.018E+05  4.912E-07  6.500E-02  4.104E+02  2.930E+02
   0.12407  12    0.10416  18   1.018E+05  7.218E-07  6.500E-02  3.985E+02  2.930E+02
   0.12407  12    0.11047  19   1.018E+05  1.553E-06  6.500E-02  3.819E+02  2.930E+02
   0.12407  12    0.11678  20   1.018E+05  1.234E-06  6.500E-02  3.640E+02  2.930E+02
   0.12407  12    0.12309  21   1.018E+05  1.812E-06  6.500E-02  3.471E+02  2.930E+02
   0.12407  12    0.12941  22   1.018E+05  8.085E-07  6.500E-02  3.326E+02  2.930E+02
   0.12407  12    0.13572  23   1.018E+05  2.306E-06  6.501E-02  3.211E+02  2.930E+02
   0.12407  12    0.14203  24   1.017E+05  2.259E-05  6.500E-02  3.123E+02  2.930E+02
   0.12407  12    0.14834  25   1.017E+05  4.281E-06  6.500E-02  3.060E+02  2.930E+02
   0.12407  12    0.15466  26   1.017E+05  2.246E-05  6.500E-02  3.015E+02  2.930E+02
   0.12407  12    0.16097  27   1.017E+05  4.678E-06  6.500E-02  2.984E+02  2.930E+02
   0.12407  12    0.16728  28   1.017E+05  2.340E-05  6.500E-02  2.964E+02  2.930E+02
   0.12407  12    0.17359  29   1.017E+05  3.511E-06  6.500E-02  2.951E+02  2.930E+02
   0.12407  12    0.17991  30   1.017E+05  1.477E-06  6.500E-02  2.942E+02  2.930E+02
   0.12407  12    0.18622  31   1.017E+05  4.003E-06  6.500E-02  2.937E+02  2.930E+02
   0.12407  12    0.19253  32   1.017E+05  2.353E-05  6.500E-02  2.934E+02  2.930E+02
   0.12407  12    0.19884  33   1.017E+05  4.823E-06  6.500E-02  2.932E+02  2.930E+02
   0.12407  12    0.20516  34   1.017E+05  2.279E-05  6.499E-02  2.931E+02  2.930E+02
   0.12407  12    0.21147  35   1.017E+05  2.184E-06  6.499E-02  2.931E+02  2.930E+02
   0.12407  12    0.21778  36   1.017E+05 -5.197E-08  6.499E-02  2.930E+02  2.930E+02
   0.12407  12    0.22409  37   1.017E+05  3.200E-07  6.500E-02  2.930E+02  2.930E+02
   0.12407  12    0.23041  38   1.016E+05  2.430E-07  6.500E-02  2.930E+02  2.930E+02
   0.12407  12    0.23672  39   1.016E+05  2.238E-07  6.500E-02  2.930E+02  2.930E+02
   0.12407  12    0.24303  40   1.016E+05  1.950E-07  6.500E-02  2.930E+02  2.930E+02
   0.12407  12    0.24934  41   1.016E+05  1.733E-07  6.500E-02  2.930E+02  2.930E+02
   0.12407  12    0.25566  42   1.016E+05  1.588E-07  6.500E-02  2.930E+02  2.930E+02
   0.12407  12    0.26197  43   1.016E+05  1.534E-07  6.500E-02  2.930E+02  2.930E+02
   0.12407  12    0.26828  44   1.016E+05  1.615E-07  6.500E-02  2.930E+02  2.930E+02
   0.12407  12    0.27459  45   1.016E+05  1.843E-07  6.500E-02  2.930E+02  2.930E+02
   0.12407  12    0.28091  46   1.016E+05  2.465E-07  6.500E-02  2.930E+02  2.930E+02
   0.12407  12    0.28722  47   1.016E+05  3.213E-07  6.500E-02  2.930E+02  2.930E+02
   0.12407  12    0.29353  48   1.016E+05  5.944E-07  6.500E-02  2.930E+02  2.930E+02
   0.12407  12    0.29984  49   1.016E+05  7.585E-07  6.499E-02  2.930E+02  2.930E+02
   0.12407  12    0.30616  50   1.016E+05  4.911E-07  6.499E-02  2.930E+02  2.930E+02
   0.12407  12    0.31247  51   1.015E+05  2.303E-07  6.499E-02  2.930E+02  2.930E+02
   0.12407  12    0.31878  52   1.015E+05  1.548E-07  6.500E-02  2.930E+02  2.930E+02
   0.12407  12    0.32509  53   1.015E+05  9.533E-08  6.500E-02  2.930E+02  2.930E+02
   0.12407  12    0.33141  54   1.015E+05  6.592E-08  6.500E-02  2.930E+02  2.930E+02
   0.12407  12    0.33772  55   1.015E+05  4.723E-08  6.500E-02  2.930E+02  2.930E+02
   0.12407  12    0.34403  56   1.015E+05  3.562E-08  6.500E-02  2.930E+02  2.930E+02
   0.12407  12    0.35034  57   1.015E+05  2.788E-08  6.500E-02  2.930E+02  2.930E+02
   0.12407  12    0.35666  58   1.015E+05  2.239E-08  6.500E-02  2.930E+02  2.930E+02
   0.12407  12    0.36297  59   1.015E+05  1.819E-08  6.500E-02  2.930E+02  2.930E+02
   0.12407  12    0.36928  60   1.015E+05  1.512E-08  6.500E-02  2.930E+02  2.930E+02
   0.12407  12    0.37559  61   1.015E+05  1.248E-08  6.500E-02  2.930E+02  2.930E+02
   0.12407  12    0.38191  62   1.015E+05  1.016E-08  6.500E-02  2.930E+02  2.930E+02
   0.12407  12    0.38822  63   1.015E+05  8.285E-09  6.500E-02  2.930E+02  2.930E+02
   0.12407  12    0.39453  64   1.015E+05  6.703E-09  6.500E-02  2.930E+02  2.930E+02
   0.12407  12    0.40084  65   1.014E+05  5.418E-09  6.500E-02  2.930E+02  2.930E+02
   0.12407  12    0.40716  66   1.014E+05  4.401E-09  6.500E-02  2.930E+02  2.930E+02
   0.12407  12    0.41347  67   1.014E+05  3.584E-09  6.500E-02  2.930E+02  2.930E+02
   0.12407  12    0.41978  68   1.014E+05  2.911E-09  6.500E-02  2.930E+02  2.930E+02
   0.12407  12    0.42609  69   1.014E+05  2.357E-09  6.500E-02  2.930E+02  2.930E+02
   0.12407  12    0.43241  70   1.014E+05  1.863E-09  6.500E-02  2.930E+02  2.930E+02
   0.12407  12    0.43872  71   1.014E+05  1.511E-09  6.500E-02  2.930E+02  2.930E+02
   0.12407  12    0.44503  72   1.014E+05  1.260E-09  6.500E-02  2.930E+02  2.930E+02
   0.12407  12    0.45134  73   1.014E+05  9.775E-10  6.500E-02  2.930E+02  2.930E+02
   0.12407  12    0.45766  74   1.014E+05  7.837E-10  6.499E-02  2.930E+02  2.930E+02
   0.12407  12    0.46397  75   1.014E+05  6.439E-10  6.499E-02  2.930E+02  2.930E+02
   0.12407  12    0.47028  76   1.014E+05  5.275E-10  6.499E-02  2.930E+02  2.930E+02
   0.12407  12    0.47659  77   1.014E+05  4.185E-10  6.500E-02  2.930E+02  2.930E+02
   0.12407  12    0.48291  78   1.014E+05  3.065E-10  6.500E-02  2.930E+02  2.930E+02
   0.12407  12    0.48922  79   1.013E+05  2.621E-10  6.500E-02  2.930E+02  2.930E+02
   0.12407  12    0.49553  80   1.013E+05  1.897E-10  6.500E-02  2.930E+02  2.930E+02
   0.12407  12    0.50184  81   1.013E+05  1.089E-10  6.500E-02  2.930E+02  2.930E+02
   0.12407  12    0.50500  82   1.013E+05  0.000E+00  6.500E-02  2.930E+02  2.930E+02
