# xp i yp j p u v ts tf
   0.00000   1    0.00000   1   1.013E+05 -9.242E-08 -5.800E-04  2.930E+02  9.215E+02
   0.00000   1    0.00316   2   1.013E+05 -9.242E-08 -5.800E-04  2.930E+02  9.215E+02
   0.00000   1    0.00947   3   1.013E+05 -9.934E-08  1.342E-04  2.930E+02  2.116E+03
   0.00000   1    0.01578   4   1.013E+05 -1.103E-07  2.459E-04  2.930E+02  3.185E+03
   0.00000   1    0.02209   5   1.013E+05 -1.244E-07  2.655E-04  2.930E+02  4.106E+03
   0.00000   1    0.02841   6   1.013E+05 -1.359E-07  2.431E-04  2.930E+02  4.872E+03
   0.00000   1    0.03472   7   1.013E+05 -1.253E-07  1.758E-04  2.930E+02  5.496E+03
   0.00000   1    0.04103   8   1.013E+05 -1.167E-07  8.147E-05  2.930E+02  6.004E+03
   0.00000   1    0.04734   9   1.013E+05  9.148E-08 -2.453E-05  2.931E+02  6.423E+03
   0.00000   1    0.05366  10   1.013E+05 -1.004E-07 -1.516E-04  2.932E+02  6.783E+03
   0.00000   1    0.05997  11   1.013E+05 -8.444E-08 -3.019E-04  2.937E+02  7.101E+03
   0.00000   1    0.06628  12   1.013E+05 -8.810E-08 -4.691E-04  2.952E+02  7.392E+03
   0.00000   1    0.07259  13   1.013E+05 -7.567E-08 -6.536E-04  2.993E+02  7.667E+03
   0.00000   1    0.07891  14   1.013E+05 -6.298E-08 -8.435E-04  3.095E+02  7.936E+03
   0.00000   1    0.08522  15   1.013E+05 -5.104E-08 -1.094E-03  3.314E+02  8.217E+03
   0.00000   1    0.09153  16   1.013E+05 -3.845E-08  9.179E-04  3.711E+02  8.549E+03
   0.00000   1    0.09784  17   1.013E+05 -2.656E-08  5.734E-04  3.314E+02  8.038E+03
   0.00000   1    0.10416  18   1.013E+05 -1.802E-08  1.237E-03  3.095E+02  7.665E+03
   0.00000   1    0.11047  19   1.013E+05 -1.085E-08  1.728E-03  2.993E+02  7.337E+03
   0.00000   1    0.11678  20   1.013E+05 -5.363E-09  2.040E-03  2.952E+02  7.021E+03
   0.00000   1    0.12309  21   1.013E+05 -1.368E-09  2.210E-03  2.937E+02  6.700E+03
   0.00000   1    0.12941  22   1.013E+05  1.360E-09  2.275E-03  2.932E+02  6.370E+03
   0.00000   1    0.13572  23   1.013E+05  3.097E-09  2.262E-03  2.931E+02  6.030E+03
   0.00000   1    0.14203  24   1.013E+05  4.091E-09  2.183E-03  2.930E+02  5.680E+03
   0.00000   1    0.14834  25   1.013E+05  4.544E-09  2.056E-03  2.930E+02  5.324E+03
   0.00000   1    0.15466  26   1.013E+05  4.620E-09  1.895E-03  2.930E+02  4.967E+03
   0.00000   1    0.16097  27   1.013E+05  4.440E-09  1.720E-03  2.930E+02  4.615E+03
   0.00000   1    0.16728  28   1.013E+05  4.111E-09  1.558E-03  2.930E+02  4.274E+03
   0.00000   1    0.17359  29   1.013E+05  3.733E-09  1.408E-03  2.930E+02  3.950E+03
   0.00000   1    0.17991  30   1.013E+05  3.341E-09  1.252E-03  2.930E+02  3.643E+03
   0.00000   1    0.18622  31   1.013E+05  2.939E-09  1.104E-03  2.930E+02  3.357E+03
   0.00000   1    0.19253  32   1.013E+05  2.561E-09  9.806E-04  2.930E+02  3.095E+03
   0.00000   1    0.19884  33   1.013E+05  2.228E-09  8.677E-04  2.930E+02  2.856E+03
   0.00000   1    0.20516  34   1.013E+05  1.930E-09  7.564E-04  2.930E+02  2.639E+03
   0.00000   1    0.21147  35   1.013E+05  1.659E-09  6.581E-04  2.930E+02  2.446E+03
   0.00000   1    0.21778  36   1.013E+05  1.425E-09  5.765E-04  2.930E+02  2.274E+03
   0.00000   1    0.22409  37   1.013E+05  1.230E-09  5.028E-04  2.930E+02  2.122E+03
   0.00000   1    0.23041  38   1.013E+05  1.062E-09  4.357E-04  2.930E+02  1.989E+03
   0.00000   1    0.23672  39   1.013E+05  9.217E-10  3.809E-04  2.930E+02  1.872E+03
   0.00000   1    0.24303  40   1.013E+05  8.052E-10  3.303E-04  2.930E+02  1.771E+03
   0.00000   1    0.24934  41   1.013E+05  7.018E-10  2.826E-04  2.930E+02  1.683E+03
   0.00000   1    0.25566  42   1.013E+05  6.064E-10  2.428E-04  2.930E+02  1.607E+03
   0.00000   1    0.26197  43   1.013E+05  5.258E-10  2.102E-04  2.930E+02  1.541E+03
   0.00000   1    0.26828  44   1.013E+05  4.563E-10  1.779E-04  2.930E+02  1.485E+03
   0.00000   1    0.27459  45   1.013E+05  3.860E-10  1.438E-04  2.930E+02  1.437E+03
   0.00000   1    0.28091  46   1.013E+05  3.156E-10  1.204E-04  2.930E+02  1.396E+03
   0.00000   1    0.28722  47   1.013E+05  2.587E-10  1.058E-04  2.930E+02  1.361E+03
   0.00000   1    0.29353  48   1.013E+05  2.198E-10  9.438E-05  2.930E+02  1.331E+03
   0.00000   1    0.29984  49   1.013E+05  1.946E-10  8.036E-05  2.930E+02  1.306E+03
   0.00000   1    0.30616  50   1.013E+05  1.670E-10  6.205E-05  2.930E+02  1.285E+03
   0.00000   1    0.31247  51   1.013E+05  1.406E-10  5.311E-05  2.930E+02  1.267E+03
   0.00000   1    0.31878  52   1.013E+05  1.246E-10  4.562E-05  2.930E+02  1.252E+03
   0.00000   1    0.32509  53   1.013E+05  1.109E-10  3.304E-05  2.930E+02  1.240E+03
   0.00000   1    0.33141  54   1.013E+05  9.498E-11  2.291E-05  2.930E+02  1.230E+03
   0.00000   1    0.33772  55   1.013E+05  7.558E-11  1.245E-05  2.930E+02  1.221E+03
   0.00000   1    0.34403  56   1.013E+05  5.908E-11  9.227E-06  2.930E+02  1.214E+03
   0.00000   1    0.35034  57   1.013E+05  5.274E-11  6.812E-06  2.930E+02  1.208E+03
   0.00000   1    0.35666  58   1.013E+05  4.505E-11 -2.652E-06  2.930E+02  1.204E+03
   0.00000   1    0.36297  59   1.013E+05  3.459E-11 -4.225E-06  2.930E+02  1.200E+03
   0.00000   1    0.36928  60   1.013E+05  3.265E-11 -5.339E-06  2.930E+02  1.197E+03
   0.00000   1    0.37559  61   1.013E+05  2.287E-11 -1.464E-05  2.930E+02  1.194E+03
   0.00000   1    0.38191  62   1.013E+05  8.199E-12 -1.111E-05  2.930E+02  1.192E+03
   0.00000   1    0.38822  63   1.013E+05  1.557E-11 -1.452E-07  2.930E+02  1.191E+03
   0.00000   1    0.39453  64   1.013E+05  3.029E-11 -8.296E-06  2.930E+02  1.190E+03
   0.00000   1    0.40084  65   1.013E+05  2.343E-11 -2.165E-05  2.930E+02  1.189E+03
   0.00000   1    0.40716  66   1.013E+05  6.040E-12 -2.237E-05  2.930E+02  1.189E+03
   0.00000   1    0.41347  67   1.013E+05 -4.122E-12 -1.890E-05  2.930E+02  1.188E+03
   0.00000   1    0.41978  68   1.013E+05 -7.308E-12 -1.623E-05  2.930E+02  1.188E+03
   0.00000   1    0.42609  69   1.013E+05 -6.410E-12 -1.369E-05  2.930E+02  1.188E+03
   0.00000   1    0.43241  70   1.013E+05  1.292E-13 -1.043E-05  2.930E+02  1.188E+03
   0.00000   1    0.43872  71   1.013E+05  1.017E-11 -1.250E-05  2.930E+02  1.188E+03
   0.00000   1    0.44503  72   1.013E+05  5.664E-12 -2.223E-05  2.930E+02  1.188E+03
   0.00000   1    0.45134  73   1.013E+05 -8.027E-12 -1.946E-05  2.930E+02  1.189E+03
   0.00000   1    0.45766  74   1.013E+05 -6.072E-12 -1.025E-05  2.930E+02  1.189E+03
   0.00000   1    0.46397  75   1.013E+05 -3.870E-12 -1.612E-05  2.930E+02  1.189E+03
   0.00000   1    0.47028  76   1.013E+05 -1.131E-11 -1.468E-05  2.930E+02  1.189E+03
   0.00000   1    0.47659  77   1.013E+05 -6.140E-12 -6.106E-06  2.930E+02  1.189E+03
   0.00000   1    0.48291  78   1.013E+05  8.527E-13 -1.181E-05  2.930E+02  1.189E+03
   0.00000   1    0.48922  79   1.013E+05 -3.741E-12 -1.600E-05  2.930E+02  1.190E+03
   0.00000   1    0.49553  80   1.013E+05 -1.631E-11 -1.685E-05  2.930E+02  1.190E+03
   0.00000   1    0.50184  81   1.013E+05 -2.177E-11 -3.576E-06  2.930E+02  1.190E+03
   0.00000   1    0.50500  82   1.013E+05 -2.177E-11 -3.576E-06  2.930E+02  1.190E+03
   0.00620   2    0.00000   1   1.013E+05  0.000E+00  0.000E+00  2.930E+02  2.930E+02
   0.00620   2    0.00316   2   1.013E+05 -9.242E-08 -5.800E-04  2.930E+02  9.215E+02
   0.00620   2    0.00947   3   1.013E+05 -9.934E-08  1.342E-04  2.930E+02  2.116E+03
   0.00620   2    0.01578   4   1.013E+05 -1.103E-07  2.459E-04  2.930E+02  3.185E+03
   0.00620   2    0.02209   5   1.013E+05 -1.244E-07  2.655E-04  2.930E+02  4.106E+03
   0.00620   2    0.02841   6   1.013E+05 -1.359E-07  2.431E-04  2.930E+02  4.872E+03
   0.00620   2    0.03472   7   1.013E+05 -1.253E-07  1.758E-04  2.930E+02  5.496E+03
   0.00620   2    0.04103   8   1.013E+05 -1.167E-07  8.147E-05  2.930E+02  6.004E+03
   0.00620   2    0.04734   9   1.013E+05  9.148E-08 -2.453E-05  2.931E+02  6.423E+03
   0.00620   2    0.05366  10   1.013E+05 -1.004E-07 -1.516E-04  2.932E+02  6.783E+03
   0.00620   2    0.05997  11   1.013E+05 -8.444E-08 -3.019E-04  2.937E+02  7.101E+03
   0.00620   2    0.06628  12   1.013E+05 -8.810E-08 -4.691E-04  2.952E+02  7.392E+03
   0.00620   2    0.07259  13   1.013E+05 -7.567E-08 -6.536E-04  2.993E+02  7.667E+03
   0.00620   2    0.07891  14   1.013E+05 -6.298E-08 -8.435E-04  3.095E+02  7.936E+03
   0.00620   2    0.08522  15   1.013E+05 -5.104E-08 -1.094E-03  3.314E+02  8.217E+03
   0.00620   2    0.09153  16   1.013E+05 -3.845E-08  9.179E-04  3.711E+02  8.549E+03
   0.00620   2    0.09784  17   1.013E+05 -2.656E-08  5.734E-04  3.314E+02  8.038E+03
   0.00620   2    0.10416  18   1.013E+05 -1.802E-08  1.237E-03  3.095E+02  7.665E+03
   0.00620   2    0.11047  19   1.013E+05 -1.085E-08  1.728E-03  2.993E+02  7.337E+03
   0.00620   2    0.11678  20   1.013E+05 -5.363E-09  2.040E-03  2.952E+02  7.021E+03
   0.00620   2    0.12309  21   1.013E+05 -1.368E-09  2.210E-03  2.937E+02  6.700E+03
   0.00620   2    0.12941  22   1.013E+05  1.360E-09  2.275E-03  2.932E+02  6.370E+03
   0.00620   2    0.13572  23   1.013E+05  3.097E-09  2.262E-03  2.931E+02  6.030E+03
   0.00620   2    0.14203  24   1.013E+05  4.091E-09  2.183E-03  2.930E+02  5.680E+03
   0.00620   2    0.14834  25   1.013E+05  4.544E-09  2.056E-03  2.930E+02  5.324E+03
   0.00620   2    0.15466  26   1.013E+05  4.620E-09  1.895E-03  2.930E+02  4.967E+03
   0.00620   2    0.16097  27   1.013E+05  4.440E-09  1.720E-03  2.930E+02  4.615E+03
   0.00620   2    0.16728  28   1.013E+05  4.111E-09  1.558E-03  2.930E+02  4.274E+03
   0.00620   2    0.17359  29   1.013E+05  3.733E-09  1.408E-03  2.930E+02  3.950E+03
   0.00620   2    0.17991  30   1.013E+05  3.341E-09  1.252E-03  2.930E+02  3.643E+03
   0.00620   2    0.18622  31   1.013E+05  2.939E-09  1.104E-03  2.930E+02  3.357E+03
   0.00620   2    0.19253  32   1.013E+05  2.561E-09  9.806E-04  2.930E+02  3.095E+03
   0.00620   2    0.19884  33   1.013E+05  2.228E-09  8.677E-04  2.930E+02  2.856E+03
   0.00620   2    0.20516  34   1.013E+05  1.930E-09  7.564E-04  2.930E+02  2.639E+03
   0.00620   2    0.21147  35   1.013E+05  1.659E-09  6.581E-04  2.930E+02  2.446E+03
   0.00620   2    0.21778  36   1.013E+05  1.425E-09  5.765E-04  2.930E+02  2.274E+03
   0.00620   2    0.22409  37   1.013E+05  1.230E-09  5.028E-04  2.930E+02  2.122E+03
   0.00620   2    0.23041  38   1.013E+05  1.062E-09  4.357E-04  2.930E+02  1.989E+03
   0.00620   2    0.23672  39   1.013E+05  9.217E-10  3.809E-04  2.930E+02  1.872E+03
   0.00620   2    0.24303  40   1.013E+05  8.052E-10  3.303E-04  2.930E+02  1.771E+03
   0.00620   2    0.24934  41   1.013E+05  7.018E-10  2.826E-04  2.930E+02  1.683E+03
   0.00620   2    0.25566  42   1.013E+05  6.064E-10  2.428E-04  2.930E+02  1.607E+03
   0.00620   2    0.26197  43   1.013E+05  5.258E-10  2.102E-04  2.930E+02  1.541E+03
   0.00620   2    0.26828  44   1.013E+05  4.563E-10  1.779E-04  2.930E+02  1.485E+03
   0.00620   2    0.27459  45   1.013E+05  3.860E-10  1.438E-04  2.930E+02  1.437E+03
   0.00620   2    0.28091  46   1.013E+05  3.156E-10  1.204E-04  2.930E+02  1.396E+03
   0.00620   2    0.28722  47   1.013E+05  2.587E-10  1.058E-04  2.930E+02  1.361E+03
   0.00620   2    0.29353  48   1.013E+05  2.198E-10  9.438E-05  2.930E+02  1.331E+03
   0.00620   2    0.29984  49   1.013E+05  1.946E-10  8.036E-05  2.930E+02  1.306E+03
   0.00620   2    0.30616  50   1.013E+05  1.670E-10  6.205E-05  2.930E+02  1.285E+03
   0.00620   2    0.31247  51   1.013E+05  1.406E-10  5.311E-05  2.930E+02  1.267E+03
   0.00620   2    0.31878  52   1.013E+05  1.246E-10  4.562E-05  2.930E+02  1.252E+03
   0.00620   2    0.32509  53   1.013E+05  1.109E-10  3.304E-05  2.930E+02  1.240E+03
   0.00620   2    0.33141  54   1.013E+05  9.498E-11  2.291E-05  2.930E+02  1.230E+03
   0.00620   2    0.33772  55   1.013E+05  7.558E-11  1.245E-05  2.930E+02  1.221E+03
   0.00620   2    0.34403  56   1.013E+05  5.908E-11  9.227E-06  2.930E+02  1.214E+03
   0.00620   2    0.35034  57   1.013E+05  5.274E-11  6.812E-06  2.930E+02  1.208E+03
   0.00620   2    0.35666  58   1.013E+05  4.505E-11 -2.652E-06  2.930E+02  1.204E+03
   0.00620   2    0.36297  59   1.013E+05  3.459E-11 -4.225E-06  2.930E+02  1.200E+03
   0.00620   2    0.36928  60   1.013E+05  3.265E-11 -5.339E-06  2.930E+02  1.197E+03
   0.00620   2    0.37559  61   1.013E+05  2.287E-11 -1.464E-05  2.930E+02  1.194E+03
   0.00620   2    0.38191  62   1.013E+05  8.199E-12 -1.111E-05  2.930E+02  1.192E+03
   0.00620   2    0.38822  63   1.013E+05  1.557E-11 -1.452E-07  2.930E+02  1.191E+03
   0.00620   2    0.39453  64   1.013E+05  3.029E-11 -8.296E-06  2.930E+02  1.190E+03
   0.00620   2    0.40084  65   1.013E+05  2.343E-11 -2.165E-05  2.930E+02  1.189E+03
   0.00620   2    0.40716  66   1.013E+05  6.040E-12 -2.237E-05  2.930E+02  1.189E+03
   0.00620   2    0.41347  67   1.013E+05 -4.122E-12 -1.890E-05  2.930E+02  1.188E+03
   0.00620   2    0.41978  68   1.013E+05 -7.308E-12 -1.623E-05  2.930E+02  1.188E+03
   0.00620   2    0.42609  69   1.013E+05 -6.410E-12 -1.369E-05  2.930E+02  1.188E+03
   0.00620   2    0.43241  70   1.013E+05  1.292E-13 -1.043E-05  2.930E+02  1.188E+03
   0.00620   2    0.43872  71   1.013E+05  1.017E-11 -1.250E-05  2.930E+02  1.188E+03
   0.00620   2    0.44503  72   1.013E+05  5.664E-12 -2.223E-05  2.930E+02  1.188E+03
   0.00620   2    0.45134  73   1.013E+05 -8.027E-12 -1.946E-05  2.930E+02  1.189E+03
   0.00620   2    0.45766  74   1.013E+05 -6.072E-12 -1.025E-05  2.930E+02  1.189E+03
   0.00620   2    0.46397  75   1.013E+05 -3.870E-12 -1.612E-05  2.930E+02  1.189E+03
   0.00620   2    0.47028  76   1.013E+05 -1.131E-11 -1.468E-05  2.930E+02  1.189E+03
   0.00620   2    0.47659  77   1.013E+05 -6.140E-12 -6.106E-06  2.930E+02  1.189E+03
   0.00620   2    0.48291  78   1.013E+05  8.527E-13 -1.181E-05  2.930E+02  1.189E+03
   0.00620   2    0.48922  79   1.013E+05 -3.741E-12 -1.600E-05  2.930E+02  1.190E+03
   0.00620   2    0.49553  80   1.013E+05 -1.631E-11 -1.685E-05  2.930E+02  1.190E+03
   0.00620   2    0.50184  81   1.013E+05 -2.177E-11 -3.576E-06  2.930E+02  1.190E+03
   0.00620   2    0.50500  82   1.013E+05  0.000E+00 -3.576E-06  2.930E+02  1.190E+03
   0.01861   3    0.00000   1   1.013E+05  0.000E+00  0.000E+00  2.930E+02  2.930E+02
   0.01861   3    0.00316   2   1.013E+05 -1.989E-07 -5.800E-04  2.930E+02  9.215E+02
   0.01861   3    0.00947   3   1.013E+05 -2.130E-07  1.342E-04  2.930E+02  2.116E+03
   0.01861   3    0.01578   4   1.013E+05 -2.372E-07  2.459E-04  2.930E+02  3.185E+03
   0.01861   3    0.02209   5   1.013E+05 -2.727E-07  2.655E-04  2.930E+02  4.106E+03
   0.01861   3    0.02841   6   1.013E+05 -3.091E-07  2.431E-04  2.930E+02  4.872E+03
   0.01861   3    0.03472   7   1.013E+05 -3.169E-07  1.758E-04  2.930E+02  5.496E+03
   0.01861   3    0.04103   8   1.013E+05 -3.250E-07  8.189E-05  2.930E+02  6.004E+03
   0.01861   3    0.04734   9   1.013E+05 -1.060E-07 -2.452E-05  2.931E+02  6.423E+03
   0.01861   3    0.05366  10   1.013E+05 -2.918E-07 -1.520E-04  2.932E+02  6.783E+03
   0.01861   3    0.05997  11   1.013E+05 -2.444E-07 -3.019E-04  2.937E+02  7.101E+03
   0.01861   3    0.06628  12   1.013E+05 -2.213E-07 -4.691E-04  2.952E+02  7.392E+03
   0.01861   3    0.07259  13   1.013E+05 -1.827E-07 -6.536E-04  2.993E+02  7.667E+03
   0.01861   3    0.07891  14   1.013E+05 -1.473E-07 -8.435E-04  3.095E+02  7.936E+03
   0.01861   3    0.08522  15   1.013E+05 -1.154E-07 -1.094E-03  3.314E+02  8.217E+03
   0.01861   3    0.09153  16   1.013E+05 -8.499E-08  9.179E-04  3.711E+02  8.549E+03
   0.01861   3    0.09784  17   1.013E+05 -5.811E-08  5.734E-04  3.314E+02  8.038E+03
   0.01861   3    0.10416  18   1.013E+05 -3.797E-08  1.237E-03  3.095E+02  7.665E+03
   0.01861   3    0.11047  19   1.013E+05 -2.193E-08  1.728E-03  2.993E+02  7.337E+03
   0.01861   3    0.11678  20   1.013E+05 -9.963E-09  2.040E-03  2.952E+02  7.021E+03
   0.01861   3    0.12309  21   1.013E+05 -1.498E-09  2.209E-03  2.937E+02  6.700E+03
   0.01861   3    0.12941  22   1.013E+05  4.088E-09  2.275E-03  2.932E+02  6.370E+03
   0.01861   3    0.13572  23   1.013E+05  7.469E-09  2.262E-03  2.931E+02  6.030E+03
   0.01861   3    0.14203  24   1.013E+05  9.240E-09  2.183E-03  2.930E+02  5.680E+03
   0.01861   3    0.14834  25   1.013E+05  9.887E-09  2.056E-03  2.930E+02  5.324E+03
   0.01861   3    0.15466  26   1.013E+05  9.787E-09  1.895E-03  2.930E+02  4.967E+03
   0.01861   3    0.16097  27   1.013E+05  9.219E-09  1.720E-03  2.930E+02  4.615E+03
   0.01861   3    0.16728  28   1.013E+05  8.397E-09  1.558E-03  2.930E+02  4.274E+03
   0.01861   3    0.17359  29   1.013E+05  7.493E-09  1.408E-03  2.930E+02  3.950E+03
   0.01861   3    0.17991  30   1.013E+05  6.588E-09  1.252E-03  2.930E+02  3.643E+03
   0.01861   3    0.18622  31   1.013E+05  5.709E-09  1.104E-03  2.930E+02  3.357E+03
   0.01861   3    0.19253  32   1.013E+05  4.897E-09  9.806E-04  2.930E+02  3.095E+03
   0.01861   3    0.19884  33   1.013E+05  4.194E-09  8.677E-04  2.930E+02  2.856E+03
   0.01861   3    0.20516  34   1.013E+05  3.576E-09  7.564E-04  2.930E+02  2.639E+03
   0.01861   3    0.21147  35   1.013E+05  3.038E-09  6.581E-04  2.930E+02  2.446E+03
   0.01861   3    0.21778  36   1.013E+05  2.577E-09  5.765E-04  2.930E+02  2.274E+03
   0.01861   3    0.22409  37   1.013E+05  2.190E-09  5.028E-04  2.930E+02  2.122E+03
   0.01861   3    0.23041  38   1.013E+05  1.864E-09  4.357E-04  2.930E+02  1.989E+03
   0.01861   3    0.23672  39   1.013E+05  1.581E-09  3.809E-04  2.930E+02  1.872E+03
   0.01861   3    0.24303  40   1.013E+05  1.351E-09  3.303E-04  2.930E+02  1.771E+03
   0.01861   3    0.24934  41   1.013E+05  1.147E-09  2.826E-04  2.930E+02  1.683E+03
   0.01861   3    0.25566  42   1.013E+05  9.752E-10  2.428E-04  2.930E+02  1.607E+03
   0.01861   3    0.26197  43   1.013E+05  8.296E-10  2.102E-04  2.930E+02  1.541E+03
   0.01861   3    0.26828  44   1.013E+05  7.138E-10  1.779E-04  2.930E+02  1.485E+03
   0.01861   3    0.27459  45   1.013E+05  6.078E-10  1.438E-04  2.930E+02  1.437E+03
   0.01861   3    0.28091  46   1.013E+05  5.080E-10  1.204E-04  2.930E+02  1.396E+03
   0.01861   3    0.28722  47   1.013E+05  4.293E-10  1.058E-04  2.930E+02  1.361E+03
   0.01861   3    0.29353  48   1.013E+05  3.741E-10  9.438E-05  2.930E+02  1.331E+03
   0.01861   3    0.29984  49   1.013E+05  3.313E-10  8.036E-05  2.930E+02  1.306E+03
   0.01861   3    0.30616  50   1.013E+05  2.932E-10  6.205E-05  2.930E+02  1.285E+03
   0.01861   3    0.31247  51   1.013E+05  2.504E-10  5.311E-05  2.930E+02  1.267E+03
   0.01861   3    0.31878  52   1.013E+05  2.263E-10  4.562E-05  2.930E+02  1.252E+03
   0.01861   3    0.32509  53   1.013E+05  2.059E-10  3.304E-05  2.930E+02  1.240E+03
   0.01861   3    0.33141  54   1.013E+05  1.795E-10  2.291E-05  2.930E+02  1.230E+03
   0.01861   3    0.33772  55   1.013E+05  1.583E-10  1.245E-05  2.930E+02  1.221E+03
   0.01861   3    0.34403  56   1.013E+05  1.328E-10  9.227E-06  2.930E+02  1.214E+03
   0.01861   3    0.35034  57   1.013E+05  1.212E-10  6.812E-06  2.930E+02  1.208E+03
   0.01861   3    0.35666  58   1.013E+05  1.067E-10 -2.652E-06  2.930E+02  1.204E+03
   0.01861   3    0.36297  59   1.013E+05  8.750E-11 -4.225E-06  2.930E+02  1.200E+03
   0.01861   3    0.36928  60   1.013E+05  7.436E-11 -5.339E-06  2.930E+02  1.197E+03
   0.01861   3    0.37559  61   1.013E+05  5.966E-11 -1.464E-05  2.930E+02  1.194E+03
   0.01861   3    0.38191  62   1.013E+05  3.698E-11 -1.111E-05  2.930E+02  1.192E+03
   0.01861   3    0.38822  63   1.013E+05  3.887E-11 -1.451E-07  2.930E+02  1.191E+03
   0.01861   3    0.39453  64   1.013E+05  5.503E-11 -8.296E-06  2.930E+02  1.190E+03
   0.01861   3    0.40084  65   1.013E+05  4.554E-11 -2.165E-05  2.930E+02  1.189E+03
   0.01861   3    0.40716  66   1.013E+05  2.379E-11 -2.237E-05  2.930E+02  1.189E+03
   0.01861   3    0.41347  67   1.013E+05  1.108E-11 -1.890E-05  2.930E+02  1.188E+03
   0.01861   3    0.41978  68   1.013E+05  6.169E-12 -1.623E-05  2.930E+02  1.188E+03
   0.01861   3    0.42609  69   1.013E+05  5.346E-12 -1.369E-05  2.930E+02  1.188E+03
   0.01861   3    0.43241  70   1.013E+05  9.894E-12 -1.043E-05  2.930E+02  1.188E+03
   0.01861   3    0.43872  71   1.013E+05  1.407E-11 -1.250E-05  2.930E+02  1.188E+03
   0.01861   3    0.44503  72   1.013E+05  8.752E-12 -2.223E-05  2.930E+02  1.188E+03
   0.01861   3    0.45134  73   1.013E+05 -1.088E-11 -1.946E-05  2.930E+02  1.189E+03
   0.01861   3    0.45766  74   1.013E+05 -1.476E-11 -1.025E-05  2.930E+02  1.189E+03
   0.01861   3    0.46397  75   1.013E+05 -8.916E-12 -1.612E-05  2.930E+02  1.189E+03
   0.01861   3    0.47028  76   1.013E+05 -1.788E-11 -1.468E-05  2.930E+02  1.189E+03
   0.01861   3    0.47659  77   1.013E+05 -1.514E-11 -6.106E-06  2.930E+02  1.189E+03
   0.01861   3    0.48291  78   1.013E+05 -1.809E-12 -1.181E-05  2.930E+02  1.189E+03
   0.01861   3    0.48922  79   1.013E+05 -1.014E-11 -1.600E-05  2.930E+02  1.190E+03
   0.01861   3    0.49553  80   1.013E+05 -2.105E-11 -1.685E-05  2.930E+02  1.190E+03
   0.01861   3    0.50184  81   1.013E+05 -2.603E-11 -3.575E-06  2.930E+02  1.190E+03
   0.01861   3    0.50500  82   1.013E+05  0.000E+00 -3.575E-06  2.930E+02  1.190E+03
   0.03102   4    0.00000   1   1.013E+05  0.000E+00  0.000E+00  2.930E+02  2.930E+02
   0.03102   4    0.00316   2   1.013E+05 -1.990E-07 -5.800E-04  2.930E+02  9.215E+02
   0.03102   4    0.00947   3   1.013E+05 -2.110E-07  1.342E-04  2.930E+02  2.116E+03
   0.03102   4    0.01578   4   1.013E+05 -2.340E-07  2.459E-04  2.930E+02  3.185E+03
   0.03102   4    0.02209   5   1.013E+05 -2.714E-07  2.654E-04  2.930E+02  4.106E+03
   0.03102   4    0.02841   6   1.013E+05 -3.129E-07  2.431E-04  2.930E+02  4.872E+03
   0.03102   4    0.03472   7   1.013E+05 -3.402E-07  1.758E-04  2.930E+02  5.496E+03
   0.03102   4    0.04103   8   1.013E+05 -3.605E-07  8.186E-05  2.930E+02  6.004E+03
   0.03102   4    0.04734   9   1.013E+05 -3.424E-07 -2.453E-05  2.931E+02  6.423E+03
   0.03102   4    0.05366  10   1.013E+05 -3.334E-07 -1.520E-04  2.932E+02  6.783E+03
   0.03102   4    0.05997  11   1.013E+05 -2.868E-07 -3.019E-04  2.937E+02  7.101E+03
   0.03102   4    0.06628  12   1.013E+05 -2.430E-07 -4.691E-04  2.952E+02  7.392E+03
   0.03102   4    0.07259  13   1.013E+05 -1.985E-07 -6.536E-04  2.993E+02  7.667E+03
   0.03102   4    0.07891  14   1.013E+05 -1.581E-07 -8.435E-04  3.095E+02  7.936E+03
   0.03102   4    0.08522  15   1.013E+05 -1.216E-07 -1.094E-03  3.314E+02  8.217E+03
   0.03102   4    0.09153  16   1.013E+05 -8.869E-08  9.178E-04  3.711E+02  8.549E+03
   0.03102   4    0.09784  17   1.013E+05 -6.056E-08  5.734E-04  3.314E+02  8.038E+03
   0.03102   4    0.10416  18   1.013E+05 -3.853E-08  1.237E-03  3.095E+02  7.665E+03
   0.03102   4    0.11047  19   1.013E+05 -2.155E-08  1.728E-03  2.993E+02  7.337E+03
   0.03102   4    0.11678  20   1.013E+05 -9.062E-09  2.040E-03  2.952E+02  7.021E+03
   0.03102   4    0.12309  21   1.013E+05 -3.970E-10  2.209E-03  2.937E+02  6.700E+03
   0.03102   4    0.12941  22   1.013E+05  5.172E-09  2.275E-03  2.932E+02  6.370E+03
   0.03102   4    0.13572  23   1.013E+05  8.385E-09  2.262E-03  2.931E+02  6.030E+03
   0.03102   4    0.14203  24   1.013E+05  9.904E-09  2.183E-03  2.930E+02  5.680E+03
   0.03102   4    0.14834  25   1.013E+05  1.028E-08  2.056E-03  2.930E+02  5.324E+03
   0.03102   4    0.15466  26   1.013E+05  9.928E-09  1.895E-03  2.930E+02  4.967E+03
   0.03102   4    0.16097  27   1.013E+05  9.166E-09  1.720E-03  2.930E+02  4.615E+03
   0.03102   4    0.16728  28   1.013E+05  8.206E-09  1.558E-03  2.930E+02  4.274E+03
   0.03102   4    0.17359  29   1.013E+05  7.186E-09  1.408E-03  2.930E+02  3.950E+03
   0.03102   4    0.17991  30   1.013E+05  6.194E-09  1.252E-03  2.930E+02  3.643E+03
   0.03102   4    0.18622  31   1.013E+05  5.280E-09  1.104E-03  2.930E+02  3.357E+03
   0.03102   4    0.19253  32   1.013E+05  4.458E-09  9.806E-04  2.930E+02  3.095E+03
   0.03102   4    0.19884  33   1.013E+05  3.751E-09  8.677E-04  2.930E+02  2.856E+03
   0.03102   4    0.20516  34   1.013E+05  3.146E-09  7.564E-04  2.930E+02  2.639E+03
   0.03102   4    0.21147  35   1.013E+05  2.640E-09  6.581E-04  2.930E+02  2.446E+03
   0.03102   4    0.21778  36   1.013E+05  2.216E-09  5.765E-04  2.930E+02  2.274E+03
   0.03102   4    0.22409  37   1.013E+05  1.862E-09  5.028E-04  2.930E+02  2.122E+03
   0.03102   4    0.23041  38   1.013E+05  1.571E-09  4.357E-04  2.930E+02  1.989E+03
   0.03102   4    0.23672  39   1.013E+05  1.321E-09  3.809E-04  2.930E+02  1.872E+03
   0.03102   4    0.24303  40   1.013E+05  1.119E-09  3.303E-04  2.930E+02  1.771E+03
   0.03102   4    0.24934  41   1.013E+05  9.437E-10  2.826E-04  2.930E+02  1.683E+03
   0.03102   4    0.25566  42   1.013E+05  8.047E-10  2.428E-04  2.930E+02  1.607E+03
   0.03102   4    0.26197  43   1.013E+05  6.840E-10  2.102E-04  2.930E+02  1.541E+03
   0.03102   4    0.26828  44   1.013E+05  5.857E-10  1.779E-04  2.930E+02  1.485E+03
   0.03102   4    0.27459  45   1.013E+05  5.029E-10  1.438E-04  2.930E+02  1.437E+03
   0.03102   4    0.28091  46   1.013E+05  4.293E-10  1.204E-04  2.930E+02  1.396E+03
   0.03102   4    0.28722  47   1.013E+05  3.664E-10  1.058E-04  2.930E+02  1.361E+03
   0.03102   4    0.29353  48   1.013E+05  3.144E-10  9.438E-05  2.930E+02  1.331E+03
   0.03102   4    0.29984  49   1.013E+05  2.649E-10  8.036E-05  2.930E+02  1.306E+03
   0.03102   4    0.30616  50   1.013E+05  2.279E-10  6.205E-05  2.930E+02  1.285E+03
   0.03102   4    0.31247  51   1.013E+05  1.899E-10  5.311E-05  2.930E+02  1.267E+03
   0.03102   4    0.31878  52   1.013E+05  1.636E-10  4.562E-05  2.930E+02  1.252E+03
   0.03102   4    0.32509  53   1.013E+05  1.443E-10  3.304E-05  2.930E+02  1.240E+03
   0.03102   4    0.33141  54   1.013E+05  1.222E-10  2.291E-05  2.930E+02  1.230E+03
   0.03102   4    0.33772  55   1.013E+05  1.117E-10  1.245E-05  2.930E+02  1.221E+03
   0.03102   4    0.34403  56   1.013E+05  9.640E-11  9.227E-06  2.930E+02  1.214E+03
   0.03102   4    0.35034  57   1.013E+05  8.446E-11  6.812E-06  2.930E+02  1.208E+03
   0.03102   4    0.35666  58   1.013E+05  7.319E-11 -2.652E-06  2.930E+02  1.204E+03
   0.03102   4    0.36297  59   1.013E+05  6.113E-11 -4.225E-06  2.930E+02  1.200E+03
   0.03102   4    0.36928  60   1.013E+05  4.571E-11 -5.339E-06  2.930E+02  1.197E+03
   0.03102   4    0.37559  61   1.013E+05  3.822E-11 -1.464E-05  2.930E+02  1.194E+03
   0.03102   4    0.38191  62   1.013E+05  3.037E-11 -1.111E-05  2.930E+02  1.192E+03
   0.03102   4    0.38822  63   1.013E+05  2.356E-11 -1.451E-07  2.930E+02  1.191E+03
   0.03102   4    0.39453  64   1.013E+05  2.402E-11 -8.296E-06  2.930E+02  1.190E+03
   0.03102   4    0.40084  65   1.013E+05  2.170E-11 -2.165E-05  2.930E+02  1.189E+03
   0.03102   4    0.40716  66   1.013E+05  1.655E-11 -2.237E-05  2.930E+02  1.189E+03
   0.03102   4    0.41347  67   1.013E+05  1.236E-11 -1.890E-05  2.930E+02  1.188E+03
   0.03102   4    0.41978  68   1.013E+05  9.547E-12 -1.623E-05  2.930E+02  1.188E+03
   0.03102   4    0.42609  69   1.013E+05  7.677E-12 -1.369E-05  2.930E+02  1.188E+03
   0.03102   4    0.43241  70   1.013E+05  5.829E-12 -1.043E-05  2.930E+02  1.188E+03
   0.03102   4    0.43872  71   1.013E+05 -1.608E-12 -1.250E-05  2.930E+02  1.188E+03
   0.03102   4    0.44503  72   1.013E+05 -3.100E-12 -2.223E-05  2.930E+02  1.188E+03
   0.03102   4    0.45134  73   1.013E+05 -7.856E-12 -1.946E-05  2.930E+02  1.189E+03
   0.03102   4    0.45766  74   1.013E+05 -1.534E-11 -1.025E-05  2.930E+02  1.189E+03
   0.03102   4    0.46397  75   1.013E+05 -1.181E-11 -1.612E-05  2.930E+02  1.189E+03
   0.03102   4    0.47028  76   1.013E+05 -1.087E-11 -1.468E-05  2.930E+02  1.189E+03
   0.03102   4    0.47659  77   1.013E+05 -1.360E-11 -6.106E-06  2.930E+02  1.189E+03
   0.03102   4    0.48291  78   1.013E+05 -6.805E-12 -1.181E-05  2.930E+02  1.189E+03
   0.03102   4    0.48922  79   1.013E+05 -9.685E-12 -1.600E-05  2.930E+02  1.190E+03
   0.03102   4    0.49553  80   1.013E+05 -8.577E-12 -1.685E-05  2.930E+02  1.190E+03
   0.03102   4    0.50184  81   1.013E+05 -7.659E-12 -3.575E-06  2.930E+02  1.190E+03
   0.03102   4    0.50500  82   1.013E+05  0.000E+00 -3.575E-06  2.930E+02  1.190E+03
   0.04342   5    0.00000   1   1.013E+05  0.000E+00  0.000E+00  2.930E+02  2.930E+02
   0.04342   5    0.00316   2   1.013E+05 -1.446E-07 -5.800E-04  2.930E+02  9.216E+02
   0.04342   5    0.00947   3   1.013E+05 -1.504E-07  1.342E-04  2.930E+02  2.116E+03
   0.04342   5    0.01578   4   1.013E+05 -1.606E-07  2.458E-04  2.930E+02  3.185E+03
   0.04342   5    0.02209   5   1.013E+05 -1.893E-07  2.654E-04  2.930E+02  4.107E+03
   0.04342   5    0.02841   6   1.013E+05 -2.227E-07  2.430E-04  2.930E+02  4.872E+03
   0.04342   5    0.03472   7   1.013E+05 -2.301E-07  1.757E-04  2.930E+02  5.496E+03
   0.04342   5    0.04103   8   1.013E+05 -2.304E-07  8.184E-05  2.930E+02  6.004E+03
   0.04342   5    0.04734   9   1.013E+05 -2.228E-07 -2.454E-05  2.931E+02  6.423E+03
   0.04342   5    0.05366  10   1.013E+05 -2.168E-07 -1.520E-04  2.932E+02  6.783E+03
   0.04342   5    0.05997  11   1.013E+05 -1.948E-07 -3.018E-04  2.937E+02  7.101E+03
   0.04342   5    0.06628  12   1.013E+05 -1.692E-07 -4.691E-04  2.952E+02  7.392E+03
   0.04342   5    0.07259  13   1.013E+05 -1.416E-07 -6.536E-04  2.993E+02  7.667E+03
   0.04342   5    0.07891  14   1.013E+05 -1.147E-07 -8.435E-04  3.095E+02  7.936E+03
   0.04342   5    0.08522  15   1.013E+05 -8.934E-08 -1.094E-03  3.314E+02  8.217E+03
   0.04342   5    0.09153  16   1.013E+05 -6.584E-08  9.178E-04  3.711E+02  8.549E+03
   0.04342   5    0.09784  17   1.013E+05 -4.539E-08  5.733E-04  3.314E+02  8.038E+03
   0.04342   5    0.10416  18   1.013E+05 -2.903E-08  1.237E-03  3.095E+02  7.665E+03
   0.04342   5    0.11047  19   1.013E+05 -1.626E-08  1.728E-03  2.993E+02  7.337E+03
   0.04342   5    0.11678  20   1.013E+05 -6.781E-09  2.040E-03  2.952E+02  7.021E+03
   0.04342   5    0.12309  21   1.013E+05 -1.567E-10  2.209E-03  2.937E+02  6.700E+03
   0.04342   5    0.12941  22   1.013E+05  4.114E-09  2.275E-03  2.932E+02  6.370E+03
   0.04342   5    0.13572  23   1.013E+05  6.569E-09  2.262E-03  2.931E+02  6.030E+03
   0.04342   5    0.14203  24   1.013E+05  7.711E-09  2.183E-03  2.930E+02  5.680E+03
   0.04342   5    0.14834  25   1.013E+05  7.963E-09  2.056E-03  2.930E+02  5.324E+03
   0.04342   5    0.15466  26   1.013E+05  7.650E-09  1.895E-03  2.930E+02  4.967E+03
   0.04342   5    0.16097  27   1.013E+05  7.024E-09  1.720E-03  2.930E+02  4.615E+03
   0.04342   5    0.16728  28   1.013E+05  6.252E-09  1.558E-03  2.930E+02  4.274E+03
   0.04342   5    0.17359  29   1.013E+05  5.444E-09  1.408E-03  2.930E+02  3.950E+03
   0.04342   5    0.17991  30   1.013E+05  4.666E-09  1.252E-03  2.930E+02  3.643E+03
   0.04342   5    0.18622  31   1.013E+05  3.962E-09  1.104E-03  2.930E+02  3.357E+03
   0.04342   5    0.19253  32   1.013E+05  3.336E-09  9.806E-04  2.930E+02  3.095E+03
   0.04342   5    0.19884  33   1.013E+05  2.802E-09  8.677E-04  2.930E+02  2.856E+03
   0.04342   5    0.20516  34   1.013E+05  2.348E-09  7.564E-04  2.930E+02  2.639E+03
   0.04342   5    0.21147  35   1.013E+05  1.968E-09  6.581E-04  2.930E+02  2.446E+03
   0.04342   5    0.21778  36   1.013E+05  1.646E-09  5.765E-04  2.930E+02  2.274E+03
   0.04342   5    0.22409  37   1.013E+05  1.374E-09  5.028E-04  2.930E+02  2.122E+03
   0.04342   5    0.23041  38   1.013E+05  1.150E-09  4.357E-04  2.930E+02  1.989E+03
   0.04342   5    0.23672  39   1.013E+05  9.544E-10  3.809E-04  2.930E+02  1.872E+03
   0.04342   5    0.24303  40   1.013E+05  7.983E-10  3.303E-04  2.930E+02  1.771E+03
   0.04342   5    0.24934  41   1.013E+05  6.636E-10  2.826E-04  2.930E+02  1.683E+03
   0.04342   5    0.25566  42   1.013E+05  5.609E-10  2.428E-04  2.930E+02  1.607E+03
   0.04342   5    0.26197  43   1.013E+05  4.721E-10  2.102E-04  2.930E+02  1.541E+03
   0.04342   5    0.26828  44   1.013E+05  4.010E-10  1.779E-04  2.930E+02  1.485E+03
   0.04342   5    0.27459  45   1.013E+05  3.418E-10  1.438E-04  2.930E+02  1.437E+03
   0.04342   5    0.28091  46   1.013E+05  2.886E-10  1.204E-04  2.930E+02  1.396E+03
   0.04342   5    0.28722  47   1.013E+05  2.422E-10  1.058E-04  2.930E+02  1.361E+03
   0.04342   5    0.29353  48   1.013E+05  2.035E-10  9.438E-05  2.930E+02  1.331E+03
   0.04342   5    0.29984  49   1.013E+05  1.653E-10  8.036E-05  2.930E+02  1.306E+03
   0.04342   5    0.30616  50   1.013E+05  1.393E-10  6.205E-05  2.930E+02  1.285E+03
   0.04342   5    0.31247  51   1.013E+05  1.124E-10  5.311E-05  2.930E+02  1.267E+03
   0.04342   5    0.31878  52   1.013E+05  9.619E-11  4.562E-05  2.930E+02  1.252E+03
   0.04342   5    0.32509  53   1.013E+05  8.646E-11  3.304E-05  2.930E+02  1.240E+03
   0.04342   5    0.33141  54   1.013E+05  7.280E-11  2.291E-05  2.930E+02  1.230E+03
   0.04342   5    0.33772  55   1.013E+05  6.943E-11  1.245E-05  2.930E+02  1.221E+03
   0.04342   5    0.34403  56   1.013E+05  5.982E-11  9.227E-06  2.930E+02  1.214E+03
   0.04342   5    0.35034  57   1.013E+05  5.144E-11  6.812E-06  2.930E+02  1.208E+03
   0.04342   5    0.35666  58   1.013E+05  4.290E-11 -2.652E-06  2.930E+02  1.204E+03
   0.04342   5    0.36297  59   1.013E+05  3.397E-11 -4.225E-06  2.930E+02  1.200E+03
   0.04342   5    0.36928  60   1.013E+05  2.090E-11 -5.339E-06  2.930E+02  1.197E+03
   0.04342   5    0.37559  61   1.013E+05  1.626E-11 -1.464E-05  2.930E+02  1.194E+03
   0.04342   5    0.38191  62   1.013E+05  1.221E-11 -1.111E-05  2.930E+02  1.192E+03
   0.04342   5    0.38822  63   1.013E+05  7.716E-12 -1.451E-07  2.930E+02  1.191E+03
   0.04342   5    0.39453  64   1.013E+05  9.303E-12 -8.296E-06  2.930E+02  1.190E+03
   0.04342   5    0.40084  65   1.013E+05  9.923E-12 -2.165E-05  2.930E+02  1.189E+03
   0.04342   5    0.40716  66   1.013E+05  8.321E-12 -2.237E-05  2.930E+02  1.189E+03
   0.04342   5    0.41347  67   1.013E+05  6.432E-12 -1.890E-05  2.930E+02  1.188E+03
   0.04342   5    0.41978  68   1.013E+05  4.628E-12 -1.623E-05  2.930E+02  1.188E+03
   0.04342   5    0.42609  69   1.013E+05  2.874E-12 -1.369E-05  2.930E+02  1.188E+03
   0.04342   5    0.43241  70   1.013E+05  7.860E-13 -1.043E-05  2.930E+02  1.188E+03
   0.04342   5    0.43872  71   1.013E+05 -7.148E-12 -1.250E-05  2.930E+02  1.188E+03
   0.04342   5    0.44503  72   1.013E+05 -7.893E-12 -2.223E-05  2.930E+02  1.188E+03
   0.04342   5    0.45134  73   1.013E+05 -1.018E-11 -1.946E-05  2.930E+02  1.189E+03
   0.04342   5    0.45766  74   1.013E+05 -1.654E-11 -1.025E-05  2.930E+02  1.189E+03
   0.04342   5    0.46397  75   1.013E+05 -1.238E-11 -1.612E-05  2.930E+02  1.189E+03
   0.04342   5    0.47028  76   1.013E+05 -9.884E-12 -1.468E-05  2.930E+02  1.189E+03
   0.04342   5    0.47659  77   1.013E+05 -1.219E-11 -6.106E-06  2.930E+02  1.189E+03
   0.04342   5    0.48291  78   1.013E+05 -5.292E-12 -1.181E-05  2.930E+02  1.189E+03
   0.04342   5    0.48922  79   1.013E+05 -7.282E-12 -1.600E-05  2.930E+02  1.190E+03
   0.04342   5    0.49553  80   1.013E+05 -5.500E-12 -1.685E-05  2.930E+02  1.190E+03
   0.04342   5    0.50184  81   1.013E+05 -3.895E-12 -3.575E-06  2.930E+02  1.190E+03
   0.04342   5    0.50500  82   1.013E+05  0.000E+00 -3.575E-06  2.930E+02  1.190E+03
   0.05583   6    0.00000   1   1.013E+05  0.000E+00  0.000E+00  2.930E+02  2.930E+02
   0.05583   6    0.00316   2   1.013E+05 -5.231E-08 -5.800E-04  2.930E+02  9.216E+02
   0.05583   6    0.00947   3   1.013E+05 -5.314E-08  1.342E-04  2.930E+02  2.117E+03
   0.05583   6    0.01578   4   1.013E+05 -5.362E-08  2.458E-04  2.930E+02  3.185E+03
   0.05583   6    0.02209   5   1.013E+05 -6.640E-08  2.654E-04  2.930E+02  4.107E+03
   0.05583   6    0.02841   6   1.013E+05 -8.312E-08  2.430E-04  2.930E+02  4.872E+03
   0.05583   6    0.03472   7   1.013E+05 -8.173E-08  1.757E-04  2.930E+02  5.496E+03
   0.05583   6    0.04103   8   1.013E+05 -7.848E-08  8.184E-05  2.930E+02  6.003E+03
   0.05583   6    0.04734   9   1.013E+05 -7.820E-08 -2.454E-05  2.931E+02  6.423E+03
   0.05583   6    0.05366  10   1.013E+05 -7.523E-08 -1.520E-04  2.932E+02  6.783E+03
   0.05583   6    0.05997  11   1.013E+05 -6.833E-08 -3.018E-04  2.937E+02  7.101E+03
   0.05583   6    0.06628  12   1.013E+05 -5.981E-08 -4.691E-04  2.952E+02  7.392E+03
   0.05583   6    0.07259  13   1.013E+05 -5.049E-08 -6.536E-04  2.993E+02  7.667E+03
   0.05583   6    0.07891  14   1.013E+05 -4.123E-08 -8.435E-04  3.095E+02  7.936E+03
   0.05583   6    0.08522  15   1.013E+05 -3.234E-08 -1.094E-03  3.314E+02  8.217E+03
   0.05583   6    0.09153  16   1.013E+05 -2.398E-08  9.178E-04  3.711E+02  8.549E+03
   0.05583   6    0.09784  17   1.013E+05 -1.664E-08  5.733E-04  3.314E+02  8.038E+03
   0.05583   6    0.10416  18   1.013E+05 -1.069E-08  1.237E-03  3.095E+02  7.665E+03
   0.05583   6    0.11047  19   1.013E+05 -6.019E-09  1.728E-03  2.993E+02  7.337E+03
   0.05583   6    0.11678  20   1.013E+05 -2.532E-09  2.040E-03  2.952E+02  7.021E+03
   0.05583   6    0.12309  21   1.013E+05 -8.363E-11  2.209E-03  2.937E+02  6.700E+03
   0.05583   6    0.12941  22   1.013E+05  1.499E-09  2.275E-03  2.932E+02  6.370E+03
   0.05583   6    0.13572  23   1.013E+05  2.412E-09  2.262E-03  2.931E+02  6.030E+03
   0.05583   6    0.14203  24   1.013E+05  2.840E-09  2.183E-03  2.930E+02  5.680E+03
   0.05583   6    0.14834  25   1.013E+05  2.939E-09  2.056E-03  2.930E+02  5.324E+03
   0.05583   6    0.15466  26   1.013E+05  2.827E-09  1.895E-03  2.930E+02  4.967E+03
   0.05583   6    0.16097  27   1.013E+05  2.602E-09  1.720E-03  2.930E+02  4.615E+03
   0.05583   6    0.16728  28   1.013E+05  2.322E-09  1.558E-03  2.930E+02  4.274E+03
   0.05583   6    0.17359  29   1.013E+05  2.027E-09  1.408E-03  2.930E+02  3.950E+03
   0.05583   6    0.17991  30   1.013E+05  1.742E-09  1.252E-03  2.930E+02  3.643E+03
   0.05583   6    0.18622  31   1.013E+05  1.487E-09  1.104E-03  2.930E+02  3.357E+03
   0.05583   6    0.19253  32   1.013E+05  1.256E-09  9.805E-04  2.930E+02  3.095E+03
   0.05583   6    0.19884  33   1.013E+05  1.059E-09  8.677E-04  2.930E+02  2.856E+03
   0.05583   6    0.20516  34   1.013E+05  8.863E-10  7.564E-04  2.930E+02  2.639E+03
   0.05583   6    0.21147  35   1.013E+05  7.396E-10  6.581E-04  2.930E+02  2.446E+03
   0.05583   6    0.21778  36   1.013E+05  6.098E-10  5.765E-04  2.930E+02  2.274E+03
   0.05583   6    0.22409  37   1.013E+05  4.966E-10  5.028E-04  2.930E+02  2.122E+03
   0.05583   6    0.23041  38   1.013E+05  4.055E-10  4.357E-04  2.930E+02  1.989E+03
   0.05583   6    0.23672  39   1.013E+05  3.226E-10  3.809E-04  2.930E+02  1.872E+03
   0.05583   6    0.24303  40   1.013E+05  2.622E-10  3.303E-04  2.930E+02  1.771E+03
   0.05583   6    0.24934  41   1.013E+05  2.094E-10  2.826E-04  2.930E+02  1.683E+03
   0.05583   6    0.25566  42   1.013E+05  1.756E-10  2.428E-04  2.930E+02  1.607E+03
   0.05583   6    0.26197  43   1.013E+05  1.443E-10  2.102E-04  2.930E+02  1.541E+03
   0.05583   6    0.26828  44   1.013E+05  1.203E-10  1.779E-04  2.930E+02  1.485E+03
   0.05583   6    0.27459  45   1.013E+05  9.965E-11  1.438E-04  2.930E+02  1.437E+03
   0.05583   6    0.28091  46   1.013E+05  7.797E-11  1.204E-04  2.930E+02  1.396E+03
   0.05583   6    0.28722  47   1.013E+05  5.803E-11  1.058E-04  2.930E+02  1.361E+03
   0.05583   6    0.29353  48   1.013E+05  4.183E-11  9.438E-05  2.930E+02  1.331E+03
   0.05583   6    0.29984  49   1.013E+05  2.382E-11  8.036E-05  2.930E+02  1.306E+03
   0.05583   6    0.30616  50   1.013E+05  1.651E-11  6.205E-05  2.930E+02  1.285E+03
   0.05583   6    0.31247  51   1.013E+05  6.800E-12  5.311E-05  2.930E+02  1.267E+03
   0.05583   6    0.31878  52   1.013E+05  5.959E-12  4.562E-05  2.930E+02  1.252E+03
   0.05583   6    0.32509  53   1.013E+05  9.411E-12  3.304E-05  2.930E+02  1.240E+03
   0.05583   6    0.33141  54   1.013E+05  6.715E-12  2.291E-05  2.930E+02  1.230E+03
   0.05583   6    0.33772  55   1.013E+05  1.219E-11  1.245E-05  2.930E+02  1.221E+03
   0.05583   6    0.34403  56   1.013E+05  9.823E-12  9.227E-06  2.930E+02  1.214E+03
   0.05583   6    0.35034  57   1.013E+05  7.107E-12  6.812E-06  2.930E+02  1.208E+03
   0.05583   6    0.35666  58   1.013E+05  3.853E-12 -2.652E-06  2.930E+02  1.204E+03
   0.05583   6    0.36297  59   1.013E+05  1.852E-13 -4.225E-06  2.930E+02  1.200E+03
   0.05583   6    0.36928  60   1.013E+05 -7.890E-12 -5.339E-06  2.930E+02  1.197E+03
   0.05583   6    0.37559  61   1.013E+05 -7.644E-12 -1.464E-05  2.930E+02  1.194E+03
   0.05583   6    0.38191  62   1.013E+05 -6.903E-12 -1.111E-05  2.930E+02  1.192E+03
   0.05583   6    0.38822  63   1.013E+05 -7.882E-12 -1.451E-07  2.930E+02  1.191E+03
   0.05583   6    0.39453  64   1.013E+05 -3.778E-12 -8.296E-06  2.930E+02  1.190E+03
   0.05583   6    0.40084  65   1.013E+05 -7.876E-13 -2.165E-05  2.930E+02  1.189E+03
   0.05583   6    0.40716  66   1.013E+05 -3.508E-13 -2.237E-05  2.930E+02  1.189E+03
   0.05583   6    0.41347  67   1.013E+05 -8.398E-13 -1.890E-05  2.930E+02  1.188E+03
   0.05583   6    0.41978  68   1.013E+05 -1.903E-12 -1.623E-05  2.930E+02  1.188E+03
   0.05583   6    0.42609  69   1.013E+05 -3.213E-12 -1.369E-05  2.930E+02  1.188E+03
   0.05583   6    0.43241  70   1.013E+05 -4.873E-12 -1.043E-05  2.930E+02  1.188E+03
   0.05583   6    0.43872  71   1.013E+05 -1.208E-11 -1.250E-05  2.930E+02  1.188E+03
   0.05583   6    0.44503  72   1.013E+05 -1.121E-11 -2.223E-05  2.930E+02  1.188E+03
   0.05583   6    0.45134  73   1.013E+05 -1.155E-11 -1.946E-05  2.930E+02  1.189E+03
   0.05583   6    0.45766  74   1.013E+05 -1.649E-11 -1.025E-05  2.930E+02  1.189E+03
   0.05583   6    0.46397  75   1.013E+05 -1.153E-11 -1.612E-05  2.930E+02  1.189E+03
   0.05583   6    0.47028  76   1.013E+05 -8.452E-12 -1.468E-05  2.930E+02  1.189E+03
   0.05583   6    0.47659  77   1.013E+05 -1.072E-11 -6.106E-06  2.930E+02  1.189E+03
   0.05583   6    0.48291  78   1.013E+05 -3.820E-12 -1.181E-05  2.930E+02  1.189E+03
   0.05583   6    0.48922  79   1.013E+05 -5.537E-12 -1.600E-05  2.930E+02  1.190E+03
   0.05583   6    0.49553  80   1.013E+05 -3.573E-12 -1.685E-05  2.930E+02  1.190E+03
   0.05583   6    0.50184  81   1.013E+05 -1.706E-12 -3.575E-06  2.930E+02  1.190E+03
   0.05583   6    0.50500  82   1.013E+05  0.000E+00 -3.575E-06  2.930E+02  1.190E+03
   0.06824   7    0.00000   1   1.013E+05  0.000E+00  0.000E+00  2.930E+02  2.930E+02
   0.06824   7    0.00316   2   1.013E+05  5.229E-08 -5.800E-04  2.930E+02  9.216E+02
   0.06824   7    0.00947   3   1.013E+05  5.310E-08  1.342E-04  2.930E+02  2.117E+03
   0.06824   7    0.01578   4   1.013E+05  5.355E-08  2.458E-04  2.930E+02  3.185E+03
   0.06824   7    0.02209   5   1.013E+05  6.632E-08  2.654E-04  2.930E+02  4.107E+03
   0.06824   7    0.02841   6   1.013E+05  8.303E-08  2.430E-04  2.930E+02  4.872E+03
   0.06824   7    0.03472   7   1.013E+05  8.163E-08  1.757E-04  2.930E+02  5.496E+03
   0.06824   7    0.04103   8   1.013E+05  7.839E-08  8.184E-05  2.930E+02  6.003E+03
   0.06824   7    0.04734   9   1.013E+05  7.813E-08 -2.454E-05  2.931E+02  6.423E+03
   0.06824   7    0.05366  10   1.013E+05  7.519E-08 -1.520E-04  2.932E+02  6.783E+03
   0.06824   7    0.05997  11   1.013E+05  6.833E-08 -3.018E-04  2.937E+02  7.101E+03
   0.06824   7    0.06628  12   1.013E+05  5.983E-08 -4.691E-04  2.952E+02  7.392E+03
   0.06824   7    0.07259  13   1.013E+05  5.052E-08 -6.536E-04  2.993E+02  7.667E+03
   0.06824   7    0.07891  14   1.013E+05  4.127E-08 -8.435E-04  3.095E+02  7.936E+03
   0.06824   7    0.08522  15   1.013E+05  3.235E-08 -1.094E-03  3.314E+02  8.217E+03
   0.06824   7    0.09153  16   1.013E+05  2.400E-08  9.178E-04  3.711E+02  8.549E+03
   0.06824   7    0.09784  17   1.013E+05  1.664E-08  5.733E-04  3.314E+02  8.038E+03
   0.06824   7    0.10416  18   1.013E+05  1.070E-08  1.237E-03  3.095E+02  7.665E+03
   0.06824   7    0.11047  19   1.013E+05  6.026E-09  1.728E-03  2.993E+02  7.337E+03
   0.06824   7    0.11678  20   1.013E+05  2.519E-09  2.040E-03  2.952E+02  7.021E+03
   0.06824   7    0.12309  21   1.013E+05  5.265E-11  2.209E-03  2.937E+02  6.700E+03
   0.06824   7    0.12941  22   1.013E+05 -1.547E-09  2.275E-03  2.932E+02  6.370E+03
   0.06824   7    0.13572  23   1.013E+05 -2.468E-09  2.262E-03  2.931E+02  6.030E+03
   0.06824   7    0.14203  24   1.013E+05 -2.888E-09  2.183E-03  2.930E+02  5.680E+03
   0.06824   7    0.14834  25   1.013E+05 -2.967E-09  2.056E-03  2.930E+02  5.324E+03
   0.06824   7    0.15466  26   1.013E+05 -2.838E-09  1.895E-03  2.930E+02  4.967E+03
   0.06824   7    0.16097  27   1.013E+05 -2.587E-09  1.720E-03  2.930E+02  4.615E+03
   0.06824   7    0.16728  28   1.013E+05 -2.285E-09  1.558E-03  2.930E+02  4.274E+03
   0.06824   7    0.17359  29   1.013E+05 -1.979E-09  1.408E-03  2.930E+02  3.950E+03
   0.06824   7    0.17991  30   1.013E+05 -1.689E-09  1.252E-03  2.930E+02  3.643E+03
   0.06824   7    0.18622  31   1.013E+05 -1.423E-09  1.104E-03  2.930E+02  3.357E+03
   0.06824   7    0.19253  32   1.013E+05 -1.198E-09  9.805E-04  2.930E+02  3.095E+03
   0.06824   7    0.19884  33   1.013E+05 -1.002E-09  8.677E-04  2.930E+02  2.856E+03
   0.06824   7    0.20516  34   1.013E+05 -8.419E-10  7.564E-04  2.930E+02  2.639E+03
   0.06824   7    0.21147  35   1.013E+05 -7.066E-10  6.581E-04  2.930E+02  2.446E+03
   0.06824   7    0.21778  36   1.013E+05 -5.979E-10  5.765E-04  2.930E+02  2.274E+03
   0.06824   7    0.22409  37   1.013E+05 -5.085E-10  5.028E-04  2.930E+02  2.122E+03
   0.06824   7    0.23041  38   1.013E+05 -4.272E-10  4.357E-04  2.930E+02  1.989E+03
   0.06824   7    0.23672  39   1.013E+05 -3.640E-10  3.809E-04  2.930E+02  1.872E+03
   0.06824   7    0.24303  40   1.013E+05 -3.013E-10  3.303E-04  2.930E+02  1.771E+03
   0.06824   7    0.24934  41   1.013E+05 -2.524E-10  2.826E-04  2.930E+02  1.683E+03
   0.06824   7    0.25566  42   1.013E+05 -2.033E-10  2.428E-04  2.930E+02  1.607E+03
   0.06824   7    0.26197  43   1.013E+05 -1.685E-10  2.102E-04  2.930E+02  1.541E+03
   0.06824   7    0.26828  44   1.013E+05 -1.398E-10  1.779E-04  2.930E+02  1.485E+03
   0.06824   7    0.27459  45   1.013E+05 -1.187E-10  1.438E-04  2.930E+02  1.437E+03
   0.06824   7    0.28091  46   1.013E+05 -1.065E-10  1.204E-04  2.930E+02  1.396E+03
   0.06824   7    0.28722  47   1.013E+05 -9.833E-11  1.058E-04  2.930E+02  1.361E+03
   0.06824   7    0.29353  48   1.013E+05 -9.065E-11  9.438E-05  2.930E+02  1.331E+03
   0.06824   7    0.29984  49   1.013E+05 -8.783E-11  8.036E-05  2.930E+02  1.306E+03
   0.06824   7    0.30616  50   1.013E+05 -7.708E-11  6.205E-05  2.930E+02  1.285E+03
   0.06824   7    0.31247  51   1.013E+05 -7.140E-11  5.311E-05  2.930E+02  1.267E+03
   0.06824   7    0.31878  52   1.013E+05 -5.961E-11  4.562E-05  2.930E+02  1.252E+03
   0.06824   7    0.32509  53   1.013E+05 -4.641E-11  3.304E-05  2.930E+02  1.240E+03
   0.06824   7    0.33141  54   1.013E+05 -4.143E-11  2.291E-05  2.930E+02  1.230E+03
   0.06824   7    0.33772  55   1.013E+05 -3.020E-11  1.245E-05  2.930E+02  1.221E+03
   0.06824   7    0.34403  56   1.013E+05 -2.798E-11  9.227E-06  2.930E+02  1.214E+03
   0.06824   7    0.35034  57   1.013E+05 -2.648E-11  6.812E-06  2.930E+02  1.208E+03
   0.06824   7    0.35666  58   1.013E+05 -2.553E-11 -2.652E-06  2.930E+02  1.204E+03
   0.06824   7    0.36297  59   1.013E+05 -2.484E-11 -4.225E-06  2.930E+02  1.200E+03
   0.06824   7    0.36928  60   1.013E+05 -2.837E-11 -5.339E-06  2.930E+02  1.197E+03
   0.06824   7    0.37559  61   1.013E+05 -2.391E-11 -1.464E-05  2.930E+02  1.194E+03
   0.06824   7    0.38191  62   1.013E+05 -1.973E-11 -1.111E-05  2.930E+02  1.192E+03
   0.06824   7    0.38822  63   1.013E+05 -1.840E-11 -1.451E-07  2.930E+02  1.191E+03
   0.06824   7    0.39453  64   1.013E+05 -1.280E-11 -8.296E-06  2.930E+02  1.190E+03
   0.06824   7    0.40084  65   1.013E+05 -8.937E-12 -2.165E-05  2.930E+02  1.189E+03
   0.06824   7    0.40716  66   1.013E+05 -7.832E-12 -2.237E-05  2.930E+02  1.189E+03
   0.06824   7    0.41347  67   1.013E+05 -7.927E-12 -1.890E-05  2.930E+02  1.188E+03
   0.06824   7    0.41978  68   1.013E+05 -8.575E-12 -1.623E-05  2.930E+02  1.188E+03
   0.06824   7    0.42609  69   1.013E+05 -9.204E-12 -1.369E-05  2.930E+02  1.188E+03
   0.06824   7    0.43241  70   1.013E+05 -9.998E-12 -1.043E-05  2.930E+02  1.188E+03
   0.06824   7    0.43872  71   1.013E+05 -1.598E-11 -1.250E-05  2.930E+02  1.188E+03
   0.06824   7    0.44503  72   1.013E+05 -1.350E-11 -2.223E-05  2.930E+02  1.188E+03
   0.06824   7    0.45134  73   1.013E+05 -1.208E-11 -1.946E-05  2.930E+02  1.189E+03
   0.06824   7    0.45766  74   1.013E+05 -1.554E-11 -1.025E-05  2.930E+02  1.189E+03
   0.06824   7    0.46397  75   1.013E+05 -9.529E-12 -1.612E-05  2.930E+02  1.189E+03
   0.06824   7    0.47028  76   1.013E+05 -5.985E-12 -1.468E-05  2.930E+02  1.189E+03
   0.06824   7    0.47659  77   1.013E+05 -8.214E-12 -6.106E-06  2.930E+02  1.189E+03
   0.06824   7    0.48291  78   1.013E+05 -1.611E-12 -1.181E-05  2.930E+02  1.189E+03
   0.06824   7    0.48922  79   1.013E+05 -3.647E-12 -1.600E-05  2.930E+02  1.190E+03
   0.06824   7    0.49553  80   1.013E+05 -2.188E-12 -1.685E-05  2.930E+02  1.190E+03
   0.06824   7    0.50184  81   1.013E+05 -3.168E-13 -3.575E-06  2.930E+02  1.190E+03
   0.06824   7    0.50500  82   1.013E+05  0.000E+00 -3.575E-06  2.930E+02  1.190E+03
   0.08065   8    0.00000   1   1.013E+05  0.000E+00  0.000E+00  2.930E+02  2.930E+02
   0.08065   8    0.00316   2   1.013E+05  1.447E-07 -5.800E-04  2.930E+02  9.216E+02
   0.08065   8    0.00947   3   1.013E+05  1.505E-07  1.342E-04  2.930E+02  2.116E+03
   0.08065   8    0.01578   4   1.013E+05  1.607E-07  2.458E-04  2.930E+02  3.185E+03
   0.08065   8    0.02209   5   1.013E+05  1.894E-07  2.654E-04  2.930E+02  4.107E+03
   0.08065   8    0.02841   6   1.013E+05  2.228E-07  2.430E-04  2.930E+02  4.872E+03
   0.08065   8    0.03472   7   1.013E+05  2.302E-07  1.757E-04  2.930E+02  5.496E+03
   0.08065   8    0.04103   8   1.013E+05  2.305E-07  8.184E-05  2.930E+02  6.004E+03
   0.08065   8    0.04734   9   1.013E+05  2.229E-07 -2.454E-05  2.931E+02  6.423E+03
   0.08065   8    0.05366  10   1.013E+05  2.169E-07 -1.520E-04  2.932E+02  6.783E+03
   0.08065   8    0.05997  11   1.013E+05  1.949E-07 -3.018E-04  2.937E+02  7.101E+03
   0.08065   8    0.06628  12   1.013E+05  1.693E-07 -4.691E-04  2.952E+02  7.392E+03
   0.08065   8    0.07259  13   1.013E+05  1.417E-07 -6.536E-04  2.993E+02  7.667E+03
   0.08065   8    0.07891  14   1.013E+05  1.148E-07 -8.435E-04  3.095E+02  7.936E+03
   0.08065   8    0.08522  15   1.013E+05  8.943E-08 -1.094E-03  3.314E+02  8.217E+03
   0.08065   8    0.09153  16   1.013E+05  6.593E-08  9.178E-04  3.711E+02  8.549E+03
   0.08065   8    0.09784  17   1.013E+05  4.546E-08  5.733E-04  3.314E+02  8.038E+03
   0.08065   8    0.10416  18   1.013E+05  2.911E-08  1.237E-03  3.095E+02  7.665E+03
   0.08065   8    0.11047  19   1.013E+05  1.634E-08  1.728E-03  2.993E+02  7.337E+03
   0.08065   8    0.11678  20   1.013E+05  6.840E-09  2.040E-03  2.952E+02  7.021E+03
   0.08065   8    0.12309  21   1.013E+05  1.951E-10  2.209E-03  2.937E+02  6.700E+03
   0.08065   8    0.12941  22   1.013E+05 -4.097E-09  2.275E-03  2.932E+02  6.370E+03
   0.08065   8    0.13572  23   1.013E+05 -6.568E-09  2.262E-03  2.931E+02  6.030E+03
   0.08065   8    0.14203  24   1.013E+05 -7.711E-09  2.183E-03  2.930E+02  5.680E+03
   0.08065   8    0.14834  25   1.013E+05 -7.955E-09  2.056E-03  2.930E+02  5.324E+03
   0.08065   8    0.15466  26   1.013E+05 -7.637E-09  1.895E-03  2.930E+02  4.967E+03
   0.08065   8    0.16097  27   1.013E+05 -6.997E-09  1.720E-03  2.930E+02  4.615E+03
   0.08065   8    0.16728  28   1.013E+05 -6.215E-09  1.558E-03  2.930E+02  4.274E+03
   0.08065   8    0.17359  29   1.013E+05 -5.405E-09  1.408E-03  2.930E+02  3.950E+03
   0.08065   8    0.17991  30   1.013E+05 -4.631E-09  1.252E-03  2.930E+02  3.643E+03
   0.08065   8    0.18622  31   1.013E+05 -3.920E-09  1.104E-03  2.930E+02  3.357E+03
   0.08065   8    0.19253  32   1.013E+05 -3.301E-09  9.806E-04  2.930E+02  3.095E+03
   0.08065   8    0.19884  33   1.013E+05 -2.765E-09  8.677E-04  2.930E+02  2.856E+03
   0.08065   8    0.20516  34   1.013E+05 -2.313E-09  7.564E-04  2.930E+02  2.639E+03
   0.08065   8    0.21147  35   1.013E+05 -1.929E-09  6.581E-04  2.930E+02  2.446E+03
   0.08065   8    0.21778  36   1.013E+05 -1.609E-09  5.765E-04  2.930E+02  2.274E+03
   0.08065   8    0.22409  37   1.013E+05 -1.342E-09  5.028E-04  2.930E+02  2.122E+03
   0.08065   8    0.23041  38   1.013E+05 -1.112E-09  4.357E-04  2.930E+02  1.989E+03
   0.08065   8    0.23672  39   1.013E+05 -9.251E-10  3.809E-04  2.930E+02  1.872E+03
   0.08065   8    0.24303  40   1.013E+05 -7.617E-10  3.303E-04  2.930E+02  1.771E+03
   0.08065   8    0.24934  41   1.013E+05 -6.316E-10  2.826E-04  2.930E+02  1.683E+03
   0.08065   8    0.25566  42   1.013E+05 -5.176E-10  2.428E-04  2.930E+02  1.607E+03
   0.08065   8    0.26197  43   1.013E+05 -4.314E-10  2.102E-04  2.930E+02  1.541E+03
   0.08065   8    0.26828  44   1.013E+05 -3.615E-10  1.779E-04  2.930E+02  1.485E+03
   0.08065   8    0.27459  45   1.013E+05 -3.061E-10  1.438E-04  2.930E+02  1.437E+03
   0.08065   8    0.28091  46   1.013E+05 -2.644E-10  1.204E-04  2.930E+02  1.396E+03
   0.08065   8    0.28722  47   1.013E+05 -2.305E-10  1.058E-04  2.930E+02  1.361E+03
   0.08065   8    0.29353  48   1.013E+05 -2.003E-10  9.438E-05  2.930E+02  1.331E+03
   0.08065   8    0.29984  49   1.013E+05 -1.783E-10  8.036E-05  2.930E+02  1.306E+03
   0.08065   8    0.30616  50   1.013E+05 -1.512E-10  6.205E-05  2.930E+02  1.285E+03
   0.08065   8    0.31247  51   1.013E+05 -1.322E-10  5.311E-05  2.930E+02  1.267E+03
   0.08065   8    0.31878  52   1.013E+05 -1.103E-10  4.562E-05  2.930E+02  1.252E+03
   0.08065   8    0.32509  53   1.013E+05 -8.942E-11  3.304E-05  2.930E+02  1.240E+03
   0.08065   8    0.33141  54   1.013E+05 -7.837E-11  2.291E-05  2.930E+02  1.230E+03
   0.08065   8    0.33772  55   1.013E+05 -6.199E-11  1.245E-05  2.930E+02  1.221E+03
   0.08065   8    0.34403  56   1.013E+05 -5.504E-11  9.227E-06  2.930E+02  1.214E+03
   0.08065   8    0.35034  57   1.013E+05 -4.895E-11  6.812E-06  2.930E+02  1.208E+03
   0.08065   8    0.35666  58   1.013E+05 -4.337E-11 -2.652E-06  2.930E+02  1.204E+03
   0.08065   8    0.36297  59   1.013E+05 -3.794E-11 -4.225E-06  2.930E+02  1.200E+03
   0.08065   8    0.36928  60   1.013E+05 -3.738E-11 -5.339E-06  2.930E+02  1.197E+03
   0.08065   8    0.37559  61   1.013E+05 -2.939E-11 -1.464E-05  2.930E+02  1.194E+03
   0.08065   8    0.38191  62   1.013E+05 -2.281E-11 -1.111E-05  2.930E+02  1.192E+03
   0.08065   8    0.38822  63   1.013E+05 -2.066E-11 -1.451E-07  2.930E+02  1.191E+03
   0.08065   8    0.39453  64   1.013E+05 -1.549E-11 -8.296E-06  2.930E+02  1.190E+03
   0.08065   8    0.40084  65   1.013E+05 -1.173E-11 -2.165E-05  2.930E+02  1.189E+03
   0.08065   8    0.40716  66   1.013E+05 -1.022E-11 -2.237E-05  2.930E+02  1.189E+03
   0.08065   8    0.41347  67   1.013E+05 -9.945E-12 -1.890E-05  2.930E+02  1.188E+03
   0.08065   8    0.41978  68   1.013E+05 -1.016E-11 -1.623E-05  2.930E+02  1.188E+03
   0.08065   8    0.42609  69   1.013E+05 -1.024E-11 -1.369E-05  2.930E+02  1.188E+03
   0.08065   8    0.43241  70   1.013E+05 -1.029E-11 -1.043E-05  2.930E+02  1.188E+03
   0.08065   8    0.43872  71   1.013E+05 -1.554E-11 -1.250E-05  2.930E+02  1.188E+03
   0.08065   8    0.44503  72   1.013E+05 -1.195E-11 -2.223E-05  2.930E+02  1.188E+03
   0.08065   8    0.45134  73   1.013E+05 -9.333E-12 -1.946E-05  2.930E+02  1.189E+03
   0.08065   8    0.45766  74   1.013E+05 -1.215E-11 -1.025E-05  2.930E+02  1.189E+03
   0.08065   8    0.46397  75   1.013E+05 -6.122E-12 -1.612E-05  2.930E+02  1.189E+03
   0.08065   8    0.47028  76   1.013E+05 -2.689E-12 -1.468E-05  2.930E+02  1.189E+03
   0.08065   8    0.47659  77   1.013E+05 -5.426E-12 -6.106E-06  2.930E+02  1.189E+03
   0.08065   8    0.48291  78   1.013E+05  5.772E-13 -1.181E-05  2.930E+02  1.189E+03
   0.08065   8    0.48922  79   1.013E+05 -1.569E-12 -1.600E-05  2.930E+02  1.190E+03
   0.08065   8    0.49553  80   1.013E+05 -5.228E-14 -1.685E-05  2.930E+02  1.190E+03
   0.08065   8    0.50184  81   1.013E+05  1.988E-12 -3.575E-06  2.930E+02  1.190E+03
   0.08065   8    0.50500  82   1.013E+05  0.000E+00 -3.575E-06  2.930E+02  1.190E+03
   0.09305   9    0.00000   1   1.013E+05  0.000E+00  0.000E+00  2.930E+02  2.930E+02
   0.09305   9    0.00316   2   1.013E+05  1.990E-07 -5.800E-04  2.930E+02  9.215E+02
   0.09305   9    0.00947   3   1.013E+05  2.110E-07  1.342E-04  2.930E+02  2.116E+03
   0.09305   9    0.01578   4   1.013E+05  2.340E-07  2.459E-04  2.930E+02  3.185E+03
   0.09305   9    0.02209   5   1.013E+05  2.714E-07  2.654E-04  2.930E+02  4.106E+03
   0.09305   9    0.02841   6   1.013E+05  3.128E-07  2.431E-04  2.930E+02  4.872E+03
   0.09305   9    0.03472   7   1.013E+05  3.401E-07  1.758E-04  2.930E+02  5.496E+03
   0.09305   9    0.04103   8   1.013E+05  3.604E-07  8.186E-05  2.930E+02  6.004E+03
   0.09305   9    0.04734   9   1.013E+05  3.423E-07 -2.453E-05  2.931E+02  6.423E+03
   0.09305   9    0.05366  10   1.013E+05  3.332E-07 -1.520E-04  2.932E+02  6.783E+03
   0.09305   9    0.05997  11   1.013E+05  2.867E-07 -3.019E-04  2.937E+02  7.101E+03
   0.09305   9    0.06628  12   1.013E+05  2.429E-07 -4.691E-04  2.952E+02  7.392E+03
   0.09305   9    0.07259  13   1.013E+05  1.984E-07 -6.536E-04  2.993E+02  7.667E+03
   0.09305   9    0.07891  14   1.013E+05  1.580E-07 -8.435E-04  3.095E+02  7.936E+03
   0.09305   9    0.08522  15   1.013E+05  1.215E-07 -1.094E-03  3.314E+02  8.217E+03
   0.09305   9    0.09153  16   1.013E+05  8.860E-08  9.178E-04  3.711E+02  8.549E+03
   0.09305   9    0.09784  17   1.013E+05  6.047E-08  5.734E-04  3.314E+02  8.038E+03
   0.09305   9    0.10416  18   1.013E+05  3.846E-08  1.237E-03  3.095E+02  7.665E+03
   0.09305   9    0.11047  19   1.013E+05  2.149E-08  1.728E-03  2.993E+02  7.337E+03
   0.09305   9    0.11678  20   1.013E+05  9.001E-09  2.040E-03  2.952E+02  7.021E+03
   0.09305   9    0.12309  21   1.013E+05  3.221E-10  2.209E-03  2.937E+02  6.700E+03
   0.09305   9    0.12941  22   1.013E+05 -5.267E-09  2.275E-03  2.932E+02  6.370E+03
   0.09305   9    0.13572  23   1.013E+05 -8.496E-09  2.262E-03  2.931E+02  6.030E+03
   0.09305   9    0.14203  24   1.013E+05 -1.002E-08  2.183E-03  2.930E+02  5.680E+03
   0.09305   9    0.14834  25   1.013E+05 -1.038E-08  2.056E-03  2.930E+02  5.324E+03
   0.09305   9    0.15466  26   1.013E+05 -1.002E-08  1.895E-03  2.930E+02  4.967E+03
   0.09305   9    0.16097  27   1.013E+05 -9.236E-09  1.720E-03  2.930E+02  4.615E+03
   0.09305   9    0.16728  28   1.013E+05 -8.256E-09  1.558E-03  2.930E+02  4.274E+03
   0.09305   9    0.17359  29   1.013E+05 -7.228E-09  1.408E-03  2.930E+02  3.950E+03
   0.09305   9    0.17991  30   1.013E+05 -6.232E-09  1.252E-03  2.930E+02  3.643E+03
   0.09305   9    0.18622  31   1.013E+05 -5.310E-09  1.104E-03  2.930E+02  3.357E+03
   0.09305   9    0.19253  32   1.013E+05 -4.496E-09  9.806E-04  2.930E+02  3.095E+03
   0.09305   9    0.19884  33   1.013E+05 -3.785E-09  8.677E-04  2.930E+02  2.856E+03
   0.09305   9    0.20516  34   1.013E+05 -3.180E-09  7.564E-04  2.930E+02  2.639E+03
   0.09305   9    0.21147  35   1.013E+05 -2.662E-09  6.581E-04  2.930E+02  2.446E+03
   0.09305   9    0.21778  36   1.013E+05 -2.229E-09  5.765E-04  2.930E+02  2.274E+03
   0.09305   9    0.22409  37   1.013E+05 -1.866E-09  5.028E-04  2.930E+02  2.122E+03
   0.09305   9    0.23041  38   1.013E+05 -1.558E-09  4.357E-04  2.930E+02  1.989E+03
   0.09305   9    0.23672  39   1.013E+05 -1.307E-09  3.809E-04  2.930E+02  1.872E+03
   0.09305   9    0.24303  40   1.013E+05 -1.093E-09  3.303E-04  2.930E+02  1.771E+03
   0.09305   9    0.24934  41   1.013E+05 -9.214E-10  2.826E-04  2.930E+02  1.683E+03
   0.09305   9    0.25566  42   1.013E+05 -7.733E-10  2.428E-04  2.930E+02  1.607E+03
   0.09305   9    0.26197  43   1.013E+05 -6.581E-10  2.102E-04  2.930E+02  1.541E+03
   0.09305   9    0.26828  44   1.013E+05 -5.624E-10  1.779E-04  2.930E+02  1.485E+03
   0.09305   9    0.27459  45   1.013E+05 -4.821E-10  1.438E-04  2.930E+02  1.437E+03
   0.09305   9    0.28091  46   1.013E+05 -4.160E-10  1.204E-04  2.930E+02  1.396E+03
   0.09305   9    0.28722  47   1.013E+05 -3.600E-10  1.058E-04  2.930E+02  1.361E+03
   0.09305   9    0.29353  48   1.013E+05 -3.109E-10  9.438E-05  2.930E+02  1.331E+03
   0.09305   9    0.29984  49   1.013E+05 -2.729E-10  8.036E-05  2.930E+02  1.306E+03
   0.09305   9    0.30616  50   1.013E+05 -2.325E-10  6.205E-05  2.930E+02  1.285E+03
   0.09305   9    0.31247  51   1.013E+05 -2.029E-10  5.311E-05  2.930E+02  1.267E+03
   0.09305   9    0.31878  52   1.013E+05 -1.732E-10  4.562E-05  2.930E+02  1.252E+03
   0.09305   9    0.32509  53   1.013E+05 -1.464E-10  3.304E-05  2.930E+02  1.240E+03
   0.09305   9    0.33141  54   1.013E+05 -1.297E-10  2.291E-05  2.930E+02  1.230E+03
   0.09305   9    0.33772  55   1.013E+05 -1.073E-10  1.245E-05  2.930E+02  1.221E+03
   0.09305   9    0.34403  56   1.013E+05 -9.411E-11  9.227E-06  2.930E+02  1.214E+03
   0.09305   9    0.35034  57   1.013E+05 -8.221E-11  6.812E-06  2.930E+02  1.208E+03
   0.09305   9    0.35666  58   1.013E+05 -7.073E-11 -2.652E-06  2.930E+02  1.204E+03
   0.09305   9    0.36297  59   1.013E+05 -5.930E-11 -4.225E-06  2.930E+02  1.200E+03
   0.09305   9    0.36928  60   1.013E+05 -5.385E-11 -5.339E-06  2.930E+02  1.197E+03
   0.09305   9    0.37559  61   1.013E+05 -4.176E-11 -1.464E-05  2.930E+02  1.194E+03
   0.09305   9    0.38191  62   1.013E+05 -3.212E-11 -1.111E-05  2.930E+02  1.192E+03
   0.09305   9    0.38822  63   1.013E+05 -2.964E-11 -1.451E-07  2.930E+02  1.191E+03
   0.09305   9    0.39453  64   1.013E+05 -2.545E-11 -8.296E-06  2.930E+02  1.190E+03
   0.09305   9    0.40084  65   1.013E+05 -2.092E-11 -2.165E-05  2.930E+02  1.189E+03
   0.09305   9    0.40716  66   1.013E+05 -1.718E-11 -2.237E-05  2.930E+02  1.189E+03
   0.09305   9    0.41347  67   1.013E+05 -1.463E-11 -1.890E-05  2.930E+02  1.188E+03
   0.09305   9    0.41978  68   1.013E+05 -1.316E-11 -1.623E-05  2.930E+02  1.188E+03
   0.09305   9    0.42609  69   1.013E+05 -1.173E-11 -1.369E-05  2.930E+02  1.188E+03
   0.09305   9    0.43241  70   1.013E+05 -1.083E-11 -1.043E-05  2.930E+02  1.188E+03
   0.09305   9    0.43872  71   1.013E+05 -1.545E-11 -1.250E-05  2.930E+02  1.188E+03
   0.09305   9    0.44503  72   1.013E+05 -1.030E-11 -2.223E-05  2.930E+02  1.188E+03
   0.09305   9    0.45134  73   1.013E+05 -5.880E-12 -1.946E-05  2.930E+02  1.189E+03
   0.09305   9    0.45766  74   1.013E+05 -8.242E-12 -1.025E-05  2.930E+02  1.189E+03
   0.09305   9    0.46397  75   1.013E+05 -2.514E-12 -1.612E-05  2.930E+02  1.189E+03
   0.09305   9    0.47028  76   1.013E+05  9.655E-13 -1.468E-05  2.930E+02  1.189E+03
   0.09305   9    0.47659  77   1.013E+05 -2.651E-12 -6.106E-06  2.930E+02  1.189E+03
   0.09305   9    0.48291  78   1.013E+05  2.294E-12 -1.181E-05  2.930E+02  1.189E+03
   0.09305   9    0.48922  79   1.013E+05  5.027E-13 -1.600E-05  2.930E+02  1.190E+03
   0.09305   9    0.49553  80   1.013E+05  2.878E-12 -1.685E-05  2.930E+02  1.190E+03
   0.09305   9    0.50184  81   1.013E+05  5.606E-12 -3.575E-06  2.930E+02  1.190E+03
   0.09305   9    0.50500  82   1.013E+05  0.000E+00 -3.575E-06  2.930E+02  1.190E+03
   0.10546  10    0.00000   1   1.013E+05  0.000E+00  0.000E+00  2.930E+02  2.930E+02
   0.10546  10    0.00316   2   1.013E+05  1.989E-07 -5.800E-04  2.930E+02  9.215E+02
   0.10546  10    0.00947   3   1.013E+05  2.129E-07  1.342E-04  2.930E+02  2.116E+03
   0.10546  10    0.01578   4   1.013E+05  2.371E-07  2.459E-04  2.930E+02  3.185E+03
   0.10546  10    0.02209   5   1.013E+05  2.727E-07  2.655E-04  2.930E+02  4.106E+03
   0.10546  10    0.02841   6   1.013E+05  3.091E-07  2.431E-04  2.930E+02  4.872E+03
   0.10546  10    0.03472   7   1.013E+05  3.169E-07  1.758E-04  2.930E+02  5.496E+03
   0.10546  10    0.04103   8   1.013E+05  3.249E-07  8.189E-05  2.930E+02  6.004E+03
   0.10546  10    0.04734   9   1.013E+05  1.060E-07 -2.452E-05  2.931E+02  6.423E+03
   0.10546  10    0.05366  10   1.013E+05  2.918E-07 -1.520E-04  2.932E+02  6.783E+03
   0.10546  10    0.05997  11   1.013E+05  2.444E-07 -3.019E-04  2.937E+02  7.101E+03
   0.10546  10    0.06628  12   1.013E+05  2.214E-07 -4.691E-04  2.952E+02  7.392E+03
   0.10546  10    0.07259  13   1.013E+05  1.828E-07 -6.536E-04  2.993E+02  7.667E+03
   0.10546  10    0.07891  14   1.013E+05  1.473E-07 -8.435E-04  3.095E+02  7.936E+03
   0.10546  10    0.08522  15   1.013E+05  1.154E-07 -1.094E-03  3.314E+02  8.217E+03
   0.10546  10    0.09153  16   1.013E+05  8.499E-08  9.179E-04  3.711E+02  8.549E+03
   0.10546  10    0.09784  17   1.013E+05  5.810E-08  5.734E-04  3.314E+02  8.038E+03
   0.10546  10    0.10416  18   1.013E+05  3.799E-08  1.237E-03  3.095E+02  7.665E+03
   0.10546  10    0.11047  19   1.013E+05  2.197E-08  1.728E-03  2.993E+02  7.337E+03
   0.10546  10    0.11678  20   1.013E+05  1.001E-08  2.040E-03  2.952E+02  7.021E+03
   0.10546  10    0.12309  21   1.013E+05  1.546E-09  2.209E-03  2.937E+02  6.700E+03
   0.10546  10    0.12941  22   1.013E+05 -4.053E-09  2.275E-03  2.932E+02  6.370E+03
   0.10546  10    0.13572  23   1.013E+05 -7.451E-09  2.262E-03  2.931E+02  6.030E+03
   0.10546  10    0.14203  24   1.013E+05 -9.235E-09  2.183E-03  2.930E+02  5.680E+03
   0.10546  10    0.14834  25   1.013E+05 -9.890E-09  2.056E-03  2.930E+02  5.324E+03
   0.10546  10    0.15466  26   1.013E+05 -9.800E-09  1.895E-03  2.930E+02  4.967E+03
   0.10546  10    0.16097  27   1.013E+05 -9.233E-09  1.720E-03  2.930E+02  4.615E+03
   0.10546  10    0.16728  28   1.013E+05 -8.414E-09  1.558E-03  2.930E+02  4.274E+03
   0.10546  10    0.17359  29   1.013E+05 -7.518E-09  1.408E-03  2.930E+02  3.950E+03
   0.10546  10    0.17991  30   1.013E+05 -6.622E-09  1.252E-03  2.930E+02  3.643E+03
   0.10546  10    0.18622  31   1.013E+05 -5.748E-09  1.104E-03  2.930E+02  3.357E+03
   0.10546  10    0.19253  32   1.013E+05 -4.951E-09  9.806E-04  2.930E+02  3.095E+03
   0.10546  10    0.19884  33   1.013E+05 -4.250E-09  8.677E-04  2.930E+02  2.856E+03
   0.10546  10    0.20516  34   1.013E+05 -3.637E-09  7.564E-04  2.930E+02  2.639E+03
   0.10546  10    0.21147  35   1.013E+05 -3.091E-09  6.581E-04  2.930E+02  2.446E+03
   0.10546  10    0.21778  36   1.013E+05 -2.625E-09  5.765E-04  2.930E+02  2.274E+03
   0.10546  10    0.22409  37   1.013E+05 -2.232E-09  5.028E-04  2.930E+02  2.122E+03
   0.10546  10    0.23041  38   1.013E+05 -1.891E-09  4.357E-04  2.930E+02  1.989E+03
   0.10546  10    0.23672  39   1.013E+05 -1.611E-09  3.809E-04  2.930E+02  1.872E+03
   0.10546  10    0.24303  40   1.013E+05 -1.374E-09  3.303E-04  2.930E+02  1.771E+03
   0.10546  10    0.24934  41   1.013E+05 -1.179E-09  2.826E-04  2.930E+02  1.683E+03
   0.10546  10    0.25566  42   1.013E+05 -1.004E-09  2.428E-04  2.930E+02  1.607E+03
   0.10546  10    0.26197  43   1.013E+05 -8.660E-10  2.102E-04  2.930E+02  1.541E+03
   0.10546  10    0.26828  44   1.013E+05 -7.507E-10  1.779E-04  2.930E+02  1.485E+03
   0.10546  10    0.27459  45   1.013E+05 -6.426E-10  1.438E-04  2.930E+02  1.437E+03
   0.10546  10    0.28091  46   1.013E+05 -5.413E-10  1.204E-04  2.930E+02  1.396E+03
   0.10546  10    0.28722  47   1.013E+05 -4.574E-10  1.058E-04  2.930E+02  1.361E+03
   0.10546  10    0.29353  48   1.013E+05 -3.935E-10  9.438E-05  2.930E+02  1.331E+03
   0.10546  10    0.29984  49   1.013E+05 -3.499E-10  8.036E-05  2.930E+02  1.306E+03
   0.10546  10    0.30616  50   1.013E+05 -3.001E-10  6.205E-05  2.930E+02  1.285E+03
   0.10546  10    0.31247  51   1.013E+05 -2.598E-10  5.311E-05  2.930E+02  1.267E+03
   0.10546  10    0.31878  52   1.013E+05 -2.292E-10  4.562E-05  2.930E+02  1.252E+03
   0.10546  10    0.32509  53   1.013E+05 -2.022E-10  3.304E-05  2.930E+02  1.240E+03
   0.10546  10    0.33141  54   1.013E+05 -1.806E-10  2.291E-05  2.930E+02  1.230E+03
   0.10546  10    0.33772  55   1.013E+05 -1.488E-10  1.245E-05  2.930E+02  1.221E+03
   0.10546  10    0.34403  56   1.013E+05 -1.254E-10  9.227E-06  2.930E+02  1.214E+03
   0.10546  10    0.35034  57   1.013E+05 -1.114E-10  6.812E-06  2.930E+02  1.208E+03
   0.10546  10    0.35666  58   1.013E+05 -9.483E-11 -2.652E-06  2.930E+02  1.204E+03
   0.10546  10    0.36297  59   1.013E+05 -7.414E-11 -4.225E-06  2.930E+02  1.200E+03
   0.10546  10    0.36928  60   1.013E+05 -6.773E-11 -5.339E-06  2.930E+02  1.197E+03
   0.10546  10    0.37559  61   1.013E+05 -4.838E-11 -1.464E-05  2.930E+02  1.194E+03
   0.10546  10    0.38191  62   1.013E+05 -2.642E-11 -1.111E-05  2.930E+02  1.192E+03
   0.10546  10    0.38822  63   1.013E+05 -3.365E-11 -1.451E-07  2.930E+02  1.191E+03
   0.10546  10    0.39453  64   1.013E+05 -4.748E-11 -8.296E-06  2.930E+02  1.190E+03
   0.10546  10    0.40084  65   1.013E+05 -3.882E-11 -2.165E-05  2.930E+02  1.189E+03
   0.10546  10    0.40716  66   1.013E+05 -1.996E-11 -2.237E-05  2.930E+02  1.189E+03
   0.10546  10    0.41347  67   1.013E+05 -8.933E-12 -1.890E-05  2.930E+02  1.188E+03
   0.10546  10    0.41978  68   1.013E+05 -4.526E-12 -1.623E-05  2.930E+02  1.188E+03
   0.10546  10    0.42609  69   1.013E+05 -3.076E-12 -1.369E-05  2.930E+02  1.188E+03
   0.10546  10    0.43241  70   1.013E+05 -7.442E-12 -1.043E-05  2.930E+02  1.188E+03
   0.10546  10    0.43872  71   1.013E+05 -2.051E-11 -1.250E-05  2.930E+02  1.188E+03
   0.10546  10    0.44503  72   1.013E+05 -1.113E-11 -2.223E-05  2.930E+02  1.188E+03
   0.10546  10    0.45134  73   1.013E+05  6.501E-12 -1.946E-05  2.930E+02  1.189E+03
   0.10546  10    0.45766  74   1.013E+05  1.235E-12 -1.025E-05  2.930E+02  1.189E+03
   0.10546  10    0.46397  75   1.013E+05  2.290E-12 -1.612E-05  2.930E+02  1.189E+03
   0.10546  10    0.47028  76   1.013E+05  1.184E-11 -1.468E-05  2.930E+02  1.189E+03
   0.10546  10    0.47659  77   1.013E+05  2.345E-12 -6.106E-06  2.930E+02  1.189E+03
   0.10546  10    0.48291  78   1.013E+05 -1.331E-12 -1.181E-05  2.930E+02  1.189E+03
   0.10546  10    0.48922  79   1.013E+05  1.759E-12 -1.600E-05  2.930E+02  1.190E+03
   0.10546  10    0.49553  80   1.013E+05  1.680E-11 -1.685E-05  2.930E+02  1.190E+03
   0.10546  10    0.50184  81   1.013E+05  2.478E-11 -3.575E-06  2.930E+02  1.190E+03
   0.10546  10    0.50500  82   1.013E+05  0.000E+00 -3.575E-06  2.930E+02  1.190E+03
   0.11787  11    0.00000   1   1.013E+05  0.000E+00  0.000E+00  2.930E+02  2.930E+02
   0.11787  11    0.00316   2   1.013E+05  9.235E-08 -5.800E-04  2.930E+02  9.215E+02
   0.11787  11    0.00947   3   1.013E+05  9.931E-08  1.342E-04  2.930E+02  2.116E+03
   0.11787  11    0.01578   4   1.013E+05  1.103E-07  2.459E-04  2.930E+02  3.185E+03
   0.11787  11    0.02209   5   1.013E+05  1.244E-07  2.655E-04  2.930E+02  4.106E+03
   0.11787  11    0.02841   6   1.013E+05  1.360E-07  2.431E-04  2.930E+02  4.872E+03
   0.11787  11    0.03472   7   1.013E+05  1.253E-07  1.758E-04  2.930E+02  5.496E+03
   0.11787  11    0.04103   8   1.013E+05  1.166E-07  8.147E-05  2.930E+02  6.004E+03
   0.11787  11    0.04734   9   1.013E+05 -9.151E-08 -2.453E-05  2.931E+02  6.423E+03
   0.11787  11    0.05366  10   1.013E+05  1.004E-07 -1.516E-04  2.932E+02  6.783E+03
   0.11787  11    0.05997  11   1.013E+05  8.438E-08 -3.019E-04  2.937E+02  7.101E+03
   0.11787  11    0.06628  12   1.013E+05  8.803E-08 -4.691E-04  2.952E+02  7.392E+03
   0.11787  11    0.07259  13   1.013E+05  7.559E-08 -6.536E-04  2.993E+02  7.667E+03
   0.11787  11    0.07891  14   1.013E+05  6.290E-08 -8.435E-04  3.095E+02  7.936E+03
   0.11787  11    0.08522  15   1.013E+05  5.095E-08 -1.094E-03  3.314E+02  8.217E+03
   0.11787  11    0.09153  16   1.013E+05  3.835E-08  9.179E-04  3.711E+02  8.549E+03
   0.11787  11    0.09784  17   1.013E+05  2.646E-08  5.734E-04  3.314E+02  8.038E+03
   0.11787  11    0.10416  18   1.013E+05  1.794E-08  1.237E-03  3.095E+02  7.665E+03
   0.11787  11    0.11047  19   1.013E+05  1.079E-08  1.728E-03  2.993E+02  7.337E+03
   0.11787  11    0.11678  20   1.013E+05  5.327E-09  2.040E-03  2.952E+02  7.021E+03
   0.11787  11    0.12309  21   1.013E+05  1.357E-09  2.210E-03  2.937E+02  6.700E+03
   0.11787  11    0.12941  22   1.013E+05 -1.353E-09  2.275E-03  2.932E+02  6.370E+03
   0.11787  11    0.13572  23   1.013E+05 -3.078E-09  2.262E-03  2.931E+02  6.030E+03
   0.11787  11    0.14203  24   1.013E+05 -4.063E-09  2.183E-03  2.930E+02  5.680E+03
   0.11787  11    0.14834  25   1.013E+05 -4.511E-09  2.056E-03  2.930E+02  5.324E+03
   0.11787  11    0.15466  26   1.013E+05 -4.590E-09  1.895E-03  2.930E+02  4.967E+03
   0.11787  11    0.16097  27   1.013E+05 -4.411E-09  1.720E-03  2.930E+02  4.615E+03
   0.11787  11    0.16728  28   1.013E+05 -4.085E-09  1.558E-03  2.930E+02  4.274E+03
   0.11787  11    0.17359  29   1.013E+05 -3.712E-09  1.408E-03  2.930E+02  3.950E+03
   0.11787  11    0.17991  30   1.013E+05 -3.328E-09  1.252E-03  2.930E+02  3.643E+03
   0.11787  11    0.18622  31   1.013E+05 -2.929E-09  1.104E-03  2.930E+02  3.357E+03
   0.11787  11    0.19253  32   1.013E+05 -2.560E-09  9.806E-04  2.930E+02  3.095E+03
   0.11787  11    0.19884  33   1.013E+05 -2.233E-09  8.677E-04  2.930E+02  2.856E+03
   0.11787  11    0.20516  34   1.013E+05 -1.944E-09  7.564E-04  2.930E+02  2.639E+03
   0.11787  11    0.21147  35   1.013E+05 -1.675E-09  6.581E-04  2.930E+02  2.446E+03
   0.11787  11    0.21778  36   1.013E+05 -1.443E-09  5.765E-04  2.930E+02  2.274E+03
   0.11787  11    0.22409  37   1.013E+05 -1.248E-09  5.028E-04  2.930E+02  2.122E+03
   0.11787  11    0.23041  38   1.013E+05 -1.071E-09  4.357E-04  2.930E+02  1.989E+03
   0.11787  11    0.23672  39   1.013E+05 -9.274E-10  3.809E-04  2.930E+02  1.872E+03
   0.11787  11    0.24303  40   1.013E+05 -8.015E-10  3.303E-04  2.930E+02  1.771E+03
   0.11787  11    0.24934  41   1.013E+05 -6.966E-10  2.826E-04  2.930E+02  1.683E+03
   0.11787  11    0.25566  42   1.013E+05 -5.954E-10  2.428E-04  2.930E+02  1.607E+03
   0.11787  11    0.26197  43   1.013E+05 -5.174E-10  2.102E-04  2.930E+02  1.541E+03
   0.11787  11    0.26828  44   1.013E+05 -4.511E-10  1.779E-04  2.930E+02  1.485E+03
   0.11787  11    0.27459  45   1.013E+05 -3.845E-10  1.438E-04  2.930E+02  1.437E+03
   0.11787  11    0.28091  46   1.013E+05 -3.193E-10  1.204E-04  2.930E+02  1.396E+03
   0.11787  11    0.28722  47   1.013E+05 -2.664E-10  1.058E-04  2.930E+02  1.361E+03
   0.11787  11    0.29353  48   1.013E+05 -2.286E-10  9.438E-05  2.930E+02  1.331E+03
   0.11787  11    0.29984  49   1.013E+05 -2.077E-10  8.036E-05  2.930E+02  1.306E+03
   0.11787  11    0.30616  50   1.013E+05 -1.781E-10  6.205E-05  2.930E+02  1.285E+03
   0.11787  11    0.31247  51   1.013E+05 -1.560E-10  5.311E-05  2.930E+02  1.267E+03
   0.11787  11    0.31878  52   1.013E+05 -1.406E-10  4.562E-05  2.930E+02  1.252E+03
   0.11787  11    0.32509  53   1.013E+05 -1.263E-10  3.304E-05  2.930E+02  1.240E+03
   0.11787  11    0.33141  54   1.013E+05 -1.157E-10  2.291E-05  2.930E+02  1.230E+03
   0.11787  11    0.33772  55   1.013E+05 -9.343E-11  1.245E-05  2.930E+02  1.221E+03
   0.11787  11    0.34403  56   1.013E+05 -7.810E-11  9.227E-06  2.930E+02  1.214E+03
   0.11787  11    0.35034  57   1.013E+05 -7.044E-11  6.812E-06  2.930E+02  1.208E+03
   0.11787  11    0.35666  58   1.013E+05 -5.952E-11 -2.652E-06  2.930E+02  1.204E+03
   0.11787  11    0.36297  59   1.013E+05 -4.454E-11 -4.225E-06  2.930E+02  1.200E+03
   0.11787  11    0.36928  60   1.013E+05 -4.322E-11 -5.339E-06  2.930E+02  1.197E+03
   0.11787  11    0.37559  61   1.013E+05 -2.896E-11 -1.464E-05  2.930E+02  1.194E+03
   0.11787  11    0.38191  62   1.013E+05 -1.153E-11 -1.111E-05  2.930E+02  1.192E+03
   0.11787  11    0.38822  63   1.013E+05 -2.089E-11 -1.452E-07  2.930E+02  1.191E+03
   0.11787  11    0.39453  64   1.013E+05 -3.540E-11 -8.296E-06  2.930E+02  1.190E+03
   0.11787  11    0.40084  65   1.013E+05 -2.869E-11 -2.165E-05  2.930E+02  1.189E+03
   0.11787  11    0.40716  66   1.013E+05 -1.258E-11 -2.237E-05  2.930E+02  1.189E+03
   0.11787  11    0.41347  67   1.013E+05 -3.565E-12 -1.890E-05  2.930E+02  1.188E+03
   0.11787  11    0.41978  68   1.013E+05  7.619E-14 -1.623E-05  2.930E+02  1.188E+03
   0.11787  11    0.42609  69   1.013E+05  1.430E-12 -1.369E-05  2.930E+02  1.188E+03
   0.11787  11    0.43241  70   1.013E+05 -2.431E-12 -1.043E-05  2.930E+02  1.188E+03
   0.11787  11    0.43872  71   1.013E+05 -1.518E-11 -1.250E-05  2.930E+02  1.188E+03
   0.11787  11    0.44503  72   1.013E+05 -7.165E-12 -2.223E-05  2.930E+02  1.188E+03
   0.11787  11    0.45134  73   1.013E+05  8.148E-12 -1.946E-05  2.930E+02  1.189E+03
   0.11787  11    0.45766  74   1.013E+05  1.296E-12 -1.025E-05  2.930E+02  1.189E+03
   0.11787  11    0.46397  75   1.013E+05  1.447E-12 -1.612E-05  2.930E+02  1.189E+03
   0.11787  11    0.47028  76   1.013E+05  9.843E-12 -1.468E-05  2.930E+02  1.189E+03
   0.11787  11    0.47659  77   1.013E+05  3.422E-13 -6.106E-06  2.930E+02  1.189E+03
   0.11787  11    0.48291  78   1.013E+05 -2.920E-12 -1.181E-05  2.930E+02  1.189E+03
   0.11787  11    0.48922  79   1.013E+05 -4.447E-13 -1.600E-05  2.930E+02  1.190E+03
   0.11787  11    0.49553  80   1.013E+05  1.373E-11 -1.685E-05  2.930E+02  1.190E+03
   0.11787  11    0.50184  81   1.013E+05  2.090E-11 -3.576E-06  2.930E+02  1.190E+03
   0.11787  11    0.50500  82   1.013E+05  0.000E+00 -3.576E-06  2.930E+02  1.190E+03
   0.12407  12    0.00000   1   1.013E+05  0.000E+00  0.000E+00  2.930E+02  2.930E+02
   0.12407  12    0.00316   2   1.013E+05  9.235E-08 -5.800E-04  2.930E+02  9.215E+02
   0.12407  12    0.00947   3   1.013E+05  9.931E-08  1.342E-04  2.930E+02  2.116E+03
   0.12407  12    0.01578   4   1.013E+05  1.103E-07  2.459E-04  2.930E+02  3.185E+03
   0.12407  12    0.02209   5   1.013E+05  1.244E-07  2.655E-04  2.930E+02  4.106E+03
   0.12407  12    0.02841   6   1.013E+05  1.360E-07  2.431E-04  2.930E+02  4.872E+03
   0.12407  12    0.03472   7   1.013E+05  1.253E-07  1.758E-04  2.930E+02  5.496E+03
   0.12407  12    0.04103   8   1.013E+05  1.166E-07  8.147E-05  2.930E+02  6.004E+03
   0.12407  12    0.04734   9   1.013E+05 -9.151E-08 -2.453E-05  2.931E+02  6.423E+03
   0.12407  12    0.05366  10   1.013E+05  1.004E-07 -1.516E-04  2.932E+02  6.783E+03
   0.12407  12    0.05997  11   1.013E+05  8.438E-08 -3.019E-04  2.937E+02  7.101E+03
   0.12407  12    0.06628  12   1.013E+05  8.803E-08 -4.691E-04  2.952E+02  7.392E+03
   0.12407  12    0.07259  13   1.013E+05  7.559E-08 -6.536E-04  2.993E+02  7.667E+03
   0.12407  12    0.07891  14   1.013E+05  6.290E-08 -8.435E-04  3.095E+02  7.936E+03
   0.12407  12    0.08522  15   1.013E+05  5.095E-08 -1.094E-03  3.314E+02  8.217E+03
   0.12407  12    0.09153  16   1.013E+05  3.835E-08  9.179E-04  3.711E+02  8.549E+03
   0.12407  12    0.09784  17   1.013E+05  2.646E-08  5.734E-04  3.314E+02  8.038E+03
   0.12407  12    0.10416  18   1.013E+05  1.794E-08  1.237E-03  3.095E+02  7.665E+03
   0.12407  12    0.11047  19   1.013E+05  1.079E-08  1.728E-03  2.993E+02  7.337E+03
   0.12407  12    0.11678  20   1.013E+05  5.327E-09  2.040E-03  2.952E+02  7.021E+03
   0.12407  12    0.12309  21   1.013E+05  1.357E-09  2.210E-03  2.937E+02  6.700E+03
   0.12407  12    0.12941  22   1.013E+05 -1.353E-09  2.275E-03  2.932E+02  6.370E+03
   0.12407  12    0.13572  23   1.013E+05 -3.078E-09  2.262E-03  2.931E+02  6.030E+03
   0.12407  12    0.14203  24   1.013E+05 -4.063E-09  2.183E-03  2.930E+02  5.680E+03
   0.12407  12    0.14834  25   1.013E+05 -4.511E-09  2.056E-03  2.930E+02  5.324E+03
   0.12407  12    0.15466  26   1.013E+05 -4.590E-09  1.895E-03  2.930E+02  4.967E+03
   0.12407  12    0.16097  27   1.013E+05 -4.411E-09  1.720E-03  2.930E+02  4.615E+03
   0.12407  12    0.16728  28   1.013E+05 -4.085E-09  1.558E-03  2.930E+02  4.274E+03
   0.12407  12    0.17359  29   1.013E+05 -3.712E-09  1.408E-03  2.930E+02  3.950E+03
   0.12407  12    0.17991  30   1.013E+05 -3.328E-09  1.252E-03  2.930E+02  3.643E+03
   0.12407  12    0.18622  31   1.013E+05 -2.929E-09  1.104E-03  2.930E+02  3.357E+03
   0.12407  12    0.19253  32   1.013E+05 -2.560E-09  9.806E-04  2.930E+02  3.095E+03
   0.12407  12    0.19884  33   1.013E+05 -2.233E-09  8.677E-04  2.930E+02  2.856E+03
   0.12407  12    0.20516  34   1.013E+05 -1.944E-09  7.564E-04  2.930E+02  2.639E+03
   0.12407  12    0.21147  35   1.013E+05 -1.675E-09  6.581E-04  2.930E+02  2.446E+03
   0.12407  12    0.21778  36   1.013E+05 -1.443E-09  5.765E-04  2.930E+02  2.274E+03
   0.12407  12    0.22409  37   1.013E+05 -1.248E-09  5.028E-04  2.930E+02  2.122E+03
   0.12407  12    0.23041  38   1.013E+05 -1.071E-09  4.357E-04  2.930E+02  1.989E+03
   0.12407  12    0.23672  39   1.013E+05 -9.274E-10  3.809E-04  2.930E+02  1.872E+03
   0.12407  12    0.24303  40   1.013E+05 -8.015E-10  3.303E-04  2.930E+02  1.771E+03
   0.12407  12    0.24934  41   1.013E+05 -6.966E-10  2.826E-04  2.930E+02  1.683E+03
   0.12407  12    0.25566  42   1.013E+05 -5.954E-10  2.428E-04  2.930E+02  1.607E+03
   0.12407  12    0.26197  43   1.013E+05 -5.174E-10  2.102E-04  2.930E+02  1.541E+03
   0.12407  12    0.26828  44   1.013E+05 -4.511E-10  1.779E-04  2.930E+02  1.485E+03
   0.12407  12    0.27459  45   1.013E+05 -3.845E-10  1.438E-04  2.930E+02  1.437E+03
   0.12407  12    0.28091  46   1.013E+05 -3.193E-10  1.204E-04  2.930E+02  1.396E+03
   0.12407  12    0.28722  47   1.013E+05 -2.664E-10  1.058E-04  2.930E+02  1.361E+03
   0.12407  12    0.29353  48   1.013E+05 -2.286E-10  9.438E-05  2.930E+02  1.331E+03
   0.12407  12    0.29984  49   1.013E+05 -2.077E-10  8.036E-05  2.930E+02  1.306E+03
   0.12407  12    0.30616  50   1.013E+05 -1.781E-10  6.205E-05  2.930E+02  1.285E+03
   0.12407  12    0.31247  51   1.013E+05 -1.560E-10  5.311E-05  2.930E+02  1.267E+03
   0.12407  12    0.31878  52   1.013E+05 -1.406E-10  4.562E-05  2.930E+02  1.252E+03
   0.12407  12    0.32509  53   1.013E+05 -1.263E-10  3.304E-05  2.930E+02  1.240E+03
   0.12407  12    0.33141  54   1.013E+05 -1.157E-10  2.291E-05  2.930E+02  1.230E+03
   0.12407  12    0.33772  55   1.013E+05 -9.343E-11  1.245E-05  2.930E+02  1.221E+03
   0.12407  12    0.34403  56   1.013E+05 -7.810E-11  9.227E-06  2.930E+02  1.214E+03
   0.12407  12    0.35034  57   1.013E+05 -7.044E-11  6.812E-06  2.930E+02  1.208E+03
   0.12407  12    0.35666  58   1.013E+05 -5.952E-11 -2.652E-06  2.930E+02  1.204E+03
   0.12407  12    0.36297  59   1.013E+05 -4.454E-11 -4.225E-06  2.930E+02  1.200E+03
   0.12407  12    0.36928  60   1.013E+05 -4.322E-11 -5.339E-06  2.930E+02  1.197E+03
   0.12407  12    0.37559  61   1.013E+05 -2.896E-11 -1.464E-05  2.930E+02  1.194E+03
   0.12407  12    0.38191  62   1.013E+05 -1.153E-11 -1.111E-05  2.930E+02  1.192E+03
   0.12407  12    0.38822  63   1.013E+05 -2.089E-11 -1.452E-07  2.930E+02  1.191E+03
   0.12407  12    0.39453  64   1.013E+05 -3.540E-11 -8.296E-06  2.930E+02  1.190E+03
   0.12407  12    0.40084  65   1.013E+05 -2.869E-11 -2.165E-05  2.930E+02  1.189E+03
   0.12407  12    0.40716  66   1.013E+05 -1.258E-11 -2.237E-05  2.930E+02  1.189E+03
   0.12407  12    0.41347  67   1.013E+05 -3.565E-12 -1.890E-05  2.930E+02  1.188E+03
   0.12407  12    0.41978  68   1.013E+05  7.619E-14 -1.623E-05  2.930E+02  1.188E+03
   0.12407  12    0.42609  69   1.013E+05  1.430E-12 -1.369E-05  2.930E+02  1.188E+03
   0.12407  12    0.43241  70   1.013E+05 -2.431E-12 -1.043E-05  2.930E+02  1.188E+03
   0.12407  12    0.43872  71   1.013E+05 -1.518E-11 -1.250E-05  2.930E+02  1.188E+03
   0.12407  12    0.44503  72   1.013E+05 -7.165E-12 -2.223E-05  2.930E+02  1.188E+03
   0.12407  12    0.45134  73   1.013E+05  8.148E-12 -1.946E-05  2.930E+02  1.189E+03
   0.12407  12    0.45766  74   1.013E+05  1.296E-12 -1.025E-05  2.930E+02  1.189E+03
   0.12407  12    0.46397  75   1.013E+05  1.447E-12 -1.612E-05  2.930E+02  1.189E+03
   0.12407  12    0.47028  76   1.013E+05  9.843E-12 -1.468E-05  2.930E+02  1.189E+03
   0.12407  12    0.47659  77   1.013E+05  3.422E-13 -6.106E-06  2.930E+02  1.189E+03
   0.12407  12    0.48291  78   1.013E+05 -2.920E-12 -1.181E-05  2.930E+02  1.189E+03
   0.12407  12    0.48922  79   1.013E+05 -4.447E-13 -1.600E-05  2.930E+02  1.190E+03
   0.12407  12    0.49553  80   1.013E+05  1.373E-11 -1.685E-05  2.930E+02  1.190E+03
   0.12407  12    0.50184  81   1.013E+05  2.090E-11 -3.576E-06  2.930E+02  1.190E+03
   0.12407  12    0.50500  82   1.013E+05  0.000E+00 -3.576E-06  2.930E+02  1.190E+03
