# xp i yp j p u v ts tf
   0.00000   1    0.00000   1   1.012E+05 -3.786E-07 -3.179E-03  2.930E+02  2.960E+02
   0.00000   1    0.00316   2   1.012E+05 -3.786E-07 -3.179E-03  2.930E+02  2.960E+02
   0.00000   1    0.00947   3   1.012E+05 -4.703E-07 -3.261E-03  2.930E+02  3.023E+02
   0.00000   1    0.01578   4   1.012E+05 -1.071E-06 -5.425E-03  2.930E+02  3.085E+02
   0.00000   1    0.02209   5   1.012E+05 -6.205E-07 -7.437E-03  2.930E+02  3.141E+02
   0.00000   1    0.02841   6   1.012E+05 -5.801E-07 -9.296E-03  2.930E+02  3.190E+02
   0.00000   1    0.03472   7   1.012E+05 -5.329E-07 -1.104E-02  2.930E+02  3.236E+02
   0.00000   1    0.04103   8   1.012E+05 -9.894E-07 -1.268E-02  2.930E+02  3.277E+02
   0.00000   1    0.04734   9   1.012E+05 -1.347E-06 -1.423E-02  2.931E+02  3.316E+02
   0.00000   1    0.05366  10   1.012E+05 -1.261E-06 -1.569E-02  2.933E+02  3.353E+02
   0.00000   1    0.05997  11   1.012E+05 -6.850E-07 -1.707E-02  2.940E+02  3.388E+02
   0.00000   1    0.06628  12   1.012E+05 -3.977E-07 -1.838E-02  2.961E+02  3.423E+02
   0.00000   1    0.07259  13   1.012E+05 -2.958E-06 -1.963E-02  3.013E+02  3.461E+02
   0.00000   1    0.07891  14   1.012E+05 -2.461E-05 -2.087E-02  3.131E+02  3.519E+02
   0.00000   1    0.08522  15   1.012E+05 -2.214E-06 -2.212E-02  3.367E+02  3.754E+02
   0.00000   1    0.09153  16   1.012E+05  7.251E-08 -2.196E-02  3.772E+02  5.590E+02
   0.00000   1    0.09784  17   1.012E+05 -1.340E-07 -2.175E-02  3.367E+02  5.631E+02
   0.00000   1    0.10416  18   1.012E+05 -2.419E-08 -2.081E-02  3.131E+02  5.675E+02
   0.00000   1    0.11047  19   1.012E+05  4.639E-08 -1.990E-02  3.013E+02  5.723E+02
   0.00000   1    0.11678  20   1.012E+05  2.684E-07 -1.906E-02  2.961E+02  5.774E+02
   0.00000   1    0.12309  21   1.012E+05  5.155E-07 -1.823E-02  2.940E+02  5.830E+02
   0.00000   1    0.12941  22   1.013E+05  2.911E-07 -1.737E-02  2.933E+02  5.889E+02
   0.00000   1    0.13572  23   1.013E+05  9.260E-08 -1.647E-02  2.931E+02  5.953E+02
   0.00000   1    0.14203  24   1.013E+05  4.668E-08 -1.554E-02  2.930E+02  6.020E+02
   0.00000   1    0.14834  25   1.013E+05  1.518E-08 -1.457E-02  2.930E+02  6.093E+02
   0.00000   1    0.15466  26   1.013E+05  2.512E-09 -1.355E-02  2.930E+02  6.170E+02
   0.00000   1    0.16097  27   1.013E+05 -4.359E-09 -1.248E-02  2.930E+02  6.254E+02
   0.00000   1    0.16728  28   1.013E+05 -7.927E-09 -1.139E-02  2.930E+02  6.344E+02
   0.00000   1    0.17359  29   1.013E+05 -9.915E-09 -1.025E-02  2.930E+02  6.442E+02
   0.00000   1    0.17991  30   1.013E+05 -1.099E-08 -9.089E-03  2.930E+02  6.550E+02
   0.00000   1    0.18622  31   1.013E+05 -1.149E-08 -7.906E-03  2.930E+02  6.669E+02
   0.00000   1    0.19253  32   1.013E+05 -1.158E-08 -6.719E-03  2.930E+02  6.801E+02
   0.00000   1    0.19884  33   1.013E+05 -1.137E-08 -5.557E-03  2.930E+02  6.948E+02
   0.00000   1    0.20516  34   1.013E+05 -1.093E-08 -4.414E-03  2.930E+02  7.113E+02
   0.00000   1    0.21147  35   1.013E+05 -1.029E-08 -3.312E-03  2.930E+02  7.299E+02
   0.00000   1    0.21778  36   1.013E+05 -9.495E-09 -2.289E-03  2.930E+02  7.509E+02
   0.00000   1    0.22409  37   1.013E+05 -8.596E-09 -1.338E-03  2.930E+02  7.747E+02
   0.00000   1    0.23041  38   1.013E+05 -7.605E-09 -4.736E-04  2.930E+02  8.015E+02
   0.00000   1    0.23672  39   1.013E+05 -6.548E-09  2.856E-04  2.930E+02  8.318E+02
   0.00000   1    0.24303  40   1.013E+05 -5.460E-09  9.265E-04  2.930E+02  8.655E+02
   0.00000   1    0.24934  41   1.013E+05 -4.384E-09  1.443E-03  2.930E+02  9.034E+02
   0.00000   1    0.25566  42   1.013E+05 -3.352E-09  1.842E-03  2.930E+02  9.450E+02
   0.00000   1    0.26197  43   1.013E+05 -2.397E-09  2.122E-03  2.930E+02  9.907E+02
   0.00000   1    0.26828  44   1.013E+05 -1.547E-09  2.307E-03  2.930E+02  1.040E+03
   0.00000   1    0.27459  45   1.013E+05 -7.900E-10  2.421E-03  2.930E+02  1.092E+03
   0.00000   1    0.28091  46   1.013E+05 -1.217E-10  2.452E-03  2.930E+02  1.146E+03
   0.00000   1    0.28722  47   1.013E+05  4.261E-10  2.404E-03  2.930E+02  1.200E+03
   0.00000   1    0.29353  48   1.013E+05  8.385E-10  2.311E-03  2.930E+02  1.253E+03
   0.00000   1    0.29984  49   1.013E+05  1.146E-09  2.202E-03  2.930E+02  1.303E+03
   0.00000   1    0.30616  50   1.013E+05  1.374E-09  2.065E-03  2.930E+02  1.348E+03
   0.00000   1    0.31247  51   1.013E+05  1.517E-09  1.908E-03  2.930E+02  1.387E+03
   0.00000   1    0.31878  52   1.013E+05  1.590E-09  1.749E-03  2.930E+02  1.419E+03
   0.00000   1    0.32509  53   1.013E+05  1.605E-09  1.586E-03  2.930E+02  1.444E+03
   0.00000   1    0.33141  54   1.013E+05  1.578E-09  1.436E-03  2.930E+02  1.461E+03
   0.00000   1    0.33772  55   1.013E+05  1.535E-09  1.294E-03  2.930E+02  1.471E+03
   0.00000   1    0.34403  56   1.013E+05  1.465E-09  1.144E-03  2.930E+02  1.474E+03
   0.00000   1    0.35034  57   1.013E+05  1.365E-09  1.012E-03  2.930E+02  1.472E+03
   0.00000   1    0.35666  58   1.013E+05  1.263E-09  8.967E-04  2.930E+02  1.465E+03
   0.00000   1    0.36297  59   1.013E+05  1.154E-09  7.859E-04  2.930E+02  1.454E+03
   0.00000   1    0.36928  60   1.013E+05  1.049E-09  6.961E-04  2.930E+02  1.441E+03
   0.00000   1    0.37559  61   1.013E+05  9.557E-10  6.093E-04  2.930E+02  1.426E+03
   0.00000   1    0.38191  62   1.013E+05  8.617E-10  5.321E-04  2.930E+02  1.409E+03
   0.00000   1    0.38822  63   1.013E+05  7.827E-10  4.712E-04  2.930E+02  1.393E+03
   0.00000   1    0.39453  64   1.013E+05  7.125E-10  4.026E-04  2.930E+02  1.376E+03
   0.00000   1    0.40084  65   1.013E+05  6.262E-10  3.387E-04  2.930E+02  1.359E+03
   0.00000   1    0.40716  66   1.013E+05  5.410E-10  2.971E-04  2.930E+02  1.344E+03
   0.00000   1    0.41347  67   1.013E+05  4.772E-10  2.630E-04  2.930E+02  1.329E+03
   0.00000   1    0.41978  68   1.013E+05  4.228E-10  2.242E-04  2.930E+02  1.315E+03
   0.00000   1    0.42609  69   1.013E+05  3.609E-10  1.861E-04  2.930E+02  1.303E+03
   0.00000   1    0.43241  70   1.013E+05  2.953E-10  1.595E-04  2.930E+02  1.291E+03
   0.00000   1    0.43872  71   1.013E+05  2.434E-10  1.438E-04  2.930E+02  1.281E+03
   0.00000   1    0.44503  72   1.013E+05  2.061E-10  1.257E-04  2.930E+02  1.272E+03
   0.00000   1    0.45134  73   1.013E+05  1.709E-10  1.059E-04  2.930E+02  1.264E+03
   0.00000   1    0.45766  74   1.013E+05  1.341E-10  8.914E-05  2.930E+02  1.257E+03
   0.00000   1    0.46397  75   1.013E+05  1.032E-10  8.116E-05  2.930E+02  1.251E+03
   0.00000   1    0.47028  76   1.013E+05  9.106E-11  7.697E-05  2.930E+02  1.246E+03
   0.00000   1    0.47659  77   1.013E+05  8.196E-11  6.094E-05  2.930E+02  1.242E+03
   0.00000   1    0.48291  78   1.013E+05  6.898E-11  5.456E-05  2.930E+02  1.238E+03
   0.00000   1    0.48922  79   1.013E+05  7.191E-11  5.546E-05  2.930E+02  1.236E+03
   0.00000   1    0.49553  80   1.013E+05  1.042E-10  5.497E-05  2.930E+02  1.234E+03
   0.00000   1    0.50184  81   1.013E+05  1.166E-10 -6.071E-06  2.930E+02  1.234E+03
   0.00000   1    0.50500  82   1.013E+05  1.166E-10 -6.071E-06  2.930E+02  1.234E+03
   0.00620   2    0.00000   1   1.012E+05  0.000E+00  0.000E+00  2.930E+02  2.930E+02
   0.00620   2    0.00316   2   1.012E+05 -3.786E-07 -3.179E-03  2.930E+02  2.960E+02
   0.00620   2    0.00947   3   1.012E+05 -4.703E-07 -3.261E-03  2.930E+02  3.023E+02
   0.00620   2    0.01578   4   1.012E+05 -1.071E-06 -5.425E-03  2.930E+02  3.085E+02
   0.00620   2    0.02209   5   1.012E+05 -6.205E-07 -7.437E-03  2.930E+02  3.141E+02
   0.00620   2    0.02841   6   1.012E+05 -5.801E-07 -9.296E-03  2.930E+02  3.190E+02
   0.00620   2    0.03472   7   1.012E+05 -5.329E-07 -1.104E-02  2.930E+02  3.236E+02
   0.00620   2    0.04103   8   1.012E+05 -9.894E-07 -1.268E-02  2.930E+02  3.277E+02
   0.00620   2    0.04734   9   1.012E+05 -1.347E-06 -1.423E-02  2.931E+02  3.316E+02
   0.00620   2    0.05366  10   1.012E+05 -1.261E-06 -1.569E-02  2.933E+02  3.353E+02
   0.00620   2    0.05997  11   1.012E+05 -6.850E-07 -1.707E-02  2.940E+02  3.388E+02
   0.00620   2    0.06628  12   1.012E+05 -3.977E-07 -1.838E-02  2.961E+02  3.423E+02
   0.00620   2    0.07259  13   1.012E+05 -2.958E-06 -1.963E-02  3.013E+02  3.461E+02
   0.00620   2    0.07891  14   1.012E+05 -2.461E-05 -2.087E-02  3.131E+02  3.519E+02
   0.00620   2    0.08522  15   1.012E+05 -2.214E-06 -2.212E-02  3.367E+02  3.754E+02
   0.00620   2    0.09153  16   1.012E+05  7.251E-08 -2.196E-02  3.772E+02  5.590E+02
   0.00620   2    0.09784  17   1.012E+05 -1.340E-07 -2.175E-02  3.367E+02  5.631E+02
   0.00620   2    0.10416  18   1.012E+05 -2.419E-08 -2.081E-02  3.131E+02  5.675E+02
   0.00620   2    0.11047  19   1.012E+05  4.639E-08 -1.990E-02  3.013E+02  5.723E+02
   0.00620   2    0.11678  20   1.012E+05  2.684E-07 -1.906E-02  2.961E+02  5.774E+02
   0.00620   2    0.12309  21   1.012E+05  5.155E-07 -1.823E-02  2.940E+02  5.830E+02
   0.00620   2    0.12941  22   1.013E+05  2.911E-07 -1.737E-02  2.933E+02  5.889E+02
   0.00620   2    0.13572  23   1.013E+05  9.260E-08 -1.647E-02  2.931E+02  5.953E+02
   0.00620   2    0.14203  24   1.013E+05  4.668E-08 -1.554E-02  2.930E+02  6.020E+02
   0.00620   2    0.14834  25   1.013E+05  1.518E-08 -1.457E-02  2.930E+02  6.093E+02
   0.00620   2    0.15466  26   1.013E+05  2.512E-09 -1.355E-02  2.930E+02  6.170E+02
   0.00620   2    0.16097  27   1.013E+05 -4.359E-09 -1.248E-02  2.930E+02  6.254E+02
   0.00620   2    0.16728  28   1.013E+05 -7.927E-09 -1.139E-02  2.930E+02  6.344E+02
   0.00620   2    0.17359  29   1.013E+05 -9.915E-09 -1.025E-02  2.930E+02  6.442E+02
   0.00620   2    0.17991  30   1.013E+05 -1.099E-08 -9.089E-03  2.930E+02  6.550E+02
   0.00620   2    0.18622  31   1.013E+05 -1.149E-08 -7.906E-03  2.930E+02  6.669E+02
   0.00620   2    0.19253  32   1.013E+05 -1.158E-08 -6.719E-03  2.930E+02  6.801E+02
   0.00620   2    0.19884  33   1.013E+05 -1.137E-08 -5.557E-03  2.930E+02  6.948E+02
   0.00620   2    0.20516  34   1.013E+05 -1.093E-08 -4.414E-03  2.930E+02  7.113E+02
   0.00620   2    0.21147  35   1.013E+05 -1.029E-08 -3.312E-03  2.930E+02  7.299E+02
   0.00620   2    0.21778  36   1.013E+05 -9.495E-09 -2.289E-03  2.930E+02  7.509E+02
   0.00620   2    0.22409  37   1.013E+05 -8.596E-09 -1.338E-03  2.930E+02  7.747E+02
   0.00620   2    0.23041  38   1.013E+05 -7.605E-09 -4.736E-04  2.930E+02  8.015E+02
   0.00620   2    0.23672  39   1.013E+05 -6.548E-09  2.856E-04  2.930E+02  8.318E+02
   0.00620   2    0.24303  40   1.013E+05 -5.460E-09  9.265E-04  2.930E+02  8.655E+02
   0.00620   2    0.24934  41   1.013E+05 -4.384E-09  1.443E-03  2.930E+02  9.034E+02
   0.00620   2    0.25566  42   1.013E+05 -3.352E-09  1.842E-03  2.930E+02  9.450E+02
   0.00620   2    0.26197  43   1.013E+05 -2.397E-09  2.122E-03  2.930E+02  9.907E+02
   0.00620   2    0.26828  44   1.013E+05 -1.547E-09  2.307E-03  2.930E+02  1.040E+03
   0.00620   2    0.27459  45   1.013E+05 -7.900E-10  2.421E-03  2.930E+02  1.092E+03
   0.00620   2    0.28091  46   1.013E+05 -1.217E-10  2.452E-03  2.930E+02  1.146E+03
   0.00620   2    0.28722  47   1.013E+05  4.261E-10  2.404E-03  2.930E+02  1.200E+03
   0.00620   2    0.29353  48   1.013E+05  8.385E-10  2.311E-03  2.930E+02  1.253E+03
   0.00620   2    0.29984  49   1.013E+05  1.146E-09  2.202E-03  2.930E+02  1.303E+03
   0.00620   2    0.30616  50   1.013E+05  1.374E-09  2.065E-03  2.930E+02  1.348E+03
   0.00620   2    0.31247  51   1.013E+05  1.517E-09  1.908E-03  2.930E+02  1.387E+03
   0.00620   2    0.31878  52   1.013E+05  1.590E-09  1.749E-03  2.930E+02  1.419E+03
   0.00620   2    0.32509  53   1.013E+05  1.605E-09  1.586E-03  2.930E+02  1.444E+03
   0.00620   2    0.33141  54   1.013E+05  1.578E-09  1.436E-03  2.930E+02  1.461E+03
   0.00620   2    0.33772  55   1.013E+05  1.535E-09  1.294E-03  2.930E+02  1.471E+03
   0.00620   2    0.34403  56   1.013E+05  1.465E-09  1.144E-03  2.930E+02  1.474E+03
   0.00620   2    0.35034  57   1.013E+05  1.365E-09  1.012E-03  2.930E+02  1.472E+03
   0.00620   2    0.35666  58   1.013E+05  1.263E-09  8.967E-04  2.930E+02  1.465E+03
   0.00620   2    0.36297  59   1.013E+05  1.154E-09  7.859E-04  2.930E+02  1.454E+03
   0.00620   2    0.36928  60   1.013E+05  1.049E-09  6.961E-04  2.930E+02  1.441E+03
   0.00620   2    0.37559  61   1.013E+05  9.557E-10  6.093E-04  2.930E+02  1.426E+03
   0.00620   2    0.38191  62   1.013E+05  8.617E-10  5.321E-04  2.930E+02  1.409E+03
   0.00620   2    0.38822  63   1.013E+05  7.827E-10  4.712E-04  2.930E+02  1.393E+03
   0.00620   2    0.39453  64   1.013E+05  7.125E-10  4.026E-04  2.930E+02  1.376E+03
   0.00620   2    0.40084  65   1.013E+05  6.262E-10  3.387E-04  2.930E+02  1.359E+03
   0.00620   2    0.40716  66   1.013E+05  5.410E-10  2.971E-04  2.930E+02  1.344E+03
   0.00620   2    0.41347  67   1.013E+05  4.772E-10  2.630E-04  2.930E+02  1.329E+03
   0.00620   2    0.41978  68   1.013E+05  4.228E-10  2.242E-04  2.930E+02  1.315E+03
   0.00620   2    0.42609  69   1.013E+05  3.609E-10  1.861E-04  2.930E+02  1.303E+03
   0.00620   2    0.43241  70   1.013E+05  2.953E-10  1.595E-04  2.930E+02  1.291E+03
   0.00620   2    0.43872  71   1.013E+05  2.434E-10  1.438E-04  2.930E+02  1.281E+03
   0.00620   2    0.44503  72   1.013E+05  2.061E-10  1.257E-04  2.930E+02  1.272E+03
   0.00620   2    0.45134  73   1.013E+05  1.709E-10  1.059E-04  2.930E+02  1.264E+03
   0.00620   2    0.45766  74   1.013E+05  1.341E-10  8.914E-05  2.930E+02  1.257E+03
   0.00620   2    0.46397  75   1.013E+05  1.032E-10  8.116E-05  2.930E+02  1.251E+03
   0.00620   2    0.47028  76   1.013E+05  9.106E-11  7.697E-05  2.930E+02  1.246E+03
   0.00620   2    0.47659  77   1.013E+05  8.196E-11  6.094E-05  2.930E+02  1.242E+03
   0.00620   2    0.48291  78   1.013E+05  6.898E-11  5.456E-05  2.930E+02  1.238E+03
   0.00620   2    0.48922  79   1.013E+05  7.191E-11  5.546E-05  2.930E+02  1.236E+03
   0.00620   2    0.49553  80   1.013E+05  1.042E-10  5.497E-05  2.930E+02  1.234E+03
   0.00620   2    0.50184  81   1.013E+05  1.166E-10 -6.071E-06  2.930E+02  1.234E+03
   0.00620   2    0.50500  82   1.013E+05  0.000E+00 -6.071E-06  2.930E+02  1.234E+03
   0.01861   3    0.00000   1   1.012E+05  0.000E+00  0.000E+00  2.930E+02  2.930E+02
   0.01861   3    0.00316   2   1.012E+05 -5.181E-07 -3.179E-03  2.930E+02  2.960E+02
   0.01861   3    0.00947   3   1.012E+05 -5.939E-07 -3.263E-03  2.930E+02  3.023E+02
   0.01861   3    0.01578   4   1.012E+05 -1.023E-06 -5.425E-03  2.930E+02  3.085E+02
   0.01861   3    0.02209   5   1.012E+05 -9.416E-07 -7.436E-03  2.930E+02  3.141E+02
   0.01861   3    0.02841   6   1.012E+05 -1.022E-06 -9.296E-03  2.930E+02  3.190E+02
   0.01861   3    0.03472   7   1.012E+05 -1.821E-06 -1.104E-02  2.930E+02  3.236E+02
   0.01861   3    0.04103   8   1.012E+05 -1.713E-06 -1.268E-02  2.930E+02  3.277E+02
   0.01861   3    0.04734   9   1.012E+05 -2.019E-06 -1.423E-02  2.931E+02  3.316E+02
   0.01861   3    0.05366  10   1.012E+05 -1.947E-06 -1.569E-02  2.933E+02  3.353E+02
   0.01861   3    0.05997  11   1.012E+05 -1.291E-06 -1.707E-02  2.940E+02  3.388E+02
   0.01861   3    0.06628  12   1.012E+05 -1.023E-06 -1.839E-02  2.961E+02  3.423E+02
   0.01861   3    0.07259  13   1.012E+05 -3.411E-06 -1.964E-02  3.013E+02  3.461E+02
   0.01861   3    0.07891  14   1.012E+05 -7.233E-06 -2.086E-02  3.131E+02  3.519E+02
   0.01861   3    0.08522  15   1.012E+05 -3.001E-06 -2.211E-02  3.367E+02  3.753E+02
   0.01861   3    0.09153  16   1.012E+05 -3.949E-07 -2.196E-02  3.772E+02  5.591E+02
   0.01861   3    0.09784  17   1.012E+05 -4.105E-07 -2.175E-02  3.367E+02  5.632E+02
   0.01861   3    0.10416  18   1.012E+05 -1.627E-07 -2.080E-02  3.131E+02  5.675E+02
   0.01861   3    0.11047  19   1.012E+05  1.159E-08 -1.990E-02  3.013E+02  5.723E+02
   0.01861   3    0.11678  20   1.012E+05  3.298E-07 -1.905E-02  2.961E+02  5.774E+02
   0.01861   3    0.12309  21   1.012E+05  6.501E-07 -1.823E-02  2.940E+02  5.830E+02
   0.01861   3    0.12941  22   1.013E+05  3.987E-07 -1.737E-02  2.933E+02  5.889E+02
   0.01861   3    0.13572  23   1.013E+05  1.594E-07 -1.647E-02  2.931E+02  5.953E+02
   0.01861   3    0.14203  24   1.013E+05  8.684E-08 -1.554E-02  2.930E+02  6.020E+02
   0.01861   3    0.14834  25   1.013E+05  3.643E-08 -1.457E-02  2.930E+02  6.093E+02
   0.01861   3    0.15466  26   1.013E+05  1.225E-08 -1.355E-02  2.930E+02  6.170E+02
   0.01861   3    0.16097  27   1.013E+05 -1.690E-09 -1.248E-02  2.930E+02  6.253E+02
   0.01861   3    0.16728  28   1.013E+05 -9.474E-09 -1.139E-02  2.930E+02  6.344E+02
   0.01861   3    0.17359  29   1.013E+05 -1.393E-08 -1.025E-02  2.930E+02  6.442E+02
   0.01861   3    0.17991  30   1.013E+05 -1.637E-08 -9.089E-03  2.930E+02  6.550E+02
   0.01861   3    0.18622  31   1.013E+05 -1.753E-08 -7.906E-03  2.930E+02  6.669E+02
   0.01861   3    0.19253  32   1.013E+05 -1.782E-08 -6.719E-03  2.930E+02  6.800E+02
   0.01861   3    0.19884  33   1.013E+05 -1.751E-08 -5.557E-03  2.930E+02  6.948E+02
   0.01861   3    0.20516  34   1.013E+05 -1.675E-08 -4.414E-03  2.930E+02  7.113E+02
   0.01861   3    0.21147  35   1.013E+05 -1.564E-08 -3.312E-03  2.930E+02  7.299E+02
   0.01861   3    0.21778  36   1.013E+05 -1.430E-08 -2.289E-03  2.930E+02  7.509E+02
   0.01861   3    0.22409  37   1.013E+05 -1.281E-08 -1.338E-03  2.930E+02  7.747E+02
   0.01861   3    0.23041  38   1.013E+05 -1.121E-08 -4.736E-04  2.930E+02  8.014E+02
   0.01861   3    0.23672  39   1.013E+05 -9.559E-09  2.856E-04  2.930E+02  8.318E+02
   0.01861   3    0.24303  40   1.013E+05 -7.901E-09  9.265E-04  2.930E+02  8.655E+02
   0.01861   3    0.24934  41   1.013E+05 -6.290E-09  1.443E-03  2.930E+02  9.034E+02
   0.01861   3    0.25566  42   1.013E+05 -4.769E-09  1.842E-03  2.930E+02  9.450E+02
   0.01861   3    0.26197  43   1.013E+05 -3.375E-09  2.122E-03  2.930E+02  9.907E+02
   0.01861   3    0.26828  44   1.013E+05 -2.136E-09  2.307E-03  2.930E+02  1.040E+03
   0.01861   3    0.27459  45   1.013E+05 -1.040E-09  2.421E-03  2.930E+02  1.092E+03
   0.01861   3    0.28091  46   1.013E+05 -8.075E-11  2.452E-03  2.930E+02  1.146E+03
   0.01861   3    0.28722  47   1.013E+05  7.088E-10  2.404E-03  2.930E+02  1.200E+03
   0.01861   3    0.29353  48   1.013E+05  1.315E-09  2.311E-03  2.930E+02  1.253E+03
   0.01861   3    0.29984  49   1.013E+05  1.775E-09  2.202E-03  2.930E+02  1.303E+03
   0.01861   3    0.30616  50   1.013E+05  2.115E-09  2.065E-03  2.930E+02  1.348E+03
   0.01861   3    0.31247  51   1.013E+05  2.338E-09  1.908E-03  2.930E+02  1.387E+03
   0.01861   3    0.31878  52   1.013E+05  2.460E-09  1.749E-03  2.930E+02  1.419E+03
   0.01861   3    0.32509  53   1.013E+05  2.499E-09  1.586E-03  2.930E+02  1.444E+03
   0.01861   3    0.33141  54   1.013E+05  2.474E-09  1.436E-03  2.930E+02  1.461E+03
   0.01861   3    0.33772  55   1.013E+05  2.417E-09  1.294E-03  2.930E+02  1.471E+03
   0.01861   3    0.34403  56   1.013E+05  2.315E-09  1.144E-03  2.930E+02  1.474E+03
   0.01861   3    0.35034  57   1.013E+05  2.171E-09  1.012E-03  2.930E+02  1.472E+03
   0.01861   3    0.35666  58   1.013E+05  2.013E-09  8.967E-04  2.930E+02  1.465E+03
   0.01861   3    0.36297  59   1.013E+05  1.841E-09  7.859E-04  2.930E+02  1.454E+03
   0.01861   3    0.36928  60   1.013E+05  1.670E-09  6.961E-04  2.930E+02  1.441E+03
   0.01861   3    0.37559  61   1.013E+05  1.508E-09  6.093E-04  2.930E+02  1.426E+03
   0.01861   3    0.38191  62   1.013E+05  1.345E-09  5.321E-04  2.930E+02  1.409E+03
   0.01861   3    0.38822  63   1.013E+05  1.200E-09  4.712E-04  2.930E+02  1.393E+03
   0.01861   3    0.39453  64   1.013E+05  1.067E-09  4.026E-04  2.930E+02  1.376E+03
   0.01861   3    0.40084  65   1.013E+05  9.217E-10  3.387E-04  2.930E+02  1.359E+03
   0.01861   3    0.40716  66   1.013E+05  7.834E-10  2.971E-04  2.930E+02  1.344E+03
   0.01861   3    0.41347  67   1.013E+05  6.756E-10  2.630E-04  2.930E+02  1.329E+03
   0.01861   3    0.41978  68   1.013E+05  5.857E-10  2.242E-04  2.930E+02  1.315E+03
   0.01861   3    0.42609  69   1.013E+05  4.959E-10  1.861E-04  2.930E+02  1.303E+03
   0.01861   3    0.43241  70   1.013E+05  4.093E-10  1.595E-04  2.930E+02  1.291E+03
   0.01861   3    0.43872  71   1.013E+05  3.441E-10  1.438E-04  2.930E+02  1.281E+03
   0.01861   3    0.44503  72   1.013E+05  2.993E-10  1.257E-04  2.930E+02  1.272E+03
   0.01861   3    0.45134  73   1.013E+05  2.608E-10  1.059E-04  2.930E+02  1.264E+03
   0.01861   3    0.45766  74   1.013E+05  2.218E-10  8.914E-05  2.930E+02  1.257E+03
   0.01861   3    0.46397  75   1.013E+05  1.893E-10  8.116E-05  2.930E+02  1.251E+03
   0.01861   3    0.47028  76   1.013E+05  1.756E-10  7.697E-05  2.930E+02  1.246E+03
   0.01861   3    0.47659  77   1.013E+05  1.625E-10  6.094E-05  2.930E+02  1.242E+03
   0.01861   3    0.48291  78   1.013E+05  1.421E-10  5.456E-05  2.930E+02  1.238E+03
   0.01861   3    0.48922  79   1.013E+05  1.351E-10  5.546E-05  2.930E+02  1.236E+03
   0.01861   3    0.49553  80   1.013E+05  1.505E-10  5.497E-05  2.930E+02  1.234E+03
   0.01861   3    0.50184  81   1.013E+05  1.543E-10 -6.071E-06  2.930E+02  1.234E+03
   0.01861   3    0.50500  82   1.013E+05  0.000E+00 -6.071E-06  2.930E+02  1.234E+03
   0.03102   4    0.00000   1   1.012E+05  0.000E+00  0.000E+00  2.930E+02  2.930E+02
   0.03102   4    0.00316   2   1.012E+05 -3.078E-07 -3.179E-03  2.930E+02  2.960E+02
   0.03102   4    0.00947   3   1.012E+05 -3.230E-07 -3.263E-03  2.930E+02  3.023E+02
   0.03102   4    0.01578   4   1.012E+05 -2.135E-07 -5.425E-03  2.930E+02  3.085E+02
   0.03102   4    0.02209   5   1.012E+05 -8.205E-07 -7.437E-03  2.930E+02  3.141E+02
   0.03102   4    0.02841   6   1.012E+05 -1.247E-06 -9.297E-03  2.930E+02  3.191E+02
   0.03102   4    0.03472   7   1.012E+05 -1.952E-06 -1.104E-02  2.930E+02  3.236E+02
   0.03102   4    0.04103   8   1.012E+05 -1.650E-06 -1.268E-02  2.930E+02  3.277E+02
   0.03102   4    0.04734   9   1.012E+05 -1.328E-06 -1.423E-02  2.931E+02  3.316E+02
   0.03102   4    0.05366  10   1.012E+05 -9.223E-07 -1.569E-02  2.933E+02  3.353E+02
   0.03102   4    0.05997  11   1.012E+05 -1.026E-06 -1.707E-02  2.940E+02  3.388E+02
   0.03102   4    0.06628  12   1.012E+05 -1.185E-06 -1.839E-02  2.961E+02  3.423E+02
   0.03102   4    0.07259  13   1.012E+05 -1.247E-06 -1.964E-02  3.013E+02  3.461E+02
   0.03102   4    0.07891  14   1.012E+05 -1.728E-06 -2.086E-02  3.131E+02  3.519E+02
   0.03102   4    0.08522  15   1.012E+05 -1.167E-06 -2.211E-02  3.367E+02  3.753E+02
   0.03102   4    0.09153  16   1.012E+05 -7.061E-07 -2.196E-02  3.772E+02  5.591E+02
   0.03102   4    0.09784  17   1.012E+05 -4.401E-07 -2.175E-02  3.367E+02  5.632E+02
   0.03102   4    0.10416  18   1.012E+05 -2.421E-07 -2.080E-02  3.131E+02  5.675E+02
   0.03102   4    0.11047  19   1.012E+05 -9.314E-08 -1.990E-02  3.013E+02  5.723E+02
   0.03102   4    0.11678  20   1.012E+05  4.022E-08 -1.905E-02  2.961E+02  5.774E+02
   0.03102   4    0.12309  21   1.012E+05  1.305E-07 -1.823E-02  2.940E+02  5.830E+02
   0.03102   4    0.12941  22   1.013E+05  1.186E-07 -1.737E-02  2.933E+02  5.889E+02
   0.03102   4    0.13572  23   1.013E+05  7.621E-08 -1.647E-02  2.931E+02  5.952E+02
   0.03102   4    0.14203  24   1.013E+05  4.769E-08 -1.554E-02  2.930E+02  6.020E+02
   0.03102   4    0.14834  25   1.013E+05  2.549E-08 -1.457E-02  2.930E+02  6.092E+02
   0.03102   4    0.15466  26   1.013E+05  1.117E-08 -1.355E-02  2.930E+02  6.170E+02
   0.03102   4    0.16097  27   1.013E+05  1.853E-09 -1.248E-02  2.930E+02  6.253E+02
   0.03102   4    0.16728  28   1.013E+05 -3.976E-09 -1.139E-02  2.930E+02  6.344E+02
   0.03102   4    0.17359  29   1.013E+05 -7.519E-09 -1.025E-02  2.930E+02  6.442E+02
   0.03102   4    0.17991  30   1.013E+05 -9.525E-09 -9.089E-03  2.930E+02  6.550E+02
   0.03102   4    0.18622  31   1.013E+05 -1.049E-08 -7.906E-03  2.930E+02  6.669E+02
   0.03102   4    0.19253  32   1.013E+05 -1.072E-08 -6.719E-03  2.930E+02  6.800E+02
   0.03102   4    0.19884  33   1.013E+05 -1.045E-08 -5.557E-03  2.930E+02  6.947E+02
   0.03102   4    0.20516  34   1.013E+05 -9.821E-09 -4.414E-03  2.930E+02  7.113E+02
   0.03102   4    0.21147  35   1.013E+05 -8.958E-09 -3.312E-03  2.930E+02  7.299E+02
   0.03102   4    0.21778  36   1.013E+05 -7.958E-09 -2.289E-03  2.930E+02  7.509E+02
   0.03102   4    0.22409  37   1.013E+05 -6.894E-09 -1.338E-03  2.930E+02  7.747E+02
   0.03102   4    0.23041  38   1.013E+05 -5.824E-09 -4.736E-04  2.930E+02  8.014E+02
   0.03102   4    0.23672  39   1.013E+05 -4.786E-09  2.856E-04  2.930E+02  8.318E+02
   0.03102   4    0.24303  40   1.013E+05 -3.810E-09  9.265E-04  2.930E+02  8.655E+02
   0.03102   4    0.24934  41   1.013E+05 -2.912E-09  1.443E-03  2.930E+02  9.034E+02
   0.03102   4    0.25566  42   1.013E+05 -2.101E-09  1.842E-03  2.930E+02  9.450E+02
   0.03102   4    0.26197  43   1.013E+05 -1.381E-09  2.122E-03  2.930E+02  9.907E+02
   0.03102   4    0.26828  44   1.013E+05 -7.518E-10  2.307E-03  2.930E+02  1.040E+03
   0.03102   4    0.27459  45   1.013E+05 -2.075E-10  2.421E-03  2.930E+02  1.092E+03
   0.03102   4    0.28091  46   1.013E+05  2.557E-10  2.452E-03  2.930E+02  1.146E+03
   0.03102   4    0.28722  47   1.013E+05  6.392E-10  2.404E-03  2.930E+02  1.200E+03
   0.03102   4    0.29353  48   1.013E+05  9.453E-10  2.311E-03  2.930E+02  1.253E+03
   0.03102   4    0.29984  49   1.013E+05  1.182E-09  2.202E-03  2.930E+02  1.303E+03
   0.03102   4    0.30616  50   1.013E+05  1.357E-09  2.065E-03  2.930E+02  1.348E+03
   0.03102   4    0.31247  51   1.013E+05  1.477E-09  1.908E-03  2.930E+02  1.387E+03
   0.03102   4    0.31878  52   1.013E+05  1.547E-09  1.749E-03  2.930E+02  1.419E+03
   0.03102   4    0.32509  53   1.013E+05  1.575E-09  1.586E-03  2.930E+02  1.444E+03
   0.03102   4    0.33141  54   1.013E+05  1.568E-09  1.436E-03  2.930E+02  1.461E+03
   0.03102   4    0.33772  55   1.013E+05  1.533E-09  1.294E-03  2.930E+02  1.471E+03
   0.03102   4    0.34403  56   1.013E+05  1.472E-09  1.144E-03  2.930E+02  1.474E+03
   0.03102   4    0.35034  57   1.013E+05  1.391E-09  1.012E-03  2.930E+02  1.472E+03
   0.03102   4    0.35666  58   1.013E+05  1.295E-09  8.967E-04  2.930E+02  1.465E+03
   0.03102   4    0.36297  59   1.013E+05  1.188E-09  7.859E-04  2.930E+02  1.454E+03
   0.03102   4    0.36928  60   1.013E+05  1.076E-09  6.961E-04  2.930E+02  1.441E+03
   0.03102   4    0.37559  61   1.013E+05  9.619E-10  6.093E-04  2.930E+02  1.426E+03
   0.03102   4    0.38191  62   1.013E+05  8.487E-10  5.321E-04  2.930E+02  1.409E+03
   0.03102   4    0.38822  63   1.013E+05  7.398E-10  4.712E-04  2.930E+02  1.393E+03
   0.03102   4    0.39453  64   1.013E+05  6.364E-10  4.026E-04  2.930E+02  1.376E+03
   0.03102   4    0.40084  65   1.013E+05  5.384E-10  3.387E-04  2.930E+02  1.359E+03
   0.03102   4    0.40716  66   1.013E+05  4.496E-10  2.971E-04  2.930E+02  1.344E+03
   0.03102   4    0.41347  67   1.013E+05  3.733E-10  2.630E-04  2.930E+02  1.329E+03
   0.03102   4    0.41978  68   1.013E+05  3.094E-10  2.242E-04  2.930E+02  1.315E+03
   0.03102   4    0.42609  69   1.013E+05  2.561E-10  1.861E-04  2.930E+02  1.303E+03
   0.03102   4    0.43241  70   1.013E+05  2.133E-10  1.595E-04  2.930E+02  1.291E+03
   0.03102   4    0.43872  71   1.013E+05  1.820E-10  1.438E-04  2.930E+02  1.281E+03
   0.03102   4    0.44503  72   1.013E+05  1.603E-10  1.257E-04  2.930E+02  1.272E+03
   0.03102   4    0.45134  73   1.013E+05  1.456E-10  1.059E-04  2.930E+02  1.264E+03
   0.03102   4    0.45766  74   1.013E+05  1.346E-10  8.914E-05  2.930E+02  1.257E+03
   0.03102   4    0.46397  75   1.013E+05  1.261E-10  8.116E-05  2.930E+02  1.251E+03
   0.03102   4    0.47028  76   1.013E+05  1.198E-10  7.697E-05  2.930E+02  1.246E+03
   0.03102   4    0.47659  77   1.013E+05  1.120E-10  6.094E-05  2.930E+02  1.242E+03
   0.03102   4    0.48291  78   1.013E+05  1.010E-10  5.456E-05  2.930E+02  1.238E+03
   0.03102   4    0.48922  79   1.013E+05  8.841E-11  5.546E-05  2.930E+02  1.236E+03
   0.03102   4    0.49553  80   1.013E+05  6.721E-11  5.497E-05  2.930E+02  1.234E+03
   0.03102   4    0.50184  81   1.013E+05  5.721E-11 -6.071E-06  2.930E+02  1.234E+03
   0.03102   4    0.50500  82   1.013E+05  0.000E+00 -6.071E-06  2.930E+02  1.234E+03
   0.04342   5    0.00000   1   1.012E+05  0.000E+00  0.000E+00  2.930E+02  2.930E+02
   0.04342   5    0.00316   2   1.012E+05 -2.461E-07 -3.179E-03  2.930E+02  2.960E+02
   0.04342   5    0.00947   3   1.012E+05 -2.773E-07 -3.263E-03  2.930E+02  3.023E+02
   0.04342   5    0.01578   4   1.012E+05 -3.176E-07 -5.426E-03  2.930E+02  3.085E+02
   0.04342   5    0.02209   5   1.012E+05 -5.805E-07 -7.438E-03  2.930E+02  3.141E+02
   0.04342   5    0.02841   6   1.012E+05 -3.966E-07 -9.297E-03  2.930E+02  3.191E+02
   0.04342   5    0.03472   7   1.012E+05 -2.039E-06 -1.104E-02  2.930E+02  3.236E+02
   0.04342   5    0.04103   8   1.012E+05 -5.754E-06 -1.268E-02  2.930E+02  3.278E+02
   0.04342   5    0.04734   9   1.012E+05 -1.938E-06 -1.423E-02  2.931E+02  3.316E+02
   0.04342   5    0.05366  10   1.012E+05  3.269E-07 -1.569E-02  2.933E+02  3.353E+02
   0.04342   5    0.05997  11   1.012E+05  1.310E-07 -1.707E-02  2.940E+02  3.388E+02
   0.04342   5    0.06628  12   1.012E+05 -1.827E-06 -1.839E-02  2.961E+02  3.424E+02
   0.04342   5    0.07259  13   1.012E+05 -5.710E-06 -1.964E-02  3.013E+02  3.461E+02
   0.04342   5    0.07891  14   1.012E+05 -2.103E-06 -2.086E-02  3.131E+02  3.519E+02
   0.04342   5    0.08522  15   1.012E+05 -3.878E-08 -2.211E-02  3.367E+02  3.753E+02
   0.04342   5    0.09153  16   1.012E+05 -2.661E-07 -2.196E-02  3.772E+02  5.591E+02
   0.04342   5    0.09784  17   1.012E+05 -1.755E-07 -2.175E-02  3.367E+02  5.632E+02
   0.04342   5    0.10416  18   1.012E+05 -1.243E-07 -2.080E-02  3.131E+02  5.675E+02
   0.04342   5    0.11047  19   1.012E+05 -7.384E-08 -1.990E-02  3.013E+02  5.723E+02
   0.04342   5    0.11678  20   1.012E+05 -2.894E-08 -1.905E-02  2.961E+02  5.775E+02
   0.04342   5    0.12309  21   1.012E+05 -6.129E-09 -1.823E-02  2.940E+02  5.830E+02
   0.04342   5    0.12941  22   1.013E+05  1.286E-08 -1.737E-02  2.933E+02  5.889E+02
   0.04342   5    0.13572  23   1.013E+05  1.170E-08 -1.647E-02  2.931E+02  5.953E+02
   0.04342   5    0.14203  24   1.013E+05  9.394E-09 -1.554E-02  2.930E+02  6.020E+02
   0.04342   5    0.14834  25   1.013E+05  5.089E-09 -1.457E-02  2.930E+02  6.093E+02
   0.04342   5    0.15466  26   1.013E+05  1.282E-09 -1.355E-02  2.930E+02  6.170E+02
   0.04342   5    0.16097  27   1.013E+05 -1.812E-09 -1.248E-02  2.930E+02  6.253E+02
   0.04342   5    0.16728  28   1.013E+05 -4.066E-09 -1.139E-02  2.930E+02  6.344E+02
   0.04342   5    0.17359  29   1.013E+05 -5.574E-09 -1.025E-02  2.930E+02  6.442E+02
   0.04342   5    0.17991  30   1.013E+05 -6.460E-09 -9.089E-03  2.930E+02  6.550E+02
   0.04342   5    0.18622  31   1.013E+05 -6.848E-09 -7.906E-03  2.930E+02  6.669E+02
   0.04342   5    0.19253  32   1.013E+05 -6.849E-09 -6.719E-03  2.930E+02  6.800E+02
   0.04342   5    0.19884  33   1.013E+05 -6.558E-09 -5.557E-03  2.930E+02  6.947E+02
   0.04342   5    0.20516  34   1.013E+05 -6.055E-09 -4.414E-03  2.930E+02  7.113E+02
   0.04342   5    0.21147  35   1.013E+05 -5.414E-09 -3.312E-03  2.930E+02  7.299E+02
   0.04342   5    0.21778  36   1.013E+05 -4.699E-09 -2.289E-03  2.930E+02  7.509E+02
   0.04342   5    0.22409  37   1.013E+05 -3.961E-09 -1.338E-03  2.930E+02  7.747E+02
   0.04342   5    0.23041  38   1.013E+05 -3.242E-09 -4.736E-04  2.930E+02  8.014E+02
   0.04342   5    0.23672  39   1.013E+05 -2.570E-09  2.856E-04  2.930E+02  8.318E+02
   0.04342   5    0.24303  40   1.013E+05 -1.962E-09  9.265E-04  2.930E+02  8.655E+02
   0.04342   5    0.24934  41   1.013E+05 -1.424E-09  1.443E-03  2.930E+02  9.034E+02
   0.04342   5    0.25566  42   1.013E+05 -9.577E-10  1.842E-03  2.930E+02  9.450E+02
   0.04342   5    0.26197  43   1.013E+05 -5.588E-10  2.122E-03  2.930E+02  9.907E+02
   0.04342   5    0.26828  44   1.013E+05 -2.211E-10  2.307E-03  2.930E+02  1.040E+03
   0.04342   5    0.27459  45   1.013E+05  6.346E-11  2.421E-03  2.930E+02  1.092E+03
   0.04342   5    0.28091  46   1.013E+05  3.012E-10  2.452E-03  2.930E+02  1.146E+03
   0.04342   5    0.28722  47   1.013E+05  4.967E-10  2.404E-03  2.930E+02  1.200E+03
   0.04342   5    0.29353  48   1.013E+05  6.532E-10  2.311E-03  2.930E+02  1.253E+03
   0.04342   5    0.29984  49   1.013E+05  7.762E-10  2.202E-03  2.930E+02  1.303E+03
   0.04342   5    0.30616  50   1.013E+05  8.687E-10  2.065E-03  2.930E+02  1.348E+03
   0.04342   5    0.31247  51   1.013E+05  9.337E-10  1.908E-03  2.930E+02  1.387E+03
   0.04342   5    0.31878  52   1.013E+05  9.741E-10  1.749E-03  2.930E+02  1.419E+03
   0.04342   5    0.32509  53   1.013E+05  9.919E-10  1.586E-03  2.930E+02  1.444E+03
   0.04342   5    0.33141  54   1.013E+05  9.896E-10  1.436E-03  2.930E+02  1.461E+03
   0.04342   5    0.33772  55   1.013E+05  9.701E-10  1.294E-03  2.930E+02  1.471E+03
   0.04342   5    0.34403  56   1.013E+05  9.337E-10  1.144E-03  2.930E+02  1.474E+03
   0.04342   5    0.35034  57   1.013E+05  8.838E-10  1.012E-03  2.930E+02  1.472E+03
   0.04342   5    0.35666  58   1.013E+05  8.223E-10  8.967E-04  2.930E+02  1.465E+03
   0.04342   5    0.36297  59   1.013E+05  7.513E-10  7.859E-04  2.930E+02  1.454E+03
   0.04342   5    0.36928  60   1.013E+05  6.751E-10  6.961E-04  2.930E+02  1.441E+03
   0.04342   5    0.37559  61   1.013E+05  5.949E-10  6.093E-04  2.930E+02  1.426E+03
   0.04342   5    0.38191  62   1.013E+05  5.141E-10  5.321E-04  2.930E+02  1.409E+03
   0.04342   5    0.38822  63   1.013E+05  4.353E-10  4.712E-04  2.930E+02  1.393E+03
   0.04342   5    0.39453  64   1.013E+05  3.606E-10  4.026E-04  2.930E+02  1.376E+03
   0.04342   5    0.40084  65   1.013E+05  2.918E-10  3.387E-04  2.930E+02  1.359E+03
   0.04342   5    0.40716  66   1.013E+05  2.313E-10  2.971E-04  2.930E+02  1.344E+03
   0.04342   5    0.41347  67   1.013E+05  1.812E-10  2.630E-04  2.930E+02  1.329E+03
   0.04342   5    0.41978  68   1.013E+05  1.422E-10  2.242E-04  2.930E+02  1.315E+03
   0.04342   5    0.42609  69   1.013E+05  1.138E-10  1.861E-04  2.930E+02  1.303E+03
   0.04342   5    0.43241  70   1.013E+05  9.498E-11  1.595E-04  2.930E+02  1.291E+03
   0.04342   5    0.43872  71   1.013E+05  8.570E-11  1.438E-04  2.930E+02  1.281E+03
   0.04342   5    0.44503  72   1.013E+05  8.303E-11  1.257E-04  2.930E+02  1.272E+03
   0.04342   5    0.45134  73   1.013E+05  8.537E-11  1.059E-04  2.930E+02  1.264E+03
   0.04342   5    0.45766  74   1.013E+05  8.915E-11  8.914E-05  2.930E+02  1.257E+03
   0.04342   5    0.46397  75   1.013E+05  9.251E-11  8.116E-05  2.930E+02  1.251E+03
   0.04342   5    0.47028  76   1.013E+05  9.418E-11  7.697E-05  2.930E+02  1.246E+03
   0.04342   5    0.47659  77   1.013E+05  9.141E-11  6.094E-05  2.930E+02  1.242E+03
   0.04342   5    0.48291  78   1.013E+05  8.335E-11  5.456E-05  2.930E+02  1.238E+03
   0.04342   5    0.48922  79   1.013E+05  7.100E-11  5.546E-05  2.930E+02  1.236E+03
   0.04342   5    0.49553  80   1.013E+05  4.918E-11  5.497E-05  2.930E+02  1.234E+03
   0.04342   5    0.50184  81   1.013E+05  3.731E-11 -6.072E-06  2.930E+02  1.234E+03
   0.04342   5    0.50500  82   1.013E+05  0.000E+00 -6.072E-06  2.930E+02  1.234E+03
   0.05583   6    0.00000   1   1.012E+05  0.000E+00  0.000E+00  2.930E+02  2.930E+02
   0.05583   6    0.00316   2   1.012E+05 -7.839E-08 -3.179E-03  2.930E+02  2.960E+02
   0.05583   6    0.00947   3   1.012E+05 -7.814E-08 -3.263E-03  2.930E+02  3.023E+02
   0.05583   6    0.01578   4   1.012E+05 -5.603E-08 -5.426E-03  2.930E+02  3.085E+02
   0.05583   6    0.02209   5   1.012E+05 -8.136E-08 -7.437E-03  2.930E+02  3.141E+02
   0.05583   6    0.02841   6   1.012E+05  4.087E-07 -9.300E-03  2.930E+02  3.191E+02
   0.05583   6    0.03472   7   1.012E+05 -1.376E-06 -1.105E-02  2.930E+02  3.236E+02
   0.05583   6    0.04103   8   1.012E+05 -4.828E-06 -1.268E-02  2.930E+02  3.278E+02
   0.05583   6    0.04734   9   1.012E+05 -1.282E-06 -1.422E-02  2.931E+02  3.316E+02
   0.05583   6    0.05366  10   1.012E+05  5.632E-07 -1.569E-02  2.933E+02  3.353E+02
   0.05583   6    0.05997  11   1.012E+05  5.508E-07 -1.707E-02  2.940E+02  3.388E+02
   0.05583   6    0.06628  12   1.012E+05 -1.268E-06 -1.840E-02  2.961E+02  3.423E+02
   0.05583   6    0.07259  13   1.012E+05 -4.918E-06 -1.964E-02  3.013E+02  3.461E+02
   0.05583   6    0.07891  14   1.012E+05 -1.681E-06 -2.085E-02  3.131E+02  3.519E+02
   0.05583   6    0.08522  15   1.012E+05  3.144E-07 -2.210E-02  3.367E+02  3.753E+02
   0.05583   6    0.09153  16   1.012E+05 -2.769E-08 -2.196E-02  3.772E+02  5.591E+02
   0.05583   6    0.09784  17   1.012E+05 -1.223E-08 -2.175E-02  3.367E+02  5.632E+02
   0.05583   6    0.10416  18   1.012E+05 -2.089E-08 -2.080E-02  3.131E+02  5.676E+02
   0.05583   6    0.11047  19   1.012E+05 -1.565E-08 -1.990E-02  3.013E+02  5.723E+02
   0.05583   6    0.11678  20   1.012E+05 -7.893E-09 -1.905E-02  2.961E+02  5.775E+02
   0.05583   6    0.12309  21   1.012E+05 -1.729E-09 -1.823E-02  2.940E+02  5.830E+02
   0.05583   6    0.12941  22   1.013E+05  1.893E-09 -1.737E-02  2.933E+02  5.889E+02
   0.05583   6    0.13572  23   1.013E+05  2.306E-09 -1.647E-02  2.931E+02  5.953E+02
   0.05583   6    0.14203  24   1.013E+05  1.831E-09 -1.554E-02  2.930E+02  6.020E+02
   0.05583   6    0.14834  25   1.013E+05  8.387E-10 -1.457E-02  2.930E+02  6.093E+02
   0.05583   6    0.15466  26   1.013E+05 -1.493E-10 -1.355E-02  2.930E+02  6.170E+02
   0.05583   6    0.16097  27   1.013E+05 -9.908E-10 -1.248E-02  2.930E+02  6.253E+02
   0.05583   6    0.16728  28   1.013E+05 -1.624E-09 -1.139E-02  2.930E+02  6.344E+02
   0.05583   6    0.17359  29   1.013E+05 -2.049E-09 -1.025E-02  2.930E+02  6.442E+02
   0.05583   6    0.17991  30   1.013E+05 -2.291E-09 -9.089E-03  2.930E+02  6.550E+02
   0.05583   6    0.18622  31   1.013E+05 -2.378E-09 -7.906E-03  2.930E+02  6.669E+02
   0.05583   6    0.19253  32   1.013E+05 -2.344E-09 -6.719E-03  2.930E+02  6.800E+02
   0.05583   6    0.19884  33   1.013E+05 -2.216E-09 -5.557E-03  2.930E+02  6.948E+02
   0.05583   6    0.20516  34   1.013E+05 -2.021E-09 -4.414E-03  2.930E+02  7.113E+02
   0.05583   6    0.21147  35   1.013E+05 -1.782E-09 -3.312E-03  2.930E+02  7.299E+02
   0.05583   6    0.21778  36   1.013E+05 -1.523E-09 -2.289E-03  2.930E+02  7.509E+02
   0.05583   6    0.22409  37   1.013E+05 -1.261E-09 -1.338E-03  2.930E+02  7.747E+02
   0.05583   6    0.23041  38   1.013E+05 -1.012E-09 -4.736E-04  2.930E+02  8.014E+02
   0.05583   6    0.23672  39   1.013E+05 -7.860E-10  2.856E-04  2.930E+02  8.318E+02
   0.05583   6    0.24303  40   1.013E+05 -5.883E-10  9.265E-04  2.930E+02  8.655E+02
   0.05583   6    0.24934  41   1.013E+05 -4.202E-10  1.443E-03  2.930E+02  9.034E+02
   0.05583   6    0.25566  42   1.013E+05 -2.799E-10  1.842E-03  2.930E+02  9.450E+02
   0.05583   6    0.26197  43   1.013E+05 -1.645E-10  2.122E-03  2.930E+02  9.907E+02
   0.05583   6    0.26828  44   1.013E+05 -6.988E-11  2.307E-03  2.930E+02  1.040E+03
   0.05583   6    0.27459  45   1.013E+05  8.621E-12  2.421E-03  2.930E+02  1.092E+03
   0.05583   6    0.28091  46   1.013E+05  7.468E-11  2.452E-03  2.930E+02  1.146E+03
   0.05583   6    0.28722  47   1.013E+05  1.315E-10  2.404E-03  2.930E+02  1.200E+03
   0.05583   6    0.29353  48   1.013E+05  1.804E-10  2.311E-03  2.930E+02  1.253E+03
   0.05583   6    0.29984  49   1.013E+05  2.237E-10  2.202E-03  2.930E+02  1.303E+03
   0.05583   6    0.30616  50   1.013E+05  2.612E-10  2.065E-03  2.930E+02  1.348E+03
   0.05583   6    0.31247  51   1.013E+05  2.931E-10  1.908E-03  2.930E+02  1.387E+03
   0.05583   6    0.31878  52   1.013E+05  3.194E-10  1.749E-03  2.930E+02  1.419E+03
   0.05583   6    0.32509  53   1.013E+05  3.386E-10  1.586E-03  2.930E+02  1.444E+03
   0.05583   6    0.33141  54   1.013E+05  3.502E-10  1.436E-03  2.930E+02  1.461E+03
   0.05583   6    0.33772  55   1.013E+05  3.541E-10  1.294E-03  2.930E+02  1.471E+03
   0.05583   6    0.34403  56   1.013E+05  3.487E-10  1.144E-03  2.930E+02  1.474E+03
   0.05583   6    0.35034  57   1.013E+05  3.350E-10  1.012E-03  2.930E+02  1.472E+03
   0.05583   6    0.35666  58   1.013E+05  3.129E-10  8.967E-04  2.930E+02  1.465E+03
   0.05583   6    0.36297  59   1.013E+05  2.827E-10  7.859E-04  2.930E+02  1.454E+03
   0.05583   6    0.36928  60   1.013E+05  2.471E-10  6.961E-04  2.930E+02  1.441E+03
   0.05583   6    0.37559  61   1.013E+05  2.064E-10  6.093E-04  2.930E+02  1.426E+03
   0.05583   6    0.38191  62   1.013E+05  1.638E-10  5.321E-04  2.930E+02  1.409E+03
   0.05583   6    0.38822  63   1.013E+05  1.211E-10  4.712E-04  2.930E+02  1.393E+03
   0.05583   6    0.39453  64   1.013E+05  8.095E-11  4.026E-04  2.930E+02  1.376E+03
   0.05583   6    0.40084  65   1.013E+05  4.546E-11  3.387E-04  2.930E+02  1.359E+03
   0.05583   6    0.40716  66   1.013E+05  1.680E-11  2.971E-04  2.930E+02  1.344E+03
   0.05583   6    0.41347  67   1.013E+05 -3.453E-12  2.630E-04  2.930E+02  1.329E+03
   0.05583   6    0.41978  68   1.013E+05 -1.468E-11  2.242E-04  2.930E+02  1.315E+03
   0.05583   6    0.42609  69   1.013E+05 -1.684E-11  1.861E-04  2.930E+02  1.303E+03
   0.05583   6    0.43241  70   1.013E+05 -1.149E-11  1.595E-04  2.930E+02  1.291E+03
   0.05583   6    0.43872  71   1.013E+05  8.449E-13  1.438E-04  2.930E+02  1.281E+03
   0.05583   6    0.44503  72   1.013E+05  1.668E-11  1.257E-04  2.930E+02  1.272E+03
   0.05583   6    0.45134  73   1.013E+05  3.469E-11  1.059E-04  2.930E+02  1.264E+03
   0.05583   6    0.45766  74   1.013E+05  5.136E-11  8.914E-05  2.930E+02  1.257E+03
   0.05583   6    0.46397  75   1.013E+05  6.469E-11  8.116E-05  2.930E+02  1.251E+03
   0.05583   6    0.47028  76   1.013E+05  7.348E-11  7.697E-05  2.930E+02  1.246E+03
   0.05583   6    0.47659  77   1.013E+05  7.541E-11  6.094E-05  2.930E+02  1.242E+03
   0.05583   6    0.48291  78   1.013E+05  7.033E-11  5.456E-05  2.930E+02  1.238E+03
   0.05583   6    0.48922  79   1.013E+05  5.933E-11  5.546E-05  2.930E+02  1.236E+03
   0.05583   6    0.49553  80   1.013E+05  3.855E-11  5.497E-05  2.930E+02  1.234E+03
   0.05583   6    0.50184  81   1.013E+05  2.634E-11 -6.072E-06  2.930E+02  1.234E+03
   0.05583   6    0.50500  82   1.013E+05  0.000E+00 -6.072E-06  2.930E+02  1.234E+03
   0.06824   7    0.00000   1   1.012E+05  0.000E+00  0.000E+00  2.930E+02  2.930E+02
   0.06824   7    0.00316   2   1.012E+05  7.819E-08 -3.179E-03  2.930E+02  2.960E+02
   0.06824   7    0.00947   3   1.012E+05  7.799E-08 -3.263E-03  2.930E+02  3.023E+02
   0.06824   7    0.01578   4   1.012E+05  5.589E-08 -5.426E-03  2.930E+02  3.085E+02
   0.06824   7    0.02209   5   1.012E+05  8.123E-08 -7.437E-03  2.930E+02  3.141E+02
   0.06824   7    0.02841   6   1.012E+05 -4.088E-07 -9.300E-03  2.930E+02  3.191E+02
   0.06824   7    0.03472   7   1.012E+05  1.376E-06 -1.105E-02  2.930E+02  3.236E+02
   0.06824   7    0.04103   8   1.012E+05  4.828E-06 -1.268E-02  2.930E+02  3.278E+02
   0.06824   7    0.04734   9   1.012E+05  1.282E-06 -1.422E-02  2.931E+02  3.316E+02
   0.06824   7    0.05366  10   1.012E+05 -5.632E-07 -1.569E-02  2.933E+02  3.353E+02
   0.06824   7    0.05997  11   1.012E+05 -5.509E-07 -1.707E-02  2.940E+02  3.388E+02
   0.06824   7    0.06628  12   1.012E+05  1.267E-06 -1.840E-02  2.961E+02  3.423E+02
   0.06824   7    0.07259  13   1.012E+05  4.918E-06 -1.964E-02  3.013E+02  3.461E+02
   0.06824   7    0.07891  14   1.012E+05  1.681E-06 -2.085E-02  3.131E+02  3.519E+02
   0.06824   7    0.08522  15   1.012E+05 -3.145E-07 -2.210E-02  3.367E+02  3.753E+02
   0.06824   7    0.09153  16   1.012E+05  2.752E-08 -2.196E-02  3.772E+02  5.591E+02
   0.06824   7    0.09784  17   1.012E+05  1.204E-08 -2.175E-02  3.367E+02  5.632E+02
   0.06824   7    0.10416  18   1.012E+05  2.069E-08 -2.080E-02  3.131E+02  5.676E+02
   0.06824   7    0.11047  19   1.012E+05  1.545E-08 -1.990E-02  3.013E+02  5.723E+02
   0.06824   7    0.11678  20   1.012E+05  7.689E-09 -1.905E-02  2.961E+02  5.775E+02
   0.06824   7    0.12309  21   1.012E+05  1.527E-09 -1.823E-02  2.940E+02  5.830E+02
   0.06824   7    0.12941  22   1.013E+05 -2.090E-09 -1.737E-02  2.933E+02  5.889E+02
   0.06824   7    0.13572  23   1.013E+05 -2.496E-09 -1.647E-02  2.931E+02  5.953E+02
   0.06824   7    0.14203  24   1.013E+05 -2.010E-09 -1.554E-02  2.930E+02  6.020E+02
   0.06824   7    0.14834  25   1.013E+05 -1.005E-09 -1.457E-02  2.930E+02  6.093E+02
   0.06824   7    0.15466  26   1.013E+05  3.738E-14 -1.355E-02  2.930E+02  6.170E+02
   0.06824   7    0.16097  27   1.013E+05  8.622E-10 -1.248E-02  2.930E+02  6.253E+02
   0.06824   7    0.16728  28   1.013E+05  1.518E-09 -1.139E-02  2.930E+02  6.344E+02
   0.06824   7    0.17359  29   1.013E+05  1.970E-09 -1.025E-02  2.930E+02  6.442E+02
   0.06824   7    0.17991  30   1.013E+05  2.237E-09 -9.089E-03  2.930E+02  6.550E+02
   0.06824   7    0.18622  31   1.013E+05  2.348E-09 -7.906E-03  2.930E+02  6.669E+02
   0.06824   7    0.19253  32   1.013E+05  2.333E-09 -6.719E-03  2.930E+02  6.800E+02
   0.06824   7    0.19884  33   1.013E+05  2.221E-09 -5.557E-03  2.930E+02  6.948E+02
   0.06824   7    0.20516  34   1.013E+05  2.035E-09 -4.414E-03  2.930E+02  7.113E+02
   0.06824   7    0.21147  35   1.013E+05  1.801E-09 -3.312E-03  2.930E+02  7.299E+02
   0.06824   7    0.21778  36   1.013E+05  1.540E-09 -2.289E-03  2.930E+02  7.509E+02
   0.06824   7    0.22409  37   1.013E+05  1.274E-09 -1.338E-03  2.930E+02  7.747E+02
   0.06824   7    0.23041  38   1.013E+05  1.014E-09 -4.736E-04  2.930E+02  8.014E+02
   0.06824   7    0.23672  39   1.013E+05  7.737E-10  2.856E-04  2.930E+02  8.318E+02
   0.06824   7    0.24303  40   1.013E+05  5.570E-10  9.265E-04  2.930E+02  8.655E+02
   0.06824   7    0.24934  41   1.013E+05  3.668E-10  1.443E-03  2.930E+02  9.034E+02
   0.06824   7    0.25566  42   1.013E+05  2.032E-10  1.842E-03  2.930E+02  9.450E+02
   0.06824   7    0.26197  43   1.013E+05  6.462E-11  2.122E-03  2.930E+02  9.907E+02
   0.06824   7    0.26828  44   1.013E+05 -5.072E-11  2.307E-03  2.930E+02  1.040E+03
   0.06824   7    0.27459  45   1.013E+05 -1.447E-10  2.421E-03  2.930E+02  1.092E+03
   0.06824   7    0.28091  46   1.013E+05 -2.188E-10  2.452E-03  2.930E+02  1.146E+03
   0.06824   7    0.28722  47   1.013E+05 -2.735E-10  2.404E-03  2.930E+02  1.200E+03
   0.06824   7    0.29353  48   1.013E+05 -3.108E-10  2.311E-03  2.930E+02  1.253E+03
   0.06824   7    0.29984  49   1.013E+05 -3.312E-10  2.202E-03  2.930E+02  1.303E+03
   0.06824   7    0.30616  50   1.013E+05 -3.377E-10  2.065E-03  2.930E+02  1.348E+03
   0.06824   7    0.31247  51   1.013E+05 -3.323E-10  1.908E-03  2.930E+02  1.387E+03
   0.06824   7    0.31878  52   1.013E+05 -3.172E-10  1.749E-03  2.930E+02  1.419E+03
   0.06824   7    0.32509  53   1.013E+05 -2.962E-10  1.586E-03  2.930E+02  1.444E+03
   0.06824   7    0.33141  54   1.013E+05 -2.720E-10  1.436E-03  2.930E+02  1.461E+03
   0.06824   7    0.33772  55   1.013E+05 -2.465E-10  1.294E-03  2.930E+02  1.471E+03
   0.06824   7    0.34403  56   1.013E+05 -2.235E-10  1.144E-03  2.930E+02  1.474E+03
   0.06824   7    0.35034  57   1.013E+05 -2.037E-10  1.012E-03  2.930E+02  1.472E+03
   0.06824   7    0.35666  58   1.013E+05 -1.887E-10  8.967E-04  2.930E+02  1.465E+03
   0.06824   7    0.36297  59   1.013E+05 -1.798E-10  7.859E-04  2.930E+02  1.454E+03
   0.06824   7    0.36928  60   1.013E+05 -1.754E-10  6.961E-04  2.930E+02  1.441E+03
   0.06824   7    0.37559  61   1.013E+05 -1.761E-10  6.093E-04  2.930E+02  1.426E+03
   0.06824   7    0.38191  62   1.013E+05 -1.799E-10  5.321E-04  2.930E+02  1.409E+03
   0.06824   7    0.38822  63   1.013E+05 -1.848E-10  4.712E-04  2.930E+02  1.393E+03
   0.06824   7    0.39453  64   1.013E+05 -1.886E-10  4.026E-04  2.930E+02  1.376E+03
   0.06824   7    0.40084  65   1.013E+05 -1.893E-10  3.387E-04  2.930E+02  1.359E+03
   0.06824   7    0.40716  66   1.013E+05 -1.850E-10  2.971E-04  2.930E+02  1.344E+03
   0.06824   7    0.41347  67   1.013E+05 -1.748E-10  2.630E-04  2.930E+02  1.329E+03
   0.06824   7    0.41978  68   1.013E+05 -1.580E-10  2.242E-04  2.930E+02  1.315E+03
   0.06824   7    0.42609  69   1.013E+05 -1.348E-10  1.861E-04  2.930E+02  1.303E+03
   0.06824   7    0.43241  70   1.013E+05 -1.069E-10  1.595E-04  2.930E+02  1.291E+03
   0.06824   7    0.43872  71   1.013E+05 -7.535E-11  1.438E-04  2.930E+02  1.281E+03
   0.06824   7    0.44503  72   1.013E+05 -4.338E-11  1.257E-04  2.930E+02  1.272E+03
   0.06824   7    0.45134  73   1.013E+05 -1.231E-11  1.059E-04  2.930E+02  1.264E+03
   0.06824   7    0.45766  74   1.013E+05  1.477E-11  8.914E-05  2.930E+02  1.257E+03
   0.06824   7    0.46397  75   1.013E+05  3.603E-11  8.116E-05  2.930E+02  1.251E+03
   0.06824   7    0.47028  76   1.013E+05  5.048E-11  7.697E-05  2.930E+02  1.246E+03
   0.06824   7    0.47659  77   1.013E+05  5.655E-11  6.094E-05  2.930E+02  1.242E+03
   0.06824   7    0.48291  78   1.013E+05  5.460E-11  5.456E-05  2.930E+02  1.238E+03
   0.06824   7    0.48922  79   1.013E+05  4.614E-11  5.546E-05  2.930E+02  1.236E+03
   0.06824   7    0.49553  80   1.013E+05  2.839E-11  5.497E-05  2.930E+02  1.234E+03
   0.06824   7    0.50184  81   1.013E+05  1.734E-11 -6.072E-06  2.930E+02  1.234E+03
   0.06824   7    0.50500  82   1.013E+05  0.000E+00 -6.072E-06  2.930E+02  1.234E+03
   0.08065   8    0.00000   1   1.012E+05  0.000E+00  0.000E+00  2.930E+02  2.930E+02
   0.08065   8    0.00316   2   1.012E+05  2.465E-07 -3.179E-03  2.930E+02  2.960E+02
   0.08065   8    0.00947   3   1.012E+05  2.776E-07 -3.263E-03  2.930E+02  3.023E+02
   0.08065   8    0.01578   4   1.012E+05  3.179E-07 -5.426E-03  2.930E+02  3.085E+02
   0.08065   8    0.02209   5   1.012E+05  5.809E-07 -7.438E-03  2.930E+02  3.141E+02
   0.08065   8    0.02841   6   1.012E+05  3.970E-07 -9.297E-03  2.930E+02  3.191E+02
   0.08065   8    0.03472   7   1.012E+05  2.040E-06 -1.104E-02  2.930E+02  3.236E+02
   0.08065   8    0.04103   8   1.012E+05  5.755E-06 -1.268E-02  2.930E+02  3.278E+02
   0.08065   8    0.04734   9   1.012E+05  1.939E-06 -1.423E-02  2.931E+02  3.316E+02
   0.08065   8    0.05366  10   1.012E+05 -3.266E-07 -1.569E-02  2.933E+02  3.353E+02
   0.08065   8    0.05997  11   1.012E+05 -1.307E-07 -1.707E-02  2.940E+02  3.388E+02
   0.08065   8    0.06628  12   1.012E+05  1.827E-06 -1.839E-02  2.961E+02  3.424E+02
   0.08065   8    0.07259  13   1.012E+05  5.710E-06 -1.964E-02  3.013E+02  3.461E+02
   0.08065   8    0.07891  14   1.012E+05  2.104E-06 -2.086E-02  3.131E+02  3.519E+02
   0.08065   8    0.08522  15   1.012E+05  3.894E-08 -2.211E-02  3.367E+02  3.753E+02
   0.08065   8    0.09153  16   1.012E+05  2.662E-07 -2.196E-02  3.772E+02  5.591E+02
   0.08065   8    0.09784  17   1.012E+05  1.756E-07 -2.175E-02  3.367E+02  5.632E+02
   0.08065   8    0.10416  18   1.012E+05  1.243E-07 -2.080E-02  3.131E+02  5.675E+02
   0.08065   8    0.11047  19   1.012E+05  7.385E-08 -1.990E-02  3.013E+02  5.723E+02
   0.08065   8    0.11678  20   1.012E+05  2.893E-08 -1.905E-02  2.961E+02  5.775E+02
   0.08065   8    0.12309  21   1.012E+05  6.100E-09 -1.823E-02  2.940E+02  5.830E+02
   0.08065   8    0.12941  22   1.013E+05 -1.290E-08 -1.737E-02  2.933E+02  5.889E+02
   0.08065   8    0.13572  23   1.013E+05 -1.175E-08 -1.647E-02  2.931E+02  5.953E+02
   0.08065   8    0.14203  24   1.013E+05 -9.448E-09 -1.554E-02  2.930E+02  6.020E+02
   0.08065   8    0.14834  25   1.013E+05 -5.141E-09 -1.457E-02  2.930E+02  6.093E+02
   0.08065   8    0.15466  26   1.013E+05 -1.328E-09 -1.355E-02  2.930E+02  6.170E+02
   0.08065   8    0.16097  27   1.013E+05  1.778E-09 -1.248E-02  2.930E+02  6.253E+02
   0.08065   8    0.16728  28   1.013E+05  4.045E-09 -1.139E-02  2.930E+02  6.344E+02
   0.08065   8    0.17359  29   1.013E+05  5.572E-09 -1.025E-02  2.930E+02  6.442E+02
   0.08065   8    0.17991  30   1.013E+05  6.476E-09 -9.089E-03  2.930E+02  6.550E+02
   0.08065   8    0.18622  31   1.013E+05  6.882E-09 -7.906E-03  2.930E+02  6.669E+02
   0.08065   8    0.19253  32   1.013E+05  6.899E-09 -6.719E-03  2.930E+02  6.800E+02
   0.08065   8    0.19884  33   1.013E+05  6.620E-09 -5.557E-03  2.930E+02  6.947E+02
   0.08065   8    0.20516  34   1.013E+05  6.127E-09 -4.414E-03  2.930E+02  7.113E+02
   0.08065   8    0.21147  35   1.013E+05  5.490E-09 -3.312E-03  2.930E+02  7.299E+02
   0.08065   8    0.21778  36   1.013E+05  4.774E-09 -2.289E-03  2.930E+02  7.509E+02
   0.08065   8    0.22409  37   1.013E+05  4.031E-09 -1.338E-03  2.930E+02  7.747E+02
   0.08065   8    0.23041  38   1.013E+05  3.301E-09 -4.736E-04  2.930E+02  8.014E+02
   0.08065   8    0.23672  39   1.013E+05  2.613E-09  2.856E-04  2.930E+02  8.318E+02
   0.08065   8    0.24303  40   1.013E+05  1.985E-09  9.265E-04  2.930E+02  8.655E+02
   0.08065   8    0.24934  41   1.013E+05  1.426E-09  1.443E-03  2.930E+02  9.034E+02
   0.08065   8    0.25566  42   1.013E+05  9.357E-10  1.842E-03  2.930E+02  9.450E+02
   0.08065   8    0.26197  43   1.013E+05  5.133E-10  2.122E-03  2.930E+02  9.907E+02
   0.08065   8    0.26828  44   1.013E+05  1.542E-10  2.307E-03  2.930E+02  1.040E+03
   0.08065   8    0.27459  45   1.013E+05 -1.473E-10  2.421E-03  2.930E+02  1.092E+03
   0.08065   8    0.28091  46   1.013E+05 -3.958E-10  2.452E-03  2.930E+02  1.146E+03
   0.08065   8    0.28722  47   1.013E+05 -5.933E-10  2.404E-03  2.930E+02  1.200E+03
   0.08065   8    0.29353  48   1.013E+05 -7.438E-10  2.311E-03  2.930E+02  1.253E+03
   0.08065   8    0.29984  49   1.013E+05 -8.508E-10  2.202E-03  2.930E+02  1.303E+03
   0.08065   8    0.30616  50   1.013E+05 -9.200E-10  2.065E-03  2.930E+02  1.348E+03
   0.08065   8    0.31247  51   1.013E+05 -9.558E-10  1.908E-03  2.930E+02  1.387E+03
   0.08065   8    0.31878  52   1.013E+05 -9.630E-10  1.749E-03  2.930E+02  1.419E+03
   0.08065   8    0.32509  53   1.013E+05 -9.481E-10  1.586E-03  2.930E+02  1.444E+03
   0.08065   8    0.33141  54   1.013E+05 -9.163E-10  1.436E-03  2.930E+02  1.461E+03
   0.08065   8    0.33772  55   1.013E+05 -8.727E-10  1.294E-03  2.930E+02  1.471E+03
   0.08065   8    0.34403  56   1.013E+05 -8.227E-10  1.144E-03  2.930E+02  1.474E+03
   0.08065   8    0.35034  57   1.013E+05 -7.687E-10  1.012E-03  2.930E+02  1.472E+03
   0.08065   8    0.35666  58   1.013E+05 -7.149E-10  8.967E-04  2.930E+02  1.465E+03
   0.08065   8    0.36297  59   1.013E+05 -6.641E-10  7.859E-04  2.930E+02  1.454E+03
   0.08065   8    0.36928  60   1.013E+05 -6.167E-10  6.961E-04  2.930E+02  1.441E+03
   0.08065   8    0.37559  61   1.013E+05 -5.744E-10  6.093E-04  2.930E+02  1.426E+03
   0.08065   8    0.38191  62   1.013E+05 -5.357E-10  5.321E-04  2.930E+02  1.409E+03
   0.08065   8    0.38822  63   1.013E+05 -4.997E-10  4.712E-04  2.930E+02  1.393E+03
   0.08065   8    0.39453  64   1.013E+05 -4.645E-10  4.026E-04  2.930E+02  1.376E+03
   0.08065   8    0.40084  65   1.013E+05 -4.278E-10  3.387E-04  2.930E+02  1.359E+03
   0.08065   8    0.40716  66   1.013E+05 -3.888E-10  2.971E-04  2.930E+02  1.344E+03
   0.08065   8    0.41347  67   1.013E+05 -3.473E-10  2.630E-04  2.930E+02  1.329E+03
   0.08065   8    0.41978  68   1.013E+05 -3.028E-10  2.242E-04  2.930E+02  1.315E+03
   0.08065   8    0.42609  69   1.013E+05 -2.551E-10  1.861E-04  2.930E+02  1.303E+03
   0.08065   8    0.43241  70   1.013E+05 -2.061E-10  1.595E-04  2.930E+02  1.291E+03
   0.08065   8    0.43872  71   1.013E+05 -1.572E-10  1.438E-04  2.930E+02  1.281E+03
   0.08065   8    0.44503  72   1.013E+05 -1.113E-10  1.257E-04  2.930E+02  1.272E+03
   0.08065   8    0.45134  73   1.013E+05 -6.908E-11  1.059E-04  2.930E+02  1.264E+03
   0.08065   8    0.45766  74   1.013E+05 -3.315E-11  8.914E-05  2.930E+02  1.257E+03
   0.08065   8    0.46397  75   1.013E+05 -4.993E-12  8.116E-05  2.930E+02  1.251E+03
   0.08065   8    0.47028  76   1.013E+05  1.456E-11  7.697E-05  2.930E+02  1.246E+03
   0.08065   8    0.47659  77   1.013E+05  2.471E-11  6.094E-05  2.930E+02  1.242E+03
   0.08065   8    0.48291  78   1.013E+05  2.651E-11  5.456E-05  2.930E+02  1.238E+03
   0.08065   8    0.48922  79   1.013E+05  2.149E-11  5.546E-05  2.930E+02  1.236E+03
   0.08065   8    0.49553  80   1.013E+05  8.945E-12  5.497E-05  2.930E+02  1.234E+03
   0.08065   8    0.50184  81   1.013E+05 -1.822E-13 -6.072E-06  2.930E+02  1.234E+03
   0.08065   8    0.50500  82   1.013E+05  0.000E+00 -6.072E-06  2.930E+02  1.234E+03
   0.09305   9    0.00000   1   1.012E+05  0.000E+00  0.000E+00  2.930E+02  2.930E+02
   0.09305   9    0.00316   2   1.012E+05  3.078E-07 -3.179E-03  2.930E+02  2.960E+02
   0.09305   9    0.00947   3   1.012E+05  3.231E-07 -3.263E-03  2.930E+02  3.023E+02
   0.09305   9    0.01578   4   1.012E+05  2.137E-07 -5.425E-03  2.930E+02  3.085E+02
   0.09305   9    0.02209   5   1.012E+05  8.207E-07 -7.437E-03  2.930E+02  3.141E+02
   0.09305   9    0.02841   6   1.012E+05  1.248E-06 -9.297E-03  2.930E+02  3.191E+02
   0.09305   9    0.03472   7   1.012E+05  1.952E-06 -1.104E-02  2.930E+02  3.236E+02
   0.09305   9    0.04103   8   1.012E+05  1.650E-06 -1.268E-02  2.930E+02  3.277E+02
   0.09305   9    0.04734   9   1.012E+05  1.328E-06 -1.423E-02  2.931E+02  3.316E+02
   0.09305   9    0.05366  10   1.012E+05  9.223E-07 -1.569E-02  2.933E+02  3.353E+02
   0.09305   9    0.05997  11   1.012E+05  1.026E-06 -1.707E-02  2.940E+02  3.388E+02
   0.09305   9    0.06628  12   1.012E+05  1.185E-06 -1.839E-02  2.961E+02  3.423E+02
   0.09305   9    0.07259  13   1.012E+05  1.247E-06 -1.964E-02  3.013E+02  3.461E+02
   0.09305   9    0.07891  14   1.012E+05  1.728E-06 -2.086E-02  3.131E+02  3.519E+02
   0.09305   9    0.08522  15   1.012E+05  1.167E-06 -2.211E-02  3.367E+02  3.753E+02
   0.09305   9    0.09153  16   1.012E+05  7.061E-07 -2.196E-02  3.772E+02  5.591E+02
   0.09305   9    0.09784  17   1.012E+05  4.400E-07 -2.175E-02  3.367E+02  5.632E+02
   0.09305   9    0.10416  18   1.012E+05  2.421E-07 -2.080E-02  3.131E+02  5.675E+02
   0.09305   9    0.11047  19   1.012E+05  9.307E-08 -1.990E-02  3.013E+02  5.723E+02
   0.09305   9    0.11678  20   1.012E+05 -4.031E-08 -1.905E-02  2.961E+02  5.774E+02
   0.09305   9    0.12309  21   1.012E+05 -1.306E-07 -1.823E-02  2.940E+02  5.830E+02
   0.09305   9    0.12941  22   1.013E+05 -1.187E-07 -1.737E-02  2.933E+02  5.889E+02
   0.09305   9    0.13572  23   1.013E+05 -7.630E-08 -1.647E-02  2.931E+02  5.952E+02
   0.09305   9    0.14203  24   1.013E+05 -4.779E-08 -1.554E-02  2.930E+02  6.020E+02
   0.09305   9    0.14834  25   1.013E+05 -2.558E-08 -1.457E-02  2.930E+02  6.092E+02
   0.09305   9    0.15466  26   1.013E+05 -1.125E-08 -1.355E-02  2.930E+02  6.170E+02
   0.09305   9    0.16097  27   1.013E+05 -1.924E-09 -1.248E-02  2.930E+02  6.253E+02
   0.09305   9    0.16728  28   1.013E+05  3.919E-09 -1.139E-02  2.930E+02  6.344E+02
   0.09305   9    0.17359  29   1.013E+05  7.478E-09 -1.025E-02  2.930E+02  6.442E+02
   0.09305   9    0.17991  30   1.013E+05  9.500E-09 -9.089E-03  2.930E+02  6.550E+02
   0.09305   9    0.18622  31   1.013E+05  1.048E-08 -7.906E-03  2.930E+02  6.669E+02
   0.09305   9    0.19253  32   1.013E+05  1.073E-08 -6.719E-03  2.930E+02  6.800E+02
   0.09305   9    0.19884  33   1.013E+05  1.047E-08 -5.557E-03  2.930E+02  6.947E+02
   0.09305   9    0.20516  34   1.013E+05  9.852E-09 -4.414E-03  2.930E+02  7.113E+02
   0.09305   9    0.21147  35   1.013E+05  8.997E-09 -3.312E-03  2.930E+02  7.299E+02
   0.09305   9    0.21778  36   1.013E+05  7.998E-09 -2.289E-03  2.930E+02  7.509E+02
   0.09305   9    0.22409  37   1.013E+05  6.933E-09 -1.338E-03  2.930E+02  7.747E+02
   0.09305   9    0.23041  38   1.013E+05  5.856E-09 -4.736E-04  2.930E+02  8.014E+02
   0.09305   9    0.23672  39   1.013E+05  4.808E-09  2.856E-04  2.930E+02  8.318E+02
   0.09305   9    0.24303  40   1.013E+05  3.818E-09  9.265E-04  2.930E+02  8.655E+02
   0.09305   9    0.24934  41   1.013E+05  2.903E-09  1.443E-03  2.930E+02  9.034E+02
   0.09305   9    0.25566  42   1.013E+05  2.074E-09  1.842E-03  2.930E+02  9.450E+02
   0.09305   9    0.26197  43   1.013E+05  1.337E-09  2.122E-03  2.930E+02  9.907E+02
   0.09305   9    0.26828  44   1.013E+05  6.914E-10  2.307E-03  2.930E+02  1.040E+03
   0.09305   9    0.27459  45   1.013E+05  1.344E-10  2.421E-03  2.930E+02  1.092E+03
   0.09305   9    0.28091  46   1.013E+05 -3.370E-10  2.452E-03  2.930E+02  1.146E+03
   0.09305   9    0.28722  47   1.013E+05 -7.222E-10  2.404E-03  2.930E+02  1.200E+03
   0.09305   9    0.29353  48   1.013E+05 -1.024E-09  2.311E-03  2.930E+02  1.253E+03
   0.09305   9    0.29984  49   1.013E+05 -1.249E-09  2.202E-03  2.930E+02  1.303E+03
   0.09305   9    0.30616  50   1.013E+05 -1.406E-09  2.065E-03  2.930E+02  1.348E+03
   0.09305   9    0.31247  51   1.013E+05 -1.503E-09  1.908E-03  2.930E+02  1.387E+03
   0.09305   9    0.31878  52   1.013E+05 -1.548E-09  1.749E-03  2.930E+02  1.419E+03
   0.09305   9    0.32509  53   1.013E+05 -1.549E-09  1.586E-03  2.930E+02  1.444E+03
   0.09305   9    0.33141  54   1.013E+05 -1.518E-09  1.436E-03  2.930E+02  1.461E+03
   0.09305   9    0.33772  55   1.013E+05 -1.463E-09  1.294E-03  2.930E+02  1.471E+03
   0.09305   9    0.34403  56   1.013E+05 -1.390E-09  1.144E-03  2.930E+02  1.474E+03
   0.09305   9    0.35034  57   1.013E+05 -1.304E-09  1.012E-03  2.930E+02  1.472E+03
   0.09305   9    0.35666  58   1.013E+05 -1.213E-09  8.967E-04  2.930E+02  1.465E+03
   0.09305   9    0.36297  59   1.013E+05 -1.121E-09  7.859E-04  2.930E+02  1.454E+03
   0.09305   9    0.36928  60   1.013E+05 -1.032E-09  6.961E-04  2.930E+02  1.441E+03
   0.09305   9    0.37559  61   1.013E+05 -9.476E-10  6.093E-04  2.930E+02  1.426E+03
   0.09305   9    0.38191  62   1.013E+05 -8.678E-10  5.321E-04  2.930E+02  1.409E+03
   0.09305   9    0.38822  63   1.013E+05 -7.931E-10  4.712E-04  2.930E+02  1.393E+03
   0.09305   9    0.39453  64   1.013E+05 -7.213E-10  4.026E-04  2.930E+02  1.376E+03
   0.09305   9    0.40084  65   1.013E+05 -6.493E-10  3.387E-04  2.930E+02  1.359E+03
   0.09305   9    0.40716  66   1.013E+05 -5.778E-10  2.971E-04  2.930E+02  1.344E+03
   0.09305   9    0.41347  67   1.013E+05 -5.087E-10  2.630E-04  2.930E+02  1.329E+03
   0.09305   9    0.41978  68   1.013E+05 -4.408E-10  2.242E-04  2.930E+02  1.315E+03
   0.09305   9    0.42609  69   1.013E+05 -3.726E-10  1.861E-04  2.930E+02  1.303E+03
   0.09305   9    0.43241  70   1.013E+05 -3.059E-10  1.595E-04  2.930E+02  1.291E+03
   0.09305   9    0.43872  71   1.013E+05 -2.432E-10  1.438E-04  2.930E+02  1.281E+03
   0.09305   9    0.44503  72   1.013E+05 -1.873E-10  1.257E-04  2.930E+02  1.272E+03
   0.09305   9    0.45134  73   1.013E+05 -1.372E-10  1.059E-04  2.930E+02  1.264E+03
   0.09305   9    0.45766  74   1.013E+05 -9.442E-11  8.914E-05  2.930E+02  1.257E+03
   0.09305   9    0.46397  75   1.013E+05 -6.079E-11  8.116E-05  2.930E+02  1.251E+03
   0.09305   9    0.47028  76   1.013E+05 -3.728E-11  7.697E-05  2.930E+02  1.246E+03
   0.09305   9    0.47659  77   1.013E+05 -2.333E-11  6.094E-05  2.930E+02  1.242E+03
   0.09305   9    0.48291  78   1.013E+05 -1.708E-11  5.456E-05  2.930E+02  1.238E+03
   0.09305   9    0.48922  79   1.013E+05 -1.787E-11  5.546E-05  2.930E+02  1.236E+03
   0.09305   9    0.49553  80   1.013E+05 -2.390E-11  5.497E-05  2.930E+02  1.234E+03
   0.09305   9    0.50184  81   1.013E+05 -3.095E-11 -6.072E-06  2.930E+02  1.234E+03
   0.09305   9    0.50500  82   1.013E+05  0.000E+00 -6.072E-06  2.930E+02  1.234E+03
   0.10546  10    0.00000   1   1.012E+05  0.000E+00  0.000E+00  2.930E+02  2.930E+02
   0.10546  10    0.00316   2   1.012E+05  5.182E-07 -3.179E-03  2.930E+02  2.960E+02
   0.10546  10    0.00947   3   1.012E+05  5.939E-07 -3.263E-03  2.930E+02  3.023E+02
   0.10546  10    0.01578   4   1.012E+05  1.023E-06 -5.425E-03  2.930E+02  3.085E+02
   0.10546  10    0.02209   5   1.012E+05  9.415E-07 -7.436E-03  2.930E+02  3.141E+02
   0.10546  10    0.02841   6   1.012E+05  1.022E-06 -9.296E-03  2.930E+02  3.190E+02
   0.10546  10    0.03472   7   1.012E+05  1.821E-06 -1.104E-02  2.930E+02  3.236E+02
   0.10546  10    0.04103   8   1.012E+05  1.713E-06 -1.268E-02  2.930E+02  3.277E+02
   0.10546  10    0.04734   9   1.012E+05  2.019E-06 -1.423E-02  2.931E+02  3.316E+02
   0.10546  10    0.05366  10   1.012E+05  1.947E-06 -1.569E-02  2.933E+02  3.353E+02
   0.10546  10    0.05997  11   1.012E+05  1.291E-06 -1.707E-02  2.940E+02  3.388E+02
   0.10546  10    0.06628  12   1.012E+05  1.023E-06 -1.839E-02  2.961E+02  3.423E+02
   0.10546  10    0.07259  13   1.012E+05  3.411E-06 -1.964E-02  3.013E+02  3.461E+02
   0.10546  10    0.07891  14   1.012E+05  7.233E-06 -2.086E-02  3.131E+02  3.519E+02
   0.10546  10    0.08522  15   1.012E+05  3.001E-06 -2.211E-02  3.367E+02  3.753E+02
   0.10546  10    0.09153  16   1.012E+05  3.949E-07 -2.196E-02  3.772E+02  5.591E+02
   0.10546  10    0.09784  17   1.012E+05  4.105E-07 -2.175E-02  3.367E+02  5.632E+02
   0.10546  10    0.10416  18   1.012E+05  1.627E-07 -2.080E-02  3.131E+02  5.675E+02
   0.10546  10    0.11047  19   1.012E+05 -1.163E-08 -1.990E-02  3.013E+02  5.723E+02
   0.10546  10    0.11678  20   1.012E+05 -3.298E-07 -1.905E-02  2.961E+02  5.774E+02
   0.10546  10    0.12309  21   1.012E+05 -6.502E-07 -1.823E-02  2.940E+02  5.830E+02
   0.10546  10    0.12941  22   1.013E+05 -3.988E-07 -1.737E-02  2.933E+02  5.889E+02
   0.10546  10    0.13572  23   1.013E+05 -1.595E-07 -1.647E-02  2.931E+02  5.953E+02
   0.10546  10    0.14203  24   1.013E+05 -8.691E-08 -1.554E-02  2.930E+02  6.020E+02
   0.10546  10    0.14834  25   1.013E+05 -3.650E-08 -1.457E-02  2.930E+02  6.093E+02
   0.10546  10    0.15466  26   1.013E+05 -1.233E-08 -1.355E-02  2.930E+02  6.170E+02
   0.10546  10    0.16097  27   1.013E+05  1.622E-09 -1.248E-02  2.930E+02  6.253E+02
   0.10546  10    0.16728  28   1.013E+05  9.413E-09 -1.139E-02  2.930E+02  6.344E+02
   0.10546  10    0.17359  29   1.013E+05  1.388E-08 -1.025E-02  2.930E+02  6.442E+02
   0.10546  10    0.17991  30   1.013E+05  1.632E-08 -9.089E-03  2.930E+02  6.550E+02
   0.10546  10    0.18622  31   1.013E+05  1.750E-08 -7.906E-03  2.930E+02  6.669E+02
   0.10546  10    0.19253  32   1.013E+05  1.780E-08 -6.719E-03  2.930E+02  6.800E+02
   0.10546  10    0.19884  33   1.013E+05  1.749E-08 -5.557E-03  2.930E+02  6.948E+02
   0.10546  10    0.20516  34   1.013E+05  1.674E-08 -4.414E-03  2.930E+02  7.113E+02
   0.10546  10    0.21147  35   1.013E+05  1.563E-08 -3.312E-03  2.930E+02  7.299E+02
   0.10546  10    0.21778  36   1.013E+05  1.429E-08 -2.289E-03  2.930E+02  7.509E+02
   0.10546  10    0.22409  37   1.013E+05  1.280E-08 -1.338E-03  2.930E+02  7.747E+02
   0.10546  10    0.23041  38   1.013E+05  1.121E-08 -4.736E-04  2.930E+02  8.014E+02
   0.10546  10    0.23672  39   1.013E+05  9.551E-09  2.856E-04  2.930E+02  8.318E+02
   0.10546  10    0.24303  40   1.013E+05  7.887E-09  9.265E-04  2.930E+02  8.655E+02
   0.10546  10    0.24934  41   1.013E+05  6.270E-09  1.443E-03  2.930E+02  9.034E+02
   0.10546  10    0.25566  42   1.013E+05  4.741E-09  1.842E-03  2.930E+02  9.450E+02
   0.10546  10    0.26197  43   1.013E+05  3.338E-09  2.122E-03  2.930E+02  9.907E+02
   0.10546  10    0.26828  44   1.013E+05  2.090E-09  2.307E-03  2.930E+02  1.040E+03
   0.10546  10    0.27459  45   1.013E+05  9.859E-10  2.421E-03  2.930E+02  1.092E+03
   0.10546  10    0.28091  46   1.013E+05  2.065E-11  2.452E-03  2.930E+02  1.146E+03
   0.10546  10    0.28722  47   1.013E+05 -7.723E-10  2.404E-03  2.930E+02  1.200E+03
   0.10546  10    0.29353  48   1.013E+05 -1.379E-09  2.311E-03  2.930E+02  1.253E+03
   0.10546  10    0.29984  49   1.013E+05 -1.835E-09  2.202E-03  2.930E+02  1.303E+03
   0.10546  10    0.30616  50   1.013E+05 -2.168E-09  2.065E-03  2.930E+02  1.348E+03
   0.10546  10    0.31247  51   1.013E+05 -2.380E-09  1.908E-03  2.930E+02  1.387E+03
   0.10546  10    0.31878  52   1.013E+05 -2.489E-09  1.749E-03  2.930E+02  1.419E+03
   0.10546  10    0.32509  53   1.013E+05 -2.513E-09  1.586E-03  2.930E+02  1.444E+03
   0.10546  10    0.33141  54   1.013E+05 -2.473E-09  1.436E-03  2.930E+02  1.461E+03
   0.10546  10    0.33772  55   1.013E+05 -2.402E-09  1.294E-03  2.930E+02  1.471E+03
   0.10546  10    0.34403  56   1.013E+05 -2.291E-09  1.144E-03  2.930E+02  1.474E+03
   0.10546  10    0.35034  57   1.013E+05 -2.141E-09  1.012E-03  2.930E+02  1.472E+03
   0.10546  10    0.35666  58   1.013E+05 -1.983E-09  8.967E-04  2.930E+02  1.465E+03
   0.10546  10    0.36297  59   1.013E+05 -1.819E-09  7.859E-04  2.930E+02  1.454E+03
   0.10546  10    0.36928  60   1.013E+05 -1.659E-09  6.961E-04  2.930E+02  1.441E+03
   0.10546  10    0.37559  61   1.013E+05 -1.513E-09  6.093E-04  2.930E+02  1.426E+03
   0.10546  10    0.38191  62   1.013E+05 -1.369E-09  5.321E-04  2.930E+02  1.409E+03
   0.10546  10    0.38822  63   1.013E+05 -1.244E-09  4.712E-04  2.930E+02  1.393E+03
   0.10546  10    0.39453  64   1.013E+05 -1.129E-09  4.026E-04  2.930E+02  1.376E+03
   0.10546  10    0.40084  65   1.013E+05 -9.989E-10  3.387E-04  2.930E+02  1.359E+03
   0.10546  10    0.40716  66   1.013E+05 -8.706E-10  2.971E-04  2.930E+02  1.344E+03
   0.10546  10    0.41347  67   1.013E+05 -7.667E-10  2.630E-04  2.930E+02  1.329E+03
   0.10546  10    0.41978  68   1.013E+05 -6.742E-10  2.242E-04  2.930E+02  1.315E+03
   0.10546  10    0.42609  69   1.013E+05 -5.747E-10  1.861E-04  2.930E+02  1.303E+03
   0.10546  10    0.43241  70   1.013E+05 -4.732E-10  1.595E-04  2.930E+02  1.291E+03
   0.10546  10    0.43872  71   1.013E+05 -3.881E-10  1.438E-04  2.930E+02  1.281E+03
   0.10546  10    0.44503  72   1.013E+05 -3.219E-10  1.257E-04  2.930E+02  1.272E+03
   0.10546  10    0.45134  73   1.013E+05 -2.607E-10  1.059E-04  2.930E+02  1.264E+03
   0.10546  10    0.45766  74   1.013E+05 -2.013E-10  8.914E-05  2.930E+02  1.257E+03
   0.10546  10    0.46397  75   1.013E+05 -1.524E-10  8.116E-05  2.930E+02  1.251E+03
   0.10546  10    0.47028  76   1.013E+05 -1.271E-10  7.697E-05  2.930E+02  1.246E+03
   0.10546  10    0.47659  77   1.013E+05 -1.095E-10  6.094E-05  2.930E+02  1.242E+03
   0.10546  10    0.48291  78   1.013E+05 -9.172E-11  5.456E-05  2.930E+02  1.238E+03
   0.10546  10    0.48922  79   1.013E+05 -9.324E-11  5.546E-05  2.930E+02  1.236E+03
   0.10546  10    0.49553  80   1.013E+05 -1.273E-10  5.497E-05  2.930E+02  1.234E+03
   0.10546  10    0.50184  81   1.013E+05 -1.425E-10 -6.072E-06  2.930E+02  1.234E+03
   0.10546  10    0.50500  82   1.013E+05  0.000E+00 -6.072E-06  2.930E+02  1.234E+03
   0.11787  11    0.00000   1   1.012E+05  0.000E+00  0.000E+00  2.930E+02  2.930E+02
   0.11787  11    0.00316   2   1.012E+05  3.785E-07 -3.179E-03  2.930E+02  2.960E+02
   0.11787  11    0.00947   3   1.012E+05  4.703E-07 -3.261E-03  2.930E+02  3.023E+02
   0.11787  11    0.01578   4   1.012E+05  1.071E-06 -5.425E-03  2.930E+02  3.085E+02
   0.11787  11    0.02209   5   1.012E+05  6.205E-07 -7.437E-03  2.930E+02  3.141E+02
   0.11787  11    0.02841   6   1.012E+05  5.802E-07 -9.296E-03  2.930E+02  3.190E+02
   0.11787  11    0.03472   7   1.012E+05  5.330E-07 -1.104E-02  2.930E+02  3.236E+02
   0.11787  11    0.04103   8   1.012E+05  9.896E-07 -1.268E-02  2.930E+02  3.277E+02
   0.11787  11    0.04734   9   1.012E+05  1.347E-06 -1.423E-02  2.931E+02  3.316E+02
   0.11787  11    0.05366  10   1.012E+05  1.261E-06 -1.569E-02  2.933E+02  3.353E+02
   0.11787  11    0.05997  11   1.012E+05  6.851E-07 -1.707E-02  2.940E+02  3.388E+02
   0.11787  11    0.06628  12   1.012E+05  3.978E-07 -1.838E-02  2.961E+02  3.423E+02
   0.11787  11    0.07259  13   1.012E+05  2.959E-06 -1.963E-02  3.013E+02  3.461E+02
   0.11787  11    0.07891  14   1.012E+05  2.461E-05 -2.087E-02  3.131E+02  3.519E+02
   0.11787  11    0.08522  15   1.012E+05  2.214E-06 -2.212E-02  3.367E+02  3.754E+02
   0.11787  11    0.09153  16   1.012E+05 -7.247E-08 -2.196E-02  3.772E+02  5.590E+02
   0.11787  11    0.09784  17   1.012E+05  1.340E-07 -2.175E-02  3.367E+02  5.631E+02
   0.11787  11    0.10416  18   1.012E+05  2.422E-08 -2.081E-02  3.131E+02  5.675E+02
   0.11787  11    0.11047  19   1.012E+05 -4.636E-08 -1.990E-02  3.013E+02  5.723E+02
   0.11787  11    0.11678  20   1.012E+05 -2.683E-07 -1.906E-02  2.961E+02  5.774E+02
   0.11787  11    0.12309  21   1.012E+05 -5.155E-07 -1.823E-02  2.940E+02  5.830E+02
   0.11787  11    0.12941  22   1.013E+05 -2.910E-07 -1.737E-02  2.933E+02  5.889E+02
   0.11787  11    0.13572  23   1.013E+05 -9.256E-08 -1.647E-02  2.931E+02  5.953E+02
   0.11787  11    0.14203  24   1.013E+05 -4.665E-08 -1.554E-02  2.930E+02  6.020E+02
   0.11787  11    0.14834  25   1.013E+05 -1.514E-08 -1.457E-02  2.930E+02  6.093E+02
   0.11787  11    0.15466  26   1.013E+05 -2.482E-09 -1.355E-02  2.930E+02  6.170E+02
   0.11787  11    0.16097  27   1.013E+05  4.385E-09 -1.248E-02  2.930E+02  6.254E+02
   0.11787  11    0.16728  28   1.013E+05  7.948E-09 -1.139E-02  2.930E+02  6.344E+02
   0.11787  11    0.17359  29   1.013E+05  9.932E-09 -1.025E-02  2.930E+02  6.442E+02
   0.11787  11    0.17991  30   1.013E+05  1.100E-08 -9.089E-03  2.930E+02  6.550E+02
   0.11787  11    0.18622  31   1.013E+05  1.149E-08 -7.906E-03  2.930E+02  6.669E+02
   0.11787  11    0.19253  32   1.013E+05  1.158E-08 -6.719E-03  2.930E+02  6.801E+02
   0.11787  11    0.19884  33   1.013E+05  1.137E-08 -5.557E-03  2.930E+02  6.948E+02
   0.11787  11    0.20516  34   1.013E+05  1.093E-08 -4.414E-03  2.930E+02  7.113E+02
   0.11787  11    0.21147  35   1.013E+05  1.028E-08 -3.312E-03  2.930E+02  7.299E+02
   0.11787  11    0.21778  36   1.013E+05  9.487E-09 -2.289E-03  2.930E+02  7.509E+02
   0.11787  11    0.22409  37   1.013E+05  8.589E-09 -1.338E-03  2.930E+02  7.747E+02
   0.11787  11    0.23041  38   1.013E+05  7.598E-09 -4.736E-04  2.930E+02  8.015E+02
   0.11787  11    0.23672  39   1.013E+05  6.542E-09  2.856E-04  2.930E+02  8.318E+02
   0.11787  11    0.24303  40   1.013E+05  5.457E-09  9.265E-04  2.930E+02  8.655E+02
   0.11787  11    0.24934  41   1.013E+05  4.382E-09  1.443E-03  2.930E+02  9.034E+02
   0.11787  11    0.25566  42   1.013E+05  3.352E-09  1.842E-03  2.930E+02  9.450E+02
   0.11787  11    0.26197  43   1.013E+05  2.399E-09  2.122E-03  2.930E+02  9.907E+02
   0.11787  11    0.26828  44   1.013E+05  1.549E-09  2.307E-03  2.930E+02  1.040E+03
   0.11787  11    0.27459  45   1.013E+05  7.917E-10  2.421E-03  2.930E+02  1.092E+03
   0.11787  11    0.28091  46   1.013E+05  1.220E-10  2.452E-03  2.930E+02  1.146E+03
   0.11787  11    0.28722  47   1.013E+05 -4.275E-10  2.404E-03  2.930E+02  1.200E+03
   0.11787  11    0.29353  48   1.013E+05 -8.427E-10  2.311E-03  2.930E+02  1.253E+03
   0.11787  11    0.29984  49   1.013E+05 -1.153E-09  2.202E-03  2.930E+02  1.303E+03
   0.11787  11    0.30616  50   1.013E+05 -1.383E-09  2.065E-03  2.930E+02  1.348E+03
   0.11787  11    0.31247  51   1.013E+05 -1.529E-09  1.908E-03  2.930E+02  1.387E+03
   0.11787  11    0.31878  52   1.013E+05 -1.603E-09  1.749E-03  2.930E+02  1.419E+03
   0.11787  11    0.32509  53   1.013E+05 -1.618E-09  1.586E-03  2.930E+02  1.444E+03
   0.11787  11    0.33141  54   1.013E+05 -1.591E-09  1.436E-03  2.930E+02  1.461E+03
   0.11787  11    0.33772  55   1.013E+05 -1.547E-09  1.294E-03  2.930E+02  1.471E+03
   0.11787  11    0.34403  56   1.013E+05 -1.475E-09  1.144E-03  2.930E+02  1.474E+03
   0.11787  11    0.35034  57   1.013E+05 -1.373E-09  1.012E-03  2.930E+02  1.472E+03
   0.11787  11    0.35666  58   1.013E+05 -1.268E-09  8.967E-04  2.930E+02  1.465E+03
   0.11787  11    0.36297  59   1.013E+05 -1.158E-09  7.859E-04  2.930E+02  1.454E+03
   0.11787  11    0.36928  60   1.013E+05 -1.051E-09  6.961E-04  2.930E+02  1.441E+03
   0.11787  11    0.37559  61   1.013E+05 -9.563E-10  6.093E-04  2.930E+02  1.426E+03
   0.11787  11    0.38191  62   1.013E+05 -8.613E-10  5.321E-04  2.930E+02  1.409E+03
   0.11787  11    0.38822  63   1.013E+05 -7.816E-10  4.712E-04  2.930E+02  1.393E+03
   0.11787  11    0.39453  64   1.013E+05 -7.109E-10  4.026E-04  2.930E+02  1.376E+03
   0.11787  11    0.40084  65   1.013E+05 -6.244E-10  3.387E-04  2.930E+02  1.359E+03
   0.11787  11    0.40716  66   1.013E+05 -5.389E-10  2.971E-04  2.930E+02  1.344E+03
   0.11787  11    0.41347  67   1.013E+05 -4.752E-10  2.630E-04  2.930E+02  1.329E+03
   0.11787  11    0.41978  68   1.013E+05 -4.211E-10  2.242E-04  2.930E+02  1.315E+03
   0.11787  11    0.42609  69   1.013E+05 -3.594E-10  1.861E-04  2.930E+02  1.303E+03
   0.11787  11    0.43241  70   1.013E+05 -2.945E-10  1.595E-04  2.930E+02  1.291E+03
   0.11787  11    0.43872  71   1.013E+05 -2.425E-10  1.438E-04  2.930E+02  1.281E+03
   0.11787  11    0.44503  72   1.013E+05 -2.058E-10  1.257E-04  2.930E+02  1.272E+03
   0.11787  11    0.45134  73   1.013E+05 -1.705E-10  1.059E-04  2.930E+02  1.264E+03
   0.11787  11    0.45766  74   1.013E+05 -1.336E-10  8.914E-05  2.930E+02  1.257E+03
   0.11787  11    0.46397  75   1.013E+05 -1.027E-10  8.116E-05  2.930E+02  1.251E+03
   0.11787  11    0.47028  76   1.013E+05 -9.000E-11  7.697E-05  2.930E+02  1.246E+03
   0.11787  11    0.47659  77   1.013E+05 -8.076E-11  6.094E-05  2.930E+02  1.242E+03
   0.11787  11    0.48291  78   1.013E+05 -6.801E-11  5.456E-05  2.930E+02  1.238E+03
   0.11787  11    0.48922  79   1.013E+05 -7.081E-11  5.546E-05  2.930E+02  1.236E+03
   0.11787  11    0.49553  80   1.013E+05 -1.045E-10  5.497E-05  2.930E+02  1.234E+03
   0.11787  11    0.50184  81   1.013E+05 -1.176E-10 -6.071E-06  2.930E+02  1.234E+03
   0.11787  11    0.50500  82   1.013E+05  0.000E+00 -6.071E-06  2.930E+02  1.234E+03
   0.12407  12    0.00000   1   1.012E+05  0.000E+00  0.000E+00  2.930E+02  2.930E+02
   0.12407  12    0.00316   2   1.012E+05  3.785E-07 -3.179E-03  2.930E+02  2.960E+02
   0.12407  12    0.00947   3   1.012E+05  4.703E-07 -3.261E-03  2.930E+02  3.023E+02
   0.12407  12    0.01578   4   1.012E+05  1.071E-06 -5.425E-03  2.930E+02  3.085E+02
   0.12407  12    0.02209   5   1.012E+05  6.205E-07 -7.437E-03  2.930E+02  3.141E+02
   0.12407  12    0.02841   6   1.012E+05  5.802E-07 -9.296E-03  2.930E+02  3.190E+02
   0.12407  12    0.03472   7   1.012E+05  5.330E-07 -1.104E-02  2.930E+02  3.236E+02
   0.12407  12    0.04103   8   1.012E+05  9.896E-07 -1.268E-02  2.930E+02  3.277E+02
   0.12407  12    0.04734   9   1.012E+05  1.347E-06 -1.423E-02  2.931E+02  3.316E+02
   0.12407  12    0.05366  10   1.012E+05  1.261E-06 -1.569E-02  2.933E+02  3.353E+02
   0.12407  12    0.05997  11   1.012E+05  6.851E-07 -1.707E-02  2.940E+02  3.388E+02
   0.12407  12    0.06628  12   1.012E+05  3.978E-07 -1.838E-02  2.961E+02  3.423E+02
   0.12407  12    0.07259  13   1.012E+05  2.959E-06 -1.963E-02  3.013E+02  3.461E+02
   0.12407  12    0.07891  14   1.012E+05  2.461E-05 -2.087E-02  3.131E+02  3.519E+02
   0.12407  12    0.08522  15   1.012E+05  2.214E-06 -2.212E-02  3.367E+02  3.754E+02
   0.12407  12    0.09153  16   1.012E+05 -7.247E-08 -2.196E-02  3.772E+02  5.590E+02
   0.12407  12    0.09784  17   1.012E+05  1.340E-07 -2.175E-02  3.367E+02  5.631E+02
   0.12407  12    0.10416  18   1.012E+05  2.422E-08 -2.081E-02  3.131E+02  5.675E+02
   0.12407  12    0.11047  19   1.012E+05 -4.636E-08 -1.990E-02  3.013E+02  5.723E+02
   0.12407  12    0.11678  20   1.012E+05 -2.683E-07 -1.906E-02  2.961E+02  5.774E+02
   0.12407  12    0.12309  21   1.012E+05 -5.155E-07 -1.823E-02  2.940E+02  5.830E+02
   0.12407  12    0.12941  22   1.013E+05 -2.910E-07 -1.737E-02  2.933E+02  5.889E+02
   0.12407  12    0.13572  23   1.013E+05 -9.256E-08 -1.647E-02  2.931E+02  5.953E+02
   0.12407  12    0.14203  24   1.013E+05 -4.665E-08 -1.554E-02  2.930E+02  6.020E+02
   0.12407  12    0.14834  25   1.013E+05 -1.514E-08 -1.457E-02  2.930E+02  6.093E+02
   0.12407  12    0.15466  26   1.013E+05 -2.482E-09 -1.355E-02  2.930E+02  6.170E+02
   0.12407  12    0.16097  27   1.013E+05  4.385E-09 -1.248E-02  2.930E+02  6.254E+02
   0.12407  12    0.16728  28   1.013E+05  7.948E-09 -1.139E-02  2.930E+02  6.344E+02
   0.12407  12    0.17359  29   1.013E+05  9.932E-09 -1.025E-02  2.930E+02  6.442E+02
   0.12407  12    0.17991  30   1.013E+05  1.100E-08 -9.089E-03  2.930E+02  6.550E+02
   0.12407  12    0.18622  31   1.013E+05  1.149E-08 -7.906E-03  2.930E+02  6.669E+02
   0.12407  12    0.19253  32   1.013E+05  1.158E-08 -6.719E-03  2.930E+02  6.801E+02
   0.12407  12    0.19884  33   1.013E+05  1.137E-08 -5.557E-03  2.930E+02  6.948E+02
   0.12407  12    0.20516  34   1.013E+05  1.093E-08 -4.414E-03  2.930E+02  7.113E+02
   0.12407  12    0.21147  35   1.013E+05  1.028E-08 -3.312E-03  2.930E+02  7.299E+02
   0.12407  12    0.21778  36   1.013E+05  9.487E-09 -2.289E-03  2.930E+02  7.509E+02
   0.12407  12    0.22409  37   1.013E+05  8.589E-09 -1.338E-03  2.930E+02  7.747E+02
   0.12407  12    0.23041  38   1.013E+05  7.598E-09 -4.736E-04  2.930E+02  8.015E+02
   0.12407  12    0.23672  39   1.013E+05  6.542E-09  2.856E-04  2.930E+02  8.318E+02
   0.12407  12    0.24303  40   1.013E+05  5.457E-09  9.265E-04  2.930E+02  8.655E+02
   0.12407  12    0.24934  41   1.013E+05  4.382E-09  1.443E-03  2.930E+02  9.034E+02
   0.12407  12    0.25566  42   1.013E+05  3.352E-09  1.842E-03  2.930E+02  9.450E+02
   0.12407  12    0.26197  43   1.013E+05  2.399E-09  2.122E-03  2.930E+02  9.907E+02
   0.12407  12    0.26828  44   1.013E+05  1.549E-09  2.307E-03  2.930E+02  1.040E+03
   0.12407  12    0.27459  45   1.013E+05  7.917E-10  2.421E-03  2.930E+02  1.092E+03
   0.12407  12    0.28091  46   1.013E+05  1.220E-10  2.452E-03  2.930E+02  1.146E+03
   0.12407  12    0.28722  47   1.013E+05 -4.275E-10  2.404E-03  2.930E+02  1.200E+03
   0.12407  12    0.29353  48   1.013E+05 -8.427E-10  2.311E-03  2.930E+02  1.253E+03
   0.12407  12    0.29984  49   1.013E+05 -1.153E-09  2.202E-03  2.930E+02  1.303E+03
   0.12407  12    0.30616  50   1.013E+05 -1.383E-09  2.065E-03  2.930E+02  1.348E+03
   0.12407  12    0.31247  51   1.013E+05 -1.529E-09  1.908E-03  2.930E+02  1.387E+03
   0.12407  12    0.31878  52   1.013E+05 -1.603E-09  1.749E-03  2.930E+02  1.419E+03
   0.12407  12    0.32509  53   1.013E+05 -1.618E-09  1.586E-03  2.930E+02  1.444E+03
   0.12407  12    0.33141  54   1.013E+05 -1.591E-09  1.436E-03  2.930E+02  1.461E+03
   0.12407  12    0.33772  55   1.013E+05 -1.547E-09  1.294E-03  2.930E+02  1.471E+03
   0.12407  12    0.34403  56   1.013E+05 -1.475E-09  1.144E-03  2.930E+02  1.474E+03
   0.12407  12    0.35034  57   1.013E+05 -1.373E-09  1.012E-03  2.930E+02  1.472E+03
   0.12407  12    0.35666  58   1.013E+05 -1.268E-09  8.967E-04  2.930E+02  1.465E+03
   0.12407  12    0.36297  59   1.013E+05 -1.158E-09  7.859E-04  2.930E+02  1.454E+03
   0.12407  12    0.36928  60   1.013E+05 -1.051E-09  6.961E-04  2.930E+02  1.441E+03
   0.12407  12    0.37559  61   1.013E+05 -9.563E-10  6.093E-04  2.930E+02  1.426E+03
   0.12407  12    0.38191  62   1.013E+05 -8.613E-10  5.321E-04  2.930E+02  1.409E+03
   0.12407  12    0.38822  63   1.013E+05 -7.816E-10  4.712E-04  2.930E+02  1.393E+03
   0.12407  12    0.39453  64   1.013E+05 -7.109E-10  4.026E-04  2.930E+02  1.376E+03
   0.12407  12    0.40084  65   1.013E+05 -6.244E-10  3.387E-04  2.930E+02  1.359E+03
   0.12407  12    0.40716  66   1.013E+05 -5.389E-10  2.971E-04  2.930E+02  1.344E+03
   0.12407  12    0.41347  67   1.013E+05 -4.752E-10  2.630E-04  2.930E+02  1.329E+03
   0.12407  12    0.41978  68   1.013E+05 -4.211E-10  2.242E-04  2.930E+02  1.315E+03
   0.12407  12    0.42609  69   1.013E+05 -3.594E-10  1.861E-04  2.930E+02  1.303E+03
   0.12407  12    0.43241  70   1.013E+05 -2.945E-10  1.595E-04  2.930E+02  1.291E+03
   0.12407  12    0.43872  71   1.013E+05 -2.425E-10  1.438E-04  2.930E+02  1.281E+03
   0.12407  12    0.44503  72   1.013E+05 -2.058E-10  1.257E-04  2.930E+02  1.272E+03
   0.12407  12    0.45134  73   1.013E+05 -1.705E-10  1.059E-04  2.930E+02  1.264E+03
   0.12407  12    0.45766  74   1.013E+05 -1.336E-10  8.914E-05  2.930E+02  1.257E+03
   0.12407  12    0.46397  75   1.013E+05 -1.027E-10  8.116E-05  2.930E+02  1.251E+03
   0.12407  12    0.47028  76   1.013E+05 -9.000E-11  7.697E-05  2.930E+02  1.246E+03
   0.12407  12    0.47659  77   1.013E+05 -8.076E-11  6.094E-05  2.930E+02  1.242E+03
   0.12407  12    0.48291  78   1.013E+05 -6.801E-11  5.456E-05  2.930E+02  1.238E+03
   0.12407  12    0.48922  79   1.013E+05 -7.081E-11  5.546E-05  2.930E+02  1.236E+03
   0.12407  12    0.49553  80   1.013E+05 -1.045E-10  5.497E-05  2.930E+02  1.234E+03
   0.12407  12    0.50184  81   1.013E+05 -1.176E-10 -6.071E-06  2.930E+02  1.234E+03
   0.12407  12    0.50500  82   1.013E+05  0.000E+00 -6.071E-06  2.930E+02  1.234E+03
