# xp i yp j p u v ts tf
   0.00000   1    0.00000   1   1.019E+05 -1.576E-07  6.502E-02  2.942E+02  2.930E+02
   0.00000   1    0.00316   2   1.019E+05 -1.576E-07  6.502E-02  2.942E+02  2.930E+02
   0.00000   1    0.00947   3   1.019E+05 -1.669E-07  6.501E-02  2.967E+02  2.930E+02
   0.00000   1    0.01578   4   1.019E+05 -1.744E-07  6.500E-02  2.997E+02  2.930E+02
   0.00000   1    0.02209   5   1.019E+05 -1.890E-07  6.500E-02  3.034E+02  2.930E+02
   0.00000   1    0.02841   6   1.019E+05 -2.102E-07  6.500E-02  3.082E+02  2.930E+02
   0.00000   1    0.03472   7   1.019E+05 -2.107E-07  6.500E-02  3.142E+02  2.930E+02
   0.00000   1    0.04103   8   1.019E+05 -2.496E-07  6.500E-02  3.217E+02  2.930E+02
   0.00000   1    0.04734   9   1.019E+05 -9.817E-08  6.500E-02  3.306E+02  2.930E+02
   0.00000   1    0.05366  10   1.019E+05 -3.246E-07  6.500E-02  3.407E+02  2.930E+02
   0.00000   1    0.05997  11   1.018E+05 -3.775E-07  6.500E-02  3.516E+02  2.930E+02
   0.00000   1    0.06628  12   1.018E+05 -6.235E-07  6.500E-02  3.625E+02  2.930E+02
   0.00000   1    0.07259  13   1.018E+05 -8.777E-07  6.500E-02  3.726E+02  2.930E+02
   0.00000   1    0.07891  14   1.018E+05 -6.560E-07  6.500E-02  3.808E+02  2.930E+02
   0.00000   1    0.08522  15   1.018E+05 -4.521E-07  6.500E-02  3.862E+02  2.930E+02
   0.00000   1    0.09153  16   1.018E+05 -3.489E-07  6.500E-02  3.880E+02  2.930E+02
   0.00000   1    0.09784  17   1.018E+05 -2.447E-07  6.500E-02  3.862E+02  2.930E+02
   0.00000   1    0.10416  18   1.018E+05 -1.934E-07  6.500E-02  3.808E+02  2.930E+02
   0.00000   1    0.11047  19   1.018E+05 -1.453E-07  6.500E-02  3.726E+02  2.930E+02
   0.00000   1    0.11678  20   1.018E+05 -1.264E-07  6.500E-02  3.626E+02  2.930E+02
   0.00000   1    0.12309  21   1.018E+05 -1.094E-07  6.500E-02  3.516E+02  2.930E+02
   0.00000   1    0.12941  22   1.018E+05 -9.866E-08  6.500E-02  3.407E+02  2.930E+02
   0.00000   1    0.13572  23   1.018E+05 -8.874E-08  6.500E-02  3.306E+02  2.930E+02
   0.00000   1    0.14203  24   1.017E+05 -8.004E-08  6.500E-02  3.218E+02  2.930E+02
   0.00000   1    0.14834  25   1.017E+05 -7.224E-08  6.500E-02  3.144E+02  2.930E+02
   0.00000   1    0.15466  26   1.017E+05 -6.564E-08  6.500E-02  3.085E+02  2.930E+02
   0.00000   1    0.16097  27   1.017E+05 -6.082E-08  6.500E-02  3.039E+02  2.930E+02
   0.00000   1    0.16728  28   1.017E+05 -5.882E-08  6.500E-02  3.005E+02  2.930E+02
   0.00000   1    0.17359  29   1.017E+05 -6.198E-08  6.500E-02  2.981E+02  2.930E+02
   0.00000   1    0.17991  30   1.017E+05 -7.466E-08  6.500E-02  2.964E+02  2.930E+02
   0.00000   1    0.18622  31   1.017E+05 -1.105E-07  6.500E-02  2.952E+02  2.930E+02
   0.00000   1    0.19253  32   1.017E+05 -1.803E-07  6.500E-02  2.944E+02  2.930E+02
   0.00000   1    0.19884  33   1.017E+05 -3.877E-07  6.500E-02  2.939E+02  2.930E+02
   0.00000   1    0.20516  34   1.017E+05 -7.948E-07  6.500E-02  2.935E+02  2.930E+02
   0.00000   1    0.21147  35   1.017E+05 -3.121E-07  6.500E-02  2.933E+02  2.930E+02
   0.00000   1    0.21778  36   1.017E+05 -5.752E-08  6.500E-02  2.932E+02  2.930E+02
   0.00000   1    0.22409  37   1.017E+05 -1.077E-10  6.500E-02  2.931E+02  2.930E+02
   0.00000   1    0.23041  38   1.016E+05 -3.733E-09  6.500E-02  2.931E+02  2.930E+02
   0.00000   1    0.23672  39   1.016E+05 -1.235E-08  6.500E-02  2.930E+02  2.930E+02
   0.00000   1    0.24303  40   1.016E+05 -2.309E-08  6.500E-02  2.930E+02  2.930E+02
   0.00000   1    0.24934  41   1.016E+05 -3.103E-08  6.500E-02  2.930E+02  2.930E+02
   0.00000   1    0.25566  42   1.016E+05 -3.688E-08  6.500E-02  2.930E+02  2.930E+02
   0.00000   1    0.26197  43   1.016E+05 -4.116E-08  6.500E-02  2.930E+02  2.930E+02
   0.00000   1    0.26828  44   1.016E+05 -4.415E-08  6.500E-02  2.930E+02  2.930E+02
   0.00000   1    0.27459  45   1.016E+05 -4.676E-08  6.500E-02  2.930E+02  2.930E+02
   0.00000   1    0.28091  46   1.016E+05 -4.834E-08  6.500E-02  2.930E+02  2.930E+02
   0.00000   1    0.28722  47   1.016E+05 -5.064E-08  6.500E-02  2.930E+02  2.930E+02
   0.00000   1    0.29353  48   1.016E+05 -5.145E-08  6.500E-02  2.930E+02  2.930E+02
   0.00000   1    0.29984  49   1.016E+05 -5.361E-08  6.500E-02  2.930E+02  2.930E+02
   0.00000   1    0.30616  50   1.016E+05 -5.388E-08  6.500E-02  2.930E+02  2.930E+02
   0.00000   1    0.31247  51   1.015E+05 -5.532E-08  6.500E-02  2.930E+02  2.930E+02
   0.00000   1    0.31878  52   1.015E+05 -5.511E-08  6.500E-02  2.930E+02  2.930E+02
   0.00000   1    0.32509  53   1.015E+05 -5.552E-08  6.500E-02  2.930E+02  2.930E+02
   0.00000   1    0.33141  54   1.015E+05 -5.466E-08  6.500E-02  2.930E+02  2.930E+02
   0.00000   1    0.33772  55   1.015E+05 -5.390E-08  6.500E-02  2.930E+02  2.930E+02
   0.00000   1    0.34403  56   1.015E+05 -5.210E-08  6.500E-02  2.930E+02  2.930E+02
   0.00000   1    0.35034  57   1.015E+05 -5.045E-08  6.500E-02  2.930E+02  2.930E+02
   0.00000   1    0.35666  58   1.015E+05 -4.807E-08  6.500E-02  2.930E+02  2.930E+02
   0.00000   1    0.36297  59   1.015E+05 -4.534E-08  6.500E-02  2.930E+02  2.930E+02
   0.00000   1    0.36928  60   1.015E+05 -4.217E-08  6.500E-02  2.930E+02  2.930E+02
   0.00000   1    0.37559  61   1.015E+05 -3.881E-08  6.500E-02  2.930E+02  2.930E+02
   0.00000   1    0.38191  62   1.015E+05 -3.536E-08  6.500E-02  2.930E+02  2.930E+02
   0.00000   1    0.38822  63   1.015E+05 -3.193E-08  6.500E-02  2.930E+02  2.930E+02
   0.00000   1    0.39453  64   1.015E+05 -2.862E-08  6.500E-02  2.930E+02  2.930E+02
   0.00000   1    0.40084  65   1.014E+05 -2.543E-08  6.500E-02  2.930E+02  2.930E+02
   0.00000   1    0.40716  66   1.014E+05 -2.245E-08  6.500E-02  2.930E+02  2.930E+02
   0.00000   1    0.41347  67   1.014E+05 -1.973E-08  6.500E-02  2.930E+02  2.930E+02
   0.00000   1    0.41978  68   1.014E+05 -1.726E-08  6.500E-02  2.930E+02  2.930E+02
   0.00000   1    0.42609  69   1.014E+05 -1.502E-08  6.500E-02  2.930E+02  2.930E+02
   0.00000   1    0.43241  70   1.014E+05 -1.301E-08  6.500E-02  2.930E+02  2.930E+02
   0.00000   1    0.43872  71   1.014E+05 -1.121E-08  6.500E-02  2.930E+02  2.930E+02
   0.00000   1    0.44503  72   1.014E+05 -9.601E-09  6.500E-02  2.930E+02  2.930E+02
   0.00000   1    0.45134  73   1.014E+05 -8.165E-09  6.500E-02  2.930E+02  2.930E+02
   0.00000   1    0.45766  74   1.014E+05 -6.912E-09  6.500E-02  2.930E+02  2.930E+02
   0.00000   1    0.46397  75   1.014E+05 -5.825E-09  6.500E-02  2.930E+02  2.930E+02
   0.00000   1    0.47028  76   1.014E+05 -4.798E-09  6.501E-02  2.930E+02  2.930E+02
   0.00000   1    0.47659  77   1.014E+05 -3.863E-09  6.500E-02  2.930E+02  2.930E+02
   0.00000   1    0.48291  78   1.014E+05 -3.055E-09  6.500E-02  2.930E+02  2.930E+02
   0.00000   1    0.48922  79   1.013E+05 -2.304E-09  6.500E-02  2.930E+02  2.930E+02
   0.00000   1    0.49553  80   1.013E+05 -1.549E-09  6.500E-02  2.930E+02  2.930E+02
   0.00000   1    0.50184  81   1.013E+05 -1.141E-09  6.500E-02  2.930E+02  2.930E+02
   0.00000   1    0.50500  82   1.013E+05 -1.141E-09  6.500E-02  2.930E+02  2.930E+02
   0.00620   2    0.00000   1   1.019E+05  0.000E+00  6.500E-02  2.930E+02  2.930E+02
   0.00620   2    0.00316   2   1.019E+05 -1.576E-07  6.502E-02  2.942E+02  2.930E+02
   0.00620   2    0.00947   3   1.019E+05 -1.669E-07  6.501E-02  2.967E+02  2.930E+02
   0.00620   2    0.01578   4   1.019E+05 -1.744E-07  6.500E-02  2.997E+02  2.930E+02
   0.00620   2    0.02209   5   1.019E+05 -1.890E-07  6.500E-02  3.034E+02  2.930E+02
   0.00620   2    0.02841   6   1.019E+05 -2.102E-07  6.500E-02  3.082E+02  2.930E+02
   0.00620   2    0.03472   7   1.019E+05 -2.107E-07  6.500E-02  3.142E+02  2.930E+02
   0.00620   2    0.04103   8   1.019E+05 -2.496E-07  6.500E-02  3.217E+02  2.930E+02
   0.00620   2    0.04734   9   1.019E+05 -9.817E-08  6.500E-02  3.306E+02  2.930E+02
   0.00620   2    0.05366  10   1.019E+05 -3.246E-07  6.500E-02  3.407E+02  2.930E+02
   0.00620   2    0.05997  11   1.018E+05 -3.775E-07  6.500E-02  3.516E+02  2.930E+02
   0.00620   2    0.06628  12   1.018E+05 -6.235E-07  6.500E-02  3.625E+02  2.930E+02
   0.00620   2    0.07259  13   1.018E+05 -8.777E-07  6.500E-02  3.726E+02  2.930E+02
   0.00620   2    0.07891  14   1.018E+05 -6.560E-07  6.500E-02  3.808E+02  2.930E+02
   0.00620   2    0.08522  15   1.018E+05 -4.521E-07  6.500E-02  3.862E+02  2.930E+02
   0.00620   2    0.09153  16   1.018E+05 -3.489E-07  6.500E-02  3.880E+02  2.930E+02
   0.00620   2    0.09784  17   1.018E+05 -2.447E-07  6.500E-02  3.862E+02  2.930E+02
   0.00620   2    0.10416  18   1.018E+05 -1.934E-07  6.500E-02  3.808E+02  2.930E+02
   0.00620   2    0.11047  19   1.018E+05 -1.453E-07  6.500E-02  3.726E+02  2.930E+02
   0.00620   2    0.11678  20   1.018E+05 -1.264E-07  6.500E-02  3.626E+02  2.930E+02
   0.00620   2    0.12309  21   1.018E+05 -1.094E-07  6.500E-02  3.516E+02  2.930E+02
   0.00620   2    0.12941  22   1.018E+05 -9.866E-08  6.500E-02  3.407E+02  2.930E+02
   0.00620   2    0.13572  23   1.018E+05 -8.874E-08  6.500E-02  3.306E+02  2.930E+02
   0.00620   2    0.14203  24   1.017E+05 -8.004E-08  6.500E-02  3.218E+02  2.930E+02
   0.00620   2    0.14834  25   1.017E+05 -7.224E-08  6.500E-02  3.144E+02  2.930E+02
   0.00620   2    0.15466  26   1.017E+05 -6.564E-08  6.500E-02  3.085E+02  2.930E+02
   0.00620   2    0.16097  27   1.017E+05 -6.082E-08  6.500E-02  3.039E+02  2.930E+02
   0.00620   2    0.16728  28   1.017E+05 -5.882E-08  6.500E-02  3.005E+02  2.930E+02
   0.00620   2    0.17359  29   1.017E+05 -6.198E-08  6.500E-02  2.981E+02  2.930E+02
   0.00620   2    0.17991  30   1.017E+05 -7.466E-08  6.500E-02  2.964E+02  2.930E+02
   0.00620   2    0.18622  31   1.017E+05 -1.105E-07  6.500E-02  2.952E+02  2.930E+02
   0.00620   2    0.19253  32   1.017E+05 -1.803E-07  6.500E-02  2.944E+02  2.930E+02
   0.00620   2    0.19884  33   1.017E+05 -3.877E-07  6.500E-02  2.939E+02  2.930E+02
   0.00620   2    0.20516  34   1.017E+05 -7.948E-07  6.500E-02  2.935E+02  2.930E+02
   0.00620   2    0.21147  35   1.017E+05 -3.121E-07  6.500E-02  2.933E+02  2.930E+02
   0.00620   2    0.21778  36   1.017E+05 -5.752E-08  6.500E-02  2.932E+02  2.930E+02
   0.00620   2    0.22409  37   1.017E+05 -1.077E-10  6.500E-02  2.931E+02  2.930E+02
   0.00620   2    0.23041  38   1.016E+05 -3.733E-09  6.500E-02  2.931E+02  2.930E+02
   0.00620   2    0.23672  39   1.016E+05 -1.235E-08  6.500E-02  2.930E+02  2.930E+02
   0.00620   2    0.24303  40   1.016E+05 -2.309E-08  6.500E-02  2.930E+02  2.930E+02
   0.00620   2    0.24934  41   1.016E+05 -3.103E-08  6.500E-02  2.930E+02  2.930E+02
   0.00620   2    0.25566  42   1.016E+05 -3.688E-08  6.500E-02  2.930E+02  2.930E+02
   0.00620   2    0.26197  43   1.016E+05 -4.116E-08  6.500E-02  2.930E+02  2.930E+02
   0.00620   2    0.26828  44   1.016E+05 -4.415E-08  6.500E-02  2.930E+02  2.930E+02
   0.00620   2    0.27459  45   1.016E+05 -4.676E-08  6.500E-02  2.930E+02  2.930E+02
   0.00620   2    0.28091  46   1.016E+05 -4.834E-08  6.500E-02  2.930E+02  2.930E+02
   0.00620   2    0.28722  47   1.016E+05 -5.064E-08  6.500E-02  2.930E+02  2.930E+02
   0.00620   2    0.29353  48   1.016E+05 -5.145E-08  6.500E-02  2.930E+02  2.930E+02
   0.00620   2    0.29984  49   1.016E+05 -5.361E-08  6.500E-02  2.930E+02  2.930E+02
   0.00620   2    0.30616  50   1.016E+05 -5.388E-08  6.500E-02  2.930E+02  2.930E+02
   0.00620   2    0.31247  51   1.015E+05 -5.532E-08  6.500E-02  2.930E+02  2.930E+02
   0.00620   2    0.31878  52   1.015E+05 -5.511E-08  6.500E-02  2.930E+02  2.930E+02
   0.00620   2    0.32509  53   1.015E+05 -5.552E-08  6.500E-02  2.930E+02  2.930E+02
   0.00620   2    0.33141  54   1.015E+05 -5.466E-08  6.500E-02  2.930E+02  2.930E+02
   0.00620   2    0.33772  55   1.015E+05 -5.390E-08  6.500E-02  2.930E+02  2.930E+02
   0.00620   2    0.34403  56   1.015E+05 -5.210E-08  6.500E-02  2.930E+02  2.930E+02
   0.00620   2    0.35034  57   1.015E+05 -5.045E-08  6.500E-02  2.930E+02  2.930E+02
   0.00620   2    0.35666  58   1.015E+05 -4.807E-08  6.500E-02  2.930E+02  2.930E+02
   0.00620   2    0.36297  59   1.015E+05 -4.534E-08  6.500E-02  2.930E+02  2.930E+02
   0.00620   2    0.36928  60   1.015E+05 -4.217E-08  6.500E-02  2.930E+02  2.930E+02
   0.00620   2    0.37559  61   1.015E+05 -3.881E-08  6.500E-02  2.930E+02  2.930E+02
   0.00620   2    0.38191  62   1.015E+05 -3.536E-08  6.500E-02  2.930E+02  2.930E+02
   0.00620   2    0.38822  63   1.015E+05 -3.193E-08  6.500E-02  2.930E+02  2.930E+02
   0.00620   2    0.39453  64   1.015E+05 -2.862E-08  6.500E-02  2.930E+02  2.930E+02
   0.00620   2    0.40084  65   1.014E+05 -2.543E-08  6.500E-02  2.930E+02  2.930E+02
   0.00620   2    0.40716  66   1.014E+05 -2.245E-08  6.500E-02  2.930E+02  2.930E+02
   0.00620   2    0.41347  67   1.014E+05 -1.973E-08  6.500E-02  2.930E+02  2.930E+02
   0.00620   2    0.41978  68   1.014E+05 -1.726E-08  6.500E-02  2.930E+02  2.930E+02
   0.00620   2    0.42609  69   1.014E+05 -1.502E-08  6.500E-02  2.930E+02  2.930E+02
   0.00620   2    0.43241  70   1.014E+05 -1.301E-08  6.500E-02  2.930E+02  2.930E+02
   0.00620   2    0.43872  71   1.014E+05 -1.121E-08  6.500E-02  2.930E+02  2.930E+02
   0.00620   2    0.44503  72   1.014E+05 -9.601E-09  6.500E-02  2.930E+02  2.930E+02
   0.00620   2    0.45134  73   1.014E+05 -8.165E-09  6.500E-02  2.930E+02  2.930E+02
   0.00620   2    0.45766  74   1.014E+05 -6.912E-09  6.500E-02  2.930E+02  2.930E+02
   0.00620   2    0.46397  75   1.014E+05 -5.825E-09  6.500E-02  2.930E+02  2.930E+02
   0.00620   2    0.47028  76   1.014E+05 -4.798E-09  6.501E-02  2.930E+02  2.930E+02
   0.00620   2    0.47659  77   1.014E+05 -3.863E-09  6.500E-02  2.930E+02  2.930E+02
   0.00620   2    0.48291  78   1.014E+05 -3.055E-09  6.500E-02  2.930E+02  2.930E+02
   0.00620   2    0.48922  79   1.013E+05 -2.304E-09  6.500E-02  2.930E+02  2.930E+02
   0.00620   2    0.49553  80   1.013E+05 -1.549E-09  6.500E-02  2.930E+02  2.930E+02
   0.00620   2    0.50184  81   1.013E+05 -1.141E-09  6.500E-02  2.930E+02  2.930E+02
   0.00620   2    0.50500  82   1.013E+05  0.000E+00  6.500E-02  2.930E+02  2.930E+02
   0.01861   3    0.00000   1   1.019E+05  0.000E+00  6.500E-02  2.930E+02  2.930E+02
   0.01861   3    0.00316   2   1.019E+05 -5.333E-07  6.502E-02  2.942E+02  2.930E+02
   0.01861   3    0.00947   3   1.019E+05 -4.933E-07  6.501E-02  2.967E+02  2.930E+02
   0.01861   3    0.01578   4   1.019E+05 -4.617E-07  6.500E-02  2.997E+02  2.930E+02
   0.01861   3    0.02209   5   1.019E+05 -4.671E-07  6.500E-02  3.034E+02  2.930E+02
   0.01861   3    0.02841   6   1.019E+05 -4.956E-07  6.500E-02  3.082E+02  2.930E+02
   0.01861   3    0.03472   7   1.019E+05 -5.077E-07  6.500E-02  3.142E+02  2.930E+02
   0.01861   3    0.04103   8   1.019E+05 -5.637E-07  6.500E-02  3.217E+02  2.930E+02
   0.01861   3    0.04734   9   1.019E+05 -3.895E-07  6.500E-02  3.306E+02  2.930E+02
   0.01861   3    0.05366  10   1.019E+05 -6.430E-07  6.500E-02  3.407E+02  2.930E+02
   0.01861   3    0.05997  11   1.018E+05 -4.981E-07  6.500E-02  3.516E+02  2.930E+02
   0.01861   3    0.06628  12   1.018E+05 -9.958E-07  6.500E-02  3.625E+02  2.930E+02
   0.01861   3    0.07259  13   1.018E+05 -1.113E-06  6.500E-02  3.726E+02  2.930E+02
   0.01861   3    0.07891  14   1.018E+05 -1.223E-06  6.500E-02  3.808E+02  2.930E+02
   0.01861   3    0.08522  15   1.018E+05 -1.127E-06  6.500E-02  3.862E+02  2.930E+02
   0.01861   3    0.09153  16   1.018E+05 -8.111E-07  6.500E-02  3.880E+02  2.930E+02
   0.01861   3    0.09784  17   1.018E+05 -3.088E-07  6.500E-02  3.862E+02  2.930E+02
   0.01861   3    0.10416  18   1.018E+05 -3.983E-07  6.500E-02  3.808E+02  2.930E+02
   0.01861   3    0.11047  19   1.018E+05 -3.121E-07  6.500E-02  3.726E+02  2.930E+02
   0.01861   3    0.11678  20   1.018E+05 -3.039E-07  6.500E-02  3.626E+02  2.930E+02
   0.01861   3    0.12309  21   1.018E+05 -2.749E-07  6.500E-02  3.516E+02  2.930E+02
   0.01861   3    0.12941  22   1.018E+05 -2.541E-07  6.500E-02  3.407E+02  2.930E+02
   0.01861   3    0.13572  23   1.018E+05 -2.298E-07  6.500E-02  3.306E+02  2.930E+02
   0.01861   3    0.14203  24   1.017E+05 -2.065E-07  6.500E-02  3.218E+02  2.930E+02
   0.01861   3    0.14834  25   1.017E+05 -1.840E-07  6.500E-02  3.144E+02  2.930E+02
   0.01861   3    0.15466  26   1.017E+05 -1.627E-07  6.500E-02  3.085E+02  2.930E+02
   0.01861   3    0.16097  27   1.017E+05 -1.418E-07  6.500E-02  3.039E+02  2.930E+02
   0.01861   3    0.16728  28   1.017E+05 -1.191E-07  6.500E-02  3.005E+02  2.930E+02
   0.01861   3    0.17359  29   1.017E+05 -9.109E-08  6.500E-02  2.981E+02  2.930E+02
   0.01861   3    0.17991  30   1.017E+05 -3.756E-08  6.500E-02  2.964E+02  2.930E+02
   0.01861   3    0.18622  31   1.017E+05 -1.401E-09  6.500E-02  2.952E+02  2.930E+02
   0.01861   3    0.19253  32   1.017E+05  5.061E-07  6.500E-02  2.944E+02  2.930E+02
   0.01861   3    0.19884  33   1.017E+05 -1.334E-06  6.500E-02  2.939E+02  2.930E+02
   0.01861   3    0.20516  34   1.017E+05 -4.599E-06  6.500E-02  2.935E+02  2.930E+02
   0.01861   3    0.21147  35   1.017E+05 -1.097E-06  6.500E-02  2.933E+02  2.930E+02
   0.01861   3    0.21778  36   1.017E+05  8.091E-07  6.500E-02  2.932E+02  2.930E+02
   0.01861   3    0.22409  37   1.017E+05  3.038E-07  6.500E-02  2.931E+02  2.930E+02
   0.01861   3    0.23041  38   1.016E+05  5.791E-08  6.500E-02  2.931E+02  2.930E+02
   0.01861   3    0.23672  39   1.016E+05 -1.945E-08  6.500E-02  2.930E+02  2.930E+02
   0.01861   3    0.24303  40   1.016E+05 -6.838E-08  6.500E-02  2.930E+02  2.930E+02
   0.01861   3    0.24934  41   1.016E+05 -9.162E-08  6.500E-02  2.930E+02  2.930E+02
   0.01861   3    0.25566  42   1.016E+05 -1.058E-07  6.500E-02  2.930E+02  2.930E+02
   0.01861   3    0.26197  43   1.016E+05 -1.153E-07  6.500E-02  2.930E+02  2.930E+02
   0.01861   3    0.26828  44   1.016E+05 -1.213E-07  6.500E-02  2.930E+02  2.930E+02
   0.01861   3    0.27459  45   1.016E+05 -1.283E-07  6.500E-02  2.930E+02  2.930E+02
   0.01861   3    0.28091  46   1.016E+05 -1.298E-07  6.500E-02  2.930E+02  2.930E+02
   0.01861   3    0.28722  47   1.016E+05 -1.404E-07  6.500E-02  2.930E+02  2.930E+02
   0.01861   3    0.29353  48   1.016E+05 -1.408E-07  6.500E-02  2.930E+02  2.930E+02
   0.01861   3    0.29984  49   1.016E+05 -1.505E-07  6.500E-02  2.930E+02  2.930E+02
   0.01861   3    0.30616  50   1.016E+05 -1.475E-07  6.500E-02  2.930E+02  2.930E+02
   0.01861   3    0.31247  51   1.015E+05 -1.535E-07  6.500E-02  2.930E+02  2.930E+02
   0.01861   3    0.31878  52   1.015E+05 -1.487E-07  6.500E-02  2.930E+02  2.930E+02
   0.01861   3    0.32509  53   1.015E+05 -1.525E-07  6.500E-02  2.930E+02  2.930E+02
   0.01861   3    0.33141  54   1.015E+05 -1.491E-07  6.500E-02  2.930E+02  2.930E+02
   0.01861   3    0.33772  55   1.015E+05 -1.478E-07  6.500E-02  2.930E+02  2.930E+02
   0.01861   3    0.34403  56   1.015E+05 -1.418E-07  6.500E-02  2.930E+02  2.930E+02
   0.01861   3    0.35034  57   1.015E+05 -1.374E-07  6.500E-02  2.930E+02  2.930E+02
   0.01861   3    0.35666  58   1.015E+05 -1.301E-07  6.500E-02  2.930E+02  2.930E+02
   0.01861   3    0.36297  59   1.015E+05 -1.222E-07  6.500E-02  2.930E+02  2.930E+02
   0.01861   3    0.36928  60   1.015E+05 -1.131E-07  6.500E-02  2.930E+02  2.930E+02
   0.01861   3    0.37559  61   1.015E+05 -1.036E-07  6.500E-02  2.930E+02  2.930E+02
   0.01861   3    0.38191  62   1.015E+05 -9.392E-08  6.500E-02  2.930E+02  2.930E+02
   0.01861   3    0.38822  63   1.015E+05 -8.442E-08  6.500E-02  2.930E+02  2.930E+02
   0.01861   3    0.39453  64   1.015E+05 -7.529E-08  6.500E-02  2.930E+02  2.930E+02
   0.01861   3    0.40084  65   1.014E+05 -6.668E-08  6.500E-02  2.930E+02  2.930E+02
   0.01861   3    0.40716  66   1.014E+05 -5.869E-08  6.500E-02  2.930E+02  2.930E+02
   0.01861   3    0.41347  67   1.014E+05 -5.140E-08  6.500E-02  2.930E+02  2.930E+02
   0.01861   3    0.41978  68   1.014E+05 -4.481E-08  6.500E-02  2.930E+02  2.930E+02
   0.01861   3    0.42609  69   1.014E+05 -3.890E-08  6.500E-02  2.930E+02  2.930E+02
   0.01861   3    0.43241  70   1.014E+05 -3.366E-08  6.500E-02  2.930E+02  2.930E+02
   0.01861   3    0.43872  71   1.014E+05 -2.898E-08  6.500E-02  2.930E+02  2.930E+02
   0.01861   3    0.44503  72   1.014E+05 -2.482E-08  6.500E-02  2.930E+02  2.930E+02
   0.01861   3    0.45134  73   1.014E+05 -2.112E-08  6.500E-02  2.930E+02  2.930E+02
   0.01861   3    0.45766  74   1.014E+05 -1.787E-08  6.500E-02  2.930E+02  2.930E+02
   0.01861   3    0.46397  75   1.014E+05 -1.499E-08  6.500E-02  2.930E+02  2.930E+02
   0.01861   3    0.47028  76   1.014E+05 -1.236E-08  6.501E-02  2.930E+02  2.930E+02
   0.01861   3    0.47659  77   1.014E+05 -9.990E-09  6.500E-02  2.930E+02  2.930E+02
   0.01861   3    0.48291  78   1.014E+05 -7.873E-09  6.500E-02  2.930E+02  2.930E+02
   0.01861   3    0.48922  79   1.013E+05 -5.944E-09  6.500E-02  2.930E+02  2.930E+02
   0.01861   3    0.49553  80   1.013E+05 -3.998E-09  6.500E-02  2.930E+02  2.930E+02
   0.01861   3    0.50184  81   1.013E+05 -2.937E-09  6.500E-02  2.930E+02  2.930E+02
   0.01861   3    0.50500  82   1.013E+05  0.000E+00  6.500E-02  2.930E+02  2.930E+02
   0.03102   4    0.00000   1   1.019E+05  0.000E+00  6.500E-02  2.930E+02  2.930E+02
   0.03102   4    0.00316   2   1.019E+05 -1.248E-06  6.502E-02  2.942E+02  2.930E+02
   0.03102   4    0.00947   3   1.019E+05 -8.397E-07  6.501E-02  2.967E+02  2.930E+02
   0.03102   4    0.01578   4   1.019E+05 -6.105E-07  6.500E-02  2.997E+02  2.930E+02
   0.03102   4    0.02209   5   1.019E+05 -5.748E-07  6.500E-02  3.034E+02  2.930E+02
   0.03102   4    0.02841   6   1.019E+05 -5.840E-07  6.500E-02  3.082E+02  2.930E+02
   0.03102   4    0.03472   7   1.019E+05 -6.149E-07  6.500E-02  3.142E+02  2.930E+02
   0.03102   4    0.04103   8   1.019E+05 -6.574E-07  6.500E-02  3.217E+02  2.930E+02
   0.03102   4    0.04734   9   1.019E+05 -6.520E-07  6.500E-02  3.306E+02  2.930E+02
   0.03102   4    0.05366  10   1.019E+05 -7.097E-07  6.500E-02  3.407E+02  2.930E+02
   0.03102   4    0.05997  11   1.018E+05 -5.193E-07  6.500E-02  3.516E+02  2.930E+02
   0.03102   4    0.06628  12   1.018E+05 -7.986E-07  6.500E-02  3.625E+02  2.930E+02
   0.03102   4    0.07259  13   1.018E+05 -6.302E-07  6.500E-02  3.726E+02  2.930E+02
   0.03102   4    0.07891  14   1.018E+05 -9.998E-07  6.500E-02  3.808E+02  2.930E+02
   0.03102   4    0.08522  15   1.018E+05 -9.104E-07  6.500E-02  3.862E+02  2.930E+02
   0.03102   4    0.09153  16   1.018E+05 -8.307E-07  6.500E-02  3.880E+02  2.930E+02
   0.03102   4    0.09784  17   1.018E+05 -3.419E-07  6.500E-02  3.862E+02  2.930E+02
   0.03102   4    0.10416  18   1.018E+05 -4.615E-07  6.500E-02  3.808E+02  2.930E+02
   0.03102   4    0.11047  19   1.018E+05 -1.990E-07  6.500E-02  3.726E+02  2.930E+02
   0.03102   4    0.11678  20   1.018E+05 -3.784E-07  6.500E-02  3.626E+02  2.930E+02
   0.03102   4    0.12309  21   1.018E+05 -3.418E-07  6.500E-02  3.516E+02  2.930E+02
   0.03102   4    0.12941  22   1.018E+05 -3.445E-07  6.500E-02  3.407E+02  2.930E+02
   0.03102   4    0.13572  23   1.018E+05 -3.168E-07  6.500E-02  3.306E+02  2.930E+02
   0.03102   4    0.14203  24   1.017E+05 -2.897E-07  6.500E-02  3.218E+02  2.930E+02
   0.03102   4    0.14834  25   1.017E+05 -2.614E-07  6.500E-02  3.144E+02  2.930E+02
   0.03102   4    0.15466  26   1.017E+05 -2.353E-07  6.500E-02  3.085E+02  2.930E+02
   0.03102   4    0.16097  27   1.017E+05 -2.123E-07  6.500E-02  3.039E+02  2.930E+02
   0.03102   4    0.16728  28   1.017E+05 -1.930E-07  6.500E-02  3.005E+02  2.930E+02
   0.03102   4    0.17359  29   1.017E+05 -1.775E-07  6.500E-02  2.981E+02  2.930E+02
   0.03102   4    0.17991  30   1.017E+05 -1.654E-07  6.500E-02  2.964E+02  2.930E+02
   0.03102   4    0.18622  31   1.017E+05 -1.548E-07  6.500E-02  2.952E+02  2.930E+02
   0.03102   4    0.19253  32   1.017E+05 -1.450E-07  6.499E-02  2.944E+02  2.930E+02
   0.03102   4    0.19884  33   1.017E+05 -1.161E-07  6.499E-02  2.939E+02  2.930E+02
   0.03102   4    0.20516  34   1.017E+05 -1.019E-07  6.500E-02  2.935E+02  2.930E+02
   0.03102   4    0.21147  35   1.017E+05  1.312E-07  6.501E-02  2.933E+02  2.930E+02
   0.03102   4    0.21778  36   1.017E+05  1.486E-07  6.500E-02  2.932E+02  2.930E+02
   0.03102   4    0.22409  37   1.017E+05  1.365E-07  6.500E-02  2.931E+02  2.930E+02
   0.03102   4    0.23041  38   1.016E+05 -7.982E-08  6.500E-02  2.931E+02  2.930E+02
   0.03102   4    0.23672  39   1.016E+05 -1.132E-07  6.500E-02  2.930E+02  2.930E+02
   0.03102   4    0.24303  40   1.016E+05 -1.464E-07  6.500E-02  2.930E+02  2.930E+02
   0.03102   4    0.24934  41   1.016E+05 -1.629E-07  6.500E-02  2.930E+02  2.930E+02
   0.03102   4    0.25566  42   1.016E+05 -1.749E-07  6.500E-02  2.930E+02  2.930E+02
   0.03102   4    0.26197  43   1.016E+05 -1.861E-07  6.500E-02  2.930E+02  2.930E+02
   0.03102   4    0.26828  44   1.016E+05 -1.893E-07  6.500E-02  2.930E+02  2.930E+02
   0.03102   4    0.27459  45   1.016E+05 -2.054E-07  6.500E-02  2.930E+02  2.930E+02
   0.03102   4    0.28091  46   1.016E+05 -1.947E-07  6.500E-02  2.930E+02  2.930E+02
   0.03102   4    0.28722  47   1.016E+05 -2.280E-07  6.500E-02  2.930E+02  2.930E+02
   0.03102   4    0.29353  48   1.016E+05 -2.087E-07  6.500E-02  2.930E+02  2.930E+02
   0.03102   4    0.29984  49   1.016E+05 -2.461E-07  6.500E-02  2.930E+02  2.930E+02
   0.03102   4    0.30616  50   1.016E+05 -2.185E-07  6.500E-02  2.930E+02  2.930E+02
   0.03102   4    0.31247  51   1.015E+05 -2.469E-07  6.500E-02  2.930E+02  2.930E+02
   0.03102   4    0.31878  52   1.015E+05 -2.209E-07  6.500E-02  2.930E+02  2.930E+02
   0.03102   4    0.32509  53   1.015E+05 -2.376E-07  6.500E-02  2.930E+02  2.930E+02
   0.03102   4    0.33141  54   1.015E+05 -2.191E-07  6.500E-02  2.930E+02  2.930E+02
   0.03102   4    0.33772  55   1.015E+05 -2.257E-07  6.500E-02  2.930E+02  2.930E+02
   0.03102   4    0.34403  56   1.015E+05 -2.070E-07  6.500E-02  2.930E+02  2.930E+02
   0.03102   4    0.35034  57   1.015E+05 -2.096E-07  6.500E-02  2.930E+02  2.930E+02
   0.03102   4    0.35666  58   1.015E+05 -1.979E-07  6.500E-02  2.930E+02  2.930E+02
   0.03102   4    0.36297  59   1.015E+05 -1.866E-07  6.500E-02  2.930E+02  2.930E+02
   0.03102   4    0.36928  60   1.015E+05 -1.720E-07  6.500E-02  2.930E+02  2.930E+02
   0.03102   4    0.37559  61   1.015E+05 -1.568E-07  6.500E-02  2.930E+02  2.930E+02
   0.03102   4    0.38191  62   1.015E+05 -1.413E-07  6.500E-02  2.930E+02  2.930E+02
   0.03102   4    0.38822  63   1.015E+05 -1.262E-07  6.500E-02  2.930E+02  2.930E+02
   0.03102   4    0.39453  64   1.015E+05 -1.119E-07  6.500E-02  2.930E+02  2.930E+02
   0.03102   4    0.40084  65   1.014E+05 -9.854E-08  6.500E-02  2.930E+02  2.930E+02
   0.03102   4    0.40716  66   1.014E+05 -8.633E-08  6.500E-02  2.930E+02  2.930E+02
   0.03102   4    0.41347  67   1.014E+05 -7.528E-08  6.500E-02  2.930E+02  2.930E+02
   0.03102   4    0.41978  68   1.014E+05 -6.534E-08  6.500E-02  2.930E+02  2.930E+02
   0.03102   4    0.42609  69   1.014E+05 -5.649E-08  6.500E-02  2.930E+02  2.930E+02
   0.03102   4    0.43241  70   1.014E+05 -4.870E-08  6.500E-02  2.930E+02  2.930E+02
   0.03102   4    0.43872  71   1.014E+05 -4.181E-08  6.500E-02  2.930E+02  2.930E+02
   0.03102   4    0.44503  72   1.014E+05 -3.571E-08  6.500E-02  2.930E+02  2.930E+02
   0.03102   4    0.45134  73   1.014E+05 -3.033E-08  6.500E-02  2.930E+02  2.930E+02
   0.03102   4    0.45766  74   1.014E+05 -2.561E-08  6.500E-02  2.930E+02  2.930E+02
   0.03102   4    0.46397  75   1.014E+05 -2.141E-08  6.500E-02  2.930E+02  2.930E+02
   0.03102   4    0.47028  76   1.014E+05 -1.764E-08  6.501E-02  2.930E+02  2.930E+02
   0.03102   4    0.47659  77   1.014E+05 -1.426E-08  6.500E-02  2.930E+02  2.930E+02
   0.03102   4    0.48291  78   1.014E+05 -1.124E-08  6.500E-02  2.930E+02  2.930E+02
   0.03102   4    0.48922  79   1.013E+05 -8.486E-09  6.500E-02  2.930E+02  2.930E+02
   0.03102   4    0.49553  80   1.013E+05 -5.729E-09  6.500E-02  2.930E+02  2.930E+02
   0.03102   4    0.50184  81   1.013E+05 -4.240E-09  6.500E-02  2.930E+02  2.930E+02
   0.03102   4    0.50500  82   1.013E+05  0.000E+00  6.500E-02  2.930E+02  2.930E+02
   0.04342   5    0.00000   1   1.019E+05  0.000E+00  6.500E-02  2.930E+02  2.930E+02
   0.04342   5    0.00316   2   1.019E+05 -1.020E-06  6.502E-02  2.942E+02  2.930E+02
   0.04342   5    0.00947   3   1.019E+05 -7.942E-07  6.501E-02  2.967E+02  2.930E+02
   0.04342   5    0.01578   4   1.019E+05 -5.868E-07  6.500E-02  2.997E+02  2.930E+02
   0.04342   5    0.02209   5   1.019E+05 -5.753E-07  6.500E-02  3.034E+02  2.930E+02
   0.04342   5    0.02841   6   1.019E+05 -5.896E-07  6.500E-02  3.082E+02  2.930E+02
   0.04342   5    0.03472   7   1.019E+05 -6.254E-07  6.500E-02  3.142E+02  2.930E+02
   0.04342   5    0.04103   8   1.019E+05 -6.681E-07  6.500E-02  3.217E+02  2.930E+02
   0.04342   5    0.04734   9   1.019E+05 -7.000E-07  6.500E-02  3.306E+02  2.930E+02
   0.04342   5    0.05366  10   1.019E+05 -7.467E-07  6.500E-02  3.407E+02  2.930E+02
   0.04342   5    0.05997  11   1.018E+05 -7.610E-07  6.500E-02  3.516E+02  2.930E+02
   0.04342   5    0.06628  12   1.018E+05 -8.089E-07  6.500E-02  3.625E+02  2.930E+02
   0.04342   5    0.07259  13   1.018E+05 -7.788E-07  6.500E-02  3.726E+02  2.930E+02
   0.04342   5    0.07891  14   1.018E+05 -8.344E-07  6.500E-02  3.808E+02  2.930E+02
   0.04342   5    0.08522  15   1.018E+05 -6.076E-07  6.500E-02  3.862E+02  2.930E+02
   0.04342   5    0.09153  16   1.018E+05 -7.538E-07  6.500E-02  3.880E+02  2.930E+02
   0.04342   5    0.09784  17   1.018E+05 -6.241E-07  6.500E-02  3.862E+02  2.930E+02
   0.04342   5    0.10416  18   1.018E+05 -6.042E-07  6.500E-02  3.808E+02  2.930E+02
   0.04342   5    0.11047  19   1.018E+05 -3.507E-07  6.500E-02  3.726E+02  2.930E+02
   0.04342   5    0.11678  20   1.018E+05 -5.065E-07  6.500E-02  3.626E+02  2.930E+02
   0.04342   5    0.12309  21   1.018E+05 -4.527E-07  6.500E-02  3.516E+02  2.930E+02
   0.04342   5    0.12941  22   1.018E+05 -4.395E-07  6.500E-02  3.407E+02  2.930E+02
   0.04342   5    0.13572  23   1.018E+05 -3.984E-07  6.500E-02  3.306E+02  2.930E+02
   0.04342   5    0.14203  24   1.017E+05 -3.605E-07  6.500E-02  3.218E+02  2.930E+02
   0.04342   5    0.14834  25   1.017E+05 -3.238E-07  6.500E-02  3.144E+02  2.930E+02
   0.04342   5    0.15466  26   1.017E+05 -2.922E-07  6.500E-02  3.085E+02  2.930E+02
   0.04342   5    0.16097  27   1.017E+05 -2.672E-07  6.500E-02  3.039E+02  2.930E+02
   0.04342   5    0.16728  28   1.017E+05 -2.519E-07  6.500E-02  3.005E+02  2.930E+02
   0.04342   5    0.17359  29   1.017E+05 -2.492E-07  6.500E-02  2.981E+02  2.930E+02
   0.04342   5    0.17991  30   1.017E+05 -2.789E-07  6.500E-02  2.964E+02  2.930E+02
   0.04342   5    0.18622  31   1.017E+05 -2.953E-07  6.500E-02  2.952E+02  2.930E+02
   0.04342   5    0.19253  32   1.017E+05 -7.858E-07  6.500E-02  2.944E+02  2.930E+02
   0.04342   5    0.19884  33   1.017E+05  1.095E-06  6.500E-02  2.939E+02  2.930E+02
   0.04342   5    0.20516  34   1.017E+05  4.381E-06  6.500E-02  2.935E+02  2.930E+02
   0.04342   5    0.21147  35   1.017E+05  1.186E-06  6.500E-02  2.933E+02  2.930E+02
   0.04342   5    0.21778  36   1.017E+05 -6.806E-07  6.500E-02  2.932E+02  2.930E+02
   0.04342   5    0.22409  37   1.017E+05 -1.944E-07  6.500E-02  2.931E+02  2.930E+02
   0.04342   5    0.23041  38   1.016E+05 -2.167E-07  6.500E-02  2.931E+02  2.930E+02
   0.04342   5    0.23672  39   1.016E+05 -2.050E-07  6.500E-02  2.930E+02  2.930E+02
   0.04342   5    0.24303  40   1.016E+05 -2.166E-07  6.500E-02  2.930E+02  2.930E+02
   0.04342   5    0.24934  41   1.016E+05 -2.308E-07  6.500E-02  2.930E+02  2.930E+02
   0.04342   5    0.25566  42   1.016E+05 -2.421E-07  6.500E-02  2.930E+02  2.930E+02
   0.04342   5    0.26197  43   1.016E+05 -2.635E-07  6.500E-02  2.930E+02  2.930E+02
   0.04342   5    0.26828  44   1.016E+05 -2.399E-07  6.500E-02  2.930E+02  2.930E+02
   0.04342   5    0.27459  45   1.016E+05 -2.990E-07  6.500E-02  2.930E+02  2.930E+02
   0.04342   5    0.28091  46   1.016E+05 -9.682E-08  6.500E-02  2.930E+02  2.930E+02
   0.04342   5    0.28722  47   1.016E+05 -3.795E-07  6.500E-02  2.930E+02  2.930E+02
   0.04342   5    0.29353  48   1.016E+05 -1.926E-07  6.500E-02  2.930E+02  2.930E+02
   0.04342   5    0.29984  49   1.016E+05 -4.508E-07  6.500E-02  2.930E+02  2.930E+02
   0.04342   5    0.30616  50   1.016E+05 -2.097E-07  6.500E-02  2.930E+02  2.930E+02
   0.04342   5    0.31247  51   1.015E+05 -4.142E-07  6.500E-02  2.930E+02  2.930E+02
   0.04342   5    0.31878  52   1.015E+05 -1.486E-07  6.500E-02  2.930E+02  2.930E+02
   0.04342   5    0.32509  53   1.015E+05 -3.703E-07  6.500E-02  2.930E+02  2.930E+02
   0.04342   5    0.33141  54   1.015E+05 -3.158E-07  6.500E-02  2.930E+02  2.930E+02
   0.04342   5    0.33772  55   1.015E+05 -3.612E-07  6.500E-02  2.930E+02  2.930E+02
   0.04342   5    0.34403  56   1.015E+05 -3.068E-07  6.500E-02  2.930E+02  2.930E+02
   0.04342   5    0.35034  57   1.015E+05 -3.191E-07  6.500E-02  2.930E+02  2.930E+02
   0.04342   5    0.35666  58   1.015E+05 -2.809E-07  6.500E-02  2.930E+02  2.930E+02
   0.04342   5    0.36297  59   1.015E+05 -2.618E-07  6.500E-02  2.930E+02  2.930E+02
   0.04342   5    0.36928  60   1.015E+05 -2.356E-07  6.500E-02  2.930E+02  2.930E+02
   0.04342   5    0.37559  61   1.015E+05 -2.118E-07  6.500E-02  2.930E+02  2.930E+02
   0.04342   5    0.38191  62   1.015E+05 -1.884E-07  6.500E-02  2.930E+02  2.930E+02
   0.04342   5    0.38822  63   1.015E+05 -1.665E-07  6.500E-02  2.930E+02  2.930E+02
   0.04342   5    0.39453  64   1.015E+05 -1.462E-07  6.500E-02  2.930E+02  2.930E+02
   0.04342   5    0.40084  65   1.014E+05 -1.277E-07  6.500E-02  2.930E+02  2.930E+02
   0.04342   5    0.40716  66   1.014E+05 -1.110E-07  6.500E-02  2.930E+02  2.930E+02
   0.04342   5    0.41347  67   1.014E+05 -9.616E-08  6.500E-02  2.930E+02  2.930E+02
   0.04342   5    0.41978  68   1.014E+05 -8.304E-08  6.500E-02  2.930E+02  2.930E+02
   0.04342   5    0.42609  69   1.014E+05 -7.147E-08  6.500E-02  2.930E+02  2.930E+02
   0.04342   5    0.43241  70   1.014E+05 -6.129E-08  6.500E-02  2.930E+02  2.930E+02
   0.04342   5    0.43872  71   1.014E+05 -5.242E-08  6.500E-02  2.930E+02  2.930E+02
   0.04342   5    0.44503  72   1.014E+05 -4.464E-08  6.500E-02  2.930E+02  2.930E+02
   0.04342   5    0.45134  73   1.014E+05 -3.782E-08  6.500E-02  2.930E+02  2.930E+02
   0.04342   5    0.45766  74   1.014E+05 -3.184E-08  6.500E-02  2.930E+02  2.930E+02
   0.04342   5    0.46397  75   1.014E+05 -2.653E-08  6.500E-02  2.930E+02  2.930E+02
   0.04342   5    0.47028  76   1.014E+05 -2.183E-08  6.501E-02  2.930E+02  2.930E+02
   0.04342   5    0.47659  77   1.014E+05 -1.763E-08  6.500E-02  2.930E+02  2.930E+02
   0.04342   5    0.48291  78   1.014E+05 -1.385E-08  6.500E-02  2.930E+02  2.930E+02
   0.04342   5    0.48922  79   1.013E+05 -1.046E-08  6.500E-02  2.930E+02  2.930E+02
   0.04342   5    0.49553  80   1.013E+05 -7.069E-09  6.500E-02  2.930E+02  2.930E+02
   0.04342   5    0.50184  81   1.013E+05 -5.216E-09  6.500E-02  2.930E+02  2.930E+02
   0.04342   5    0.50500  82   1.013E+05  0.000E+00  6.500E-02  2.930E+02  2.930E+02
   0.05583   6    0.00000   1   1.019E+05  0.000E+00  6.500E-02  2.930E+02  2.930E+02
   0.05583   6    0.00316   2   1.019E+05 -4.496E-07  6.502E-02  2.942E+02  2.930E+02
   0.05583   6    0.00947   3   1.019E+05 -5.859E-07  6.501E-02  2.967E+02  2.930E+02
   0.05583   6    0.01578   4   1.019E+05 -5.523E-07  6.500E-02  2.997E+02  2.930E+02
   0.05583   6    0.02209   5   1.019E+05 -5.685E-07  6.500E-02  3.034E+02  2.930E+02
   0.05583   6    0.02841   6   1.019E+05 -5.828E-07  6.500E-02  3.082E+02  2.930E+02
   0.05583   6    0.03472   7   1.019E+05 -6.060E-07  6.500E-02  3.142E+02  2.930E+02
   0.05583   6    0.04103   8   1.019E+05 -6.321E-07  6.500E-02  3.217E+02  2.930E+02
   0.05583   6    0.04734   9   1.019E+05 -6.566E-07  6.500E-02  3.306E+02  2.930E+02
   0.05583   6    0.05366  10   1.019E+05 -6.835E-07  6.500E-02  3.407E+02  2.930E+02
   0.05583   6    0.05997  11   1.018E+05 -7.002E-07  6.500E-02  3.516E+02  2.930E+02
   0.05583   6    0.06628  12   1.018E+05 -7.310E-07  6.500E-02  3.625E+02  2.930E+02
   0.05583   6    0.07259  13   1.018E+05 -7.383E-07  6.500E-02  3.726E+02  2.930E+02
   0.05583   6    0.07891  14   1.018E+05 -7.634E-07  6.500E-02  3.808E+02  2.930E+02
   0.05583   6    0.08522  15   1.018E+05 -7.281E-07  6.500E-02  3.862E+02  2.930E+02
   0.05583   6    0.09153  16   1.018E+05 -7.443E-07  6.500E-02  3.880E+02  2.930E+02
   0.05583   6    0.09784  17   1.018E+05 -6.919E-07  6.500E-02  3.862E+02  2.930E+02
   0.05583   6    0.10416  18   1.018E+05 -6.812E-07  6.500E-02  3.808E+02  2.930E+02
   0.05583   6    0.11047  19   1.018E+05 -6.167E-07  6.500E-02  3.726E+02  2.930E+02
   0.05583   6    0.11678  20   1.018E+05 -5.966E-07  6.500E-02  3.626E+02  2.930E+02
   0.05583   6    0.12309  21   1.018E+05 -5.416E-07  6.500E-02  3.516E+02  2.930E+02
   0.05583   6    0.12941  22   1.018E+05 -4.933E-07  6.500E-02  3.407E+02  2.930E+02
   0.05583   6    0.13572  23   1.018E+05 -4.415E-07  6.500E-02  3.306E+02  2.930E+02
   0.05583   6    0.14203  24   1.017E+05 -3.935E-07  6.500E-02  3.218E+02  2.930E+02
   0.05583   6    0.14834  25   1.017E+05 -3.498E-07  6.500E-02  3.144E+02  2.930E+02
   0.05583   6    0.15466  26   1.017E+05 -3.113E-07  6.500E-02  3.085E+02  2.930E+02
   0.05583   6    0.16097  27   1.017E+05 -2.778E-07  6.500E-02  3.039E+02  2.930E+02
   0.05583   6    0.16728  28   1.017E+05 -2.485E-07  6.500E-02  3.005E+02  2.930E+02
   0.05583   6    0.17359  29   1.017E+05 -2.210E-07  6.500E-02  2.981E+02  2.930E+02
   0.05583   6    0.17991  30   1.017E+05 -1.918E-07  6.500E-02  2.964E+02  2.930E+02
   0.05583   6    0.18622  31   1.017E+05 -1.465E-07  6.500E-02  2.952E+02  2.930E+02
   0.05583   6    0.19253  32   1.017E+05 -8.664E-08  6.500E-02  2.944E+02  2.930E+02
   0.05583   6    0.19884  33   1.017E+05  1.324E-07  6.500E-02  2.939E+02  2.930E+02
   0.05583   6    0.20516  34   1.017E+05  3.535E-07  6.500E-02  2.935E+02  2.930E+02
   0.05583   6    0.21147  35   1.017E+05  1.331E-07  6.500E-02  2.933E+02  2.930E+02
   0.05583   6    0.21778  36   1.017E+05 -1.038E-07  6.500E-02  2.932E+02  2.930E+02
   0.05583   6    0.22409  37   1.017E+05 -1.552E-07  6.500E-02  2.931E+02  2.930E+02
   0.05583   6    0.23041  38   1.016E+05 -2.094E-07  6.500E-02  2.931E+02  2.930E+02
   0.05583   6    0.23672  39   1.016E+05 -2.426E-07  6.500E-02  2.930E+02  2.930E+02
   0.05583   6    0.24303  40   1.016E+05 -2.712E-07  6.500E-02  2.930E+02  2.930E+02
   0.05583   6    0.24934  41   1.016E+05 -3.036E-07  6.500E-02  2.930E+02  2.930E+02
   0.05583   6    0.25566  42   1.016E+05 -3.161E-07  6.500E-02  2.930E+02  2.930E+02
   0.05583   6    0.26197  43   1.016E+05 -4.120E-07  6.500E-02  2.930E+02  2.930E+02
   0.05583   6    0.26828  44   1.016E+05 -2.555E-07  6.500E-02  2.930E+02  2.930E+02
   0.05583   6    0.27459  45   1.016E+05 -7.119E-07  6.500E-02  2.930E+02  2.930E+02
   0.05583   6    0.28091  46   1.016E+05 -5.409E-07  6.500E-02  2.930E+02  2.930E+02
   0.05583   6    0.28722  47   1.016E+05 -1.158E-06  6.500E-02  2.930E+02  2.930E+02
   0.05583   6    0.29353  48   1.016E+05 -9.921E-07  6.500E-02  2.930E+02  2.930E+02
   0.05583   6    0.29984  49   1.016E+05 -1.387E-06  6.500E-02  2.930E+02  2.930E+02
   0.05583   6    0.30616  50   1.016E+05 -1.002E-06  6.500E-02  2.930E+02  2.930E+02
   0.05583   6    0.31247  51   1.015E+05 -1.175E-06  6.500E-02  2.930E+02  2.930E+02
   0.05583   6    0.31878  52   1.015E+05 -5.487E-07  6.500E-02  2.930E+02  2.930E+02
   0.05583   6    0.32509  53   1.015E+05 -7.315E-07  6.500E-02  2.930E+02  2.930E+02
   0.05583   6    0.33141  54   1.015E+05 -7.072E-08  6.500E-02  2.930E+02  2.930E+02
   0.05583   6    0.33772  55   1.015E+05 -4.688E-07  6.500E-02  2.930E+02  2.930E+02
   0.05583   6    0.34403  56   1.015E+05 -9.194E-09  6.500E-02  2.930E+02  2.930E+02
   0.05583   6    0.35034  57   1.015E+05 -3.892E-07  6.500E-02  2.930E+02  2.930E+02
   0.05583   6    0.35666  58   1.015E+05 -3.016E-07  6.500E-02  2.930E+02  2.930E+02
   0.05583   6    0.36297  59   1.015E+05 -3.164E-07  6.500E-02  2.930E+02  2.930E+02
   0.05583   6    0.36928  60   1.015E+05 -2.825E-07  6.500E-02  2.930E+02  2.930E+02
   0.05583   6    0.37559  61   1.015E+05 -2.558E-07  6.500E-02  2.930E+02  2.930E+02
   0.05583   6    0.38191  62   1.015E+05 -2.261E-07  6.500E-02  2.930E+02  2.930E+02
   0.05583   6    0.38822  63   1.015E+05 -1.985E-07  6.500E-02  2.930E+02  2.930E+02
   0.05583   6    0.39453  64   1.015E+05 -1.728E-07  6.500E-02  2.930E+02  2.930E+02
   0.05583   6    0.40084  65   1.014E+05 -1.497E-07  6.500E-02  2.930E+02  2.930E+02
   0.05583   6    0.40716  66   1.014E+05 -1.291E-07  6.500E-02  2.930E+02  2.930E+02
   0.05583   6    0.41347  67   1.014E+05 -1.110E-07  6.500E-02  2.930E+02  2.930E+02
   0.05583   6    0.41978  68   1.014E+05 -9.518E-08  6.500E-02  2.930E+02  2.930E+02
   0.05583   6    0.42609  69   1.014E+05 -8.145E-08  6.500E-02  2.930E+02  2.930E+02
   0.05583   6    0.43241  70   1.014E+05 -6.951E-08  6.500E-02  2.930E+02  2.930E+02
   0.05583   6    0.43872  71   1.014E+05 -5.914E-08  6.500E-02  2.930E+02  2.930E+02
   0.05583   6    0.44503  72   1.014E+05 -5.018E-08  6.500E-02  2.930E+02  2.930E+02
   0.05583   6    0.45134  73   1.014E+05 -4.237E-08  6.500E-02  2.930E+02  2.930E+02
   0.05583   6    0.45766  74   1.014E+05 -3.556E-08  6.500E-02  2.930E+02  2.930E+02
   0.05583   6    0.46397  75   1.014E+05 -2.958E-08  6.500E-02  2.930E+02  2.930E+02
   0.05583   6    0.47028  76   1.014E+05 -2.431E-08  6.501E-02  2.930E+02  2.930E+02
   0.05583   6    0.47659  77   1.014E+05 -1.962E-08  6.500E-02  2.930E+02  2.930E+02
   0.05583   6    0.48291  78   1.014E+05 -1.538E-08  6.500E-02  2.930E+02  2.930E+02
   0.05583   6    0.48922  79   1.013E+05 -1.160E-08  6.500E-02  2.930E+02  2.930E+02
   0.05583   6    0.49553  80   1.013E+05 -7.822E-09  6.500E-02  2.930E+02  2.930E+02
   0.05583   6    0.50184  81   1.013E+05 -5.740E-09  6.500E-02  2.930E+02  2.930E+02
   0.05583   6    0.50500  82   1.013E+05  0.000E+00  6.500E-02  2.930E+02  2.930E+02
   0.06824   7    0.00000   1   1.019E+05  0.000E+00  6.500E-02  2.930E+02  2.930E+02
   0.06824   7    0.00316   2   1.019E+05 -5.654E-07  6.502E-02  2.942E+02  2.930E+02
   0.06824   7    0.00947   3   1.019E+05 -5.803E-07  6.501E-02  2.967E+02  2.930E+02
   0.06824   7    0.01578   4   1.019E+05 -5.537E-07  6.500E-02  2.997E+02  2.930E+02
   0.06824   7    0.02209   5   1.019E+05 -5.598E-07  6.500E-02  3.034E+02  2.930E+02
   0.06824   7    0.02841   6   1.019E+05 -5.604E-07  6.500E-02  3.082E+02  2.930E+02
   0.06824   7    0.03472   7   1.019E+05 -5.684E-07  6.500E-02  3.142E+02  2.930E+02
   0.06824   7    0.04103   8   1.019E+05 -5.798E-07  6.500E-02  3.217E+02  2.930E+02
   0.06824   7    0.04734   9   1.019E+05 -5.937E-07  6.500E-02  3.306E+02  2.930E+02
   0.06824   7    0.05366  10   1.019E+05 -6.099E-07  6.500E-02  3.407E+02  2.930E+02
   0.06824   7    0.05997  11   1.018E+05 -6.255E-07  6.500E-02  3.516E+02  2.930E+02
   0.06824   7    0.06628  12   1.018E+05 -6.422E-07  6.500E-02  3.625E+02  2.930E+02
   0.06824   7    0.07259  13   1.018E+05 -6.532E-07  6.500E-02  3.726E+02  2.930E+02
   0.06824   7    0.07891  14   1.018E+05 -6.648E-07  6.500E-02  3.808E+02  2.930E+02
   0.06824   7    0.08522  15   1.018E+05 -6.591E-07  6.500E-02  3.862E+02  2.930E+02
   0.06824   7    0.09153  16   1.018E+05 -6.633E-07  6.500E-02  3.880E+02  2.930E+02
   0.06824   7    0.09784  17   1.018E+05 -6.453E-07  6.500E-02  3.862E+02  2.930E+02
   0.06824   7    0.10416  18   1.018E+05 -6.269E-07  6.500E-02  3.808E+02  2.930E+02
   0.06824   7    0.11047  19   1.018E+05 -5.783E-07  6.500E-02  3.726E+02  2.930E+02
   0.06824   7    0.11678  20   1.018E+05 -5.556E-07  6.500E-02  3.626E+02  2.930E+02
   0.06824   7    0.12309  21   1.018E+05 -5.090E-07  6.500E-02  3.516E+02  2.930E+02
   0.06824   7    0.12941  22   1.018E+05 -4.653E-07  6.500E-02  3.407E+02  2.930E+02
   0.06824   7    0.13572  23   1.018E+05 -4.198E-07  6.500E-02  3.306E+02  2.930E+02
   0.06824   7    0.14203  24   1.017E+05 -3.769E-07  6.500E-02  3.218E+02  2.930E+02
   0.06824   7    0.14834  25   1.017E+05 -3.377E-07  6.500E-02  3.144E+02  2.930E+02
   0.06824   7    0.15466  26   1.017E+05 -3.032E-07  6.500E-02  3.085E+02  2.930E+02
   0.06824   7    0.16097  27   1.017E+05 -2.738E-07  6.500E-02  3.039E+02  2.930E+02
   0.06824   7    0.16728  28   1.017E+05 -2.498E-07  6.500E-02  3.005E+02  2.930E+02
   0.06824   7    0.17359  29   1.017E+05 -2.315E-07  6.500E-02  2.981E+02  2.930E+02
   0.06824   7    0.17991  30   1.017E+05 -2.200E-07  6.500E-02  2.964E+02  2.930E+02
   0.06824   7    0.18622  31   1.017E+05 -2.150E-07  6.500E-02  2.952E+02  2.930E+02
   0.06824   7    0.19253  32   1.017E+05 -2.302E-07  6.500E-02  2.944E+02  2.930E+02
   0.06824   7    0.19884  33   1.017E+05 -2.286E-07  6.500E-02  2.939E+02  2.930E+02
   0.06824   7    0.20516  34   1.017E+05 -4.309E-07  6.500E-02  2.935E+02  2.930E+02
   0.06824   7    0.21147  35   1.017E+05 -2.445E-07  6.500E-02  2.933E+02  2.930E+02
   0.06824   7    0.21778  36   1.017E+05 -2.630E-07  6.500E-02  2.932E+02  2.930E+02
   0.06824   7    0.22409  37   1.017E+05 -2.627E-07  6.500E-02  2.931E+02  2.930E+02
   0.06824   7    0.23041  38   1.016E+05 -2.833E-07  6.500E-02  2.931E+02  2.930E+02
   0.06824   7    0.23672  39   1.016E+05 -3.092E-07  6.500E-02  2.930E+02  2.930E+02
   0.06824   7    0.24303  40   1.016E+05 -3.335E-07  6.500E-02  2.930E+02  2.930E+02
   0.06824   7    0.24934  41   1.016E+05 -3.900E-07  6.500E-02  2.930E+02  2.930E+02
   0.06824   7    0.25566  42   1.016E+05 -3.692E-07  6.500E-02  2.930E+02  2.930E+02
   0.06824   7    0.26197  43   1.016E+05 -7.774E-07  6.500E-02  2.930E+02  2.930E+02
   0.06824   7    0.26828  44   1.016E+05 -2.763E-07  6.500E-02  2.930E+02  2.930E+02
   0.06824   7    0.27459  45   1.016E+05 -2.339E-06  6.500E-02  2.930E+02  2.930E+02
   0.06824   7    0.28091  46   1.016E+05 -4.729E-06  6.500E-02  2.930E+02  2.930E+02
   0.06824   7    0.28722  47   1.016E+05 -3.559E-06  6.500E-02  2.930E+02  2.930E+02
   0.06824   7    0.29353  48   1.016E+05 -4.230E-06  6.500E-02  2.930E+02  2.930E+02
   0.06824   7    0.29984  49   1.016E+05 -3.545E-06  6.500E-02  2.930E+02  2.930E+02
   0.06824   7    0.30616  50   1.016E+05 -4.251E-06  6.500E-02  2.930E+02  2.930E+02
   0.06824   7    0.31247  51   1.015E+05 -3.598E-06  6.500E-02  2.930E+02  2.930E+02
   0.06824   7    0.31878  52   1.015E+05 -4.793E-06  6.500E-02  2.930E+02  2.930E+02
   0.06824   7    0.32509  53   1.015E+05 -2.461E-06  6.500E-02  2.930E+02  2.930E+02
   0.06824   7    0.33141  54   1.015E+05 -4.165E-07  6.500E-02  2.930E+02  2.930E+02
   0.06824   7    0.33772  55   1.015E+05 -1.290E-06  6.500E-02  2.930E+02  2.930E+02
   0.06824   7    0.34403  56   1.015E+05 -9.079E-07  6.500E-02  2.930E+02  2.930E+02
   0.06824   7    0.35034  57   1.015E+05 -8.932E-07  6.500E-02  2.930E+02  2.930E+02
   0.06824   7    0.35666  58   1.015E+05 -2.377E-07  6.500E-02  2.930E+02  2.930E+02
   0.06824   7    0.36297  59   1.015E+05 -3.927E-07  6.500E-02  2.930E+02  2.930E+02
   0.06824   7    0.36928  60   1.015E+05 -3.011E-07  6.500E-02  2.930E+02  2.930E+02
   0.06824   7    0.37559  61   1.015E+05 -2.827E-07  6.500E-02  2.930E+02  2.930E+02
   0.06824   7    0.38191  62   1.015E+05 -2.471E-07  6.500E-02  2.930E+02  2.930E+02
   0.06824   7    0.38822  63   1.015E+05 -2.164E-07  6.500E-02  2.930E+02  2.930E+02
   0.06824   7    0.39453  64   1.015E+05 -1.871E-07  6.500E-02  2.930E+02  2.930E+02
   0.06824   7    0.40084  65   1.014E+05 -1.609E-07  6.500E-02  2.930E+02  2.930E+02
   0.06824   7    0.40716  66   1.014E+05 -1.377E-07  6.500E-02  2.930E+02  2.930E+02
   0.06824   7    0.41347  67   1.014E+05 -1.176E-07  6.500E-02  2.930E+02  2.930E+02
   0.06824   7    0.41978  68   1.014E+05 -1.001E-07  6.500E-02  2.930E+02  2.930E+02
   0.06824   7    0.42609  69   1.014E+05 -8.513E-08  6.500E-02  2.930E+02  2.930E+02
   0.06824   7    0.43241  70   1.014E+05 -7.227E-08  6.500E-02  2.930E+02  2.930E+02
   0.06824   7    0.43872  71   1.014E+05 -6.120E-08  6.500E-02  2.930E+02  2.930E+02
   0.06824   7    0.44503  72   1.014E+05 -5.171E-08  6.500E-02  2.930E+02  2.930E+02
   0.06824   7    0.45134  73   1.014E+05 -4.350E-08  6.500E-02  2.930E+02  2.930E+02
   0.06824   7    0.45766  74   1.014E+05 -3.639E-08  6.500E-02  2.930E+02  2.930E+02
   0.06824   7    0.46397  75   1.014E+05 -3.022E-08  6.500E-02  2.930E+02  2.930E+02
   0.06824   7    0.47028  76   1.014E+05 -2.481E-08  6.501E-02  2.930E+02  2.930E+02
   0.06824   7    0.47659  77   1.014E+05 -1.999E-08  6.500E-02  2.930E+02  2.930E+02
   0.06824   7    0.48291  78   1.014E+05 -1.566E-08  6.500E-02  2.930E+02  2.930E+02
   0.06824   7    0.48922  79   1.013E+05 -1.177E-08  6.500E-02  2.930E+02  2.930E+02
   0.06824   7    0.49553  80   1.013E+05 -7.942E-09  6.500E-02  2.930E+02  2.930E+02
   0.06824   7    0.50184  81   1.013E+05 -5.868E-09  6.500E-02  2.930E+02  2.930E+02
   0.06824   7    0.50500  82   1.013E+05  0.000E+00  6.500E-02  2.930E+02  2.930E+02
   0.08065   8    0.00000   1   1.019E+05  0.000E+00  6.500E-02  2.930E+02  2.930E+02
   0.08065   8    0.00316   2   1.019E+05 -5.222E-07  6.502E-02  2.942E+02  2.930E+02
   0.08065   8    0.00947   3   1.019E+05 -5.363E-07  6.501E-02  2.967E+02  2.930E+02
   0.08065   8    0.01578   4   1.019E+05 -5.043E-07  6.500E-02  2.997E+02  2.930E+02
   0.08065   8    0.02209   5   1.019E+05 -5.153E-07  6.500E-02  3.034E+02  2.930E+02
   0.08065   8    0.02841   6   1.019E+05 -5.021E-07  6.500E-02  3.082E+02  2.930E+02
   0.08065   8    0.03472   7   1.019E+05 -4.991E-07  6.500E-02  3.142E+02  2.930E+02
   0.08065   8    0.04103   8   1.019E+05 -4.985E-07  6.500E-02  3.217E+02  2.930E+02
   0.08065   8    0.04734   9   1.019E+05 -5.021E-07  6.500E-02  3.306E+02  2.930E+02
   0.08065   8    0.05366  10   1.019E+05 -5.087E-07  6.500E-02  3.407E+02  2.930E+02
   0.08065   8    0.05997  11   1.018E+05 -5.167E-07  6.500E-02  3.516E+02  2.930E+02
   0.08065   8    0.06628  12   1.018E+05 -5.258E-07  6.500E-02  3.625E+02  2.930E+02
   0.08065   8    0.07259  13   1.018E+05 -5.334E-07  6.500E-02  3.726E+02  2.930E+02
   0.08065   8    0.07891  14   1.018E+05 -5.396E-07  6.500E-02  3.808E+02  2.930E+02
   0.08065   8    0.08522  15   1.018E+05 -5.403E-07  6.500E-02  3.862E+02  2.930E+02
   0.08065   8    0.09153  16   1.018E+05 -5.402E-07  6.500E-02  3.880E+02  2.930E+02
   0.08065   8    0.09784  17   1.018E+05 -5.317E-07  6.500E-02  3.862E+02  2.930E+02
   0.08065   8    0.10416  18   1.018E+05 -5.192E-07  6.500E-02  3.808E+02  2.930E+02
   0.08065   8    0.11047  19   1.018E+05 -4.959E-07  6.500E-02  3.726E+02  2.930E+02
   0.08065   8    0.11678  20   1.018E+05 -4.696E-07  6.500E-02  3.626E+02  2.930E+02
   0.08065   8    0.12309  21   1.018E+05 -4.354E-07  6.500E-02  3.516E+02  2.930E+02
   0.08065   8    0.12941  22   1.018E+05 -3.995E-07  6.500E-02  3.407E+02  2.930E+02
   0.08065   8    0.13572  23   1.018E+05 -3.631E-07  6.500E-02  3.306E+02  2.930E+02
   0.08065   8    0.14203  24   1.017E+05 -3.283E-07  6.500E-02  3.218E+02  2.930E+02
   0.08065   8    0.14834  25   1.017E+05 -2.964E-07  6.500E-02  3.144E+02  2.930E+02
   0.08065   8    0.15466  26   1.017E+05 -2.682E-07  6.500E-02  3.085E+02  2.930E+02
   0.08065   8    0.16097  27   1.017E+05 -2.441E-07  6.500E-02  3.039E+02  2.930E+02
   0.08065   8    0.16728  28   1.017E+05 -2.244E-07  6.500E-02  3.005E+02  2.930E+02
   0.08065   8    0.17359  29   1.017E+05 -2.093E-07  6.500E-02  2.981E+02  2.930E+02
   0.08065   8    0.17991  30   1.017E+05 -1.990E-07  6.500E-02  2.964E+02  2.930E+02
   0.08065   8    0.18622  31   1.017E+05 -1.934E-07  6.500E-02  2.952E+02  2.930E+02
   0.08065   8    0.19253  32   1.017E+05 -1.938E-07  6.500E-02  2.944E+02  2.930E+02
   0.08065   8    0.19884  33   1.017E+05 -1.973E-07  6.500E-02  2.939E+02  2.930E+02
   0.08065   8    0.20516  34   1.017E+05 -2.173E-07  6.500E-02  2.935E+02  2.930E+02
   0.08065   8    0.21147  35   1.017E+05 -2.270E-07  6.500E-02  2.933E+02  2.930E+02
   0.08065   8    0.21778  36   1.017E+05 -2.535E-07  6.500E-02  2.932E+02  2.930E+02
   0.08065   8    0.22409  37   1.017E+05 -2.813E-07  6.500E-02  2.931E+02  2.930E+02
   0.08065   8    0.23041  38   1.016E+05 -3.104E-07  6.500E-02  2.931E+02  2.930E+02
   0.08065   8    0.23672  39   1.016E+05 -3.408E-07  6.500E-02  2.930E+02  2.930E+02
   0.08065   8    0.24303  40   1.016E+05 -3.146E-07  6.500E-02  2.930E+02  2.930E+02
   0.08065   8    0.24934  41   1.016E+05 -3.963E-07  6.500E-02  2.930E+02  2.930E+02
   0.08065   8    0.25566  42   1.016E+05  4.481E-07  6.500E-02  2.930E+02  2.930E+02
   0.08065   8    0.26197  43   1.016E+05 -2.017E-06  6.500E-02  2.930E+02  2.930E+02
   0.08065   8    0.26828  44   1.016E+05 -4.776E-06  6.499E-02  2.930E+02  2.930E+02
   0.08065   8    0.27459  45   1.016E+05 -3.665E-06  6.499E-02  2.930E+02  2.930E+02
   0.08065   8    0.28091  46   1.016E+05 -4.587E-06  6.500E-02  2.930E+02  2.930E+02
   0.08065   8    0.28722  47   1.016E+05 -3.717E-06  6.500E-02  2.930E+02  2.930E+02
   0.08065   8    0.29353  48   1.016E+05 -4.607E-06  6.500E-02  2.930E+02  2.930E+02
   0.08065   8    0.29984  49   1.016E+05 -3.753E-06  6.500E-02  2.930E+02  2.930E+02
   0.08065   8    0.30616  50   1.016E+05 -4.639E-06  6.500E-02  2.930E+02  2.930E+02
   0.08065   8    0.31247  51   1.015E+05 -3.779E-06  6.500E-02  2.930E+02  2.930E+02
   0.08065   8    0.31878  52   1.015E+05 -4.671E-06  6.500E-02  2.930E+02  2.930E+02
   0.08065   8    0.32509  53   1.015E+05 -3.790E-06  6.501E-02  2.930E+02  2.930E+02
   0.08065   8    0.33141  54   1.015E+05 -4.693E-06  6.500E-02  2.930E+02  2.930E+02
   0.08065   8    0.33772  55   1.015E+05 -3.781E-06  6.500E-02  2.930E+02  2.930E+02
   0.08065   8    0.34403  56   1.015E+05 -5.100E-06  6.500E-02  2.930E+02  2.930E+02
   0.08065   8    0.35034  57   1.015E+05 -2.313E-06  6.500E-02  2.930E+02  2.930E+02
   0.08065   8    0.35666  58   1.015E+05  8.393E-09  6.500E-02  2.930E+02  2.930E+02
   0.08065   8    0.36297  59   1.015E+05 -6.133E-07  6.500E-02  2.930E+02  2.930E+02
   0.08065   8    0.36928  60   1.015E+05 -3.376E-07  6.500E-02  2.930E+02  2.930E+02
   0.08065   8    0.37559  61   1.015E+05 -3.287E-07  6.500E-02  2.930E+02  2.930E+02
   0.08065   8    0.38191  62   1.015E+05 -2.689E-07  6.500E-02  2.930E+02  2.930E+02
   0.08065   8    0.38822  63   1.015E+05 -2.289E-07  6.500E-02  2.930E+02  2.930E+02
   0.08065   8    0.39453  64   1.015E+05 -1.924E-07  6.500E-02  2.930E+02  2.930E+02
   0.08065   8    0.40084  65   1.014E+05 -1.620E-07  6.500E-02  2.930E+02  2.930E+02
   0.08065   8    0.40716  66   1.014E+05 -1.364E-07  6.500E-02  2.930E+02  2.930E+02
   0.08065   8    0.41347  67   1.014E+05 -1.149E-07  6.500E-02  2.930E+02  2.930E+02
   0.08065   8    0.41978  68   1.014E+05 -9.689E-08  6.500E-02  2.930E+02  2.930E+02
   0.08065   8    0.42609  69   1.014E+05 -8.167E-08  6.500E-02  2.930E+02  2.930E+02
   0.08065   8    0.43241  70   1.014E+05 -6.885E-08  6.500E-02  2.930E+02  2.930E+02
   0.08065   8    0.43872  71   1.014E+05 -5.800E-08  6.500E-02  2.930E+02  2.930E+02
   0.08065   8    0.44503  72   1.014E+05 -4.875E-08  6.500E-02  2.930E+02  2.930E+02
   0.08065   8    0.45134  73   1.014E+05 -4.088E-08  6.500E-02  2.930E+02  2.930E+02
   0.08065   8    0.45766  74   1.014E+05 -3.411E-08  6.500E-02  2.930E+02  2.930E+02
   0.08065   8    0.46397  75   1.014E+05 -2.822E-08  6.500E-02  2.930E+02  2.930E+02
   0.08065   8    0.47028  76   1.014E+05 -2.309E-08  6.501E-02  2.930E+02  2.930E+02
   0.08065   8    0.47659  77   1.014E+05 -1.858E-08  6.500E-02  2.930E+02  2.930E+02
   0.08065   8    0.48291  78   1.014E+05 -1.454E-08  6.500E-02  2.930E+02  2.930E+02
   0.08065   8    0.48922  79   1.013E+05 -1.090E-08  6.500E-02  2.930E+02  2.930E+02
   0.08065   8    0.49553  80   1.013E+05 -7.334E-09  6.500E-02  2.930E+02  2.930E+02
   0.08065   8    0.50184  81   1.013E+05 -5.408E-09  6.500E-02  2.930E+02  2.930E+02
   0.08065   8    0.50500  82   1.013E+05  0.000E+00  6.500E-02  2.930E+02  2.930E+02
   0.09305   9    0.00000   1   1.019E+05  0.000E+00  6.500E-02  2.930E+02  2.930E+02
   0.09305   9    0.00316   2   1.019E+05 -3.919E-07  6.502E-02  2.942E+02  2.930E+02
   0.09305   9    0.00947   3   1.019E+05 -3.978E-07  6.501E-02  2.967E+02  2.930E+02
   0.09305   9    0.01578   4   1.019E+05 -1.888E-07  6.500E-02  2.997E+02  2.930E+02
   0.09305   9    0.02209   5   1.019E+05 -3.804E-07  6.500E-02  3.034E+02  2.930E+02
   0.09305   9    0.02841   6   1.019E+05 -3.680E-07  6.500E-02  3.082E+02  2.930E+02
   0.09305   9    0.03472   7   1.019E+05 -3.813E-07  6.500E-02  3.142E+02  2.930E+02
   0.09305   9    0.04103   8   1.019E+05 -3.822E-07  6.500E-02  3.217E+02  2.930E+02
   0.09305   9    0.04734   9   1.019E+05 -3.845E-07  6.500E-02  3.306E+02  2.930E+02
   0.09305   9    0.05366  10   1.019E+05 -3.875E-07  6.500E-02  3.407E+02  2.930E+02
   0.09305   9    0.05997  11   1.018E+05 -3.915E-07  6.500E-02  3.516E+02  2.930E+02
   0.09305   9    0.06628  12   1.018E+05 -3.959E-07  6.500E-02  3.625E+02  2.930E+02
   0.09305   9    0.07259  13   1.018E+05 -3.998E-07  6.500E-02  3.726E+02  2.930E+02
   0.09305   9    0.07891  14   1.018E+05 -4.026E-07  6.500E-02  3.808E+02  2.930E+02
   0.09305   9    0.08522  15   1.018E+05 -4.028E-07  6.500E-02  3.862E+02  2.930E+02
   0.09305   9    0.09153  16   1.018E+05 -4.007E-07  6.500E-02  3.880E+02  2.930E+02
   0.09305   9    0.09784  17   1.018E+05 -3.942E-07  6.500E-02  3.862E+02  2.930E+02
   0.09305   9    0.10416  18   1.018E+05 -3.837E-07  6.500E-02  3.808E+02  2.930E+02
   0.09305   9    0.11047  19   1.018E+05 -3.677E-07  6.500E-02  3.726E+02  2.930E+02
   0.09305   9    0.11678  20   1.018E+05 -3.495E-07  6.500E-02  3.626E+02  2.930E+02
   0.09305   9    0.12309  21   1.018E+05 -3.272E-07  6.500E-02  3.516E+02  2.930E+02
   0.09305   9    0.12941  22   1.018E+05 -3.033E-07  6.500E-02  3.407E+02  2.930E+02
   0.09305   9    0.13572  23   1.018E+05 -2.786E-07  6.500E-02  3.306E+02  2.930E+02
   0.09305   9    0.14203  24   1.017E+05 -2.547E-07  6.500E-02  3.218E+02  2.930E+02
   0.09305   9    0.14834  25   1.017E+05 -2.324E-07  6.500E-02  3.144E+02  2.930E+02
   0.09305   9    0.15466  26   1.017E+05 -2.126E-07  6.500E-02  3.085E+02  2.930E+02
   0.09305   9    0.16097  27   1.017E+05 -1.957E-07  6.500E-02  3.039E+02  2.930E+02
   0.09305   9    0.16728  28   1.017E+05 -1.823E-07  6.500E-02  3.005E+02  2.930E+02
   0.09305   9    0.17359  29   1.017E+05 -1.727E-07  6.500E-02  2.981E+02  2.930E+02
   0.09305   9    0.17991  30   1.017E+05 -1.675E-07  6.500E-02  2.964E+02  2.930E+02
   0.09305   9    0.18622  31   1.017E+05 -1.670E-07  6.500E-02  2.952E+02  2.930E+02
   0.09305   9    0.19253  32   1.017E+05 -1.722E-07  6.500E-02  2.944E+02  2.930E+02
   0.09305   9    0.19884  33   1.017E+05 -1.831E-07  6.500E-02  2.939E+02  2.930E+02
   0.09305   9    0.20516  34   1.017E+05 -2.035E-07  6.500E-02  2.935E+02  2.930E+02
   0.09305   9    0.21147  35   1.017E+05 -2.245E-07  6.500E-02  2.933E+02  2.930E+02
   0.09305   9    0.21778  36   1.017E+05 -2.579E-07  6.500E-02  2.932E+02  2.930E+02
   0.09305   9    0.22409  37   1.017E+05 -3.042E-07  6.500E-02  2.931E+02  2.930E+02
   0.09305   9    0.23041  38   1.016E+05 -3.639E-07  6.500E-02  2.931E+02  2.930E+02
   0.09305   9    0.23672  39   1.016E+05 -4.684E-07  6.500E-02  2.930E+02  2.930E+02
   0.09305   9    0.24303  40   1.016E+05 -5.350E-07  6.500E-02  2.930E+02  2.930E+02
   0.09305   9    0.24934  41   1.016E+05 -1.029E-06  6.500E-02  2.930E+02  2.930E+02
   0.09305   9    0.25566  42   1.016E+05 -6.971E-07  6.499E-02  2.930E+02  2.930E+02
   0.09305   9    0.26197  43   1.016E+05 -2.650E-06  6.499E-02  2.930E+02  2.930E+02
   0.09305   9    0.26828  44   1.016E+05 -5.614E-06  6.499E-02  2.930E+02  2.930E+02
   0.09305   9    0.27459  45   1.016E+05 -2.728E-06  6.500E-02  2.930E+02  2.930E+02
   0.09305   9    0.28091  46   1.016E+05 -9.820E-07  6.500E-02  2.930E+02  2.930E+02
   0.09305   9    0.28722  47   1.016E+05 -1.608E-06  6.500E-02  2.930E+02  2.930E+02
   0.09305   9    0.29353  48   1.016E+05 -1.251E-06  6.500E-02  2.930E+02  2.930E+02
   0.09305   9    0.29984  49   1.016E+05 -1.632E-06  6.500E-02  2.930E+02  2.930E+02
   0.09305   9    0.30616  50   1.016E+05 -1.276E-06  6.500E-02  2.930E+02  2.930E+02
   0.09305   9    0.31247  51   1.015E+05 -1.653E-06  6.500E-02  2.930E+02  2.930E+02
   0.09305   9    0.31878  52   1.015E+05 -1.004E-06  6.500E-02  2.930E+02  2.930E+02
   0.09305   9    0.32509  53   1.015E+05 -2.828E-06  6.500E-02  2.930E+02  2.930E+02
   0.09305   9    0.33141  54   1.015E+05 -5.368E-06  6.500E-02  2.930E+02  2.930E+02
   0.09305   9    0.33772  55   1.015E+05 -3.753E-06  6.500E-02  2.930E+02  2.930E+02
   0.09305   9    0.34403  56   1.015E+05 -4.395E-06  6.500E-02  2.930E+02  2.930E+02
   0.09305   9    0.35034  57   1.015E+05 -3.602E-06  6.501E-02  2.930E+02  2.930E+02
   0.09305   9    0.35666  58   1.015E+05 -4.865E-06  6.500E-02  2.930E+02  2.930E+02
   0.09305   9    0.36297  59   1.015E+05 -1.989E-06  6.500E-02  2.930E+02  2.930E+02
   0.09305   9    0.36928  60   1.015E+05  4.048E-07  6.500E-02  2.930E+02  2.930E+02
   0.09305   9    0.37559  61   1.015E+05 -2.193E-07  6.500E-02  2.930E+02  2.930E+02
   0.09305   9    0.38191  62   1.015E+05 -1.652E-07  6.500E-02  2.930E+02  2.930E+02
   0.09305   9    0.38822  63   1.015E+05 -1.762E-07  6.500E-02  2.930E+02  2.930E+02
   0.09305   9    0.39453  64   1.015E+05 -1.560E-07  6.500E-02  2.930E+02  2.930E+02
   0.09305   9    0.40084  65   1.014E+05 -1.357E-07  6.500E-02  2.930E+02  2.930E+02
   0.09305   9    0.40716  66   1.014E+05 -1.156E-07  6.500E-02  2.930E+02  2.930E+02
   0.09305   9    0.41347  67   1.014E+05 -9.783E-08  6.500E-02  2.930E+02  2.930E+02
   0.09305   9    0.41978  68   1.014E+05 -8.243E-08  6.500E-02  2.930E+02  2.930E+02
   0.09305   9    0.42609  69   1.014E+05 -6.931E-08  6.500E-02  2.930E+02  2.930E+02
   0.09305   9    0.43241  70   1.014E+05 -5.826E-08  6.500E-02  2.930E+02  2.930E+02
   0.09305   9    0.43872  71   1.014E+05 -4.893E-08  6.500E-02  2.930E+02  2.930E+02
   0.09305   9    0.44503  72   1.014E+05 -4.101E-08  6.500E-02  2.930E+02  2.930E+02
   0.09305   9    0.45134  73   1.014E+05 -3.429E-08  6.500E-02  2.930E+02  2.930E+02
   0.09305   9    0.45766  74   1.014E+05 -2.853E-08  6.500E-02  2.930E+02  2.930E+02
   0.09305   9    0.46397  75   1.014E+05 -2.354E-08  6.500E-02  2.930E+02  2.930E+02
   0.09305   9    0.47028  76   1.014E+05 -1.922E-08  6.501E-02  2.930E+02  2.930E+02
   0.09305   9    0.47659  77   1.014E+05 -1.544E-08  6.500E-02  2.930E+02  2.930E+02
   0.09305   9    0.48291  78   1.014E+05 -1.206E-08  6.500E-02  2.930E+02  2.930E+02
   0.09305   9    0.48922  79   1.013E+05 -9.029E-09  6.500E-02  2.930E+02  2.930E+02
   0.09305   9    0.49553  80   1.013E+05 -6.055E-09  6.500E-02  2.930E+02  2.930E+02
   0.09305   9    0.50184  81   1.013E+05 -4.453E-09  6.500E-02  2.930E+02  2.930E+02
   0.09305   9    0.50500  82   1.013E+05  0.000E+00  6.500E-02  2.930E+02  2.930E+02
   0.10546  10    0.00000   1   1.019E+05  0.000E+00  6.500E-02  2.930E+02  2.930E+02
   0.10546  10    0.00316   2   1.019E+05 -2.616E-07  6.502E-02  2.942E+02  2.930E+02
   0.10546  10    0.00947   3   1.019E+05 -2.683E-07  6.501E-02  2.967E+02  2.930E+02
   0.10546  10    0.01578   4   1.019E+05 -7.198E-08  6.500E-02  2.997E+02  2.930E+02
   0.10546  10    0.02209   5   1.019E+05 -2.594E-07  6.500E-02  3.034E+02  2.930E+02
   0.10546  10    0.02841   6   1.019E+05 -2.498E-07  6.500E-02  3.082E+02  2.930E+02
   0.10546  10    0.03472   7   1.019E+05 -2.622E-07  6.500E-02  3.142E+02  2.930E+02
   0.10546  10    0.04103   8   1.019E+05 -2.617E-07  6.500E-02  3.217E+02  2.930E+02
   0.10546  10    0.04734   9   1.019E+05 -2.617E-07  6.500E-02  3.306E+02  2.930E+02
   0.10546  10    0.05366  10   1.019E+05 -2.618E-07  6.500E-02  3.407E+02  2.930E+02
   0.10546  10    0.05997  11   1.018E+05 -2.627E-07  6.500E-02  3.516E+02  2.930E+02
   0.10546  10    0.06628  12   1.018E+05 -2.641E-07  6.500E-02  3.625E+02  2.930E+02
   0.10546  10    0.07259  13   1.018E+05 -2.654E-07  6.500E-02  3.726E+02  2.930E+02
   0.10546  10    0.07891  14   1.018E+05 -2.662E-07  6.500E-02  3.808E+02  2.930E+02
   0.10546  10    0.08522  15   1.018E+05 -2.656E-07  6.500E-02  3.862E+02  2.930E+02
   0.10546  10    0.09153  16   1.018E+05 -2.635E-07  6.500E-02  3.880E+02  2.930E+02
   0.10546  10    0.09784  17   1.018E+05 -2.592E-07  6.500E-02  3.862E+02  2.930E+02
   0.10546  10    0.10416  18   1.018E+05 -2.524E-07  6.500E-02  3.808E+02  2.930E+02
   0.10546  10    0.11047  19   1.018E+05 -2.429E-07  6.500E-02  3.726E+02  2.930E+02
   0.10546  10    0.11678  20   1.018E+05 -2.313E-07  6.500E-02  3.626E+02  2.930E+02
   0.10546  10    0.12309  21   1.018E+05 -2.177E-07  6.500E-02  3.516E+02  2.930E+02
   0.10546  10    0.12941  22   1.018E+05 -2.029E-07  6.500E-02  3.407E+02  2.930E+02
   0.10546  10    0.13572  23   1.018E+05 -1.877E-07  6.500E-02  3.306E+02  2.930E+02
   0.10546  10    0.14203  24   1.017E+05 -1.729E-07  6.500E-02  3.218E+02  2.930E+02
   0.10546  10    0.14834  25   1.017E+05 -1.590E-07  6.500E-02  3.144E+02  2.930E+02
   0.10546  10    0.15466  26   1.017E+05 -1.466E-07  6.500E-02  3.085E+02  2.930E+02
   0.10546  10    0.16097  27   1.017E+05 -1.361E-07  6.500E-02  3.039E+02  2.930E+02
   0.10546  10    0.16728  28   1.017E+05 -1.281E-07  6.500E-02  3.005E+02  2.930E+02
   0.10546  10    0.17359  29   1.017E+05 -1.227E-07  6.500E-02  2.981E+02  2.930E+02
   0.10546  10    0.17991  30   1.017E+05 -1.203E-07  6.500E-02  2.964E+02  2.930E+02
   0.10546  10    0.18622  31   1.017E+05 -1.215E-07  6.500E-02  2.952E+02  2.930E+02
   0.10546  10    0.19253  32   1.017E+05 -1.269E-07  6.500E-02  2.944E+02  2.930E+02
   0.10546  10    0.19884  33   1.017E+05 -1.371E-07  6.500E-02  2.939E+02  2.930E+02
   0.10546  10    0.20516  34   1.017E+05 -1.534E-07  6.500E-02  2.935E+02  2.930E+02
   0.10546  10    0.21147  35   1.017E+05 -1.759E-07  6.500E-02  2.933E+02  2.930E+02
   0.10546  10    0.21778  36   1.017E+05 -2.066E-07  6.500E-02  2.932E+02  2.930E+02
   0.10546  10    0.22409  37   1.017E+05 -2.501E-07  6.500E-02  2.931E+02  2.930E+02
   0.10546  10    0.23041  38   1.016E+05 -2.856E-07  6.500E-02  2.931E+02  2.930E+02
   0.10546  10    0.23672  39   1.016E+05 -4.303E-07  6.500E-02  2.930E+02  2.930E+02
   0.10546  10    0.24303  40   1.016E+05 -1.458E-09  6.500E-02  2.930E+02  2.930E+02
   0.10546  10    0.24934  41   1.016E+05 -2.633E-06  6.500E-02  2.930E+02  2.930E+02
   0.10546  10    0.25566  42   1.016E+05 -7.069E-06  6.499E-02  2.930E+02  2.930E+02
   0.10546  10    0.26197  43   1.016E+05 -3.247E-06  6.499E-02  2.930E+02  2.930E+02
   0.10546  10    0.26828  44   1.016E+05 -1.193E-06  6.499E-02  2.930E+02  2.930E+02
   0.10546  10    0.27459  45   1.016E+05 -1.450E-06  6.500E-02  2.930E+02  2.930E+02
   0.10546  10    0.28091  46   1.016E+05 -9.558E-07  6.500E-02  2.930E+02  2.930E+02
   0.10546  10    0.28722  47   1.016E+05 -9.083E-07  6.500E-02  2.930E+02  2.930E+02
   0.10546  10    0.29353  48   1.016E+05 -2.658E-07  6.500E-02  2.930E+02  2.930E+02
   0.10546  10    0.29984  49   1.016E+05 -6.808E-07  6.500E-02  2.930E+02  2.930E+02
   0.10546  10    0.30616  50   1.016E+05 -3.107E-07  6.500E-02  2.930E+02  2.930E+02
   0.10546  10    0.31247  51   1.015E+05 -9.709E-07  6.500E-02  2.930E+02  2.930E+02
   0.10546  10    0.31878  52   1.015E+05 -1.043E-06  6.500E-02  2.930E+02  2.930E+02
   0.10546  10    0.32509  53   1.015E+05 -1.478E-06  6.500E-02  2.930E+02  2.930E+02
   0.10546  10    0.33141  54   1.015E+05 -1.544E-06  6.500E-02  2.930E+02  2.930E+02
   0.10546  10    0.33772  55   1.015E+05 -1.752E-06  6.500E-02  2.930E+02  2.930E+02
   0.10546  10    0.34403  56   1.015E+05 -1.210E-06  6.500E-02  2.930E+02  2.930E+02
   0.10546  10    0.35034  57   1.015E+05 -3.165E-06  6.500E-02  2.930E+02  2.930E+02
   0.10546  10    0.35666  58   1.015E+05 -6.390E-06  6.500E-02  2.930E+02  2.930E+02
   0.10546  10    0.36297  59   1.015E+05 -2.489E-06  6.501E-02  2.930E+02  2.930E+02
   0.10546  10    0.36928  60   1.015E+05  1.936E-07  6.500E-02  2.930E+02  2.930E+02
   0.10546  10    0.37559  61   1.015E+05 -2.948E-07  6.500E-02  2.930E+02  2.930E+02
   0.10546  10    0.38191  62   1.015E+05 -1.792E-07  6.500E-02  2.930E+02  2.930E+02
   0.10546  10    0.38822  63   1.015E+05 -1.643E-07  6.500E-02  2.930E+02  2.930E+02
   0.10546  10    0.39453  64   1.015E+05 -1.338E-07  6.500E-02  2.930E+02  2.930E+02
   0.10546  10    0.40084  65   1.014E+05 -1.107E-07  6.500E-02  2.930E+02  2.930E+02
   0.10546  10    0.40716  66   1.014E+05 -9.106E-08  6.500E-02  2.930E+02  2.930E+02
   0.10546  10    0.41347  67   1.014E+05 -7.518E-08  6.500E-02  2.930E+02  2.930E+02
   0.10546  10    0.41978  68   1.014E+05 -6.222E-08  6.500E-02  2.930E+02  2.930E+02
   0.10546  10    0.42609  69   1.014E+05 -5.166E-08  6.500E-02  2.930E+02  2.930E+02
   0.10546  10    0.43241  70   1.014E+05 -4.299E-08  6.500E-02  2.930E+02  2.930E+02
   0.10546  10    0.43872  71   1.014E+05 -3.582E-08  6.500E-02  2.930E+02  2.930E+02
   0.10546  10    0.44503  72   1.014E+05 -2.985E-08  6.500E-02  2.930E+02  2.930E+02
   0.10546  10    0.45134  73   1.014E+05 -2.480E-08  6.500E-02  2.930E+02  2.930E+02
   0.10546  10    0.45766  74   1.014E+05 -2.054E-08  6.500E-02  2.930E+02  2.930E+02
   0.10546  10    0.46397  75   1.014E+05 -1.694E-08  6.500E-02  2.930E+02  2.930E+02
   0.10546  10    0.47028  76   1.014E+05 -1.382E-08  6.501E-02  2.930E+02  2.930E+02
   0.10546  10    0.47659  77   1.014E+05 -1.107E-08  6.500E-02  2.930E+02  2.930E+02
   0.10546  10    0.48291  78   1.014E+05 -8.650E-09  6.500E-02  2.930E+02  2.930E+02
   0.10546  10    0.48922  79   1.013E+05 -6.489E-09  6.500E-02  2.930E+02  2.930E+02
   0.10546  10    0.49553  80   1.013E+05 -4.359E-09  6.500E-02  2.930E+02  2.930E+02
   0.10546  10    0.50184  81   1.013E+05 -3.195E-09  6.500E-02  2.930E+02  2.930E+02
   0.10546  10    0.50500  82   1.013E+05  0.000E+00  6.500E-02  2.930E+02  2.930E+02
   0.11787  11    0.00000   1   1.019E+05  0.000E+00  6.500E-02  2.930E+02  2.930E+02
   0.11787  11    0.00316   2   1.019E+05 -1.282E-07  6.502E-02  2.942E+02  2.930E+02
   0.11787  11    0.00947   3   1.019E+05 -1.311E-07  6.501E-02  2.967E+02  2.930E+02
   0.11787  11    0.01578   4   1.019E+05 -1.222E-07  6.500E-02  2.997E+02  2.930E+02
   0.11787  11    0.02209   5   1.019E+05 -1.241E-07  6.500E-02  3.034E+02  2.930E+02
   0.11787  11    0.02841   6   1.019E+05 -1.152E-07  6.500E-02  3.082E+02  2.930E+02
   0.11787  11    0.03472   7   1.019E+05 -1.099E-07  6.500E-02  3.142E+02  2.930E+02
   0.11787  11    0.04103   8   1.019E+05 -1.055E-07  6.500E-02  3.217E+02  2.930E+02
   0.11787  11    0.04734   9   1.019E+05 -1.028E-07  6.500E-02  3.306E+02  2.930E+02
   0.11787  11    0.05366  10   1.019E+05 -1.012E-07  6.500E-02  3.407E+02  2.930E+02
   0.11787  11    0.05997  11   1.018E+05 -1.005E-07  6.500E-02  3.516E+02  2.930E+02
   0.11787  11    0.06628  12   1.018E+05 -1.003E-07  6.500E-02  3.625E+02  2.930E+02
   0.11787  11    0.07259  13   1.018E+05 -1.004E-07  6.500E-02  3.726E+02  2.930E+02
   0.11787  11    0.07891  14   1.018E+05 -1.003E-07  6.500E-02  3.808E+02  2.930E+02
   0.11787  11    0.08522  15   1.018E+05 -9.990E-08  6.500E-02  3.862E+02  2.930E+02
   0.11787  11    0.09153  16   1.018E+05 -9.893E-08  6.500E-02  3.880E+02  2.930E+02
   0.11787  11    0.09784  17   1.018E+05 -9.721E-08  6.500E-02  3.862E+02  2.930E+02
   0.11787  11    0.10416  18   1.018E+05 -9.461E-08  6.500E-02  3.808E+02  2.930E+02
   0.11787  11    0.11047  19   1.018E+05 -9.111E-08  6.500E-02  3.726E+02  2.930E+02
   0.11787  11    0.11678  20   1.018E+05 -8.687E-08  6.500E-02  3.626E+02  2.930E+02
   0.11787  11    0.12309  21   1.018E+05 -8.198E-08  6.500E-02  3.516E+02  2.930E+02
   0.11787  11    0.12941  22   1.018E+05 -7.670E-08  6.500E-02  3.407E+02  2.930E+02
   0.11787  11    0.13572  23   1.018E+05 -7.123E-08  6.500E-02  3.306E+02  2.930E+02
   0.11787  11    0.14203  24   1.017E+05 -6.586E-08  6.500E-02  3.218E+02  2.930E+02
   0.11787  11    0.14834  25   1.017E+05 -6.082E-08  6.500E-02  3.144E+02  2.930E+02
   0.11787  11    0.15466  26   1.017E+05 -5.633E-08  6.500E-02  3.085E+02  2.930E+02
   0.11787  11    0.16097  27   1.017E+05 -5.260E-08  6.500E-02  3.039E+02  2.930E+02
   0.11787  11    0.16728  28   1.017E+05 -4.976E-08  6.500E-02  3.005E+02  2.930E+02
   0.11787  11    0.17359  29   1.017E+05 -4.793E-08  6.500E-02  2.981E+02  2.930E+02
   0.11787  11    0.17991  30   1.017E+05 -4.731E-08  6.500E-02  2.964E+02  2.930E+02
   0.11787  11    0.18622  31   1.017E+05 -4.812E-08  6.500E-02  2.952E+02  2.930E+02
   0.11787  11    0.19253  32   1.017E+05 -5.057E-08  6.500E-02  2.944E+02  2.930E+02
   0.11787  11    0.19884  33   1.017E+05 -5.493E-08  6.500E-02  2.939E+02  2.930E+02
   0.11787  11    0.20516  34   1.017E+05 -6.144E-08  6.500E-02  2.935E+02  2.930E+02
   0.11787  11    0.21147  35   1.017E+05 -7.014E-08  6.500E-02  2.933E+02  2.930E+02
   0.11787  11    0.21778  36   1.017E+05 -8.027E-08  6.500E-02  2.932E+02  2.930E+02
   0.11787  11    0.22409  37   1.017E+05 -9.277E-08  6.500E-02  2.931E+02  2.930E+02
   0.11787  11    0.23041  38   1.016E+05 -8.304E-08  6.500E-02  2.931E+02  2.930E+02
   0.11787  11    0.23672  39   1.016E+05 -1.373E-07  6.500E-02  2.930E+02  2.930E+02
   0.11787  11    0.24303  40   1.016E+05  3.967E-07  6.499E-02  2.930E+02  2.930E+02
   0.11787  11    0.24934  41   1.016E+05 -1.787E-06  6.499E-02  2.930E+02  2.930E+02
   0.11787  11    0.25566  42   1.016E+05 -2.319E-05  6.499E-02  2.930E+02  2.930E+02
   0.11787  11    0.26197  43   1.016E+05 -2.183E-06  6.500E-02  2.930E+02  2.930E+02
   0.11787  11    0.26828  44   1.016E+05 -2.076E-07  6.500E-02  2.930E+02  2.930E+02
   0.11787  11    0.27459  45   1.016E+05 -5.854E-07  6.500E-02  2.930E+02  2.930E+02
   0.11787  11    0.28091  46   1.016E+05 -3.897E-07  6.500E-02  2.930E+02  2.930E+02
   0.11787  11    0.28722  47   1.016E+05 -3.748E-07  6.500E-02  2.930E+02  2.930E+02
   0.11787  11    0.29353  48   1.016E+05 -3.106E-07  6.500E-02  2.930E+02  2.930E+02
   0.11787  11    0.29984  49   1.016E+05 -3.421E-07  6.500E-02  2.930E+02  2.930E+02
   0.11787  11    0.30616  50   1.016E+05 -3.399E-07  6.500E-02  2.930E+02  2.930E+02
   0.11787  11    0.31247  51   1.015E+05 -4.085E-07  6.500E-02  2.930E+02  2.930E+02
   0.11787  11    0.31878  52   1.015E+05 -4.441E-07  6.500E-02  2.930E+02  2.930E+02
   0.11787  11    0.32509  53   1.015E+05 -4.807E-07  6.500E-02  2.930E+02  2.930E+02
   0.11787  11    0.33141  54   1.015E+05 -3.324E-07  6.500E-02  2.930E+02  2.930E+02
   0.11787  11    0.33772  55   1.015E+05 -7.281E-07  6.500E-02  2.930E+02  2.930E+02
   0.11787  11    0.34403  56   1.015E+05 -8.269E-07  6.500E-02  2.930E+02  2.930E+02
   0.11787  11    0.35034  57   1.015E+05 -1.175E-06  6.500E-02  2.930E+02  2.930E+02
   0.11787  11    0.35666  58   1.015E+05 -1.416E-06  6.500E-02  2.930E+02  2.930E+02
   0.11787  11    0.36297  59   1.015E+05 -8.851E-07  6.501E-02  2.930E+02  2.930E+02
   0.11787  11    0.36928  60   1.015E+05 -3.957E-07  6.500E-02  2.930E+02  2.930E+02
   0.11787  11    0.37559  61   1.015E+05 -2.574E-07  6.500E-02  2.930E+02  2.930E+02
   0.11787  11    0.38191  62   1.015E+05 -1.562E-07  6.500E-02  2.930E+02  2.930E+02
   0.11787  11    0.38822  63   1.015E+05 -1.061E-07  6.500E-02  2.930E+02  2.930E+02
   0.11787  11    0.39453  64   1.015E+05 -7.478E-08  6.500E-02  2.930E+02  2.930E+02
   0.11787  11    0.40084  65   1.014E+05 -5.526E-08  6.500E-02  2.930E+02  2.930E+02
   0.11787  11    0.40716  66   1.014E+05 -4.217E-08  6.500E-02  2.930E+02  2.930E+02
   0.11787  11    0.41347  67   1.014E+05 -3.302E-08  6.500E-02  2.930E+02  2.930E+02
   0.11787  11    0.41978  68   1.014E+05 -2.637E-08  6.500E-02  2.930E+02  2.930E+02
   0.11787  11    0.42609  69   1.014E+05 -2.137E-08  6.500E-02  2.930E+02  2.930E+02
   0.11787  11    0.43241  70   1.014E+05 -1.750E-08  6.500E-02  2.930E+02  2.930E+02
   0.11787  11    0.43872  71   1.014E+05 -1.441E-08  6.500E-02  2.930E+02  2.930E+02
   0.11787  11    0.44503  72   1.014E+05 -1.188E-08  6.500E-02  2.930E+02  2.930E+02
   0.11787  11    0.45134  73   1.014E+05 -9.802E-09  6.500E-02  2.930E+02  2.930E+02
   0.11787  11    0.45766  74   1.014E+05 -8.109E-09  6.500E-02  2.930E+02  2.930E+02
   0.11787  11    0.46397  75   1.014E+05 -6.692E-09  6.500E-02  2.930E+02  2.930E+02
   0.11787  11    0.47028  76   1.014E+05 -5.440E-09  6.501E-02  2.930E+02  2.930E+02
   0.11787  11    0.47659  77   1.014E+05 -4.345E-09  6.500E-02  2.930E+02  2.930E+02
   0.11787  11    0.48291  78   1.014E+05 -3.403E-09  6.500E-02  2.930E+02  2.930E+02
   0.11787  11    0.48922  79   1.013E+05 -2.572E-09  6.500E-02  2.930E+02  2.930E+02
   0.11787  11    0.49553  80   1.013E+05 -1.728E-09  6.500E-02  2.930E+02  2.930E+02
   0.11787  11    0.50184  81   1.013E+05 -1.249E-09  6.500E-02  2.930E+02  2.930E+02
   0.11787  11    0.50500  82   1.013E+05  0.000E+00  6.500E-02  2.930E+02  2.930E+02
   0.12407  12    0.00000   1   1.019E+05  0.000E+00  6.500E-02  2.930E+02  2.930E+02
   0.12407  12    0.00316   2   1.019E+05 -1.282E-07  6.502E-02  2.942E+02  2.930E+02
   0.12407  12    0.00947   3   1.019E+05 -1.311E-07  6.501E-02  2.967E+02  2.930E+02
   0.12407  12    0.01578   4   1.019E+05 -1.222E-07  6.500E-02  2.997E+02  2.930E+02
   0.12407  12    0.02209   5   1.019E+05 -1.241E-07  6.500E-02  3.034E+02  2.930E+02
   0.12407  12    0.02841   6   1.019E+05 -1.152E-07  6.500E-02  3.082E+02  2.930E+02
   0.12407  12    0.03472   7   1.019E+05 -1.099E-07  6.500E-02  3.142E+02  2.930E+02
   0.12407  12    0.04103   8   1.019E+05 -1.055E-07  6.500E-02  3.217E+02  2.930E+02
   0.12407  12    0.04734   9   1.019E+05 -1.028E-07  6.500E-02  3.306E+02  2.930E+02
   0.12407  12    0.05366  10   1.019E+05 -1.012E-07  6.500E-02  3.407E+02  2.930E+02
   0.12407  12    0.05997  11   1.018E+05 -1.005E-07  6.500E-02  3.516E+02  2.930E+02
   0.12407  12    0.06628  12   1.018E+05 -1.003E-07  6.500E-02  3.625E+02  2.930E+02
   0.12407  12    0.07259  13   1.018E+05 -1.004E-07  6.500E-02  3.726E+02  2.930E+02
   0.12407  12    0.07891  14   1.018E+05 -1.003E-07  6.500E-02  3.808E+02  2.930E+02
   0.12407  12    0.08522  15   1.018E+05 -9.990E-08  6.500E-02  3.862E+02  2.930E+02
   0.12407  12    0.09153  16   1.018E+05 -9.893E-08  6.500E-02  3.880E+02  2.930E+02
   0.12407  12    0.09784  17   1.018E+05 -9.721E-08  6.500E-02  3.862E+02  2.930E+02
   0.12407  12    0.10416  18   1.018E+05 -9.461E-08  6.500E-02  3.808E+02  2.930E+02
   0.12407  12    0.11047  19   1.018E+05 -9.111E-08  6.500E-02  3.726E+02  2.930E+02
   0.12407  12    0.11678  20   1.018E+05 -8.687E-08  6.500E-02  3.626E+02  2.930E+02
   0.12407  12    0.12309  21   1.018E+05 -8.198E-08  6.500E-02  3.516E+02  2.930E+02
   0.12407  12    0.12941  22   1.018E+05 -7.670E-08  6.500E-02  3.407E+02  2.930E+02
   0.12407  12    0.13572  23   1.018E+05 -7.123E-08  6.500E-02  3.306E+02  2.930E+02
   0.12407  12    0.14203  24   1.017E+05 -6.586E-08  6.500E-02  3.218E+02  2.930E+02
   0.12407  12    0.14834  25   1.017E+05 -6.082E-08  6.500E-02  3.144E+02  2.930E+02
   0.12407  12    0.15466  26   1.017E+05 -5.633E-08  6.500E-02  3.085E+02  2.930E+02
   0.12407  12    0.16097  27   1.017E+05 -5.260E-08  6.500E-02  3.039E+02  2.930E+02
   0.12407  12    0.16728  28   1.017E+05 -4.976E-08  6.500E-02  3.005E+02  2.930E+02
   0.12407  12    0.17359  29   1.017E+05 -4.793E-08  6.500E-02  2.981E+02  2.930E+02
   0.12407  12    0.17991  30   1.017E+05 -4.731E-08  6.500E-02  2.964E+02  2.930E+02
   0.12407  12    0.18622  31   1.017E+05 -4.812E-08  6.500E-02  2.952E+02  2.930E+02
   0.12407  12    0.19253  32   1.017E+05 -5.057E-08  6.500E-02  2.944E+02  2.930E+02
   0.12407  12    0.19884  33   1.017E+05 -5.493E-08  6.500E-02  2.939E+02  2.930E+02
   0.12407  12    0.20516  34   1.017E+05 -6.144E-08  6.500E-02  2.935E+02  2.930E+02
   0.12407  12    0.21147  35   1.017E+05 -7.014E-08  6.500E-02  2.933E+02  2.930E+02
   0.12407  12    0.21778  36   1.017E+05 -8.027E-08  6.500E-02  2.932E+02  2.930E+02
   0.12407  12    0.22409  37   1.017E+05 -9.277E-08  6.500E-02  2.931E+02  2.930E+02
   0.12407  12    0.23041  38   1.016E+05 -8.304E-08  6.500E-02  2.931E+02  2.930E+02
   0.12407  12    0.23672  39   1.016E+05 -1.373E-07  6.500E-02  2.930E+02  2.930E+02
   0.12407  12    0.24303  40   1.016E+05  3.967E-07  6.499E-02  2.930E+02  2.930E+02
   0.12407  12    0.24934  41   1.016E+05 -1.787E-06  6.499E-02  2.930E+02  2.930E+02
   0.12407  12    0.25566  42   1.016E+05 -2.319E-05  6.499E-02  2.930E+02  2.930E+02
   0.12407  12    0.26197  43   1.016E+05 -2.183E-06  6.500E-02  2.930E+02  2.930E+02
   0.12407  12    0.26828  44   1.016E+05 -2.076E-07  6.500E-02  2.930E+02  2.930E+02
   0.12407  12    0.27459  45   1.016E+05 -5.854E-07  6.500E-02  2.930E+02  2.930E+02
   0.12407  12    0.28091  46   1.016E+05 -3.897E-07  6.500E-02  2.930E+02  2.930E+02
   0.12407  12    0.28722  47   1.016E+05 -3.748E-07  6.500E-02  2.930E+02  2.930E+02
   0.12407  12    0.29353  48   1.016E+05 -3.106E-07  6.500E-02  2.930E+02  2.930E+02
   0.12407  12    0.29984  49   1.016E+05 -3.421E-07  6.500E-02  2.930E+02  2.930E+02
   0.12407  12    0.30616  50   1.016E+05 -3.399E-07  6.500E-02  2.930E+02  2.930E+02
   0.12407  12    0.31247  51   1.015E+05 -4.085E-07  6.500E-02  2.930E+02  2.930E+02
   0.12407  12    0.31878  52   1.015E+05 -4.441E-07  6.500E-02  2.930E+02  2.930E+02
   0.12407  12    0.32509  53   1.015E+05 -4.807E-07  6.500E-02  2.930E+02  2.930E+02
   0.12407  12    0.33141  54   1.015E+05 -3.324E-07  6.500E-02  2.930E+02  2.930E+02
   0.12407  12    0.33772  55   1.015E+05 -7.281E-07  6.500E-02  2.930E+02  2.930E+02
   0.12407  12    0.34403  56   1.015E+05 -8.269E-07  6.500E-02  2.930E+02  2.930E+02
   0.12407  12    0.35034  57   1.015E+05 -1.175E-06  6.500E-02  2.930E+02  2.930E+02
   0.12407  12    0.35666  58   1.015E+05 -1.416E-06  6.500E-02  2.930E+02  2.930E+02
   0.12407  12    0.36297  59   1.015E+05 -8.851E-07  6.501E-02  2.930E+02  2.930E+02
   0.12407  12    0.36928  60   1.015E+05 -3.957E-07  6.500E-02  2.930E+02  2.930E+02
   0.12407  12    0.37559  61   1.015E+05 -2.574E-07  6.500E-02  2.930E+02  2.930E+02
   0.12407  12    0.38191  62   1.015E+05 -1.562E-07  6.500E-02  2.930E+02  2.930E+02
   0.12407  12    0.38822  63   1.015E+05 -1.061E-07  6.500E-02  2.930E+02  2.930E+02
   0.12407  12    0.39453  64   1.015E+05 -7.478E-08  6.500E-02  2.930E+02  2.930E+02
   0.12407  12    0.40084  65   1.014E+05 -5.526E-08  6.500E-02  2.930E+02  2.930E+02
   0.12407  12    0.40716  66   1.014E+05 -4.217E-08  6.500E-02  2.930E+02  2.930E+02
   0.12407  12    0.41347  67   1.014E+05 -3.302E-08  6.500E-02  2.930E+02  2.930E+02
   0.12407  12    0.41978  68   1.014E+05 -2.637E-08  6.500E-02  2.930E+02  2.930E+02
   0.12407  12    0.42609  69   1.014E+05 -2.137E-08  6.500E-02  2.930E+02  2.930E+02
   0.12407  12    0.43241  70   1.014E+05 -1.750E-08  6.500E-02  2.930E+02  2.930E+02
   0.12407  12    0.43872  71   1.014E+05 -1.441E-08  6.500E-02  2.930E+02  2.930E+02
   0.12407  12    0.44503  72   1.014E+05 -1.188E-08  6.500E-02  2.930E+02  2.930E+02
   0.12407  12    0.45134  73   1.014E+05 -9.802E-09  6.500E-02  2.930E+02  2.930E+02
   0.12407  12    0.45766  74   1.014E+05 -8.109E-09  6.500E-02  2.930E+02  2.930E+02
   0.12407  12    0.46397  75   1.014E+05 -6.692E-09  6.500E-02  2.930E+02  2.930E+02
   0.12407  12    0.47028  76   1.014E+05 -5.440E-09  6.501E-02  2.930E+02  2.930E+02
   0.12407  12    0.47659  77   1.014E+05 -4.345E-09  6.500E-02  2.930E+02  2.930E+02
   0.12407  12    0.48291  78   1.014E+05 -3.403E-09  6.500E-02  2.930E+02  2.930E+02
   0.12407  12    0.48922  79   1.013E+05 -2.572E-09  6.500E-02  2.930E+02  2.930E+02
   0.12407  12    0.49553  80   1.013E+05 -1.728E-09  6.500E-02  2.930E+02  2.930E+02
   0.12407  12    0.50184  81   1.013E+05 -1.249E-09  6.500E-02  2.930E+02  2.930E+02
   0.12407  12    0.50500  82   1.013E+05  0.000E+00  6.500E-02  2.930E+02  2.930E+02
