# xp i yp j p u v ts tf
   0.00000   1    0.00000   1   1.013E+05 -3.341E-09  1.167E-04  2.930E+02  3.773E+02
   0.00000   1    0.00316   2   1.013E+05 -3.341E-09  1.167E-04  2.930E+02  3.773E+02
   0.00000   1    0.00947   3   1.013E+05 -3.433E-09  3.539E-04  2.930E+02  5.475E+02
   0.00000   1    0.01578   4   1.013E+05 -3.597E-09  6.024E-04  2.930E+02  7.222E+02
   0.00000   1    0.02209   5   1.013E+05 -3.848E-09  8.701E-04  2.930E+02  9.046E+02
   0.00000   1    0.02841   6   1.013E+05 -4.183E-09  1.166E-03  2.930E+02  1.098E+03
   0.00000   1    0.03472   7   1.013E+05 -4.588E-09  1.498E-03  2.930E+02  1.305E+03
   0.00000   1    0.04103   8   1.013E+05 -5.046E-09  1.879E-03  2.930E+02  1.530E+03
   0.00000   1    0.04734   9   1.013E+05 -5.534E-09  2.320E-03  2.930E+02  1.775E+03
   0.00000   1    0.05366  10   1.013E+05 -6.020E-09  2.835E-03  2.930E+02  2.044E+03
   0.00000   1    0.05997  11   1.013E+05 -6.451E-09  3.440E-03  2.930E+02  2.340E+03
   0.00000   1    0.06628  12   1.013E+05 -6.732E-09  4.157E-03  2.930E+02  2.668E+03
   0.00000   1    0.07259  13   1.013E+05 -6.726E-09  5.002E-03  2.930E+02  3.029E+03
   0.00000   1    0.07891  14   1.013E+05 -6.064E-09  6.029E-03  2.932E+02  3.428E+03
   0.00000   1    0.08522  15   1.013E+05 -4.713E-09  7.119E-03  2.950E+02  3.866E+03
   0.00000   1    0.09153  16   1.013E+05 -1.830E-10  9.196E-03  3.091E+02  4.346E+03
   0.00000   1    0.09784  17   1.013E+05  4.335E-09  7.136E-03  2.950E+02  3.886E+03
   0.00000   1    0.10416  18   1.013E+05  5.654E-09  6.065E-03  2.932E+02  3.468E+03
   0.00000   1    0.11047  19   1.013E+05  6.270E-09  5.057E-03  2.930E+02  3.090E+03
   0.00000   1    0.11678  20   1.013E+05  6.209E-09  4.233E-03  2.930E+02  2.752E+03
   0.00000   1    0.12309  21   1.013E+05  5.851E-09  3.540E-03  2.930E+02  2.449E+03
   0.00000   1    0.12941  22   1.013E+05  5.340E-09  2.961E-03  2.930E+02  2.179E+03
   0.00000   1    0.13572  23   1.013E+05  4.778E-09  2.477E-03  2.930E+02  1.940E+03
   0.00000   1    0.14203  24   1.013E+05  4.216E-09  2.072E-03  2.930E+02  1.729E+03
   0.00000   1    0.14834  25   1.013E+05  3.683E-09  1.733E-03  2.930E+02  1.543E+03
   0.00000   1    0.15466  26   1.013E+05  3.193E-09  1.450E-03  2.930E+02  1.379E+03
   0.00000   1    0.16097  27   1.013E+05  2.753E-09  1.213E-03  2.930E+02  1.235E+03
   0.00000   1    0.16728  28   1.013E+05  2.362E-09  1.014E-03  2.930E+02  1.110E+03
   0.00000   1    0.17359  29   1.013E+05  2.018E-09  8.485E-04  2.930E+02  1.000E+03
   0.00000   1    0.17991  30   1.013E+05  1.718E-09  7.098E-04  2.930E+02  9.043E+02
   0.00000   1    0.18622  31   1.013E+05  1.457E-09  5.937E-04  2.930E+02  8.210E+02
   0.00000   1    0.19253  32   1.013E+05  1.230E-09  4.966E-04  2.930E+02  7.485E+02
   0.00000   1    0.19884  33   1.013E+05  1.035E-09  4.154E-04  2.930E+02  6.857E+02
   0.00000   1    0.20516  34   1.013E+05  8.695E-10  3.475E-04  2.930E+02  6.312E+02
   0.00000   1    0.21147  35   1.013E+05  7.293E-10  2.907E-04  2.930E+02  5.841E+02
   0.00000   1    0.21778  36   1.013E+05  6.119E-10  2.431E-04  2.930E+02  5.433E+02
   0.00000   1    0.22409  37   1.013E+05  5.140E-10  2.034E-04  2.930E+02  5.081E+02
   0.00000   1    0.23041  38   1.013E+05  4.324E-10  1.701E-04  2.930E+02  4.777E+02
   0.00000   1    0.23672  39   1.013E+05  3.638E-10  1.423E-04  2.930E+02  4.514E+02
   0.00000   1    0.24303  40   1.013E+05  3.056E-10  1.190E-04  2.930E+02  4.289E+02
   0.00000   1    0.24934  41   1.013E+05  2.557E-10  9.957E-05  2.930E+02  4.094E+02
   0.00000   1    0.25566  42   1.013E+05  2.128E-10  8.329E-05  2.930E+02  3.927E+02
   0.00000   1    0.26197  43   1.013E+05  1.761E-10  6.967E-05  2.930E+02  3.784E+02
   0.00000   1    0.26828  44   1.013E+05  1.451E-10  5.828E-05  2.930E+02  3.661E+02
   0.00000   1    0.27459  45   1.013E+05  1.193E-10  4.875E-05  2.930E+02  3.555E+02
   0.00000   1    0.28091  46   1.013E+05  9.802E-11  4.078E-05  2.930E+02  3.464E+02
   0.00000   1    0.28722  47   1.013E+05  8.063E-11  3.411E-05  2.930E+02  3.386E+02
   0.00000   1    0.29353  48   1.013E+05  6.646E-11  2.853E-05  2.930E+02  3.320E+02
   0.00000   1    0.29984  49   1.013E+05  5.450E-11  2.386E-05  2.930E+02  3.263E+02
   0.00000   1    0.30616  50   1.013E+05  4.438E-11  1.996E-05  2.930E+02  3.214E+02
   0.00000   1    0.31247  51   1.013E+05  3.570E-11  1.670E-05  2.930E+02  3.172E+02
   0.00000   1    0.31878  52   1.013E+05  2.839E-11  1.397E-05  2.930E+02  3.136E+02
   0.00000   1    0.32509  53   1.013E+05  2.244E-11  1.168E-05  2.930E+02  3.106E+02
   0.00000   1    0.33141  54   1.013E+05  1.781E-11  9.774E-06  2.930E+02  3.080E+02
   0.00000   1    0.33772  55   1.013E+05  1.445E-11  8.176E-06  2.930E+02  3.058E+02
   0.00000   1    0.34403  56   1.013E+05  1.202E-11  6.839E-06  2.930E+02  3.039E+02
   0.00000   1    0.35034  57   1.013E+05  1.029E-11  5.721E-06  2.930E+02  3.023E+02
   0.00000   1    0.35666  58   1.013E+05  8.943E-12  4.786E-06  2.930E+02  3.009E+02
   0.00000   1    0.36297  59   1.013E+05  7.559E-12  4.004E-06  2.930E+02  2.997E+02
   0.00000   1    0.36928  60   1.013E+05  6.245E-12  3.349E-06  2.930E+02  2.987E+02
   0.00000   1    0.37559  61   1.013E+05  5.056E-12  2.802E-06  2.930E+02  2.979E+02
   0.00000   1    0.38191  62   1.013E+05  3.992E-12  2.345E-06  2.930E+02  2.971E+02
   0.00000   1    0.38822  63   1.013E+05  3.138E-12  1.962E-06  2.930E+02  2.965E+02
   0.00000   1    0.39453  64   1.013E+05  2.736E-12  1.642E-06  2.930E+02  2.960E+02
   0.00000   1    0.40084  65   1.013E+05  2.628E-12  1.375E-06  2.930E+02  2.955E+02
   0.00000   1    0.40716  66   1.013E+05  2.715E-12  1.151E-06  2.930E+02  2.952E+02
   0.00000   1    0.41347  67   1.013E+05  2.915E-12  9.647E-07  2.930E+02  2.948E+02
   0.00000   1    0.41978  68   1.013E+05  3.037E-12  8.089E-07  2.930E+02  2.946E+02
   0.00000   1    0.42609  69   1.013E+05  2.942E-12  6.789E-07  2.930E+02  2.943E+02
   0.00000   1    0.43241  70   1.013E+05  2.545E-12  5.707E-07  2.930E+02  2.941E+02
   0.00000   1    0.43872  71   1.013E+05  2.020E-12  4.807E-07  2.930E+02  2.940E+02
   0.00000   1    0.44503  72   1.013E+05  1.342E-12  4.060E-07  2.930E+02  2.938E+02
   0.00000   1    0.45134  73   1.013E+05  7.276E-13  3.444E-07  2.930E+02  2.937E+02
   0.00000   1    0.45766  74   1.013E+05  3.284E-13  2.937E-07  2.930E+02  2.936E+02
   0.00000   1    0.46397  75   1.013E+05  2.361E-13  2.525E-07  2.930E+02  2.935E+02
   0.00000   1    0.47028  76   1.013E+05  4.250E-13  2.193E-07  2.930E+02  2.935E+02
   0.00000   1    0.47659  77   1.013E+05  6.880E-13  1.930E-07  2.930E+02  2.934E+02
   0.00000   1    0.48291  78   1.013E+05  1.061E-12  1.739E-07  2.930E+02  2.934E+02
   0.00000   1    0.48922  79   1.013E+05  1.316E-12  1.544E-07  2.930E+02  2.934E+02
   0.00000   1    0.49553  80   1.013E+05  1.300E-12  1.741E-07  2.930E+02  2.933E+02
   0.00000   1    0.50184  81   1.013E+05  1.275E-12  3.788E-12  2.930E+02  2.933E+02
   0.00000   1    0.50500  82   1.013E+05  1.275E-12  3.788E-12  2.930E+02  2.933E+02
   0.00620   2    0.00000   1   1.013E+05  0.000E+00  0.000E+00  2.930E+02  2.930E+02
   0.00620   2    0.00316   2   1.013E+05 -3.341E-09  1.167E-04  2.930E+02  3.773E+02
   0.00620   2    0.00947   3   1.013E+05 -3.433E-09  3.539E-04  2.930E+02  5.475E+02
   0.00620   2    0.01578   4   1.013E+05 -3.597E-09  6.024E-04  2.930E+02  7.222E+02
   0.00620   2    0.02209   5   1.013E+05 -3.848E-09  8.701E-04  2.930E+02  9.046E+02
   0.00620   2    0.02841   6   1.013E+05 -4.183E-09  1.166E-03  2.930E+02  1.098E+03
   0.00620   2    0.03472   7   1.013E+05 -4.588E-09  1.498E-03  2.930E+02  1.305E+03
   0.00620   2    0.04103   8   1.013E+05 -5.046E-09  1.879E-03  2.930E+02  1.530E+03
   0.00620   2    0.04734   9   1.013E+05 -5.534E-09  2.320E-03  2.930E+02  1.775E+03
   0.00620   2    0.05366  10   1.013E+05 -6.020E-09  2.835E-03  2.930E+02  2.044E+03
   0.00620   2    0.05997  11   1.013E+05 -6.451E-09  3.440E-03  2.930E+02  2.340E+03
   0.00620   2    0.06628  12   1.013E+05 -6.732E-09  4.157E-03  2.930E+02  2.668E+03
   0.00620   2    0.07259  13   1.013E+05 -6.726E-09  5.002E-03  2.930E+02  3.029E+03
   0.00620   2    0.07891  14   1.013E+05 -6.064E-09  6.029E-03  2.932E+02  3.428E+03
   0.00620   2    0.08522  15   1.013E+05 -4.713E-09  7.119E-03  2.950E+02  3.866E+03
   0.00620   2    0.09153  16   1.013E+05 -1.830E-10  9.196E-03  3.091E+02  4.346E+03
   0.00620   2    0.09784  17   1.013E+05  4.335E-09  7.136E-03  2.950E+02  3.886E+03
   0.00620   2    0.10416  18   1.013E+05  5.654E-09  6.065E-03  2.932E+02  3.468E+03
   0.00620   2    0.11047  19   1.013E+05  6.270E-09  5.057E-03  2.930E+02  3.090E+03
   0.00620   2    0.11678  20   1.013E+05  6.209E-09  4.233E-03  2.930E+02  2.752E+03
   0.00620   2    0.12309  21   1.013E+05  5.851E-09  3.540E-03  2.930E+02  2.449E+03
   0.00620   2    0.12941  22   1.013E+05  5.340E-09  2.961E-03  2.930E+02  2.179E+03
   0.00620   2    0.13572  23   1.013E+05  4.778E-09  2.477E-03  2.930E+02  1.940E+03
   0.00620   2    0.14203  24   1.013E+05  4.216E-09  2.072E-03  2.930E+02  1.729E+03
   0.00620   2    0.14834  25   1.013E+05  3.683E-09  1.733E-03  2.930E+02  1.543E+03
   0.00620   2    0.15466  26   1.013E+05  3.193E-09  1.450E-03  2.930E+02  1.379E+03
   0.00620   2    0.16097  27   1.013E+05  2.753E-09  1.213E-03  2.930E+02  1.235E+03
   0.00620   2    0.16728  28   1.013E+05  2.362E-09  1.014E-03  2.930E+02  1.110E+03
   0.00620   2    0.17359  29   1.013E+05  2.018E-09  8.485E-04  2.930E+02  1.000E+03
   0.00620   2    0.17991  30   1.013E+05  1.718E-09  7.098E-04  2.930E+02  9.043E+02
   0.00620   2    0.18622  31   1.013E+05  1.457E-09  5.937E-04  2.930E+02  8.210E+02
   0.00620   2    0.19253  32   1.013E+05  1.230E-09  4.966E-04  2.930E+02  7.485E+02
   0.00620   2    0.19884  33   1.013E+05  1.035E-09  4.154E-04  2.930E+02  6.857E+02
   0.00620   2    0.20516  34   1.013E+05  8.695E-10  3.475E-04  2.930E+02  6.312E+02
   0.00620   2    0.21147  35   1.013E+05  7.293E-10  2.907E-04  2.930E+02  5.841E+02
   0.00620   2    0.21778  36   1.013E+05  6.119E-10  2.431E-04  2.930E+02  5.433E+02
   0.00620   2    0.22409  37   1.013E+05  5.140E-10  2.034E-04  2.930E+02  5.081E+02
   0.00620   2    0.23041  38   1.013E+05  4.324E-10  1.701E-04  2.930E+02  4.777E+02
   0.00620   2    0.23672  39   1.013E+05  3.638E-10  1.423E-04  2.930E+02  4.514E+02
   0.00620   2    0.24303  40   1.013E+05  3.056E-10  1.190E-04  2.930E+02  4.289E+02
   0.00620   2    0.24934  41   1.013E+05  2.557E-10  9.957E-05  2.930E+02  4.094E+02
   0.00620   2    0.25566  42   1.013E+05  2.128E-10  8.329E-05  2.930E+02  3.927E+02
   0.00620   2    0.26197  43   1.013E+05  1.761E-10  6.967E-05  2.930E+02  3.784E+02
   0.00620   2    0.26828  44   1.013E+05  1.451E-10  5.828E-05  2.930E+02  3.661E+02
   0.00620   2    0.27459  45   1.013E+05  1.193E-10  4.875E-05  2.930E+02  3.555E+02
   0.00620   2    0.28091  46   1.013E+05  9.802E-11  4.078E-05  2.930E+02  3.464E+02
   0.00620   2    0.28722  47   1.013E+05  8.063E-11  3.411E-05  2.930E+02  3.386E+02
   0.00620   2    0.29353  48   1.013E+05  6.646E-11  2.853E-05  2.930E+02  3.320E+02
   0.00620   2    0.29984  49   1.013E+05  5.450E-11  2.386E-05  2.930E+02  3.263E+02
   0.00620   2    0.30616  50   1.013E+05  4.438E-11  1.996E-05  2.930E+02  3.214E+02
   0.00620   2    0.31247  51   1.013E+05  3.570E-11  1.670E-05  2.930E+02  3.172E+02
   0.00620   2    0.31878  52   1.013E+05  2.839E-11  1.397E-05  2.930E+02  3.136E+02
   0.00620   2    0.32509  53   1.013E+05  2.244E-11  1.168E-05  2.930E+02  3.106E+02
   0.00620   2    0.33141  54   1.013E+05  1.781E-11  9.774E-06  2.930E+02  3.080E+02
   0.00620   2    0.33772  55   1.013E+05  1.445E-11  8.176E-06  2.930E+02  3.058E+02
   0.00620   2    0.34403  56   1.013E+05  1.202E-11  6.839E-06  2.930E+02  3.039E+02
   0.00620   2    0.35034  57   1.013E+05  1.029E-11  5.721E-06  2.930E+02  3.023E+02
   0.00620   2    0.35666  58   1.013E+05  8.943E-12  4.786E-06  2.930E+02  3.009E+02
   0.00620   2    0.36297  59   1.013E+05  7.559E-12  4.004E-06  2.930E+02  2.997E+02
   0.00620   2    0.36928  60   1.013E+05  6.245E-12  3.349E-06  2.930E+02  2.987E+02
   0.00620   2    0.37559  61   1.013E+05  5.056E-12  2.802E-06  2.930E+02  2.979E+02
   0.00620   2    0.38191  62   1.013E+05  3.992E-12  2.345E-06  2.930E+02  2.971E+02
   0.00620   2    0.38822  63   1.013E+05  3.138E-12  1.962E-06  2.930E+02  2.965E+02
   0.00620   2    0.39453  64   1.013E+05  2.736E-12  1.642E-06  2.930E+02  2.960E+02
   0.00620   2    0.40084  65   1.013E+05  2.628E-12  1.375E-06  2.930E+02  2.955E+02
   0.00620   2    0.40716  66   1.013E+05  2.715E-12  1.151E-06  2.930E+02  2.952E+02
   0.00620   2    0.41347  67   1.013E+05  2.915E-12  9.647E-07  2.930E+02  2.948E+02
   0.00620   2    0.41978  68   1.013E+05  3.037E-12  8.089E-07  2.930E+02  2.946E+02
   0.00620   2    0.42609  69   1.013E+05  2.942E-12  6.789E-07  2.930E+02  2.943E+02
   0.00620   2    0.43241  70   1.013E+05  2.545E-12  5.707E-07  2.930E+02  2.941E+02
   0.00620   2    0.43872  71   1.013E+05  2.020E-12  4.807E-07  2.930E+02  2.940E+02
   0.00620   2    0.44503  72   1.013E+05  1.342E-12  4.060E-07  2.930E+02  2.938E+02
   0.00620   2    0.45134  73   1.013E+05  7.276E-13  3.444E-07  2.930E+02  2.937E+02
   0.00620   2    0.45766  74   1.013E+05  3.284E-13  2.937E-07  2.930E+02  2.936E+02
   0.00620   2    0.46397  75   1.013E+05  2.361E-13  2.525E-07  2.930E+02  2.935E+02
   0.00620   2    0.47028  76   1.013E+05  4.250E-13  2.193E-07  2.930E+02  2.935E+02
   0.00620   2    0.47659  77   1.013E+05  6.880E-13  1.930E-07  2.930E+02  2.934E+02
   0.00620   2    0.48291  78   1.013E+05  1.061E-12  1.739E-07  2.930E+02  2.934E+02
   0.00620   2    0.48922  79   1.013E+05  1.316E-12  1.544E-07  2.930E+02  2.934E+02
   0.00620   2    0.49553  80   1.013E+05  1.300E-12  1.741E-07  2.930E+02  2.933E+02
   0.00620   2    0.50184  81   1.013E+05  1.275E-12  3.788E-12  2.930E+02  2.933E+02
   0.00620   2    0.50500  82   1.013E+05  0.000E+00  3.788E-12  2.930E+02  2.933E+02
   0.01861   3    0.00000   1   1.013E+05  0.000E+00  0.000E+00  2.930E+02  2.930E+02
   0.01861   3    0.00316   2   1.013E+05 -5.107E-09  1.167E-04  2.930E+02  3.773E+02
   0.01861   3    0.00947   3   1.013E+05 -5.252E-09  3.539E-04  2.930E+02  5.475E+02
   0.01861   3    0.01578   4   1.013E+05 -5.440E-09  6.024E-04  2.930E+02  7.222E+02
   0.01861   3    0.02209   5   1.013E+05 -5.715E-09  8.701E-04  2.930E+02  9.046E+02
   0.01861   3    0.02841   6   1.013E+05 -6.106E-09  1.166E-03  2.930E+02  1.098E+03
   0.01861   3    0.03472   7   1.013E+05 -6.615E-09  1.498E-03  2.930E+02  1.305E+03
   0.01861   3    0.04103   8   1.013E+05 -7.220E-09  1.879E-03  2.930E+02  1.530E+03
   0.01861   3    0.04734   9   1.013E+05 -7.880E-09  2.320E-03  2.930E+02  1.775E+03
   0.01861   3    0.05366  10   1.013E+05 -8.529E-09  2.835E-03  2.930E+02  2.044E+03
   0.01861   3    0.05997  11   1.013E+05 -9.069E-09  3.440E-03  2.930E+02  2.340E+03
   0.01861   3    0.06628  12   1.013E+05 -9.341E-09  4.157E-03  2.930E+02  2.668E+03
   0.01861   3    0.07259  13   1.013E+05 -9.135E-09  5.002E-03  2.930E+02  3.029E+03
   0.01861   3    0.07891  14   1.013E+05 -7.993E-09  6.029E-03  2.932E+02  3.428E+03
   0.01861   3    0.08522  15   1.013E+05 -5.874E-09  7.119E-03  2.950E+02  3.866E+03
   0.01861   3    0.09153  16   1.013E+05 -2.200E-10  9.196E-03  3.091E+02  4.346E+03
   0.01861   3    0.09784  17   1.013E+05  5.433E-09  7.136E-03  2.950E+02  3.886E+03
   0.01861   3    0.10416  18   1.013E+05  7.539E-09  6.065E-03  2.932E+02  3.468E+03
   0.01861   3    0.11047  19   1.013E+05  8.648E-09  5.057E-03  2.930E+02  3.090E+03
   0.01861   3    0.11678  20   1.013E+05  8.840E-09  4.233E-03  2.930E+02  2.752E+03
   0.01861   3    0.12309  21   1.013E+05  8.564E-09  3.540E-03  2.930E+02  2.449E+03
   0.01861   3    0.12941  22   1.013E+05  8.004E-09  2.961E-03  2.930E+02  2.179E+03
   0.01861   3    0.13572  23   1.013E+05  7.301E-09  2.477E-03  2.930E+02  1.940E+03
   0.01861   3    0.14203  24   1.013E+05  6.548E-09  2.072E-03  2.930E+02  1.729E+03
   0.01861   3    0.14834  25   1.013E+05  5.801E-09  1.733E-03  2.930E+02  1.543E+03
   0.01861   3    0.15466  26   1.013E+05  5.089E-09  1.450E-03  2.930E+02  1.379E+03
   0.01861   3    0.16097  27   1.013E+05  4.431E-09  1.213E-03  2.930E+02  1.235E+03
   0.01861   3    0.16728  28   1.013E+05  3.834E-09  1.014E-03  2.930E+02  1.110E+03
   0.01861   3    0.17359  29   1.013E+05  3.302E-09  8.485E-04  2.930E+02  1.000E+03
   0.01861   3    0.17991  30   1.013E+05  2.836E-09  7.098E-04  2.930E+02  9.043E+02
   0.01861   3    0.18622  31   1.013E+05  2.431E-09  5.937E-04  2.930E+02  8.210E+02
   0.01861   3    0.19253  32   1.013E+05  2.083E-09  4.966E-04  2.930E+02  7.485E+02
   0.01861   3    0.19884  33   1.013E+05  1.785E-09  4.154E-04  2.930E+02  6.857E+02
   0.01861   3    0.20516  34   1.013E+05  1.531E-09  3.475E-04  2.930E+02  6.312E+02
   0.01861   3    0.21147  35   1.013E+05  1.313E-09  2.907E-04  2.930E+02  5.841E+02
   0.01861   3    0.21778  36   1.013E+05  1.125E-09  2.431E-04  2.930E+02  5.433E+02
   0.01861   3    0.22409  37   1.013E+05  9.612E-10  2.034E-04  2.930E+02  5.081E+02
   0.01861   3    0.23041  38   1.013E+05  8.181E-10  1.701E-04  2.930E+02  4.777E+02
   0.01861   3    0.23672  39   1.013E+05  6.929E-10  1.423E-04  2.930E+02  4.514E+02
   0.01861   3    0.24303  40   1.013E+05  5.844E-10  1.190E-04  2.930E+02  4.289E+02
   0.01861   3    0.24934  41   1.013E+05  4.913E-10  9.957E-05  2.930E+02  4.094E+02
   0.01861   3    0.25566  42   1.013E+05  4.125E-10  8.329E-05  2.930E+02  3.927E+02
   0.01861   3    0.26197  43   1.013E+05  3.466E-10  6.967E-05  2.930E+02  3.784E+02
   0.01861   3    0.26828  44   1.013E+05  2.917E-10  5.828E-05  2.930E+02  3.661E+02
   0.01861   3    0.27459  45   1.013E+05  2.458E-10  4.875E-05  2.930E+02  3.555E+02
   0.01861   3    0.28091  46   1.013E+05  2.068E-10  4.077E-05  2.930E+02  3.464E+02
   0.01861   3    0.28722  47   1.013E+05  1.732E-10  3.411E-05  2.930E+02  3.386E+02
   0.01861   3    0.29353  48   1.013E+05  1.442E-10  2.853E-05  2.930E+02  3.320E+02
   0.01861   3    0.29984  49   1.013E+05  1.191E-10  2.386E-05  2.930E+02  3.263E+02
   0.01861   3    0.30616  50   1.013E+05  9.781E-11  1.996E-05  2.930E+02  3.214E+02
   0.01861   3    0.31247  51   1.013E+05  8.024E-11  1.670E-05  2.930E+02  3.172E+02
   0.01861   3    0.31878  52   1.013E+05  6.612E-11  1.397E-05  2.930E+02  3.136E+02
   0.01861   3    0.32509  53   1.013E+05  5.502E-11  1.168E-05  2.930E+02  3.106E+02
   0.01861   3    0.33141  54   1.013E+05  4.640E-11  9.774E-06  2.930E+02  3.080E+02
   0.01861   3    0.33772  55   1.013E+05  3.955E-11  8.176E-06  2.930E+02  3.058E+02
   0.01861   3    0.34403  56   1.013E+05  3.384E-11  6.839E-06  2.930E+02  3.039E+02
   0.01861   3    0.35034  57   1.013E+05  2.888E-11  5.721E-06  2.930E+02  3.023E+02
   0.01861   3    0.35666  58   1.013E+05  2.464E-11  4.786E-06  2.930E+02  3.009E+02
   0.01861   3    0.36297  59   1.013E+05  2.105E-11  4.004E-06  2.930E+02  2.997E+02
   0.01861   3    0.36928  60   1.013E+05  1.822E-11  3.349E-06  2.930E+02  2.987E+02
   0.01861   3    0.37559  61   1.013E+05  1.637E-11  2.802E-06  2.930E+02  2.979E+02
   0.01861   3    0.38191  62   1.013E+05  1.511E-11  2.345E-06  2.930E+02  2.971E+02
   0.01861   3    0.38822  63   1.013E+05  1.429E-11  1.962E-06  2.930E+02  2.965E+02
   0.01861   3    0.39453  64   1.013E+05  1.359E-11  1.642E-06  2.930E+02  2.960E+02
   0.01861   3    0.40084  65   1.013E+05  1.265E-11  1.375E-06  2.930E+02  2.955E+02
   0.01861   3    0.40716  66   1.013E+05  1.134E-11  1.151E-06  2.930E+02  2.952E+02
   0.01861   3    0.41347  67   1.013E+05  9.590E-12  9.647E-07  2.930E+02  2.948E+02
   0.01861   3    0.41978  68   1.013E+05  7.623E-12  8.089E-07  2.930E+02  2.946E+02
   0.01861   3    0.42609  69   1.013E+05  5.746E-12  6.789E-07  2.930E+02  2.943E+02
   0.01861   3    0.43241  70   1.013E+05  4.143E-12  5.707E-07  2.930E+02  2.941E+02
   0.01861   3    0.43872  71   1.013E+05  3.180E-12  4.807E-07  2.930E+02  2.940E+02
   0.01861   3    0.44503  72   1.013E+05  2.798E-12  4.060E-07  2.930E+02  2.938E+02
   0.01861   3    0.45134  73   1.013E+05  3.075E-12  3.444E-07  2.930E+02  2.937E+02
   0.01861   3    0.45766  74   1.013E+05  3.689E-12  2.937E-07  2.930E+02  2.936E+02
   0.01861   3    0.46397  75   1.013E+05  4.393E-12  2.525E-07  2.930E+02  2.935E+02
   0.01861   3    0.47028  76   1.013E+05  4.987E-12  2.193E-07  2.930E+02  2.935E+02
   0.01861   3    0.47659  77   1.013E+05  5.157E-12  1.930E-07  2.930E+02  2.934E+02
   0.01861   3    0.48291  78   1.013E+05  4.889E-12  1.739E-07  2.930E+02  2.934E+02
   0.01861   3    0.48922  79   1.013E+05  4.170E-12  1.544E-07  2.930E+02  2.934E+02
   0.01861   3    0.49553  80   1.013E+05  3.083E-12  1.741E-07  2.930E+02  2.933E+02
   0.01861   3    0.50184  81   1.013E+05  2.524E-12 -1.901E-12  2.930E+02  2.933E+02
   0.01861   3    0.50500  82   1.013E+05  0.000E+00 -1.901E-12  2.930E+02  2.933E+02
   0.03102   4    0.00000   1   1.013E+05  0.000E+00  0.000E+00  2.930E+02  2.930E+02
   0.03102   4    0.00316   2   1.013E+05 -3.573E-09  1.167E-04  2.930E+02  3.773E+02
   0.03102   4    0.00947   3   1.013E+05 -3.694E-09  3.539E-04  2.930E+02  5.475E+02
   0.03102   4    0.01578   4   1.013E+05 -3.844E-09  6.024E-04  2.930E+02  7.222E+02
   0.03102   4    0.02209   5   1.013E+05 -4.003E-09  8.701E-04  2.930E+02  9.046E+02
   0.03102   4    0.02841   6   1.013E+05 -4.169E-09  1.166E-03  2.930E+02  1.098E+03
   0.03102   4    0.03472   7   1.013E+05 -4.338E-09  1.498E-03  2.930E+02  1.305E+03
   0.03102   4    0.04103   8   1.013E+05 -4.501E-09  1.879E-03  2.930E+02  1.530E+03
   0.03102   4    0.04734   9   1.013E+05 -4.640E-09  2.320E-03  2.930E+02  1.775E+03
   0.03102   4    0.05366  10   1.013E+05 -4.724E-09  2.835E-03  2.930E+02  2.044E+03
   0.03102   4    0.05997  11   1.013E+05 -4.706E-09  3.440E-03  2.930E+02  2.340E+03
   0.03102   4    0.06628  12   1.013E+05 -4.512E-09  4.157E-03  2.930E+02  2.668E+03
   0.03102   4    0.07259  13   1.013E+05 -4.041E-09  5.002E-03  2.930E+02  3.029E+03
   0.03102   4    0.07891  14   1.013E+05 -3.166E-09  6.029E-03  2.932E+02  3.428E+03
   0.03102   4    0.08522  15   1.013E+05 -1.889E-09  7.119E-03  2.950E+02  3.866E+03
   0.03102   4    0.09153  16   1.013E+05 -1.181E-10  9.196E-03  3.091E+02  4.346E+03
   0.03102   4    0.09784  17   1.013E+05  1.643E-09  7.136E-03  2.950E+02  3.886E+03
   0.03102   4    0.10416  18   1.013E+05  2.916E-09  6.065E-03  2.932E+02  3.468E+03
   0.03102   4    0.11047  19   1.013E+05  3.767E-09  5.057E-03  2.930E+02  3.090E+03
   0.03102   4    0.11678  20   1.013E+05  4.232E-09  4.233E-03  2.930E+02  2.752E+03
   0.03102   4    0.12309  21   1.013E+05  4.409E-09  3.540E-03  2.930E+02  2.449E+03
   0.03102   4    0.12941  22   1.013E+05  4.371E-09  2.961E-03  2.930E+02  2.179E+03
   0.03102   4    0.13572  23   1.013E+05  4.188E-09  2.477E-03  2.930E+02  1.940E+03
   0.03102   4    0.14203  24   1.013E+05  3.914E-09  2.072E-03  2.930E+02  1.729E+03
   0.03102   4    0.14834  25   1.013E+05  3.593E-09  1.733E-03  2.930E+02  1.543E+03
   0.03102   4    0.15466  26   1.013E+05  3.250E-09  1.450E-03  2.930E+02  1.379E+03
   0.03102   4    0.16097  27   1.013E+05  2.905E-09  1.213E-03  2.930E+02  1.235E+03
   0.03102   4    0.16728  28   1.013E+05  2.571E-09  1.014E-03  2.930E+02  1.110E+03
   0.03102   4    0.17359  29   1.013E+05  2.257E-09  8.485E-04  2.930E+02  1.000E+03
   0.03102   4    0.17991  30   1.013E+05  1.970E-09  7.098E-04  2.930E+02  9.043E+02
   0.03102   4    0.18622  31   1.013E+05  1.711E-09  5.937E-04  2.930E+02  8.210E+02
   0.03102   4    0.19253  32   1.013E+05  1.480E-09  4.966E-04  2.930E+02  7.485E+02
   0.03102   4    0.19884  33   1.013E+05  1.274E-09  4.154E-04  2.930E+02  6.857E+02
   0.03102   4    0.20516  34   1.013E+05  1.091E-09  3.475E-04  2.930E+02  6.312E+02
   0.03102   4    0.21147  35   1.013E+05  9.280E-10  2.907E-04  2.930E+02  5.841E+02
   0.03102   4    0.21778  36   1.013E+05  7.828E-10  2.431E-04  2.930E+02  5.433E+02
   0.03102   4    0.22409  37   1.013E+05  6.549E-10  2.034E-04  2.930E+02  5.081E+02
   0.03102   4    0.23041  38   1.013E+05  5.435E-10  1.701E-04  2.930E+02  4.777E+02
   0.03102   4    0.23672  39   1.013E+05  4.487E-10  1.423E-04  2.930E+02  4.514E+02
   0.03102   4    0.24303  40   1.013E+05  3.700E-10  1.190E-04  2.930E+02  4.289E+02
   0.03102   4    0.24934  41   1.013E+05  3.061E-10  9.957E-05  2.930E+02  4.094E+02
   0.03102   4    0.25566  42   1.013E+05  2.551E-10  8.329E-05  2.930E+02  3.927E+02
   0.03102   4    0.26197  43   1.013E+05  2.143E-10  6.967E-05  2.930E+02  3.784E+02
   0.03102   4    0.26828  44   1.013E+05  1.809E-10  5.828E-05  2.930E+02  3.661E+02
   0.03102   4    0.27459  45   1.013E+05  1.526E-10  4.875E-05  2.930E+02  3.555E+02
   0.03102   4    0.28091  46   1.013E+05  1.275E-10  4.077E-05  2.930E+02  3.464E+02
   0.03102   4    0.28722  47   1.013E+05  1.051E-10  3.411E-05  2.930E+02  3.386E+02
   0.03102   4    0.29353  48   1.013E+05  8.497E-11  2.853E-05  2.930E+02  3.320E+02
   0.03102   4    0.29984  49   1.013E+05  6.776E-11  2.386E-05  2.930E+02  3.263E+02
   0.03102   4    0.30616  50   1.013E+05  5.378E-11  1.996E-05  2.930E+02  3.214E+02
   0.03102   4    0.31247  51   1.013E+05  4.298E-11  1.670E-05  2.930E+02  3.172E+02
   0.03102   4    0.31878  52   1.013E+05  3.480E-11  1.397E-05  2.930E+02  3.136E+02
   0.03102   4    0.32509  53   1.013E+05  2.883E-11  1.168E-05  2.930E+02  3.106E+02
   0.03102   4    0.33141  54   1.013E+05  2.403E-11  9.774E-06  2.930E+02  3.080E+02
   0.03102   4    0.33772  55   1.013E+05  2.005E-11  8.176E-06  2.930E+02  3.058E+02
   0.03102   4    0.34403  56   1.013E+05  1.622E-11  6.839E-06  2.930E+02  3.039E+02
   0.03102   4    0.35034  57   1.013E+05  1.294E-11  5.721E-06  2.930E+02  3.023E+02
   0.03102   4    0.35666  58   1.013E+05  1.013E-11  4.786E-06  2.930E+02  3.009E+02
   0.03102   4    0.36297  59   1.013E+05  8.362E-12  4.004E-06  2.930E+02  2.997E+02
   0.03102   4    0.36928  60   1.013E+05  7.545E-12  3.349E-06  2.930E+02  2.987E+02
   0.03102   4    0.37559  61   1.013E+05  7.730E-12  2.802E-06  2.930E+02  2.979E+02
   0.03102   4    0.38191  62   1.013E+05  8.474E-12  2.345E-06  2.930E+02  2.971E+02
   0.03102   4    0.38822  63   1.013E+05  9.403E-12  1.962E-06  2.930E+02  2.965E+02
   0.03102   4    0.39453  64   1.013E+05  9.850E-12  1.642E-06  2.930E+02  2.960E+02
   0.03102   4    0.40084  65   1.013E+05  9.580E-12  1.375E-06  2.930E+02  2.955E+02
   0.03102   4    0.40716  66   1.013E+05  8.414E-12  1.151E-06  2.930E+02  2.952E+02
   0.03102   4    0.41347  67   1.013E+05  6.699E-12  9.647E-07  2.930E+02  2.948E+02
   0.03102   4    0.41978  68   1.013E+05  4.641E-12  8.089E-07  2.930E+02  2.946E+02
   0.03102   4    0.42609  69   1.013E+05  2.952E-12  6.789E-07  2.930E+02  2.943E+02
   0.03102   4    0.43241  70   1.013E+05  1.880E-12  5.707E-07  2.930E+02  2.941E+02
   0.03102   4    0.43872  71   1.013E+05  1.566E-12  4.807E-07  2.930E+02  2.940E+02
   0.03102   4    0.44503  72   1.013E+05  2.157E-12  4.060E-07  2.930E+02  2.938E+02
   0.03102   4    0.45134  73   1.013E+05  3.358E-12  3.444E-07  2.930E+02  2.937E+02
   0.03102   4    0.45766  74   1.013E+05  4.631E-12  2.937E-07  2.930E+02  2.936E+02
   0.03102   4    0.46397  75   1.013E+05  5.836E-12  2.525E-07  2.930E+02  2.935E+02
   0.03102   4    0.47028  76   1.013E+05  6.432E-12  2.193E-07  2.930E+02  2.935E+02
   0.03102   4    0.47659  77   1.013E+05  6.515E-12  1.930E-07  2.930E+02  2.934E+02
   0.03102   4    0.48291  78   1.013E+05  5.828E-12  1.739E-07  2.930E+02  2.934E+02
   0.03102   4    0.48922  79   1.013E+05  4.815E-12  1.544E-07  2.930E+02  2.934E+02
   0.03102   4    0.49553  80   1.013E+05  3.416E-12  1.741E-07  2.930E+02  2.933E+02
   0.03102   4    0.50184  81   1.013E+05  2.665E-12 -9.122E-12  2.930E+02  2.933E+02
   0.03102   4    0.50500  82   1.013E+05  0.000E+00 -9.122E-12  2.930E+02  2.933E+02
   0.04342   5    0.00000   1   1.013E+05  0.000E+00  0.000E+00  2.930E+02  2.930E+02
   0.04342   5    0.00316   2   1.013E+05 -2.625E-09  1.167E-04  2.930E+02  3.773E+02
   0.04342   5    0.00947   3   1.013E+05 -2.581E-09  3.539E-04  2.930E+02  5.475E+02
   0.04342   5    0.01578   4   1.013E+05 -2.656E-09  6.024E-04  2.930E+02  7.222E+02
   0.04342   5    0.02209   5   1.013E+05 -2.775E-09  8.701E-04  2.930E+02  9.046E+02
   0.04342   5    0.02841   6   1.013E+05 -2.903E-09  1.166E-03  2.930E+02  1.098E+03
   0.04342   5    0.03472   7   1.013E+05 -3.016E-09  1.498E-03  2.930E+02  1.305E+03
   0.04342   5    0.04103   8   1.013E+05 -3.092E-09  1.879E-03  2.930E+02  1.530E+03
   0.04342   5    0.04734   9   1.013E+05 -3.115E-09  2.320E-03  2.930E+02  1.775E+03
   0.04342   5    0.05366  10   1.013E+05 -3.071E-09  2.835E-03  2.930E+02  2.044E+03
   0.04342   5    0.05997  11   1.013E+05 -2.952E-09  3.440E-03  2.930E+02  2.340E+03
   0.04342   5    0.06628  12   1.013E+05 -2.740E-09  4.157E-03  2.930E+02  2.668E+03
   0.04342   5    0.07259  13   1.013E+05 -2.386E-09  5.002E-03  2.930E+02  3.029E+03
   0.04342   5    0.07891  14   1.013E+05 -1.824E-09  6.029E-03  2.932E+02  3.428E+03
   0.04342   5    0.08522  15   1.013E+05 -1.100E-09  7.119E-03  2.950E+02  3.866E+03
   0.04342   5    0.09153  16   1.013E+05 -1.997E-10  9.196E-03  3.091E+02  4.346E+03
   0.04342   5    0.09784  17   1.013E+05  6.856E-10  7.136E-03  2.950E+02  3.886E+03
   0.04342   5    0.10416  18   1.013E+05  1.396E-09  6.065E-03  2.932E+02  3.468E+03
   0.04342   5    0.11047  19   1.013E+05  1.911E-09  5.057E-03  2.930E+02  3.090E+03
   0.04342   5    0.11678  20   1.013E+05  2.238E-09  4.233E-03  2.930E+02  2.752E+03
   0.04342   5    0.12309  21   1.013E+05  2.411E-09  3.540E-03  2.930E+02  2.449E+03
   0.04342   5    0.12941  22   1.013E+05  2.455E-09  2.961E-03  2.930E+02  2.179E+03
   0.04342   5    0.13572  23   1.013E+05  2.401E-09  2.477E-03  2.930E+02  1.940E+03
   0.04342   5    0.14203  24   1.013E+05  2.280E-09  2.072E-03  2.930E+02  1.729E+03
   0.04342   5    0.14834  25   1.013E+05  2.116E-09  1.733E-03  2.930E+02  1.543E+03
   0.04342   5    0.15466  26   1.013E+05  1.928E-09  1.450E-03  2.930E+02  1.379E+03
   0.04342   5    0.16097  27   1.013E+05  1.729E-09  1.213E-03  2.930E+02  1.235E+03
   0.04342   5    0.16728  28   1.013E+05  1.531E-09  1.014E-03  2.930E+02  1.110E+03
   0.04342   5    0.17359  29   1.013E+05  1.342E-09  8.485E-04  2.930E+02  1.000E+03
   0.04342   5    0.17991  30   1.013E+05  1.170E-09  7.098E-04  2.930E+02  9.043E+02
   0.04342   5    0.18622  31   1.013E+05  1.016E-09  5.937E-04  2.930E+02  8.210E+02
   0.04342   5    0.19253  32   1.013E+05  8.808E-10  4.966E-04  2.930E+02  7.485E+02
   0.04342   5    0.19884  33   1.013E+05  7.616E-10  4.154E-04  2.930E+02  6.857E+02
   0.04342   5    0.20516  34   1.013E+05  6.557E-10  3.475E-04  2.930E+02  6.312E+02
   0.04342   5    0.21147  35   1.013E+05  5.610E-10  2.907E-04  2.930E+02  5.841E+02
   0.04342   5    0.21778  36   1.013E+05  4.766E-10  2.431E-04  2.930E+02  5.433E+02
   0.04342   5    0.22409  37   1.013E+05  4.023E-10  2.034E-04  2.930E+02  5.081E+02
   0.04342   5    0.23041  38   1.013E+05  3.385E-10  1.701E-04  2.930E+02  4.777E+02
   0.04342   5    0.23672  39   1.013E+05  2.854E-10  1.423E-04  2.930E+02  4.514E+02
   0.04342   5    0.24303  40   1.013E+05  2.425E-10  1.190E-04  2.930E+02  4.289E+02
   0.04342   5    0.24934  41   1.013E+05  2.084E-10  9.957E-05  2.930E+02  4.094E+02
   0.04342   5    0.25566  42   1.013E+05  1.811E-10  8.329E-05  2.930E+02  3.927E+02
   0.04342   5    0.26197  43   1.013E+05  1.582E-10  6.967E-05  2.930E+02  3.784E+02
   0.04342   5    0.26828  44   1.013E+05  1.377E-10  5.827E-05  2.930E+02  3.661E+02
   0.04342   5    0.27459  45   1.013E+05  1.183E-10  4.875E-05  2.930E+02  3.555E+02
   0.04342   5    0.28091  46   1.013E+05  9.971E-11  4.077E-05  2.930E+02  3.464E+02
   0.04342   5    0.28722  47   1.013E+05  8.206E-11  3.411E-05  2.930E+02  3.386E+02
   0.04342   5    0.29353  48   1.013E+05  6.627E-11  2.853E-05  2.930E+02  3.320E+02
   0.04342   5    0.29984  49   1.013E+05  5.303E-11  2.386E-05  2.930E+02  3.263E+02
   0.04342   5    0.30616  50   1.013E+05  4.258E-11  1.996E-05  2.930E+02  3.214E+02
   0.04342   5    0.31247  51   1.013E+05  3.472E-11  1.670E-05  2.930E+02  3.172E+02
   0.04342   5    0.31878  52   1.013E+05  2.873E-11  1.397E-05  2.930E+02  3.136E+02
   0.04342   5    0.32509  53   1.013E+05  2.367E-11  1.168E-05  2.930E+02  3.106E+02
   0.04342   5    0.33141  54   1.013E+05  1.913E-11  9.774E-06  2.930E+02  3.080E+02
   0.04342   5    0.33772  55   1.013E+05  1.461E-11  8.176E-06  2.930E+02  3.058E+02
   0.04342   5    0.34403  56   1.013E+05  1.022E-11  6.839E-06  2.930E+02  3.039E+02
   0.04342   5    0.35034  57   1.013E+05  6.419E-12  5.721E-06  2.930E+02  3.023E+02
   0.04342   5    0.35666  58   1.013E+05  3.734E-12  4.786E-06  2.930E+02  3.009E+02
   0.04342   5    0.36297  59   1.013E+05  2.498E-12  4.004E-06  2.930E+02  2.997E+02
   0.04342   5    0.36928  60   1.013E+05  2.749E-12  3.349E-06  2.930E+02  2.987E+02
   0.04342   5    0.37559  61   1.013E+05  4.014E-12  2.802E-06  2.930E+02  2.979E+02
   0.04342   5    0.38191  62   1.013E+05  5.769E-12  2.345E-06  2.930E+02  2.971E+02
   0.04342   5    0.38822  63   1.013E+05  7.336E-12  1.962E-06  2.930E+02  2.965E+02
   0.04342   5    0.39453  64   1.013E+05  8.075E-12  1.642E-06  2.930E+02  2.960E+02
   0.04342   5    0.40084  65   1.013E+05  7.807E-12  1.375E-06  2.930E+02  2.955E+02
   0.04342   5    0.40716  66   1.013E+05  6.488E-12  1.151E-06  2.930E+02  2.952E+02
   0.04342   5    0.41347  67   1.013E+05  4.616E-12  9.647E-07  2.930E+02  2.948E+02
   0.04342   5    0.41978  68   1.013E+05  2.703E-12  8.089E-07  2.930E+02  2.946E+02
   0.04342   5    0.42609  69   1.013E+05  1.252E-12  6.789E-07  2.930E+02  2.943E+02
   0.04342   5    0.43241  70   1.013E+05  6.166E-13  5.707E-07  2.930E+02  2.941E+02
   0.04342   5    0.43872  71   1.013E+05  7.277E-13  4.807E-07  2.930E+02  2.940E+02
   0.04342   5    0.44503  72   1.013E+05  1.701E-12  4.060E-07  2.930E+02  2.938E+02
   0.04342   5    0.45134  73   1.013E+05  2.921E-12  3.444E-07  2.930E+02  2.937E+02
   0.04342   5    0.45766  74   1.013E+05  4.242E-12  2.937E-07  2.930E+02  2.936E+02
   0.04342   5    0.46397  75   1.013E+05  5.246E-12  2.525E-07  2.930E+02  2.935E+02
   0.04342   5    0.47028  76   1.013E+05  5.636E-12  2.193E-07  2.930E+02  2.935E+02
   0.04342   5    0.47659  77   1.013E+05  5.461E-12  1.930E-07  2.930E+02  2.934E+02
   0.04342   5    0.48291  78   1.013E+05  4.745E-12  1.739E-07  2.930E+02  2.934E+02
   0.04342   5    0.48922  79   1.013E+05  3.727E-12  1.544E-07  2.930E+02  2.934E+02
   0.04342   5    0.49553  80   1.013E+05  2.695E-12  1.741E-07  2.930E+02  2.933E+02
   0.04342   5    0.50184  81   1.013E+05  2.130E-12 -1.659E-11  2.930E+02  2.933E+02
   0.04342   5    0.50500  82   1.013E+05  0.000E+00 -1.659E-11  2.930E+02  2.933E+02
   0.05583   6    0.00000   1   1.013E+05  0.000E+00  0.000E+00  2.930E+02  2.930E+02
   0.05583   6    0.00316   2   1.013E+05 -4.922E-10  1.167E-04  2.930E+02  3.773E+02
   0.05583   6    0.00947   3   1.013E+05 -5.916E-10  3.539E-04  2.930E+02  5.475E+02
   0.05583   6    0.01578   4   1.013E+05 -6.404E-10  6.024E-04  2.930E+02  7.222E+02
   0.05583   6    0.02209   5   1.013E+05 -6.998E-10  8.701E-04  2.930E+02  9.046E+02
   0.05583   6    0.02841   6   1.013E+05 -7.782E-10  1.166E-03  2.930E+02  1.098E+03
   0.05583   6    0.03472   7   1.013E+05 -8.645E-10  1.498E-03  2.930E+02  1.305E+03
   0.05583   6    0.04103   8   1.013E+05 -9.396E-10  1.879E-03  2.930E+02  1.530E+03
   0.05583   6    0.04734   9   1.013E+05 -9.832E-10  2.320E-03  2.930E+02  1.775E+03
   0.05583   6    0.05366  10   1.013E+05 -9.845E-10  2.835E-03  2.930E+02  2.044E+03
   0.05583   6    0.05997  11   1.013E+05 -9.502E-10  3.440E-03  2.930E+02  2.340E+03
   0.05583   6    0.06628  12   1.013E+05 -8.927E-10  4.157E-03  2.930E+02  2.668E+03
   0.05583   6    0.07259  13   1.013E+05 -7.936E-10  5.002E-03  2.930E+02  3.029E+03
   0.05583   6    0.07891  14   1.013E+05 -6.038E-10  6.029E-03  2.932E+02  3.428E+03
   0.05583   6    0.08522  15   1.013E+05 -3.842E-10  7.119E-03  2.950E+02  3.866E+03
   0.05583   6    0.09153  16   1.013E+05 -1.219E-10  9.196E-03  3.091E+02  4.346E+03
   0.05583   6    0.09784  17   1.013E+05  1.317E-10  7.136E-03  2.950E+02  3.886E+03
   0.05583   6    0.10416  18   1.013E+05  3.552E-10  6.065E-03  2.932E+02  3.468E+03
   0.05583   6    0.11047  19   1.013E+05  5.235E-10  5.057E-03  2.930E+02  3.090E+03
   0.05583   6    0.11678  20   1.013E+05  6.416E-10  4.233E-03  2.930E+02  2.752E+03
   0.05583   6    0.12309  21   1.013E+05  7.190E-10  3.540E-03  2.930E+02  2.449E+03
   0.05583   6    0.12941  22   1.013E+05  7.559E-10  2.961E-03  2.930E+02  2.179E+03
   0.05583   6    0.13572  23   1.013E+05  7.583E-10  2.477E-03  2.930E+02  1.940E+03
   0.05583   6    0.14203  24   1.013E+05  7.372E-10  2.072E-03  2.930E+02  1.729E+03
   0.05583   6    0.14834  25   1.013E+05  7.010E-10  1.733E-03  2.930E+02  1.543E+03
   0.05583   6    0.15466  26   1.013E+05  6.546E-10  1.450E-03  2.930E+02  1.379E+03
   0.05583   6    0.16097  27   1.013E+05  6.007E-10  1.213E-03  2.930E+02  1.235E+03
   0.05583   6    0.16728  28   1.013E+05  5.428E-10  1.014E-03  2.930E+02  1.110E+03
   0.05583   6    0.17359  29   1.013E+05  4.843E-10  8.485E-04  2.930E+02  1.000E+03
   0.05583   6    0.17991  30   1.013E+05  4.289E-10  7.098E-04  2.930E+02  9.043E+02
   0.05583   6    0.18622  31   1.013E+05  3.782E-10  5.937E-04  2.930E+02  8.210E+02
   0.05583   6    0.19253  32   1.013E+05  3.327E-10  4.966E-04  2.930E+02  7.485E+02
   0.05583   6    0.19884  33   1.013E+05  2.919E-10  4.154E-04  2.930E+02  6.857E+02
   0.05583   6    0.20516  34   1.013E+05  2.546E-10  3.475E-04  2.930E+02  6.312E+02
   0.05583   6    0.21147  35   1.013E+05  2.205E-10  2.907E-04  2.930E+02  5.841E+02
   0.05583   6    0.21778  36   1.013E+05  1.898E-10  2.431E-04  2.930E+02  5.433E+02
   0.05583   6    0.22409  37   1.013E+05  1.629E-10  2.034E-04  2.930E+02  5.081E+02
   0.05583   6    0.23041  38   1.013E+05  1.406E-10  1.701E-04  2.930E+02  4.777E+02
   0.05583   6    0.23672  39   1.013E+05  1.229E-10  1.423E-04  2.930E+02  4.514E+02
   0.05583   6    0.24303  40   1.013E+05  1.092E-10  1.190E-04  2.930E+02  4.289E+02
   0.05583   6    0.24934  41   1.013E+05  9.836E-11  9.957E-05  2.930E+02  4.094E+02
   0.05583   6    0.25566  42   1.013E+05  8.897E-11  8.329E-05  2.930E+02  3.927E+02
   0.05583   6    0.26197  43   1.013E+05  7.961E-11  6.967E-05  2.930E+02  3.784E+02
   0.05583   6    0.26828  44   1.013E+05  6.957E-11  5.827E-05  2.930E+02  3.661E+02
   0.05583   6    0.27459  45   1.013E+05  5.884E-11  4.875E-05  2.930E+02  3.555E+02
   0.05583   6    0.28091  46   1.013E+05  4.805E-11  4.077E-05  2.930E+02  3.464E+02
   0.05583   6    0.28722  47   1.013E+05  3.804E-11  3.411E-05  2.930E+02  3.386E+02
   0.05583   6    0.29353  48   1.013E+05  2.980E-11  2.853E-05  2.930E+02  3.320E+02
   0.05583   6    0.29984  49   1.013E+05  2.361E-11  2.386E-05  2.930E+02  3.263E+02
   0.05583   6    0.30616  50   1.013E+05  1.922E-11  1.996E-05  2.930E+02  3.214E+02
   0.05583   6    0.31247  51   1.013E+05  1.601E-11  1.670E-05  2.930E+02  3.172E+02
   0.05583   6    0.31878  52   1.013E+05  1.328E-11  1.397E-05  2.930E+02  3.136E+02
   0.05583   6    0.32509  53   1.013E+05  1.018E-11  1.168E-05  2.930E+02  3.106E+02
   0.05583   6    0.33141  54   1.013E+05  6.536E-12  9.774E-06  2.930E+02  3.080E+02
   0.05583   6    0.33772  55   1.013E+05  2.450E-12  8.176E-06  2.930E+02  3.058E+02
   0.05583   6    0.34403  56   1.013E+05 -1.415E-12  6.839E-06  2.930E+02  3.039E+02
   0.05583   6    0.35034  57   1.013E+05 -4.430E-12  5.721E-06  2.930E+02  3.023E+02
   0.05583   6    0.35666  58   1.013E+05 -5.915E-12  4.786E-06  2.930E+02  3.009E+02
   0.05583   6    0.36297  59   1.013E+05 -5.594E-12  4.004E-06  2.930E+02  2.997E+02
   0.05583   6    0.36928  60   1.013E+05 -3.872E-12  3.349E-06  2.930E+02  2.987E+02
   0.05583   6    0.37559  61   1.013E+05 -1.241E-12  2.802E-06  2.930E+02  2.979E+02
   0.05583   6    0.38191  62   1.013E+05  1.445E-12  2.345E-06  2.930E+02  2.971E+02
   0.05583   6    0.38822  63   1.013E+05  3.448E-12  1.962E-06  2.930E+02  2.965E+02
   0.05583   6    0.39453  64   1.013E+05  4.270E-12  1.642E-06  2.930E+02  2.960E+02
   0.05583   6    0.40084  65   1.013E+05  3.929E-12  1.375E-06  2.930E+02  2.955E+02
   0.05583   6    0.40716  66   1.013E+05  2.661E-12  1.151E-06  2.930E+02  2.952E+02
   0.05583   6    0.41347  67   1.013E+05  9.659E-13  9.647E-07  2.930E+02  2.948E+02
   0.05583   6    0.41978  68   1.013E+05 -5.782E-13  8.089E-07  2.930E+02  2.946E+02
   0.05583   6    0.42609  69   1.013E+05 -1.440E-12  6.789E-07  2.930E+02  2.943E+02
   0.05583   6    0.43241  70   1.013E+05 -1.578E-12  5.707E-07  2.930E+02  2.941E+02
   0.05583   6    0.43872  71   1.013E+05 -9.432E-13  4.807E-07  2.930E+02  2.940E+02
   0.05583   6    0.44503  72   1.013E+05  8.078E-14  4.060E-07  2.930E+02  2.938E+02
   0.05583   6    0.45134  73   1.013E+05  1.285E-12  3.444E-07  2.930E+02  2.937E+02
   0.05583   6    0.45766  74   1.013E+05  2.344E-12  2.937E-07  2.930E+02  2.936E+02
   0.05583   6    0.46397  75   1.013E+05  2.857E-12  2.525E-07  2.930E+02  2.935E+02
   0.05583   6    0.47028  76   1.013E+05  2.838E-12  2.193E-07  2.930E+02  2.935E+02
   0.05583   6    0.47659  77   1.013E+05  2.447E-12  1.930E-07  2.930E+02  2.934E+02
   0.05583   6    0.48291  78   1.013E+05  1.831E-12  1.739E-07  2.930E+02  2.934E+02
   0.05583   6    0.48922  79   1.013E+05  1.243E-12  1.544E-07  2.930E+02  2.934E+02
   0.05583   6    0.49553  80   1.013E+05  9.801E-13  1.741E-07  2.930E+02  2.933E+02
   0.05583   6    0.50184  81   1.013E+05  9.356E-13 -2.159E-11  2.930E+02  2.933E+02
   0.05583   6    0.50500  82   1.013E+05  0.000E+00 -2.159E-11  2.930E+02  2.933E+02
   0.06824   7    0.00000   1   1.013E+05  0.000E+00  0.000E+00  2.930E+02  2.930E+02
   0.06824   7    0.00316   2   1.013E+05  9.102E-10  1.167E-04  2.930E+02  3.773E+02
   0.06824   7    0.00947   3   1.013E+05  9.212E-10  3.539E-04  2.930E+02  5.475E+02
   0.06824   7    0.01578   4   1.013E+05  9.580E-10  6.024E-04  2.930E+02  7.222E+02
   0.06824   7    0.02209   5   1.013E+05  1.001E-09  8.701E-04  2.930E+02  9.046E+02
   0.06824   7    0.02841   6   1.013E+05  1.032E-09  1.166E-03  2.930E+02  1.098E+03
   0.06824   7    0.03472   7   1.013E+05  1.043E-09  1.498E-03  2.930E+02  1.305E+03
   0.06824   7    0.04103   8   1.013E+05  1.034E-09  1.879E-03  2.930E+02  1.530E+03
   0.06824   7    0.04734   9   1.013E+05  1.014E-09  2.320E-03  2.930E+02  1.775E+03
   0.06824   7    0.05366  10   1.013E+05  9.863E-10  2.835E-03  2.930E+02  2.044E+03
   0.06824   7    0.05997  11   1.013E+05  9.355E-10  3.440E-03  2.930E+02  2.340E+03
   0.06824   7    0.06628  12   1.013E+05  8.331E-10  4.157E-03  2.930E+02  2.668E+03
   0.06824   7    0.07259  13   1.013E+05  6.809E-10  5.002E-03  2.930E+02  3.029E+03
   0.06824   7    0.07891  14   1.013E+05  5.249E-10  6.029E-03  2.932E+02  3.428E+03
   0.06824   7    0.08522  15   1.013E+05  3.095E-10  7.119E-03  2.950E+02  3.866E+03
   0.06824   7    0.09153  16   1.013E+05  7.199E-11  9.196E-03  3.091E+02  4.346E+03
   0.06824   7    0.09784  17   1.013E+05 -1.703E-10  7.136E-03  2.950E+02  3.886E+03
   0.06824   7    0.10416  18   1.013E+05 -3.717E-10  6.065E-03  2.932E+02  3.468E+03
   0.06824   7    0.11047  19   1.013E+05 -5.325E-10  5.057E-03  2.930E+02  3.090E+03
   0.06824   7    0.11678  20   1.013E+05 -6.404E-10  4.233E-03  2.930E+02  2.752E+03
   0.06824   7    0.12309  21   1.013E+05 -6.941E-10  3.540E-03  2.930E+02  2.449E+03
   0.06824   7    0.12941  22   1.013E+05 -7.085E-10  2.961E-03  2.930E+02  2.179E+03
   0.06824   7    0.13572  23   1.013E+05 -6.955E-10  2.477E-03  2.930E+02  1.940E+03
   0.06824   7    0.14203  24   1.013E+05 -6.615E-10  2.072E-03  2.930E+02  1.729E+03
   0.06824   7    0.14834  25   1.013E+05 -6.121E-10  1.733E-03  2.930E+02  1.543E+03
   0.06824   7    0.15466  26   1.013E+05 -5.547E-10  1.450E-03  2.930E+02  1.379E+03
   0.06824   7    0.16097  27   1.013E+05 -4.963E-10  1.213E-03  2.930E+02  1.235E+03
   0.06824   7    0.16728  28   1.013E+05 -4.424E-10  1.014E-03  2.930E+02  1.110E+03
   0.06824   7    0.17359  29   1.013E+05 -3.951E-10  8.485E-04  2.930E+02  1.000E+03
   0.06824   7    0.17991  30   1.013E+05 -3.544E-10  7.098E-04  2.930E+02  9.043E+02
   0.06824   7    0.18622  31   1.013E+05 -3.192E-10  5.937E-04  2.930E+02  8.210E+02
   0.06824   7    0.19253  32   1.013E+05 -2.878E-10  4.966E-04  2.930E+02  7.485E+02
   0.06824   7    0.19884  33   1.013E+05 -2.591E-10  4.154E-04  2.930E+02  6.857E+02
   0.06824   7    0.20516  34   1.013E+05 -2.320E-10  3.475E-04  2.930E+02  6.312E+02
   0.06824   7    0.21147  35   1.013E+05 -2.058E-10  2.907E-04  2.930E+02  5.841E+02
   0.06824   7    0.21778  36   1.013E+05 -1.803E-10  2.431E-04  2.930E+02  5.433E+02
   0.06824   7    0.22409  37   1.013E+05 -1.552E-10  2.034E-04  2.930E+02  5.081E+02
   0.06824   7    0.23041  38   1.013E+05 -1.309E-10  1.701E-04  2.930E+02  4.777E+02
   0.06824   7    0.23672  39   1.013E+05 -1.080E-10  1.423E-04  2.930E+02  4.514E+02
   0.06824   7    0.24303  40   1.013E+05 -8.740E-11  1.190E-04  2.930E+02  4.289E+02
   0.06824   7    0.24934  41   1.013E+05 -7.004E-11  9.957E-05  2.930E+02  4.094E+02
   0.06824   7    0.25566  42   1.013E+05 -5.643E-11  8.329E-05  2.930E+02  3.927E+02
   0.06824   7    0.26197  43   1.013E+05 -4.664E-11  6.967E-05  2.930E+02  3.784E+02
   0.06824   7    0.26828  44   1.013E+05 -4.005E-11  5.827E-05  2.930E+02  3.661E+02
   0.06824   7    0.27459  45   1.013E+05 -3.571E-11  4.875E-05  2.930E+02  3.555E+02
   0.06824   7    0.28091  46   1.013E+05 -3.224E-11  4.077E-05  2.930E+02  3.464E+02
   0.06824   7    0.28722  47   1.013E+05 -2.879E-11  3.411E-05  2.930E+02  3.386E+02
   0.06824   7    0.29353  48   1.013E+05 -2.486E-11  2.853E-05  2.930E+02  3.320E+02
   0.06824   7    0.29984  49   1.013E+05 -2.050E-11  2.386E-05  2.930E+02  3.263E+02
   0.06824   7    0.30616  50   1.013E+05 -1.632E-11  1.996E-05  2.930E+02  3.214E+02
   0.06824   7    0.31247  51   1.013E+05 -1.292E-11  1.670E-05  2.930E+02  3.172E+02
   0.06824   7    0.31878  52   1.013E+05 -1.101E-11  1.397E-05  2.930E+02  3.136E+02
   0.06824   7    0.32509  53   1.013E+05 -1.065E-11  1.168E-05  2.930E+02  3.106E+02
   0.06824   7    0.33141  54   1.013E+05 -1.174E-11  9.774E-06  2.930E+02  3.080E+02
   0.06824   7    0.33772  55   1.013E+05 -1.351E-11  8.176E-06  2.930E+02  3.058E+02
   0.06824   7    0.34403  56   1.013E+05 -1.507E-11  6.839E-06  2.930E+02  3.039E+02
   0.06824   7    0.35034  57   1.013E+05 -1.559E-11  5.721E-06  2.930E+02  3.023E+02
   0.06824   7    0.35666  58   1.013E+05 -1.472E-11  4.786E-06  2.930E+02  3.009E+02
   0.06824   7    0.36297  59   1.013E+05 -1.247E-11  4.004E-06  2.930E+02  2.997E+02
   0.06824   7    0.36928  60   1.013E+05 -9.273E-12  3.349E-06  2.930E+02  2.987E+02
   0.06824   7    0.37559  61   1.013E+05 -5.858E-12  2.802E-06  2.930E+02  2.979E+02
   0.06824   7    0.38191  62   1.013E+05 -2.892E-12  2.345E-06  2.930E+02  2.971E+02
   0.06824   7    0.38822  63   1.013E+05 -1.022E-12  1.962E-06  2.930E+02  2.965E+02
   0.06824   7    0.39453  64   1.013E+05 -4.180E-13  1.642E-06  2.930E+02  2.960E+02
   0.06824   7    0.40084  65   1.013E+05 -8.229E-13  1.375E-06  2.930E+02  2.955E+02
   0.06824   7    0.40716  66   1.013E+05 -1.948E-12  1.151E-06  2.930E+02  2.952E+02
   0.06824   7    0.41347  67   1.013E+05 -3.183E-12  9.647E-07  2.930E+02  2.948E+02
   0.06824   7    0.41978  68   1.013E+05 -4.072E-12  8.089E-07  2.930E+02  2.946E+02
   0.06824   7    0.42609  69   1.013E+05 -4.338E-12  6.789E-07  2.930E+02  2.943E+02
   0.06824   7    0.43241  70   1.013E+05 -3.897E-12  5.707E-07  2.930E+02  2.941E+02
   0.06824   7    0.43872  71   1.013E+05 -3.026E-12  4.807E-07  2.930E+02  2.940E+02
   0.06824   7    0.44503  72   1.013E+05 -2.028E-12  4.060E-07  2.930E+02  2.938E+02
   0.06824   7    0.45134  73   1.013E+05 -1.134E-12  3.444E-07  2.930E+02  2.937E+02
   0.06824   7    0.45766  74   1.013E+05 -7.198E-13  2.937E-07  2.930E+02  2.936E+02
   0.06824   7    0.46397  75   1.013E+05 -6.897E-13  2.525E-07  2.930E+02  2.935E+02
   0.06824   7    0.47028  76   1.013E+05 -1.010E-12  2.193E-07  2.930E+02  2.935E+02
   0.06824   7    0.47659  77   1.013E+05 -1.456E-12  1.930E-07  2.930E+02  2.934E+02
   0.06824   7    0.48291  78   1.013E+05 -1.782E-12  1.739E-07  2.930E+02  2.934E+02
   0.06824   7    0.48922  79   1.013E+05 -1.707E-12  1.544E-07  2.930E+02  2.934E+02
   0.06824   7    0.49553  80   1.013E+05 -9.301E-13  1.741E-07  2.930E+02  2.933E+02
   0.06824   7    0.50184  81   1.013E+05 -4.981E-13 -2.356E-11  2.930E+02  2.933E+02
   0.06824   7    0.50500  82   1.013E+05  0.000E+00 -2.356E-11  2.930E+02  2.933E+02
   0.08065   8    0.00000   1   1.013E+05  0.000E+00  0.000E+00  2.930E+02  2.930E+02
   0.08065   8    0.00316   2   1.013E+05  2.131E-09  1.167E-04  2.930E+02  3.773E+02
   0.08065   8    0.00947   3   1.013E+05  2.247E-09  3.539E-04  2.930E+02  5.475E+02
   0.08065   8    0.01578   4   1.013E+05  2.346E-09  6.024E-04  2.930E+02  7.222E+02
   0.08065   8    0.02209   5   1.013E+05  2.464E-09  8.701E-04  2.930E+02  9.046E+02
   0.08065   8    0.02841   6   1.013E+05  2.592E-09  1.166E-03  2.930E+02  1.098E+03
   0.08065   8    0.03472   7   1.013E+05  2.712E-09  1.498E-03  2.930E+02  1.305E+03
   0.08065   8    0.04103   8   1.013E+05  2.809E-09  1.879E-03  2.930E+02  1.530E+03
   0.08065   8    0.04734   9   1.013E+05  2.873E-09  2.320E-03  2.930E+02  1.775E+03
   0.08065   8    0.05366  10   1.013E+05  2.887E-09  2.835E-03  2.930E+02  2.044E+03
   0.08065   8    0.05997  11   1.013E+05  2.817E-09  3.440E-03  2.930E+02  2.340E+03
   0.08065   8    0.06628  12   1.013E+05  2.610E-09  4.157E-03  2.930E+02  2.668E+03
   0.08065   8    0.07259  13   1.013E+05  2.240E-09  5.002E-03  2.930E+02  3.029E+03
   0.08065   8    0.07891  14   1.013E+05  1.730E-09  6.029E-03  2.932E+02  3.428E+03
   0.08065   8    0.08522  15   1.013E+05  1.021E-09  7.119E-03  2.950E+02  3.866E+03
   0.08065   8    0.09153  16   1.013E+05  1.501E-10  9.196E-03  3.091E+02  4.346E+03
   0.08065   8    0.09784  17   1.013E+05 -7.256E-10  7.136E-03  2.950E+02  3.886E+03
   0.08065   8    0.10416  18   1.013E+05 -1.420E-09  6.065E-03  2.932E+02  3.468E+03
   0.08065   8    0.11047  19   1.013E+05 -1.934E-09  5.057E-03  2.930E+02  3.090E+03
   0.08065   8    0.11678  20   1.013E+05 -2.260E-09  4.233E-03  2.930E+02  2.752E+03
   0.08065   8    0.12309  21   1.013E+05 -2.420E-09  3.540E-03  2.930E+02  2.449E+03
   0.08065   8    0.12941  22   1.013E+05 -2.453E-09  2.961E-03  2.930E+02  2.179E+03
   0.08065   8    0.13572  23   1.013E+05 -2.395E-09  2.477E-03  2.930E+02  1.940E+03
   0.08065   8    0.14203  24   1.013E+05 -2.274E-09  2.072E-03  2.930E+02  1.729E+03
   0.08065   8    0.14834  25   1.013E+05 -2.111E-09  1.733E-03  2.930E+02  1.543E+03
   0.08065   8    0.15466  26   1.013E+05 -1.924E-09  1.450E-03  2.930E+02  1.379E+03
   0.08065   8    0.16097  27   1.013E+05 -1.730E-09  1.213E-03  2.930E+02  1.235E+03
   0.08065   8    0.16728  28   1.013E+05 -1.541E-09  1.014E-03  2.930E+02  1.110E+03
   0.08065   8    0.17359  29   1.013E+05 -1.363E-09  8.485E-04  2.930E+02  1.000E+03
   0.08065   8    0.17991  30   1.013E+05 -1.200E-09  7.098E-04  2.930E+02  9.043E+02
   0.08065   8    0.18622  31   1.013E+05 -1.055E-09  5.937E-04  2.930E+02  8.210E+02
   0.08065   8    0.19253  32   1.013E+05 -9.246E-10  4.966E-04  2.930E+02  7.485E+02
   0.08065   8    0.19884  33   1.013E+05 -8.082E-10  4.154E-04  2.930E+02  6.857E+02
   0.08065   8    0.20516  34   1.013E+05 -7.035E-10  3.475E-04  2.930E+02  6.312E+02
   0.08065   8    0.21147  35   1.013E+05 -6.092E-10  2.907E-04  2.930E+02  5.841E+02
   0.08065   8    0.21778  36   1.013E+05 -5.241E-10  2.431E-04  2.930E+02  5.433E+02
   0.08065   8    0.22409  37   1.013E+05 -4.476E-10  2.034E-04  2.930E+02  5.081E+02
   0.08065   8    0.23041  38   1.013E+05 -3.797E-10  1.701E-04  2.930E+02  4.777E+02
   0.08065   8    0.23672  39   1.013E+05 -3.203E-10  1.423E-04  2.930E+02  4.514E+02
   0.08065   8    0.24303  40   1.013E+05 -2.694E-10  1.190E-04  2.930E+02  4.289E+02
   0.08065   8    0.24934  41   1.013E+05 -2.266E-10  9.957E-05  2.930E+02  4.094E+02
   0.08065   8    0.25566  42   1.013E+05 -1.913E-10  8.329E-05  2.930E+02  3.927E+02
   0.08065   8    0.26197  43   1.013E+05 -1.623E-10  6.967E-05  2.930E+02  3.784E+02
   0.08065   8    0.26828  44   1.013E+05 -1.383E-10  5.827E-05  2.930E+02  3.661E+02
   0.08065   8    0.27459  45   1.013E+05 -1.178E-10  4.875E-05  2.930E+02  3.555E+02
   0.08065   8    0.28091  46   1.013E+05 -9.956E-11  4.077E-05  2.930E+02  3.464E+02
   0.08065   8    0.28722  47   1.013E+05 -8.301E-11  3.411E-05  2.930E+02  3.386E+02
   0.08065   8    0.29353  48   1.013E+05 -6.811E-11  2.853E-05  2.930E+02  3.320E+02
   0.08065   8    0.29984  49   1.013E+05 -5.495E-11  2.386E-05  2.930E+02  3.263E+02
   0.08065   8    0.30616  50   1.013E+05 -4.405E-11  1.996E-05  2.930E+02  3.214E+02
   0.08065   8    0.31247  51   1.013E+05 -3.575E-11  1.670E-05  2.930E+02  3.172E+02
   0.08065   8    0.31878  52   1.013E+05 -3.018E-11  1.397E-05  2.930E+02  3.136E+02
   0.08065   8    0.32509  53   1.013E+05 -2.691E-11  1.168E-05  2.930E+02  3.106E+02
   0.08065   8    0.33141  54   1.013E+05 -2.526E-11  9.774E-06  2.930E+02  3.080E+02
   0.08065   8    0.33772  55   1.013E+05 -2.432E-11  8.176E-06  2.930E+02  3.058E+02
   0.08065   8    0.34403  56   1.013E+05 -2.314E-11  6.839E-06  2.930E+02  3.039E+02
   0.08065   8    0.35034  57   1.013E+05 -2.127E-11  5.721E-06  2.930E+02  3.023E+02
   0.08065   8    0.35666  58   1.013E+05 -1.847E-11  4.786E-06  2.930E+02  3.009E+02
   0.08065   8    0.36297  59   1.013E+05 -1.504E-11  4.004E-06  2.930E+02  2.997E+02
   0.08065   8    0.36928  60   1.013E+05 -1.143E-11  3.349E-06  2.930E+02  2.987E+02
   0.08065   8    0.37559  61   1.013E+05 -8.309E-12  2.802E-06  2.930E+02  2.979E+02
   0.08065   8    0.38191  62   1.013E+05 -6.015E-12  2.345E-06  2.930E+02  2.971E+02
   0.08065   8    0.38822  63   1.013E+05 -4.927E-12  1.962E-06  2.930E+02  2.965E+02
   0.08065   8    0.39453  64   1.013E+05 -4.838E-12  1.642E-06  2.930E+02  2.960E+02
   0.08065   8    0.40084  65   1.013E+05 -5.317E-12  1.375E-06  2.930E+02  2.955E+02
   0.08065   8    0.40716  66   1.013E+05 -6.121E-12  1.151E-06  2.930E+02  2.952E+02
   0.08065   8    0.41347  67   1.013E+05 -6.660E-12  9.647E-07  2.930E+02  2.948E+02
   0.08065   8    0.41978  68   1.013E+05 -6.684E-12  8.089E-07  2.930E+02  2.946E+02
   0.08065   8    0.42609  69   1.013E+05 -6.227E-12  6.789E-07  2.930E+02  2.943E+02
   0.08065   8    0.43241  70   1.013E+05 -5.397E-12  5.707E-07  2.930E+02  2.941E+02
   0.08065   8    0.43872  71   1.013E+05 -4.458E-12  4.807E-07  2.930E+02  2.940E+02
   0.08065   8    0.44503  72   1.013E+05 -3.706E-12  4.060E-07  2.930E+02  2.938E+02
   0.08065   8    0.45134  73   1.013E+05 -3.343E-12  3.444E-07  2.930E+02  2.937E+02
   0.08065   8    0.45766  74   1.013E+05 -3.509E-12  2.938E-07  2.930E+02  2.936E+02
   0.08065   8    0.46397  75   1.013E+05 -3.948E-12  2.525E-07  2.930E+02  2.935E+02
   0.08065   8    0.47028  76   1.013E+05 -4.441E-12  2.193E-07  2.930E+02  2.935E+02
   0.08065   8    0.47659  77   1.013E+05 -4.737E-12  1.930E-07  2.930E+02  2.934E+02
   0.08065   8    0.48291  78   1.013E+05 -4.618E-12  1.739E-07  2.930E+02  2.934E+02
   0.08065   8    0.48922  79   1.013E+05 -4.021E-12  1.544E-07  2.930E+02  2.934E+02
   0.08065   8    0.49553  80   1.013E+05 -2.477E-12  1.741E-07  2.930E+02  2.933E+02
   0.08065   8    0.50184  81   1.013E+05 -1.524E-12 -2.195E-11  2.930E+02  2.933E+02
   0.08065   8    0.50500  82   1.013E+05  0.000E+00 -2.195E-11  2.930E+02  2.933E+02
   0.09305   9    0.00000   1   1.013E+05  0.000E+00  0.000E+00  2.930E+02  2.930E+02
   0.09305   9    0.00316   2   1.013E+05  3.489E-09  1.167E-04  2.930E+02  3.773E+02
   0.09305   9    0.00947   3   1.013E+05  3.569E-09  3.539E-04  2.930E+02  5.475E+02
   0.09305   9    0.01578   4   1.013E+05  3.689E-09  6.024E-04  2.930E+02  7.222E+02
   0.09305   9    0.02209   5   1.013E+05  3.856E-09  8.701E-04  2.930E+02  9.046E+02
   0.09305   9    0.02841   6   1.013E+05  4.061E-09  1.166E-03  2.930E+02  1.098E+03
   0.09305   9    0.03472   7   1.013E+05  4.285E-09  1.498E-03  2.930E+02  1.305E+03
   0.09305   9    0.04103   8   1.013E+05  4.506E-09  1.879E-03  2.930E+02  1.530E+03
   0.09305   9    0.04734   9   1.013E+05  4.697E-09  2.320E-03  2.930E+02  1.775E+03
   0.09305   9    0.05366  10   1.013E+05  4.823E-09  2.835E-03  2.930E+02  2.044E+03
   0.09305   9    0.05997  11   1.013E+05  4.818E-09  3.440E-03  2.930E+02  2.340E+03
   0.09305   9    0.06628  12   1.013E+05  4.592E-09  4.157E-03  2.930E+02  2.668E+03
   0.09305   9    0.07259  13   1.013E+05  4.067E-09  5.002E-03  2.930E+02  3.029E+03
   0.09305   9    0.07891  14   1.013E+05  3.202E-09  6.029E-03  2.932E+02  3.428E+03
   0.09305   9    0.08522  15   1.013E+05  1.909E-09  7.119E-03  2.950E+02  3.866E+03
   0.09305   9    0.09153  16   1.013E+05  1.330E-10  9.196E-03  3.091E+02  4.346E+03
   0.09305   9    0.09784  17   1.013E+05 -1.646E-09  7.136E-03  2.950E+02  3.886E+03
   0.09305   9    0.10416  18   1.013E+05 -2.923E-09  6.065E-03  2.932E+02  3.468E+03
   0.09305   9    0.11047  19   1.013E+05 -3.788E-09  5.057E-03  2.930E+02  3.090E+03
   0.09305   9    0.11678  20   1.013E+05 -4.262E-09  4.233E-03  2.930E+02  2.752E+03
   0.09305   9    0.12309  21   1.013E+05 -4.431E-09  3.540E-03  2.930E+02  2.449E+03
   0.09305   9    0.12941  22   1.013E+05 -4.381E-09  2.961E-03  2.930E+02  2.179E+03
   0.09305   9    0.13572  23   1.013E+05 -4.186E-09  2.477E-03  2.930E+02  1.940E+03
   0.09305   9    0.14203  24   1.013E+05 -3.901E-09  2.072E-03  2.930E+02  1.729E+03
   0.09305   9    0.14834  25   1.013E+05 -3.567E-09  1.733E-03  2.930E+02  1.543E+03
   0.09305   9    0.15466  26   1.013E+05 -3.211E-09  1.450E-03  2.930E+02  1.379E+03
   0.09305   9    0.16097  27   1.013E+05 -2.856E-09  1.213E-03  2.930E+02  1.235E+03
   0.09305   9    0.16728  28   1.013E+05 -2.516E-09  1.014E-03  2.930E+02  1.110E+03
   0.09305   9    0.17359  29   1.013E+05 -2.200E-09  8.485E-04  2.930E+02  1.000E+03
   0.09305   9    0.17991  30   1.013E+05 -1.914E-09  7.098E-04  2.930E+02  9.043E+02
   0.09305   9    0.18622  31   1.013E+05 -1.657E-09  5.937E-04  2.930E+02  8.210E+02
   0.09305   9    0.19253  32   1.013E+05 -1.430E-09  4.966E-04  2.930E+02  7.485E+02
   0.09305   9    0.19884  33   1.013E+05 -1.230E-09  4.154E-04  2.930E+02  6.857E+02
   0.09305   9    0.20516  34   1.013E+05 -1.055E-09  3.475E-04  2.930E+02  6.312E+02
   0.09305   9    0.21147  35   1.013E+05 -9.023E-10  2.907E-04  2.930E+02  5.841E+02
   0.09305   9    0.21778  36   1.013E+05 -7.695E-10  2.431E-04  2.930E+02  5.433E+02
   0.09305   9    0.22409  37   1.013E+05 -6.549E-10  2.034E-04  2.930E+02  5.081E+02
   0.09305   9    0.23041  38   1.013E+05 -5.566E-10  1.701E-04  2.930E+02  4.777E+02
   0.09305   9    0.23672  39   1.013E+05 -4.730E-10  1.423E-04  2.930E+02  4.514E+02
   0.09305   9    0.24303  40   1.013E+05 -4.023E-10  1.190E-04  2.930E+02  4.289E+02
   0.09305   9    0.24934  41   1.013E+05 -3.425E-10  9.957E-05  2.930E+02  4.094E+02
   0.09305   9    0.25566  42   1.013E+05 -2.920E-10  8.329E-05  2.930E+02  3.927E+02
   0.09305   9    0.26197  43   1.013E+05 -2.488E-10  6.967E-05  2.930E+02  3.784E+02
   0.09305   9    0.26828  44   1.013E+05 -2.115E-10  5.827E-05  2.930E+02  3.661E+02
   0.09305   9    0.27459  45   1.013E+05 -1.787E-10  4.875E-05  2.930E+02  3.555E+02
   0.09305   9    0.28091  46   1.013E+05 -1.498E-10  4.077E-05  2.930E+02  3.464E+02
   0.09305   9    0.28722  47   1.013E+05 -1.242E-10  3.411E-05  2.930E+02  3.386E+02
   0.09305   9    0.29353  48   1.013E+05 -1.020E-10  2.853E-05  2.930E+02  3.320E+02
   0.09305   9    0.29984  49   1.013E+05 -8.321E-11  2.386E-05  2.930E+02  3.263E+02
   0.09305   9    0.30616  50   1.013E+05 -6.802E-11  1.996E-05  2.930E+02  3.214E+02
   0.09305   9    0.31247  51   1.013E+05 -5.635E-11  1.670E-05  2.930E+02  3.172E+02
   0.09305   9    0.31878  52   1.013E+05 -4.760E-11  1.397E-05  2.930E+02  3.136E+02
   0.09305   9    0.32509  53   1.013E+05 -4.124E-11  1.168E-05  2.930E+02  3.106E+02
   0.09305   9    0.33141  54   1.013E+05 -3.636E-11  9.774E-06  2.930E+02  3.080E+02
   0.09305   9    0.33772  55   1.013E+05 -3.229E-11  8.176E-06  2.930E+02  3.058E+02
   0.09305   9    0.34403  56   1.013E+05 -2.825E-11  6.839E-06  2.930E+02  3.039E+02
   0.09305   9    0.35034  57   1.013E+05 -2.418E-11  5.721E-06  2.930E+02  3.023E+02
   0.09305   9    0.35666  58   1.013E+05 -2.006E-11  4.786E-06  2.930E+02  3.009E+02
   0.09305   9    0.36297  59   1.013E+05 -1.624E-11  4.004E-06  2.930E+02  2.997E+02
   0.09305   9    0.36928  60   1.013E+05 -1.305E-11  3.349E-06  2.930E+02  2.987E+02
   0.09305   9    0.37559  61   1.013E+05 -1.073E-11  2.802E-06  2.930E+02  2.979E+02
   0.09305   9    0.38191  62   1.013E+05 -9.428E-12  2.345E-06  2.930E+02  2.971E+02
   0.09305   9    0.38822  63   1.013E+05 -8.908E-12  1.962E-06  2.930E+02  2.965E+02
   0.09305   9    0.39453  64   1.013E+05 -9.032E-12  1.642E-06  2.930E+02  2.960E+02
   0.09305   9    0.40084  65   1.013E+05 -9.270E-12  1.375E-06  2.930E+02  2.955E+02
   0.09305   9    0.40716  66   1.013E+05 -9.193E-12  1.151E-06  2.930E+02  2.952E+02
   0.09305   9    0.41347  67   1.013E+05 -8.719E-12  9.647E-07  2.930E+02  2.948E+02
   0.09305   9    0.41978  68   1.013E+05 -7.845E-12  8.089E-07  2.930E+02  2.946E+02
   0.09305   9    0.42609  69   1.013E+05 -6.688E-12  6.789E-07  2.930E+02  2.943E+02
   0.09305   9    0.43241  70   1.013E+05 -5.583E-12  5.707E-07  2.930E+02  2.941E+02
   0.09305   9    0.43872  71   1.013E+05 -4.602E-12  4.807E-07  2.930E+02  2.940E+02
   0.09305   9    0.44503  72   1.013E+05 -4.140E-12  4.061E-07  2.930E+02  2.938E+02
   0.09305   9    0.45134  73   1.013E+05 -4.309E-12  3.444E-07  2.930E+02  2.937E+02
   0.09305   9    0.45766  74   1.013E+05 -4.873E-12  2.938E-07  2.930E+02  2.936E+02
   0.09305   9    0.46397  75   1.013E+05 -5.565E-12  2.525E-07  2.930E+02  2.935E+02
   0.09305   9    0.47028  76   1.013E+05 -6.184E-12  2.193E-07  2.930E+02  2.935E+02
   0.09305   9    0.47659  77   1.013E+05 -6.360E-12  1.930E-07  2.930E+02  2.934E+02
   0.09305   9    0.48291  78   1.013E+05 -5.881E-12  1.739E-07  2.930E+02  2.934E+02
   0.09305   9    0.48922  79   1.013E+05 -4.948E-12  1.544E-07  2.930E+02  2.934E+02
   0.09305   9    0.49553  80   1.013E+05 -3.188E-12  1.741E-07  2.930E+02  2.933E+02
   0.09305   9    0.50184  81   1.013E+05 -1.989E-12 -1.822E-11  2.930E+02  2.933E+02
   0.09305   9    0.50500  82   1.013E+05  0.000E+00 -1.822E-11  2.930E+02  2.933E+02
   0.10546  10    0.00000   1   1.013E+05  0.000E+00  0.000E+00  2.930E+02  2.930E+02
   0.10546  10    0.00316   2   1.013E+05  5.364E-09  1.167E-04  2.930E+02  3.773E+02
   0.10546  10    0.00947   3   1.013E+05  5.443E-09  3.539E-04  2.930E+02  5.475E+02
   0.10546  10    0.01578   4   1.013E+05  5.655E-09  6.024E-04  2.930E+02  7.222E+02
   0.10546  10    0.02209   5   1.013E+05  5.979E-09  8.701E-04  2.930E+02  9.046E+02
   0.10546  10    0.02841   6   1.013E+05  6.404E-09  1.166E-03  2.930E+02  1.098E+03
   0.10546  10    0.03472   7   1.013E+05  6.917E-09  1.498E-03  2.930E+02  1.305E+03
   0.10546  10    0.04103   8   1.013E+05  7.496E-09  1.879E-03  2.930E+02  1.530E+03
   0.10546  10    0.04734   9   1.013E+05  8.111E-09  2.320E-03  2.930E+02  1.775E+03
   0.10546  10    0.05366  10   1.013E+05  8.710E-09  2.835E-03  2.930E+02  2.044E+03
   0.10546  10    0.05997  11   1.013E+05  9.197E-09  3.440E-03  2.930E+02  2.340E+03
   0.10546  10    0.06628  12   1.013E+05  9.402E-09  4.157E-03  2.930E+02  2.668E+03
   0.10546  10    0.07259  13   1.013E+05  9.132E-09  5.002E-03  2.930E+02  3.029E+03
   0.10546  10    0.07891  14   1.013E+05  7.993E-09  6.029E-03  2.932E+02  3.428E+03
   0.10546  10    0.08522  15   1.013E+05  5.866E-09  7.119E-03  2.950E+02  3.866E+03
   0.10546  10    0.09153  16   1.013E+05  2.075E-10  9.196E-03  3.091E+02  4.346E+03
   0.10546  10    0.09784  17   1.013E+05 -5.450E-09  7.136E-03  2.950E+02  3.886E+03
   0.10546  10    0.10416  18   1.013E+05 -7.557E-09  6.065E-03  2.932E+02  3.468E+03
   0.10546  10    0.11047  19   1.013E+05 -8.687E-09  5.057E-03  2.930E+02  3.090E+03
   0.10546  10    0.11678  20   1.013E+05 -8.894E-09  4.233E-03  2.930E+02  2.752E+03
   0.10546  10    0.12309  21   1.013E+05 -8.617E-09  3.540E-03  2.930E+02  2.449E+03
   0.10546  10    0.12941  22   1.013E+05 -8.053E-09  2.961E-03  2.930E+02  2.179E+03
   0.10546  10    0.13572  23   1.013E+05 -7.349E-09  2.477E-03  2.930E+02  1.940E+03
   0.10546  10    0.14203  24   1.013E+05 -6.596E-09  2.072E-03  2.930E+02  1.729E+03
   0.10546  10    0.14834  25   1.013E+05 -5.846E-09  1.733E-03  2.930E+02  1.543E+03
   0.10546  10    0.15466  26   1.013E+05 -5.131E-09  1.450E-03  2.930E+02  1.379E+03
   0.10546  10    0.16097  27   1.013E+05 -4.469E-09  1.213E-03  2.930E+02  1.235E+03
   0.10546  10    0.16728  28   1.013E+05 -3.869E-09  1.014E-03  2.930E+02  1.110E+03
   0.10546  10    0.17359  29   1.013E+05 -3.332E-09  8.485E-04  2.930E+02  1.000E+03
   0.10546  10    0.17991  30   1.013E+05 -2.857E-09  7.098E-04  2.930E+02  9.043E+02
   0.10546  10    0.18622  31   1.013E+05 -2.442E-09  5.937E-04  2.930E+02  8.210E+02
   0.10546  10    0.19253  32   1.013E+05 -2.081E-09  4.966E-04  2.930E+02  7.485E+02
   0.10546  10    0.19884  33   1.013E+05 -1.769E-09  4.154E-04  2.930E+02  6.857E+02
   0.10546  10    0.20516  34   1.013E+05 -1.501E-09  3.475E-04  2.930E+02  6.312E+02
   0.10546  10    0.21147  35   1.013E+05 -1.271E-09  2.907E-04  2.930E+02  5.841E+02
   0.10546  10    0.21778  36   1.013E+05 -1.075E-09  2.431E-04  2.930E+02  5.433E+02
   0.10546  10    0.22409  37   1.013E+05 -9.090E-10  2.034E-04  2.930E+02  5.081E+02
   0.10546  10    0.23041  38   1.013E+05 -7.684E-10  1.701E-04  2.930E+02  4.777E+02
   0.10546  10    0.23672  39   1.013E+05 -6.495E-10  1.423E-04  2.930E+02  4.514E+02
   0.10546  10    0.24303  40   1.013E+05 -5.490E-10  1.190E-04  2.930E+02  4.289E+02
   0.10546  10    0.24934  41   1.013E+05 -4.638E-10  9.957E-05  2.930E+02  4.094E+02
   0.10546  10    0.25566  42   1.013E+05 -3.914E-10  8.329E-05  2.930E+02  3.927E+02
   0.10546  10    0.26197  43   1.013E+05 -3.294E-10  6.967E-05  2.930E+02  3.784E+02
   0.10546  10    0.26828  44   1.013E+05 -2.763E-10  5.828E-05  2.930E+02  3.661E+02
   0.10546  10    0.27459  45   1.013E+05 -2.307E-10  4.875E-05  2.930E+02  3.555E+02
   0.10546  10    0.28091  46   1.013E+05 -1.918E-10  4.077E-05  2.930E+02  3.464E+02
   0.10546  10    0.28722  47   1.013E+05 -1.589E-10  3.411E-05  2.930E+02  3.386E+02
   0.10546  10    0.29353  48   1.013E+05 -1.314E-10  2.853E-05  2.930E+02  3.320E+02
   0.10546  10    0.29984  49   1.013E+05 -1.088E-10  2.386E-05  2.930E+02  3.263E+02
   0.10546  10    0.30616  50   1.013E+05 -9.052E-11  1.996E-05  2.930E+02  3.214E+02
   0.10546  10    0.31247  51   1.013E+05 -7.579E-11  1.670E-05  2.930E+02  3.172E+02
   0.10546  10    0.31878  52   1.013E+05 -6.387E-11  1.397E-05  2.930E+02  3.136E+02
   0.10546  10    0.32509  53   1.013E+05 -5.409E-11  1.168E-05  2.930E+02  3.106E+02
   0.10546  10    0.33141  54   1.013E+05 -4.574E-11  9.774E-06  2.930E+02  3.080E+02
   0.10546  10    0.33772  55   1.013E+05 -3.847E-11  8.176E-06  2.930E+02  3.058E+02
   0.10546  10    0.34403  56   1.013E+05 -3.193E-11  6.839E-06  2.930E+02  3.039E+02
   0.10546  10    0.35034  57   1.013E+05 -2.614E-11  5.721E-06  2.930E+02  3.023E+02
   0.10546  10    0.35666  58   1.013E+05 -2.140E-11  4.786E-06  2.930E+02  3.009E+02
   0.10546  10    0.36297  59   1.013E+05 -1.775E-11  4.004E-06  2.930E+02  2.997E+02
   0.10546  10    0.36928  60   1.013E+05 -1.530E-11  3.349E-06  2.930E+02  2.987E+02
   0.10546  10    0.37559  61   1.013E+05 -1.391E-11  2.802E-06  2.930E+02  2.979E+02
   0.10546  10    0.38191  62   1.013E+05 -1.337E-11  2.345E-06  2.930E+02  2.971E+02
   0.10546  10    0.38822  63   1.013E+05 -1.313E-11  1.962E-06  2.930E+02  2.965E+02
   0.10546  10    0.39453  64   1.013E+05 -1.287E-11  1.642E-06  2.930E+02  2.960E+02
   0.10546  10    0.40084  65   1.013E+05 -1.221E-11  1.375E-06  2.930E+02  2.955E+02
   0.10546  10    0.40716  66   1.013E+05 -1.101E-11  1.151E-06  2.930E+02  2.952E+02
   0.10546  10    0.41347  67   1.013E+05 -9.227E-12  9.647E-07  2.930E+02  2.948E+02
   0.10546  10    0.41978  68   1.013E+05 -7.232E-12  8.089E-07  2.930E+02  2.946E+02
   0.10546  10    0.42609  69   1.013E+05 -5.320E-12  6.789E-07  2.930E+02  2.943E+02
   0.10546  10    0.43241  70   1.013E+05 -3.755E-12  5.707E-07  2.930E+02  2.941E+02
   0.10546  10    0.43872  71   1.013E+05 -2.881E-12  4.807E-07  2.930E+02  2.940E+02
   0.10546  10    0.44503  72   1.013E+05 -2.673E-12  4.061E-07  2.930E+02  2.938E+02
   0.10546  10    0.45134  73   1.013E+05 -3.264E-12  3.444E-07  2.930E+02  2.937E+02
   0.10546  10    0.45766  74   1.013E+05 -4.203E-12  2.938E-07  2.930E+02  2.936E+02
   0.10546  10    0.46397  75   1.013E+05 -5.075E-12  2.525E-07  2.930E+02  2.935E+02
   0.10546  10    0.47028  76   1.013E+05 -5.848E-12  2.193E-07  2.930E+02  2.935E+02
   0.10546  10    0.47659  77   1.013E+05 -6.107E-12  1.930E-07  2.930E+02  2.934E+02
   0.10546  10    0.48291  78   1.013E+05 -5.697E-12  1.739E-07  2.930E+02  2.934E+02
   0.10546  10    0.48922  79   1.013E+05 -4.786E-12  1.544E-07  2.930E+02  2.934E+02
   0.10546  10    0.49553  80   1.013E+05 -3.315E-12  1.741E-07  2.930E+02  2.933E+02
   0.10546  10    0.50184  81   1.013E+05 -2.283E-12 -1.347E-11  2.930E+02  2.933E+02
   0.10546  10    0.50500  82   1.013E+05  0.000E+00 -1.347E-11  2.930E+02  2.933E+02
   0.11787  11    0.00000   1   1.013E+05  0.000E+00  0.000E+00  2.930E+02  2.930E+02
   0.11787  11    0.00316   2   1.013E+05  3.298E-09  1.167E-04  2.930E+02  3.773E+02
   0.11787  11    0.00947   3   1.013E+05  3.354E-09  3.539E-04  2.930E+02  5.475E+02
   0.11787  11    0.01578   4   1.013E+05  3.501E-09  6.024E-04  2.930E+02  7.222E+02
   0.11787  11    0.02209   5   1.013E+05  3.728E-09  8.701E-04  2.930E+02  9.046E+02
   0.11787  11    0.02841   6   1.013E+05  4.029E-09  1.166E-03  2.930E+02  1.098E+03
   0.11787  11    0.03472   7   1.013E+05  4.401E-09  1.498E-03  2.930E+02  1.305E+03
   0.11787  11    0.04103   8   1.013E+05  4.834E-09  1.879E-03  2.930E+02  1.530E+03
   0.11787  11    0.04734   9   1.013E+05  5.317E-09  2.320E-03  2.930E+02  1.775E+03
   0.11787  11    0.05366  10   1.013E+05  5.822E-09  2.835E-03  2.930E+02  2.044E+03
   0.11787  11    0.05997  11   1.013E+05  6.288E-09  3.440E-03  2.930E+02  2.340E+03
   0.11787  11    0.06628  12   1.013E+05  6.595E-09  4.157E-03  2.930E+02  2.668E+03
   0.11787  11    0.07259  13   1.013E+05  6.604E-09  5.002E-03  2.930E+02  3.029E+03
   0.11787  11    0.07891  14   1.013E+05  5.993E-09  6.029E-03  2.932E+02  3.428E+03
   0.11787  11    0.08522  15   1.013E+05  4.669E-09  7.119E-03  2.950E+02  3.866E+03
   0.11787  11    0.09153  16   1.013E+05  1.672E-10  9.196E-03  3.091E+02  4.346E+03
   0.11787  11    0.09784  17   1.013E+05 -4.335E-09  7.136E-03  2.950E+02  3.886E+03
   0.11787  11    0.10416  18   1.013E+05 -5.642E-09  6.065E-03  2.932E+02  3.468E+03
   0.11787  11    0.11047  19   1.013E+05 -6.251E-09  5.057E-03  2.930E+02  3.090E+03
   0.11787  11    0.11678  20   1.013E+05 -6.195E-09  4.233E-03  2.930E+02  2.752E+03
   0.11787  11    0.12309  21   1.013E+05 -5.844E-09  3.540E-03  2.930E+02  2.449E+03
   0.11787  11    0.12941  22   1.013E+05 -5.338E-09  2.961E-03  2.930E+02  2.179E+03
   0.11787  11    0.13572  23   1.013E+05 -4.776E-09  2.477E-03  2.930E+02  1.940E+03
   0.11787  11    0.14203  24   1.013E+05 -4.214E-09  2.072E-03  2.930E+02  1.729E+03
   0.11787  11    0.14834  25   1.013E+05 -3.681E-09  1.733E-03  2.930E+02  1.543E+03
   0.11787  11    0.15466  26   1.013E+05 -3.191E-09  1.450E-03  2.930E+02  1.379E+03
   0.11787  11    0.16097  27   1.013E+05 -2.751E-09  1.213E-03  2.930E+02  1.235E+03
   0.11787  11    0.16728  28   1.013E+05 -2.362E-09  1.014E-03  2.930E+02  1.110E+03
   0.11787  11    0.17359  29   1.013E+05 -2.020E-09  8.485E-04  2.930E+02  1.000E+03
   0.11787  11    0.17991  30   1.013E+05 -1.724E-09  7.098E-04  2.930E+02  9.043E+02
   0.11787  11    0.18622  31   1.013E+05 -1.468E-09  5.937E-04  2.930E+02  8.210E+02
   0.11787  11    0.19253  32   1.013E+05 -1.247E-09  4.966E-04  2.930E+02  7.485E+02
   0.11787  11    0.19884  33   1.013E+05 -1.059E-09  4.154E-04  2.930E+02  6.857E+02
   0.11787  11    0.20516  34   1.013E+05 -8.979E-10  3.475E-04  2.930E+02  6.312E+02
   0.11787  11    0.21147  35   1.013E+05 -7.610E-10  2.907E-04  2.930E+02  5.841E+02
   0.11787  11    0.21778  36   1.013E+05 -6.448E-10  2.431E-04  2.930E+02  5.433E+02
   0.11787  11    0.22409  37   1.013E+05 -5.459E-10  2.034E-04  2.930E+02  5.081E+02
   0.11787  11    0.23041  38   1.013E+05 -4.618E-10  1.701E-04  2.930E+02  4.777E+02
   0.11787  11    0.23672  39   1.013E+05 -3.899E-10  1.423E-04  2.930E+02  4.514E+02
   0.11787  11    0.24303  40   1.013E+05 -3.284E-10  1.190E-04  2.930E+02  4.289E+02
   0.11787  11    0.24934  41   1.013E+05 -2.757E-10  9.957E-05  2.930E+02  4.094E+02
   0.11787  11    0.25566  42   1.013E+05 -2.308E-10  8.329E-05  2.930E+02  3.927E+02
   0.11787  11    0.26197  43   1.013E+05 -1.925E-10  6.967E-05  2.930E+02  3.784E+02
   0.11787  11    0.26828  44   1.013E+05 -1.602E-10  5.828E-05  2.930E+02  3.661E+02
   0.11787  11    0.27459  45   1.013E+05 -1.333E-10  4.875E-05  2.930E+02  3.555E+02
   0.11787  11    0.28091  46   1.013E+05 -1.110E-10  4.078E-05  2.930E+02  3.464E+02
   0.11787  11    0.28722  47   1.013E+05 -9.276E-11  3.411E-05  2.930E+02  3.386E+02
   0.11787  11    0.29353  48   1.013E+05 -7.770E-11  2.853E-05  2.930E+02  3.320E+02
   0.11787  11    0.29984  49   1.013E+05 -6.549E-11  2.386E-05  2.930E+02  3.263E+02
   0.11787  11    0.30616  50   1.013E+05 -5.520E-11  1.996E-05  2.930E+02  3.214E+02
   0.11787  11    0.31247  51   1.013E+05 -4.639E-11  1.670E-05  2.930E+02  3.172E+02
   0.11787  11    0.31878  52   1.013E+05 -3.866E-11  1.397E-05  2.930E+02  3.136E+02
   0.11787  11    0.32509  53   1.013E+05 -3.190E-11  1.168E-05  2.930E+02  3.106E+02
   0.11787  11    0.33141  54   1.013E+05 -2.593E-11  9.774E-06  2.930E+02  3.080E+02
   0.11787  11    0.33772  55   1.013E+05 -2.082E-11  8.176E-06  2.930E+02  3.058E+02
   0.11787  11    0.34403  56   1.013E+05 -1.668E-11  6.839E-06  2.930E+02  3.039E+02
   0.11787  11    0.35034  57   1.013E+05 -1.355E-11  5.721E-06  2.930E+02  3.023E+02
   0.11787  11    0.35666  58   1.013E+05 -1.150E-11  4.786E-06  2.930E+02  3.009E+02
   0.11787  11    0.36297  59   1.013E+05 -1.042E-11  4.004E-06  2.930E+02  2.997E+02
   0.11787  11    0.36928  60   1.013E+05 -1.004E-11  3.349E-06  2.930E+02  2.987E+02
   0.11787  11    0.37559  61   1.013E+05 -1.016E-11  2.802E-06  2.930E+02  2.979E+02
   0.11787  11    0.38191  62   1.013E+05 -1.016E-11  2.345E-06  2.930E+02  2.971E+02
   0.11787  11    0.38822  63   1.013E+05 -9.958E-12  1.962E-06  2.930E+02  2.965E+02
   0.11787  11    0.39453  64   1.013E+05 -9.039E-12  1.642E-06  2.930E+02  2.960E+02
   0.11787  11    0.40084  65   1.013E+05 -7.617E-12  1.375E-06  2.930E+02  2.955E+02
   0.11787  11    0.40716  66   1.013E+05 -5.745E-12  1.151E-06  2.930E+02  2.952E+02
   0.11787  11    0.41347  67   1.013E+05 -3.668E-12  9.647E-07  2.930E+02  2.948E+02
   0.11787  11    0.41978  68   1.013E+05 -1.651E-12  8.089E-07  2.930E+02  2.946E+02
   0.11787  11    0.42609  69   1.013E+05 -1.811E-13  6.789E-07  2.930E+02  2.943E+02
   0.11787  11    0.43241  70   1.013E+05  7.647E-13  5.707E-07  2.930E+02  2.941E+02
   0.11787  11    0.43872  71   1.013E+05  7.699E-13  4.807E-07  2.930E+02  2.940E+02
   0.11787  11    0.44503  72   1.013E+05  3.046E-13  4.061E-07  2.930E+02  2.938E+02
   0.11787  11    0.45134  73   1.013E+05 -7.050E-13  3.444E-07  2.930E+02  2.937E+02
   0.11787  11    0.45766  74   1.013E+05 -1.740E-12  2.938E-07  2.930E+02  2.936E+02
   0.11787  11    0.46397  75   1.013E+05 -2.716E-12  2.525E-07  2.930E+02  2.935E+02
   0.11787  11    0.47028  76   1.013E+05 -3.282E-12  2.193E-07  2.930E+02  2.935E+02
   0.11787  11    0.47659  77   1.013E+05 -3.461E-12  1.930E-07  2.930E+02  2.934E+02
   0.11787  11    0.48291  78   1.013E+05 -3.195E-12  1.739E-07  2.930E+02  2.934E+02
   0.11787  11    0.48922  79   1.013E+05 -2.634E-12  1.544E-07  2.930E+02  2.934E+02
   0.11787  11    0.49553  80   1.013E+05 -1.730E-12  1.741E-07  2.930E+02  2.933E+02
   0.11787  11    0.50184  81   1.013E+05 -1.197E-12 -8.079E-12  2.930E+02  2.933E+02
   0.11787  11    0.50500  82   1.013E+05  0.000E+00 -8.079E-12  2.930E+02  2.933E+02
   0.12407  12    0.00000   1   1.013E+05  0.000E+00  0.000E+00  2.930E+02  2.930E+02
   0.12407  12    0.00316   2   1.013E+05  3.298E-09  1.167E-04  2.930E+02  3.773E+02
   0.12407  12    0.00947   3   1.013E+05  3.354E-09  3.539E-04  2.930E+02  5.475E+02
   0.12407  12    0.01578   4   1.013E+05  3.501E-09  6.024E-04  2.930E+02  7.222E+02
   0.12407  12    0.02209   5   1.013E+05  3.728E-09  8.701E-04  2.930E+02  9.046E+02
   0.12407  12    0.02841   6   1.013E+05  4.029E-09  1.166E-03  2.930E+02  1.098E+03
   0.12407  12    0.03472   7   1.013E+05  4.401E-09  1.498E-03  2.930E+02  1.305E+03
   0.12407  12    0.04103   8   1.013E+05  4.834E-09  1.879E-03  2.930E+02  1.530E+03
   0.12407  12    0.04734   9   1.013E+05  5.317E-09  2.320E-03  2.930E+02  1.775E+03
   0.12407  12    0.05366  10   1.013E+05  5.822E-09  2.835E-03  2.930E+02  2.044E+03
   0.12407  12    0.05997  11   1.013E+05  6.288E-09  3.440E-03  2.930E+02  2.340E+03
   0.12407  12    0.06628  12   1.013E+05  6.595E-09  4.157E-03  2.930E+02  2.668E+03
   0.12407  12    0.07259  13   1.013E+05  6.604E-09  5.002E-03  2.930E+02  3.029E+03
   0.12407  12    0.07891  14   1.013E+05  5.993E-09  6.029E-03  2.932E+02  3.428E+03
   0.12407  12    0.08522  15   1.013E+05  4.669E-09  7.119E-03  2.950E+02  3.866E+03
   0.12407  12    0.09153  16   1.013E+05  1.672E-10  9.196E-03  3.091E+02  4.346E+03
   0.12407  12    0.09784  17   1.013E+05 -4.335E-09  7.136E-03  2.950E+02  3.886E+03
   0.12407  12    0.10416  18   1.013E+05 -5.642E-09  6.065E-03  2.932E+02  3.468E+03
   0.12407  12    0.11047  19   1.013E+05 -6.251E-09  5.057E-03  2.930E+02  3.090E+03
   0.12407  12    0.11678  20   1.013E+05 -6.195E-09  4.233E-03  2.930E+02  2.752E+03
   0.12407  12    0.12309  21   1.013E+05 -5.844E-09  3.540E-03  2.930E+02  2.449E+03
   0.12407  12    0.12941  22   1.013E+05 -5.338E-09  2.961E-03  2.930E+02  2.179E+03
   0.12407  12    0.13572  23   1.013E+05 -4.776E-09  2.477E-03  2.930E+02  1.940E+03
   0.12407  12    0.14203  24   1.013E+05 -4.214E-09  2.072E-03  2.930E+02  1.729E+03
   0.12407  12    0.14834  25   1.013E+05 -3.681E-09  1.733E-03  2.930E+02  1.543E+03
   0.12407  12    0.15466  26   1.013E+05 -3.191E-09  1.450E-03  2.930E+02  1.379E+03
   0.12407  12    0.16097  27   1.013E+05 -2.751E-09  1.213E-03  2.930E+02  1.235E+03
   0.12407  12    0.16728  28   1.013E+05 -2.362E-09  1.014E-03  2.930E+02  1.110E+03
   0.12407  12    0.17359  29   1.013E+05 -2.020E-09  8.485E-04  2.930E+02  1.000E+03
   0.12407  12    0.17991  30   1.013E+05 -1.724E-09  7.098E-04  2.930E+02  9.043E+02
   0.12407  12    0.18622  31   1.013E+05 -1.468E-09  5.937E-04  2.930E+02  8.210E+02
   0.12407  12    0.19253  32   1.013E+05 -1.247E-09  4.966E-04  2.930E+02  7.485E+02
   0.12407  12    0.19884  33   1.013E+05 -1.059E-09  4.154E-04  2.930E+02  6.857E+02
   0.12407  12    0.20516  34   1.013E+05 -8.979E-10  3.475E-04  2.930E+02  6.312E+02
   0.12407  12    0.21147  35   1.013E+05 -7.610E-10  2.907E-04  2.930E+02  5.841E+02
   0.12407  12    0.21778  36   1.013E+05 -6.448E-10  2.431E-04  2.930E+02  5.433E+02
   0.12407  12    0.22409  37   1.013E+05 -5.459E-10  2.034E-04  2.930E+02  5.081E+02
   0.12407  12    0.23041  38   1.013E+05 -4.618E-10  1.701E-04  2.930E+02  4.777E+02
   0.12407  12    0.23672  39   1.013E+05 -3.899E-10  1.423E-04  2.930E+02  4.514E+02
   0.12407  12    0.24303  40   1.013E+05 -3.284E-10  1.190E-04  2.930E+02  4.289E+02
   0.12407  12    0.24934  41   1.013E+05 -2.757E-10  9.957E-05  2.930E+02  4.094E+02
   0.12407  12    0.25566  42   1.013E+05 -2.308E-10  8.329E-05  2.930E+02  3.927E+02
   0.12407  12    0.26197  43   1.013E+05 -1.925E-10  6.967E-05  2.930E+02  3.784E+02
   0.12407  12    0.26828  44   1.013E+05 -1.602E-10  5.828E-05  2.930E+02  3.661E+02
   0.12407  12    0.27459  45   1.013E+05 -1.333E-10  4.875E-05  2.930E+02  3.555E+02
   0.12407  12    0.28091  46   1.013E+05 -1.110E-10  4.078E-05  2.930E+02  3.464E+02
   0.12407  12    0.28722  47   1.013E+05 -9.276E-11  3.411E-05  2.930E+02  3.386E+02
   0.12407  12    0.29353  48   1.013E+05 -7.770E-11  2.853E-05  2.930E+02  3.320E+02
   0.12407  12    0.29984  49   1.013E+05 -6.549E-11  2.386E-05  2.930E+02  3.263E+02
   0.12407  12    0.30616  50   1.013E+05 -5.520E-11  1.996E-05  2.930E+02  3.214E+02
   0.12407  12    0.31247  51   1.013E+05 -4.639E-11  1.670E-05  2.930E+02  3.172E+02
   0.12407  12    0.31878  52   1.013E+05 -3.866E-11  1.397E-05  2.930E+02  3.136E+02
   0.12407  12    0.32509  53   1.013E+05 -3.190E-11  1.168E-05  2.930E+02  3.106E+02
   0.12407  12    0.33141  54   1.013E+05 -2.593E-11  9.774E-06  2.930E+02  3.080E+02
   0.12407  12    0.33772  55   1.013E+05 -2.082E-11  8.176E-06  2.930E+02  3.058E+02
   0.12407  12    0.34403  56   1.013E+05 -1.668E-11  6.839E-06  2.930E+02  3.039E+02
   0.12407  12    0.35034  57   1.013E+05 -1.355E-11  5.721E-06  2.930E+02  3.023E+02
   0.12407  12    0.35666  58   1.013E+05 -1.150E-11  4.786E-06  2.930E+02  3.009E+02
   0.12407  12    0.36297  59   1.013E+05 -1.042E-11  4.004E-06  2.930E+02  2.997E+02
   0.12407  12    0.36928  60   1.013E+05 -1.004E-11  3.349E-06  2.930E+02  2.987E+02
   0.12407  12    0.37559  61   1.013E+05 -1.016E-11  2.802E-06  2.930E+02  2.979E+02
   0.12407  12    0.38191  62   1.013E+05 -1.016E-11  2.345E-06  2.930E+02  2.971E+02
   0.12407  12    0.38822  63   1.013E+05 -9.958E-12  1.962E-06  2.930E+02  2.965E+02
   0.12407  12    0.39453  64   1.013E+05 -9.039E-12  1.642E-06  2.930E+02  2.960E+02
   0.12407  12    0.40084  65   1.013E+05 -7.617E-12  1.375E-06  2.930E+02  2.955E+02
   0.12407  12    0.40716  66   1.013E+05 -5.745E-12  1.151E-06  2.930E+02  2.952E+02
   0.12407  12    0.41347  67   1.013E+05 -3.668E-12  9.647E-07  2.930E+02  2.948E+02
   0.12407  12    0.41978  68   1.013E+05 -1.651E-12  8.089E-07  2.930E+02  2.946E+02
   0.12407  12    0.42609  69   1.013E+05 -1.811E-13  6.789E-07  2.930E+02  2.943E+02
   0.12407  12    0.43241  70   1.013E+05  7.647E-13  5.707E-07  2.930E+02  2.941E+02
   0.12407  12    0.43872  71   1.013E+05  7.699E-13  4.807E-07  2.930E+02  2.940E+02
   0.12407  12    0.44503  72   1.013E+05  3.046E-13  4.061E-07  2.930E+02  2.938E+02
   0.12407  12    0.45134  73   1.013E+05 -7.050E-13  3.444E-07  2.930E+02  2.937E+02
   0.12407  12    0.45766  74   1.013E+05 -1.740E-12  2.938E-07  2.930E+02  2.936E+02
   0.12407  12    0.46397  75   1.013E+05 -2.716E-12  2.525E-07  2.930E+02  2.935E+02
   0.12407  12    0.47028  76   1.013E+05 -3.282E-12  2.193E-07  2.930E+02  2.935E+02
   0.12407  12    0.47659  77   1.013E+05 -3.461E-12  1.930E-07  2.930E+02  2.934E+02
   0.12407  12    0.48291  78   1.013E+05 -3.195E-12  1.739E-07  2.930E+02  2.934E+02
   0.12407  12    0.48922  79   1.013E+05 -2.634E-12  1.544E-07  2.930E+02  2.934E+02
   0.12407  12    0.49553  80   1.013E+05 -1.730E-12  1.741E-07  2.930E+02  2.933E+02
   0.12407  12    0.50184  81   1.013E+05 -1.197E-12 -8.079E-12  2.930E+02  2.933E+02
   0.12407  12    0.50500  82   1.013E+05  0.000E+00 -8.079E-12  2.930E+02  2.933E+02
