# xp i yp j p u v ts tf
   0.00000   1    0.00000   1   1.012E+05 -1.817E-07  9.622E-05  2.930E+02  3.823E+02
   0.00000   1    0.00316   2   1.012E+05 -1.817E-07  9.622E-05  2.930E+02  3.823E+02
   0.00000   1    0.00947   3   1.012E+05 -1.880E-07  2.280E-03  2.930E+02  5.606E+02
   0.00000   1    0.01578   4   1.012E+05 -1.937E-07  3.834E-03  2.930E+02  7.402E+02
   0.00000   1    0.02209   5   1.012E+05 -1.994E-07  5.545E-03  2.930E+02  9.234E+02
   0.00000   1    0.02841   6   1.012E+05 -1.962E-07  7.379E-03  2.930E+02  1.111E+03
   0.00000   1    0.03472   7   1.012E+05 -1.910E-07  9.291E-03  2.930E+02  1.306E+03
   0.00000   1    0.04103   8   1.012E+05 -1.491E-07  1.122E-02  2.931E+02  1.510E+03
   0.00000   1    0.04734   9   1.012E+05  1.819E-08  1.309E-02  2.934E+02  1.722E+03
   0.00000   1    0.05366  10   1.012E+05  2.206E-07  1.482E-02  2.940E+02  1.945E+03
   0.00000   1    0.05997  11   1.012E+05 -4.663E-08  1.635E-02  2.957E+02  2.178E+03
   0.00000   1    0.06628  12   1.012E+05 -2.936E-07  1.763E-02  2.997E+02  2.428E+03
   0.00000   1    0.07259  13   1.012E+05 -3.953E-07  1.863E-02  3.080E+02  2.704E+03
   0.00000   1    0.07891  14   1.012E+05 -4.700E-07  1.928E-02  3.239E+02  3.034E+03
   0.00000   1    0.08522  15   1.012E+05 -5.780E-07  1.940E-02  3.512E+02  3.492E+03
   0.00000   1    0.09153  16   1.012E+05 -7.185E-07  2.042E-02  3.934E+02  4.293E+03
   0.00000   1    0.09784  17   1.013E+05 -5.109E-07  1.820E-02  3.512E+02  4.409E+03
   0.00000   1    0.10416  18   1.013E+05  2.242E-08  1.761E-02  3.239E+02  4.506E+03
   0.00000   1    0.11047  19   1.013E+05  2.994E-07  1.707E-02  3.080E+02  4.587E+03
   0.00000   1    0.11678  20   1.013E+05  3.523E-07  1.653E-02  2.997E+02  4.658E+03
   0.00000   1    0.12309  21   1.013E+05  3.419E-07  1.594E-02  2.957E+02  4.721E+03
   0.00000   1    0.12941  22   1.013E+05  2.925E-07  1.529E-02  2.940E+02  4.775E+03
   0.00000   1    0.13572  23   1.013E+05  2.333E-07  1.456E-02  2.934E+02  4.822E+03
   0.00000   1    0.14203  24   1.013E+05  1.503E-07  1.374E-02  2.931E+02  4.860E+03
   0.00000   1    0.14834  25   1.013E+05  7.793E-08  1.285E-02  2.930E+02  4.886E+03
   0.00000   1    0.15466  26   1.013E+05  1.432E-08  1.192E-02  2.930E+02  4.898E+03
   0.00000   1    0.16097  27   1.013E+05 -6.792E-08  1.095E-02  2.930E+02  4.892E+03
   0.00000   1    0.16728  28   1.013E+05 -8.923E-08  9.957E-03  2.930E+02  4.865E+03
   0.00000   1    0.17359  29   1.013E+05 -5.419E-07  8.987E-03  2.930E+02  4.813E+03
   0.00000   1    0.17991  30   1.013E+05 -3.267E-07  8.073E-03  2.930E+02  4.734E+03
   0.00000   1    0.18622  31   1.013E+05 -1.531E-07  7.202E-03  2.930E+02  4.628E+03
   0.00000   1    0.19253  32   1.013E+05 -1.154E-07  6.367E-03  2.930E+02  4.496E+03
   0.00000   1    0.19884  33   1.013E+05 -8.672E-08  5.612E-03  2.930E+02  4.339E+03
   0.00000   1    0.20516  34   1.013E+05 -7.269E-08  4.942E-03  2.930E+02  4.163E+03
   0.00000   1    0.21147  35   1.013E+05 -6.199E-08  4.321E-03  2.930E+02  3.972E+03
   0.00000   1    0.21778  36   1.013E+05 -5.324E-08  3.751E-03  2.930E+02  3.770E+03
   0.00000   1    0.22409  37   1.013E+05 -4.545E-08  3.262E-03  2.930E+02  3.564E+03
   0.00000   1    0.23041  38   1.013E+05 -3.842E-08  2.839E-03  2.930E+02  3.359E+03
   0.00000   1    0.23672  39   1.013E+05 -3.212E-08  2.453E-03  2.930E+02  3.158E+03
   0.00000   1    0.24303  40   1.013E+05 -2.656E-08  2.117E-03  2.930E+02  2.964E+03
   0.00000   1    0.24934  41   1.013E+05 -2.174E-08  1.828E-03  2.930E+02  2.780E+03
   0.00000   1    0.25566  42   1.013E+05 -1.760E-08  1.582E-03  2.930E+02  2.608E+03
   0.00000   1    0.26197  43   1.013E+05 -1.411E-08  1.359E-03  2.930E+02  2.449E+03
   0.00000   1    0.26828  44   1.013E+05 -1.122E-08  1.157E-03  2.930E+02  2.303E+03
   0.00000   1    0.27459  45   1.013E+05 -8.850E-09  9.934E-04  2.930E+02  2.171E+03
   0.00000   1    0.28091  46   1.013E+05 -6.915E-09  8.558E-04  2.930E+02  2.052E+03
   0.00000   1    0.28722  47   1.013E+05 -5.356E-09  7.274E-04  2.930E+02  1.945E+03
   0.00000   1    0.29353  48   1.013E+05 -4.122E-09  6.200E-04  2.930E+02  1.851E+03
   0.00000   1    0.29984  49   1.013E+05 -3.137E-09  5.377E-04  2.930E+02  1.767E+03
   0.00000   1    0.30616  50   1.013E+05 -2.352E-09  4.577E-04  2.930E+02  1.693E+03
   0.00000   1    0.31247  51   1.013E+05 -1.750E-09  3.784E-04  2.930E+02  1.629E+03
   0.00000   1    0.31878  52   1.013E+05 -1.299E-09  3.176E-04  2.930E+02  1.572E+03
   0.00000   1    0.32509  53   1.013E+05 -9.523E-10  2.711E-04  2.930E+02  1.524E+03
   0.00000   1    0.33141  54   1.013E+05 -6.845E-10  2.317E-04  2.930E+02  1.481E+03
   0.00000   1    0.33772  55   1.013E+05 -4.761E-10  1.998E-04  2.930E+02  1.445E+03
   0.00000   1    0.34403  56   1.013E+05 -3.108E-10  1.694E-04  2.930E+02  1.413E+03
   0.00000   1    0.35034  57   1.013E+05 -1.949E-10  1.312E-04  2.930E+02  1.386E+03
   0.00000   1    0.35666  58   1.013E+05 -1.304E-10  1.024E-04  2.930E+02  1.363E+03
   0.00000   1    0.36297  59   1.013E+05 -7.933E-11  9.616E-05  2.930E+02  1.343E+03
   0.00000   1    0.36928  60   1.013E+05 -2.047E-11  8.593E-05  2.930E+02  1.326E+03
   0.00000   1    0.37559  61   1.013E+05  1.946E-11  6.089E-05  2.930E+02  1.312E+03
   0.00000   1    0.38191  62   1.013E+05  2.848E-11  3.923E-05  2.930E+02  1.300E+03
   0.00000   1    0.38822  63   1.013E+05  3.208E-11  3.178E-05  2.930E+02  1.290E+03
   0.00000   1    0.39453  64   1.013E+05  4.106E-11  2.438E-05  2.930E+02  1.282E+03
   0.00000   1    0.40084  65   1.013E+05  3.944E-11  1.038E-05  2.930E+02  1.274E+03
   0.00000   1    0.40716  66   1.013E+05  2.680E-11  4.245E-06  2.930E+02  1.268E+03
   0.00000   1    0.41347  67   1.013E+05  1.840E-11  4.176E-06  2.930E+02  1.264E+03
   0.00000   1    0.41978  68   1.013E+05  1.626E-11  3.645E-06  2.930E+02  1.259E+03
   0.00000   1    0.42609  69   1.013E+05  2.041E-11  4.626E-06  2.930E+02  1.256E+03
   0.00000   1    0.43241  70   1.013E+05  2.891E-11  5.629E-07  2.930E+02  1.253E+03
   0.00000   1    0.43872  71   1.013E+05  2.758E-11 -9.731E-06  2.930E+02  1.251E+03
   0.00000   1    0.44503  72   1.013E+05  1.686E-11 -1.341E-05  2.930E+02  1.249E+03
   0.00000   1    0.45134  73   1.013E+05  1.006E-11 -1.182E-05  2.930E+02  1.248E+03
   0.00000   1    0.45766  74   1.013E+05  1.143E-11 -1.024E-05  2.930E+02  1.246E+03
   0.00000   1    0.46397  75   1.013E+05  1.586E-11 -1.373E-05  2.930E+02  1.246E+03
   0.00000   1    0.47028  76   1.013E+05  6.798E-12 -2.465E-05  2.930E+02  1.245E+03
   0.00000   1    0.47659  77   1.013E+05 -1.484E-11 -2.405E-05  2.930E+02  1.244E+03
   0.00000   1    0.48291  78   1.013E+05 -1.965E-11 -1.077E-05  2.930E+02  1.244E+03
   0.00000   1    0.48922  79   1.013E+05 -1.010E-11 -1.087E-05  2.930E+02  1.243E+03
   0.00000   1    0.49553  80   1.013E+05 -1.917E-11 -1.969E-05  2.930E+02  1.243E+03
   0.00000   1    0.50184  81   1.013E+05 -2.859E-11 -1.612E-06  2.930E+02  1.243E+03
   0.00000   1    0.50500  82   1.013E+05 -2.859E-11 -1.612E-06  2.930E+02  1.243E+03
   0.00620   2    0.00000   1   1.012E+05  0.000E+00  0.000E+00  2.930E+02  2.930E+02
   0.00620   2    0.00316   2   1.012E+05 -1.817E-07  9.622E-05  2.930E+02  3.823E+02
   0.00620   2    0.00947   3   1.012E+05 -1.880E-07  2.280E-03  2.930E+02  5.606E+02
   0.00620   2    0.01578   4   1.012E+05 -1.937E-07  3.834E-03  2.930E+02  7.402E+02
   0.00620   2    0.02209   5   1.012E+05 -1.994E-07  5.545E-03  2.930E+02  9.234E+02
   0.00620   2    0.02841   6   1.012E+05 -1.962E-07  7.379E-03  2.930E+02  1.111E+03
   0.00620   2    0.03472   7   1.012E+05 -1.910E-07  9.291E-03  2.930E+02  1.306E+03
   0.00620   2    0.04103   8   1.012E+05 -1.491E-07  1.122E-02  2.931E+02  1.510E+03
   0.00620   2    0.04734   9   1.012E+05  1.819E-08  1.309E-02  2.934E+02  1.722E+03
   0.00620   2    0.05366  10   1.012E+05  2.206E-07  1.482E-02  2.940E+02  1.945E+03
   0.00620   2    0.05997  11   1.012E+05 -4.663E-08  1.635E-02  2.957E+02  2.178E+03
   0.00620   2    0.06628  12   1.012E+05 -2.936E-07  1.763E-02  2.997E+02  2.428E+03
   0.00620   2    0.07259  13   1.012E+05 -3.953E-07  1.863E-02  3.080E+02  2.704E+03
   0.00620   2    0.07891  14   1.012E+05 -4.700E-07  1.928E-02  3.239E+02  3.034E+03
   0.00620   2    0.08522  15   1.012E+05 -5.780E-07  1.940E-02  3.512E+02  3.492E+03
   0.00620   2    0.09153  16   1.012E+05 -7.185E-07  2.042E-02  3.934E+02  4.293E+03
   0.00620   2    0.09784  17   1.013E+05 -5.109E-07  1.820E-02  3.512E+02  4.409E+03
   0.00620   2    0.10416  18   1.013E+05  2.242E-08  1.761E-02  3.239E+02  4.506E+03
   0.00620   2    0.11047  19   1.013E+05  2.994E-07  1.707E-02  3.080E+02  4.587E+03
   0.00620   2    0.11678  20   1.013E+05  3.523E-07  1.653E-02  2.997E+02  4.658E+03
   0.00620   2    0.12309  21   1.013E+05  3.419E-07  1.594E-02  2.957E+02  4.721E+03
   0.00620   2    0.12941  22   1.013E+05  2.925E-07  1.529E-02  2.940E+02  4.775E+03
   0.00620   2    0.13572  23   1.013E+05  2.333E-07  1.456E-02  2.934E+02  4.822E+03
   0.00620   2    0.14203  24   1.013E+05  1.503E-07  1.374E-02  2.931E+02  4.860E+03
   0.00620   2    0.14834  25   1.013E+05  7.793E-08  1.285E-02  2.930E+02  4.886E+03
   0.00620   2    0.15466  26   1.013E+05  1.432E-08  1.192E-02  2.930E+02  4.898E+03
   0.00620   2    0.16097  27   1.013E+05 -6.792E-08  1.095E-02  2.930E+02  4.892E+03
   0.00620   2    0.16728  28   1.013E+05 -8.923E-08  9.957E-03  2.930E+02  4.865E+03
   0.00620   2    0.17359  29   1.013E+05 -5.419E-07  8.987E-03  2.930E+02  4.813E+03
   0.00620   2    0.17991  30   1.013E+05 -3.267E-07  8.073E-03  2.930E+02  4.734E+03
   0.00620   2    0.18622  31   1.013E+05 -1.531E-07  7.202E-03  2.930E+02  4.628E+03
   0.00620   2    0.19253  32   1.013E+05 -1.154E-07  6.367E-03  2.930E+02  4.496E+03
   0.00620   2    0.19884  33   1.013E+05 -8.672E-08  5.612E-03  2.930E+02  4.339E+03
   0.00620   2    0.20516  34   1.013E+05 -7.269E-08  4.942E-03  2.930E+02  4.163E+03
   0.00620   2    0.21147  35   1.013E+05 -6.199E-08  4.321E-03  2.930E+02  3.972E+03
   0.00620   2    0.21778  36   1.013E+05 -5.324E-08  3.751E-03  2.930E+02  3.770E+03
   0.00620   2    0.22409  37   1.013E+05 -4.545E-08  3.262E-03  2.930E+02  3.564E+03
   0.00620   2    0.23041  38   1.013E+05 -3.842E-08  2.839E-03  2.930E+02  3.359E+03
   0.00620   2    0.23672  39   1.013E+05 -3.212E-08  2.453E-03  2.930E+02  3.158E+03
   0.00620   2    0.24303  40   1.013E+05 -2.656E-08  2.117E-03  2.930E+02  2.964E+03
   0.00620   2    0.24934  41   1.013E+05 -2.174E-08  1.828E-03  2.930E+02  2.780E+03
   0.00620   2    0.25566  42   1.013E+05 -1.760E-08  1.582E-03  2.930E+02  2.608E+03
   0.00620   2    0.26197  43   1.013E+05 -1.411E-08  1.359E-03  2.930E+02  2.449E+03
   0.00620   2    0.26828  44   1.013E+05 -1.122E-08  1.157E-03  2.930E+02  2.303E+03
   0.00620   2    0.27459  45   1.013E+05 -8.850E-09  9.934E-04  2.930E+02  2.171E+03
   0.00620   2    0.28091  46   1.013E+05 -6.915E-09  8.558E-04  2.930E+02  2.052E+03
   0.00620   2    0.28722  47   1.013E+05 -5.356E-09  7.274E-04  2.930E+02  1.945E+03
   0.00620   2    0.29353  48   1.013E+05 -4.122E-09  6.200E-04  2.930E+02  1.851E+03
   0.00620   2    0.29984  49   1.013E+05 -3.137E-09  5.377E-04  2.930E+02  1.767E+03
   0.00620   2    0.30616  50   1.013E+05 -2.352E-09  4.577E-04  2.930E+02  1.693E+03
   0.00620   2    0.31247  51   1.013E+05 -1.750E-09  3.784E-04  2.930E+02  1.629E+03
   0.00620   2    0.31878  52   1.013E+05 -1.299E-09  3.176E-04  2.930E+02  1.572E+03
   0.00620   2    0.32509  53   1.013E+05 -9.523E-10  2.711E-04  2.930E+02  1.524E+03
   0.00620   2    0.33141  54   1.013E+05 -6.845E-10  2.317E-04  2.930E+02  1.481E+03
   0.00620   2    0.33772  55   1.013E+05 -4.761E-10  1.998E-04  2.930E+02  1.445E+03
   0.00620   2    0.34403  56   1.013E+05 -3.108E-10  1.694E-04  2.930E+02  1.413E+03
   0.00620   2    0.35034  57   1.013E+05 -1.949E-10  1.312E-04  2.930E+02  1.386E+03
   0.00620   2    0.35666  58   1.013E+05 -1.304E-10  1.024E-04  2.930E+02  1.363E+03
   0.00620   2    0.36297  59   1.013E+05 -7.933E-11  9.616E-05  2.930E+02  1.343E+03
   0.00620   2    0.36928  60   1.013E+05 -2.047E-11  8.593E-05  2.930E+02  1.326E+03
   0.00620   2    0.37559  61   1.013E+05  1.946E-11  6.089E-05  2.930E+02  1.312E+03
   0.00620   2    0.38191  62   1.013E+05  2.848E-11  3.923E-05  2.930E+02  1.300E+03
   0.00620   2    0.38822  63   1.013E+05  3.208E-11  3.178E-05  2.930E+02  1.290E+03
   0.00620   2    0.39453  64   1.013E+05  4.106E-11  2.438E-05  2.930E+02  1.282E+03
   0.00620   2    0.40084  65   1.013E+05  3.944E-11  1.038E-05  2.930E+02  1.274E+03
   0.00620   2    0.40716  66   1.013E+05  2.680E-11  4.245E-06  2.930E+02  1.268E+03
   0.00620   2    0.41347  67   1.013E+05  1.840E-11  4.176E-06  2.930E+02  1.264E+03
   0.00620   2    0.41978  68   1.013E+05  1.626E-11  3.645E-06  2.930E+02  1.259E+03
   0.00620   2    0.42609  69   1.013E+05  2.041E-11  4.626E-06  2.930E+02  1.256E+03
   0.00620   2    0.43241  70   1.013E+05  2.891E-11  5.629E-07  2.930E+02  1.253E+03
   0.00620   2    0.43872  71   1.013E+05  2.758E-11 -9.731E-06  2.930E+02  1.251E+03
   0.00620   2    0.44503  72   1.013E+05  1.686E-11 -1.341E-05  2.930E+02  1.249E+03
   0.00620   2    0.45134  73   1.013E+05  1.006E-11 -1.182E-05  2.930E+02  1.248E+03
   0.00620   2    0.45766  74   1.013E+05  1.143E-11 -1.024E-05  2.930E+02  1.246E+03
   0.00620   2    0.46397  75   1.013E+05  1.586E-11 -1.373E-05  2.930E+02  1.246E+03
   0.00620   2    0.47028  76   1.013E+05  6.798E-12 -2.465E-05  2.930E+02  1.245E+03
   0.00620   2    0.47659  77   1.013E+05 -1.484E-11 -2.405E-05  2.930E+02  1.244E+03
   0.00620   2    0.48291  78   1.013E+05 -1.965E-11 -1.077E-05  2.930E+02  1.244E+03
   0.00620   2    0.48922  79   1.013E+05 -1.010E-11 -1.087E-05  2.930E+02  1.243E+03
   0.00620   2    0.49553  80   1.013E+05 -1.917E-11 -1.969E-05  2.930E+02  1.243E+03
   0.00620   2    0.50184  81   1.013E+05 -2.859E-11 -1.612E-06  2.930E+02  1.243E+03
   0.00620   2    0.50500  82   1.013E+05  0.000E+00 -1.612E-06  2.930E+02  1.243E+03
   0.01861   3    0.00000   1   1.012E+05  0.000E+00  0.000E+00  2.930E+02  2.930E+02
   0.01861   3    0.00316   2   1.012E+05 -3.726E-07  9.617E-05  2.930E+02  3.823E+02
   0.01861   3    0.00947   3   1.012E+05 -3.841E-07  2.280E-03  2.930E+02  5.606E+02
   0.01861   3    0.01578   4   1.012E+05 -3.856E-07  3.834E-03  2.930E+02  7.402E+02
   0.01861   3    0.02209   5   1.012E+05 -3.700E-07  5.544E-03  2.930E+02  9.233E+02
   0.01861   3    0.02841   6   1.012E+05 -2.939E-07  7.379E-03  2.930E+02  1.111E+03
   0.01861   3    0.03472   7   1.012E+05 -2.371E-07  9.290E-03  2.930E+02  1.306E+03
   0.01861   3    0.04103   8   1.012E+05  2.115E-08  1.122E-02  2.931E+02  1.509E+03
   0.01861   3    0.04734   9   1.012E+05 -2.060E-08  1.309E-02  2.934E+02  1.722E+03
   0.01861   3    0.05366  10   1.012E+05  1.847E-07  1.482E-02  2.940E+02  1.944E+03
   0.01861   3    0.05997  11   1.012E+05 -1.770E-07  1.635E-02  2.957E+02  2.178E+03
   0.01861   3    0.06628  12   1.012E+05 -4.863E-07  1.763E-02  2.997E+02  2.428E+03
   0.01861   3    0.07259  13   1.012E+05 -6.827E-07  1.863E-02  3.080E+02  2.704E+03
   0.01861   3    0.07891  14   1.012E+05 -8.460E-07  1.928E-02  3.239E+02  3.034E+03
   0.01861   3    0.08522  15   1.012E+05 -6.524E-08  1.940E-02  3.512E+02  3.492E+03
   0.01861   3    0.09153  16   1.012E+05 -1.736E-06  2.042E-02  3.934E+02  4.292E+03
   0.01861   3    0.09784  17   1.013E+05 -4.671E-06  1.820E-02  3.512E+02  4.409E+03
   0.01861   3    0.10416  18   1.013E+05 -7.265E-07  1.761E-02  3.239E+02  4.505E+03
   0.01861   3    0.11047  19   1.013E+05  1.415E-06  1.707E-02  3.080E+02  4.587E+03
   0.01861   3    0.11678  20   1.013E+05  8.738E-07  1.653E-02  2.997E+02  4.658E+03
   0.01861   3    0.12309  21   1.013E+05  7.413E-07  1.594E-02  2.957E+02  4.721E+03
   0.01861   3    0.12941  22   1.013E+05  5.472E-07  1.529E-02  2.940E+02  4.775E+03
   0.01861   3    0.13572  23   1.013E+05  3.608E-07  1.456E-02  2.934E+02  4.822E+03
   0.01861   3    0.14203  24   1.013E+05  2.041E-07  1.374E-02  2.931E+02  4.860E+03
   0.01861   3    0.14834  25   1.013E+05  4.744E-08  1.285E-02  2.930E+02  4.886E+03
   0.01861   3    0.15466  26   1.013E+05 -1.194E-07  1.192E-02  2.930E+02  4.898E+03
   0.01861   3    0.16097  27   1.013E+05 -4.558E-07  1.095E-02  2.930E+02  4.892E+03
   0.01861   3    0.16728  28   1.013E+05 -7.605E-07  9.957E-03  2.930E+02  4.865E+03
   0.01861   3    0.17359  29   1.013E+05 -1.073E-06  8.987E-03  2.930E+02  4.813E+03
   0.01861   3    0.17991  30   1.013E+05 -6.331E-07  8.074E-03  2.930E+02  4.734E+03
   0.01861   3    0.18622  31   1.013E+05 -3.757E-07  7.203E-03  2.930E+02  4.628E+03
   0.01861   3    0.19253  32   1.013E+05 -2.811E-07  6.368E-03  2.930E+02  4.496E+03
   0.01861   3    0.19884  33   1.013E+05 -2.192E-07  5.613E-03  2.930E+02  4.339E+03
   0.01861   3    0.20516  34   1.013E+05 -1.825E-07  4.942E-03  2.930E+02  4.163E+03
   0.01861   3    0.21147  35   1.013E+05 -1.548E-07  4.321E-03  2.930E+02  3.972E+03
   0.01861   3    0.21778  36   1.013E+05 -1.321E-07  3.751E-03  2.930E+02  3.770E+03
   0.01861   3    0.22409  37   1.013E+05 -1.122E-07  3.262E-03  2.930E+02  3.564E+03
   0.01861   3    0.23041  38   1.013E+05 -9.463E-08  2.839E-03  2.930E+02  3.359E+03
   0.01861   3    0.23672  39   1.013E+05 -7.903E-08  2.453E-03  2.930E+02  3.158E+03
   0.01861   3    0.24303  40   1.013E+05 -6.537E-08  2.117E-03  2.930E+02  2.964E+03
   0.01861   3    0.24934  41   1.013E+05 -5.355E-08  1.828E-03  2.930E+02  2.780E+03
   0.01861   3    0.25566  42   1.013E+05 -4.346E-08  1.582E-03  2.930E+02  2.608E+03
   0.01861   3    0.26197  43   1.013E+05 -3.495E-08  1.359E-03  2.930E+02  2.449E+03
   0.01861   3    0.26828  44   1.013E+05 -2.789E-08  1.157E-03  2.930E+02  2.303E+03
   0.01861   3    0.27459  45   1.013E+05 -2.210E-08  9.934E-04  2.930E+02  2.171E+03
   0.01861   3    0.28091  46   1.013E+05 -1.737E-08  8.558E-04  2.930E+02  2.052E+03
   0.01861   3    0.28722  47   1.013E+05 -1.356E-08  7.274E-04  2.930E+02  1.945E+03
   0.01861   3    0.29353  48   1.013E+05 -1.052E-08  6.200E-04  2.930E+02  1.851E+03
   0.01861   3    0.29984  49   1.013E+05 -8.094E-09  5.377E-04  2.930E+02  1.767E+03
   0.01861   3    0.30616  50   1.013E+05 -6.171E-09  4.577E-04  2.930E+02  1.693E+03
   0.01861   3    0.31247  51   1.013E+05 -4.677E-09  3.784E-04  2.930E+02  1.629E+03
   0.01861   3    0.31878  52   1.013E+05 -3.530E-09  3.176E-04  2.930E+02  1.572E+03
   0.01861   3    0.32509  53   1.013E+05 -2.644E-09  2.711E-04  2.930E+02  1.524E+03
   0.01861   3    0.33141  54   1.013E+05 -1.958E-09  2.317E-04  2.930E+02  1.481E+03
   0.01861   3    0.33772  55   1.013E+05 -1.427E-09  1.998E-04  2.930E+02  1.445E+03
   0.01861   3    0.34403  56   1.013E+05 -1.014E-09  1.694E-04  2.930E+02  1.413E+03
   0.01861   3    0.35034  57   1.013E+05 -7.095E-10  1.312E-04  2.930E+02  1.386E+03
   0.01861   3    0.35666  58   1.013E+05 -5.032E-10  1.024E-04  2.930E+02  1.363E+03
   0.01861   3    0.36297  59   1.013E+05 -3.443E-10  9.616E-05  2.930E+02  1.343E+03
   0.01861   3    0.36928  60   1.013E+05 -2.019E-10  8.593E-05  2.930E+02  1.326E+03
   0.01861   3    0.37559  61   1.013E+05 -9.912E-11  6.089E-05  2.930E+02  1.312E+03
   0.01861   3    0.38191  62   1.013E+05 -4.447E-11  3.923E-05  2.930E+02  1.300E+03
   0.01861   3    0.38822  63   1.013E+05 -7.239E-12  3.178E-05  2.930E+02  1.290E+03
   0.01861   3    0.39453  64   1.013E+05  2.718E-11  2.438E-05  2.930E+02  1.282E+03
   0.01861   3    0.40084  65   1.013E+05  4.345E-11  1.038E-05  2.930E+02  1.274E+03
   0.01861   3    0.40716  66   1.013E+05  4.305E-11  4.245E-06  2.930E+02  1.268E+03
   0.01861   3    0.41347  67   1.013E+05  4.370E-11  4.175E-06  2.930E+02  1.264E+03
   0.01861   3    0.41978  68   1.013E+05  4.871E-11  3.645E-06  2.930E+02  1.259E+03
   0.01861   3    0.42609  69   1.013E+05  5.869E-11  4.626E-06  2.930E+02  1.256E+03
   0.01861   3    0.43241  70   1.013E+05  7.147E-11  5.629E-07  2.930E+02  1.253E+03
   0.01861   3    0.43872  71   1.013E+05  7.199E-11 -9.732E-06  2.930E+02  1.251E+03
   0.01861   3    0.44503  72   1.013E+05  6.042E-11 -1.341E-05  2.930E+02  1.249E+03
   0.01861   3    0.45134  73   1.013E+05  5.171E-11 -1.182E-05  2.930E+02  1.248E+03
   0.01861   3    0.45766  74   1.013E+05  5.048E-11 -1.024E-05  2.930E+02  1.246E+03
   0.01861   3    0.46397  75   1.013E+05  5.122E-11 -1.373E-05  2.930E+02  1.246E+03
   0.01861   3    0.47028  76   1.013E+05  3.634E-11 -2.465E-05  2.930E+02  1.245E+03
   0.01861   3    0.47659  77   1.013E+05  7.125E-12 -2.405E-05  2.930E+02  1.244E+03
   0.01861   3    0.48291  78   1.013E+05 -4.395E-12 -1.077E-05  2.930E+02  1.244E+03
   0.01861   3    0.48922  79   1.013E+05 -3.067E-13 -1.087E-05  2.930E+02  1.243E+03
   0.01861   3    0.49553  80   1.013E+05 -1.602E-11 -1.969E-05  2.930E+02  1.243E+03
   0.01861   3    0.50184  81   1.013E+05 -3.039E-11 -1.612E-06  2.930E+02  1.243E+03
   0.01861   3    0.50500  82   1.013E+05  0.000E+00 -1.612E-06  2.930E+02  1.243E+03
   0.03102   4    0.00000   1   1.012E+05  0.000E+00  0.000E+00  2.930E+02  2.930E+02
   0.03102   4    0.00316   2   1.012E+05 -3.815E-07  9.611E-05  2.930E+02  3.823E+02
   0.03102   4    0.00947   3   1.012E+05 -4.136E-07  2.279E-03  2.930E+02  5.605E+02
   0.03102   4    0.01578   4   1.012E+05 -4.052E-07  3.833E-03  2.930E+02  7.400E+02
   0.03102   4    0.02209   5   1.012E+05 -3.699E-07  5.544E-03  2.930E+02  9.232E+02
   0.03102   4    0.02841   6   1.012E+05 -1.084E-07  7.379E-03  2.930E+02  1.111E+03
   0.03102   4    0.03472   7   1.012E+05  1.493E-07  9.290E-03  2.930E+02  1.306E+03
   0.03102   4    0.04103   8   1.012E+05  1.812E-07  1.122E-02  2.931E+02  1.509E+03
   0.03102   4    0.04734   9   1.012E+05 -2.277E-07  1.309E-02  2.934E+02  1.722E+03
   0.03102   4    0.05366  10   1.012E+05 -2.905E-07  1.482E-02  2.940E+02  1.944E+03
   0.03102   4    0.05997  11   1.012E+05 -4.250E-07  1.635E-02  2.957E+02  2.178E+03
   0.03102   4    0.06628  12   1.012E+05 -4.416E-07  1.763E-02  2.997E+02  2.427E+03
   0.03102   4    0.07259  13   1.012E+05 -4.646E-07  1.863E-02  3.080E+02  2.703E+03
   0.03102   4    0.07891  14   1.012E+05 -4.656E-07  1.927E-02  3.239E+02  3.033E+03
   0.03102   4    0.08522  15   1.012E+05  5.492E-07  1.939E-02  3.512E+02  3.490E+03
   0.03102   4    0.09153  16   1.012E+05 -1.016E-06  2.041E-02  3.934E+02  4.290E+03
   0.03102   4    0.09784  17   1.013E+05 -4.296E-06  1.820E-02  3.512E+02  4.408E+03
   0.03102   4    0.10416  18   1.013E+05 -6.374E-07  1.762E-02  3.239E+02  4.504E+03
   0.03102   4    0.11047  19   1.013E+05  1.420E-06  1.707E-02  3.080E+02  4.586E+03
   0.03102   4    0.11678  20   1.013E+05  8.221E-07  1.653E-02  2.997E+02  4.657E+03
   0.03102   4    0.12309  21   1.013E+05  6.574E-07  1.594E-02  2.957E+02  4.720E+03
   0.03102   4    0.12941  22   1.013E+05  2.887E-07  1.529E-02  2.940E+02  4.775E+03
   0.03102   4    0.13572  23   1.013E+05 -9.687E-08  1.456E-02  2.934E+02  4.822E+03
   0.03102   4    0.14203  24   1.013E+05  3.801E-09  1.374E-02  2.931E+02  4.859E+03
   0.03102   4    0.14834  25   1.013E+05  6.605E-08  1.285E-02  2.930E+02  4.886E+03
   0.03102   4    0.15466  26   1.013E+05  4.985E-07  1.192E-02  2.930E+02  4.898E+03
   0.03102   4    0.16097  27   1.013E+05 -1.590E-06  1.095E-02  2.930E+02  4.892E+03
   0.03102   4    0.16728  28   1.013E+05 -5.207E-06  9.958E-03  2.930E+02  4.865E+03
   0.03102   4    0.17359  29   1.013E+05 -1.766E-06  8.989E-03  2.930E+02  4.813E+03
   0.03102   4    0.17991  30   1.013E+05  2.522E-07  8.075E-03  2.930E+02  4.734E+03
   0.03102   4    0.18622  31   1.013E+05 -2.160E-07  7.204E-03  2.930E+02  4.628E+03
   0.03102   4    0.19253  32   1.013E+05 -1.945E-07  6.368E-03  2.930E+02  4.496E+03
   0.03102   4    0.19884  33   1.013E+05 -2.027E-07  5.613E-03  2.930E+02  4.339E+03
   0.03102   4    0.20516  34   1.013E+05 -1.883E-07  4.943E-03  2.930E+02  4.163E+03
   0.03102   4    0.21147  35   1.013E+05 -1.697E-07  4.322E-03  2.930E+02  3.972E+03
   0.03102   4    0.21778  36   1.013E+05 -1.492E-07  3.751E-03  2.930E+02  3.770E+03
   0.03102   4    0.22409  37   1.013E+05 -1.288E-07  3.262E-03  2.930E+02  3.564E+03
   0.03102   4    0.23041  38   1.013E+05 -1.096E-07  2.839E-03  2.930E+02  3.359E+03
   0.03102   4    0.23672  39   1.013E+05 -9.201E-08  2.454E-03  2.930E+02  3.158E+03
   0.03102   4    0.24303  40   1.013E+05 -7.637E-08  2.117E-03  2.930E+02  2.964E+03
   0.03102   4    0.24934  41   1.013E+05 -6.275E-08  1.829E-03  2.930E+02  2.780E+03
   0.03102   4    0.25566  42   1.013E+05 -5.107E-08  1.582E-03  2.930E+02  2.608E+03
   0.03102   4    0.26197  43   1.013E+05 -4.121E-08  1.359E-03  2.930E+02  2.449E+03
   0.03102   4    0.26828  44   1.013E+05 -3.300E-08  1.157E-03  2.930E+02  2.303E+03
   0.03102   4    0.27459  45   1.013E+05 -2.624E-08  9.934E-04  2.930E+02  2.171E+03
   0.03102   4    0.28091  46   1.013E+05 -2.073E-08  8.558E-04  2.930E+02  2.052E+03
   0.03102   4    0.28722  47   1.013E+05 -1.627E-08  7.274E-04  2.930E+02  1.945E+03
   0.03102   4    0.29353  48   1.013E+05 -1.270E-08  6.200E-04  2.930E+02  1.851E+03
   0.03102   4    0.29984  49   1.013E+05 -9.854E-09  5.377E-04  2.930E+02  1.767E+03
   0.03102   4    0.30616  50   1.013E+05 -7.603E-09  4.577E-04  2.930E+02  1.693E+03
   0.03102   4    0.31247  51   1.013E+05 -5.835E-09  3.784E-04  2.930E+02  1.629E+03
   0.03102   4    0.31878  52   1.013E+05 -4.455E-09  3.176E-04  2.930E+02  1.572E+03
   0.03102   4    0.32509  53   1.013E+05 -3.383E-09  2.712E-04  2.930E+02  1.524E+03
   0.03102   4    0.33141  54   1.013E+05 -2.552E-09  2.317E-04  2.930E+02  1.481E+03
   0.03102   4    0.33772  55   1.013E+05 -1.911E-09  1.998E-04  2.930E+02  1.445E+03
   0.03102   4    0.34403  56   1.013E+05 -1.418E-09  1.694E-04  2.930E+02  1.413E+03
   0.03102   4    0.35034  57   1.013E+05 -1.043E-09  1.312E-04  2.930E+02  1.386E+03
   0.03102   4    0.35666  58   1.013E+05 -7.589E-10  1.024E-04  2.930E+02  1.363E+03
   0.03102   4    0.36297  59   1.013E+05 -5.433E-10  9.616E-05  2.930E+02  1.343E+03
   0.03102   4    0.36928  60   1.013E+05 -3.781E-10  8.593E-05  2.930E+02  1.326E+03
   0.03102   4    0.37559  61   1.013E+05 -2.541E-10  6.089E-05  2.930E+02  1.312E+03
   0.03102   4    0.38191  62   1.013E+05 -1.634E-10  3.923E-05  2.930E+02  1.300E+03
   0.03102   4    0.38822  63   1.013E+05 -9.658E-11  3.178E-05  2.930E+02  1.290E+03
   0.03102   4    0.39453  64   1.013E+05 -4.718E-11  2.438E-05  2.930E+02  1.282E+03
   0.03102   4    0.40084  65   1.013E+05 -1.221E-11  1.038E-05  2.930E+02  1.274E+03
   0.03102   4    0.40716  66   1.013E+05  1.186E-11  4.245E-06  2.930E+02  1.268E+03
   0.03102   4    0.41347  67   1.013E+05  2.920E-11  4.176E-06  2.930E+02  1.264E+03
   0.03102   4    0.41978  68   1.013E+05  4.229E-11  3.645E-06  2.930E+02  1.259E+03
   0.03102   4    0.42609  69   1.013E+05  5.234E-11  4.626E-06  2.930E+02  1.256E+03
   0.03102   4    0.43241  70   1.013E+05  5.943E-11  5.629E-07  2.930E+02  1.253E+03
   0.03102   4    0.43872  71   1.013E+05  6.257E-11 -9.732E-06  2.930E+02  1.251E+03
   0.03102   4    0.44503  72   1.013E+05  6.173E-11 -1.341E-05  2.930E+02  1.249E+03
   0.03102   4    0.45134  73   1.013E+05  5.905E-11 -1.182E-05  2.930E+02  1.248E+03
   0.03102   4    0.45766  74   1.013E+05  5.526E-11 -1.024E-05  2.930E+02  1.246E+03
   0.03102   4    0.46397  75   1.013E+05  4.984E-11 -1.373E-05  2.930E+02  1.246E+03
   0.03102   4    0.47028  76   1.013E+05  4.157E-11 -2.465E-05  2.930E+02  1.245E+03
   0.03102   4    0.47659  77   1.013E+05  3.102E-11 -2.405E-05  2.930E+02  1.244E+03
   0.03102   4    0.48291  78   1.013E+05  2.173E-11 -1.077E-05  2.930E+02  1.244E+03
   0.03102   4    0.48922  79   1.013E+05  1.423E-11 -1.087E-05  2.930E+02  1.243E+03
   0.03102   4    0.49553  80   1.013E+05  5.678E-12 -1.969E-05  2.930E+02  1.243E+03
   0.03102   4    0.50184  81   1.013E+05 -5.580E-13 -1.612E-06  2.930E+02  1.243E+03
   0.03102   4    0.50500  82   1.013E+05  0.000E+00 -1.612E-06  2.930E+02  1.243E+03
   0.04342   5    0.00000   1   1.012E+05  0.000E+00  0.000E+00  2.930E+02  2.930E+02
   0.04342   5    0.00316   2   1.012E+05 -2.953E-07  9.603E-05  2.930E+02  3.823E+02
   0.04342   5    0.00947   3   1.012E+05 -3.365E-07  2.279E-03  2.930E+02  5.605E+02
   0.04342   5    0.01578   4   1.012E+05 -3.378E-07  3.833E-03  2.930E+02  7.399E+02
   0.04342   5    0.02209   5   1.012E+05 -3.347E-07  5.544E-03  2.930E+02  9.230E+02
   0.04342   5    0.02841   6   1.012E+05 -1.064E-07  7.379E-03  2.930E+02  1.111E+03
   0.04342   5    0.03472   7   1.012E+05 -5.985E-08  9.289E-03  2.930E+02  1.305E+03
   0.04342   5    0.04103   8   1.012E+05 -7.392E-08  1.121E-02  2.931E+02  1.509E+03
   0.04342   5    0.04734   9   1.012E+05 -3.336E-07  1.309E-02  2.934E+02  1.721E+03
   0.04342   5    0.05366  10   1.012E+05 -5.661E-07  1.482E-02  2.940E+02  1.943E+03
   0.04342   5    0.05997  11   1.012E+05 -8.081E-07  1.635E-02  2.957E+02  2.177E+03
   0.04342   5    0.06628  12   1.012E+05 -5.249E-07  1.763E-02  2.997E+02  2.427E+03
   0.04342   5    0.07259  13   1.012E+05 -2.280E-07  1.862E-02  3.080E+02  2.702E+03
   0.04342   5    0.07891  14   1.012E+05 -3.529E-08  1.927E-02  3.239E+02  3.032E+03
   0.04342   5    0.08522  15   1.012E+05  1.905E-07  1.939E-02  3.512E+02  3.489E+03
   0.04342   5    0.09153  16   1.012E+05  2.136E-07  2.041E-02  3.934E+02  4.289E+03
   0.04342   5    0.09784  17   1.013E+05  3.002E-07  1.820E-02  3.512E+02  4.407E+03
   0.04342   5    0.10416  18   1.013E+05  3.563E-07  1.762E-02  3.239E+02  4.503E+03
   0.04342   5    0.11047  19   1.013E+05  5.449E-07  1.708E-02  3.080E+02  4.585E+03
   0.04342   5    0.11678  20   1.013E+05  4.978E-07  1.653E-02  2.997E+02  4.657E+03
   0.04342   5    0.12309  21   1.013E+05  4.033E-07  1.594E-02  2.957E+02  4.719E+03
   0.04342   5    0.12941  22   1.013E+05  9.588E-08  1.529E-02  2.940E+02  4.774E+03
   0.04342   5    0.13572  23   1.013E+05 -2.452E-07  1.456E-02  2.934E+02  4.821E+03
   0.04342   5    0.14203  24   1.013E+05 -9.606E-08  1.374E-02  2.931E+02  4.859E+03
   0.04342   5    0.14834  25   1.013E+05  2.474E-08  1.286E-02  2.930E+02  4.886E+03
   0.04342   5    0.15466  26   1.013E+05  5.160E-07  1.192E-02  2.930E+02  4.898E+03
   0.04342   5    0.16097  27   1.013E+05 -1.509E-06  1.094E-02  2.930E+02  4.892E+03
   0.04342   5    0.16728  28   1.013E+05 -5.062E-06  9.959E-03  2.930E+02  4.864E+03
   0.04342   5    0.17359  29   1.013E+05 -1.551E-06  9.000E-03  2.930E+02  4.813E+03
   0.04342   5    0.17991  30   1.013E+05  4.234E-07  8.079E-03  2.930E+02  4.734E+03
   0.04342   5    0.18622  31   1.013E+05 -9.265E-08  7.203E-03  2.930E+02  4.628E+03
   0.04342   5    0.19253  32   1.013E+05 -1.032E-07  6.369E-03  2.930E+02  4.496E+03
   0.04342   5    0.19884  33   1.013E+05 -1.343E-07  5.614E-03  2.930E+02  4.339E+03
   0.04342   5    0.20516  34   1.013E+05 -1.349E-07  4.943E-03  2.930E+02  4.163E+03
   0.04342   5    0.21147  35   1.013E+05 -1.270E-07  4.322E-03  2.930E+02  3.972E+03
   0.04342   5    0.21778  36   1.013E+05 -1.144E-07  3.751E-03  2.930E+02  3.770E+03
   0.04342   5    0.22409  37   1.013E+05 -1.002E-07  3.262E-03  2.930E+02  3.564E+03
   0.04342   5    0.23041  38   1.013E+05 -8.596E-08  2.840E-03  2.930E+02  3.359E+03
   0.04342   5    0.23672  39   1.013E+05 -7.257E-08  2.454E-03  2.930E+02  3.158E+03
   0.04342   5    0.24303  40   1.013E+05 -6.046E-08  2.117E-03  2.930E+02  2.964E+03
   0.04342   5    0.24934  41   1.013E+05 -4.980E-08  1.829E-03  2.930E+02  2.780E+03
   0.04342   5    0.25566  42   1.013E+05 -4.060E-08  1.582E-03  2.930E+02  2.608E+03
   0.04342   5    0.26197  43   1.013E+05 -3.282E-08  1.359E-03  2.930E+02  2.449E+03
   0.04342   5    0.26828  44   1.013E+05 -2.632E-08  1.157E-03  2.930E+02  2.303E+03
   0.04342   5    0.27459  45   1.013E+05 -2.096E-08  9.935E-04  2.930E+02  2.171E+03
   0.04342   5    0.28091  46   1.013E+05 -1.658E-08  8.558E-04  2.930E+02  2.052E+03
   0.04342   5    0.28722  47   1.013E+05 -1.304E-08  7.274E-04  2.930E+02  1.945E+03
   0.04342   5    0.29353  48   1.013E+05 -1.019E-08  6.200E-04  2.930E+02  1.851E+03
   0.04342   5    0.29984  49   1.013E+05 -7.930E-09  5.377E-04  2.930E+02  1.767E+03
   0.04342   5    0.30616  50   1.013E+05 -6.137E-09  4.577E-04  2.930E+02  1.693E+03
   0.04342   5    0.31247  51   1.013E+05 -4.726E-09  3.784E-04  2.930E+02  1.629E+03
   0.04342   5    0.31878  52   1.013E+05 -3.622E-09  3.176E-04  2.930E+02  1.572E+03
   0.04342   5    0.32509  53   1.013E+05 -2.762E-09  2.712E-04  2.930E+02  1.524E+03
   0.04342   5    0.33141  54   1.013E+05 -2.095E-09  2.317E-04  2.930E+02  1.481E+03
   0.04342   5    0.33772  55   1.013E+05 -1.579E-09  1.998E-04  2.930E+02  1.445E+03
   0.04342   5    0.34403  56   1.013E+05 -1.182E-09  1.694E-04  2.930E+02  1.413E+03
   0.04342   5    0.35034  57   1.013E+05 -8.769E-10  1.312E-04  2.930E+02  1.386E+03
   0.04342   5    0.35666  58   1.013E+05 -6.440E-10  1.024E-04  2.930E+02  1.363E+03
   0.04342   5    0.36297  59   1.013E+05 -4.658E-10  9.616E-05  2.930E+02  1.343E+03
   0.04342   5    0.36928  60   1.013E+05 -3.293E-10  8.593E-05  2.930E+02  1.326E+03
   0.04342   5    0.37559  61   1.013E+05 -2.255E-10  6.089E-05  2.930E+02  1.312E+03
   0.04342   5    0.38191  62   1.013E+05 -1.471E-10  3.923E-05  2.930E+02  1.300E+03
   0.04342   5    0.38822  63   1.013E+05 -8.804E-11  3.178E-05  2.930E+02  1.290E+03
   0.04342   5    0.39453  64   1.013E+05 -4.355E-11  2.438E-05  2.930E+02  1.282E+03
   0.04342   5    0.40084  65   1.013E+05 -1.046E-11  1.038E-05  2.930E+02  1.274E+03
   0.04342   5    0.40716  66   1.013E+05  1.395E-11  4.245E-06  2.930E+02  1.268E+03
   0.04342   5    0.41347  67   1.013E+05  3.198E-11  4.176E-06  2.930E+02  1.264E+03
   0.04342   5    0.41978  68   1.013E+05  4.544E-11  3.645E-06  2.930E+02  1.259E+03
   0.04342   5    0.42609  69   1.013E+05  5.525E-11  4.626E-06  2.930E+02  1.256E+03
   0.04342   5    0.43241  70   1.013E+05  6.183E-11  5.629E-07  2.930E+02  1.253E+03
   0.04342   5    0.43872  71   1.013E+05  6.522E-11 -9.732E-06  2.930E+02  1.251E+03
   0.04342   5    0.44503  72   1.013E+05  6.567E-11 -1.341E-05  2.930E+02  1.249E+03
   0.04342   5    0.45134  73   1.013E+05  6.395E-11 -1.182E-05  2.930E+02  1.248E+03
   0.04342   5    0.45766  74   1.013E+05  6.049E-11 -1.024E-05  2.930E+02  1.246E+03
   0.04342   5    0.46397  75   1.013E+05  5.533E-11 -1.373E-05  2.930E+02  1.246E+03
   0.04342   5    0.47028  76   1.013E+05  4.826E-11 -2.465E-05  2.930E+02  1.245E+03
   0.04342   5    0.47659  77   1.013E+05  3.984E-11 -2.405E-05  2.930E+02  1.244E+03
   0.04342   5    0.48291  78   1.013E+05  3.109E-11 -1.077E-05  2.930E+02  1.244E+03
   0.04342   5    0.48922  79   1.013E+05  2.263E-11 -1.087E-05  2.930E+02  1.243E+03
   0.04342   5    0.49553  80   1.013E+05  1.318E-11 -1.969E-05  2.930E+02  1.243E+03
   0.04342   5    0.50184  81   1.013E+05  7.172E-12 -1.612E-06  2.930E+02  1.243E+03
   0.04342   5    0.50500  82   1.013E+05  0.000E+00 -1.612E-06  2.930E+02  1.243E+03
   0.05583   6    0.00000   1   1.012E+05  0.000E+00  0.000E+00  2.930E+02  2.930E+02
   0.05583   6    0.00316   2   1.012E+05 -1.046E-07  9.599E-05  2.930E+02  3.823E+02
   0.05583   6    0.00947   3   1.012E+05 -1.190E-07  2.279E-03  2.930E+02  5.604E+02
   0.05583   6    0.01578   4   1.012E+05 -1.245E-07  3.833E-03  2.930E+02  7.399E+02
   0.05583   6    0.02209   5   1.012E+05 -1.354E-07  5.544E-03  2.930E+02  9.229E+02
   0.05583   6    0.02841   6   1.012E+05 -9.569E-08  7.378E-03  2.930E+02  1.111E+03
   0.05583   6    0.03472   7   1.012E+05 -2.552E-07  9.289E-03  2.930E+02  1.305E+03
   0.05583   6    0.04103   8   1.012E+05 -8.486E-08  1.121E-02  2.931E+02  1.509E+03
   0.05583   6    0.04734   9   1.012E+05 -1.447E-07  1.309E-02  2.934E+02  1.721E+03
   0.05583   6    0.05366  10   1.012E+05 -3.112E-07  1.482E-02  2.940E+02  1.943E+03
   0.05583   6    0.05997  11   1.012E+05 -5.135E-07  1.635E-02  2.957E+02  2.177E+03
   0.05583   6    0.06628  12   1.012E+05 -2.760E-07  1.763E-02  2.997E+02  2.426E+03
   0.05583   6    0.07259  13   1.012E+05 -5.092E-08  1.862E-02  3.080E+02  2.702E+03
   0.05583   6    0.07891  14   1.012E+05  5.415E-08  1.927E-02  3.239E+02  3.031E+03
   0.05583   6    0.08522  15   1.012E+05  1.540E-07  1.939E-02  3.512E+02  3.488E+03
   0.05583   6    0.09153  16   1.012E+05  2.116E-07  2.041E-02  3.934E+02  4.288E+03
   0.05583   6    0.09784  17   1.013E+05  4.362E-07  1.820E-02  3.512E+02  4.406E+03
   0.05583   6    0.10416  18   1.013E+05  2.448E-07  1.762E-02  3.239E+02  4.503E+03
   0.05583   6    0.11047  19   1.013E+05  2.408E-07  1.708E-02  3.080E+02  4.585E+03
   0.05583   6    0.11678  20   1.013E+05  1.971E-07  1.653E-02  2.997E+02  4.656E+03
   0.05583   6    0.12309  21   1.013E+05  1.452E-07  1.594E-02  2.957E+02  4.719E+03
   0.05583   6    0.12941  22   1.013E+05  6.186E-08  1.529E-02  2.940E+02  4.774E+03
   0.05583   6    0.13572  23   1.013E+05 -2.086E-08  1.456E-02  2.934E+02  4.821E+03
   0.05583   6    0.14203  24   1.013E+05 -4.611E-08  1.374E-02  2.931E+02  4.859E+03
   0.05583   6    0.14834  25   1.013E+05 -7.180E-08  1.286E-02  2.930E+02  4.885E+03
   0.05583   6    0.15466  26   1.013E+05 -1.163E-07  1.192E-02  2.930E+02  4.897E+03
   0.05583   6    0.16097  27   1.013E+05 -3.070E-07  1.094E-02  2.930E+02  4.892E+03
   0.05583   6    0.16728  28   1.013E+05 -5.265E-07  9.960E-03  2.930E+02  4.864E+03
   0.05583   6    0.17359  29   1.013E+05 -3.171E-07  9.001E-03  2.930E+02  4.813E+03
   0.05583   6    0.17991  30   1.013E+05 -1.352E-07  8.080E-03  2.930E+02  4.734E+03
   0.05583   6    0.18622  31   1.013E+05 -9.920E-08  7.204E-03  2.930E+02  4.628E+03
   0.05583   6    0.19253  32   1.013E+05 -7.454E-08  6.369E-03  2.930E+02  4.496E+03
   0.05583   6    0.19884  33   1.013E+05 -6.407E-08  5.614E-03  2.930E+02  4.339E+03
   0.05583   6    0.20516  34   1.013E+05 -5.649E-08  4.943E-03  2.930E+02  4.164E+03
   0.05583   6    0.21147  35   1.013E+05 -5.011E-08  4.322E-03  2.930E+02  3.972E+03
   0.05583   6    0.21778  36   1.013E+05 -4.402E-08  3.751E-03  2.930E+02  3.770E+03
   0.05583   6    0.22409  37   1.013E+05 -3.814E-08  3.262E-03  2.930E+02  3.565E+03
   0.05583   6    0.23041  38   1.013E+05 -3.260E-08  2.840E-03  2.930E+02  3.359E+03
   0.05583   6    0.23672  39   1.013E+05 -2.749E-08  2.454E-03  2.930E+02  3.158E+03
   0.05583   6    0.24303  40   1.013E+05 -2.290E-08  2.117E-03  2.930E+02  2.964E+03
   0.05583   6    0.24934  41   1.013E+05 -1.887E-08  1.829E-03  2.930E+02  2.780E+03
   0.05583   6    0.25566  42   1.013E+05 -1.540E-08  1.582E-03  2.930E+02  2.608E+03
   0.05583   6    0.26197  43   1.013E+05 -1.246E-08  1.359E-03  2.930E+02  2.449E+03
   0.05583   6    0.26828  44   1.013E+05 -1.001E-08  1.157E-03  2.930E+02  2.303E+03
   0.05583   6    0.27459  45   1.013E+05 -7.980E-09  9.935E-04  2.930E+02  2.171E+03
   0.05583   6    0.28091  46   1.013E+05 -6.325E-09  8.559E-04  2.930E+02  2.052E+03
   0.05583   6    0.28722  47   1.013E+05 -4.985E-09  7.275E-04  2.930E+02  1.945E+03
   0.05583   6    0.29353  48   1.013E+05 -3.908E-09  6.200E-04  2.930E+02  1.851E+03
   0.05583   6    0.29984  49   1.013E+05 -3.050E-09  5.377E-04  2.930E+02  1.767E+03
   0.05583   6    0.30616  50   1.013E+05 -2.370E-09  4.577E-04  2.930E+02  1.693E+03
   0.05583   6    0.31247  51   1.013E+05 -1.833E-09  3.784E-04  2.930E+02  1.629E+03
   0.05583   6    0.31878  52   1.013E+05 -1.412E-09  3.176E-04  2.930E+02  1.572E+03
   0.05583   6    0.32509  53   1.013E+05 -1.083E-09  2.712E-04  2.930E+02  1.524E+03
   0.05583   6    0.33141  54   1.013E+05 -8.271E-10  2.317E-04  2.930E+02  1.481E+03
   0.05583   6    0.33772  55   1.013E+05 -6.277E-10  1.998E-04  2.930E+02  1.445E+03
   0.05583   6    0.34403  56   1.013E+05 -4.727E-10  1.694E-04  2.930E+02  1.413E+03
   0.05583   6    0.35034  57   1.013E+05 -3.524E-10  1.312E-04  2.930E+02  1.386E+03
   0.05583   6    0.35666  58   1.013E+05 -2.588E-10  1.024E-04  2.930E+02  1.363E+03
   0.05583   6    0.36297  59   1.013E+05 -1.856E-10  9.616E-05  2.930E+02  1.343E+03
   0.05583   6    0.36928  60   1.013E+05 -1.282E-10  8.593E-05  2.930E+02  1.326E+03
   0.05583   6    0.37559  61   1.013E+05 -8.298E-11  6.089E-05  2.930E+02  1.312E+03
   0.05583   6    0.38191  62   1.013E+05 -4.736E-11  3.923E-05  2.930E+02  1.300E+03
   0.05583   6    0.38822  63   1.013E+05 -1.908E-11  3.178E-05  2.930E+02  1.290E+03
   0.05583   6    0.39453  64   1.013E+05  3.460E-12  2.438E-05  2.930E+02  1.282E+03
   0.05583   6    0.40084  65   1.013E+05  2.124E-11  1.038E-05  2.930E+02  1.274E+03
   0.05583   6    0.40716  66   1.013E+05  3.530E-11  4.245E-06  2.930E+02  1.268E+03
   0.05583   6    0.41347  67   1.013E+05  4.635E-11  4.176E-06  2.930E+02  1.264E+03
   0.05583   6    0.41978  68   1.013E+05  5.479E-11  3.645E-06  2.930E+02  1.259E+03
   0.05583   6    0.42609  69   1.013E+05  6.091E-11  4.626E-06  2.930E+02  1.256E+03
   0.05583   6    0.43241  70   1.013E+05  6.497E-11  5.629E-07  2.930E+02  1.253E+03
   0.05583   6    0.43872  71   1.013E+05  6.699E-11 -9.732E-06  2.930E+02  1.251E+03
   0.05583   6    0.44503  72   1.013E+05  6.710E-11 -1.341E-05  2.930E+02  1.249E+03
   0.05583   6    0.45134  73   1.013E+05  6.552E-11 -1.182E-05  2.930E+02  1.248E+03
   0.05583   6    0.45766  74   1.013E+05  6.229E-11 -1.024E-05  2.930E+02  1.246E+03
   0.05583   6    0.46397  75   1.013E+05  5.769E-11 -1.373E-05  2.930E+02  1.246E+03
   0.05583   6    0.47028  76   1.013E+05  5.149E-11 -2.465E-05  2.930E+02  1.245E+03
   0.05583   6    0.47659  77   1.013E+05  4.429E-11 -2.405E-05  2.930E+02  1.244E+03
   0.05583   6    0.48291  78   1.013E+05  3.618E-11 -1.077E-05  2.930E+02  1.244E+03
   0.05583   6    0.48922  79   1.013E+05  2.750E-11 -1.087E-05  2.930E+02  1.243E+03
   0.05583   6    0.49553  80   1.013E+05  1.751E-11 -1.969E-05  2.930E+02  1.243E+03
   0.05583   6    0.50184  81   1.013E+05  1.155E-11 -1.612E-06  2.930E+02  1.243E+03
   0.05583   6    0.50500  82   1.013E+05  0.000E+00 -1.612E-06  2.930E+02  1.243E+03
   0.06824   7    0.00000   1   1.012E+05  0.000E+00  0.000E+00  2.930E+02  2.930E+02
   0.06824   7    0.00316   2   1.012E+05  1.049E-07  9.599E-05  2.930E+02  3.823E+02
   0.06824   7    0.00947   3   1.012E+05  1.193E-07  2.279E-03  2.930E+02  5.604E+02
   0.06824   7    0.01578   4   1.012E+05  1.248E-07  3.833E-03  2.930E+02  7.399E+02
   0.06824   7    0.02209   5   1.012E+05  1.357E-07  5.544E-03  2.930E+02  9.229E+02
   0.06824   7    0.02841   6   1.012E+05  9.590E-08  7.378E-03  2.930E+02  1.111E+03
   0.06824   7    0.03472   7   1.012E+05  2.554E-07  9.289E-03  2.930E+02  1.305E+03
   0.06824   7    0.04103   8   1.012E+05  8.493E-08  1.121E-02  2.931E+02  1.509E+03
   0.06824   7    0.04734   9   1.012E+05  1.447E-07  1.309E-02  2.934E+02  1.721E+03
   0.06824   7    0.05366  10   1.012E+05  3.111E-07  1.482E-02  2.940E+02  1.943E+03
   0.06824   7    0.05997  11   1.012E+05  5.134E-07  1.635E-02  2.957E+02  2.177E+03
   0.06824   7    0.06628  12   1.012E+05  2.759E-07  1.763E-02  2.997E+02  2.426E+03
   0.06824   7    0.07259  13   1.012E+05  5.070E-08  1.862E-02  3.080E+02  2.702E+03
   0.06824   7    0.07891  14   1.012E+05 -5.438E-08  1.927E-02  3.239E+02  3.031E+03
   0.06824   7    0.08522  15   1.012E+05 -1.542E-07  1.939E-02  3.512E+02  3.488E+03
   0.06824   7    0.09153  16   1.012E+05 -2.118E-07  2.041E-02  3.934E+02  4.288E+03
   0.06824   7    0.09784  17   1.013E+05 -4.364E-07  1.820E-02  3.512E+02  4.406E+03
   0.06824   7    0.10416  18   1.013E+05 -2.449E-07  1.762E-02  3.239E+02  4.503E+03
   0.06824   7    0.11047  19   1.013E+05 -2.409E-07  1.708E-02  3.080E+02  4.585E+03
   0.06824   7    0.11678  20   1.013E+05 -1.972E-07  1.653E-02  2.997E+02  4.656E+03
   0.06824   7    0.12309  21   1.013E+05 -1.452E-07  1.594E-02  2.957E+02  4.719E+03
   0.06824   7    0.12941  22   1.013E+05 -6.188E-08  1.529E-02  2.940E+02  4.774E+03
   0.06824   7    0.13572  23   1.013E+05  2.087E-08  1.456E-02  2.934E+02  4.821E+03
   0.06824   7    0.14203  24   1.013E+05  4.613E-08  1.374E-02  2.931E+02  4.859E+03
   0.06824   7    0.14834  25   1.013E+05  7.184E-08  1.286E-02  2.930E+02  4.885E+03
   0.06824   7    0.15466  26   1.013E+05  1.163E-07  1.192E-02  2.930E+02  4.897E+03
   0.06824   7    0.16097  27   1.013E+05  3.070E-07  1.094E-02  2.930E+02  4.892E+03
   0.06824   7    0.16728  28   1.013E+05  5.265E-07  9.960E-03  2.930E+02  4.864E+03
   0.06824   7    0.17359  29   1.013E+05  3.171E-07  9.001E-03  2.930E+02  4.813E+03
   0.06824   7    0.17991  30   1.013E+05  1.352E-07  8.080E-03  2.930E+02  4.734E+03
   0.06824   7    0.18622  31   1.013E+05  9.922E-08  7.204E-03  2.930E+02  4.628E+03
   0.06824   7    0.19253  32   1.013E+05  7.456E-08  6.369E-03  2.930E+02  4.496E+03
   0.06824   7    0.19884  33   1.013E+05  6.408E-08  5.614E-03  2.930E+02  4.339E+03
   0.06824   7    0.20516  34   1.013E+05  5.650E-08  4.943E-03  2.930E+02  4.164E+03
   0.06824   7    0.21147  35   1.013E+05  5.011E-08  4.322E-03  2.930E+02  3.972E+03
   0.06824   7    0.21778  36   1.013E+05  4.401E-08  3.751E-03  2.930E+02  3.770E+03
   0.06824   7    0.22409  37   1.013E+05  3.813E-08  3.262E-03  2.930E+02  3.565E+03
   0.06824   7    0.23041  38   1.013E+05  3.258E-08  2.840E-03  2.930E+02  3.359E+03
   0.06824   7    0.23672  39   1.013E+05  2.746E-08  2.454E-03  2.930E+02  3.158E+03
   0.06824   7    0.24303  40   1.013E+05  2.286E-08  2.117E-03  2.930E+02  2.964E+03
   0.06824   7    0.24934  41   1.013E+05  1.882E-08  1.829E-03  2.930E+02  2.780E+03
   0.06824   7    0.25566  42   1.013E+05  1.534E-08  1.582E-03  2.930E+02  2.608E+03
   0.06824   7    0.26197  43   1.013E+05  1.239E-08  1.359E-03  2.930E+02  2.449E+03
   0.06824   7    0.26828  44   1.013E+05  9.930E-09  1.157E-03  2.930E+02  2.303E+03
   0.06824   7    0.27459  45   1.013E+05  7.895E-09  9.935E-04  2.930E+02  2.171E+03
   0.06824   7    0.28091  46   1.013E+05  6.234E-09  8.559E-04  2.930E+02  2.052E+03
   0.06824   7    0.28722  47   1.013E+05  4.890E-09  7.275E-04  2.930E+02  1.945E+03
   0.06824   7    0.29353  48   1.013E+05  3.812E-09  6.200E-04  2.930E+02  1.851E+03
   0.06824   7    0.29984  49   1.013E+05  2.953E-09  5.377E-04  2.930E+02  1.767E+03
   0.06824   7    0.30616  50   1.013E+05  2.274E-09  4.577E-04  2.930E+02  1.693E+03
   0.06824   7    0.31247  51   1.013E+05  1.741E-09  3.784E-04  2.930E+02  1.629E+03
   0.06824   7    0.31878  52   1.013E+05  1.325E-09  3.176E-04  2.930E+02  1.572E+03
   0.06824   7    0.32509  53   1.013E+05  1.003E-09  2.712E-04  2.930E+02  1.524E+03
   0.06824   7    0.33141  54   1.013E+05  7.546E-10  2.317E-04  2.930E+02  1.481E+03
   0.06824   7    0.33772  55   1.013E+05  5.647E-10  1.998E-04  2.930E+02  1.445E+03
   0.06824   7    0.34403  56   1.013E+05  4.207E-10  1.694E-04  2.930E+02  1.413E+03
   0.06824   7    0.35034  57   1.013E+05  3.128E-10  1.312E-04  2.930E+02  1.386E+03
   0.06824   7    0.35666  58   1.013E+05  2.329E-10  1.024E-04  2.930E+02  1.363E+03
   0.06824   7    0.36297  59   1.013E+05  1.746E-10  9.616E-05  2.930E+02  1.343E+03
   0.06824   7    0.36928  60   1.013E+05  1.330E-10  8.593E-05  2.930E+02  1.326E+03
   0.06824   7    0.37559  61   1.013E+05  1.040E-10  6.089E-05  2.930E+02  1.312E+03
   0.06824   7    0.38191  62   1.013E+05  8.486E-11  3.923E-05  2.930E+02  1.300E+03
   0.06824   7    0.38822  63   1.013E+05  7.275E-11  3.178E-05  2.930E+02  1.290E+03
   0.06824   7    0.39453  64   1.013E+05  6.594E-11  2.438E-05  2.930E+02  1.282E+03
   0.06824   7    0.40084  65   1.013E+05  6.272E-11  1.038E-05  2.930E+02  1.274E+03
   0.06824   7    0.40716  66   1.013E+05  6.182E-11  4.245E-06  2.930E+02  1.268E+03
   0.06824   7    0.41347  67   1.013E+05  6.236E-11  4.176E-06  2.930E+02  1.264E+03
   0.06824   7    0.41978  68   1.013E+05  6.331E-11  3.645E-06  2.930E+02  1.259E+03
   0.06824   7    0.42609  69   1.013E+05  6.431E-11  4.626E-06  2.930E+02  1.256E+03
   0.06824   7    0.43241  70   1.013E+05  6.487E-11  5.629E-07  2.930E+02  1.253E+03
   0.06824   7    0.43872  71   1.013E+05  6.490E-11 -9.732E-06  2.930E+02  1.251E+03
   0.06824   7    0.44503  72   1.013E+05  6.408E-11 -1.341E-05  2.930E+02  1.249E+03
   0.06824   7    0.45134  73   1.013E+05  6.236E-11 -1.182E-05  2.930E+02  1.248E+03
   0.06824   7    0.45766  74   1.013E+05  5.952E-11 -1.024E-05  2.930E+02  1.246E+03
   0.06824   7    0.46397  75   1.013E+05  5.555E-11 -1.373E-05  2.930E+02  1.246E+03
   0.06824   7    0.47028  76   1.013E+05  5.052E-11 -2.465E-05  2.930E+02  1.245E+03
   0.06824   7    0.47659  77   1.013E+05  4.450E-11 -2.405E-05  2.930E+02  1.244E+03
   0.06824   7    0.48291  78   1.013E+05  3.721E-11 -1.077E-05  2.930E+02  1.244E+03
   0.06824   7    0.48922  79   1.013E+05  2.913E-11 -1.087E-05  2.930E+02  1.243E+03
   0.06824   7    0.49553  80   1.013E+05  1.915E-11 -1.969E-05  2.930E+02  1.243E+03
   0.06824   7    0.50184  81   1.013E+05  1.349E-11 -1.612E-06  2.930E+02  1.243E+03
   0.06824   7    0.50500  82   1.013E+05  0.000E+00 -1.612E-06  2.930E+02  1.243E+03
   0.08065   8    0.00000   1   1.012E+05  0.000E+00  0.000E+00  2.930E+02  2.930E+02
   0.08065   8    0.00316   2   1.012E+05  2.957E-07  9.603E-05  2.930E+02  3.823E+02
   0.08065   8    0.00947   3   1.012E+05  3.369E-07  2.279E-03  2.930E+02  5.605E+02
   0.08065   8    0.01578   4   1.012E+05  3.382E-07  3.833E-03  2.930E+02  7.399E+02
   0.08065   8    0.02209   5   1.012E+05  3.350E-07  5.544E-03  2.930E+02  9.230E+02
   0.08065   8    0.02841   6   1.012E+05  1.066E-07  7.379E-03  2.930E+02  1.111E+03
   0.08065   8    0.03472   7   1.012E+05  6.001E-08  9.289E-03  2.930E+02  1.305E+03
   0.08065   8    0.04103   8   1.012E+05  7.401E-08  1.121E-02  2.931E+02  1.509E+03
   0.08065   8    0.04734   9   1.012E+05  3.336E-07  1.309E-02  2.934E+02  1.721E+03
   0.08065   8    0.05366  10   1.012E+05  5.661E-07  1.482E-02  2.940E+02  1.943E+03
   0.08065   8    0.05997  11   1.012E+05  8.080E-07  1.635E-02  2.957E+02  2.177E+03
   0.08065   8    0.06628  12   1.012E+05  5.248E-07  1.763E-02  2.997E+02  2.427E+03
   0.08065   8    0.07259  13   1.012E+05  2.278E-07  1.862E-02  3.080E+02  2.702E+03
   0.08065   8    0.07891  14   1.012E+05  3.511E-08  1.927E-02  3.239E+02  3.032E+03
   0.08065   8    0.08522  15   1.012E+05 -1.907E-07  1.939E-02  3.512E+02  3.489E+03
   0.08065   8    0.09153  16   1.012E+05 -2.137E-07  2.041E-02  3.934E+02  4.289E+03
   0.08065   8    0.09784  17   1.013E+05 -3.004E-07  1.820E-02  3.512E+02  4.407E+03
   0.08065   8    0.10416  18   1.013E+05 -3.564E-07  1.762E-02  3.239E+02  4.503E+03
   0.08065   8    0.11047  19   1.013E+05 -5.450E-07  1.708E-02  3.080E+02  4.585E+03
   0.08065   8    0.11678  20   1.013E+05 -4.978E-07  1.653E-02  2.997E+02  4.657E+03
   0.08065   8    0.12309  21   1.013E+05 -4.033E-07  1.594E-02  2.957E+02  4.719E+03
   0.08065   8    0.12941  22   1.013E+05 -9.589E-08  1.529E-02  2.940E+02  4.774E+03
   0.08065   8    0.13572  23   1.013E+05  2.453E-07  1.456E-02  2.934E+02  4.821E+03
   0.08065   8    0.14203  24   1.013E+05  9.608E-08  1.374E-02  2.931E+02  4.859E+03
   0.08065   8    0.14834  25   1.013E+05 -2.471E-08  1.286E-02  2.930E+02  4.886E+03
   0.08065   8    0.15466  26   1.013E+05 -5.159E-07  1.192E-02  2.930E+02  4.898E+03
   0.08065   8    0.16097  27   1.013E+05  1.509E-06  1.094E-02  2.930E+02  4.892E+03
   0.08065   8    0.16728  28   1.013E+05  5.062E-06  9.959E-03  2.930E+02  4.864E+03
   0.08065   8    0.17359  29   1.013E+05  1.552E-06  9.000E-03  2.930E+02  4.813E+03
   0.08065   8    0.17991  30   1.013E+05 -4.234E-07  8.079E-03  2.930E+02  4.734E+03
   0.08065   8    0.18622  31   1.013E+05  9.267E-08  7.203E-03  2.930E+02  4.628E+03
   0.08065   8    0.19253  32   1.013E+05  1.033E-07  6.369E-03  2.930E+02  4.496E+03
   0.08065   8    0.19884  33   1.013E+05  1.343E-07  5.614E-03  2.930E+02  4.339E+03
   0.08065   8    0.20516  34   1.013E+05  1.349E-07  4.943E-03  2.930E+02  4.163E+03
   0.08065   8    0.21147  35   1.013E+05  1.270E-07  4.322E-03  2.930E+02  3.972E+03
   0.08065   8    0.21778  36   1.013E+05  1.144E-07  3.751E-03  2.930E+02  3.770E+03
   0.08065   8    0.22409  37   1.013E+05  1.002E-07  3.262E-03  2.930E+02  3.564E+03
   0.08065   8    0.23041  38   1.013E+05  8.594E-08  2.840E-03  2.930E+02  3.359E+03
   0.08065   8    0.23672  39   1.013E+05  7.255E-08  2.454E-03  2.930E+02  3.158E+03
   0.08065   8    0.24303  40   1.013E+05  6.043E-08  2.117E-03  2.930E+02  2.964E+03
   0.08065   8    0.24934  41   1.013E+05  4.976E-08  1.829E-03  2.930E+02  2.780E+03
   0.08065   8    0.25566  42   1.013E+05  4.055E-08  1.582E-03  2.930E+02  2.608E+03
   0.08065   8    0.26197  43   1.013E+05  3.276E-08  1.359E-03  2.930E+02  2.449E+03
   0.08065   8    0.26828  44   1.013E+05  2.625E-08  1.157E-03  2.930E+02  2.303E+03
   0.08065   8    0.27459  45   1.013E+05  2.088E-08  9.935E-04  2.930E+02  2.171E+03
   0.08065   8    0.28091  46   1.013E+05  1.650E-08  8.558E-04  2.930E+02  2.052E+03
   0.08065   8    0.28722  47   1.013E+05  1.295E-08  7.274E-04  2.930E+02  1.945E+03
   0.08065   8    0.29353  48   1.013E+05  1.011E-08  6.200E-04  2.930E+02  1.851E+03
   0.08065   8    0.29984  49   1.013E+05  7.843E-09  5.377E-04  2.930E+02  1.767E+03
   0.08065   8    0.30616  50   1.013E+05  6.051E-09  4.577E-04  2.930E+02  1.693E+03
   0.08065   8    0.31247  51   1.013E+05  4.643E-09  3.784E-04  2.930E+02  1.629E+03
   0.08065   8    0.31878  52   1.013E+05  3.544E-09  3.176E-04  2.930E+02  1.572E+03
   0.08065   8    0.32509  53   1.013E+05  2.689E-09  2.712E-04  2.930E+02  1.524E+03
   0.08065   8    0.33141  54   1.013E+05  2.029E-09  2.317E-04  2.930E+02  1.481E+03
   0.08065   8    0.33772  55   1.013E+05  1.522E-09  1.998E-04  2.930E+02  1.445E+03
   0.08065   8    0.34403  56   1.013E+05  1.134E-09  1.694E-04  2.930E+02  1.413E+03
   0.08065   8    0.35034  57   1.013E+05  8.403E-10  1.312E-04  2.930E+02  1.386E+03
   0.08065   8    0.35666  58   1.013E+05  6.196E-10  1.024E-04  2.930E+02  1.363E+03
   0.08065   8    0.36297  59   1.013E+05  4.548E-10  9.616E-05  2.930E+02  1.343E+03
   0.08065   8    0.36928  60   1.013E+05  3.324E-10  8.593E-05  2.930E+02  1.326E+03
   0.08065   8    0.37559  61   1.013E+05  2.432E-10  6.089E-05  2.930E+02  1.312E+03
   0.08065   8    0.38191  62   1.013E+05  1.798E-10  3.923E-05  2.930E+02  1.300E+03
   0.08065   8    0.38822  63   1.013E+05  1.355E-10  3.178E-05  2.930E+02  1.290E+03
   0.08065   8    0.39453  64   1.013E+05  1.052E-10  2.438E-05  2.930E+02  1.282E+03
   0.08065   8    0.40084  65   1.013E+05  8.550E-11  1.038E-05  2.930E+02  1.274E+03
   0.08065   8    0.40716  66   1.013E+05  7.334E-11  4.245E-06  2.930E+02  1.268E+03
   0.08065   8    0.41347  67   1.013E+05  6.585E-11  4.176E-06  2.930E+02  1.264E+03
   0.08065   8    0.41978  68   1.013E+05  6.128E-11  3.645E-06  2.930E+02  1.259E+03
   0.08065   8    0.42609  69   1.013E+05  5.834E-11  4.626E-06  2.930E+02  1.256E+03
   0.08065   8    0.43241  70   1.013E+05  5.636E-11  5.629E-07  2.930E+02  1.253E+03
   0.08065   8    0.43872  71   1.013E+05  5.506E-11 -9.732E-06  2.930E+02  1.251E+03
   0.08065   8    0.44503  72   1.013E+05  5.423E-11 -1.341E-05  2.930E+02  1.249E+03
   0.08065   8    0.45134  73   1.013E+05  5.309E-11 -1.182E-05  2.930E+02  1.248E+03
   0.08065   8    0.45766  74   1.013E+05  5.111E-11 -1.024E-05  2.930E+02  1.246E+03
   0.08065   8    0.46397  75   1.013E+05  4.847E-11 -1.373E-05  2.930E+02  1.246E+03
   0.08065   8    0.47028  76   1.013E+05  4.541E-11 -2.465E-05  2.930E+02  1.245E+03
   0.08065   8    0.47659  77   1.013E+05  4.165E-11 -2.405E-05  2.930E+02  1.244E+03
   0.08065   8    0.48291  78   1.013E+05  3.625E-11 -1.077E-05  2.930E+02  1.244E+03
   0.08065   8    0.48922  79   1.013E+05  2.935E-11 -1.087E-05  2.930E+02  1.243E+03
   0.08065   8    0.49553  80   1.013E+05  2.033E-11 -1.969E-05  2.930E+02  1.243E+03
   0.08065   8    0.50184  81   1.013E+05  1.553E-11 -1.612E-06  2.930E+02  1.243E+03
   0.08065   8    0.50500  82   1.013E+05  0.000E+00 -1.612E-06  2.930E+02  1.243E+03
   0.09305   9    0.00000   1   1.012E+05  0.000E+00  0.000E+00  2.930E+02  2.930E+02
   0.09305   9    0.00316   2   1.012E+05  3.818E-07  9.611E-05  2.930E+02  3.823E+02
   0.09305   9    0.00947   3   1.012E+05  4.139E-07  2.279E-03  2.930E+02  5.605E+02
   0.09305   9    0.01578   4   1.012E+05  4.054E-07  3.833E-03  2.930E+02  7.400E+02
   0.09305   9    0.02209   5   1.012E+05  3.701E-07  5.544E-03  2.930E+02  9.232E+02
   0.09305   9    0.02841   6   1.012E+05  1.085E-07  7.379E-03  2.930E+02  1.111E+03
   0.09305   9    0.03472   7   1.012E+05 -1.492E-07  9.290E-03  2.930E+02  1.306E+03
   0.09305   9    0.04103   8   1.012E+05 -1.811E-07  1.122E-02  2.931E+02  1.509E+03
   0.09305   9    0.04734   9   1.012E+05  2.277E-07  1.309E-02  2.934E+02  1.722E+03
   0.09305   9    0.05366  10   1.012E+05  2.904E-07  1.482E-02  2.940E+02  1.944E+03
   0.09305   9    0.05997  11   1.012E+05  4.249E-07  1.635E-02  2.957E+02  2.178E+03
   0.09305   9    0.06628  12   1.012E+05  4.415E-07  1.763E-02  2.997E+02  2.427E+03
   0.09305   9    0.07259  13   1.012E+05  4.644E-07  1.863E-02  3.080E+02  2.703E+03
   0.09305   9    0.07891  14   1.012E+05  4.655E-07  1.927E-02  3.239E+02  3.033E+03
   0.09305   9    0.08522  15   1.012E+05 -5.494E-07  1.939E-02  3.512E+02  3.490E+03
   0.09305   9    0.09153  16   1.012E+05  1.015E-06  2.041E-02  3.934E+02  4.290E+03
   0.09305   9    0.09784  17   1.013E+05  4.296E-06  1.820E-02  3.512E+02  4.408E+03
   0.09305   9    0.10416  18   1.013E+05  6.373E-07  1.762E-02  3.239E+02  4.504E+03
   0.09305   9    0.11047  19   1.013E+05 -1.420E-06  1.707E-02  3.080E+02  4.586E+03
   0.09305   9    0.11678  20   1.013E+05 -8.221E-07  1.653E-02  2.997E+02  4.657E+03
   0.09305   9    0.12309  21   1.013E+05 -6.574E-07  1.594E-02  2.957E+02  4.720E+03
   0.09305   9    0.12941  22   1.013E+05 -2.888E-07  1.529E-02  2.940E+02  4.775E+03
   0.09305   9    0.13572  23   1.013E+05  9.687E-08  1.456E-02  2.934E+02  4.822E+03
   0.09305   9    0.14203  24   1.013E+05 -3.789E-09  1.374E-02  2.931E+02  4.859E+03
   0.09305   9    0.14834  25   1.013E+05 -6.604E-08  1.285E-02  2.930E+02  4.886E+03
   0.09305   9    0.15466  26   1.013E+05 -4.985E-07  1.192E-02  2.930E+02  4.898E+03
   0.09305   9    0.16097  27   1.013E+05  1.590E-06  1.095E-02  2.930E+02  4.892E+03
   0.09305   9    0.16728  28   1.013E+05  5.207E-06  9.958E-03  2.930E+02  4.865E+03
   0.09305   9    0.17359  29   1.013E+05  1.766E-06  8.989E-03  2.930E+02  4.813E+03
   0.09305   9    0.17991  30   1.013E+05 -2.522E-07  8.075E-03  2.930E+02  4.734E+03
   0.09305   9    0.18622  31   1.013E+05  2.160E-07  7.204E-03  2.930E+02  4.628E+03
   0.09305   9    0.19253  32   1.013E+05  1.945E-07  6.368E-03  2.930E+02  4.496E+03
   0.09305   9    0.19884  33   1.013E+05  2.028E-07  5.613E-03  2.930E+02  4.339E+03
   0.09305   9    0.20516  34   1.013E+05  1.883E-07  4.943E-03  2.930E+02  4.163E+03
   0.09305   9    0.21147  35   1.013E+05  1.697E-07  4.322E-03  2.930E+02  3.972E+03
   0.09305   9    0.21778  36   1.013E+05  1.492E-07  3.751E-03  2.930E+02  3.770E+03
   0.09305   9    0.22409  37   1.013E+05  1.288E-07  3.262E-03  2.930E+02  3.564E+03
   0.09305   9    0.23041  38   1.013E+05  1.096E-07  2.839E-03  2.930E+02  3.359E+03
   0.09305   9    0.23672  39   1.013E+05  9.198E-08  2.454E-03  2.930E+02  3.158E+03
   0.09305   9    0.24303  40   1.013E+05  7.634E-08  2.117E-03  2.930E+02  2.964E+03
   0.09305   9    0.24934  41   1.013E+05  6.271E-08  1.829E-03  2.930E+02  2.780E+03
   0.09305   9    0.25566  42   1.013E+05  5.102E-08  1.582E-03  2.930E+02  2.608E+03
   0.09305   9    0.26197  43   1.013E+05  4.116E-08  1.359E-03  2.930E+02  2.449E+03
   0.09305   9    0.26828  44   1.013E+05  3.295E-08  1.157E-03  2.930E+02  2.303E+03
   0.09305   9    0.27459  45   1.013E+05  2.618E-08  9.934E-04  2.930E+02  2.171E+03
   0.09305   9    0.28091  46   1.013E+05  2.066E-08  8.558E-04  2.930E+02  2.052E+03
   0.09305   9    0.28722  47   1.013E+05  1.620E-08  7.274E-04  2.930E+02  1.945E+03
   0.09305   9    0.29353  48   1.013E+05  1.263E-08  6.200E-04  2.930E+02  1.851E+03
   0.09305   9    0.29984  49   1.013E+05  9.783E-09  5.377E-04  2.930E+02  1.767E+03
   0.09305   9    0.30616  50   1.013E+05  7.533E-09  4.577E-04  2.930E+02  1.693E+03
   0.09305   9    0.31247  51   1.013E+05  5.767E-09  3.784E-04  2.930E+02  1.629E+03
   0.09305   9    0.31878  52   1.013E+05  4.390E-09  3.176E-04  2.930E+02  1.572E+03
   0.09305   9    0.32509  53   1.013E+05  3.322E-09  2.712E-04  2.930E+02  1.524E+03
   0.09305   9    0.33141  54   1.013E+05  2.496E-09  2.317E-04  2.930E+02  1.481E+03
   0.09305   9    0.33772  55   1.013E+05  1.862E-09  1.998E-04  2.930E+02  1.445E+03
   0.09305   9    0.34403  56   1.013E+05  1.377E-09  1.694E-04  2.930E+02  1.413E+03
   0.09305   9    0.35034  57   1.013E+05  1.010E-09  1.312E-04  2.930E+02  1.386E+03
   0.09305   9    0.35666  58   1.013E+05  7.358E-10  1.024E-04  2.930E+02  1.363E+03
   0.09305   9    0.36297  59   1.013E+05  5.309E-10  9.616E-05  2.930E+02  1.343E+03
   0.09305   9    0.36928  60   1.013E+05  3.769E-10  8.593E-05  2.930E+02  1.326E+03
   0.09305   9    0.37559  61   1.013E+05  2.648E-10  6.089E-05  2.930E+02  1.312E+03
   0.09305   9    0.38191  62   1.013E+05  1.862E-10  3.923E-05  2.930E+02  1.300E+03
   0.09305   9    0.38822  63   1.013E+05  1.317E-10  3.178E-05  2.930E+02  1.290E+03
   0.09305   9    0.39453  64   1.013E+05  9.412E-11  2.438E-05  2.930E+02  1.282E+03
   0.09305   9    0.40084  65   1.013E+05  7.032E-11  1.038E-05  2.930E+02  1.274E+03
   0.09305   9    0.40716  66   1.013E+05  5.668E-11  4.245E-06  2.930E+02  1.268E+03
   0.09305   9    0.41347  67   1.013E+05  4.848E-11  4.176E-06  2.930E+02  1.264E+03
   0.09305   9    0.41978  68   1.013E+05  4.321E-11  3.645E-06  2.930E+02  1.259E+03
   0.09305   9    0.42609  69   1.013E+05  3.930E-11  4.626E-06  2.930E+02  1.256E+03
   0.09305   9    0.43241  70   1.013E+05  3.633E-11  5.629E-07  2.930E+02  1.253E+03
   0.09305   9    0.43872  71   1.013E+05  3.559E-11 -9.732E-06  2.930E+02  1.251E+03
   0.09305   9    0.44503  72   1.013E+05  3.649E-11 -1.341E-05  2.930E+02  1.249E+03
   0.09305   9    0.45134  73   1.013E+05  3.733E-11 -1.182E-05  2.930E+02  1.248E+03
   0.09305   9    0.45766  74   1.013E+05  3.705E-11 -1.024E-05  2.930E+02  1.246E+03
   0.09305   9    0.46397  75   1.013E+05  3.626E-11 -1.373E-05  2.930E+02  1.246E+03
   0.09305   9    0.47028  76   1.013E+05  3.646E-11 -2.465E-05  2.930E+02  1.245E+03
   0.09305   9    0.47659  77   1.013E+05  3.692E-11 -2.405E-05  2.930E+02  1.244E+03
   0.09305   9    0.48291  78   1.013E+05  3.440E-11 -1.077E-05  2.930E+02  1.244E+03
   0.09305   9    0.48922  79   1.013E+05  2.896E-11 -1.087E-05  2.930E+02  1.243E+03
   0.09305   9    0.49553  80   1.013E+05  2.198E-11 -1.969E-05  2.930E+02  1.243E+03
   0.09305   9    0.50184  81   1.013E+05  1.896E-11 -1.612E-06  2.930E+02  1.243E+03
   0.09305   9    0.50500  82   1.013E+05  0.000E+00 -1.612E-06  2.930E+02  1.243E+03
   0.10546  10    0.00000   1   1.012E+05  0.000E+00  0.000E+00  2.930E+02  2.930E+02
   0.10546  10    0.00316   2   1.012E+05  3.728E-07  9.617E-05  2.930E+02  3.823E+02
   0.10546  10    0.00947   3   1.012E+05  3.842E-07  2.280E-03  2.930E+02  5.606E+02
   0.10546  10    0.01578   4   1.012E+05  3.857E-07  3.834E-03  2.930E+02  7.402E+02
   0.10546  10    0.02209   5   1.012E+05  3.701E-07  5.544E-03  2.930E+02  9.233E+02
   0.10546  10    0.02841   6   1.012E+05  2.940E-07  7.379E-03  2.930E+02  1.111E+03
   0.10546  10    0.03472   7   1.012E+05  2.372E-07  9.290E-03  2.930E+02  1.306E+03
   0.10546  10    0.04103   8   1.012E+05 -2.110E-08  1.122E-02  2.931E+02  1.509E+03
   0.10546  10    0.04734   9   1.012E+05  2.062E-08  1.309E-02  2.934E+02  1.722E+03
   0.10546  10    0.05366  10   1.012E+05 -1.847E-07  1.482E-02  2.940E+02  1.944E+03
   0.10546  10    0.05997  11   1.012E+05  1.770E-07  1.635E-02  2.957E+02  2.178E+03
   0.10546  10    0.06628  12   1.012E+05  4.862E-07  1.763E-02  2.997E+02  2.428E+03
   0.10546  10    0.07259  13   1.012E+05  6.826E-07  1.863E-02  3.080E+02  2.704E+03
   0.10546  10    0.07891  14   1.012E+05  8.459E-07  1.928E-02  3.239E+02  3.034E+03
   0.10546  10    0.08522  15   1.012E+05  6.515E-08  1.940E-02  3.512E+02  3.492E+03
   0.10546  10    0.09153  16   1.012E+05  1.735E-06  2.042E-02  3.934E+02  4.292E+03
   0.10546  10    0.09784  17   1.013E+05  4.671E-06  1.820E-02  3.512E+02  4.409E+03
   0.10546  10    0.10416  18   1.013E+05  7.264E-07  1.761E-02  3.239E+02  4.505E+03
   0.10546  10    0.11047  19   1.013E+05 -1.415E-06  1.707E-02  3.080E+02  4.587E+03
   0.10546  10    0.11678  20   1.013E+05 -8.738E-07  1.653E-02  2.997E+02  4.658E+03
   0.10546  10    0.12309  21   1.013E+05 -7.413E-07  1.594E-02  2.957E+02  4.721E+03
   0.10546  10    0.12941  22   1.013E+05 -5.472E-07  1.529E-02  2.940E+02  4.775E+03
   0.10546  10    0.13572  23   1.013E+05 -3.608E-07  1.456E-02  2.934E+02  4.822E+03
   0.10546  10    0.14203  24   1.013E+05 -2.041E-07  1.374E-02  2.931E+02  4.860E+03
   0.10546  10    0.14834  25   1.013E+05 -4.742E-08  1.285E-02  2.930E+02  4.886E+03
   0.10546  10    0.15466  26   1.013E+05  1.194E-07  1.192E-02  2.930E+02  4.898E+03
   0.10546  10    0.16097  27   1.013E+05  4.558E-07  1.095E-02  2.930E+02  4.892E+03
   0.10546  10    0.16728  28   1.013E+05  7.605E-07  9.957E-03  2.930E+02  4.865E+03
   0.10546  10    0.17359  29   1.013E+05  1.073E-06  8.987E-03  2.930E+02  4.813E+03
   0.10546  10    0.17991  30   1.013E+05  6.331E-07  8.074E-03  2.930E+02  4.734E+03
   0.10546  10    0.18622  31   1.013E+05  3.757E-07  7.203E-03  2.930E+02  4.628E+03
   0.10546  10    0.19253  32   1.013E+05  2.812E-07  6.368E-03  2.930E+02  4.496E+03
   0.10546  10    0.19884  33   1.013E+05  2.192E-07  5.613E-03  2.930E+02  4.339E+03
   0.10546  10    0.20516  34   1.013E+05  1.825E-07  4.942E-03  2.930E+02  4.163E+03
   0.10546  10    0.21147  35   1.013E+05  1.548E-07  4.321E-03  2.930E+02  3.972E+03
   0.10546  10    0.21778  36   1.013E+05  1.321E-07  3.751E-03  2.930E+02  3.770E+03
   0.10546  10    0.22409  37   1.013E+05  1.122E-07  3.262E-03  2.930E+02  3.564E+03
   0.10546  10    0.23041  38   1.013E+05  9.462E-08  2.839E-03  2.930E+02  3.359E+03
   0.10546  10    0.23672  39   1.013E+05  7.901E-08  2.453E-03  2.930E+02  3.158E+03
   0.10546  10    0.24303  40   1.013E+05  6.534E-08  2.117E-03  2.930E+02  2.964E+03
   0.10546  10    0.24934  41   1.013E+05  5.353E-08  1.828E-03  2.930E+02  2.780E+03
   0.10546  10    0.25566  42   1.013E+05  4.343E-08  1.582E-03  2.930E+02  2.608E+03
   0.10546  10    0.26197  43   1.013E+05  3.492E-08  1.359E-03  2.930E+02  2.449E+03
   0.10546  10    0.26828  44   1.013E+05  2.786E-08  1.157E-03  2.930E+02  2.303E+03
   0.10546  10    0.27459  45   1.013E+05  2.206E-08  9.934E-04  2.930E+02  2.171E+03
   0.10546  10    0.28091  46   1.013E+05  1.733E-08  8.558E-04  2.930E+02  2.052E+03
   0.10546  10    0.28722  47   1.013E+05  1.352E-08  7.274E-04  2.930E+02  1.945E+03
   0.10546  10    0.29353  48   1.013E+05  1.047E-08  6.200E-04  2.930E+02  1.851E+03
   0.10546  10    0.29984  49   1.013E+05  8.050E-09  5.377E-04  2.930E+02  1.767E+03
   0.10546  10    0.30616  50   1.013E+05  6.127E-09  4.577E-04  2.930E+02  1.693E+03
   0.10546  10    0.31247  51   1.013E+05  4.633E-09  3.784E-04  2.930E+02  1.629E+03
   0.10546  10    0.31878  52   1.013E+05  3.487E-09  3.176E-04  2.930E+02  1.572E+03
   0.10546  10    0.32509  53   1.013E+05  2.602E-09  2.711E-04  2.930E+02  1.524E+03
   0.10546  10    0.33141  54   1.013E+05  1.919E-09  2.317E-04  2.930E+02  1.481E+03
   0.10546  10    0.33772  55   1.013E+05  1.392E-09  1.998E-04  2.930E+02  1.445E+03
   0.10546  10    0.34403  56   1.013E+05  9.828E-10  1.694E-04  2.930E+02  1.413E+03
   0.10546  10    0.35034  57   1.013E+05  6.834E-10  1.312E-04  2.930E+02  1.386E+03
   0.10546  10    0.35666  58   1.013E+05  4.829E-10  1.024E-04  2.930E+02  1.363E+03
   0.10546  10    0.36297  59   1.013E+05  3.305E-10  9.616E-05  2.930E+02  1.343E+03
   0.10546  10    0.36928  60   1.013E+05  1.954E-10  8.593E-05  2.930E+02  1.326E+03
   0.10546  10    0.37559  61   1.013E+05  1.003E-10  6.089E-05  2.930E+02  1.312E+03
   0.10546  10    0.38191  62   1.013E+05  5.397E-11  3.923E-05  2.930E+02  1.300E+03
   0.10546  10    0.38822  63   1.013E+05  2.503E-11  3.178E-05  2.930E+02  1.290E+03
   0.10546  10    0.39453  64   1.013E+05 -9.305E-13  2.438E-05  2.930E+02  1.282E+03
   0.10546  10    0.40084  65   1.013E+05 -9.044E-12  1.038E-05  2.930E+02  1.274E+03
   0.10546  10    0.40716  66   1.013E+05 -9.437E-13  4.245E-06  2.930E+02  1.268E+03
   0.10546  10    0.41347  67   1.013E+05  5.424E-12  4.176E-06  2.930E+02  1.264E+03
   0.10546  10    0.41978  68   1.013E+05  6.725E-12  3.645E-06  2.930E+02  1.259E+03
   0.10546  10    0.42609  69   1.013E+05  1.881E-12  4.626E-06  2.930E+02  1.256E+03
   0.10546  10    0.43241  70   1.013E+05 -7.140E-12  5.629E-07  2.930E+02  1.253E+03
   0.10546  10    0.43872  71   1.013E+05 -5.135E-12 -9.732E-06  2.930E+02  1.251E+03
   0.10546  10    0.44503  72   1.013E+05  7.275E-12 -1.341E-05  2.930E+02  1.249E+03
   0.10546  10    0.45134  73   1.013E+05  1.548E-11 -1.182E-05  2.930E+02  1.248E+03
   0.10546  10    0.45766  74   1.013E+05  1.458E-11 -1.024E-05  2.930E+02  1.246E+03
   0.10546  10    0.46397  75   1.013E+05  9.974E-12 -1.373E-05  2.930E+02  1.246E+03
   0.10546  10    0.47028  76   1.013E+05  1.950E-11 -2.465E-05  2.930E+02  1.245E+03
   0.10546  10    0.47659  77   1.013E+05  4.189E-11 -2.405E-05  2.930E+02  1.244E+03
   0.10546  10    0.48291  78   1.013E+05  4.505E-11 -1.077E-05  2.930E+02  1.244E+03
   0.10546  10    0.48922  79   1.013E+05  3.163E-11 -1.087E-05  2.930E+02  1.243E+03
   0.10546  10    0.49553  80   1.013E+05  3.573E-11 -1.969E-05  2.930E+02  1.243E+03
   0.10546  10    0.50184  81   1.013E+05  4.312E-11 -1.612E-06  2.930E+02  1.243E+03
   0.10546  10    0.50500  82   1.013E+05  0.000E+00 -1.612E-06  2.930E+02  1.243E+03
   0.11787  11    0.00000   1   1.012E+05  0.000E+00  0.000E+00  2.930E+02  2.930E+02
   0.11787  11    0.00316   2   1.012E+05  1.818E-07  9.622E-05  2.930E+02  3.823E+02
   0.11787  11    0.00947   3   1.012E+05  1.881E-07  2.280E-03  2.930E+02  5.606E+02
   0.11787  11    0.01578   4   1.012E+05  1.937E-07  3.834E-03  2.930E+02  7.402E+02
   0.11787  11    0.02209   5   1.012E+05  1.994E-07  5.545E-03  2.930E+02  9.234E+02
   0.11787  11    0.02841   6   1.012E+05  1.963E-07  7.379E-03  2.930E+02  1.111E+03
   0.11787  11    0.03472   7   1.012E+05  1.911E-07  9.291E-03  2.930E+02  1.306E+03
   0.11787  11    0.04103   8   1.012E+05  1.491E-07  1.122E-02  2.931E+02  1.510E+03
   0.11787  11    0.04734   9   1.012E+05 -1.817E-08  1.309E-02  2.934E+02  1.722E+03
   0.11787  11    0.05366  10   1.012E+05 -2.206E-07  1.482E-02  2.940E+02  1.945E+03
   0.11787  11    0.05997  11   1.012E+05  4.661E-08  1.635E-02  2.957E+02  2.178E+03
   0.11787  11    0.06628  12   1.012E+05  2.936E-07  1.763E-02  2.997E+02  2.428E+03
   0.11787  11    0.07259  13   1.012E+05  3.952E-07  1.863E-02  3.080E+02  2.704E+03
   0.11787  11    0.07891  14   1.012E+05  4.699E-07  1.928E-02  3.239E+02  3.034E+03
   0.11787  11    0.08522  15   1.012E+05  5.780E-07  1.940E-02  3.512E+02  3.492E+03
   0.11787  11    0.09153  16   1.012E+05  7.184E-07  2.042E-02  3.934E+02  4.293E+03
   0.11787  11    0.09784  17   1.013E+05  5.108E-07  1.820E-02  3.512E+02  4.409E+03
   0.11787  11    0.10416  18   1.013E+05 -2.245E-08  1.761E-02  3.239E+02  4.506E+03
   0.11787  11    0.11047  19   1.013E+05 -2.994E-07  1.707E-02  3.080E+02  4.587E+03
   0.11787  11    0.11678  20   1.013E+05 -3.523E-07  1.653E-02  2.997E+02  4.658E+03
   0.11787  11    0.12309  21   1.013E+05 -3.419E-07  1.594E-02  2.957E+02  4.721E+03
   0.11787  11    0.12941  22   1.013E+05 -2.925E-07  1.529E-02  2.940E+02  4.775E+03
   0.11787  11    0.13572  23   1.013E+05 -2.333E-07  1.456E-02  2.934E+02  4.822E+03
   0.11787  11    0.14203  24   1.013E+05 -1.503E-07  1.374E-02  2.931E+02  4.860E+03
   0.11787  11    0.14834  25   1.013E+05 -7.793E-08  1.285E-02  2.930E+02  4.886E+03
   0.11787  11    0.15466  26   1.013E+05 -1.432E-08  1.192E-02  2.930E+02  4.898E+03
   0.11787  11    0.16097  27   1.013E+05  6.792E-08  1.095E-02  2.930E+02  4.892E+03
   0.11787  11    0.16728  28   1.013E+05  8.923E-08  9.957E-03  2.930E+02  4.865E+03
   0.11787  11    0.17359  29   1.013E+05  5.419E-07  8.987E-03  2.930E+02  4.813E+03
   0.11787  11    0.17991  30   1.013E+05  3.267E-07  8.073E-03  2.930E+02  4.734E+03
   0.11787  11    0.18622  31   1.013E+05  1.531E-07  7.202E-03  2.930E+02  4.628E+03
   0.11787  11    0.19253  32   1.013E+05  1.154E-07  6.367E-03  2.930E+02  4.496E+03
   0.11787  11    0.19884  33   1.013E+05  8.673E-08  5.612E-03  2.930E+02  4.339E+03
   0.11787  11    0.20516  34   1.013E+05  7.269E-08  4.942E-03  2.930E+02  4.163E+03
   0.11787  11    0.21147  35   1.013E+05  6.199E-08  4.321E-03  2.930E+02  3.972E+03
   0.11787  11    0.21778  36   1.013E+05  5.325E-08  3.751E-03  2.930E+02  3.770E+03
   0.11787  11    0.22409  37   1.013E+05  4.546E-08  3.262E-03  2.930E+02  3.564E+03
   0.11787  11    0.23041  38   1.013E+05  3.842E-08  2.839E-03  2.930E+02  3.359E+03
   0.11787  11    0.23672  39   1.013E+05  3.212E-08  2.453E-03  2.930E+02  3.158E+03
   0.11787  11    0.24303  40   1.013E+05  2.656E-08  2.117E-03  2.930E+02  2.964E+03
   0.11787  11    0.24934  41   1.013E+05  2.174E-08  1.828E-03  2.930E+02  2.780E+03
   0.11787  11    0.25566  42   1.013E+05  1.761E-08  1.582E-03  2.930E+02  2.608E+03
   0.11787  11    0.26197  43   1.013E+05  1.412E-08  1.359E-03  2.930E+02  2.449E+03
   0.11787  11    0.26828  44   1.013E+05  1.122E-08  1.157E-03  2.930E+02  2.303E+03
   0.11787  11    0.27459  45   1.013E+05  8.851E-09  9.934E-04  2.930E+02  2.171E+03
   0.11787  11    0.28091  46   1.013E+05  6.915E-09  8.558E-04  2.930E+02  2.052E+03
   0.11787  11    0.28722  47   1.013E+05  5.355E-09  7.274E-04  2.930E+02  1.945E+03
   0.11787  11    0.29353  48   1.013E+05  4.120E-09  6.200E-04  2.930E+02  1.851E+03
   0.11787  11    0.29984  49   1.013E+05  3.134E-09  5.377E-04  2.930E+02  1.767E+03
   0.11787  11    0.30616  50   1.013E+05  2.347E-09  4.577E-04  2.930E+02  1.693E+03
   0.11787  11    0.31247  51   1.013E+05  1.744E-09  3.784E-04  2.930E+02  1.629E+03
   0.11787  11    0.31878  52   1.013E+05  1.292E-09  3.176E-04  2.930E+02  1.572E+03
   0.11787  11    0.32509  53   1.013E+05  9.447E-10  2.711E-04  2.930E+02  1.524E+03
   0.11787  11    0.33141  54   1.013E+05  6.763E-10  2.317E-04  2.930E+02  1.481E+03
   0.11787  11    0.33772  55   1.013E+05  4.675E-10  1.998E-04  2.930E+02  1.445E+03
   0.11787  11    0.34403  56   1.013E+05  3.022E-10  1.694E-04  2.930E+02  1.413E+03
   0.11787  11    0.35034  57   1.013E+05  1.864E-10  1.312E-04  2.930E+02  1.386E+03
   0.11787  11    0.35666  58   1.013E+05  1.223E-10  1.024E-04  2.930E+02  1.363E+03
   0.11787  11    0.36297  59   1.013E+05  7.198E-11  9.616E-05  2.930E+02  1.343E+03
   0.11787  11    0.36928  60   1.013E+05  1.415E-11  8.593E-05  2.930E+02  1.326E+03
   0.11787  11    0.37559  61   1.013E+05 -2.456E-11  6.089E-05  2.930E+02  1.312E+03
   0.11787  11    0.38191  62   1.013E+05 -3.202E-11  3.923E-05  2.930E+02  1.300E+03
   0.11787  11    0.38822  63   1.013E+05 -3.390E-11  3.178E-05  2.930E+02  1.290E+03
   0.11787  11    0.39453  64   1.013E+05 -4.100E-11  2.438E-05  2.930E+02  1.282E+03
   0.11787  11    0.40084  65   1.013E+05 -3.741E-11  1.038E-05  2.930E+02  1.274E+03
   0.11787  11    0.40716  66   1.013E+05 -2.274E-11  4.245E-06  2.930E+02  1.268E+03
   0.11787  11    0.41347  67   1.013E+05 -1.235E-11  4.176E-06  2.930E+02  1.264E+03
   0.11787  11    0.41978  68   1.013E+05 -8.112E-12  3.645E-06  2.930E+02  1.259E+03
   0.11787  11    0.42609  69   1.013E+05 -1.044E-11  4.626E-06  2.930E+02  1.256E+03
   0.11787  11    0.43241  70   1.013E+05 -1.720E-11  5.629E-07  2.930E+02  1.253E+03
   0.11787  11    0.43872  71   1.013E+05 -1.460E-11 -9.732E-06  2.930E+02  1.251E+03
   0.11787  11    0.44503  72   1.013E+05 -2.839E-12 -1.341E-05  2.930E+02  1.249E+03
   0.11787  11    0.45134  73   1.013E+05  4.579E-12 -1.182E-05  2.930E+02  1.248E+03
   0.11787  11    0.45766  74   1.013E+05  3.400E-12 -1.024E-05  2.930E+02  1.246E+03
   0.11787  11    0.46397  75   1.013E+05 -1.301E-12 -1.373E-05  2.930E+02  1.246E+03
   0.11787  11    0.47028  76   1.013E+05  6.918E-12 -2.465E-05  2.930E+02  1.245E+03
   0.11787  11    0.47659  77   1.013E+05  2.733E-11 -2.405E-05  2.930E+02  1.244E+03
   0.11787  11    0.48291  78   1.013E+05  3.046E-11 -1.077E-05  2.930E+02  1.244E+03
   0.11787  11    0.48922  79   1.013E+05  1.870E-11 -1.087E-05  2.930E+02  1.243E+03
   0.11787  11    0.49553  80   1.013E+05  2.492E-11 -1.969E-05  2.930E+02  1.243E+03
   0.11787  11    0.50184  81   1.013E+05  3.273E-11 -1.612E-06  2.930E+02  1.243E+03
   0.11787  11    0.50500  82   1.013E+05  0.000E+00 -1.612E-06  2.930E+02  1.243E+03
   0.12407  12    0.00000   1   1.012E+05  0.000E+00  0.000E+00  2.930E+02  2.930E+02
   0.12407  12    0.00316   2   1.012E+05  1.818E-07  9.622E-05  2.930E+02  3.823E+02
   0.12407  12    0.00947   3   1.012E+05  1.881E-07  2.280E-03  2.930E+02  5.606E+02
   0.12407  12    0.01578   4   1.012E+05  1.937E-07  3.834E-03  2.930E+02  7.402E+02
   0.12407  12    0.02209   5   1.012E+05  1.994E-07  5.545E-03  2.930E+02  9.234E+02
   0.12407  12    0.02841   6   1.012E+05  1.963E-07  7.379E-03  2.930E+02  1.111E+03
   0.12407  12    0.03472   7   1.012E+05  1.911E-07  9.291E-03  2.930E+02  1.306E+03
   0.12407  12    0.04103   8   1.012E+05  1.491E-07  1.122E-02  2.931E+02  1.510E+03
   0.12407  12    0.04734   9   1.012E+05 -1.817E-08  1.309E-02  2.934E+02  1.722E+03
   0.12407  12    0.05366  10   1.012E+05 -2.206E-07  1.482E-02  2.940E+02  1.945E+03
   0.12407  12    0.05997  11   1.012E+05  4.661E-08  1.635E-02  2.957E+02  2.178E+03
   0.12407  12    0.06628  12   1.012E+05  2.936E-07  1.763E-02  2.997E+02  2.428E+03
   0.12407  12    0.07259  13   1.012E+05  3.952E-07  1.863E-02  3.080E+02  2.704E+03
   0.12407  12    0.07891  14   1.012E+05  4.699E-07  1.928E-02  3.239E+02  3.034E+03
   0.12407  12    0.08522  15   1.012E+05  5.780E-07  1.940E-02  3.512E+02  3.492E+03
   0.12407  12    0.09153  16   1.012E+05  7.184E-07  2.042E-02  3.934E+02  4.293E+03
   0.12407  12    0.09784  17   1.013E+05  5.108E-07  1.820E-02  3.512E+02  4.409E+03
   0.12407  12    0.10416  18   1.013E+05 -2.245E-08  1.761E-02  3.239E+02  4.506E+03
   0.12407  12    0.11047  19   1.013E+05 -2.994E-07  1.707E-02  3.080E+02  4.587E+03
   0.12407  12    0.11678  20   1.013E+05 -3.523E-07  1.653E-02  2.997E+02  4.658E+03
   0.12407  12    0.12309  21   1.013E+05 -3.419E-07  1.594E-02  2.957E+02  4.721E+03
   0.12407  12    0.12941  22   1.013E+05 -2.925E-07  1.529E-02  2.940E+02  4.775E+03
   0.12407  12    0.13572  23   1.013E+05 -2.333E-07  1.456E-02  2.934E+02  4.822E+03
   0.12407  12    0.14203  24   1.013E+05 -1.503E-07  1.374E-02  2.931E+02  4.860E+03
   0.12407  12    0.14834  25   1.013E+05 -7.793E-08  1.285E-02  2.930E+02  4.886E+03
   0.12407  12    0.15466  26   1.013E+05 -1.432E-08  1.192E-02  2.930E+02  4.898E+03
   0.12407  12    0.16097  27   1.013E+05  6.792E-08  1.095E-02  2.930E+02  4.892E+03
   0.12407  12    0.16728  28   1.013E+05  8.923E-08  9.957E-03  2.930E+02  4.865E+03
   0.12407  12    0.17359  29   1.013E+05  5.419E-07  8.987E-03  2.930E+02  4.813E+03
   0.12407  12    0.17991  30   1.013E+05  3.267E-07  8.073E-03  2.930E+02  4.734E+03
   0.12407  12    0.18622  31   1.013E+05  1.531E-07  7.202E-03  2.930E+02  4.628E+03
   0.12407  12    0.19253  32   1.013E+05  1.154E-07  6.367E-03  2.930E+02  4.496E+03
   0.12407  12    0.19884  33   1.013E+05  8.673E-08  5.612E-03  2.930E+02  4.339E+03
   0.12407  12    0.20516  34   1.013E+05  7.269E-08  4.942E-03  2.930E+02  4.163E+03
   0.12407  12    0.21147  35   1.013E+05  6.199E-08  4.321E-03  2.930E+02  3.972E+03
   0.12407  12    0.21778  36   1.013E+05  5.325E-08  3.751E-03  2.930E+02  3.770E+03
   0.12407  12    0.22409  37   1.013E+05  4.546E-08  3.262E-03  2.930E+02  3.564E+03
   0.12407  12    0.23041  38   1.013E+05  3.842E-08  2.839E-03  2.930E+02  3.359E+03
   0.12407  12    0.23672  39   1.013E+05  3.212E-08  2.453E-03  2.930E+02  3.158E+03
   0.12407  12    0.24303  40   1.013E+05  2.656E-08  2.117E-03  2.930E+02  2.964E+03
   0.12407  12    0.24934  41   1.013E+05  2.174E-08  1.828E-03  2.930E+02  2.780E+03
   0.12407  12    0.25566  42   1.013E+05  1.761E-08  1.582E-03  2.930E+02  2.608E+03
   0.12407  12    0.26197  43   1.013E+05  1.412E-08  1.359E-03  2.930E+02  2.449E+03
   0.12407  12    0.26828  44   1.013E+05  1.122E-08  1.157E-03  2.930E+02  2.303E+03
   0.12407  12    0.27459  45   1.013E+05  8.851E-09  9.934E-04  2.930E+02  2.171E+03
   0.12407  12    0.28091  46   1.013E+05  6.915E-09  8.558E-04  2.930E+02  2.052E+03
   0.12407  12    0.28722  47   1.013E+05  5.355E-09  7.274E-04  2.930E+02  1.945E+03
   0.12407  12    0.29353  48   1.013E+05  4.120E-09  6.200E-04  2.930E+02  1.851E+03
   0.12407  12    0.29984  49   1.013E+05  3.134E-09  5.377E-04  2.930E+02  1.767E+03
   0.12407  12    0.30616  50   1.013E+05  2.347E-09  4.577E-04  2.930E+02  1.693E+03
   0.12407  12    0.31247  51   1.013E+05  1.744E-09  3.784E-04  2.930E+02  1.629E+03
   0.12407  12    0.31878  52   1.013E+05  1.292E-09  3.176E-04  2.930E+02  1.572E+03
   0.12407  12    0.32509  53   1.013E+05  9.447E-10  2.711E-04  2.930E+02  1.524E+03
   0.12407  12    0.33141  54   1.013E+05  6.763E-10  2.317E-04  2.930E+02  1.481E+03
   0.12407  12    0.33772  55   1.013E+05  4.675E-10  1.998E-04  2.930E+02  1.445E+03
   0.12407  12    0.34403  56   1.013E+05  3.022E-10  1.694E-04  2.930E+02  1.413E+03
   0.12407  12    0.35034  57   1.013E+05  1.864E-10  1.312E-04  2.930E+02  1.386E+03
   0.12407  12    0.35666  58   1.013E+05  1.223E-10  1.024E-04  2.930E+02  1.363E+03
   0.12407  12    0.36297  59   1.013E+05  7.198E-11  9.616E-05  2.930E+02  1.343E+03
   0.12407  12    0.36928  60   1.013E+05  1.415E-11  8.593E-05  2.930E+02  1.326E+03
   0.12407  12    0.37559  61   1.013E+05 -2.456E-11  6.089E-05  2.930E+02  1.312E+03
   0.12407  12    0.38191  62   1.013E+05 -3.202E-11  3.923E-05  2.930E+02  1.300E+03
   0.12407  12    0.38822  63   1.013E+05 -3.390E-11  3.178E-05  2.930E+02  1.290E+03
   0.12407  12    0.39453  64   1.013E+05 -4.100E-11  2.438E-05  2.930E+02  1.282E+03
   0.12407  12    0.40084  65   1.013E+05 -3.741E-11  1.038E-05  2.930E+02  1.274E+03
   0.12407  12    0.40716  66   1.013E+05 -2.274E-11  4.245E-06  2.930E+02  1.268E+03
   0.12407  12    0.41347  67   1.013E+05 -1.235E-11  4.176E-06  2.930E+02  1.264E+03
   0.12407  12    0.41978  68   1.013E+05 -8.112E-12  3.645E-06  2.930E+02  1.259E+03
   0.12407  12    0.42609  69   1.013E+05 -1.044E-11  4.626E-06  2.930E+02  1.256E+03
   0.12407  12    0.43241  70   1.013E+05 -1.720E-11  5.629E-07  2.930E+02  1.253E+03
   0.12407  12    0.43872  71   1.013E+05 -1.460E-11 -9.732E-06  2.930E+02  1.251E+03
   0.12407  12    0.44503  72   1.013E+05 -2.839E-12 -1.341E-05  2.930E+02  1.249E+03
   0.12407  12    0.45134  73   1.013E+05  4.579E-12 -1.182E-05  2.930E+02  1.248E+03
   0.12407  12    0.45766  74   1.013E+05  3.400E-12 -1.024E-05  2.930E+02  1.246E+03
   0.12407  12    0.46397  75   1.013E+05 -1.301E-12 -1.373E-05  2.930E+02  1.246E+03
   0.12407  12    0.47028  76   1.013E+05  6.918E-12 -2.465E-05  2.930E+02  1.245E+03
   0.12407  12    0.47659  77   1.013E+05  2.733E-11 -2.405E-05  2.930E+02  1.244E+03
   0.12407  12    0.48291  78   1.013E+05  3.046E-11 -1.077E-05  2.930E+02  1.244E+03
   0.12407  12    0.48922  79   1.013E+05  1.870E-11 -1.087E-05  2.930E+02  1.243E+03
   0.12407  12    0.49553  80   1.013E+05  2.492E-11 -1.969E-05  2.930E+02  1.243E+03
   0.12407  12    0.50184  81   1.013E+05  3.273E-11 -1.612E-06  2.930E+02  1.243E+03
   0.12407  12    0.50500  82   1.013E+05  0.000E+00 -1.612E-06  2.930E+02  1.243E+03
