# xp i yp j p u v ts tf
   0.00000   1    0.00000   1   1.013E+05 -7.740E-08 -1.341E-03  2.930E+02  4.205E+02
   0.00000   1    0.00316   2   1.013E+05 -7.740E-08 -1.341E-03  2.930E+02  4.205E+02
   0.00000   1    0.00947   3   1.013E+05  2.205E-07 -1.256E-03  2.930E+02  6.812E+02
   0.00000   1    0.01578   4   1.013E+05  4.092E-08 -1.947E-03  2.930E+02  9.469E+02
   0.00000   1    0.02209   5   1.013E+05  6.746E-08 -2.490E-03  2.930E+02  1.215E+03
   0.00000   1    0.02841   6   1.013E+05  6.580E-08 -2.901E-03  2.930E+02  1.492E+03
   0.00000   1    0.03472   7   1.013E+05  7.992E-08 -3.234E-03  2.931E+02  1.778E+03
   0.00000   1    0.04103   8   1.013E+05  9.580E-08 -3.506E-03  2.934E+02  2.075E+03
   0.00000   1    0.04734   9   1.013E+05  1.156E-07 -3.726E-03  2.939E+02  2.380E+03
   0.00000   1    0.05366  10   1.013E+05  1.393E-07 -3.918E-03  2.953E+02  2.688E+03
   0.00000   1    0.05997  11   1.013E+05  1.638E-07 -4.114E-03  2.982E+02  2.999E+03
   0.00000   1    0.06628  12   1.013E+05  1.893E-07 -4.328E-03  3.041E+02  3.315E+03
   0.00000   1    0.07259  13   1.013E+05  1.693E-07 -4.572E-03  3.152E+02  3.643E+03
   0.00000   1    0.07891  14   1.013E+05  1.350E-07 -4.850E-03  3.342E+02  4.006E+03
   0.00000   1    0.08522  15   1.013E+05  1.101E-07 -5.173E-03  3.641E+02  4.457E+03
   0.00000   1    0.09153  16   1.013E+05  6.108E-08 -3.067E-03  4.072E+02  5.138E+03
   0.00000   1    0.09784  17   1.013E+05  1.222E-08 -2.998E-03  3.641E+02  5.023E+03
   0.00000   1    0.10416  18   1.013E+05 -2.700E-08 -1.918E-03  3.342E+02  4.920E+03
   0.00000   1    0.11047  19   1.013E+05 -4.444E-08 -1.028E-03  3.152E+02  4.817E+03
   0.00000   1    0.11678  20   1.013E+05 -2.494E-08 -3.568E-04  3.041E+02  4.703E+03
   0.00000   1    0.12309  21   1.013E+05  1.114E-08  1.458E-04  2.982E+02  4.575E+03
   0.00000   1    0.12941  22   1.013E+05  2.287E-07  4.881E-04  2.953E+02  4.428E+03
   0.00000   1    0.13572  23   1.013E+05  3.082E-07  6.922E-04  2.939E+02  4.261E+03
   0.00000   1    0.14203  24   1.013E+05  6.564E-08  8.097E-04  2.934E+02  4.076E+03
   0.00000   1    0.14834  25   1.013E+05  6.040E-08  8.592E-04  2.931E+02  3.876E+03
   0.00000   1    0.15466  26   1.013E+05  2.547E-08  8.550E-04  2.930E+02  3.666E+03
   0.00000   1    0.16097  27   1.013E+05  1.417E-08  8.220E-04  2.930E+02  3.452E+03
   0.00000   1    0.16728  28   1.013E+05  6.381E-09  7.687E-04  2.930E+02  3.240E+03
   0.00000   1    0.17359  29   1.013E+05  2.743E-09  7.071E-04  2.930E+02  3.034E+03
   0.00000   1    0.17991  30   1.013E+05  9.857E-10  6.499E-04  2.930E+02  2.839E+03
   0.00000   1    0.18622  31   1.013E+05  3.210E-10  5.910E-04  2.930E+02  2.658E+03
   0.00000   1    0.19253  32   1.013E+05  1.747E-10  5.260E-04  2.930E+02  2.490E+03
   0.00000   1    0.19884  33   1.013E+05  2.403E-10  4.573E-04  2.930E+02  2.338E+03
   0.00000   1    0.20516  34   1.013E+05  3.620E-10  3.998E-04  2.930E+02  2.202E+03
   0.00000   1    0.21147  35   1.013E+05  4.803E-10  3.593E-04  2.930E+02  2.081E+03
   0.00000   1    0.21778  36   1.013E+05  5.720E-10  3.218E-04  2.930E+02  1.975E+03
   0.00000   1    0.22409  37   1.013E+05  6.248E-10  2.843E-04  2.930E+02  1.881E+03
   0.00000   1    0.23041  38   1.013E+05  6.347E-10  2.426E-04  2.930E+02  1.799E+03
   0.00000   1    0.23672  39   1.013E+05  6.076E-10  2.071E-04  2.930E+02  1.728E+03
   0.00000   1    0.24303  40   1.013E+05  5.671E-10  1.866E-04  2.930E+02  1.666E+03
   0.00000   1    0.24934  41   1.013E+05  5.266E-10  1.623E-04  2.930E+02  1.613E+03
   0.00000   1    0.25566  42   1.013E+05  4.716E-10  1.283E-04  2.930E+02  1.567E+03
   0.00000   1    0.26197  43   1.013E+05  4.091E-10  1.085E-04  2.930E+02  1.528E+03
   0.00000   1    0.26828  44   1.013E+05  3.620E-10  9.929E-05  2.930E+02  1.495E+03
   0.00000   1    0.27459  45   1.013E+05  3.241E-10  7.929E-05  2.930E+02  1.466E+03
   0.00000   1    0.28091  46   1.013E+05  2.835E-10  6.362E-05  2.930E+02  1.442E+03
   0.00000   1    0.28722  47   1.013E+05  2.480E-10  5.482E-05  2.930E+02  1.421E+03
   0.00000   1    0.29353  48   1.013E+05  2.212E-10  4.779E-05  2.930E+02  1.403E+03
   0.00000   1    0.29984  49   1.013E+05  1.979E-10  3.853E-05  2.930E+02  1.389E+03
   0.00000   1    0.30616  50   1.013E+05  1.729E-10  2.480E-05  2.930E+02  1.376E+03
   0.00000   1    0.31247  51   1.013E+05  1.499E-10  1.864E-05  2.930E+02  1.365E+03
   0.00000   1    0.31878  52   1.013E+05  1.332E-10  1.164E-05  2.930E+02  1.357E+03
   0.00000   1    0.32509  53   1.013E+05  1.121E-10 -1.463E-06  2.930E+02  1.349E+03
   0.00000   1    0.33141  54   1.013E+05  9.052E-11 -4.561E-06  2.930E+02  1.343E+03
   0.00000   1    0.33772  55   1.013E+05  7.386E-11 -9.029E-06  2.930E+02  1.338E+03
   0.00000   1    0.34403  56   1.013E+05  5.251E-11 -1.639E-05  2.930E+02  1.333E+03
   0.00000   1    0.35034  57   1.013E+05  3.725E-11 -9.160E-06  2.930E+02  1.330E+03
   0.00000   1    0.35666  58   1.013E+05  3.689E-11 -9.365E-06  2.930E+02  1.327E+03
   0.00000   1    0.36297  59   1.013E+05  2.977E-11 -2.103E-05  2.930E+02  1.324E+03
   0.00000   1    0.36928  60   1.013E+05  1.083E-11 -2.593E-05  2.930E+02  1.322E+03
   0.00000   1    0.37559  61   1.013E+05 -5.053E-12 -2.035E-05  2.930E+02  1.321E+03
   0.00000   1    0.38191  62   1.013E+05 -4.547E-12 -7.396E-06  2.930E+02  1.319E+03
   0.00000   1    0.38822  63   1.013E+05  7.276E-12 -6.942E-06  2.930E+02  1.318E+03
   0.00000   1    0.39453  64   1.013E+05  2.547E-12 -1.974E-05  2.930E+02  1.317E+03
   0.00000   1    0.40084  65   1.013E+05 -1.835E-11 -1.969E-05  2.930E+02  1.316E+03
   0.00000   1    0.40716  66   1.013E+05 -2.298E-11 -7.102E-06  2.930E+02  1.315E+03
   0.00000   1    0.41347  67   1.013E+05 -1.381E-11 -7.914E-06  2.930E+02  1.315E+03
   0.00000   1    0.41978  68   1.013E+05 -2.119E-11 -1.663E-05  2.930E+02  1.314E+03
   0.00000   1    0.42609  69   1.013E+05 -2.987E-11 -4.436E-06  2.930E+02  1.314E+03
   0.00000   1    0.43241  70   1.013E+05 -1.419E-11  7.540E-06  2.930E+02  1.313E+03
   0.00000   1    0.43872  71   1.013E+05  1.144E-12 -6.283E-07  2.930E+02  1.313E+03
   0.00000   1    0.44503  72   1.013E+05 -1.499E-12 -6.083E-06  2.930E+02  1.313E+03
   0.00000   1    0.45134  73   1.013E+05 -1.046E-11 -6.468E-06  2.930E+02  1.313E+03
   0.00000   1    0.45766  74   1.013E+05 -1.958E-11 -2.855E-06  2.930E+02  1.312E+03
   0.00000   1    0.46397  75   1.013E+05 -1.812E-11  7.859E-06  2.930E+02  1.312E+03
   0.00000   1    0.47028  76   1.013E+05 -7.957E-12  1.298E-05  2.930E+02  1.312E+03
   0.00000   1    0.47659  77   1.013E+05 -2.280E-12  1.189E-05  2.930E+02  1.312E+03
   0.00000   1    0.48291  78   1.013E+05  1.060E-12  1.140E-05  2.930E+02  1.312E+03
   0.00000   1    0.48922  79   1.013E+05  4.794E-12  1.064E-05  2.930E+02  1.312E+03
   0.00000   1    0.49553  80   1.013E+05  1.661E-11  1.322E-05  2.930E+02  1.312E+03
   0.00000   1    0.50184  81   1.013E+05  2.359E-11 -3.130E-06  2.930E+02  1.312E+03
   0.00000   1    0.50500  82   1.013E+05  2.359E-11 -3.130E-06  2.930E+02  1.312E+03
   0.00620   2    0.00000   1   1.013E+05  0.000E+00  0.000E+00  2.930E+02  2.930E+02
   0.00620   2    0.00316   2   1.013E+05 -7.740E-08 -1.341E-03  2.930E+02  4.205E+02
   0.00620   2    0.00947   3   1.013E+05  2.205E-07 -1.256E-03  2.930E+02  6.812E+02
   0.00620   2    0.01578   4   1.013E+05  4.092E-08 -1.947E-03  2.930E+02  9.469E+02
   0.00620   2    0.02209   5   1.013E+05  6.746E-08 -2.490E-03  2.930E+02  1.215E+03
   0.00620   2    0.02841   6   1.013E+05  6.580E-08 -2.901E-03  2.930E+02  1.492E+03
   0.00620   2    0.03472   7   1.013E+05  7.992E-08 -3.234E-03  2.931E+02  1.778E+03
   0.00620   2    0.04103   8   1.013E+05  9.580E-08 -3.506E-03  2.934E+02  2.075E+03
   0.00620   2    0.04734   9   1.013E+05  1.156E-07 -3.726E-03  2.939E+02  2.380E+03
   0.00620   2    0.05366  10   1.013E+05  1.393E-07 -3.918E-03  2.953E+02  2.688E+03
   0.00620   2    0.05997  11   1.013E+05  1.638E-07 -4.114E-03  2.982E+02  2.999E+03
   0.00620   2    0.06628  12   1.013E+05  1.893E-07 -4.328E-03  3.041E+02  3.315E+03
   0.00620   2    0.07259  13   1.013E+05  1.693E-07 -4.572E-03  3.152E+02  3.643E+03
   0.00620   2    0.07891  14   1.013E+05  1.350E-07 -4.850E-03  3.342E+02  4.006E+03
   0.00620   2    0.08522  15   1.013E+05  1.101E-07 -5.173E-03  3.641E+02  4.457E+03
   0.00620   2    0.09153  16   1.013E+05  6.108E-08 -3.067E-03  4.072E+02  5.138E+03
   0.00620   2    0.09784  17   1.013E+05  1.222E-08 -2.998E-03  3.641E+02  5.023E+03
   0.00620   2    0.10416  18   1.013E+05 -2.700E-08 -1.918E-03  3.342E+02  4.920E+03
   0.00620   2    0.11047  19   1.013E+05 -4.444E-08 -1.028E-03  3.152E+02  4.817E+03
   0.00620   2    0.11678  20   1.013E+05 -2.494E-08 -3.568E-04  3.041E+02  4.703E+03
   0.00620   2    0.12309  21   1.013E+05  1.114E-08  1.458E-04  2.982E+02  4.575E+03
   0.00620   2    0.12941  22   1.013E+05  2.287E-07  4.881E-04  2.953E+02  4.428E+03
   0.00620   2    0.13572  23   1.013E+05  3.082E-07  6.922E-04  2.939E+02  4.261E+03
   0.00620   2    0.14203  24   1.013E+05  6.564E-08  8.097E-04  2.934E+02  4.076E+03
   0.00620   2    0.14834  25   1.013E+05  6.040E-08  8.592E-04  2.931E+02  3.876E+03
   0.00620   2    0.15466  26   1.013E+05  2.547E-08  8.550E-04  2.930E+02  3.666E+03
   0.00620   2    0.16097  27   1.013E+05  1.417E-08  8.220E-04  2.930E+02  3.452E+03
   0.00620   2    0.16728  28   1.013E+05  6.381E-09  7.687E-04  2.930E+02  3.240E+03
   0.00620   2    0.17359  29   1.013E+05  2.743E-09  7.071E-04  2.930E+02  3.034E+03
   0.00620   2    0.17991  30   1.013E+05  9.857E-10  6.499E-04  2.930E+02  2.839E+03
   0.00620   2    0.18622  31   1.013E+05  3.210E-10  5.910E-04  2.930E+02  2.658E+03
   0.00620   2    0.19253  32   1.013E+05  1.747E-10  5.260E-04  2.930E+02  2.490E+03
   0.00620   2    0.19884  33   1.013E+05  2.403E-10  4.573E-04  2.930E+02  2.338E+03
   0.00620   2    0.20516  34   1.013E+05  3.620E-10  3.998E-04  2.930E+02  2.202E+03
   0.00620   2    0.21147  35   1.013E+05  4.803E-10  3.593E-04  2.930E+02  2.081E+03
   0.00620   2    0.21778  36   1.013E+05  5.720E-10  3.218E-04  2.930E+02  1.975E+03
   0.00620   2    0.22409  37   1.013E+05  6.248E-10  2.843E-04  2.930E+02  1.881E+03
   0.00620   2    0.23041  38   1.013E+05  6.347E-10  2.426E-04  2.930E+02  1.799E+03
   0.00620   2    0.23672  39   1.013E+05  6.076E-10  2.071E-04  2.930E+02  1.728E+03
   0.00620   2    0.24303  40   1.013E+05  5.671E-10  1.866E-04  2.930E+02  1.666E+03
   0.00620   2    0.24934  41   1.013E+05  5.266E-10  1.623E-04  2.930E+02  1.613E+03
   0.00620   2    0.25566  42   1.013E+05  4.716E-10  1.283E-04  2.930E+02  1.567E+03
   0.00620   2    0.26197  43   1.013E+05  4.091E-10  1.085E-04  2.930E+02  1.528E+03
   0.00620   2    0.26828  44   1.013E+05  3.620E-10  9.929E-05  2.930E+02  1.495E+03
   0.00620   2    0.27459  45   1.013E+05  3.241E-10  7.929E-05  2.930E+02  1.466E+03
   0.00620   2    0.28091  46   1.013E+05  2.835E-10  6.362E-05  2.930E+02  1.442E+03
   0.00620   2    0.28722  47   1.013E+05  2.480E-10  5.482E-05  2.930E+02  1.421E+03
   0.00620   2    0.29353  48   1.013E+05  2.212E-10  4.779E-05  2.930E+02  1.403E+03
   0.00620   2    0.29984  49   1.013E+05  1.979E-10  3.853E-05  2.930E+02  1.389E+03
   0.00620   2    0.30616  50   1.013E+05  1.729E-10  2.480E-05  2.930E+02  1.376E+03
   0.00620   2    0.31247  51   1.013E+05  1.499E-10  1.864E-05  2.930E+02  1.365E+03
   0.00620   2    0.31878  52   1.013E+05  1.332E-10  1.164E-05  2.930E+02  1.357E+03
   0.00620   2    0.32509  53   1.013E+05  1.121E-10 -1.463E-06  2.930E+02  1.349E+03
   0.00620   2    0.33141  54   1.013E+05  9.052E-11 -4.561E-06  2.930E+02  1.343E+03
   0.00620   2    0.33772  55   1.013E+05  7.386E-11 -9.029E-06  2.930E+02  1.338E+03
   0.00620   2    0.34403  56   1.013E+05  5.251E-11 -1.639E-05  2.930E+02  1.333E+03
   0.00620   2    0.35034  57   1.013E+05  3.725E-11 -9.160E-06  2.930E+02  1.330E+03
   0.00620   2    0.35666  58   1.013E+05  3.689E-11 -9.365E-06  2.930E+02  1.327E+03
   0.00620   2    0.36297  59   1.013E+05  2.977E-11 -2.103E-05  2.930E+02  1.324E+03
   0.00620   2    0.36928  60   1.013E+05  1.083E-11 -2.593E-05  2.930E+02  1.322E+03
   0.00620   2    0.37559  61   1.013E+05 -5.053E-12 -2.035E-05  2.930E+02  1.321E+03
   0.00620   2    0.38191  62   1.013E+05 -4.547E-12 -7.396E-06  2.930E+02  1.319E+03
   0.00620   2    0.38822  63   1.013E+05  7.276E-12 -6.942E-06  2.930E+02  1.318E+03
   0.00620   2    0.39453  64   1.013E+05  2.547E-12 -1.974E-05  2.930E+02  1.317E+03
   0.00620   2    0.40084  65   1.013E+05 -1.835E-11 -1.969E-05  2.930E+02  1.316E+03
   0.00620   2    0.40716  66   1.013E+05 -2.298E-11 -7.102E-06  2.930E+02  1.315E+03
   0.00620   2    0.41347  67   1.013E+05 -1.381E-11 -7.914E-06  2.930E+02  1.315E+03
   0.00620   2    0.41978  68   1.013E+05 -2.119E-11 -1.663E-05  2.930E+02  1.314E+03
   0.00620   2    0.42609  69   1.013E+05 -2.987E-11 -4.436E-06  2.930E+02  1.314E+03
   0.00620   2    0.43241  70   1.013E+05 -1.419E-11  7.540E-06  2.930E+02  1.313E+03
   0.00620   2    0.43872  71   1.013E+05  1.144E-12 -6.283E-07  2.930E+02  1.313E+03
   0.00620   2    0.44503  72   1.013E+05 -1.499E-12 -6.083E-06  2.930E+02  1.313E+03
   0.00620   2    0.45134  73   1.013E+05 -1.046E-11 -6.468E-06  2.930E+02  1.313E+03
   0.00620   2    0.45766  74   1.013E+05 -1.958E-11 -2.855E-06  2.930E+02  1.312E+03
   0.00620   2    0.46397  75   1.013E+05 -1.812E-11  7.859E-06  2.930E+02  1.312E+03
   0.00620   2    0.47028  76   1.013E+05 -7.957E-12  1.298E-05  2.930E+02  1.312E+03
   0.00620   2    0.47659  77   1.013E+05 -2.280E-12  1.189E-05  2.930E+02  1.312E+03
   0.00620   2    0.48291  78   1.013E+05  1.060E-12  1.140E-05  2.930E+02  1.312E+03
   0.00620   2    0.48922  79   1.013E+05  4.794E-12  1.064E-05  2.930E+02  1.312E+03
   0.00620   2    0.49553  80   1.013E+05  1.661E-11  1.322E-05  2.930E+02  1.312E+03
   0.00620   2    0.50184  81   1.013E+05  2.359E-11 -3.130E-06  2.930E+02  1.312E+03
   0.00620   2    0.50500  82   1.013E+05  0.000E+00 -3.130E-06  2.930E+02  1.312E+03
   0.01861   3    0.00000   1   1.013E+05  0.000E+00  0.000E+00  2.930E+02  2.930E+02
   0.01861   3    0.00316   2   1.013E+05 -1.136E-07 -1.341E-03  2.930E+02  4.205E+02
   0.01861   3    0.00947   3   1.013E+05  1.997E-07 -1.255E-03  2.930E+02  6.812E+02
   0.01861   3    0.01578   4   1.013E+05  3.809E-08 -1.947E-03  2.930E+02  9.470E+02
   0.01861   3    0.02209   5   1.013E+05  9.547E-08 -2.490E-03  2.930E+02  1.215E+03
   0.01861   3    0.02841   6   1.013E+05  1.221E-07 -2.901E-03  2.930E+02  1.492E+03
   0.01861   3    0.03472   7   1.013E+05  1.644E-07 -3.234E-03  2.931E+02  1.778E+03
   0.01861   3    0.04103   8   1.013E+05  2.071E-07 -3.505E-03  2.934E+02  2.076E+03
   0.01861   3    0.04734   9   1.013E+05  2.531E-07 -3.726E-03  2.939E+02  2.380E+03
   0.01861   3    0.05366  10   1.013E+05  3.046E-07 -3.917E-03  2.953E+02  2.688E+03
   0.01861   3    0.05997  11   1.013E+05  3.618E-07 -4.114E-03  2.982E+02  2.999E+03
   0.01861   3    0.06628  12   1.013E+05  4.231E-07 -4.328E-03  3.041E+02  3.315E+03
   0.01861   3    0.07259  13   1.013E+05  4.434E-07 -4.571E-03  3.152E+02  3.643E+03
   0.01861   3    0.07891  14   1.013E+05  3.962E-07 -4.850E-03  3.342E+02  4.006E+03
   0.01861   3    0.08522  15   1.013E+05  5.749E-07 -5.173E-03  3.641E+02  4.457E+03
   0.01861   3    0.09153  16   1.013E+05  2.536E-07 -3.066E-03  4.072E+02  5.138E+03
   0.01861   3    0.09784  17   1.013E+05  6.739E-08 -2.997E-03  3.641E+02  5.023E+03
   0.01861   3    0.10416  18   1.013E+05 -9.455E-08 -1.918E-03  3.342E+02  4.920E+03
   0.01861   3    0.11047  19   1.013E+05 -1.827E-07 -1.027E-03  3.152E+02  4.817E+03
   0.01861   3    0.11678  20   1.013E+05 -1.841E-07 -3.559E-04  3.041E+02  4.703E+03
   0.01861   3    0.12309  21   1.013E+05 -1.426E-07  1.469E-04  2.982E+02  4.575E+03
   0.01861   3    0.12941  22   1.013E+05  1.603E-07  4.891E-04  2.953E+02  4.428E+03
   0.01861   3    0.13572  23   1.013E+05  3.230E-07  6.920E-04  2.939E+02  4.261E+03
   0.01861   3    0.14203  24   1.013E+05  1.006E-07  8.092E-04  2.934E+02  4.075E+03
   0.01861   3    0.14834  25   1.013E+05  8.161E-08  8.591E-04  2.931E+02  3.876E+03
   0.01861   3    0.15466  26   1.013E+05  3.494E-08  8.549E-04  2.930E+02  3.666E+03
   0.01861   3    0.16097  27   1.013E+05  1.601E-08  8.220E-04  2.930E+02  3.452E+03
   0.01861   3    0.16728  28   1.013E+05  4.340E-09  7.687E-04  2.930E+02  3.240E+03
   0.01861   3    0.17359  29   1.013E+05 -6.591E-10  7.070E-04  2.930E+02  3.034E+03
   0.01861   3    0.17991  30   1.013E+05 -2.409E-09  6.499E-04  2.930E+02  2.839E+03
   0.01861   3    0.18622  31   1.013E+05 -2.445E-09  5.910E-04  2.930E+02  2.658E+03
   0.01861   3    0.19253  32   1.013E+05 -1.788E-09  5.260E-04  2.930E+02  2.490E+03
   0.01861   3    0.19884  33   1.013E+05 -9.669E-10  4.573E-04  2.930E+02  2.338E+03
   0.01861   3    0.20516  34   1.013E+05 -2.313E-10  3.997E-04  2.930E+02  2.202E+03
   0.01861   3    0.21147  35   1.013E+05  3.413E-10  3.593E-04  2.930E+02  2.081E+03
   0.01861   3    0.21778  36   1.013E+05  7.433E-10  3.218E-04  2.930E+02  1.975E+03
   0.01861   3    0.22409  37   1.013E+05  9.901E-10  2.843E-04  2.930E+02  1.881E+03
   0.01861   3    0.23041  38   1.013E+05  1.107E-09  2.426E-04  2.930E+02  1.799E+03
   0.01861   3    0.23672  39   1.013E+05  1.125E-09  2.071E-04  2.930E+02  1.728E+03
   0.01861   3    0.24303  40   1.013E+05  1.090E-09  1.866E-04  2.930E+02  1.666E+03
   0.01861   3    0.24934  41   1.013E+05  1.031E-09  1.623E-04  2.930E+02  1.613E+03
   0.01861   3    0.25566  42   1.013E+05  9.420E-10  1.283E-04  2.930E+02  1.567E+03
   0.01861   3    0.26197  43   1.013E+05  8.366E-10  1.085E-04  2.930E+02  1.528E+03
   0.01861   3    0.26828  44   1.013E+05  7.427E-10  9.929E-05  2.930E+02  1.495E+03
   0.01861   3    0.27459  45   1.013E+05  6.566E-10  7.929E-05  2.930E+02  1.466E+03
   0.01861   3    0.28091  46   1.013E+05  5.673E-10  6.361E-05  2.930E+02  1.442E+03
   0.01861   3    0.28722  47   1.013E+05  4.845E-10  5.482E-05  2.930E+02  1.421E+03
   0.01861   3    0.29353  48   1.013E+05  4.131E-10  4.779E-05  2.930E+02  1.403E+03
   0.01861   3    0.29984  49   1.013E+05  3.506E-10  3.853E-05  2.930E+02  1.389E+03
   0.01861   3    0.30616  50   1.013E+05  2.924E-10  2.480E-05  2.930E+02  1.376E+03
   0.01861   3    0.31247  51   1.013E+05  2.436E-10  1.864E-05  2.930E+02  1.365E+03
   0.01861   3    0.31878  52   1.013E+05  2.094E-10  1.164E-05  2.930E+02  1.357E+03
   0.01861   3    0.32509  53   1.013E+05  1.776E-10 -1.463E-06  2.930E+02  1.349E+03
   0.01861   3    0.33141  54   1.013E+05  1.493E-10 -4.561E-06  2.930E+02  1.343E+03
   0.01861   3    0.33772  55   1.013E+05  1.284E-10 -9.029E-06  2.930E+02  1.338E+03
   0.01861   3    0.34403  56   1.013E+05  1.038E-10 -1.639E-05  2.930E+02  1.333E+03
   0.01861   3    0.35034  57   1.013E+05  8.470E-11 -9.160E-06  2.930E+02  1.330E+03
   0.01861   3    0.35666  58   1.013E+05  7.949E-11 -9.365E-06  2.930E+02  1.327E+03
   0.01861   3    0.36297  59   1.013E+05  6.480E-11 -2.103E-05  2.930E+02  1.324E+03
   0.01861   3    0.36928  60   1.013E+05  3.662E-11 -2.593E-05  2.930E+02  1.322E+03
   0.01861   3    0.37559  61   1.013E+05  1.187E-11 -2.035E-05  2.930E+02  1.321E+03
   0.01861   3    0.38191  62   1.013E+05  5.866E-12 -7.396E-06  2.930E+02  1.319E+03
   0.01861   3    0.38822  63   1.013E+05  1.385E-11 -6.942E-06  2.930E+02  1.318E+03
   0.01861   3    0.39453  64   1.013E+05  7.005E-12 -1.974E-05  2.930E+02  1.317E+03
   0.01861   3    0.40084  65   1.013E+05 -1.543E-11 -1.969E-05  2.930E+02  1.316E+03
   0.01861   3    0.40716  66   1.013E+05 -2.014E-11 -7.102E-06  2.930E+02  1.315E+03
   0.01861   3    0.41347  67   1.013E+05 -9.965E-12 -7.914E-06  2.930E+02  1.315E+03
   0.01861   3    0.41978  68   1.013E+05 -1.787E-11 -1.663E-05  2.930E+02  1.314E+03
   0.01861   3    0.42609  69   1.013E+05 -2.933E-11 -4.436E-06  2.930E+02  1.314E+03
   0.01861   3    0.43241  70   1.013E+05 -1.660E-11  7.540E-06  2.930E+02  1.313E+03
   0.01861   3    0.43872  71   1.013E+05 -5.490E-12 -6.283E-07  2.930E+02  1.313E+03
   0.01861   3    0.44503  72   1.013E+05 -1.452E-11 -6.083E-06  2.930E+02  1.313E+03
   0.01861   3    0.45134  73   1.013E+05 -3.085E-11 -6.468E-06  2.930E+02  1.313E+03
   0.01861   3    0.45766  74   1.013E+05 -4.581E-11 -2.855E-06  2.930E+02  1.312E+03
   0.01861   3    0.46397  75   1.013E+05 -4.704E-11  7.859E-06  2.930E+02  1.312E+03
   0.01861   3    0.47028  76   1.013E+05 -3.599E-11  1.298E-05  2.930E+02  1.312E+03
   0.01861   3    0.47659  77   1.013E+05 -2.703E-11  1.189E-05  2.930E+02  1.312E+03
   0.01861   3    0.48291  78   1.013E+05 -1.871E-11  1.140E-05  2.930E+02  1.312E+03
   0.01861   3    0.48922  79   1.013E+05 -8.377E-12  1.064E-05  2.930E+02  1.312E+03
   0.01861   3    0.49553  80   1.013E+05  1.088E-11  1.322E-05  2.930E+02  1.312E+03
   0.01861   3    0.50184  81   1.013E+05  2.252E-11 -3.130E-06  2.930E+02  1.312E+03
   0.01861   3    0.50500  82   1.013E+05  0.000E+00 -3.130E-06  2.930E+02  1.312E+03
   0.03102   4    0.00000   1   1.013E+05  0.000E+00  0.000E+00  2.930E+02  2.930E+02
   0.03102   4    0.00316   2   1.013E+05 -2.324E-08 -1.341E-03  2.930E+02  4.205E+02
   0.03102   4    0.00947   3   1.013E+05 -7.982E-09 -1.255E-03  2.930E+02  6.813E+02
   0.03102   4    0.01578   4   1.013E+05  2.073E-08 -1.947E-03  2.930E+02  9.470E+02
   0.03102   4    0.02209   5   1.013E+05  7.250E-08 -2.490E-03  2.930E+02  1.215E+03
   0.03102   4    0.02841   6   1.013E+05  1.230E-07 -2.901E-03  2.930E+02  1.492E+03
   0.03102   4    0.03472   7   1.013E+05  1.738E-07 -3.234E-03  2.931E+02  1.778E+03
   0.03102   4    0.04103   8   1.013E+05  2.234E-07 -3.505E-03  2.934E+02  2.076E+03
   0.03102   4    0.04734   9   1.013E+05  2.726E-07 -3.725E-03  2.939E+02  2.380E+03
   0.03102   4    0.05366  10   1.013E+05  3.255E-07 -3.917E-03  2.953E+02  2.688E+03
   0.03102   4    0.05997  11   1.013E+05  3.876E-07 -4.113E-03  2.982E+02  2.999E+03
   0.03102   4    0.06628  12   1.013E+05  4.693E-07 -4.327E-03  3.041E+02  3.315E+03
   0.03102   4    0.07259  13   1.013E+05  5.514E-07 -4.570E-03  3.152E+02  3.643E+03
   0.03102   4    0.07891  14   1.013E+05  5.499E-07 -4.848E-03  3.342E+02  4.006E+03
   0.03102   4    0.08522  15   1.013E+05  7.147E-07 -5.172E-03  3.641E+02  4.457E+03
   0.03102   4    0.09153  16   1.013E+05  2.926E-07 -3.065E-03  4.072E+02  5.138E+03
   0.03102   4    0.09784  17   1.013E+05  2.089E-09 -2.996E-03  3.641E+02  5.022E+03
   0.03102   4    0.10416  18   1.013E+05 -2.327E-07 -1.916E-03  3.342E+02  4.920E+03
   0.03102   4    0.11047  19   1.013E+05 -3.625E-07 -1.025E-03  3.152E+02  4.817E+03
   0.03102   4    0.11678  20   1.013E+05 -3.981E-07 -3.545E-04  3.041E+02  4.703E+03
   0.03102   4    0.12309  21   1.013E+05 -3.916E-07  1.482E-04  2.982E+02  4.575E+03
   0.03102   4    0.12941  22   1.013E+05 -2.612E-07  4.901E-04  2.953E+02  4.428E+03
   0.03102   4    0.13572  23   1.013E+05 -1.510E-07  6.926E-04  2.939E+02  4.261E+03
   0.03102   4    0.14203  24   1.013E+05 -8.513E-08  8.094E-04  2.934E+02  4.075E+03
   0.03102   4    0.14834  25   1.013E+05 -6.534E-08  8.592E-04  2.931E+02  3.875E+03
   0.03102   4    0.15466  26   1.013E+05 -5.192E-08  8.549E-04  2.930E+02  3.665E+03
   0.03102   4    0.16097  27   1.013E+05 -4.120E-08  8.219E-04  2.930E+02  3.452E+03
   0.03102   4    0.16728  28   1.013E+05 -3.188E-08  7.687E-04  2.930E+02  3.240E+03
   0.03102   4    0.17359  29   1.013E+05 -2.377E-08  7.070E-04  2.930E+02  3.034E+03
   0.03102   4    0.17991  30   1.013E+05 -1.705E-08  6.499E-04  2.930E+02  2.839E+03
   0.03102   4    0.18622  31   1.013E+05 -1.170E-08  5.910E-04  2.930E+02  2.657E+03
   0.03102   4    0.19253  32   1.013E+05 -7.630E-09  5.260E-04  2.930E+02  2.490E+03
   0.03102   4    0.19884  33   1.013E+05 -4.640E-09  4.573E-04  2.930E+02  2.338E+03
   0.03102   4    0.20516  34   1.013E+05 -2.525E-09  3.997E-04  2.930E+02  2.202E+03
   0.03102   4    0.21147  35   1.013E+05 -1.084E-09  3.593E-04  2.930E+02  2.081E+03
   0.03102   4    0.21778  36   1.013E+05 -1.454E-10  3.218E-04  2.930E+02  1.975E+03
   0.03102   4    0.22409  37   1.013E+05  4.320E-10  2.843E-04  2.930E+02  1.881E+03
   0.03102   4    0.23041  38   1.013E+05  7.569E-10  2.426E-04  2.930E+02  1.799E+03
   0.03102   4    0.23672  39   1.013E+05  9.109E-10  2.071E-04  2.930E+02  1.728E+03
   0.03102   4    0.24303  40   1.013E+05  9.569E-10  1.866E-04  2.930E+02  1.666E+03
   0.03102   4    0.24934  41   1.013E+05  9.367E-10  1.623E-04  2.930E+02  1.613E+03
   0.03102   4    0.25566  42   1.013E+05  8.778E-10  1.283E-04  2.930E+02  1.567E+03
   0.03102   4    0.26197  43   1.013E+05  7.980E-10  1.085E-04  2.930E+02  1.528E+03
   0.03102   4    0.26828  44   1.013E+05  7.105E-10  9.929E-05  2.930E+02  1.495E+03
   0.03102   4    0.27459  45   1.013E+05  6.211E-10  7.929E-05  2.930E+02  1.466E+03
   0.03102   4    0.28091  46   1.013E+05  5.333E-10  6.361E-05  2.930E+02  1.442E+03
   0.03102   4    0.28722  47   1.013E+05  4.503E-10  5.482E-05  2.930E+02  1.421E+03
   0.03102   4    0.29353  48   1.013E+05  3.741E-10  4.778E-05  2.930E+02  1.403E+03
   0.03102   4    0.29984  49   1.013E+05  3.070E-10  3.853E-05  2.930E+02  1.389E+03
   0.03102   4    0.30616  50   1.013E+05  2.501E-10  2.480E-05  2.930E+02  1.376E+03
   0.03102   4    0.31247  51   1.013E+05  2.041E-10  1.864E-05  2.930E+02  1.365E+03
   0.03102   4    0.31878  52   1.013E+05  1.686E-10  1.164E-05  2.930E+02  1.357E+03
   0.03102   4    0.32509  53   1.013E+05  1.420E-10 -1.463E-06  2.930E+02  1.349E+03
   0.03102   4    0.33141  54   1.013E+05  1.221E-10 -4.561E-06  2.930E+02  1.343E+03
   0.03102   4    0.33772  55   1.013E+05  1.066E-10 -9.029E-06  2.930E+02  1.338E+03
   0.03102   4    0.34403  56   1.013E+05  9.290E-11 -1.639E-05  2.930E+02  1.333E+03
   0.03102   4    0.35034  57   1.013E+05  8.007E-11 -9.160E-06  2.930E+02  1.330E+03
   0.03102   4    0.35666  58   1.013E+05  6.756E-11 -9.365E-06  2.930E+02  1.327E+03
   0.03102   4    0.36297  59   1.013E+05  5.303E-11 -2.103E-05  2.930E+02  1.324E+03
   0.03102   4    0.36928  60   1.013E+05  3.797E-11 -2.593E-05  2.930E+02  1.322E+03
   0.03102   4    0.37559  61   1.013E+05  2.441E-11 -2.035E-05  2.930E+02  1.321E+03
   0.03102   4    0.38191  62   1.013E+05  1.520E-11 -7.396E-06  2.930E+02  1.319E+03
   0.03102   4    0.38822  63   1.013E+05  9.745E-12 -6.942E-06  2.930E+02  1.318E+03
   0.03102   4    0.39453  64   1.013E+05  6.028E-12 -1.974E-05  2.930E+02  1.317E+03
   0.03102   4    0.40084  65   1.013E+05  2.490E-12 -1.969E-05  2.930E+02  1.316E+03
   0.03102   4    0.40716  66   1.013E+05  1.366E-12 -7.102E-06  2.930E+02  1.315E+03
   0.03102   4    0.41347  67   1.013E+05  1.681E-12 -7.914E-06  2.930E+02  1.315E+03
   0.03102   4    0.41978  68   1.013E+05  2.732E-15 -1.663E-05  2.930E+02  1.314E+03
   0.03102   4    0.42609  69   1.013E+05 -3.713E-12 -4.436E-06  2.930E+02  1.314E+03
   0.03102   4    0.43241  70   1.013E+05 -7.236E-12  7.540E-06  2.930E+02  1.313E+03
   0.03102   4    0.43872  71   1.013E+05 -1.319E-11 -6.283E-07  2.930E+02  1.313E+03
   0.03102   4    0.44503  72   1.013E+05 -2.165E-11 -6.083E-06  2.930E+02  1.313E+03
   0.03102   4    0.45134  73   1.013E+05 -3.162E-11 -6.468E-06  2.930E+02  1.313E+03
   0.03102   4    0.45766  74   1.013E+05 -3.967E-11 -2.855E-06  2.930E+02  1.312E+03
   0.03102   4    0.46397  75   1.013E+05 -4.337E-11  7.859E-06  2.930E+02  1.312E+03
   0.03102   4    0.47028  76   1.013E+05 -4.260E-11  1.298E-05  2.930E+02  1.312E+03
   0.03102   4    0.47659  77   1.013E+05 -3.850E-11  1.189E-05  2.930E+02  1.312E+03
   0.03102   4    0.48291  78   1.013E+05 -3.221E-11  1.140E-05  2.930E+02  1.312E+03
   0.03102   4    0.48922  79   1.013E+05 -2.357E-11  1.064E-05  2.930E+02  1.312E+03
   0.03102   4    0.49553  80   1.013E+05 -1.342E-11  1.322E-05  2.930E+02  1.312E+03
   0.03102   4    0.50184  81   1.013E+05 -6.591E-12 -3.130E-06  2.930E+02  1.312E+03
   0.03102   4    0.50500  82   1.013E+05  0.000E+00 -3.130E-06  2.930E+02  1.312E+03
   0.04342   5    0.00000   1   1.013E+05  0.000E+00  0.000E+00  2.930E+02  2.930E+02
   0.04342   5    0.00316   2   1.013E+05  9.814E-08 -1.341E-03  2.930E+02  4.205E+02
   0.04342   5    0.00947   3   1.013E+05 -2.754E-08 -1.255E-03  2.930E+02  6.813E+02
   0.04342   5    0.01578   4   1.013E+05  2.033E-08 -1.947E-03  2.930E+02  9.471E+02
   0.04342   5    0.02209   5   1.013E+05  6.343E-08 -2.490E-03  2.930E+02  1.215E+03
   0.04342   5    0.02841   6   1.013E+05  1.057E-07 -2.901E-03  2.930E+02  1.492E+03
   0.04342   5    0.03472   7   1.013E+05  1.449E-07 -3.233E-03  2.931E+02  1.778E+03
   0.04342   5    0.04103   8   1.013E+05  1.844E-07 -3.505E-03  2.934E+02  2.076E+03
   0.04342   5    0.04734   9   1.013E+05  2.255E-07 -3.725E-03  2.939E+02  2.380E+03
   0.04342   5    0.05366  10   1.013E+05  2.719E-07 -3.916E-03  2.953E+02  2.688E+03
   0.04342   5    0.05997  11   1.013E+05  3.381E-07 -4.112E-03  2.982E+02  2.999E+03
   0.04342   5    0.06628  12   1.013E+05  4.587E-07 -4.326E-03  3.041E+02  3.315E+03
   0.04342   5    0.07259  13   1.013E+05  6.134E-07 -4.569E-03  3.152E+02  3.643E+03
   0.04342   5    0.07891  14   1.013E+05  7.328E-07 -4.846E-03  3.342E+02  4.006E+03
   0.04342   5    0.08522  15   1.013E+05  6.533E-07 -5.170E-03  3.641E+02  4.456E+03
   0.04342   5    0.09153  16   1.013E+05  1.402E-07 -3.062E-03  4.072E+02  5.137E+03
   0.04342   5    0.09784  17   1.013E+05 -2.879E-07 -2.993E-03  3.641E+02  5.022E+03
   0.04342   5    0.10416  18   1.013E+05 -4.506E-07 -1.914E-03  3.342E+02  4.920E+03
   0.04342   5    0.11047  19   1.013E+05 -5.514E-07 -1.023E-03  3.152E+02  4.816E+03
   0.04342   5    0.11678  20   1.013E+05 -5.333E-07 -3.528E-04  3.041E+02  4.703E+03
   0.04342   5    0.12309  21   1.013E+05 -6.932E-07  1.496E-04  2.982E+02  4.575E+03
   0.04342   5    0.12941  22   1.013E+05 -4.066E-07  4.912E-04  2.953E+02  4.428E+03
   0.04342   5    0.13572  23   1.013E+05 -3.379E-07  6.933E-04  2.939E+02  4.260E+03
   0.04342   5    0.14203  24   1.013E+05 -2.346E-07  8.099E-04  2.934E+02  4.075E+03
   0.04342   5    0.14834  25   1.013E+05 -1.679E-07  8.595E-04  2.931E+02  3.875E+03
   0.04342   5    0.15466  26   1.013E+05 -1.180E-07  8.551E-04  2.930E+02  3.665E+03
   0.04342   5    0.16097  27   1.013E+05 -8.228E-08  8.220E-04  2.930E+02  3.452E+03
   0.04342   5    0.16728  28   1.013E+05 -5.662E-08  7.687E-04  2.930E+02  3.240E+03
   0.04342   5    0.17359  29   1.013E+05 -3.836E-08  7.070E-04  2.930E+02  3.034E+03
   0.04342   5    0.17991  30   1.013E+05 -2.553E-08  6.499E-04  2.930E+02  2.839E+03
   0.04342   5    0.18622  31   1.013E+05 -1.662E-08  5.910E-04  2.930E+02  2.657E+03
   0.04342   5    0.19253  32   1.013E+05 -1.052E-08  5.260E-04  2.930E+02  2.490E+03
   0.04342   5    0.19884  33   1.013E+05 -6.404E-09  4.573E-04  2.930E+02  2.338E+03
   0.04342   5    0.20516  34   1.013E+05 -3.670E-09  3.997E-04  2.930E+02  2.202E+03
   0.04342   5    0.21147  35   1.013E+05 -1.894E-09  3.593E-04  2.930E+02  2.081E+03
   0.04342   5    0.21778  36   1.013E+05 -7.684E-10  3.218E-04  2.930E+02  1.975E+03
   0.04342   5    0.22409  37   1.013E+05 -8.092E-11  2.843E-04  2.930E+02  1.881E+03
   0.04342   5    0.23041  38   1.013E+05  3.177E-10  2.426E-04  2.930E+02  1.799E+03
   0.04342   5    0.23672  39   1.013E+05  5.290E-10  2.071E-04  2.930E+02  1.728E+03
   0.04342   5    0.24303  40   1.013E+05  6.242E-10  1.866E-04  2.930E+02  1.666E+03
   0.04342   5    0.24934  41   1.013E+05  6.478E-10  1.623E-04  2.930E+02  1.613E+03
   0.04342   5    0.25566  42   1.013E+05  6.291E-10  1.282E-04  2.930E+02  1.567E+03
   0.04342   5    0.26197  43   1.013E+05  5.851E-10  1.085E-04  2.930E+02  1.528E+03
   0.04342   5    0.26828  44   1.013E+05  5.279E-10  9.929E-05  2.930E+02  1.495E+03
   0.04342   5    0.27459  45   1.013E+05  4.635E-10  7.929E-05  2.930E+02  1.466E+03
   0.04342   5    0.28091  46   1.013E+05  3.964E-10  6.361E-05  2.930E+02  1.442E+03
   0.04342   5    0.28722  47   1.013E+05  3.306E-10  5.482E-05  2.930E+02  1.421E+03
   0.04342   5    0.29353  48   1.013E+05  2.693E-10  4.778E-05  2.930E+02  1.403E+03
   0.04342   5    0.29984  49   1.013E+05  2.152E-10  3.853E-05  2.930E+02  1.389E+03
   0.04342   5    0.30616  50   1.013E+05  1.708E-10  2.480E-05  2.930E+02  1.376E+03
   0.04342   5    0.31247  51   1.013E+05  1.370E-10  1.864E-05  2.930E+02  1.365E+03
   0.04342   5    0.31878  52   1.013E+05  1.130E-10  1.164E-05  2.930E+02  1.357E+03
   0.04342   5    0.32509  53   1.013E+05  9.708E-11 -1.463E-06  2.930E+02  1.349E+03
   0.04342   5    0.33141  54   1.013E+05  8.663E-11 -4.561E-06  2.930E+02  1.343E+03
   0.04342   5    0.33772  55   1.013E+05  7.927E-11 -9.029E-06  2.930E+02  1.338E+03
   0.04342   5    0.34403  56   1.013E+05  7.176E-11 -1.639E-05  2.930E+02  1.333E+03
   0.04342   5    0.35034  57   1.013E+05  6.338E-11 -9.160E-06  2.930E+02  1.330E+03
   0.04342   5    0.35666  58   1.013E+05  5.334E-11 -9.365E-06  2.930E+02  1.327E+03
   0.04342   5    0.36297  59   1.013E+05  4.155E-11 -2.103E-05  2.930E+02  1.324E+03
   0.04342   5    0.36928  60   1.013E+05  3.039E-11 -2.593E-05  2.930E+02  1.322E+03
   0.04342   5    0.37559  61   1.013E+05  2.034E-11 -2.035E-05  2.930E+02  1.321E+03
   0.04342   5    0.38191  62   1.013E+05  1.378E-11 -7.396E-06  2.930E+02  1.319E+03
   0.04342   5    0.38822  63   1.013E+05  1.022E-11 -6.942E-06  2.930E+02  1.318E+03
   0.04342   5    0.39453  64   1.013E+05  9.875E-12 -1.974E-05  2.930E+02  1.317E+03
   0.04342   5    0.40084  65   1.013E+05  1.009E-11 -1.969E-05  2.930E+02  1.316E+03
   0.04342   5    0.40716  66   1.013E+05  1.063E-11 -7.102E-06  2.930E+02  1.315E+03
   0.04342   5    0.41347  67   1.013E+05  1.062E-11 -7.914E-06  2.930E+02  1.315E+03
   0.04342   5    0.41978  68   1.013E+05  8.166E-12 -1.663E-05  2.930E+02  1.314E+03
   0.04342   5    0.42609  69   1.013E+05  2.526E-12 -4.436E-06  2.930E+02  1.314E+03
   0.04342   5    0.43241  70   1.013E+05 -4.879E-12  7.540E-06  2.930E+02  1.313E+03
   0.04342   5    0.43872  71   1.013E+05 -1.476E-11 -6.283E-07  2.930E+02  1.313E+03
   0.04342   5    0.44503  72   1.013E+05 -2.504E-11 -6.083E-06  2.930E+02  1.313E+03
   0.04342   5    0.45134  73   1.013E+05 -3.543E-11 -6.468E-06  2.930E+02  1.313E+03
   0.04342   5    0.45766  74   1.013E+05 -4.334E-11 -2.855E-06  2.930E+02  1.312E+03
   0.04342   5    0.46397  75   1.013E+05 -4.724E-11  7.859E-06  2.930E+02  1.312E+03
   0.04342   5    0.47028  76   1.013E+05 -4.716E-11  1.298E-05  2.930E+02  1.312E+03
   0.04342   5    0.47659  77   1.013E+05 -4.346E-11  1.189E-05  2.930E+02  1.312E+03
   0.04342   5    0.48291  78   1.013E+05 -3.738E-11  1.140E-05  2.930E+02  1.312E+03
   0.04342   5    0.48922  79   1.013E+05 -2.910E-11  1.064E-05  2.930E+02  1.312E+03
   0.04342   5    0.49553  80   1.013E+05 -1.927E-11  1.322E-05  2.930E+02  1.312E+03
   0.04342   5    0.50184  81   1.013E+05 -1.323E-11 -3.130E-06  2.930E+02  1.312E+03
   0.04342   5    0.50500  82   1.013E+05  0.000E+00 -3.130E-06  2.930E+02  1.312E+03
   0.05583   6    0.00000   1   1.013E+05  0.000E+00  0.000E+00  2.930E+02  2.930E+02
   0.05583   6    0.00316   2   1.013E+05  8.537E-08 -1.341E-03  2.930E+02  4.205E+02
   0.05583   6    0.00947   3   1.013E+05 -4.011E-08 -1.256E-03  2.930E+02  6.813E+02
   0.05583   6    0.01578   4   1.013E+05 -2.905E-09 -1.947E-03  2.930E+02  9.471E+02
   0.05583   6    0.02209   5   1.013E+05  1.934E-08 -2.490E-03  2.930E+02  1.215E+03
   0.05583   6    0.02841   6   1.013E+05  3.950E-08 -2.901E-03  2.930E+02  1.492E+03
   0.05583   6    0.03472   7   1.013E+05  5.607E-08 -3.233E-03  2.931E+02  1.779E+03
   0.05583   6    0.04103   8   1.013E+05  7.279E-08 -3.504E-03  2.934E+02  2.076E+03
   0.05583   6    0.04734   9   1.013E+05  9.090E-08 -3.724E-03  2.939E+02  2.380E+03
   0.05583   6    0.05366  10   1.013E+05  1.122E-07 -3.916E-03  2.953E+02  2.688E+03
   0.05583   6    0.05997  11   1.013E+05  1.489E-07 -4.112E-03  2.982E+02  2.999E+03
   0.05583   6    0.06628  12   1.013E+05  2.235E-07 -4.326E-03  3.041E+02  3.315E+03
   0.05583   6    0.07259  13   1.013E+05  3.363E-07 -4.568E-03  3.152E+02  3.643E+03
   0.05583   6    0.07891  14   1.013E+05  4.442E-07 -4.844E-03  3.342E+02  4.006E+03
   0.05583   6    0.08522  15   1.013E+05  4.035E-07 -5.164E-03  3.641E+02  4.456E+03
   0.05583   6    0.09153  16   1.013E+05  4.013E-08 -3.054E-03  4.072E+02  5.137E+03
   0.05583   6    0.09784  17   1.013E+05 -2.347E-07 -2.988E-03  3.641E+02  5.022E+03
   0.05583   6    0.10416  18   1.013E+05 -2.855E-07 -1.910E-03  3.342E+02  4.919E+03
   0.05583   6    0.11047  19   1.013E+05 -3.271E-07 -1.021E-03  3.152E+02  4.816E+03
   0.05583   6    0.11678  20   1.013E+05 -2.943E-07 -3.515E-04  3.041E+02  4.703E+03
   0.05583   6    0.12309  21   1.013E+05 -4.553E-07  1.508E-04  2.982E+02  4.574E+03
   0.05583   6    0.12941  22   1.013E+05 -2.138E-07  4.924E-04  2.953E+02  4.428E+03
   0.05583   6    0.13572  23   1.013E+05 -1.718E-07  6.939E-04  2.939E+02  4.260E+03
   0.05583   6    0.14203  24   1.013E+05 -1.145E-07  8.103E-04  2.934E+02  4.075E+03
   0.05583   6    0.14834  25   1.013E+05 -8.139E-08  8.598E-04  2.931E+02  3.875E+03
   0.05583   6    0.15466  26   1.013E+05 -5.671E-08  8.553E-04  2.930E+02  3.665E+03
   0.05583   6    0.16097  27   1.013E+05 -3.933E-08  8.222E-04  2.930E+02  3.452E+03
   0.05583   6    0.16728  28   1.013E+05 -2.688E-08  7.688E-04  2.930E+02  3.240E+03
   0.05583   6    0.17359  29   1.013E+05 -1.810E-08  7.071E-04  2.930E+02  3.034E+03
   0.05583   6    0.17991  30   1.013E+05 -1.197E-08  6.499E-04  2.930E+02  2.839E+03
   0.05583   6    0.18622  31   1.013E+05 -7.768E-09  5.910E-04  2.930E+02  2.657E+03
   0.05583   6    0.19253  32   1.013E+05 -4.924E-09  5.260E-04  2.930E+02  2.490E+03
   0.05583   6    0.19884  33   1.013E+05 -3.026E-09  4.573E-04  2.930E+02  2.338E+03
   0.05583   6    0.20516  34   1.013E+05 -1.779E-09  3.997E-04  2.930E+02  2.202E+03
   0.05583   6    0.21147  35   1.013E+05 -9.735E-10  3.593E-04  2.930E+02  2.081E+03
   0.05583   6    0.21778  36   1.013E+05 -4.631E-10  3.218E-04  2.930E+02  1.975E+03
   0.05583   6    0.22409  37   1.013E+05 -1.466E-10  2.843E-04  2.930E+02  1.881E+03
   0.05583   6    0.23041  38   1.013E+05  4.526E-11  2.426E-04  2.930E+02  1.799E+03
   0.05583   6    0.23672  39   1.013E+05  1.572E-10  2.071E-04  2.930E+02  1.728E+03
   0.05583   6    0.24303  40   1.013E+05  2.199E-10  1.866E-04  2.930E+02  1.666E+03
   0.05583   6    0.24934  41   1.013E+05  2.505E-10  1.623E-04  2.930E+02  1.613E+03
   0.05583   6    0.25566  42   1.013E+05  2.599E-10  1.282E-04  2.930E+02  1.567E+03
   0.05583   6    0.26197  43   1.013E+05  2.533E-10  1.085E-04  2.930E+02  1.528E+03
   0.05583   6    0.26828  44   1.013E+05  2.351E-10  9.929E-05  2.930E+02  1.495E+03
   0.05583   6    0.27459  45   1.013E+05  2.077E-10  7.929E-05  2.930E+02  1.466E+03
   0.05583   6    0.28091  46   1.013E+05  1.745E-10  6.361E-05  2.930E+02  1.442E+03
   0.05583   6    0.28722  47   1.013E+05  1.390E-10  5.482E-05  2.930E+02  1.421E+03
   0.05583   6    0.29353  48   1.013E+05  1.047E-10  4.778E-05  2.930E+02  1.403E+03
   0.05583   6    0.29984  49   1.013E+05  7.528E-11  3.853E-05  2.930E+02  1.389E+03
   0.05583   6    0.30616  50   1.013E+05  5.281E-11  2.480E-05  2.930E+02  1.376E+03
   0.05583   6    0.31247  51   1.013E+05  3.899E-11  1.864E-05  2.930E+02  1.365E+03
   0.05583   6    0.31878  52   1.013E+05  3.236E-11  1.164E-05  2.930E+02  1.357E+03
   0.05583   6    0.32509  53   1.013E+05  3.126E-11 -1.463E-06  2.930E+02  1.349E+03
   0.05583   6    0.33141  54   1.013E+05  3.279E-11 -4.561E-06  2.930E+02  1.343E+03
   0.05583   6    0.33772  55   1.013E+05  3.518E-11 -9.029E-06  2.930E+02  1.338E+03
   0.05583   6    0.34403  56   1.013E+05  3.550E-11 -1.639E-05  2.930E+02  1.333E+03
   0.05583   6    0.35034  57   1.013E+05  3.334E-11 -9.160E-06  2.930E+02  1.330E+03
   0.05583   6    0.35666  58   1.013E+05  2.863E-11 -9.365E-06  2.930E+02  1.327E+03
   0.05583   6    0.36297  59   1.013E+05  2.198E-11 -2.103E-05  2.930E+02  1.324E+03
   0.05583   6    0.36928  60   1.013E+05  1.642E-11 -2.593E-05  2.930E+02  1.322E+03
   0.05583   6    0.37559  61   1.013E+05  1.192E-11 -2.035E-05  2.930E+02  1.321E+03
   0.05583   6    0.38191  62   1.013E+05  1.014E-11 -7.396E-06  2.930E+02  1.319E+03
   0.05583   6    0.38822  63   1.013E+05  1.053E-11 -6.942E-06  2.930E+02  1.318E+03
   0.05583   6    0.39453  64   1.013E+05  1.386E-11 -1.974E-05  2.930E+02  1.317E+03
   0.05583   6    0.40084  65   1.013E+05  1.676E-11 -1.969E-05  2.930E+02  1.316E+03
   0.05583   6    0.40716  66   1.013E+05  1.811E-11 -7.102E-06  2.930E+02  1.315E+03
   0.05583   6    0.41347  67   1.013E+05  1.740E-11 -7.914E-06  2.930E+02  1.315E+03
   0.05583   6    0.41978  68   1.013E+05  1.345E-11 -1.663E-05  2.930E+02  1.314E+03
   0.05583   6    0.42609  69   1.013E+05  5.559E-12 -4.436E-06  2.930E+02  1.314E+03
   0.05583   6    0.43241  70   1.013E+05 -4.265E-12  7.540E-06  2.930E+02  1.313E+03
   0.05583   6    0.43872  71   1.013E+05 -1.613E-11 -6.283E-07  2.930E+02  1.313E+03
   0.05583   6    0.44503  72   1.013E+05 -2.705E-11 -6.083E-06  2.930E+02  1.313E+03
   0.05583   6    0.45134  73   1.013E+05 -3.678E-11 -6.468E-06  2.930E+02  1.313E+03
   0.05583   6    0.45766  74   1.013E+05 -4.379E-11 -2.855E-06  2.930E+02  1.312E+03
   0.05583   6    0.46397  75   1.013E+05 -4.677E-11  7.859E-06  2.930E+02  1.312E+03
   0.05583   6    0.47028  76   1.013E+05 -4.609E-11  1.298E-05  2.930E+02  1.312E+03
   0.05583   6    0.47659  77   1.013E+05 -4.219E-11  1.189E-05  2.930E+02  1.312E+03
   0.05583   6    0.48291  78   1.013E+05 -3.632E-11  1.140E-05  2.930E+02  1.312E+03
   0.05583   6    0.48922  79   1.013E+05 -2.876E-11  1.064E-05  2.930E+02  1.312E+03
   0.05583   6    0.49553  80   1.013E+05 -2.006E-11  1.322E-05  2.930E+02  1.312E+03
   0.05583   6    0.50184  81   1.013E+05 -1.507E-11 -3.130E-06  2.930E+02  1.312E+03
   0.05583   6    0.50500  82   1.013E+05  0.000E+00 -3.130E-06  2.930E+02  1.312E+03
   0.06824   7    0.00000   1   1.013E+05  0.000E+00  0.000E+00  2.930E+02  2.930E+02
   0.06824   7    0.00316   2   1.013E+05 -8.561E-08 -1.341E-03  2.930E+02  4.205E+02
   0.06824   7    0.00947   3   1.013E+05  3.988E-08 -1.256E-03  2.930E+02  6.813E+02
   0.06824   7    0.01578   4   1.013E+05  2.666E-09 -1.947E-03  2.930E+02  9.471E+02
   0.06824   7    0.02209   5   1.013E+05 -1.957E-08 -2.490E-03  2.930E+02  1.215E+03
   0.06824   7    0.02841   6   1.013E+05 -3.971E-08 -2.901E-03  2.930E+02  1.492E+03
   0.06824   7    0.03472   7   1.013E+05 -5.624E-08 -3.233E-03  2.931E+02  1.779E+03
   0.06824   7    0.04103   8   1.013E+05 -7.292E-08 -3.504E-03  2.934E+02  2.076E+03
   0.06824   7    0.04734   9   1.013E+05 -9.099E-08 -3.724E-03  2.939E+02  2.380E+03
   0.06824   7    0.05366  10   1.013E+05 -1.122E-07 -3.916E-03  2.953E+02  2.688E+03
   0.06824   7    0.05997  11   1.013E+05 -1.489E-07 -4.112E-03  2.982E+02  2.999E+03
   0.06824   7    0.06628  12   1.013E+05 -2.235E-07 -4.326E-03  3.041E+02  3.315E+03
   0.06824   7    0.07259  13   1.013E+05 -3.363E-07 -4.568E-03  3.152E+02  3.643E+03
   0.06824   7    0.07891  14   1.013E+05 -4.442E-07 -4.844E-03  3.342E+02  4.006E+03
   0.06824   7    0.08522  15   1.013E+05 -4.034E-07 -5.164E-03  3.641E+02  4.456E+03
   0.06824   7    0.09153  16   1.013E+05 -4.007E-08 -3.054E-03  4.072E+02  5.137E+03
   0.06824   7    0.09784  17   1.013E+05  2.348E-07 -2.988E-03  3.641E+02  5.022E+03
   0.06824   7    0.10416  18   1.013E+05  2.856E-07 -1.910E-03  3.342E+02  4.919E+03
   0.06824   7    0.11047  19   1.013E+05  3.272E-07 -1.021E-03  3.152E+02  4.816E+03
   0.06824   7    0.11678  20   1.013E+05  2.944E-07 -3.515E-04  3.041E+02  4.703E+03
   0.06824   7    0.12309  21   1.013E+05  4.554E-07  1.508E-04  2.982E+02  4.574E+03
   0.06824   7    0.12941  22   1.013E+05  2.138E-07  4.924E-04  2.953E+02  4.428E+03
   0.06824   7    0.13572  23   1.013E+05  1.718E-07  6.939E-04  2.939E+02  4.260E+03
   0.06824   7    0.14203  24   1.013E+05  1.145E-07  8.103E-04  2.934E+02  4.075E+03
   0.06824   7    0.14834  25   1.013E+05  8.135E-08  8.598E-04  2.931E+02  3.875E+03
   0.06824   7    0.15466  26   1.013E+05  5.665E-08  8.553E-04  2.930E+02  3.665E+03
   0.06824   7    0.16097  27   1.013E+05  3.927E-08  8.222E-04  2.930E+02  3.452E+03
   0.06824   7    0.16728  28   1.013E+05  2.683E-08  7.688E-04  2.930E+02  3.240E+03
   0.06824   7    0.17359  29   1.013E+05  1.805E-08  7.071E-04  2.930E+02  3.034E+03
   0.06824   7    0.17991  30   1.013E+05  1.193E-08  6.499E-04  2.930E+02  2.839E+03
   0.06824   7    0.18622  31   1.013E+05  7.732E-09  5.910E-04  2.930E+02  2.657E+03
   0.06824   7    0.19253  32   1.013E+05  4.888E-09  5.260E-04  2.930E+02  2.490E+03
   0.06824   7    0.19884  33   1.013E+05  2.986E-09  4.573E-04  2.930E+02  2.338E+03
   0.06824   7    0.20516  34   1.013E+05  1.734E-09  3.997E-04  2.930E+02  2.202E+03
   0.06824   7    0.21147  35   1.013E+05  9.253E-10  3.593E-04  2.930E+02  2.081E+03
   0.06824   7    0.21778  36   1.013E+05  4.178E-10  3.218E-04  2.930E+02  1.975E+03
   0.06824   7    0.22409  37   1.013E+05  1.128E-10  2.843E-04  2.930E+02  1.881E+03
   0.06824   7    0.23041  38   1.013E+05 -5.670E-11  2.426E-04  2.930E+02  1.799E+03
   0.06824   7    0.23672  39   1.013E+05 -1.389E-10  2.071E-04  2.930E+02  1.728E+03
   0.06824   7    0.24303  40   1.013E+05 -1.660E-10  1.866E-04  2.930E+02  1.666E+03
   0.06824   7    0.24934  41   1.013E+05 -1.621E-10  1.623E-04  2.930E+02  1.613E+03
   0.06824   7    0.25566  42   1.013E+05 -1.439E-10  1.282E-04  2.930E+02  1.567E+03
   0.06824   7    0.26197  43   1.013E+05 -1.231E-10  1.085E-04  2.930E+02  1.528E+03
   0.06824   7    0.26828  44   1.013E+05 -1.056E-10  9.929E-05  2.930E+02  1.495E+03
   0.06824   7    0.27459  45   1.013E+05 -9.506E-11  7.929E-05  2.930E+02  1.466E+03
   0.06824   7    0.28091  46   1.013E+05 -9.064E-11  6.361E-05  2.930E+02  1.442E+03
   0.06824   7    0.28722  47   1.013E+05 -9.060E-11  5.482E-05  2.930E+02  1.421E+03
   0.06824   7    0.29353  48   1.013E+05 -9.173E-11  4.778E-05  2.930E+02  1.403E+03
   0.06824   7    0.29984  49   1.013E+05 -9.111E-11  3.853E-05  2.930E+02  1.389E+03
   0.06824   7    0.30616  50   1.013E+05 -8.676E-11  2.480E-05  2.930E+02  1.376E+03
   0.06824   7    0.31247  51   1.013E+05 -7.762E-11  1.864E-05  2.930E+02  1.365E+03
   0.06824   7    0.31878  52   1.013E+05 -6.475E-11  1.164E-05  2.930E+02  1.357E+03
   0.06824   7    0.32509  53   1.013E+05 -4.982E-11 -1.463E-06  2.930E+02  1.349E+03
   0.06824   7    0.33141  54   1.013E+05 -3.549E-11 -4.561E-06  2.930E+02  1.343E+03
   0.06824   7    0.33772  55   1.013E+05 -2.266E-11 -9.029E-06  2.930E+02  1.338E+03
   0.06824   7    0.34403  56   1.013E+05 -1.368E-11 -1.639E-05  2.930E+02  1.333E+03
   0.06824   7    0.35034  57   1.013E+05 -7.834E-12 -9.160E-06  2.930E+02  1.330E+03
   0.06824   7    0.35666  58   1.013E+05 -4.964E-12 -9.365E-06  2.930E+02  1.327E+03
   0.06824   7    0.36297  59   1.013E+05 -4.264E-12 -2.103E-05  2.930E+02  1.324E+03
   0.06824   7    0.36928  60   1.013E+05 -2.431E-12 -2.593E-05  2.930E+02  1.322E+03
   0.06824   7    0.37559  61   1.013E+05 -3.860E-14 -2.035E-05  2.930E+02  1.321E+03
   0.06824   7    0.38191  62   1.013E+05  3.893E-12 -7.396E-06  2.930E+02  1.319E+03
   0.06824   7    0.38822  63   1.013E+05  8.718E-12 -6.942E-06  2.930E+02  1.318E+03
   0.06824   7    0.39453  64   1.013E+05  1.497E-11 -1.974E-05  2.930E+02  1.317E+03
   0.06824   7    0.40084  65   1.013E+05  1.951E-11 -1.969E-05  2.930E+02  1.316E+03
   0.06824   7    0.40716  66   1.013E+05  2.097E-11 -7.102E-06  2.930E+02  1.315E+03
   0.06824   7    0.41347  67   1.013E+05  1.925E-11 -7.914E-06  2.930E+02  1.315E+03
   0.06824   7    0.41978  68   1.013E+05  1.407E-11 -1.663E-05  2.930E+02  1.314E+03
   0.06824   7    0.42609  69   1.013E+05  4.929E-12 -4.436E-06  2.930E+02  1.314E+03
   0.06824   7    0.43241  70   1.013E+05 -5.273E-12  7.540E-06  2.930E+02  1.313E+03
   0.06824   7    0.43872  71   1.013E+05 -1.701E-11 -6.284E-07  2.930E+02  1.313E+03
   0.06824   7    0.44503  72   1.013E+05 -2.663E-11 -6.083E-06  2.930E+02  1.313E+03
   0.06824   7    0.45134  73   1.013E+05 -3.429E-11 -6.468E-06  2.930E+02  1.313E+03
   0.06824   7    0.45766  74   1.013E+05 -3.917E-11 -2.855E-06  2.930E+02  1.312E+03
   0.06824   7    0.46397  75   1.013E+05 -4.054E-11  7.859E-06  2.930E+02  1.312E+03
   0.06824   7    0.47028  76   1.013E+05 -3.879E-11  1.298E-05  2.930E+02  1.312E+03
   0.06824   7    0.47659  77   1.013E+05 -3.493E-11  1.189E-05  2.930E+02  1.312E+03
   0.06824   7    0.48291  78   1.013E+05 -2.983E-11  1.140E-05  2.930E+02  1.312E+03
   0.06824   7    0.48922  79   1.013E+05 -2.374E-11  1.064E-05  2.930E+02  1.312E+03
   0.06824   7    0.49553  80   1.013E+05 -1.728E-11  1.322E-05  2.930E+02  1.312E+03
   0.06824   7    0.50184  81   1.013E+05 -1.374E-11 -3.130E-06  2.930E+02  1.312E+03
   0.06824   7    0.50500  82   1.013E+05  0.000E+00 -3.130E-06  2.930E+02  1.312E+03
   0.08065   8    0.00000   1   1.013E+05  0.000E+00  0.000E+00  2.930E+02  2.930E+02
   0.08065   8    0.00316   2   1.013E+05 -9.817E-08 -1.341E-03  2.930E+02  4.205E+02
   0.08065   8    0.00947   3   1.013E+05  2.752E-08 -1.255E-03  2.930E+02  6.813E+02
   0.08065   8    0.01578   4   1.013E+05 -2.034E-08 -1.947E-03  2.930E+02  9.471E+02
   0.08065   8    0.02209   5   1.013E+05 -6.342E-08 -2.490E-03  2.930E+02  1.215E+03
   0.08065   8    0.02841   6   1.013E+05 -1.057E-07 -2.901E-03  2.930E+02  1.492E+03
   0.08065   8    0.03472   7   1.013E+05 -1.449E-07 -3.233E-03  2.931E+02  1.778E+03
   0.08065   8    0.04103   8   1.013E+05 -1.844E-07 -3.505E-03  2.934E+02  2.076E+03
   0.08065   8    0.04734   9   1.013E+05 -2.255E-07 -3.725E-03  2.939E+02  2.380E+03
   0.08065   8    0.05366  10   1.013E+05 -2.720E-07 -3.916E-03  2.953E+02  2.688E+03
   0.08065   8    0.05997  11   1.013E+05 -3.382E-07 -4.112E-03  2.982E+02  2.999E+03
   0.08065   8    0.06628  12   1.013E+05 -4.588E-07 -4.326E-03  3.041E+02  3.315E+03
   0.08065   8    0.07259  13   1.013E+05 -6.134E-07 -4.569E-03  3.152E+02  3.643E+03
   0.08065   8    0.07891  14   1.013E+05 -7.328E-07 -4.846E-03  3.342E+02  4.006E+03
   0.08065   8    0.08522  15   1.013E+05 -6.533E-07 -5.170E-03  3.641E+02  4.456E+03
   0.08065   8    0.09153  16   1.013E+05 -1.402E-07 -3.062E-03  4.072E+02  5.137E+03
   0.08065   8    0.09784  17   1.013E+05  2.879E-07 -2.993E-03  3.641E+02  5.022E+03
   0.08065   8    0.10416  18   1.013E+05  4.507E-07 -1.914E-03  3.342E+02  4.920E+03
   0.08065   8    0.11047  19   1.013E+05  5.514E-07 -1.023E-03  3.152E+02  4.816E+03
   0.08065   8    0.11678  20   1.013E+05  5.334E-07 -3.528E-04  3.041E+02  4.703E+03
   0.08065   8    0.12309  21   1.013E+05  6.933E-07  1.496E-04  2.982E+02  4.575E+03
   0.08065   8    0.12941  22   1.013E+05  4.066E-07  4.912E-04  2.953E+02  4.428E+03
   0.08065   8    0.13572  23   1.013E+05  3.379E-07  6.933E-04  2.939E+02  4.260E+03
   0.08065   8    0.14203  24   1.013E+05  2.346E-07  8.099E-04  2.934E+02  4.075E+03
   0.08065   8    0.14834  25   1.013E+05  1.679E-07  8.595E-04  2.931E+02  3.875E+03
   0.08065   8    0.15466  26   1.013E+05  1.180E-07  8.551E-04  2.930E+02  3.665E+03
   0.08065   8    0.16097  27   1.013E+05  8.227E-08  8.220E-04  2.930E+02  3.452E+03
   0.08065   8    0.16728  28   1.013E+05  5.661E-08  7.687E-04  2.930E+02  3.240E+03
   0.08065   8    0.17359  29   1.013E+05  3.836E-08  7.070E-04  2.930E+02  3.034E+03
   0.08065   8    0.17991  30   1.013E+05  2.553E-08  6.499E-04  2.930E+02  2.839E+03
   0.08065   8    0.18622  31   1.013E+05  1.663E-08  5.910E-04  2.930E+02  2.657E+03
   0.08065   8    0.19253  32   1.013E+05  1.053E-08  5.260E-04  2.930E+02  2.490E+03
   0.08065   8    0.19884  33   1.013E+05  6.409E-09  4.573E-04  2.930E+02  2.338E+03
   0.08065   8    0.20516  34   1.013E+05  3.673E-09  3.997E-04  2.930E+02  2.202E+03
   0.08065   8    0.21147  35   1.013E+05  1.894E-09  3.593E-04  2.930E+02  2.081E+03
   0.08065   8    0.21778  36   1.013E+05  7.706E-10  3.218E-04  2.930E+02  1.975E+03
   0.08065   8    0.22409  37   1.013E+05  9.046E-11  2.843E-04  2.930E+02  1.881E+03
   0.08065   8    0.23041  38   1.013E+05 -2.937E-10  2.426E-04  2.930E+02  1.799E+03
   0.08065   8    0.23672  39   1.013E+05 -4.864E-10  2.071E-04  2.930E+02  1.728E+03
   0.08065   8    0.24303  40   1.013E+05 -5.590E-10  1.866E-04  2.930E+02  1.666E+03
   0.08065   8    0.24934  41   1.013E+05 -5.615E-10  1.623E-04  2.930E+02  1.613E+03
   0.08065   8    0.25566  42   1.013E+05 -5.269E-10  1.282E-04  2.930E+02  1.567E+03
   0.08065   8    0.26197  43   1.013E+05 -4.777E-10  1.085E-04  2.930E+02  1.528E+03
   0.08065   8    0.26828  44   1.013E+05 -4.264E-10  9.929E-05  2.930E+02  1.495E+03
   0.08065   8    0.27459  45   1.013E+05 -3.800E-10  7.929E-05  2.930E+02  1.466E+03
   0.08065   8    0.28091  46   1.013E+05 -3.398E-10  6.361E-05  2.930E+02  1.442E+03
   0.08065   8    0.28722  47   1.013E+05 -3.051E-10  5.482E-05  2.930E+02  1.421E+03
   0.08065   8    0.29353  48   1.013E+05 -2.737E-10  4.778E-05  2.930E+02  1.403E+03
   0.08065   8    0.29984  49   1.013E+05 -2.439E-10  3.853E-05  2.930E+02  1.389E+03
   0.08065   8    0.30616  50   1.013E+05 -2.142E-10  2.480E-05  2.930E+02  1.376E+03
   0.08065   8    0.31247  51   1.013E+05 -1.839E-10  1.864E-05  2.930E+02  1.365E+03
   0.08065   8    0.31878  52   1.013E+05 -1.538E-10  1.164E-05  2.930E+02  1.357E+03
   0.08065   8    0.32509  53   1.013E+05 -1.250E-10 -1.463E-06  2.930E+02  1.349E+03
   0.08065   8    0.33141  54   1.013E+05 -9.930E-11 -4.561E-06  2.930E+02  1.343E+03
   0.08065   8    0.33772  55   1.013E+05 -7.708E-11 -9.029E-06  2.930E+02  1.338E+03
   0.08065   8    0.34403  56   1.013E+05 -5.973E-11 -1.639E-05  2.930E+02  1.333E+03
   0.08065   8    0.35034  57   1.013E+05 -4.588E-11 -9.160E-06  2.930E+02  1.330E+03
   0.08065   8    0.35666  58   1.013E+05 -3.521E-11 -9.365E-06  2.930E+02  1.327E+03
   0.08065   8    0.36297  59   1.013E+05 -2.648E-11 -2.103E-05  2.930E+02  1.324E+03
   0.08065   8    0.36928  60   1.013E+05 -1.674E-11 -2.593E-05  2.930E+02  1.322E+03
   0.08065   8    0.37559  61   1.013E+05 -7.631E-12 -2.035E-05  2.930E+02  1.321E+03
   0.08065   8    0.38191  62   1.013E+05  1.153E-12 -7.396E-06  2.930E+02  1.319E+03
   0.08065   8    0.38822  63   1.013E+05  8.580E-12 -6.942E-06  2.930E+02  1.318E+03
   0.08065   8    0.39453  64   1.013E+05  1.636E-11 -1.974E-05  2.930E+02  1.317E+03
   0.08065   8    0.40084  65   1.013E+05  2.153E-11 -1.969E-05  2.930E+02  1.316E+03
   0.08065   8    0.40716  66   1.013E+05  2.237E-11 -7.102E-06  2.930E+02  1.315E+03
   0.08065   8    0.41347  67   1.013E+05  1.955E-11 -7.914E-06  2.930E+02  1.315E+03
   0.08065   8    0.41978  68   1.013E+05  1.372E-11 -1.663E-05  2.930E+02  1.314E+03
   0.08065   8    0.42609  69   1.013E+05  4.856E-12 -4.436E-06  2.930E+02  1.314E+03
   0.08065   8    0.43241  70   1.013E+05 -4.880E-12  7.540E-06  2.930E+02  1.313E+03
   0.08065   8    0.43872  71   1.013E+05 -1.500E-11 -6.284E-07  2.930E+02  1.313E+03
   0.08065   8    0.44503  72   1.013E+05 -2.169E-11 -6.083E-06  2.930E+02  1.313E+03
   0.08065   8    0.45134  73   1.013E+05 -2.601E-11 -6.468E-06  2.930E+02  1.313E+03
   0.08065   8    0.45766  74   1.013E+05 -2.781E-11 -2.855E-06  2.930E+02  1.312E+03
   0.08065   8    0.46397  75   1.013E+05 -2.746E-11  7.859E-06  2.930E+02  1.312E+03
   0.08065   8    0.47028  76   1.013E+05 -2.552E-11  1.298E-05  2.930E+02  1.312E+03
   0.08065   8    0.47659  77   1.013E+05 -2.263E-11  1.189E-05  2.930E+02  1.312E+03
   0.08065   8    0.48291  78   1.013E+05 -1.954E-11  1.140E-05  2.930E+02  1.312E+03
   0.08065   8    0.48922  79   1.013E+05 -1.613E-11  1.064E-05  2.930E+02  1.312E+03
   0.08065   8    0.49553  80   1.013E+05 -1.319E-11  1.322E-05  2.930E+02  1.312E+03
   0.08065   8    0.50184  81   1.013E+05 -1.180E-11 -3.130E-06  2.930E+02  1.312E+03
   0.08065   8    0.50500  82   1.013E+05  0.000E+00 -3.130E-06  2.930E+02  1.312E+03
   0.09305   9    0.00000   1   1.013E+05  0.000E+00  0.000E+00  2.930E+02  2.930E+02
   0.09305   9    0.00316   2   1.013E+05  2.337E-08 -1.341E-03  2.930E+02  4.205E+02
   0.09305   9    0.00947   3   1.013E+05  8.160E-09 -1.255E-03  2.930E+02  6.813E+02
   0.09305   9    0.01578   4   1.013E+05 -2.052E-08 -1.947E-03  2.930E+02  9.470E+02
   0.09305   9    0.02209   5   1.013E+05 -7.227E-08 -2.490E-03  2.930E+02  1.215E+03
   0.09305   9    0.02841   6   1.013E+05 -1.228E-07 -2.901E-03  2.930E+02  1.492E+03
   0.09305   9    0.03472   7   1.013E+05 -1.736E-07 -3.234E-03  2.931E+02  1.778E+03
   0.09305   9    0.04103   8   1.013E+05 -2.232E-07 -3.505E-03  2.934E+02  2.076E+03
   0.09305   9    0.04734   9   1.013E+05 -2.725E-07 -3.725E-03  2.939E+02  2.380E+03
   0.09305   9    0.05366  10   1.013E+05 -3.255E-07 -3.917E-03  2.953E+02  2.688E+03
   0.09305   9    0.05997  11   1.013E+05 -3.876E-07 -4.113E-03  2.982E+02  2.999E+03
   0.09305   9    0.06628  12   1.013E+05 -4.693E-07 -4.327E-03  3.041E+02  3.315E+03
   0.09305   9    0.07259  13   1.013E+05 -5.514E-07 -4.570E-03  3.152E+02  3.643E+03
   0.09305   9    0.07891  14   1.013E+05 -5.499E-07 -4.848E-03  3.342E+02  4.006E+03
   0.09305   9    0.08522  15   1.013E+05 -7.148E-07 -5.172E-03  3.641E+02  4.457E+03
   0.09305   9    0.09153  16   1.013E+05 -2.926E-07 -3.065E-03  4.072E+02  5.138E+03
   0.09305   9    0.09784  17   1.013E+05 -2.047E-09 -2.996E-03  3.641E+02  5.022E+03
   0.09305   9    0.10416  18   1.013E+05  2.327E-07 -1.916E-03  3.342E+02  4.920E+03
   0.09305   9    0.11047  19   1.013E+05  3.626E-07 -1.025E-03  3.152E+02  4.817E+03
   0.09305   9    0.11678  20   1.013E+05  3.982E-07 -3.545E-04  3.041E+02  4.703E+03
   0.09305   9    0.12309  21   1.013E+05  3.917E-07  1.482E-04  2.982E+02  4.575E+03
   0.09305   9    0.12941  22   1.013E+05  2.612E-07  4.901E-04  2.953E+02  4.428E+03
   0.09305   9    0.13572  23   1.013E+05  1.511E-07  6.926E-04  2.939E+02  4.261E+03
   0.09305   9    0.14203  24   1.013E+05  8.514E-08  8.094E-04  2.934E+02  4.075E+03
   0.09305   9    0.14834  25   1.013E+05  6.532E-08  8.592E-04  2.931E+02  3.875E+03
   0.09305   9    0.15466  26   1.013E+05  5.188E-08  8.549E-04  2.930E+02  3.665E+03
   0.09305   9    0.16097  27   1.013E+05  4.115E-08  8.219E-04  2.930E+02  3.452E+03
   0.09305   9    0.16728  28   1.013E+05  3.182E-08  7.687E-04  2.930E+02  3.240E+03
   0.09305   9    0.17359  29   1.013E+05  2.372E-08  7.070E-04  2.930E+02  3.034E+03
   0.09305   9    0.17991  30   1.013E+05  1.700E-08  6.499E-04  2.930E+02  2.839E+03
   0.09305   9    0.18622  31   1.013E+05  1.166E-08  5.910E-04  2.930E+02  2.657E+03
   0.09305   9    0.19253  32   1.013E+05  7.601E-09  5.260E-04  2.930E+02  2.490E+03
   0.09305   9    0.19884  33   1.013E+05  4.623E-09  4.573E-04  2.930E+02  2.338E+03
   0.09305   9    0.20516  34   1.013E+05  2.521E-09  3.997E-04  2.930E+02  2.202E+03
   0.09305   9    0.21147  35   1.013E+05  1.094E-09  3.593E-04  2.930E+02  2.081E+03
   0.09305   9    0.21778  36   1.013E+05  1.698E-10  3.218E-04  2.930E+02  1.975E+03
   0.09305   9    0.22409  37   1.013E+05 -3.922E-10  2.843E-04  2.930E+02  1.881E+03
   0.09305   9    0.23041  38   1.013E+05 -7.003E-10  2.426E-04  2.930E+02  1.799E+03
   0.09305   9    0.23672  39   1.013E+05 -8.387E-10  2.071E-04  2.930E+02  1.728E+03
   0.09305   9    0.24303  40   1.013E+05 -8.698E-10  1.866E-04  2.930E+02  1.666E+03
   0.09305   9    0.24934  41   1.013E+05 -8.389E-10  1.623E-04  2.930E+02  1.613E+03
   0.09305   9    0.25566  42   1.013E+05 -7.746E-10  1.283E-04  2.930E+02  1.567E+03
   0.09305   9    0.26197  43   1.013E+05 -6.980E-10  1.085E-04  2.930E+02  1.528E+03
   0.09305   9    0.26828  44   1.013E+05 -6.216E-10  9.929E-05  2.930E+02  1.495E+03
   0.09305   9    0.27459  45   1.013E+05 -5.513E-10  7.929E-05  2.930E+02  1.466E+03
   0.09305   9    0.28091  46   1.013E+05 -4.876E-10  6.361E-05  2.930E+02  1.442E+03
   0.09305   9    0.28722  47   1.013E+05 -4.307E-10  5.482E-05  2.930E+02  1.421E+03
   0.09305   9    0.29353  48   1.013E+05 -3.791E-10  4.778E-05  2.930E+02  1.403E+03
   0.09305   9    0.29984  49   1.013E+05 -3.316E-10  3.853E-05  2.930E+02  1.389E+03
   0.09305   9    0.30616  50   1.013E+05 -2.871E-10  2.480E-05  2.930E+02  1.376E+03
   0.09305   9    0.31247  51   1.013E+05 -2.453E-10  1.864E-05  2.930E+02  1.365E+03
   0.09305   9    0.31878  52   1.013E+05 -2.066E-10  1.164E-05  2.930E+02  1.357E+03
   0.09305   9    0.32509  53   1.013E+05 -1.711E-10 -1.463E-06  2.930E+02  1.349E+03
   0.09305   9    0.33141  54   1.013E+05 -1.399E-10 -4.561E-06  2.930E+02  1.343E+03
   0.09305   9    0.33772  55   1.013E+05 -1.126E-10 -9.029E-06  2.930E+02  1.338E+03
   0.09305   9    0.34403  56   1.013E+05 -8.959E-11 -1.639E-05  2.930E+02  1.333E+03
   0.09305   9    0.35034  57   1.013E+05 -7.016E-11 -9.160E-06  2.930E+02  1.330E+03
   0.09305   9    0.35666  58   1.013E+05 -5.420E-11 -9.365E-06  2.930E+02  1.327E+03
   0.09305   9    0.36297  59   1.013E+05 -3.947E-11 -2.103E-05  2.930E+02  1.324E+03
   0.09305   9    0.36928  60   1.013E+05 -2.343E-11 -2.593E-05  2.930E+02  1.322E+03
   0.09305   9    0.37559  61   1.013E+05 -9.328E-12 -2.035E-05  2.930E+02  1.321E+03
   0.09305   9    0.38191  62   1.013E+05  1.595E-12 -7.396E-06  2.930E+02  1.319E+03
   0.09305   9    0.38822  63   1.013E+05  8.759E-12 -6.942E-06  2.930E+02  1.318E+03
   0.09305   9    0.39453  64   1.013E+05  1.640E-11 -1.974E-05  2.930E+02  1.317E+03
   0.09305   9    0.40084  65   1.013E+05  2.191E-11 -1.969E-05  2.930E+02  1.316E+03
   0.09305   9    0.40716  66   1.013E+05  2.205E-11 -7.102E-06  2.930E+02  1.315E+03
   0.09305   9    0.41347  67   1.013E+05  1.816E-11 -7.914E-06  2.930E+02  1.315E+03
   0.09305   9    0.41978  68   1.013E+05  1.326E-11 -1.663E-05  2.930E+02  1.314E+03
   0.09305   9    0.42609  69   1.013E+05  6.210E-12 -4.436E-06  2.930E+02  1.314E+03
   0.09305   9    0.43241  70   1.013E+05 -2.320E-12  7.540E-06  2.930E+02  1.313E+03
   0.09305   9    0.43872  71   1.013E+05 -1.030E-11 -6.284E-07  2.930E+02  1.313E+03
   0.09305   9    0.44503  72   1.013E+05 -1.308E-11 -6.083E-06  2.930E+02  1.313E+03
   0.09305   9    0.45134  73   1.013E+05 -1.288E-11 -6.468E-06  2.930E+02  1.313E+03
   0.09305   9    0.45766  74   1.013E+05 -1.104E-11 -2.855E-06  2.930E+02  1.312E+03
   0.09305   9    0.46397  75   1.013E+05 -9.503E-12  7.859E-06  2.930E+02  1.312E+03
   0.09305   9    0.47028  76   1.013E+05 -8.669E-12  1.298E-05  2.930E+02  1.312E+03
   0.09305   9    0.47659  77   1.013E+05 -7.999E-12  1.189E-05  2.930E+02  1.312E+03
   0.09305   9    0.48291  78   1.013E+05 -8.166E-12  1.140E-05  2.930E+02  1.312E+03
   0.09305   9    0.48922  79   1.013E+05 -8.549E-12  1.064E-05  2.930E+02  1.312E+03
   0.09305   9    0.49553  80   1.013E+05 -9.910E-12  1.322E-05  2.930E+02  1.312E+03
   0.09305   9    0.50184  81   1.013E+05 -1.154E-11 -3.130E-06  2.930E+02  1.312E+03
   0.09305   9    0.50500  82   1.013E+05  0.000E+00 -3.130E-06  2.930E+02  1.312E+03
   0.10546  10    0.00000   1   1.013E+05  0.000E+00  0.000E+00  2.930E+02  2.930E+02
   0.10546  10    0.00316   2   1.013E+05  1.135E-07 -1.341E-03  2.930E+02  4.205E+02
   0.10546  10    0.00947   3   1.013E+05 -1.999E-07 -1.255E-03  2.930E+02  6.812E+02
   0.10546  10    0.01578   4   1.013E+05 -3.825E-08 -1.947E-03  2.930E+02  9.470E+02
   0.10546  10    0.02209   5   1.013E+05 -9.567E-08 -2.490E-03  2.930E+02  1.215E+03
   0.10546  10    0.02841   6   1.013E+05 -1.224E-07 -2.901E-03  2.930E+02  1.492E+03
   0.10546  10    0.03472   7   1.013E+05 -1.646E-07 -3.234E-03  2.931E+02  1.778E+03
   0.10546  10    0.04103   8   1.013E+05 -2.073E-07 -3.505E-03  2.934E+02  2.076E+03
   0.10546  10    0.04734   9   1.013E+05 -2.533E-07 -3.726E-03  2.939E+02  2.380E+03
   0.10546  10    0.05366  10   1.013E+05 -3.048E-07 -3.917E-03  2.953E+02  2.688E+03
   0.10546  10    0.05997  11   1.013E+05 -3.619E-07 -4.114E-03  2.982E+02  2.999E+03
   0.10546  10    0.06628  12   1.013E+05 -4.231E-07 -4.328E-03  3.041E+02  3.315E+03
   0.10546  10    0.07259  13   1.013E+05 -4.435E-07 -4.571E-03  3.152E+02  3.643E+03
   0.10546  10    0.07891  14   1.013E+05 -3.962E-07 -4.850E-03  3.342E+02  4.006E+03
   0.10546  10    0.08522  15   1.013E+05 -5.749E-07 -5.173E-03  3.641E+02  4.457E+03
   0.10546  10    0.09153  16   1.013E+05 -2.535E-07 -3.066E-03  4.072E+02  5.138E+03
   0.10546  10    0.09784  17   1.013E+05 -6.731E-08 -2.997E-03  3.641E+02  5.023E+03
   0.10546  10    0.10416  18   1.013E+05  9.466E-08 -1.918E-03  3.342E+02  4.920E+03
   0.10546  10    0.11047  19   1.013E+05  1.828E-07 -1.027E-03  3.152E+02  4.817E+03
   0.10546  10    0.11678  20   1.013E+05  1.842E-07 -3.559E-04  3.041E+02  4.703E+03
   0.10546  10    0.12309  21   1.013E+05  1.427E-07  1.469E-04  2.982E+02  4.575E+03
   0.10546  10    0.12941  22   1.013E+05 -1.602E-07  4.891E-04  2.953E+02  4.428E+03
   0.10546  10    0.13572  23   1.013E+05 -3.229E-07  6.920E-04  2.939E+02  4.261E+03
   0.10546  10    0.14203  24   1.013E+05 -1.006E-07  8.092E-04  2.934E+02  4.075E+03
   0.10546  10    0.14834  25   1.013E+05 -8.155E-08  8.591E-04  2.931E+02  3.876E+03
   0.10546  10    0.15466  26   1.013E+05 -3.490E-08  8.549E-04  2.930E+02  3.666E+03
   0.10546  10    0.16097  27   1.013E+05 -1.598E-08  8.220E-04  2.930E+02  3.452E+03
   0.10546  10    0.16728  28   1.013E+05 -4.317E-09  7.687E-04  2.930E+02  3.240E+03
   0.10546  10    0.17359  29   1.013E+05  6.740E-10  7.070E-04  2.930E+02  3.034E+03
   0.10546  10    0.17991  30   1.013E+05  2.416E-09  6.499E-04  2.930E+02  2.839E+03
   0.10546  10    0.18622  31   1.013E+05  2.446E-09  5.910E-04  2.930E+02  2.658E+03
   0.10546  10    0.19253  32   1.013E+05  1.785E-09  5.260E-04  2.930E+02  2.490E+03
   0.10546  10    0.19884  33   1.013E+05  9.617E-10  4.573E-04  2.930E+02  2.338E+03
   0.10546  10    0.20516  34   1.013E+05  2.262E-10  3.997E-04  2.930E+02  2.202E+03
   0.10546  10    0.21147  35   1.013E+05 -3.442E-10  3.593E-04  2.930E+02  2.081E+03
   0.10546  10    0.21778  36   1.013E+05 -7.411E-10  3.218E-04  2.930E+02  1.975E+03
   0.10546  10    0.22409  37   1.013E+05 -9.805E-10  2.843E-04  2.930E+02  1.881E+03
   0.10546  10    0.23041  38   1.013E+05 -1.088E-09  2.426E-04  2.930E+02  1.799E+03
   0.10546  10    0.23672  39   1.013E+05 -1.097E-09  2.071E-04  2.930E+02  1.728E+03
   0.10546  10    0.24303  40   1.013E+05 -1.053E-09  1.866E-04  2.930E+02  1.666E+03
   0.10546  10    0.24934  41   1.013E+05 -9.879E-10  1.623E-04  2.930E+02  1.613E+03
   0.10546  10    0.25566  42   1.013E+05 -8.964E-10  1.283E-04  2.930E+02  1.567E+03
   0.10546  10    0.26197  43   1.013E+05 -7.933E-10  1.085E-04  2.930E+02  1.528E+03
   0.10546  10    0.26828  44   1.013E+05 -7.060E-10  9.929E-05  2.930E+02  1.495E+03
   0.10546  10    0.27459  45   1.013E+05 -6.302E-10  7.929E-05  2.930E+02  1.466E+03
   0.10546  10    0.28091  46   1.013E+05 -5.533E-10  6.361E-05  2.930E+02  1.442E+03
   0.10546  10    0.28722  47   1.013E+05 -4.835E-10  5.482E-05  2.930E+02  1.421E+03
   0.10546  10    0.29353  48   1.013E+05 -4.244E-10  4.778E-05  2.930E+02  1.403E+03
   0.10546  10    0.29984  49   1.013E+05 -3.713E-10  3.853E-05  2.930E+02  1.389E+03
   0.10546  10    0.30616  50   1.013E+05 -3.196E-10  2.480E-05  2.930E+02  1.376E+03
   0.10546  10    0.31247  51   1.013E+05 -2.733E-10  1.864E-05  2.930E+02  1.365E+03
   0.10546  10    0.31878  52   1.013E+05 -2.374E-10  1.164E-05  2.930E+02  1.357E+03
   0.10546  10    0.32509  53   1.013E+05 -2.005E-10 -1.463E-06  2.930E+02  1.349E+03
   0.10546  10    0.33141  54   1.013E+05 -1.662E-10 -4.561E-06  2.930E+02  1.343E+03
   0.10546  10    0.33772  55   1.013E+05 -1.378E-10 -9.029E-06  2.930E+02  1.338E+03
   0.10546  10    0.34403  56   1.013E+05 -1.060E-10 -1.639E-05  2.930E+02  1.333E+03
   0.10546  10    0.35034  57   1.013E+05 -8.043E-11 -9.160E-06  2.930E+02  1.330E+03
   0.10546  10    0.35666  58   1.013E+05 -6.994E-11 -9.365E-06  2.930E+02  1.327E+03
   0.10546  10    0.36297  59   1.013E+05 -5.196E-11 -2.103E-05  2.930E+02  1.324E+03
   0.10546  10    0.36928  60   1.013E+05 -2.060E-11 -2.593E-05  2.930E+02  1.322E+03
   0.10546  10    0.37559  61   1.013E+05  5.854E-12 -2.035E-05  2.930E+02  1.321E+03
   0.10546  10    0.38191  62   1.013E+05  1.230E-11 -7.396E-06  2.930E+02  1.319E+03
   0.10546  10    0.38822  63   1.013E+05  3.249E-12 -6.942E-06  2.930E+02  1.318E+03
   0.10546  10    0.39453  64   1.013E+05  9.818E-12 -1.974E-05  2.930E+02  1.317E+03
   0.10546  10    0.40084  65   1.013E+05  3.030E-11 -1.969E-05  2.930E+02  1.316E+03
   0.10546  10    0.40716  66   1.013E+05  3.106E-11 -7.102E-06  2.930E+02  1.315E+03
   0.10546  10    0.41347  67   1.013E+05  1.650E-11 -7.914E-06  2.930E+02  1.315E+03
   0.10546  10    0.41978  68   1.013E+05  1.971E-11 -1.663E-05  2.930E+02  1.314E+03
   0.10546  10    0.42609  69   1.013E+05  2.473E-11 -4.436E-06  2.930E+02  1.314E+03
   0.10546  10    0.43241  70   1.013E+05  6.327E-12  7.540E-06  2.930E+02  1.313E+03
   0.10546  10    0.43872  71   1.013E+05 -1.059E-11 -6.284E-07  2.930E+02  1.313E+03
   0.10546  10    0.44503  72   1.013E+05 -5.300E-12 -6.083E-06  2.930E+02  1.313E+03
   0.10546  10    0.45134  73   1.013E+05  8.132E-12 -6.468E-06  2.930E+02  1.313E+03
   0.10546  10    0.45766  74   1.013E+05  2.179E-11 -2.855E-06  2.930E+02  1.312E+03
   0.10546  10    0.46397  75   1.013E+05  2.307E-11  7.859E-06  2.930E+02  1.312E+03
   0.10546  10    0.47028  76   1.013E+05  1.374E-11  1.298E-05  2.930E+02  1.312E+03
   0.10546  10    0.47659  77   1.013E+05  7.288E-12  1.189E-05  2.930E+02  1.312E+03
   0.10546  10    0.48291  78   1.013E+05  1.651E-12  1.140E-05  2.930E+02  1.312E+03
   0.10546  10    0.48922  79   1.013E+05 -5.061E-12  1.064E-05  2.930E+02  1.312E+03
   0.10546  10    0.49553  80   1.013E+05 -2.075E-11  1.322E-05  2.930E+02  1.312E+03
   0.10546  10    0.50184  81   1.013E+05 -3.058E-11 -3.130E-06  2.930E+02  1.312E+03
   0.10546  10    0.50500  82   1.013E+05  0.000E+00 -3.130E-06  2.930E+02  1.312E+03
   0.11787  11    0.00000   1   1.013E+05  0.000E+00  0.000E+00  2.930E+02  2.930E+02
   0.11787  11    0.00316   2   1.013E+05  7.752E-08 -1.341E-03  2.930E+02  4.205E+02
   0.11787  11    0.00947   3   1.013E+05 -2.204E-07 -1.256E-03  2.930E+02  6.812E+02
   0.11787  11    0.01578   4   1.013E+05 -4.078E-08 -1.947E-03  2.930E+02  9.469E+02
   0.11787  11    0.02209   5   1.013E+05 -6.730E-08 -2.490E-03  2.930E+02  1.215E+03
   0.11787  11    0.02841   6   1.013E+05 -6.561E-08 -2.901E-03  2.930E+02  1.492E+03
   0.11787  11    0.03472   7   1.013E+05 -7.971E-08 -3.234E-03  2.931E+02  1.778E+03
   0.11787  11    0.04103   8   1.013E+05 -9.558E-08 -3.506E-03  2.934E+02  2.075E+03
   0.11787  11    0.04734   9   1.013E+05 -1.153E-07 -3.726E-03  2.939E+02  2.380E+03
   0.11787  11    0.05366  10   1.013E+05 -1.391E-07 -3.918E-03  2.953E+02  2.688E+03
   0.11787  11    0.05997  11   1.013E+05 -1.636E-07 -4.114E-03  2.982E+02  2.999E+03
   0.11787  11    0.06628  12   1.013E+05 -1.891E-07 -4.328E-03  3.041E+02  3.315E+03
   0.11787  11    0.07259  13   1.013E+05 -1.692E-07 -4.572E-03  3.152E+02  3.643E+03
   0.11787  11    0.07891  14   1.013E+05 -1.349E-07 -4.850E-03  3.342E+02  4.006E+03
   0.11787  11    0.08522  15   1.013E+05 -1.100E-07 -5.173E-03  3.641E+02  4.457E+03
   0.11787  11    0.09153  16   1.013E+05 -6.104E-08 -3.067E-03  4.072E+02  5.138E+03
   0.11787  11    0.09784  17   1.013E+05 -1.218E-08 -2.998E-03  3.641E+02  5.023E+03
   0.11787  11    0.10416  18   1.013E+05  2.702E-08 -1.918E-03  3.342E+02  4.920E+03
   0.11787  11    0.11047  19   1.013E+05  4.446E-08 -1.028E-03  3.152E+02  4.817E+03
   0.11787  11    0.11678  20   1.013E+05  2.495E-08 -3.568E-04  3.041E+02  4.703E+03
   0.11787  11    0.12309  21   1.013E+05 -1.113E-08  1.458E-04  2.982E+02  4.575E+03
   0.11787  11    0.12941  22   1.013E+05 -2.287E-07  4.881E-04  2.953E+02  4.428E+03
   0.11787  11    0.13572  23   1.013E+05 -3.082E-07  6.922E-04  2.939E+02  4.261E+03
   0.11787  11    0.14203  24   1.013E+05 -6.565E-08  8.097E-04  2.934E+02  4.076E+03
   0.11787  11    0.14834  25   1.013E+05 -6.041E-08  8.592E-04  2.931E+02  3.876E+03
   0.11787  11    0.15466  26   1.013E+05 -2.548E-08  8.550E-04  2.930E+02  3.666E+03
   0.11787  11    0.16097  27   1.013E+05 -1.418E-08  8.220E-04  2.930E+02  3.452E+03
   0.11787  11    0.16728  28   1.013E+05 -6.398E-09  7.687E-04  2.930E+02  3.240E+03
   0.11787  11    0.17359  29   1.013E+05 -2.758E-09  7.071E-04  2.930E+02  3.034E+03
   0.11787  11    0.17991  30   1.013E+05 -9.987E-10  6.499E-04  2.930E+02  2.839E+03
   0.11787  11    0.18622  31   1.013E+05 -3.301E-10  5.910E-04  2.930E+02  2.658E+03
   0.11787  11    0.19253  32   1.013E+05 -1.788E-10  5.260E-04  2.930E+02  2.490E+03
   0.11787  11    0.19884  33   1.013E+05 -2.388E-10  4.573E-04  2.930E+02  2.338E+03
   0.11787  11    0.20516  34   1.013E+05 -3.543E-10  3.998E-04  2.930E+02  2.202E+03
   0.11787  11    0.21147  35   1.013E+05 -4.672E-10  3.593E-04  2.930E+02  2.081E+03
   0.11787  11    0.21778  36   1.013E+05 -5.540E-10  3.218E-04  2.930E+02  1.975E+03
   0.11787  11    0.22409  37   1.013E+05 -6.035E-10  2.843E-04  2.930E+02  1.881E+03
   0.11787  11    0.23041  38   1.013E+05 -6.117E-10  2.426E-04  2.930E+02  1.799E+03
   0.11787  11    0.23672  39   1.013E+05 -5.859E-10  2.071E-04  2.930E+02  1.728E+03
   0.11787  11    0.24303  40   1.013E+05 -5.488E-10  1.866E-04  2.930E+02  1.666E+03
   0.11787  11    0.24934  41   1.013E+05 -5.134E-10  1.623E-04  2.930E+02  1.613E+03
   0.11787  11    0.25566  42   1.013E+05 -4.647E-10  1.283E-04  2.930E+02  1.567E+03
   0.11787  11    0.26197  43   1.013E+05 -4.086E-10  1.085E-04  2.930E+02  1.528E+03
   0.11787  11    0.26828  44   1.013E+05 -3.663E-10  9.929E-05  2.930E+02  1.495E+03
   0.11787  11    0.27459  45   1.013E+05 -3.315E-10  7.929E-05  2.930E+02  1.466E+03
   0.11787  11    0.28091  46   1.013E+05 -2.914E-10  6.362E-05  2.930E+02  1.442E+03
   0.11787  11    0.28722  47   1.013E+05 -2.542E-10  5.482E-05  2.930E+02  1.421E+03
   0.11787  11    0.29353  48   1.013E+05 -2.238E-10  4.779E-05  2.930E+02  1.403E+03
   0.11787  11    0.29984  49   1.013E+05 -1.965E-10  3.853E-05  2.930E+02  1.389E+03
   0.11787  11    0.30616  50   1.013E+05 -1.684E-10  2.480E-05  2.930E+02  1.376E+03
   0.11787  11    0.31247  51   1.013E+05 -1.434E-10  1.864E-05  2.930E+02  1.365E+03
   0.11787  11    0.31878  52   1.013E+05 -1.267E-10  1.164E-05  2.930E+02  1.357E+03
   0.11787  11    0.32509  53   1.013E+05 -1.073E-10 -1.463E-06  2.930E+02  1.349E+03
   0.11787  11    0.33141  54   1.013E+05 -8.864E-11 -4.561E-06  2.930E+02  1.343E+03
   0.11787  11    0.33772  55   1.013E+05 -7.381E-11 -9.029E-06  2.930E+02  1.338E+03
   0.11787  11    0.34403  56   1.013E+05 -5.402E-11 -1.639E-05  2.930E+02  1.333E+03
   0.11787  11    0.35034  57   1.013E+05 -3.857E-11 -9.160E-06  2.930E+02  1.330E+03
   0.11787  11    0.35666  58   1.013E+05 -3.644E-11 -9.365E-06  2.930E+02  1.327E+03
   0.11787  11    0.36297  59   1.013E+05 -2.702E-11 -2.103E-05  2.930E+02  1.324E+03
   0.11787  11    0.36928  60   1.013E+05 -4.897E-12 -2.593E-05  2.930E+02  1.322E+03
   0.11787  11    0.37559  61   1.013E+05  1.294E-11 -2.035E-05  2.930E+02  1.321E+03
   0.11787  11    0.38191  62   1.013E+05  1.275E-11 -7.396E-06  2.930E+02  1.319E+03
   0.11787  11    0.38822  63   1.013E+05 -1.305E-12 -6.942E-06  2.930E+02  1.318E+03
   0.11787  11    0.39453  64   1.013E+05  2.566E-13 -1.974E-05  2.930E+02  1.317E+03
   0.11787  11    0.40084  65   1.013E+05  1.618E-11 -1.969E-05  2.930E+02  1.316E+03
   0.11787  11    0.40716  66   1.013E+05  1.551E-11 -7.102E-06  2.930E+02  1.315E+03
   0.11787  11    0.41347  67   1.013E+05  2.466E-12 -7.914E-06  2.930E+02  1.315E+03
   0.11787  11    0.41978  68   1.013E+05  8.046E-12 -1.663E-05  2.930E+02  1.314E+03
   0.11787  11    0.42609  69   1.013E+05  1.680E-11 -4.436E-06  2.930E+02  1.314E+03
   0.11787  11    0.43241  70   1.013E+05  4.328E-12  7.540E-06  2.930E+02  1.313E+03
   0.11787  11    0.43872  71   1.013E+05 -7.091E-12 -6.284E-07  2.930E+02  1.313E+03
   0.11787  11    0.44503  72   1.013E+05  1.268E-12 -6.083E-06  2.930E+02  1.313E+03
   0.11787  11    0.45134  73   1.013E+05  1.572E-11 -6.468E-06  2.930E+02  1.313E+03
   0.11787  11    0.45766  74   1.013E+05  2.936E-11 -2.855E-06  2.930E+02  1.312E+03
   0.11787  11    0.46397  75   1.013E+05  3.076E-11  7.859E-06  2.930E+02  1.312E+03
   0.11787  11    0.47028  76   1.013E+05  2.181E-11  1.298E-05  2.930E+02  1.312E+03
   0.11787  11    0.47659  77   1.013E+05  1.520E-11  1.189E-05  2.930E+02  1.312E+03
   0.11787  11    0.48291  78   1.013E+05  9.205E-12  1.140E-05  2.930E+02  1.312E+03
   0.11787  11    0.48922  79   1.013E+05  2.130E-12  1.064E-05  2.930E+02  1.312E+03
   0.11787  11    0.49553  80   1.013E+05 -1.402E-11  1.322E-05  2.930E+02  1.312E+03
   0.11787  11    0.50184  81   1.013E+05 -2.367E-11 -3.130E-06  2.930E+02  1.312E+03
   0.11787  11    0.50500  82   1.013E+05  0.000E+00 -3.130E-06  2.930E+02  1.312E+03
   0.12407  12    0.00000   1   1.013E+05  0.000E+00  0.000E+00  2.930E+02  2.930E+02
   0.12407  12    0.00316   2   1.013E+05  7.752E-08 -1.341E-03  2.930E+02  4.205E+02
   0.12407  12    0.00947   3   1.013E+05 -2.204E-07 -1.256E-03  2.930E+02  6.812E+02
   0.12407  12    0.01578   4   1.013E+05 -4.078E-08 -1.947E-03  2.930E+02  9.469E+02
   0.12407  12    0.02209   5   1.013E+05 -6.730E-08 -2.490E-03  2.930E+02  1.215E+03
   0.12407  12    0.02841   6   1.013E+05 -6.561E-08 -2.901E-03  2.930E+02  1.492E+03
   0.12407  12    0.03472   7   1.013E+05 -7.971E-08 -3.234E-03  2.931E+02  1.778E+03
   0.12407  12    0.04103   8   1.013E+05 -9.558E-08 -3.506E-03  2.934E+02  2.075E+03
   0.12407  12    0.04734   9   1.013E+05 -1.153E-07 -3.726E-03  2.939E+02  2.380E+03
   0.12407  12    0.05366  10   1.013E+05 -1.391E-07 -3.918E-03  2.953E+02  2.688E+03
   0.12407  12    0.05997  11   1.013E+05 -1.636E-07 -4.114E-03  2.982E+02  2.999E+03
   0.12407  12    0.06628  12   1.013E+05 -1.891E-07 -4.328E-03  3.041E+02  3.315E+03
   0.12407  12    0.07259  13   1.013E+05 -1.692E-07 -4.572E-03  3.152E+02  3.643E+03
   0.12407  12    0.07891  14   1.013E+05 -1.349E-07 -4.850E-03  3.342E+02  4.006E+03
   0.12407  12    0.08522  15   1.013E+05 -1.100E-07 -5.173E-03  3.641E+02  4.457E+03
   0.12407  12    0.09153  16   1.013E+05 -6.104E-08 -3.067E-03  4.072E+02  5.138E+03
   0.12407  12    0.09784  17   1.013E+05 -1.218E-08 -2.998E-03  3.641E+02  5.023E+03
   0.12407  12    0.10416  18   1.013E+05  2.702E-08 -1.918E-03  3.342E+02  4.920E+03
   0.12407  12    0.11047  19   1.013E+05  4.446E-08 -1.028E-03  3.152E+02  4.817E+03
   0.12407  12    0.11678  20   1.013E+05  2.495E-08 -3.568E-04  3.041E+02  4.703E+03
   0.12407  12    0.12309  21   1.013E+05 -1.113E-08  1.458E-04  2.982E+02  4.575E+03
   0.12407  12    0.12941  22   1.013E+05 -2.287E-07  4.881E-04  2.953E+02  4.428E+03
   0.12407  12    0.13572  23   1.013E+05 -3.082E-07  6.922E-04  2.939E+02  4.261E+03
   0.12407  12    0.14203  24   1.013E+05 -6.565E-08  8.097E-04  2.934E+02  4.076E+03
   0.12407  12    0.14834  25   1.013E+05 -6.041E-08  8.592E-04  2.931E+02  3.876E+03
   0.12407  12    0.15466  26   1.013E+05 -2.548E-08  8.550E-04  2.930E+02  3.666E+03
   0.12407  12    0.16097  27   1.013E+05 -1.418E-08  8.220E-04  2.930E+02  3.452E+03
   0.12407  12    0.16728  28   1.013E+05 -6.398E-09  7.687E-04  2.930E+02  3.240E+03
   0.12407  12    0.17359  29   1.013E+05 -2.758E-09  7.071E-04  2.930E+02  3.034E+03
   0.12407  12    0.17991  30   1.013E+05 -9.987E-10  6.499E-04  2.930E+02  2.839E+03
   0.12407  12    0.18622  31   1.013E+05 -3.301E-10  5.910E-04  2.930E+02  2.658E+03
   0.12407  12    0.19253  32   1.013E+05 -1.788E-10  5.260E-04  2.930E+02  2.490E+03
   0.12407  12    0.19884  33   1.013E+05 -2.388E-10  4.573E-04  2.930E+02  2.338E+03
   0.12407  12    0.20516  34   1.013E+05 -3.543E-10  3.998E-04  2.930E+02  2.202E+03
   0.12407  12    0.21147  35   1.013E+05 -4.672E-10  3.593E-04  2.930E+02  2.081E+03
   0.12407  12    0.21778  36   1.013E+05 -5.540E-10  3.218E-04  2.930E+02  1.975E+03
   0.12407  12    0.22409  37   1.013E+05 -6.035E-10  2.843E-04  2.930E+02  1.881E+03
   0.12407  12    0.23041  38   1.013E+05 -6.117E-10  2.426E-04  2.930E+02  1.799E+03
   0.12407  12    0.23672  39   1.013E+05 -5.859E-10  2.071E-04  2.930E+02  1.728E+03
   0.12407  12    0.24303  40   1.013E+05 -5.488E-10  1.866E-04  2.930E+02  1.666E+03
   0.12407  12    0.24934  41   1.013E+05 -5.134E-10  1.623E-04  2.930E+02  1.613E+03
   0.12407  12    0.25566  42   1.013E+05 -4.647E-10  1.283E-04  2.930E+02  1.567E+03
   0.12407  12    0.26197  43   1.013E+05 -4.086E-10  1.085E-04  2.930E+02  1.528E+03
   0.12407  12    0.26828  44   1.013E+05 -3.663E-10  9.929E-05  2.930E+02  1.495E+03
   0.12407  12    0.27459  45   1.013E+05 -3.315E-10  7.929E-05  2.930E+02  1.466E+03
   0.12407  12    0.28091  46   1.013E+05 -2.914E-10  6.362E-05  2.930E+02  1.442E+03
   0.12407  12    0.28722  47   1.013E+05 -2.542E-10  5.482E-05  2.930E+02  1.421E+03
   0.12407  12    0.29353  48   1.013E+05 -2.238E-10  4.779E-05  2.930E+02  1.403E+03
   0.12407  12    0.29984  49   1.013E+05 -1.965E-10  3.853E-05  2.930E+02  1.389E+03
   0.12407  12    0.30616  50   1.013E+05 -1.684E-10  2.480E-05  2.930E+02  1.376E+03
   0.12407  12    0.31247  51   1.013E+05 -1.434E-10  1.864E-05  2.930E+02  1.365E+03
   0.12407  12    0.31878  52   1.013E+05 -1.267E-10  1.164E-05  2.930E+02  1.357E+03
   0.12407  12    0.32509  53   1.013E+05 -1.073E-10 -1.463E-06  2.930E+02  1.349E+03
   0.12407  12    0.33141  54   1.013E+05 -8.864E-11 -4.561E-06  2.930E+02  1.343E+03
   0.12407  12    0.33772  55   1.013E+05 -7.381E-11 -9.029E-06  2.930E+02  1.338E+03
   0.12407  12    0.34403  56   1.013E+05 -5.402E-11 -1.639E-05  2.930E+02  1.333E+03
   0.12407  12    0.35034  57   1.013E+05 -3.857E-11 -9.160E-06  2.930E+02  1.330E+03
   0.12407  12    0.35666  58   1.013E+05 -3.644E-11 -9.365E-06  2.930E+02  1.327E+03
   0.12407  12    0.36297  59   1.013E+05 -2.702E-11 -2.103E-05  2.930E+02  1.324E+03
   0.12407  12    0.36928  60   1.013E+05 -4.897E-12 -2.593E-05  2.930E+02  1.322E+03
   0.12407  12    0.37559  61   1.013E+05  1.294E-11 -2.035E-05  2.930E+02  1.321E+03
   0.12407  12    0.38191  62   1.013E+05  1.275E-11 -7.396E-06  2.930E+02  1.319E+03
   0.12407  12    0.38822  63   1.013E+05 -1.305E-12 -6.942E-06  2.930E+02  1.318E+03
   0.12407  12    0.39453  64   1.013E+05  2.566E-13 -1.974E-05  2.930E+02  1.317E+03
   0.12407  12    0.40084  65   1.013E+05  1.618E-11 -1.969E-05  2.930E+02  1.316E+03
   0.12407  12    0.40716  66   1.013E+05  1.551E-11 -7.102E-06  2.930E+02  1.315E+03
   0.12407  12    0.41347  67   1.013E+05  2.466E-12 -7.914E-06  2.930E+02  1.315E+03
   0.12407  12    0.41978  68   1.013E+05  8.046E-12 -1.663E-05  2.930E+02  1.314E+03
   0.12407  12    0.42609  69   1.013E+05  1.680E-11 -4.436E-06  2.930E+02  1.314E+03
   0.12407  12    0.43241  70   1.013E+05  4.328E-12  7.540E-06  2.930E+02  1.313E+03
   0.12407  12    0.43872  71   1.013E+05 -7.091E-12 -6.284E-07  2.930E+02  1.313E+03
   0.12407  12    0.44503  72   1.013E+05  1.268E-12 -6.083E-06  2.930E+02  1.313E+03
   0.12407  12    0.45134  73   1.013E+05  1.572E-11 -6.468E-06  2.930E+02  1.313E+03
   0.12407  12    0.45766  74   1.013E+05  2.936E-11 -2.855E-06  2.930E+02  1.312E+03
   0.12407  12    0.46397  75   1.013E+05  3.076E-11  7.859E-06  2.930E+02  1.312E+03
   0.12407  12    0.47028  76   1.013E+05  2.181E-11  1.298E-05  2.930E+02  1.312E+03
   0.12407  12    0.47659  77   1.013E+05  1.520E-11  1.189E-05  2.930E+02  1.312E+03
   0.12407  12    0.48291  78   1.013E+05  9.205E-12  1.140E-05  2.930E+02  1.312E+03
   0.12407  12    0.48922  79   1.013E+05  2.130E-12  1.064E-05  2.930E+02  1.312E+03
   0.12407  12    0.49553  80   1.013E+05 -1.402E-11  1.322E-05  2.930E+02  1.312E+03
   0.12407  12    0.50184  81   1.013E+05 -2.367E-11 -3.130E-06  2.930E+02  1.312E+03
   0.12407  12    0.50500  82   1.013E+05  0.000E+00 -3.130E-06  2.930E+02  1.312E+03
