# xp i yp j p u v ts tf
   0.00000   1    0.00000   1   1.012E+05  7.940E-07 -7.154E-04  2.930E+02  3.461E+02
   0.00000   1    0.00316   2   1.012E+05  7.940E-07 -7.154E-04  2.930E+02  3.461E+02
   0.00000   1    0.00947   3   1.012E+05  5.552E-07  3.088E-03  2.930E+02  4.512E+02
   0.00000   1    0.01578   4   1.012E+05  4.358E-07  3.960E-03  2.930E+02  5.526E+02
   0.00000   1    0.02209   5   1.012E+05  1.703E-07  4.560E-03  2.931E+02  6.555E+02
   0.00000   1    0.02841   6   1.012E+05  1.009E-07  4.729E-03  2.931E+02  7.633E+02
   0.00000   1    0.03472   7   1.012E+05  3.621E-08  4.681E-03  2.934E+02  8.772E+02
   0.00000   1    0.04103   8   1.012E+05 -3.771E-09  4.480E-03  2.939E+02  9.976E+02
   0.00000   1    0.04734   9   1.012E+05 -3.806E-08  4.172E-03  2.950E+02  1.124E+03
   0.00000   1    0.05366  10   1.012E+05 -6.644E-08  3.790E-03  2.972E+02  1.254E+03
   0.00000   1    0.05997  11   1.012E+05 -8.276E-08  3.363E-03  3.017E+02  1.387E+03
   0.00000   1    0.06628  12   1.013E+05 -1.111E-07  2.900E-03  3.097E+02  1.521E+03
   0.00000   1    0.07259  13   1.013E+05 -1.343E-07  2.426E-03  3.234E+02  1.657E+03
   0.00000   1    0.07891  14   1.013E+05 -1.618E-07  2.021E-03  3.451E+02  1.811E+03
   0.00000   1    0.08522  15   1.013E+05 -1.929E-07  1.780E-03  3.770E+02  2.045E+03
   0.00000   1    0.09153  16   1.013E+05 -2.333E-07  3.966E-03  4.209E+02  2.622E+03
   0.00000   1    0.09784  17   1.013E+05 -2.548E-07  3.667E-03  3.770E+02  2.646E+03
   0.00000   1    0.10416  18   1.013E+05 -2.334E-07  4.318E-03  3.451E+02  2.654E+03
   0.00000   1    0.11047  19   1.013E+05 -1.814E-07  4.610E-03  3.234E+02  2.649E+03
   0.00000   1    0.11678  20   1.013E+05 -1.221E-07  4.563E-03  3.097E+02  2.633E+03
   0.00000   1    0.12309  21   1.013E+05 -6.724E-08  4.292E-03  3.017E+02  2.607E+03
   0.00000   1    0.12941  22   1.013E+05 -2.367E-08  3.885E-03  2.972E+02  2.570E+03
   0.00000   1    0.13572  23   1.013E+05 -1.965E-10  3.418E-03  2.950E+02  2.525E+03
   0.00000   1    0.14203  24   1.013E+05  1.277E-08  2.951E-03  2.939E+02  2.471E+03
   0.00000   1    0.14834  25   1.013E+05  1.301E-08  2.507E-03  2.934E+02  2.411E+03
   0.00000   1    0.15466  26   1.013E+05  1.210E-08  2.104E-03  2.931E+02  2.348E+03
   0.00000   1    0.16097  27   1.013E+05  9.839E-09  1.741E-03  2.931E+02  2.281E+03
   0.00000   1    0.16728  28   1.013E+05  7.711E-09  1.425E-03  2.930E+02  2.215E+03
   0.00000   1    0.17359  29   1.013E+05  5.882E-09  1.167E-03  2.930E+02  2.149E+03
   0.00000   1    0.17991  30   1.013E+05  4.454E-09  9.430E-04  2.930E+02  2.087E+03
   0.00000   1    0.18622  31   1.013E+05  3.370E-09  7.445E-04  2.930E+02  2.029E+03
   0.00000   1    0.19253  32   1.013E+05  2.560E-09  5.811E-04  2.930E+02  1.975E+03
   0.00000   1    0.19884  33   1.013E+05  1.971E-09  4.518E-04  2.930E+02  1.927E+03
   0.00000   1    0.20516  34   1.013E+05  1.557E-09  3.457E-04  2.930E+02  1.884E+03
   0.00000   1    0.21147  35   1.013E+05  1.274E-09  2.504E-04  2.930E+02  1.846E+03
   0.00000   1    0.21778  36   1.013E+05  1.080E-09  1.662E-04  2.930E+02  1.813E+03
   0.00000   1    0.22409  37   1.013E+05  9.493E-10  1.027E-04  2.930E+02  1.783E+03
   0.00000   1    0.23041  38   1.013E+05  8.774E-10  5.930E-05  2.930E+02  1.758E+03
   0.00000   1    0.23672  39   1.013E+05  8.473E-10  1.719E-05  2.930E+02  1.737E+03
   0.00000   1    0.24303  40   1.013E+05  8.249E-10 -1.716E-05  2.930E+02  1.718E+03
   0.00000   1    0.24934  41   1.013E+05  7.840E-10 -3.847E-05  2.930E+02  1.702E+03
   0.00000   1    0.25566  42   1.013E+05  6.822E-10 -6.035E-05  2.930E+02  1.688E+03
   0.00000   1    0.26197  43   1.013E+05  4.435E-10 -8.168E-05  2.930E+02  1.676E+03
   0.00000   1    0.26828  44   1.013E+05 -8.602E-12 -9.401E-05  2.930E+02  1.666E+03
   0.00000   1    0.27459  45   1.013E+05 -8.063E-10 -9.781E-05  2.930E+02  1.657E+03
   0.00000   1    0.28091  46   1.013E+05 -1.914E-09 -1.070E-04  2.930E+02  1.649E+03
   0.00000   1    0.28722  47   1.013E+05 -4.013E-09 -1.136E-04  2.930E+02  1.642E+03
   0.00000   1    0.29353  48   1.013E+05 -6.005E-09 -1.127E-04  2.930E+02  1.636E+03
   0.00000   1    0.29984  49   1.013E+05 -1.337E-08 -1.144E-04  2.930E+02  1.630E+03
   0.00000   1    0.30616  50   1.013E+05 -3.170E-08 -1.073E-04  2.930E+02  1.625E+03
   0.00000   1    0.31247  51   1.013E+05 -7.694E-08 -9.868E-05  2.930E+02  1.621E+03
   0.00000   1    0.31878  52   1.013E+05 -2.712E-07 -1.001E-04  2.930E+02  1.616E+03
   0.00000   1    0.32509  53   1.013E+05 -4.937E-07 -1.074E-04  2.930E+02  1.612E+03
   0.00000   1    0.33141  54   1.013E+05 -2.752E-07 -1.063E-04  2.930E+02  1.609E+03
   0.00000   1    0.33772  55   1.013E+05 -8.487E-08 -8.620E-05  2.930E+02  1.605E+03
   0.00000   1    0.34403  56   1.013E+05 -5.028E-08 -7.535E-05  2.930E+02  1.601E+03
   0.00000   1    0.35034  57   1.013E+05 -1.780E-08 -7.328E-05  2.930E+02  1.598E+03
   0.00000   1    0.35666  58   1.013E+05 -1.542E-08 -5.756E-05  2.930E+02  1.595E+03
   0.00000   1    0.36297  59   1.013E+05 -7.610E-09 -4.397E-05  2.930E+02  1.591E+03
   0.00000   1    0.36928  60   1.013E+05 -4.956E-09 -3.493E-05  2.930E+02  1.588E+03
   0.00000   1    0.37559  61   1.013E+05 -2.827E-09 -2.509E-05  2.930E+02  1.584E+03
   0.00000   1    0.38191  62   1.013E+05 -1.662E-09 -1.155E-05  2.930E+02  1.581E+03
   0.00000   1    0.38822  63   1.013E+05 -9.300E-10  7.989E-06  2.930E+02  1.578E+03
   0.00000   1    0.39453  64   1.013E+05 -5.012E-10  1.855E-05  2.930E+02  1.574E+03
   0.00000   1    0.40084  65   1.013E+05 -2.619E-10  2.785E-05  2.930E+02  1.571E+03
   0.00000   1    0.40716  66   1.013E+05 -1.306E-10  4.551E-05  2.930E+02  1.567E+03
   0.00000   1    0.41347  67   1.013E+05 -6.082E-11  5.748E-05  2.930E+02  1.564E+03
   0.00000   1    0.41978  68   1.013E+05 -3.594E-11  6.686E-05  2.930E+02  1.560E+03
   0.00000   1    0.42609  69   1.013E+05 -3.163E-11  8.553E-05  2.930E+02  1.557E+03
   0.00000   1    0.43241  70   1.013E+05 -2.586E-11  1.043E-04  2.930E+02  1.554E+03
   0.00000   1    0.43872  71   1.013E+05 -1.996E-11  1.133E-04  2.930E+02  1.550E+03
   0.00000   1    0.44503  72   1.013E+05 -1.546E-11  1.204E-04  2.930E+02  1.547E+03
   0.00000   1    0.45134  73   1.013E+05 -1.429E-11  1.229E-04  2.930E+02  1.544E+03
   0.00000   1    0.45766  74   1.013E+05 -2.144E-11  1.235E-04  2.930E+02  1.542E+03
   0.00000   1    0.46397  75   1.013E+05 -1.864E-11  1.405E-04  2.930E+02  1.539E+03
   0.00000   1    0.47028  76   1.013E+05  5.916E-12  1.515E-04  2.930E+02  1.537E+03
   0.00000   1    0.47659  77   1.013E+05  3.539E-11  1.488E-04  2.930E+02  1.535E+03
   0.00000   1    0.48291  78   1.013E+05  7.063E-11  1.540E-04  2.930E+02  1.533E+03
   0.00000   1    0.48922  79   1.013E+05  1.329E-10  1.632E-04  2.930E+02  1.532E+03
   0.00000   1    0.49553  80   1.013E+05  2.436E-10  1.566E-04  2.930E+02  1.531E+03
   0.00000   1    0.50184  81   1.013E+05  2.842E-10 -7.459E-07  2.930E+02  1.530E+03
   0.00000   1    0.50500  82   1.013E+05  2.842E-10 -7.459E-07  2.930E+02  1.530E+03
   0.00620   2    0.00000   1   1.012E+05  0.000E+00  0.000E+00  2.930E+02  2.930E+02
   0.00620   2    0.00316   2   1.012E+05  7.940E-07 -7.154E-04  2.930E+02  3.461E+02
   0.00620   2    0.00947   3   1.012E+05  5.552E-07  3.088E-03  2.930E+02  4.512E+02
   0.00620   2    0.01578   4   1.012E+05  4.358E-07  3.960E-03  2.930E+02  5.526E+02
   0.00620   2    0.02209   5   1.012E+05  1.703E-07  4.560E-03  2.931E+02  6.555E+02
   0.00620   2    0.02841   6   1.012E+05  1.009E-07  4.729E-03  2.931E+02  7.633E+02
   0.00620   2    0.03472   7   1.012E+05  3.621E-08  4.681E-03  2.934E+02  8.772E+02
   0.00620   2    0.04103   8   1.012E+05 -3.771E-09  4.480E-03  2.939E+02  9.976E+02
   0.00620   2    0.04734   9   1.012E+05 -3.806E-08  4.172E-03  2.950E+02  1.124E+03
   0.00620   2    0.05366  10   1.012E+05 -6.644E-08  3.790E-03  2.972E+02  1.254E+03
   0.00620   2    0.05997  11   1.012E+05 -8.276E-08  3.363E-03  3.017E+02  1.387E+03
   0.00620   2    0.06628  12   1.013E+05 -1.111E-07  2.900E-03  3.097E+02  1.521E+03
   0.00620   2    0.07259  13   1.013E+05 -1.343E-07  2.426E-03  3.234E+02  1.657E+03
   0.00620   2    0.07891  14   1.013E+05 -1.618E-07  2.021E-03  3.451E+02  1.811E+03
   0.00620   2    0.08522  15   1.013E+05 -1.929E-07  1.780E-03  3.770E+02  2.045E+03
   0.00620   2    0.09153  16   1.013E+05 -2.333E-07  3.966E-03  4.209E+02  2.622E+03
   0.00620   2    0.09784  17   1.013E+05 -2.548E-07  3.667E-03  3.770E+02  2.646E+03
   0.00620   2    0.10416  18   1.013E+05 -2.334E-07  4.318E-03  3.451E+02  2.654E+03
   0.00620   2    0.11047  19   1.013E+05 -1.814E-07  4.610E-03  3.234E+02  2.649E+03
   0.00620   2    0.11678  20   1.013E+05 -1.221E-07  4.563E-03  3.097E+02  2.633E+03
   0.00620   2    0.12309  21   1.013E+05 -6.724E-08  4.292E-03  3.017E+02  2.607E+03
   0.00620   2    0.12941  22   1.013E+05 -2.367E-08  3.885E-03  2.972E+02  2.570E+03
   0.00620   2    0.13572  23   1.013E+05 -1.965E-10  3.418E-03  2.950E+02  2.525E+03
   0.00620   2    0.14203  24   1.013E+05  1.277E-08  2.951E-03  2.939E+02  2.471E+03
   0.00620   2    0.14834  25   1.013E+05  1.301E-08  2.507E-03  2.934E+02  2.411E+03
   0.00620   2    0.15466  26   1.013E+05  1.210E-08  2.104E-03  2.931E+02  2.348E+03
   0.00620   2    0.16097  27   1.013E+05  9.839E-09  1.741E-03  2.931E+02  2.281E+03
   0.00620   2    0.16728  28   1.013E+05  7.711E-09  1.425E-03  2.930E+02  2.215E+03
   0.00620   2    0.17359  29   1.013E+05  5.882E-09  1.167E-03  2.930E+02  2.149E+03
   0.00620   2    0.17991  30   1.013E+05  4.454E-09  9.430E-04  2.930E+02  2.087E+03
   0.00620   2    0.18622  31   1.013E+05  3.370E-09  7.445E-04  2.930E+02  2.029E+03
   0.00620   2    0.19253  32   1.013E+05  2.560E-09  5.811E-04  2.930E+02  1.975E+03
   0.00620   2    0.19884  33   1.013E+05  1.971E-09  4.518E-04  2.930E+02  1.927E+03
   0.00620   2    0.20516  34   1.013E+05  1.557E-09  3.457E-04  2.930E+02  1.884E+03
   0.00620   2    0.21147  35   1.013E+05  1.274E-09  2.504E-04  2.930E+02  1.846E+03
   0.00620   2    0.21778  36   1.013E+05  1.080E-09  1.662E-04  2.930E+02  1.813E+03
   0.00620   2    0.22409  37   1.013E+05  9.493E-10  1.027E-04  2.930E+02  1.783E+03
   0.00620   2    0.23041  38   1.013E+05  8.774E-10  5.930E-05  2.930E+02  1.758E+03
   0.00620   2    0.23672  39   1.013E+05  8.473E-10  1.719E-05  2.930E+02  1.737E+03
   0.00620   2    0.24303  40   1.013E+05  8.249E-10 -1.716E-05  2.930E+02  1.718E+03
   0.00620   2    0.24934  41   1.013E+05  7.840E-10 -3.847E-05  2.930E+02  1.702E+03
   0.00620   2    0.25566  42   1.013E+05  6.822E-10 -6.035E-05  2.930E+02  1.688E+03
   0.00620   2    0.26197  43   1.013E+05  4.435E-10 -8.168E-05  2.930E+02  1.676E+03
   0.00620   2    0.26828  44   1.013E+05 -8.602E-12 -9.401E-05  2.930E+02  1.666E+03
   0.00620   2    0.27459  45   1.013E+05 -8.063E-10 -9.781E-05  2.930E+02  1.657E+03
   0.00620   2    0.28091  46   1.013E+05 -1.914E-09 -1.070E-04  2.930E+02  1.649E+03
   0.00620   2    0.28722  47   1.013E+05 -4.013E-09 -1.136E-04  2.930E+02  1.642E+03
   0.00620   2    0.29353  48   1.013E+05 -6.005E-09 -1.127E-04  2.930E+02  1.636E+03
   0.00620   2    0.29984  49   1.013E+05 -1.337E-08 -1.144E-04  2.930E+02  1.630E+03
   0.00620   2    0.30616  50   1.013E+05 -3.170E-08 -1.073E-04  2.930E+02  1.625E+03
   0.00620   2    0.31247  51   1.013E+05 -7.694E-08 -9.868E-05  2.930E+02  1.621E+03
   0.00620   2    0.31878  52   1.013E+05 -2.712E-07 -1.001E-04  2.930E+02  1.616E+03
   0.00620   2    0.32509  53   1.013E+05 -4.937E-07 -1.074E-04  2.930E+02  1.612E+03
   0.00620   2    0.33141  54   1.013E+05 -2.752E-07 -1.063E-04  2.930E+02  1.609E+03
   0.00620   2    0.33772  55   1.013E+05 -8.487E-08 -8.620E-05  2.930E+02  1.605E+03
   0.00620   2    0.34403  56   1.013E+05 -5.028E-08 -7.535E-05  2.930E+02  1.601E+03
   0.00620   2    0.35034  57   1.013E+05 -1.780E-08 -7.328E-05  2.930E+02  1.598E+03
   0.00620   2    0.35666  58   1.013E+05 -1.542E-08 -5.756E-05  2.930E+02  1.595E+03
   0.00620   2    0.36297  59   1.013E+05 -7.610E-09 -4.397E-05  2.930E+02  1.591E+03
   0.00620   2    0.36928  60   1.013E+05 -4.956E-09 -3.493E-05  2.930E+02  1.588E+03
   0.00620   2    0.37559  61   1.013E+05 -2.827E-09 -2.509E-05  2.930E+02  1.584E+03
   0.00620   2    0.38191  62   1.013E+05 -1.662E-09 -1.155E-05  2.930E+02  1.581E+03
   0.00620   2    0.38822  63   1.013E+05 -9.300E-10  7.989E-06  2.930E+02  1.578E+03
   0.00620   2    0.39453  64   1.013E+05 -5.012E-10  1.855E-05  2.930E+02  1.574E+03
   0.00620   2    0.40084  65   1.013E+05 -2.619E-10  2.785E-05  2.930E+02  1.571E+03
   0.00620   2    0.40716  66   1.013E+05 -1.306E-10  4.551E-05  2.930E+02  1.567E+03
   0.00620   2    0.41347  67   1.013E+05 -6.082E-11  5.748E-05  2.930E+02  1.564E+03
   0.00620   2    0.41978  68   1.013E+05 -3.594E-11  6.686E-05  2.930E+02  1.560E+03
   0.00620   2    0.42609  69   1.013E+05 -3.163E-11  8.553E-05  2.930E+02  1.557E+03
   0.00620   2    0.43241  70   1.013E+05 -2.586E-11  1.043E-04  2.930E+02  1.554E+03
   0.00620   2    0.43872  71   1.013E+05 -1.996E-11  1.133E-04  2.930E+02  1.550E+03
   0.00620   2    0.44503  72   1.013E+05 -1.546E-11  1.204E-04  2.930E+02  1.547E+03
   0.00620   2    0.45134  73   1.013E+05 -1.429E-11  1.229E-04  2.930E+02  1.544E+03
   0.00620   2    0.45766  74   1.013E+05 -2.144E-11  1.235E-04  2.930E+02  1.542E+03
   0.00620   2    0.46397  75   1.013E+05 -1.864E-11  1.405E-04  2.930E+02  1.539E+03
   0.00620   2    0.47028  76   1.013E+05  5.916E-12  1.515E-04  2.930E+02  1.537E+03
   0.00620   2    0.47659  77   1.013E+05  3.539E-11  1.488E-04  2.930E+02  1.535E+03
   0.00620   2    0.48291  78   1.013E+05  7.063E-11  1.540E-04  2.930E+02  1.533E+03
   0.00620   2    0.48922  79   1.013E+05  1.329E-10  1.632E-04  2.930E+02  1.532E+03
   0.00620   2    0.49553  80   1.013E+05  2.436E-10  1.566E-04  2.930E+02  1.531E+03
   0.00620   2    0.50184  81   1.013E+05  2.842E-10 -7.459E-07  2.930E+02  1.530E+03
   0.00620   2    0.50500  82   1.013E+05  0.000E+00 -7.459E-07  2.930E+02  1.530E+03
   0.01861   3    0.00000   1   1.012E+05  0.000E+00  0.000E+00  2.930E+02  2.930E+02
   0.01861   3    0.00316   2   1.012E+05  3.141E-06 -7.156E-04  2.930E+02  3.460E+02
   0.01861   3    0.00947   3   1.012E+05  4.498E-06  3.088E-03  2.930E+02  4.511E+02
   0.01861   3    0.01578   4   1.012E+05  1.690E-06  3.960E-03  2.930E+02  5.525E+02
   0.01861   3    0.02209   5   1.012E+05 -4.092E-07  4.561E-03  2.931E+02  6.555E+02
   0.01861   3    0.02841   6   1.012E+05  7.979E-08  4.729E-03  2.931E+02  7.632E+02
   0.01861   3    0.03472   7   1.012E+05 -1.216E-08  4.682E-03  2.934E+02  8.771E+02
   0.01861   3    0.04103   8   1.012E+05 -4.220E-08  4.481E-03  2.939E+02  9.975E+02
   0.01861   3    0.04734   9   1.012E+05 -8.753E-08  4.173E-03  2.950E+02  1.124E+03
   0.01861   3    0.05366  10   1.012E+05 -1.387E-07  3.791E-03  2.972E+02  1.254E+03
   0.01861   3    0.05997  11   1.012E+05 -1.796E-07  3.363E-03  3.017E+02  1.387E+03
   0.01861   3    0.06628  12   1.013E+05 -2.484E-07  2.900E-03  3.097E+02  1.521E+03
   0.01861   3    0.07259  13   1.013E+05 -2.929E-07  2.426E-03  3.234E+02  1.657E+03
   0.01861   3    0.07891  14   1.013E+05 -3.588E-07  2.021E-03  3.451E+02  1.811E+03
   0.01861   3    0.08522  15   1.013E+05 -4.297E-07  1.780E-03  3.770E+02  2.045E+03
   0.01861   3    0.09153  16   1.013E+05 -6.439E-07  3.966E-03  4.209E+02  2.622E+03
   0.01861   3    0.09784  17   1.013E+05 -8.567E-07  3.667E-03  3.770E+02  2.646E+03
   0.01861   3    0.10416  18   1.013E+05 -6.246E-07  4.319E-03  3.451E+02  2.654E+03
   0.01861   3    0.11047  19   1.013E+05 -3.845E-07  4.610E-03  3.234E+02  2.649E+03
   0.01861   3    0.11678  20   1.013E+05 -2.748E-07  4.563E-03  3.097E+02  2.633E+03
   0.01861   3    0.12309  21   1.013E+05 -1.926E-07  4.292E-03  3.017E+02  2.607E+03
   0.01861   3    0.12941  22   1.013E+05 -1.250E-07  3.885E-03  2.972E+02  2.570E+03
   0.01861   3    0.13572  23   1.013E+05 -2.839E-07  3.418E-03  2.950E+02  2.525E+03
   0.01861   3    0.14203  24   1.013E+05 -5.413E-08  2.951E-03  2.939E+02  2.471E+03
   0.01861   3    0.14834  25   1.013E+05 -3.587E-08  2.507E-03  2.934E+02  2.411E+03
   0.01861   3    0.15466  26   1.013E+05 -5.817E-09  2.104E-03  2.931E+02  2.347E+03
   0.01861   3    0.16097  27   1.013E+05  2.743E-09  1.741E-03  2.931E+02  2.281E+03
   0.01861   3    0.16728  28   1.013E+05  6.449E-09  1.425E-03  2.930E+02  2.214E+03
   0.01861   3    0.17359  29   1.013E+05  6.870E-09  1.167E-03  2.930E+02  2.149E+03
   0.01861   3    0.17991  30   1.013E+05  6.164E-09  9.430E-04  2.930E+02  2.087E+03
   0.01861   3    0.18622  31   1.013E+05  5.101E-09  7.445E-04  2.930E+02  2.029E+03
   0.01861   3    0.19253  32   1.013E+05  4.063E-09  5.811E-04  2.930E+02  1.975E+03
   0.01861   3    0.19884  33   1.013E+05  3.207E-09  4.518E-04  2.930E+02  1.927E+03
   0.01861   3    0.20516  34   1.013E+05  2.572E-09  3.457E-04  2.930E+02  1.884E+03
   0.01861   3    0.21147  35   1.013E+05  2.144E-09  2.504E-04  2.930E+02  1.846E+03
   0.01861   3    0.21778  36   1.013E+05  1.880E-09  1.662E-04  2.930E+02  1.813E+03
   0.01861   3    0.22409  37   1.013E+05  1.741E-09  1.027E-04  2.930E+02  1.783E+03
   0.01861   3    0.23041  38   1.013E+05  1.714E-09  5.930E-05  2.930E+02  1.758E+03
   0.01861   3    0.23672  39   1.013E+05  1.768E-09  1.719E-05  2.930E+02  1.737E+03
   0.01861   3    0.24303  40   1.013E+05  1.860E-09 -1.716E-05  2.930E+02  1.718E+03
   0.01861   3    0.24934  41   1.013E+05  1.936E-09 -3.847E-05  2.930E+02  1.702E+03
   0.01861   3    0.25566  42   1.013E+05  1.922E-09 -6.035E-05  2.930E+02  1.688E+03
   0.01861   3    0.26197  43   1.013E+05  1.684E-09 -8.169E-05  2.930E+02  1.676E+03
   0.01861   3    0.26828  44   1.013E+05  1.199E-09 -9.401E-05  2.930E+02  1.666E+03
   0.01861   3    0.27459  45   1.013E+05  2.955E-10 -9.782E-05  2.930E+02  1.657E+03
   0.01861   3    0.28091  46   1.013E+05  9.428E-10 -1.070E-04  2.930E+02  1.649E+03
   0.01861   3    0.28722  47   1.013E+05  1.406E-09 -1.136E-04  2.930E+02  1.642E+03
   0.01861   3    0.29353  48   1.013E+05  2.186E-08 -1.127E-04  2.930E+02  1.636E+03
   0.01861   3    0.29984  49   1.013E+05  5.365E-08 -1.145E-04  2.930E+02  1.630E+03
   0.01861   3    0.30616  50   1.013E+05  8.211E-08 -1.074E-04  2.930E+02  1.625E+03
   0.01861   3    0.31247  51   1.013E+05  5.954E-07 -9.915E-05  2.930E+02  1.621E+03
   0.01861   3    0.31878  52   1.013E+05 -1.413E-06 -1.009E-04  2.930E+02  1.616E+03
   0.01861   3    0.32509  53   1.013E+05 -4.956E-06 -1.074E-04  2.930E+02  1.612E+03
   0.01861   3    0.33141  54   1.013E+05 -1.427E-06 -1.055E-04  2.930E+02  1.609E+03
   0.01861   3    0.33772  55   1.013E+05  5.582E-07 -8.576E-05  2.930E+02  1.605E+03
   0.01861   3    0.34403  56   1.013E+05 -1.012E-08 -7.522E-05  2.930E+02  1.601E+03
   0.01861   3    0.35034  57   1.013E+05 -5.045E-08 -7.321E-05  2.930E+02  1.598E+03
   0.01861   3    0.35666  58   1.013E+05 -6.341E-08 -5.754E-05  2.930E+02  1.595E+03
   0.01861   3    0.36297  59   1.013E+05 -3.885E-08 -4.395E-05  2.930E+02  1.591E+03
   0.01861   3    0.36928  60   1.013E+05 -2.474E-08 -3.492E-05  2.930E+02  1.588E+03
   0.01861   3    0.37559  61   1.013E+05 -1.386E-08 -2.509E-05  2.930E+02  1.584E+03
   0.01861   3    0.38191  62   1.013E+05 -7.656E-09 -1.155E-05  2.930E+02  1.581E+03
   0.01861   3    0.38822  63   1.013E+05 -4.023E-09  7.991E-06  2.930E+02  1.578E+03
   0.01861   3    0.39453  64   1.013E+05 -2.026E-09  1.856E-05  2.930E+02  1.574E+03
   0.01861   3    0.40084  65   1.013E+05 -9.548E-10  2.785E-05  2.930E+02  1.571E+03
   0.01861   3    0.40716  66   1.013E+05 -3.983E-10  4.551E-05  2.930E+02  1.567E+03
   0.01861   3    0.41347  67   1.013E+05 -1.217E-10  5.748E-05  2.930E+02  1.564E+03
   0.01861   3    0.41978  68   1.013E+05 -6.796E-12  6.686E-05  2.930E+02  1.560E+03
   0.01861   3    0.42609  69   1.013E+05  2.799E-11  8.553E-05  2.930E+02  1.557E+03
   0.01861   3    0.43241  70   1.013E+05  3.606E-11  1.043E-04  2.930E+02  1.554E+03
   0.01861   3    0.43872  71   1.013E+05  3.262E-11  1.133E-04  2.930E+02  1.550E+03
   0.01861   3    0.44503  72   1.013E+05  2.532E-11  1.204E-04  2.930E+02  1.547E+03
   0.01861   3    0.45134  73   1.013E+05  1.512E-11  1.229E-04  2.930E+02  1.544E+03
   0.01861   3    0.45766  74   1.013E+05 -4.304E-13  1.235E-04  2.930E+02  1.542E+03
   0.01861   3    0.46397  75   1.013E+05  3.463E-12  1.405E-04  2.930E+02  1.539E+03
   0.01861   3    0.47028  76   1.013E+05  3.490E-11  1.515E-04  2.930E+02  1.537E+03
   0.01861   3    0.47659  77   1.013E+05  7.510E-11  1.488E-04  2.930E+02  1.535E+03
   0.01861   3    0.48291  78   1.013E+05  1.200E-10  1.540E-04  2.930E+02  1.533E+03
   0.01861   3    0.48922  79   1.013E+05  1.924E-10  1.632E-04  2.930E+02  1.532E+03
   0.01861   3    0.49553  80   1.013E+05  3.045E-10  1.566E-04  2.930E+02  1.531E+03
   0.01861   3    0.50184  81   1.013E+05  3.509E-10 -7.469E-07  2.930E+02  1.530E+03
   0.01861   3    0.50500  82   1.013E+05  0.000E+00 -7.469E-07  2.930E+02  1.530E+03
   0.03102   4    0.00000   1   1.012E+05  0.000E+00  0.000E+00  2.930E+02  2.930E+02
   0.03102   4    0.00316   2   1.012E+05  3.224E-06 -6.746E-04  2.930E+02  3.458E+02
   0.03102   4    0.00947   3   1.012E+05  5.119E-06  3.087E-03  2.930E+02  4.509E+02
   0.03102   4    0.01578   4   1.012E+05  2.164E-06  3.953E-03  2.930E+02  5.527E+02
   0.03102   4    0.02209   5   1.012E+05 -1.396E-07  4.559E-03  2.931E+02  6.553E+02
   0.03102   4    0.02841   6   1.012E+05  2.044E-07  4.732E-03  2.931E+02  7.630E+02
   0.03102   4    0.03472   7   1.012E+05  2.468E-10  4.684E-03  2.934E+02  8.769E+02
   0.03102   4    0.04103   8   1.012E+05 -1.718E-08  4.482E-03  2.939E+02  9.973E+02
   0.03102   4    0.04734   9   1.012E+05 -8.982E-09  4.174E-03  2.950E+02  1.124E+03
   0.03102   4    0.05366  10   1.012E+05 -4.992E-08  3.792E-03  2.972E+02  1.254E+03
   0.03102   4    0.05997  11   1.012E+05  1.143E-07  3.365E-03  3.017E+02  1.387E+03
   0.03102   4    0.06628  12   1.013E+05 -1.576E-07  2.901E-03  3.097E+02  1.520E+03
   0.03102   4    0.07259  13   1.013E+05 -2.124E-07  2.427E-03  3.234E+02  1.656E+03
   0.03102   4    0.07891  14   1.013E+05 -3.416E-07  2.022E-03  3.451E+02  1.810E+03
   0.03102   4    0.08522  15   1.013E+05 -4.537E-07  1.780E-03  3.770E+02  2.044E+03
   0.03102   4    0.09153  16   1.013E+05 -6.698E-07  3.966E-03  4.209E+02  2.621E+03
   0.03102   4    0.09784  17   1.013E+05 -8.792E-07  3.667E-03  3.770E+02  2.645E+03
   0.03102   4    0.10416  18   1.013E+05 -6.306E-07  4.320E-03  3.451E+02  2.653E+03
   0.03102   4    0.11047  19   1.013E+05 -3.721E-07  4.611E-03  3.234E+02  2.649E+03
   0.03102   4    0.11678  20   1.013E+05 -2.405E-07  4.563E-03  3.097E+02  2.633E+03
   0.03102   4    0.12309  21   1.013E+05 -1.242E-07  4.292E-03  3.017E+02  2.607E+03
   0.03102   4    0.12941  22   1.013E+05 -4.043E-08  3.885E-03  2.972E+02  2.570E+03
   0.03102   4    0.13572  23   1.013E+05 -6.707E-09  3.418E-03  2.950E+02  2.524E+03
   0.03102   4    0.14203  24   1.013E+05  1.534E-08  2.952E-03  2.939E+02  2.471E+03
   0.03102   4    0.14834  25   1.013E+05  2.185E-08  2.507E-03  2.934E+02  2.411E+03
   0.03102   4    0.15466  26   1.013E+05  2.245E-08  2.104E-03  2.931E+02  2.347E+03
   0.03102   4    0.16097  27   1.013E+05  1.973E-08  1.741E-03  2.931E+02  2.281E+03
   0.03102   4    0.16728  28   1.013E+05  1.599E-08  1.425E-03  2.930E+02  2.214E+03
   0.03102   4    0.17359  29   1.013E+05  1.227E-08  1.167E-03  2.930E+02  2.149E+03
   0.03102   4    0.17991  30   1.013E+05  9.064E-09  9.430E-04  2.930E+02  2.087E+03
   0.03102   4    0.18622  31   1.013E+05  6.519E-09  7.445E-04  2.930E+02  2.029E+03
   0.03102   4    0.19253  32   1.013E+05  4.621E-09  5.811E-04  2.930E+02  1.975E+03
   0.03102   4    0.19884  33   1.013E+05  3.292E-09  4.518E-04  2.930E+02  1.927E+03
   0.03102   4    0.20516  34   1.013E+05  2.418E-09  3.457E-04  2.930E+02  1.884E+03
   0.03102   4    0.21147  35   1.013E+05  1.903E-09  2.504E-04  2.930E+02  1.846E+03
   0.03102   4    0.21778  36   1.013E+05  1.664E-09  1.662E-04  2.930E+02  1.813E+03
   0.03102   4    0.22409  37   1.013E+05  1.628E-09  1.028E-04  2.930E+02  1.783E+03
   0.03102   4    0.23041  38   1.013E+05  1.746E-09  5.930E-05  2.930E+02  1.758E+03
   0.03102   4    0.23672  39   1.013E+05  1.956E-09  1.719E-05  2.930E+02  1.737E+03
   0.03102   4    0.24303  40   1.013E+05  2.172E-09 -1.716E-05  2.930E+02  1.718E+03
   0.03102   4    0.24934  41   1.013E+05  2.209E-09 -3.847E-05  2.930E+02  1.702E+03
   0.03102   4    0.25566  42   1.013E+05  1.726E-09 -6.035E-05  2.930E+02  1.688E+03
   0.03102   4    0.26197  43   1.013E+05  5.589E-12 -8.168E-05  2.930E+02  1.676E+03
   0.03102   4    0.26828  44   1.013E+05 -3.897E-09 -9.402E-05  2.930E+02  1.666E+03
   0.03102   4    0.27459  45   1.013E+05 -1.253E-08 -9.781E-05  2.930E+02  1.657E+03
   0.03102   4    0.28091  46   1.013E+05 -2.352E-08 -1.070E-04  2.930E+02  1.649E+03
   0.03102   4    0.28722  47   1.013E+05 -4.792E-08 -1.136E-04  2.930E+02  1.642E+03
   0.03102   4    0.29353  48   1.013E+05 -2.749E-08 -1.126E-04  2.930E+02  1.636E+03
   0.03102   4    0.29984  49   1.013E+05  4.512E-08 -1.143E-04  2.930E+02  1.630E+03
   0.03102   4    0.30616  50   1.013E+05  3.187E-07 -1.062E-04  2.930E+02  1.625E+03
   0.03102   4    0.31247  51   1.013E+05  6.532E-07 -1.016E-04  2.930E+02  1.621E+03
   0.03102   4    0.31878  52   1.013E+05 -1.349E-06 -1.110E-04  2.930E+02  1.616E+03
   0.03102   4    0.32509  53   1.013E+05 -4.893E-06 -1.075E-04  2.930E+02  1.612E+03
   0.03102   4    0.33141  54   1.013E+05 -1.392E-06 -9.545E-05  2.930E+02  1.609E+03
   0.03102   4    0.33772  55   1.013E+05  5.714E-07 -8.338E-05  2.930E+02  1.605E+03
   0.03102   4    0.34403  56   1.013E+05 -1.463E-07 -7.655E-05  2.930E+02  1.601E+03
   0.03102   4    0.35034  57   1.013E+05 -3.731E-07 -7.338E-05  2.930E+02  1.598E+03
   0.03102   4    0.35666  58   1.013E+05 -2.090E-07 -5.753E-05  2.930E+02  1.595E+03
   0.03102   4    0.36297  59   1.013E+05 -4.663E-08 -4.389E-05  2.930E+02  1.591E+03
   0.03102   4    0.36928  60   1.013E+05 -2.422E-08 -3.488E-05  2.930E+02  1.588E+03
   0.03102   4    0.37559  61   1.013E+05 -7.047E-09 -2.506E-05  2.930E+02  1.584E+03
   0.03102   4    0.38191  62   1.013E+05 -2.739E-09 -1.153E-05  2.930E+02  1.581E+03
   0.03102   4    0.38822  63   1.013E+05 -7.545E-10  8.001E-06  2.930E+02  1.578E+03
   0.03102   4    0.39453  64   1.013E+05 -6.984E-11  1.856E-05  2.930E+02  1.574E+03
   0.03102   4    0.40084  65   1.013E+05  2.107E-10  2.785E-05  2.930E+02  1.571E+03
   0.03102   4    0.40716  66   1.013E+05  3.076E-10  4.551E-05  2.930E+02  1.567E+03
   0.03102   4    0.41347  67   1.013E+05  3.232E-10  5.748E-05  2.930E+02  1.564E+03
   0.03102   4    0.41978  68   1.013E+05  2.980E-10  6.686E-05  2.930E+02  1.560E+03
   0.03102   4    0.42609  69   1.013E+05  2.550E-10  8.553E-05  2.930E+02  1.557E+03
   0.03102   4    0.43241  70   1.013E+05  2.069E-10  1.043E-04  2.930E+02  1.554E+03
   0.03102   4    0.43872  71   1.013E+05  1.596E-10  1.133E-04  2.930E+02  1.550E+03
   0.03102   4    0.44503  72   1.013E+05  1.215E-10  1.204E-04  2.930E+02  1.547E+03
   0.03102   4    0.45134  73   1.013E+05  9.170E-11  1.229E-04  2.930E+02  1.544E+03
   0.03102   4    0.45766  74   1.013E+05  6.837E-11  1.235E-04  2.930E+02  1.542E+03
   0.03102   4    0.46397  75   1.013E+05  6.033E-11  1.405E-04  2.930E+02  1.539E+03
   0.03102   4    0.47028  76   1.013E+05  6.263E-11  1.515E-04  2.930E+02  1.537E+03
   0.03102   4    0.47659  77   1.013E+05  7.332E-11  1.488E-04  2.930E+02  1.535E+03
   0.03102   4    0.48291  78   1.013E+05  8.424E-11  1.540E-04  2.930E+02  1.533E+03
   0.03102   4    0.48922  79   1.013E+05  9.652E-11  1.632E-04  2.930E+02  1.532E+03
   0.03102   4    0.49553  80   1.013E+05  9.455E-11  1.566E-04  2.930E+02  1.531E+03
   0.03102   4    0.50184  81   1.013E+05  1.009E-10 -7.471E-07  2.930E+02  1.530E+03
   0.03102   4    0.50500  82   1.013E+05  0.000E+00 -7.471E-07  2.930E+02  1.530E+03
   0.04342   5    0.00000   1   1.012E+05  0.000E+00  0.000E+00  2.930E+02  2.930E+02
   0.04342   5    0.00316   2   1.012E+05  1.234E-06 -6.742E-04  2.930E+02  3.458E+02
   0.04342   5    0.00947   3   1.012E+05  1.286E-06  3.088E-03  2.930E+02  4.507E+02
   0.04342   5    0.01578   4   1.012E+05  1.193E-06  3.954E-03  2.930E+02  5.523E+02
   0.04342   5    0.02209   5   1.012E+05  6.379E-07  4.558E-03  2.931E+02  6.551E+02
   0.04342   5    0.02841   6   1.012E+05  5.875E-07  4.733E-03  2.931E+02  7.628E+02
   0.04342   5    0.03472   7   1.012E+05  1.580E-07  4.685E-03  2.934E+02  8.767E+02
   0.04342   5    0.04103   8   1.012E+05  9.062E-08  4.483E-03  2.939E+02  9.969E+02
   0.04342   5    0.04734   9   1.012E+05  6.281E-08  4.176E-03  2.950E+02  1.123E+03
   0.04342   5    0.05366  10   1.012E+05  1.600E-08  3.794E-03  2.972E+02  1.253E+03
   0.04342   5    0.05997  11   1.012E+05  1.923E-07  3.366E-03  3.017E+02  1.387E+03
   0.04342   5    0.06628  12   1.013E+05 -6.338E-08  2.902E-03  3.097E+02  1.520E+03
   0.04342   5    0.07259  13   1.013E+05 -1.138E-07  2.428E-03  3.234E+02  1.656E+03
   0.04342   5    0.07891  14   1.013E+05 -2.332E-07  2.023E-03  3.451E+02  1.810E+03
   0.04342   5    0.08522  15   1.013E+05 -3.315E-07  1.781E-03  3.770E+02  2.044E+03
   0.04342   5    0.09153  16   1.013E+05 -3.871E-07  3.966E-03  4.209E+02  2.621E+03
   0.04342   5    0.09784  17   1.013E+05 -3.858E-07  3.668E-03  3.770E+02  2.645E+03
   0.04342   5    0.10416  18   1.013E+05 -3.246E-07  4.320E-03  3.451E+02  2.653E+03
   0.04342   5    0.11047  19   1.013E+05 -2.308E-07  4.611E-03  3.234E+02  2.648E+03
   0.04342   5    0.11678  20   1.013E+05 -1.470E-07  4.563E-03  3.097E+02  2.633E+03
   0.04342   5    0.12309  21   1.013E+05 -5.568E-08  4.292E-03  3.017E+02  2.606E+03
   0.04342   5    0.12941  22   1.013E+05  1.140E-08  3.885E-03  2.972E+02  2.570E+03
   0.04342   5    0.13572  23   1.013E+05  2.422E-07  3.418E-03  2.950E+02  2.524E+03
   0.04342   5    0.14203  24   1.013E+05  6.024E-08  2.951E-03  2.939E+02  2.471E+03
   0.04342   5    0.14834  25   1.013E+05  6.194E-08  2.507E-03  2.934E+02  2.411E+03
   0.04342   5    0.15466  26   1.013E+05  3.835E-08  2.104E-03  2.931E+02  2.347E+03
   0.04342   5    0.16097  27   1.013E+05  2.839E-08  1.741E-03  2.931E+02  2.281E+03
   0.04342   5    0.16728  28   1.013E+05  2.009E-08  1.425E-03  2.930E+02  2.214E+03
   0.04342   5    0.17359  29   1.013E+05  1.425E-08  1.167E-03  2.930E+02  2.149E+03
   0.04342   5    0.17991  30   1.013E+05  9.939E-09  9.430E-04  2.930E+02  2.087E+03
   0.04342   5    0.18622  31   1.013E+05  6.851E-09  7.445E-04  2.930E+02  2.029E+03
   0.04342   5    0.19253  32   1.013E+05  4.690E-09  5.811E-04  2.930E+02  1.975E+03
   0.04342   5    0.19884  33   1.013E+05  3.243E-09  4.518E-04  2.930E+02  1.927E+03
   0.04342   5    0.20516  34   1.013E+05  2.324E-09  3.457E-04  2.930E+02  1.884E+03
   0.04342   5    0.21147  35   1.013E+05  1.802E-09  2.504E-04  2.930E+02  1.846E+03
   0.04342   5    0.21778  36   1.013E+05  1.588E-09  1.662E-04  2.930E+02  1.813E+03
   0.04342   5    0.22409  37   1.013E+05  1.615E-09  1.028E-04  2.930E+02  1.783E+03
   0.04342   5    0.23041  38   1.013E+05  1.856E-09  5.930E-05  2.930E+02  1.758E+03
   0.04342   5    0.23672  39   1.013E+05  2.279E-09  1.719E-05  2.930E+02  1.737E+03
   0.04342   5    0.24303  40   1.013E+05  2.835E-09 -1.716E-05  2.930E+02  1.718E+03
   0.04342   5    0.24934  41   1.013E+05  3.323E-09 -3.847E-05  2.930E+02  1.702E+03
   0.04342   5    0.25566  42   1.013E+05  3.234E-09 -6.036E-05  2.930E+02  1.688E+03
   0.04342   5    0.26197  43   1.013E+05  8.892E-10 -8.170E-05  2.930E+02  1.676E+03
   0.04342   5    0.26828  44   1.013E+05 -6.231E-09 -9.404E-05  2.930E+02  1.666E+03
   0.04342   5    0.27459  45   1.013E+05 -3.246E-08 -9.785E-05  2.930E+02  1.657E+03
   0.04342   5    0.28091  46   1.013E+05 -7.287E-08 -1.070E-04  2.930E+02  1.649E+03
   0.04342   5    0.28722  47   1.013E+05 -2.769E-07 -1.136E-04  2.930E+02  1.642E+03
   0.04342   5    0.29353  48   1.013E+05 -4.893E-07 -1.125E-04  2.930E+02  1.636E+03
   0.04342   5    0.29984  49   1.013E+05 -2.493E-07 -1.138E-04  2.930E+02  1.630E+03
   0.04342   5    0.30616  50   1.013E+05  1.617E-07 -1.062E-04  2.930E+02  1.625E+03
   0.04342   5    0.31247  51   1.013E+05 -2.431E-08 -1.024E-04  2.930E+02  1.621E+03
   0.04342   5    0.31878  52   1.013E+05 -1.929E-07 -1.118E-04  2.930E+02  1.616E+03
   0.04342   5    0.32509  53   1.013E+05 -2.127E-07 -1.075E-04  2.930E+02  1.612E+03
   0.04342   5    0.33141  54   1.013E+05 -2.164E-07 -9.474E-05  2.930E+02  1.609E+03
   0.04342   5    0.33772  55   1.013E+05 -4.161E-08 -8.327E-05  2.930E+02  1.605E+03
   0.04342   5    0.34403  56   1.013E+05 -4.080E-08 -7.708E-05  2.930E+02  1.601E+03
   0.04342   5    0.35034  57   1.013E+05 -2.188E-08 -7.333E-05  2.930E+02  1.598E+03
   0.04342   5    0.35666  58   1.013E+05 -2.854E-08 -5.689E-05  2.930E+02  1.595E+03
   0.04342   5    0.36297  59   1.013E+05 -2.661E-08 -4.359E-05  2.930E+02  1.591E+03
   0.04342   5    0.36928  60   1.013E+05 -1.862E-08 -3.484E-05  2.930E+02  1.588E+03
   0.04342   5    0.37559  61   1.013E+05 -1.232E-08 -2.504E-05  2.930E+02  1.584E+03
   0.04342   5    0.38191  62   1.013E+05 -7.513E-09 -1.154E-05  2.930E+02  1.581E+03
   0.04342   5    0.38822  63   1.013E+05 -4.317E-09  7.998E-06  2.930E+02  1.578E+03
   0.04342   5    0.39453  64   1.013E+05 -2.316E-09  1.856E-05  2.930E+02  1.574E+03
   0.04342   5    0.40084  65   1.013E+05 -1.131E-09  2.785E-05  2.930E+02  1.571E+03
   0.04342   5    0.40716  66   1.013E+05 -4.651E-10  4.551E-05  2.930E+02  1.567E+03
   0.04342   5    0.41347  67   1.013E+05 -1.151E-10  5.748E-05  2.930E+02  1.564E+03
   0.04342   5    0.41978  68   1.013E+05  5.186E-11  6.686E-05  2.930E+02  1.560E+03
   0.04342   5    0.42609  69   1.013E+05  1.181E-10  8.553E-05  2.930E+02  1.557E+03
   0.04342   5    0.43241  70   1.013E+05  1.322E-10  1.043E-04  2.930E+02  1.554E+03
   0.04342   5    0.43872  71   1.013E+05  1.195E-10  1.133E-04  2.930E+02  1.550E+03
   0.04342   5    0.44503  72   1.013E+05  1.010E-10  1.204E-04  2.930E+02  1.547E+03
   0.04342   5    0.45134  73   1.013E+05  8.252E-11  1.229E-04  2.930E+02  1.544E+03
   0.04342   5    0.45766  74   1.013E+05  6.398E-11  1.235E-04  2.930E+02  1.542E+03
   0.04342   5    0.46397  75   1.013E+05  5.538E-11  1.405E-04  2.930E+02  1.539E+03
   0.04342   5    0.47028  76   1.013E+05  5.229E-11  1.515E-04  2.930E+02  1.537E+03
   0.04342   5    0.47659  77   1.013E+05  5.523E-11  1.488E-04  2.930E+02  1.535E+03
   0.04342   5    0.48291  78   1.013E+05  5.646E-11  1.540E-04  2.930E+02  1.533E+03
   0.04342   5    0.48922  79   1.013E+05  5.791E-11  1.632E-04  2.930E+02  1.532E+03
   0.04342   5    0.49553  80   1.013E+05  4.880E-11  1.566E-04  2.930E+02  1.531E+03
   0.04342   5    0.50184  81   1.013E+05  4.802E-11 -7.472E-07  2.930E+02  1.530E+03
   0.04342   5    0.50500  82   1.013E+05  0.000E+00 -7.472E-07  2.930E+02  1.530E+03
   0.05583   6    0.00000   1   1.012E+05  0.000E+00  0.000E+00  2.930E+02  2.930E+02
   0.05583   6    0.00316   2   1.012E+05  3.581E-07 -6.744E-04  2.930E+02  3.457E+02
   0.05583   6    0.00947   3   1.012E+05  1.111E-07  3.089E-03  2.930E+02  4.506E+02
   0.05583   6    0.01578   4   1.012E+05  2.831E-07  3.955E-03  2.930E+02  5.522E+02
   0.05583   6    0.02209   5   1.012E+05  1.985E-07  4.559E-03  2.931E+02  6.550E+02
   0.05583   6    0.02841   6   1.012E+05  3.626E-07  4.734E-03  2.931E+02  7.627E+02
   0.05583   6    0.03472   7   1.012E+05  1.099E-07  4.685E-03  2.934E+02  8.766E+02
   0.05583   6    0.04103   8   1.012E+05  6.981E-08  4.484E-03  2.939E+02  9.968E+02
   0.05583   6    0.04734   9   1.012E+05  2.275E-08  4.176E-03  2.950E+02  1.123E+03
   0.05583   6    0.05366  10   1.012E+05 -5.934E-09  3.795E-03  2.972E+02  1.253E+03
   0.05583   6    0.05997  11   1.012E+05 -1.835E-08  3.367E-03  3.017E+02  1.386E+03
   0.05583   6    0.06628  12   1.013E+05 -4.257E-08  2.903E-03  3.097E+02  1.520E+03
   0.05583   6    0.07259  13   1.013E+05 -5.961E-08  2.428E-03  3.234E+02  1.656E+03
   0.05583   6    0.07891  14   1.013E+05 -8.823E-08  2.024E-03  3.451E+02  1.809E+03
   0.05583   6    0.08522  15   1.013E+05 -1.143E-07  1.781E-03  3.770E+02  2.043E+03
   0.05583   6    0.09153  16   1.013E+05 -1.276E-07  3.967E-03  4.209E+02  2.620E+03
   0.05583   6    0.09784  17   1.013E+05 -1.082E-07  3.668E-03  3.770E+02  2.645E+03
   0.05583   6    0.10416  18   1.013E+05 -8.494E-08  4.320E-03  3.451E+02  2.653E+03
   0.05583   6    0.11047  19   1.013E+05 -6.158E-08  4.611E-03  3.234E+02  2.648E+03
   0.05583   6    0.11678  20   1.013E+05 -5.907E-08  4.563E-03  3.097E+02  2.632E+03
   0.05583   6    0.12309  21   1.013E+05 -5.665E-08  4.292E-03  3.017E+02  2.606E+03
   0.05583   6    0.12941  22   1.013E+05 -4.935E-08  3.885E-03  2.972E+02  2.570E+03
   0.05583   6    0.13572  23   1.013E+05 -3.466E-08  3.418E-03  2.950E+02  2.524E+03
   0.05583   6    0.14203  24   1.013E+05 -2.183E-08  2.951E-03  2.939E+02  2.471E+03
   0.05583   6    0.14834  25   1.013E+05 -8.614E-09  2.507E-03  2.934E+02  2.411E+03
   0.05583   6    0.15466  26   1.013E+05 -1.862E-09  2.104E-03  2.931E+02  2.347E+03
   0.05583   6    0.16097  27   1.013E+05  1.696E-09  1.741E-03  2.931E+02  2.281E+03
   0.05583   6    0.16728  28   1.013E+05  2.920E-09  1.425E-03  2.930E+02  2.214E+03
   0.05583   6    0.17359  29   1.013E+05  3.000E-09  1.167E-03  2.930E+02  2.149E+03
   0.05583   6    0.17991  30   1.013E+05  2.570E-09  9.430E-04  2.930E+02  2.087E+03
   0.05583   6    0.18622  31   1.013E+05  2.005E-09  7.445E-04  2.930E+02  2.029E+03
   0.05583   6    0.19253  32   1.013E+05  1.479E-09  5.811E-04  2.930E+02  1.975E+03
   0.05583   6    0.19884  33   1.013E+05  1.072E-09  4.518E-04  2.930E+02  1.927E+03
   0.05583   6    0.20516  34   1.013E+05  7.913E-10  3.457E-04  2.930E+02  1.884E+03
   0.05583   6    0.21147  35   1.013E+05  6.322E-10  2.504E-04  2.930E+02  1.846E+03
   0.05583   6    0.21778  36   1.013E+05  5.899E-10  1.662E-04  2.930E+02  1.813E+03
   0.05583   6    0.22409  37   1.013E+05  6.553E-10  1.028E-04  2.930E+02  1.783E+03
   0.05583   6    0.23041  38   1.013E+05  8.435E-10  5.930E-05  2.930E+02  1.758E+03
   0.05583   6    0.23672  39   1.013E+05  1.170E-09  1.719E-05  2.930E+02  1.737E+03
   0.05583   6    0.24303  40   1.013E+05  1.656E-09 -1.716E-05  2.930E+02  1.718E+03
   0.05583   6    0.24934  41   1.013E+05  2.254E-09 -3.847E-05  2.930E+02  1.702E+03
   0.05583   6    0.25566  42   1.013E+05  2.762E-09 -6.036E-05  2.930E+02  1.688E+03
   0.05583   6    0.26197  43   1.013E+05  2.158E-09 -8.170E-05  2.930E+02  1.676E+03
   0.05583   6    0.26828  44   1.013E+05 -1.082E-09 -9.408E-05  2.930E+02  1.666E+03
   0.05583   6    0.27459  45   1.013E+05 -1.879E-08 -9.794E-05  2.930E+02  1.657E+03
   0.05583   6    0.28091  46   1.013E+05 -4.645E-08 -1.075E-04  2.930E+02  1.649E+03
   0.05583   6    0.28722  47   1.013E+05 -2.235E-07 -1.144E-04  2.930E+02  1.642E+03
   0.05583   6    0.29353  48   1.013E+05 -4.340E-07 -1.125E-04  2.930E+02  1.636E+03
   0.05583   6    0.29984  49   1.013E+05 -2.274E-07 -1.130E-04  2.930E+02  1.630E+03
   0.05583   6    0.30616  50   1.013E+05 -4.323E-08 -1.058E-04  2.930E+02  1.625E+03
   0.05583   6    0.31247  51   1.013E+05 -5.141E-09 -1.023E-04  2.930E+02  1.621E+03
   0.05583   6    0.31878  52   1.013E+05  1.426E-08 -1.114E-04  2.930E+02  1.616E+03
   0.05583   6    0.32509  53   1.013E+05  2.181E-07 -1.075E-04  2.930E+02  1.612E+03
   0.05583   6    0.33141  54   1.013E+05  2.408E-08 -9.510E-05  2.930E+02  1.609E+03
   0.05583   6    0.33772  55   1.013E+05  3.007E-08 -8.303E-05  2.930E+02  1.605E+03
   0.05583   6    0.34403  56   1.013E+05  1.457E-07 -7.651E-05  2.930E+02  1.601E+03
   0.05583   6    0.35034  57   1.013E+05  3.186E-07 -7.336E-05  2.930E+02  1.598E+03
   0.05583   6    0.35666  58   1.013E+05  1.325E-07 -5.754E-05  2.930E+02  1.595E+03
   0.05583   6    0.36297  59   1.013E+05 -1.121E-08 -4.388E-05  2.930E+02  1.591E+03
   0.05583   6    0.36928  60   1.013E+05 -1.418E-08 -3.485E-05  2.930E+02  1.588E+03
   0.05583   6    0.37559  61   1.013E+05 -1.630E-08 -2.504E-05  2.930E+02  1.584E+03
   0.05583   6    0.38191  62   1.013E+05 -1.076E-08 -1.152E-05  2.930E+02  1.581E+03
   0.05583   6    0.38822  63   1.013E+05 -6.646E-09  8.012E-06  2.930E+02  1.578E+03
   0.05583   6    0.39453  64   1.013E+05 -3.760E-09  1.857E-05  2.930E+02  1.574E+03
   0.05583   6    0.40084  65   1.013E+05 -2.026E-09  2.786E-05  2.930E+02  1.571E+03
   0.05583   6    0.40716  66   1.013E+05 -1.034E-09  4.551E-05  2.930E+02  1.567E+03
   0.05583   6    0.41347  67   1.013E+05 -4.952E-10  5.748E-05  2.930E+02  1.564E+03
   0.05583   6    0.41978  68   1.013E+05 -2.144E-10  6.686E-05  2.930E+02  1.560E+03
   0.05583   6    0.42609  69   1.013E+05 -7.465E-11  8.553E-05  2.930E+02  1.557E+03
   0.05583   6    0.43241  70   1.013E+05 -9.171E-12  1.043E-04  2.930E+02  1.554E+03
   0.05583   6    0.43872  71   1.013E+05  1.562E-11  1.133E-04  2.930E+02  1.550E+03
   0.05583   6    0.44503  72   1.013E+05  2.497E-11  1.204E-04  2.930E+02  1.547E+03
   0.05583   6    0.45134  73   1.013E+05  2.756E-11  1.229E-04  2.930E+02  1.544E+03
   0.05583   6    0.45766  74   1.013E+05  2.330E-11  1.235E-04  2.930E+02  1.542E+03
   0.05583   6    0.46397  75   1.013E+05  2.283E-11  1.405E-04  2.930E+02  1.539E+03
   0.05583   6    0.47028  76   1.013E+05  2.262E-11  1.515E-04  2.930E+02  1.537E+03
   0.05583   6    0.47659  77   1.013E+05  2.534E-11  1.488E-04  2.930E+02  1.535E+03
   0.05583   6    0.48291  78   1.013E+05  2.481E-11  1.540E-04  2.930E+02  1.533E+03
   0.05583   6    0.48922  79   1.013E+05  2.436E-11  1.632E-04  2.930E+02  1.532E+03
   0.05583   6    0.49553  80   1.013E+05  1.703E-11  1.566E-04  2.930E+02  1.531E+03
   0.05583   6    0.50184  81   1.013E+05  1.530E-11 -7.473E-07  2.930E+02  1.530E+03
   0.05583   6    0.50500  82   1.013E+05  0.000E+00 -7.473E-07  2.930E+02  1.530E+03
   0.06824   7    0.00000   1   1.012E+05  0.000E+00  0.000E+00  2.930E+02  2.930E+02
   0.06824   7    0.00316   2   1.012E+05 -3.571E-07 -6.744E-04  2.930E+02  3.457E+02
   0.06824   7    0.00947   3   1.012E+05 -1.102E-07  3.089E-03  2.930E+02  4.506E+02
   0.06824   7    0.01578   4   1.012E+05 -2.825E-07  3.955E-03  2.930E+02  5.522E+02
   0.06824   7    0.02209   5   1.012E+05 -1.980E-07  4.559E-03  2.931E+02  6.550E+02
   0.06824   7    0.02841   6   1.012E+05 -3.622E-07  4.734E-03  2.931E+02  7.627E+02
   0.06824   7    0.03472   7   1.012E+05 -1.097E-07  4.685E-03  2.934E+02  8.766E+02
   0.06824   7    0.04103   8   1.012E+05 -6.967E-08  4.484E-03  2.939E+02  9.968E+02
   0.06824   7    0.04734   9   1.012E+05 -2.264E-08  4.176E-03  2.950E+02  1.123E+03
   0.06824   7    0.05366  10   1.012E+05  6.080E-09  3.795E-03  2.972E+02  1.253E+03
   0.06824   7    0.05997  11   1.012E+05  1.856E-08  3.367E-03  3.017E+02  1.386E+03
   0.06824   7    0.06628  12   1.013E+05  4.280E-08  2.903E-03  3.097E+02  1.520E+03
   0.06824   7    0.07259  13   1.013E+05  5.979E-08  2.428E-03  3.234E+02  1.656E+03
   0.06824   7    0.07891  14   1.013E+05  8.834E-08  2.024E-03  3.451E+02  1.809E+03
   0.06824   7    0.08522  15   1.013E+05  1.143E-07  1.781E-03  3.770E+02  2.043E+03
   0.06824   7    0.09153  16   1.013E+05  1.276E-07  3.967E-03  4.209E+02  2.620E+03
   0.06824   7    0.09784  17   1.013E+05  1.081E-07  3.668E-03  3.770E+02  2.645E+03
   0.06824   7    0.10416  18   1.013E+05  8.479E-08  4.320E-03  3.451E+02  2.653E+03
   0.06824   7    0.11047  19   1.013E+05  6.141E-08  4.611E-03  3.234E+02  2.648E+03
   0.06824   7    0.11678  20   1.013E+05  5.884E-08  4.563E-03  3.097E+02  2.632E+03
   0.06824   7    0.12309  21   1.013E+05  5.637E-08  4.292E-03  3.017E+02  2.606E+03
   0.06824   7    0.12941  22   1.013E+05  4.902E-08  3.885E-03  2.972E+02  2.570E+03
   0.06824   7    0.13572  23   1.013E+05  3.432E-08  3.418E-03  2.950E+02  2.524E+03
   0.06824   7    0.14203  24   1.013E+05  2.152E-08  2.951E-03  2.939E+02  2.471E+03
   0.06824   7    0.14834  25   1.013E+05  8.350E-09  2.507E-03  2.934E+02  2.411E+03
   0.06824   7    0.15466  26   1.013E+05  1.658E-09  2.104E-03  2.931E+02  2.347E+03
   0.06824   7    0.16097  27   1.013E+05 -1.851E-09  1.741E-03  2.931E+02  2.281E+03
   0.06824   7    0.16728  28   1.013E+05 -3.041E-09  1.425E-03  2.930E+02  2.214E+03
   0.06824   7    0.17359  29   1.013E+05 -3.112E-09  1.167E-03  2.930E+02  2.149E+03
   0.06824   7    0.17991  30   1.013E+05 -2.691E-09  9.430E-04  2.930E+02  2.087E+03
   0.06824   7    0.18622  31   1.013E+05 -2.141E-09  7.445E-04  2.930E+02  2.029E+03
   0.06824   7    0.19253  32   1.013E+05 -1.636E-09  5.811E-04  2.930E+02  1.975E+03
   0.06824   7    0.19884  33   1.013E+05 -1.233E-09  4.518E-04  2.930E+02  1.927E+03
   0.06824   7    0.20516  34   1.013E+05 -9.574E-10  3.457E-04  2.930E+02  1.884E+03
   0.06824   7    0.21147  35   1.013E+05 -8.020E-10  2.504E-04  2.930E+02  1.846E+03
   0.06824   7    0.21778  36   1.013E+05 -7.552E-10  1.662E-04  2.930E+02  1.813E+03
   0.06824   7    0.22409  37   1.013E+05 -8.227E-10  1.028E-04  2.930E+02  1.783E+03
   0.06824   7    0.23041  38   1.013E+05 -1.008E-09  5.930E-05  2.930E+02  1.758E+03
   0.06824   7    0.23672  39   1.013E+05 -1.332E-09  1.719E-05  2.930E+02  1.737E+03
   0.06824   7    0.24303  40   1.013E+05 -1.806E-09 -1.716E-05  2.930E+02  1.718E+03
   0.06824   7    0.24934  41   1.013E+05 -2.387E-09 -3.847E-05  2.930E+02  1.702E+03
   0.06824   7    0.25566  42   1.013E+05 -2.871E-09 -6.036E-05  2.930E+02  1.688E+03
   0.06824   7    0.26197  43   1.013E+05 -2.242E-09 -8.170E-05  2.930E+02  1.676E+03
   0.06824   7    0.26828  44   1.013E+05  1.021E-09 -9.408E-05  2.930E+02  1.666E+03
   0.06824   7    0.27459  45   1.013E+05  1.874E-08 -9.794E-05  2.930E+02  1.657E+03
   0.06824   7    0.28091  46   1.013E+05  4.641E-08 -1.075E-04  2.930E+02  1.649E+03
   0.06824   7    0.28722  47   1.013E+05  2.235E-07 -1.144E-04  2.930E+02  1.642E+03
   0.06824   7    0.29353  48   1.013E+05  4.339E-07 -1.125E-04  2.930E+02  1.636E+03
   0.06824   7    0.29984  49   1.013E+05  2.273E-07 -1.130E-04  2.930E+02  1.630E+03
   0.06824   7    0.30616  50   1.013E+05  4.315E-08 -1.058E-04  2.930E+02  1.625E+03
   0.06824   7    0.31247  51   1.013E+05  5.074E-09 -1.023E-04  2.930E+02  1.621E+03
   0.06824   7    0.31878  52   1.013E+05 -1.432E-08 -1.114E-04  2.930E+02  1.616E+03
   0.06824   7    0.32509  53   1.013E+05 -2.182E-07 -1.075E-04  2.930E+02  1.612E+03
   0.06824   7    0.33141  54   1.013E+05 -2.410E-08 -9.510E-05  2.930E+02  1.609E+03
   0.06824   7    0.33772  55   1.013E+05 -3.007E-08 -8.303E-05  2.930E+02  1.605E+03
   0.06824   7    0.34403  56   1.013E+05 -1.457E-07 -7.651E-05  2.930E+02  1.601E+03
   0.06824   7    0.35034  57   1.013E+05 -3.186E-07 -7.336E-05  2.930E+02  1.598E+03
   0.06824   7    0.35666  58   1.013E+05 -1.325E-07 -5.754E-05  2.930E+02  1.595E+03
   0.06824   7    0.36297  59   1.013E+05  1.121E-08 -4.388E-05  2.930E+02  1.591E+03
   0.06824   7    0.36928  60   1.013E+05  1.417E-08 -3.485E-05  2.930E+02  1.588E+03
   0.06824   7    0.37559  61   1.013E+05  1.628E-08 -2.504E-05  2.930E+02  1.584E+03
   0.06824   7    0.38191  62   1.013E+05  1.073E-08 -1.152E-05  2.930E+02  1.581E+03
   0.06824   7    0.38822  63   1.013E+05  6.621E-09  8.012E-06  2.930E+02  1.578E+03
   0.06824   7    0.39453  64   1.013E+05  3.737E-09  1.857E-05  2.930E+02  1.574E+03
   0.06824   7    0.40084  65   1.013E+05  2.005E-09  2.786E-05  2.930E+02  1.571E+03
   0.06824   7    0.40716  66   1.013E+05  1.018E-09  4.551E-05  2.930E+02  1.567E+03
   0.06824   7    0.41347  67   1.013E+05  4.812E-10  5.748E-05  2.930E+02  1.564E+03
   0.06824   7    0.41978  68   1.013E+05  2.024E-10  6.686E-05  2.930E+02  1.560E+03
   0.06824   7    0.42609  69   1.013E+05  6.540E-11  8.553E-05  2.930E+02  1.557E+03
   0.06824   7    0.43241  70   1.013E+05  4.037E-12  1.043E-04  2.930E+02  1.554E+03
   0.06824   7    0.43872  71   1.013E+05 -2.231E-11  1.133E-04  2.930E+02  1.550E+03
   0.06824   7    0.44503  72   1.013E+05 -2.771E-11  1.204E-04  2.930E+02  1.547E+03
   0.06824   7    0.45134  73   1.013E+05 -2.419E-11  1.229E-04  2.930E+02  1.544E+03
   0.06824   7    0.45766  74   1.013E+05 -2.233E-11  1.235E-04  2.930E+02  1.542E+03
   0.06824   7    0.46397  75   1.013E+05 -1.654E-11  1.405E-04  2.930E+02  1.539E+03
   0.06824   7    0.47028  76   1.013E+05 -1.281E-11  1.515E-04  2.930E+02  1.537E+03
   0.06824   7    0.47659  77   1.013E+05 -8.056E-12  1.488E-04  2.930E+02  1.535E+03
   0.06824   7    0.48291  78   1.013E+05 -7.311E-12  1.540E-04  2.930E+02  1.533E+03
   0.06824   7    0.48922  79   1.013E+05 -6.040E-12  1.632E-04  2.930E+02  1.532E+03
   0.06824   7    0.49553  80   1.013E+05 -8.430E-12  1.566E-04  2.930E+02  1.531E+03
   0.06824   7    0.50184  81   1.013E+05 -8.636E-12 -7.473E-07  2.930E+02  1.530E+03
   0.06824   7    0.50500  82   1.013E+05  0.000E+00 -7.473E-07  2.930E+02  1.530E+03
   0.08065   8    0.00000   1   1.012E+05  0.000E+00  0.000E+00  2.930E+02  2.930E+02
   0.08065   8    0.00316   2   1.012E+05 -1.233E-06 -6.742E-04  2.930E+02  3.458E+02
   0.08065   8    0.00947   3   1.012E+05 -1.286E-06  3.088E-03  2.930E+02  4.507E+02
   0.08065   8    0.01578   4   1.012E+05 -1.193E-06  3.954E-03  2.930E+02  5.523E+02
   0.08065   8    0.02209   5   1.012E+05 -6.377E-07  4.558E-03  2.931E+02  6.551E+02
   0.08065   8    0.02841   6   1.012E+05 -5.874E-07  4.733E-03  2.931E+02  7.628E+02
   0.08065   8    0.03472   7   1.012E+05 -1.581E-07  4.685E-03  2.934E+02  8.767E+02
   0.08065   8    0.04103   8   1.012E+05 -9.073E-08  4.483E-03  2.939E+02  9.969E+02
   0.08065   8    0.04734   9   1.012E+05 -6.291E-08  4.176E-03  2.950E+02  1.123E+03
   0.08065   8    0.05366  10   1.012E+05 -1.603E-08  3.794E-03  2.972E+02  1.253E+03
   0.08065   8    0.05997  11   1.012E+05 -1.922E-07  3.366E-03  3.017E+02  1.387E+03
   0.08065   8    0.06628  12   1.013E+05  6.347E-08  2.902E-03  3.097E+02  1.520E+03
   0.08065   8    0.07259  13   1.013E+05  1.138E-07  2.428E-03  3.234E+02  1.656E+03
   0.08065   8    0.07891  14   1.013E+05  2.332E-07  2.023E-03  3.451E+02  1.810E+03
   0.08065   8    0.08522  15   1.013E+05  3.315E-07  1.781E-03  3.770E+02  2.044E+03
   0.08065   8    0.09153  16   1.013E+05  3.870E-07  3.966E-03  4.209E+02  2.621E+03
   0.08065   8    0.09784  17   1.013E+05  3.856E-07  3.668E-03  3.770E+02  2.645E+03
   0.08065   8    0.10416  18   1.013E+05  3.244E-07  4.320E-03  3.451E+02  2.653E+03
   0.08065   8    0.11047  19   1.013E+05  2.306E-07  4.611E-03  3.234E+02  2.648E+03
   0.08065   8    0.11678  20   1.013E+05  1.468E-07  4.563E-03  3.097E+02  2.633E+03
   0.08065   8    0.12309  21   1.013E+05  5.538E-08  4.292E-03  3.017E+02  2.606E+03
   0.08065   8    0.12941  22   1.013E+05 -1.176E-08  3.885E-03  2.972E+02  2.570E+03
   0.08065   8    0.13572  23   1.013E+05 -2.426E-07  3.418E-03  2.950E+02  2.524E+03
   0.08065   8    0.14203  24   1.013E+05 -6.061E-08  2.951E-03  2.939E+02  2.471E+03
   0.08065   8    0.14834  25   1.013E+05 -6.228E-08  2.507E-03  2.934E+02  2.411E+03
   0.08065   8    0.15466  26   1.013E+05 -3.863E-08  2.104E-03  2.931E+02  2.347E+03
   0.08065   8    0.16097  27   1.013E+05 -2.863E-08  1.741E-03  2.931E+02  2.281E+03
   0.08065   8    0.16728  28   1.013E+05 -2.030E-08  1.425E-03  2.930E+02  2.214E+03
   0.08065   8    0.17359  29   1.013E+05 -1.444E-08  1.167E-03  2.930E+02  2.149E+03
   0.08065   8    0.17991  30   1.013E+05 -1.012E-08  9.430E-04  2.930E+02  2.087E+03
   0.08065   8    0.18622  31   1.013E+05 -7.034E-09  7.445E-04  2.930E+02  2.029E+03
   0.08065   8    0.19253  32   1.013E+05 -4.873E-09  5.811E-04  2.930E+02  1.975E+03
   0.08065   8    0.19884  33   1.013E+05 -3.406E-09  4.518E-04  2.930E+02  1.927E+03
   0.08065   8    0.20516  34   1.013E+05 -2.466E-09  3.457E-04  2.930E+02  1.884E+03
   0.08065   8    0.21147  35   1.013E+05 -1.922E-09  2.504E-04  2.930E+02  1.846E+03
   0.08065   8    0.21778  36   1.013E+05 -1.680E-09  1.662E-04  2.930E+02  1.813E+03
   0.08065   8    0.22409  37   1.013E+05 -1.692E-09  1.028E-04  2.930E+02  1.783E+03
   0.08065   8    0.23041  38   1.013E+05 -1.920E-09  5.930E-05  2.930E+02  1.758E+03
   0.08065   8    0.23672  39   1.013E+05 -2.343E-09  1.719E-05  2.930E+02  1.737E+03
   0.08065   8    0.24303  40   1.013E+05 -2.895E-09 -1.716E-05  2.930E+02  1.718E+03
   0.08065   8    0.24934  41   1.013E+05 -3.382E-09 -3.847E-05  2.930E+02  1.702E+03
   0.08065   8    0.25566  42   1.013E+05 -3.287E-09 -6.036E-05  2.930E+02  1.688E+03
   0.08065   8    0.26197  43   1.013E+05 -9.346E-10 -8.170E-05  2.930E+02  1.676E+03
   0.08065   8    0.26828  44   1.013E+05  6.193E-09 -9.404E-05  2.930E+02  1.666E+03
   0.08065   8    0.27459  45   1.013E+05  3.243E-08 -9.785E-05  2.930E+02  1.657E+03
   0.08065   8    0.28091  46   1.013E+05  7.284E-08 -1.070E-04  2.930E+02  1.649E+03
   0.08065   8    0.28722  47   1.013E+05  2.769E-07 -1.136E-04  2.930E+02  1.642E+03
   0.08065   8    0.29353  48   1.013E+05  4.893E-07 -1.125E-04  2.930E+02  1.636E+03
   0.08065   8    0.29984  49   1.013E+05  2.492E-07 -1.138E-04  2.930E+02  1.630E+03
   0.08065   8    0.30616  50   1.013E+05 -1.617E-07 -1.062E-04  2.930E+02  1.625E+03
   0.08065   8    0.31247  51   1.013E+05  2.426E-08 -1.024E-04  2.930E+02  1.621E+03
   0.08065   8    0.31878  52   1.013E+05  1.929E-07 -1.118E-04  2.930E+02  1.616E+03
   0.08065   8    0.32509  53   1.013E+05  2.127E-07 -1.075E-04  2.930E+02  1.612E+03
   0.08065   8    0.33141  54   1.013E+05  2.164E-07 -9.474E-05  2.930E+02  1.609E+03
   0.08065   8    0.33772  55   1.013E+05  4.161E-08 -8.327E-05  2.930E+02  1.605E+03
   0.08065   8    0.34403  56   1.013E+05  4.080E-08 -7.708E-05  2.930E+02  1.601E+03
   0.08065   8    0.35034  57   1.013E+05  2.188E-08 -7.333E-05  2.930E+02  1.598E+03
   0.08065   8    0.35666  58   1.013E+05  2.854E-08 -5.689E-05  2.930E+02  1.595E+03
   0.08065   8    0.36297  59   1.013E+05  2.660E-08 -4.359E-05  2.930E+02  1.591E+03
   0.08065   8    0.36928  60   1.013E+05  1.861E-08 -3.484E-05  2.930E+02  1.588E+03
   0.08065   8    0.37559  61   1.013E+05  1.231E-08 -2.504E-05  2.930E+02  1.584E+03
   0.08065   8    0.38191  62   1.013E+05  7.491E-09 -1.154E-05  2.930E+02  1.581E+03
   0.08065   8    0.38822  63   1.013E+05  4.299E-09  7.998E-06  2.930E+02  1.578E+03
   0.08065   8    0.39453  64   1.013E+05  2.298E-09  1.856E-05  2.930E+02  1.574E+03
   0.08065   8    0.40084  65   1.013E+05  1.115E-09  2.785E-05  2.930E+02  1.571E+03
   0.08065   8    0.40716  66   1.013E+05  4.527E-10  4.551E-05  2.930E+02  1.567E+03
   0.08065   8    0.41347  67   1.013E+05  1.053E-10  5.748E-05  2.930E+02  1.564E+03
   0.08065   8    0.41978  68   1.013E+05 -5.925E-11  6.686E-05  2.930E+02  1.560E+03
   0.08065   8    0.42609  69   1.013E+05 -1.224E-10  8.553E-05  2.930E+02  1.557E+03
   0.08065   8    0.43241  70   1.013E+05 -1.331E-10  1.043E-04  2.930E+02  1.554E+03
   0.08065   8    0.43872  71   1.013E+05 -1.231E-10  1.133E-04  2.930E+02  1.550E+03
   0.08065   8    0.44503  72   1.013E+05 -1.022E-10  1.204E-04  2.930E+02  1.547E+03
   0.08065   8    0.45134  73   1.013E+05 -7.973E-11  1.229E-04  2.930E+02  1.544E+03
   0.08065   8    0.45766  74   1.013E+05 -6.493E-11  1.235E-04  2.930E+02  1.542E+03
   0.08065   8    0.46397  75   1.013E+05 -5.166E-11  1.405E-04  2.930E+02  1.539E+03
   0.08065   8    0.47028  76   1.013E+05 -4.502E-11  1.515E-04  2.930E+02  1.537E+03
   0.08065   8    0.47659  77   1.013E+05 -4.044E-11  1.488E-04  2.930E+02  1.535E+03
   0.08065   8    0.48291  78   1.013E+05 -4.138E-11  1.540E-04  2.930E+02  1.533E+03
   0.08065   8    0.48922  79   1.013E+05 -4.193E-11  1.632E-04  2.930E+02  1.532E+03
   0.08065   8    0.49553  80   1.013E+05 -4.183E-11  1.566E-04  2.930E+02  1.531E+03
   0.08065   8    0.50184  81   1.013E+05 -4.260E-11 -7.473E-07  2.930E+02  1.530E+03
   0.08065   8    0.50500  82   1.013E+05  0.000E+00 -7.473E-07  2.930E+02  1.530E+03
   0.09305   9    0.00000   1   1.012E+05  0.000E+00  0.000E+00  2.930E+02  2.930E+02
   0.09305   9    0.00316   2   1.012E+05 -3.223E-06 -6.746E-04  2.930E+02  3.458E+02
   0.09305   9    0.00947   3   1.012E+05 -5.118E-06  3.087E-03  2.930E+02  4.509E+02
   0.09305   9    0.01578   4   1.012E+05 -2.164E-06  3.953E-03  2.930E+02  5.527E+02
   0.09305   9    0.02209   5   1.012E+05  1.400E-07  4.559E-03  2.931E+02  6.553E+02
   0.09305   9    0.02841   6   1.012E+05 -2.040E-07  4.732E-03  2.931E+02  7.630E+02
   0.09305   9    0.03472   7   1.012E+05  6.311E-11  4.684E-03  2.934E+02  8.769E+02
   0.09305   9    0.04103   8   1.012E+05  1.747E-08  4.482E-03  2.939E+02  9.973E+02
   0.09305   9    0.04734   9   1.012E+05  9.292E-09  4.174E-03  2.950E+02  1.124E+03
   0.09305   9    0.05366  10   1.012E+05  5.027E-08  3.792E-03  2.972E+02  1.254E+03
   0.09305   9    0.05997  11   1.012E+05 -1.139E-07  3.365E-03  3.017E+02  1.387E+03
   0.09305   9    0.06628  12   1.013E+05  1.579E-07  2.901E-03  3.097E+02  1.520E+03
   0.09305   9    0.07259  13   1.013E+05  2.125E-07  2.427E-03  3.234E+02  1.656E+03
   0.09305   9    0.07891  14   1.013E+05  3.416E-07  2.022E-03  3.451E+02  1.810E+03
   0.09305   9    0.08522  15   1.013E+05  4.536E-07  1.780E-03  3.770E+02  2.044E+03
   0.09305   9    0.09153  16   1.013E+05  6.696E-07  3.966E-03  4.209E+02  2.621E+03
   0.09305   9    0.09784  17   1.013E+05  8.790E-07  3.667E-03  3.770E+02  2.645E+03
   0.09305   9    0.10416  18   1.013E+05  6.303E-07  4.320E-03  3.451E+02  2.653E+03
   0.09305   9    0.11047  19   1.013E+05  3.718E-07  4.611E-03  3.234E+02  2.649E+03
   0.09305   9    0.11678  20   1.013E+05  2.402E-07  4.563E-03  3.097E+02  2.633E+03
   0.09305   9    0.12309  21   1.013E+05  1.239E-07  4.292E-03  3.017E+02  2.607E+03
   0.09305   9    0.12941  22   1.013E+05  4.007E-08  3.885E-03  2.972E+02  2.570E+03
   0.09305   9    0.13572  23   1.013E+05  6.322E-09  3.418E-03  2.950E+02  2.524E+03
   0.09305   9    0.14203  24   1.013E+05 -1.571E-08  2.952E-03  2.939E+02  2.471E+03
   0.09305   9    0.14834  25   1.013E+05 -2.219E-08  2.507E-03  2.934E+02  2.411E+03
   0.09305   9    0.15466  26   1.013E+05 -2.275E-08  2.104E-03  2.931E+02  2.347E+03
   0.09305   9    0.16097  27   1.013E+05 -2.000E-08  1.741E-03  2.931E+02  2.281E+03
   0.09305   9    0.16728  28   1.013E+05 -1.625E-08  1.425E-03  2.930E+02  2.214E+03
   0.09305   9    0.17359  29   1.013E+05 -1.253E-08  1.167E-03  2.930E+02  2.149E+03
   0.09305   9    0.17991  30   1.013E+05 -9.333E-09  9.430E-04  2.930E+02  2.087E+03
   0.09305   9    0.18622  31   1.013E+05 -6.801E-09  7.445E-04  2.930E+02  2.029E+03
   0.09305   9    0.19253  32   1.013E+05 -4.912E-09  5.811E-04  2.930E+02  1.975E+03
   0.09305   9    0.19884  33   1.013E+05 -3.565E-09  4.518E-04  2.930E+02  1.927E+03
   0.09305   9    0.20516  34   1.013E+05 -2.666E-09  3.457E-04  2.930E+02  1.884E+03
   0.09305   9    0.21147  35   1.013E+05 -2.115E-09  2.504E-04  2.930E+02  1.846E+03
   0.09305   9    0.21778  36   1.013E+05 -1.829E-09  1.662E-04  2.930E+02  1.813E+03
   0.09305   9    0.22409  37   1.013E+05 -1.756E-09  1.028E-04  2.930E+02  1.783E+03
   0.09305   9    0.23041  38   1.013E+05 -1.842E-09  5.930E-05  2.930E+02  1.758E+03
   0.09305   9    0.23672  39   1.013E+05 -2.034E-09  1.719E-05  2.930E+02  1.737E+03
   0.09305   9    0.24303  40   1.013E+05 -2.236E-09 -1.716E-05  2.930E+02  1.718E+03
   0.09305   9    0.24934  41   1.013E+05 -2.268E-09 -3.847E-05  2.930E+02  1.702E+03
   0.09305   9    0.25566  42   1.013E+05 -1.778E-09 -6.035E-05  2.930E+02  1.688E+03
   0.09305   9    0.26197  43   1.013E+05 -4.893E-11 -8.168E-05  2.930E+02  1.676E+03
   0.09305   9    0.26828  44   1.013E+05  3.864E-09 -9.402E-05  2.930E+02  1.666E+03
   0.09305   9    0.27459  45   1.013E+05  1.251E-08 -9.781E-05  2.930E+02  1.657E+03
   0.09305   9    0.28091  46   1.013E+05  2.351E-08 -1.070E-04  2.930E+02  1.649E+03
   0.09305   9    0.28722  47   1.013E+05  4.791E-08 -1.136E-04  2.930E+02  1.642E+03
   0.09305   9    0.29353  48   1.013E+05  2.748E-08 -1.126E-04  2.930E+02  1.636E+03
   0.09305   9    0.29984  49   1.013E+05 -4.513E-08 -1.143E-04  2.930E+02  1.630E+03
   0.09305   9    0.30616  50   1.013E+05 -3.187E-07 -1.062E-04  2.930E+02  1.625E+03
   0.09305   9    0.31247  51   1.013E+05 -6.532E-07 -1.016E-04  2.930E+02  1.621E+03
   0.09305   9    0.31878  52   1.013E+05  1.349E-06 -1.110E-04  2.930E+02  1.616E+03
   0.09305   9    0.32509  53   1.013E+05  4.893E-06 -1.075E-04  2.930E+02  1.612E+03
   0.09305   9    0.33141  54   1.013E+05  1.392E-06 -9.545E-05  2.930E+02  1.609E+03
   0.09305   9    0.33772  55   1.013E+05 -5.714E-07 -8.338E-05  2.930E+02  1.605E+03
   0.09305   9    0.34403  56   1.013E+05  1.464E-07 -7.655E-05  2.930E+02  1.601E+03
   0.09305   9    0.35034  57   1.013E+05  3.731E-07 -7.338E-05  2.930E+02  1.598E+03
   0.09305   9    0.35666  58   1.013E+05  2.091E-07 -5.753E-05  2.930E+02  1.595E+03
   0.09305   9    0.36297  59   1.013E+05  4.665E-08 -4.389E-05  2.930E+02  1.591E+03
   0.09305   9    0.36928  60   1.013E+05  2.423E-08 -3.488E-05  2.930E+02  1.588E+03
   0.09305   9    0.37559  61   1.013E+05  7.056E-09 -2.506E-05  2.930E+02  1.584E+03
   0.09305   9    0.38191  62   1.013E+05  2.740E-09 -1.153E-05  2.930E+02  1.581E+03
   0.09305   9    0.38822  63   1.013E+05  7.564E-10  8.001E-06  2.930E+02  1.578E+03
   0.09305   9    0.39453  64   1.013E+05  6.770E-11  1.856E-05  2.930E+02  1.574E+03
   0.09305   9    0.40084  65   1.013E+05 -2.148E-10  2.785E-05  2.930E+02  1.571E+03
   0.09305   9    0.40716  66   1.013E+05 -3.113E-10  4.551E-05  2.930E+02  1.567E+03
   0.09305   9    0.41347  67   1.013E+05 -3.261E-10  5.748E-05  2.930E+02  1.564E+03
   0.09305   9    0.41978  68   1.013E+05 -2.997E-10  6.686E-05  2.930E+02  1.560E+03
   0.09305   9    0.42609  69   1.013E+05 -2.544E-10  8.553E-05  2.930E+02  1.557E+03
   0.09305   9    0.43241  70   1.013E+05 -2.044E-10  1.043E-04  2.930E+02  1.554E+03
   0.09305   9    0.43872  71   1.013E+05 -1.608E-10  1.133E-04  2.930E+02  1.550E+03
   0.09305   9    0.44503  72   1.013E+05 -1.218E-10  1.204E-04  2.930E+02  1.547E+03
   0.09305   9    0.45134  73   1.013E+05 -9.003E-11  1.229E-04  2.930E+02  1.544E+03
   0.09305   9    0.45766  74   1.013E+05 -7.151E-11  1.235E-04  2.930E+02  1.542E+03
   0.09305   9    0.46397  75   1.013E+05 -5.954E-11  1.405E-04  2.930E+02  1.539E+03
   0.09305   9    0.47028  76   1.013E+05 -5.868E-11  1.515E-04  2.930E+02  1.537E+03
   0.09305   9    0.47659  77   1.013E+05 -6.255E-11  1.488E-04  2.930E+02  1.535E+03
   0.09305   9    0.48291  78   1.013E+05 -7.323E-11  1.540E-04  2.930E+02  1.533E+03
   0.09305   9    0.48922  79   1.013E+05 -8.450E-11  1.632E-04  2.930E+02  1.532E+03
   0.09305   9    0.49553  80   1.013E+05 -9.010E-11  1.566E-04  2.930E+02  1.531E+03
   0.09305   9    0.50184  81   1.013E+05 -9.706E-11 -7.471E-07  2.930E+02  1.530E+03
   0.09305   9    0.50500  82   1.013E+05  0.000E+00 -7.471E-07  2.930E+02  1.530E+03
   0.10546  10    0.00000   1   1.012E+05  0.000E+00  0.000E+00  2.930E+02  2.930E+02
   0.10546  10    0.00316   2   1.012E+05 -3.141E-06 -7.156E-04  2.930E+02  3.460E+02
   0.10546  10    0.00947   3   1.012E+05 -4.498E-06  3.088E-03  2.930E+02  4.511E+02
   0.10546  10    0.01578   4   1.012E+05 -1.689E-06  3.960E-03  2.930E+02  5.525E+02
   0.10546  10    0.02209   5   1.012E+05  4.095E-07  4.561E-03  2.931E+02  6.555E+02
   0.10546  10    0.02841   6   1.012E+05 -7.952E-08  4.729E-03  2.931E+02  7.632E+02
   0.10546  10    0.03472   7   1.012E+05  1.237E-08  4.682E-03  2.934E+02  8.771E+02
   0.10546  10    0.04103   8   1.012E+05  4.234E-08  4.481E-03  2.939E+02  9.975E+02
   0.10546  10    0.04734   9   1.012E+05  8.762E-08  4.173E-03  2.950E+02  1.124E+03
   0.10546  10    0.05366  10   1.012E+05  1.388E-07  3.791E-03  2.972E+02  1.254E+03
   0.10546  10    0.05997  11   1.012E+05  1.796E-07  3.363E-03  3.017E+02  1.387E+03
   0.10546  10    0.06628  12   1.013E+05  2.483E-07  2.900E-03  3.097E+02  1.521E+03
   0.10546  10    0.07259  13   1.013E+05  2.927E-07  2.426E-03  3.234E+02  1.657E+03
   0.10546  10    0.07891  14   1.013E+05  3.586E-07  2.021E-03  3.451E+02  1.811E+03
   0.10546  10    0.08522  15   1.013E+05  4.294E-07  1.780E-03  3.770E+02  2.045E+03
   0.10546  10    0.09153  16   1.013E+05  6.435E-07  3.966E-03  4.209E+02  2.622E+03
   0.10546  10    0.09784  17   1.013E+05  8.563E-07  3.667E-03  3.770E+02  2.646E+03
   0.10546  10    0.10416  18   1.013E+05  6.242E-07  4.319E-03  3.451E+02  2.654E+03
   0.10546  10    0.11047  19   1.013E+05  3.842E-07  4.610E-03  3.234E+02  2.649E+03
   0.10546  10    0.11678  20   1.013E+05  2.745E-07  4.563E-03  3.097E+02  2.633E+03
   0.10546  10    0.12309  21   1.013E+05  1.922E-07  4.292E-03  3.017E+02  2.607E+03
   0.10546  10    0.12941  22   1.013E+05  1.246E-07  3.885E-03  2.972E+02  2.570E+03
   0.10546  10    0.13572  23   1.013E+05  2.835E-07  3.418E-03  2.950E+02  2.525E+03
   0.10546  10    0.14203  24   1.013E+05  5.375E-08  2.951E-03  2.939E+02  2.471E+03
   0.10546  10    0.14834  25   1.013E+05  3.550E-08  2.507E-03  2.934E+02  2.411E+03
   0.10546  10    0.15466  26   1.013E+05  5.469E-09  2.104E-03  2.931E+02  2.347E+03
   0.10546  10    0.16097  27   1.013E+05 -3.063E-09  1.741E-03  2.931E+02  2.281E+03
   0.10546  10    0.16728  28   1.013E+05 -6.739E-09  1.425E-03  2.930E+02  2.214E+03
   0.10546  10    0.17359  29   1.013E+05 -7.139E-09  1.167E-03  2.930E+02  2.149E+03
   0.10546  10    0.17991  30   1.013E+05 -6.418E-09  9.430E-04  2.930E+02  2.087E+03
   0.10546  10    0.18622  31   1.013E+05 -5.342E-09  7.445E-04  2.930E+02  2.029E+03
   0.10546  10    0.19253  32   1.013E+05 -4.293E-09  5.811E-04  2.930E+02  1.975E+03
   0.10546  10    0.19884  33   1.013E+05 -3.413E-09  4.518E-04  2.930E+02  1.927E+03
   0.10546  10    0.20516  34   1.013E+05 -2.753E-09  3.457E-04  2.930E+02  1.884E+03
   0.10546  10    0.21147  35   1.013E+05 -2.296E-09  2.504E-04  2.930E+02  1.846E+03
   0.10546  10    0.21778  36   1.013E+05 -1.999E-09  1.662E-04  2.930E+02  1.813E+03
   0.10546  10    0.22409  37   1.013E+05 -1.838E-09  1.027E-04  2.930E+02  1.783E+03
   0.10546  10    0.23041  38   1.013E+05 -1.795E-09  5.930E-05  2.930E+02  1.758E+03
   0.10546  10    0.23672  39   1.013E+05 -1.849E-09  1.719E-05  2.930E+02  1.737E+03
   0.10546  10    0.24303  40   1.013E+05 -1.943E-09 -1.716E-05  2.930E+02  1.718E+03
   0.10546  10    0.24934  41   1.013E+05 -2.028E-09 -3.847E-05  2.930E+02  1.702E+03
   0.10546  10    0.25566  42   1.013E+05 -2.020E-09 -6.035E-05  2.930E+02  1.688E+03
   0.10546  10    0.26197  43   1.013E+05 -1.784E-09 -8.168E-05  2.930E+02  1.676E+03
   0.10546  10    0.26828  44   1.013E+05 -1.295E-09 -9.401E-05  2.930E+02  1.666E+03
   0.10546  10    0.27459  45   1.013E+05 -3.807E-10 -9.782E-05  2.930E+02  1.657E+03
   0.10546  10    0.28091  46   1.013E+05 -1.016E-09 -1.070E-04  2.930E+02  1.649E+03
   0.10546  10    0.28722  47   1.013E+05 -1.464E-09 -1.136E-04  2.930E+02  1.642E+03
   0.10546  10    0.29353  48   1.013E+05 -2.191E-08 -1.127E-04  2.930E+02  1.636E+03
   0.10546  10    0.29984  49   1.013E+05 -5.368E-08 -1.145E-04  2.930E+02  1.630E+03
   0.10546  10    0.30616  50   1.013E+05 -8.214E-08 -1.074E-04  2.930E+02  1.625E+03
   0.10546  10    0.31247  51   1.013E+05 -5.955E-07 -9.915E-05  2.930E+02  1.621E+03
   0.10546  10    0.31878  52   1.013E+05  1.413E-06 -1.009E-04  2.930E+02  1.616E+03
   0.10546  10    0.32509  53   1.013E+05  4.956E-06 -1.074E-04  2.930E+02  1.612E+03
   0.10546  10    0.33141  54   1.013E+05  1.427E-06 -1.055E-04  2.930E+02  1.609E+03
   0.10546  10    0.33772  55   1.013E+05 -5.582E-07 -8.576E-05  2.930E+02  1.605E+03
   0.10546  10    0.34403  56   1.013E+05  1.012E-08 -7.522E-05  2.930E+02  1.601E+03
   0.10546  10    0.35034  57   1.013E+05  5.045E-08 -7.321E-05  2.930E+02  1.598E+03
   0.10546  10    0.35666  58   1.013E+05  6.341E-08 -5.754E-05  2.930E+02  1.595E+03
   0.10546  10    0.36297  59   1.013E+05  3.885E-08 -4.395E-05  2.930E+02  1.591E+03
   0.10546  10    0.36928  60   1.013E+05  2.475E-08 -3.492E-05  2.930E+02  1.588E+03
   0.10546  10    0.37559  61   1.013E+05  1.386E-08 -2.509E-05  2.930E+02  1.584E+03
   0.10546  10    0.38191  62   1.013E+05  7.650E-09 -1.155E-05  2.930E+02  1.581E+03
   0.10546  10    0.38822  63   1.013E+05  4.017E-09  7.991E-06  2.930E+02  1.578E+03
   0.10546  10    0.39453  64   1.013E+05  2.016E-09  1.856E-05  2.930E+02  1.574E+03
   0.10546  10    0.40084  65   1.013E+05  9.436E-10  2.785E-05  2.930E+02  1.571E+03
   0.10546  10    0.40716  66   1.013E+05  3.883E-10  4.551E-05  2.930E+02  1.567E+03
   0.10546  10    0.41347  67   1.013E+05  1.138E-10  5.748E-05  2.930E+02  1.564E+03
   0.10546  10    0.41978  68   1.013E+05  1.455E-12  6.686E-05  2.930E+02  1.560E+03
   0.10546  10    0.42609  69   1.013E+05 -3.016E-11  8.553E-05  2.930E+02  1.557E+03
   0.10546  10    0.43241  70   1.013E+05 -3.526E-11  1.043E-04  2.930E+02  1.554E+03
   0.10546  10    0.43872  71   1.013E+05 -3.285E-11  1.133E-04  2.930E+02  1.550E+03
   0.10546  10    0.44503  72   1.013E+05 -2.475E-11  1.204E-04  2.930E+02  1.547E+03
   0.10546  10    0.45134  73   1.013E+05 -1.393E-11  1.229E-04  2.930E+02  1.544E+03
   0.10546  10    0.45766  74   1.013E+05 -3.192E-12  1.235E-04  2.930E+02  1.542E+03
   0.10546  10    0.46397  75   1.013E+05 -4.617E-12  1.405E-04  2.930E+02  1.539E+03
   0.10546  10    0.47028  76   1.013E+05 -3.452E-11  1.515E-04  2.930E+02  1.537E+03
   0.10546  10    0.47659  77   1.013E+05 -7.038E-11  1.488E-04  2.930E+02  1.535E+03
   0.10546  10    0.48291  78   1.013E+05 -1.157E-10  1.540E-04  2.930E+02  1.533E+03
   0.10546  10    0.48922  79   1.013E+05 -1.870E-10  1.632E-04  2.930E+02  1.532E+03
   0.10546  10    0.49553  80   1.013E+05 -3.040E-10  1.566E-04  2.930E+02  1.531E+03
   0.10546  10    0.50184  81   1.013E+05 -3.498E-10 -7.469E-07  2.930E+02  1.530E+03
   0.10546  10    0.50500  82   1.013E+05  0.000E+00 -7.469E-07  2.930E+02  1.530E+03
   0.11787  11    0.00000   1   1.012E+05  0.000E+00  0.000E+00  2.930E+02  2.930E+02
   0.11787  11    0.00316   2   1.012E+05 -7.939E-07 -7.154E-04  2.930E+02  3.461E+02
   0.11787  11    0.00947   3   1.012E+05 -5.551E-07  3.088E-03  2.930E+02  4.512E+02
   0.11787  11    0.01578   4   1.012E+05 -4.357E-07  3.960E-03  2.930E+02  5.526E+02
   0.11787  11    0.02209   5   1.012E+05 -1.702E-07  4.560E-03  2.931E+02  6.555E+02
   0.11787  11    0.02841   6   1.012E+05 -1.008E-07  4.729E-03  2.931E+02  7.633E+02
   0.11787  11    0.03472   7   1.012E+05 -3.616E-08  4.681E-03  2.934E+02  8.772E+02
   0.11787  11    0.04103   8   1.012E+05  3.781E-09  4.480E-03  2.939E+02  9.976E+02
   0.11787  11    0.04734   9   1.012E+05  3.805E-08  4.172E-03  2.950E+02  1.124E+03
   0.11787  11    0.05366  10   1.012E+05  6.644E-08  3.790E-03  2.972E+02  1.254E+03
   0.11787  11    0.05997  11   1.012E+05  8.280E-08  3.363E-03  3.017E+02  1.387E+03
   0.11787  11    0.06628  12   1.013E+05  1.112E-07  2.900E-03  3.097E+02  1.521E+03
   0.11787  11    0.07259  13   1.013E+05  1.344E-07  2.426E-03  3.234E+02  1.657E+03
   0.11787  11    0.07891  14   1.013E+05  1.620E-07  2.021E-03  3.451E+02  1.811E+03
   0.11787  11    0.08522  15   1.013E+05  1.930E-07  1.780E-03  3.770E+02  2.045E+03
   0.11787  11    0.09153  16   1.013E+05  2.334E-07  3.966E-03  4.209E+02  2.622E+03
   0.11787  11    0.09784  17   1.013E+05  2.549E-07  3.667E-03  3.770E+02  2.646E+03
   0.11787  11    0.10416  18   1.013E+05  2.336E-07  4.318E-03  3.451E+02  2.654E+03
   0.11787  11    0.11047  19   1.013E+05  1.815E-07  4.610E-03  3.234E+02  2.649E+03
   0.11787  11    0.11678  20   1.013E+05  1.222E-07  4.563E-03  3.097E+02  2.633E+03
   0.11787  11    0.12309  21   1.013E+05  6.736E-08  4.292E-03  3.017E+02  2.607E+03
   0.11787  11    0.12941  22   1.013E+05  2.378E-08  3.885E-03  2.972E+02  2.570E+03
   0.11787  11    0.13572  23   1.013E+05  2.936E-10  3.418E-03  2.950E+02  2.525E+03
   0.11787  11    0.14203  24   1.013E+05 -1.269E-08  2.951E-03  2.939E+02  2.471E+03
   0.11787  11    0.14834  25   1.013E+05 -1.295E-08  2.507E-03  2.934E+02  2.411E+03
   0.11787  11    0.15466  26   1.013E+05 -1.207E-08  2.104E-03  2.931E+02  2.348E+03
   0.11787  11    0.16097  27   1.013E+05 -9.840E-09  1.741E-03  2.931E+02  2.281E+03
   0.11787  11    0.16728  28   1.013E+05 -7.737E-09  1.425E-03  2.930E+02  2.215E+03
   0.11787  11    0.17359  29   1.013E+05 -5.926E-09  1.167E-03  2.930E+02  2.149E+03
   0.11787  11    0.17991  30   1.013E+05 -4.512E-09  9.430E-04  2.930E+02  2.087E+03
   0.11787  11    0.18622  31   1.013E+05 -3.435E-09  7.445E-04  2.930E+02  2.029E+03
   0.11787  11    0.19253  32   1.013E+05 -2.629E-09  5.811E-04  2.930E+02  1.975E+03
   0.11787  11    0.19884  33   1.013E+05 -2.034E-09  4.518E-04  2.930E+02  1.927E+03
   0.11787  11    0.20516  34   1.013E+05 -1.617E-09  3.457E-04  2.930E+02  1.884E+03
   0.11787  11    0.21147  35   1.013E+05 -1.331E-09  2.504E-04  2.930E+02  1.846E+03
   0.11787  11    0.21778  36   1.013E+05 -1.128E-09  1.662E-04  2.930E+02  1.813E+03
   0.11787  11    0.22409  37   1.013E+05 -9.909E-10  1.027E-04  2.930E+02  1.783E+03
   0.11787  11    0.23041  38   1.013E+05 -9.083E-10  5.930E-05  2.930E+02  1.758E+03
   0.11787  11    0.23672  39   1.013E+05 -8.690E-10  1.719E-05  2.930E+02  1.737E+03
   0.11787  11    0.24303  40   1.013E+05 -8.357E-10 -1.716E-05  2.930E+02  1.718E+03
   0.11787  11    0.24934  41   1.013E+05 -7.875E-10 -3.847E-05  2.930E+02  1.702E+03
   0.11787  11    0.25566  42   1.013E+05 -6.807E-10 -6.035E-05  2.930E+02  1.688E+03
   0.11787  11    0.26197  43   1.013E+05 -4.404E-10 -8.168E-05  2.930E+02  1.676E+03
   0.11787  11    0.26828  44   1.013E+05  1.087E-11 -9.401E-05  2.930E+02  1.666E+03
   0.11787  11    0.27459  45   1.013E+05  8.079E-10 -9.781E-05  2.930E+02  1.657E+03
   0.11787  11    0.28091  46   1.013E+05  1.912E-09 -1.070E-04  2.930E+02  1.649E+03
   0.11787  11    0.28722  47   1.013E+05  4.009E-09 -1.136E-04  2.930E+02  1.642E+03
   0.11787  11    0.29353  48   1.013E+05  5.999E-09 -1.127E-04  2.930E+02  1.636E+03
   0.11787  11    0.29984  49   1.013E+05  1.337E-08 -1.144E-04  2.930E+02  1.630E+03
   0.11787  11    0.30616  50   1.013E+05  3.170E-08 -1.073E-04  2.930E+02  1.625E+03
   0.11787  11    0.31247  51   1.013E+05  7.693E-08 -9.868E-05  2.930E+02  1.621E+03
   0.11787  11    0.31878  52   1.013E+05  2.712E-07 -1.001E-04  2.930E+02  1.616E+03
   0.11787  11    0.32509  53   1.013E+05  4.937E-07 -1.074E-04  2.930E+02  1.612E+03
   0.11787  11    0.33141  54   1.013E+05  2.751E-07 -1.063E-04  2.930E+02  1.609E+03
   0.11787  11    0.33772  55   1.013E+05  8.487E-08 -8.620E-05  2.930E+02  1.605E+03
   0.11787  11    0.34403  56   1.013E+05  5.027E-08 -7.535E-05  2.930E+02  1.601E+03
   0.11787  11    0.35034  57   1.013E+05  1.779E-08 -7.328E-05  2.930E+02  1.598E+03
   0.11787  11    0.35666  58   1.013E+05  1.541E-08 -5.756E-05  2.930E+02  1.595E+03
   0.11787  11    0.36297  59   1.013E+05  7.607E-09 -4.397E-05  2.930E+02  1.591E+03
   0.11787  11    0.36928  60   1.013E+05  4.955E-09 -3.493E-05  2.930E+02  1.588E+03
   0.11787  11    0.37559  61   1.013E+05  2.828E-09 -2.509E-05  2.930E+02  1.584E+03
   0.11787  11    0.38191  62   1.013E+05  1.663E-09 -1.155E-05  2.930E+02  1.581E+03
   0.11787  11    0.38822  63   1.013E+05  9.333E-10  7.989E-06  2.930E+02  1.578E+03
   0.11787  11    0.39453  64   1.013E+05  5.039E-10  1.855E-05  2.930E+02  1.574E+03
   0.11787  11    0.40084  65   1.013E+05  2.631E-10  2.785E-05  2.930E+02  1.571E+03
   0.11787  11    0.40716  66   1.013E+05  1.313E-10  4.551E-05  2.930E+02  1.567E+03
   0.11787  11    0.41347  67   1.013E+05  6.124E-11  5.748E-05  2.930E+02  1.564E+03
   0.11787  11    0.41978  68   1.013E+05  3.746E-11  6.686E-05  2.930E+02  1.560E+03
   0.11787  11    0.42609  69   1.013E+05  3.567E-11  8.553E-05  2.930E+02  1.557E+03
   0.11787  11    0.43241  70   1.013E+05  3.308E-11  1.043E-04  2.930E+02  1.554E+03
   0.11787  11    0.43872  71   1.013E+05  2.652E-11  1.133E-04  2.930E+02  1.550E+03
   0.11787  11    0.44503  72   1.013E+05  2.237E-11  1.204E-04  2.930E+02  1.547E+03
   0.11787  11    0.45134  73   1.013E+05  2.157E-11  1.229E-04  2.930E+02  1.544E+03
   0.11787  11    0.45766  74   1.013E+05  2.352E-11  1.235E-04  2.930E+02  1.542E+03
   0.11787  11    0.46397  75   1.013E+05  1.870E-11  1.405E-04  2.930E+02  1.539E+03
   0.11787  11    0.47028  76   1.013E+05 -8.622E-12  1.515E-04  2.930E+02  1.537E+03
   0.11787  11    0.47659  77   1.013E+05 -3.730E-11  1.488E-04  2.930E+02  1.535E+03
   0.11787  11    0.48291  78   1.013E+05 -7.285E-11  1.540E-04  2.930E+02  1.533E+03
   0.11787  11    0.48922  79   1.013E+05 -1.333E-10  1.632E-04  2.930E+02  1.532E+03
   0.11787  11    0.49553  80   1.013E+05 -2.460E-10  1.566E-04  2.930E+02  1.531E+03
   0.11787  11    0.50184  81   1.013E+05 -2.850E-10 -7.459E-07  2.930E+02  1.530E+03
   0.11787  11    0.50500  82   1.013E+05  0.000E+00 -7.459E-07  2.930E+02  1.530E+03
   0.12407  12    0.00000   1   1.012E+05  0.000E+00  0.000E+00  2.930E+02  2.930E+02
   0.12407  12    0.00316   2   1.012E+05 -7.939E-07 -7.154E-04  2.930E+02  3.461E+02
   0.12407  12    0.00947   3   1.012E+05 -5.551E-07  3.088E-03  2.930E+02  4.512E+02
   0.12407  12    0.01578   4   1.012E+05 -4.357E-07  3.960E-03  2.930E+02  5.526E+02
   0.12407  12    0.02209   5   1.012E+05 -1.702E-07  4.560E-03  2.931E+02  6.555E+02
   0.12407  12    0.02841   6   1.012E+05 -1.008E-07  4.729E-03  2.931E+02  7.633E+02
   0.12407  12    0.03472   7   1.012E+05 -3.616E-08  4.681E-03  2.934E+02  8.772E+02
   0.12407  12    0.04103   8   1.012E+05  3.781E-09  4.480E-03  2.939E+02  9.976E+02
   0.12407  12    0.04734   9   1.012E+05  3.805E-08  4.172E-03  2.950E+02  1.124E+03
   0.12407  12    0.05366  10   1.012E+05  6.644E-08  3.790E-03  2.972E+02  1.254E+03
   0.12407  12    0.05997  11   1.012E+05  8.280E-08  3.363E-03  3.017E+02  1.387E+03
   0.12407  12    0.06628  12   1.013E+05  1.112E-07  2.900E-03  3.097E+02  1.521E+03
   0.12407  12    0.07259  13   1.013E+05  1.344E-07  2.426E-03  3.234E+02  1.657E+03
   0.12407  12    0.07891  14   1.013E+05  1.620E-07  2.021E-03  3.451E+02  1.811E+03
   0.12407  12    0.08522  15   1.013E+05  1.930E-07  1.780E-03  3.770E+02  2.045E+03
   0.12407  12    0.09153  16   1.013E+05  2.334E-07  3.966E-03  4.209E+02  2.622E+03
   0.12407  12    0.09784  17   1.013E+05  2.549E-07  3.667E-03  3.770E+02  2.646E+03
   0.12407  12    0.10416  18   1.013E+05  2.336E-07  4.318E-03  3.451E+02  2.654E+03
   0.12407  12    0.11047  19   1.013E+05  1.815E-07  4.610E-03  3.234E+02  2.649E+03
   0.12407  12    0.11678  20   1.013E+05  1.222E-07  4.563E-03  3.097E+02  2.633E+03
   0.12407  12    0.12309  21   1.013E+05  6.736E-08  4.292E-03  3.017E+02  2.607E+03
   0.12407  12    0.12941  22   1.013E+05  2.378E-08  3.885E-03  2.972E+02  2.570E+03
   0.12407  12    0.13572  23   1.013E+05  2.936E-10  3.418E-03  2.950E+02  2.525E+03
   0.12407  12    0.14203  24   1.013E+05 -1.269E-08  2.951E-03  2.939E+02  2.471E+03
   0.12407  12    0.14834  25   1.013E+05 -1.295E-08  2.507E-03  2.934E+02  2.411E+03
   0.12407  12    0.15466  26   1.013E+05 -1.207E-08  2.104E-03  2.931E+02  2.348E+03
   0.12407  12    0.16097  27   1.013E+05 -9.840E-09  1.741E-03  2.931E+02  2.281E+03
   0.12407  12    0.16728  28   1.013E+05 -7.737E-09  1.425E-03  2.930E+02  2.215E+03
   0.12407  12    0.17359  29   1.013E+05 -5.926E-09  1.167E-03  2.930E+02  2.149E+03
   0.12407  12    0.17991  30   1.013E+05 -4.512E-09  9.430E-04  2.930E+02  2.087E+03
   0.12407  12    0.18622  31   1.013E+05 -3.435E-09  7.445E-04  2.930E+02  2.029E+03
   0.12407  12    0.19253  32   1.013E+05 -2.629E-09  5.811E-04  2.930E+02  1.975E+03
   0.12407  12    0.19884  33   1.013E+05 -2.034E-09  4.518E-04  2.930E+02  1.927E+03
   0.12407  12    0.20516  34   1.013E+05 -1.617E-09  3.457E-04  2.930E+02  1.884E+03
   0.12407  12    0.21147  35   1.013E+05 -1.331E-09  2.504E-04  2.930E+02  1.846E+03
   0.12407  12    0.21778  36   1.013E+05 -1.128E-09  1.662E-04  2.930E+02  1.813E+03
   0.12407  12    0.22409  37   1.013E+05 -9.909E-10  1.027E-04  2.930E+02  1.783E+03
   0.12407  12    0.23041  38   1.013E+05 -9.083E-10  5.930E-05  2.930E+02  1.758E+03
   0.12407  12    0.23672  39   1.013E+05 -8.690E-10  1.719E-05  2.930E+02  1.737E+03
   0.12407  12    0.24303  40   1.013E+05 -8.357E-10 -1.716E-05  2.930E+02  1.718E+03
   0.12407  12    0.24934  41   1.013E+05 -7.875E-10 -3.847E-05  2.930E+02  1.702E+03
   0.12407  12    0.25566  42   1.013E+05 -6.807E-10 -6.035E-05  2.930E+02  1.688E+03
   0.12407  12    0.26197  43   1.013E+05 -4.404E-10 -8.168E-05  2.930E+02  1.676E+03
   0.12407  12    0.26828  44   1.013E+05  1.087E-11 -9.401E-05  2.930E+02  1.666E+03
   0.12407  12    0.27459  45   1.013E+05  8.079E-10 -9.781E-05  2.930E+02  1.657E+03
   0.12407  12    0.28091  46   1.013E+05  1.912E-09 -1.070E-04  2.930E+02  1.649E+03
   0.12407  12    0.28722  47   1.013E+05  4.009E-09 -1.136E-04  2.930E+02  1.642E+03
   0.12407  12    0.29353  48   1.013E+05  5.999E-09 -1.127E-04  2.930E+02  1.636E+03
   0.12407  12    0.29984  49   1.013E+05  1.337E-08 -1.144E-04  2.930E+02  1.630E+03
   0.12407  12    0.30616  50   1.013E+05  3.170E-08 -1.073E-04  2.930E+02  1.625E+03
   0.12407  12    0.31247  51   1.013E+05  7.693E-08 -9.868E-05  2.930E+02  1.621E+03
   0.12407  12    0.31878  52   1.013E+05  2.712E-07 -1.001E-04  2.930E+02  1.616E+03
   0.12407  12    0.32509  53   1.013E+05  4.937E-07 -1.074E-04  2.930E+02  1.612E+03
   0.12407  12    0.33141  54   1.013E+05  2.751E-07 -1.063E-04  2.930E+02  1.609E+03
   0.12407  12    0.33772  55   1.013E+05  8.487E-08 -8.620E-05  2.930E+02  1.605E+03
   0.12407  12    0.34403  56   1.013E+05  5.027E-08 -7.535E-05  2.930E+02  1.601E+03
   0.12407  12    0.35034  57   1.013E+05  1.779E-08 -7.328E-05  2.930E+02  1.598E+03
   0.12407  12    0.35666  58   1.013E+05  1.541E-08 -5.756E-05  2.930E+02  1.595E+03
   0.12407  12    0.36297  59   1.013E+05  7.607E-09 -4.397E-05  2.930E+02  1.591E+03
   0.12407  12    0.36928  60   1.013E+05  4.955E-09 -3.493E-05  2.930E+02  1.588E+03
   0.12407  12    0.37559  61   1.013E+05  2.828E-09 -2.509E-05  2.930E+02  1.584E+03
   0.12407  12    0.38191  62   1.013E+05  1.663E-09 -1.155E-05  2.930E+02  1.581E+03
   0.12407  12    0.38822  63   1.013E+05  9.333E-10  7.989E-06  2.930E+02  1.578E+03
   0.12407  12    0.39453  64   1.013E+05  5.039E-10  1.855E-05  2.930E+02  1.574E+03
   0.12407  12    0.40084  65   1.013E+05  2.631E-10  2.785E-05  2.930E+02  1.571E+03
   0.12407  12    0.40716  66   1.013E+05  1.313E-10  4.551E-05  2.930E+02  1.567E+03
   0.12407  12    0.41347  67   1.013E+05  6.124E-11  5.748E-05  2.930E+02  1.564E+03
   0.12407  12    0.41978  68   1.013E+05  3.746E-11  6.686E-05  2.930E+02  1.560E+03
   0.12407  12    0.42609  69   1.013E+05  3.567E-11  8.553E-05  2.930E+02  1.557E+03
   0.12407  12    0.43241  70   1.013E+05  3.308E-11  1.043E-04  2.930E+02  1.554E+03
   0.12407  12    0.43872  71   1.013E+05  2.652E-11  1.133E-04  2.930E+02  1.550E+03
   0.12407  12    0.44503  72   1.013E+05  2.237E-11  1.204E-04  2.930E+02  1.547E+03
   0.12407  12    0.45134  73   1.013E+05  2.157E-11  1.229E-04  2.930E+02  1.544E+03
   0.12407  12    0.45766  74   1.013E+05  2.352E-11  1.235E-04  2.930E+02  1.542E+03
   0.12407  12    0.46397  75   1.013E+05  1.870E-11  1.405E-04  2.930E+02  1.539E+03
   0.12407  12    0.47028  76   1.013E+05 -8.622E-12  1.515E-04  2.930E+02  1.537E+03
   0.12407  12    0.47659  77   1.013E+05 -3.730E-11  1.488E-04  2.930E+02  1.535E+03
   0.12407  12    0.48291  78   1.013E+05 -7.285E-11  1.540E-04  2.930E+02  1.533E+03
   0.12407  12    0.48922  79   1.013E+05 -1.333E-10  1.632E-04  2.930E+02  1.532E+03
   0.12407  12    0.49553  80   1.013E+05 -2.460E-10  1.566E-04  2.930E+02  1.531E+03
   0.12407  12    0.50184  81   1.013E+05 -2.850E-10 -7.459E-07  2.930E+02  1.530E+03
   0.12407  12    0.50500  82   1.013E+05  0.000E+00 -7.459E-07  2.930E+02  1.530E+03
