# xp i yp j p u v ts tf
   0.00000   1    0.00000   1   1.012E+05 -1.164E-07 -3.698E-03  2.930E+02  9.207E+02
   0.00000   1    0.00316   2   1.012E+05 -1.164E-07 -3.698E-03  2.930E+02  9.207E+02
   0.00000   1    0.00947   3   1.012E+05 -9.380E-08 -3.807E-03  2.930E+02  1.717E+03
   0.00000   1    0.01578   4   1.012E+05 -7.325E-08 -5.034E-03  2.931E+02  1.915E+03
   0.00000   1    0.02209   5   1.012E+05 -6.687E-08 -5.980E-03  2.931E+02  1.952E+03
   0.00000   1    0.02841   6   1.012E+05 -6.900E-08 -6.463E-03  2.933E+02  1.961E+03
   0.00000   1    0.03472   7   1.012E+05 -1.000E-07 -6.811E-03  2.938E+02  1.965E+03
   0.00000   1    0.04103   8   1.012E+05 -1.300E-07 -7.111E-03  2.946E+02  1.966E+03
   0.00000   1    0.04734   9   1.012E+05 -1.770E-07 -7.400E-03  2.964E+02  1.967E+03
   0.00000   1    0.05366  10   1.012E+05 -2.331E-07 -7.674E-03  2.997E+02  1.967E+03
   0.00000   1    0.05997  11   1.012E+05 -4.533E-07 -7.974E-03  3.057E+02  1.966E+03
   0.00000   1    0.06628  12   1.012E+05 -7.130E-07 -8.319E-03  3.157E+02  1.965E+03
   0.00000   1    0.07259  13   1.012E+05 -5.324E-07 -8.705E-03  3.315E+02  1.963E+03
   0.00000   1    0.07891  14   1.012E+05 -3.677E-07 -9.162E-03  3.553E+02  1.961E+03
   0.00000   1    0.08522  15   1.012E+05 -5.044E-07 -9.839E-03  3.887E+02  1.959E+03
   0.00000   1    0.09153  16   1.012E+05 -6.920E-07 -8.941E-03  4.332E+02  1.955E+03
   0.00000   1    0.09784  17   1.012E+05 -2.389E-07 -9.201E-03  3.887E+02  1.651E+03
   0.00000   1    0.10416  18   1.012E+05 -2.117E-07 -8.896E-03  3.553E+02  1.599E+03
   0.00000   1    0.11047  19   1.012E+05 -1.338E-07 -8.617E-03  3.315E+02  1.586E+03
   0.00000   1    0.11678  20   1.012E+05 -9.159E-08 -8.382E-03  3.157E+02  1.582E+03
   0.00000   1    0.12309  21   1.013E+05 -5.942E-08 -8.165E-03  3.057E+02  1.581E+03
   0.00000   1    0.12941  22   1.013E+05 -3.849E-08 -7.953E-03  2.997E+02  1.582E+03
   0.00000   1    0.13572  23   1.013E+05 -2.523E-08 -7.740E-03  2.964E+02  1.584E+03
   0.00000   1    0.14203  24   1.013E+05 -1.833E-08 -7.523E-03  2.946E+02  1.589E+03
   0.00000   1    0.14834  25   1.013E+05 -1.492E-08 -7.319E-03  2.938E+02  1.594E+03
   0.00000   1    0.15466  26   1.013E+05 -1.936E-08 -7.107E-03  2.933E+02  1.601E+03
   0.00000   1    0.16097  27   1.013E+05 -1.083E-08 -6.884E-03  2.931E+02  1.610E+03
   0.00000   1    0.16728  28   1.013E+05 -8.246E-09 -6.676E-03  2.931E+02  1.620E+03
   0.00000   1    0.17359  29   1.013E+05 -2.589E-09 -6.462E-03  2.930E+02  1.630E+03
   0.00000   1    0.17991  30   1.013E+05 -5.209E-09 -6.226E-03  2.930E+02  1.642E+03
   0.00000   1    0.18622  31   1.013E+05 -5.120E-09 -5.988E-03  2.930E+02  1.655E+03
   0.00000   1    0.19253  32   1.013E+05 -2.792E-09 -5.745E-03  2.930E+02  1.668E+03
   0.00000   1    0.19884  33   1.013E+05 -8.433E-09 -5.487E-03  2.930E+02  1.682E+03
   0.00000   1    0.20516  34   1.013E+05 -1.089E-08 -5.220E-03  2.930E+02  1.697E+03
   0.00000   1    0.21147  35   1.013E+05 -1.332E-08 -4.946E-03  2.930E+02  1.713E+03
   0.00000   1    0.21778  36   1.013E+05 -1.481E-08 -4.666E-03  2.930E+02  1.730E+03
   0.00000   1    0.22409  37   1.013E+05 -1.503E-08 -4.377E-03  2.930E+02  1.747E+03
   0.00000   1    0.23041  38   1.013E+05 -1.467E-08 -4.070E-03  2.930E+02  1.765E+03
   0.00000   1    0.23672  39   1.013E+05 -1.482E-08 -3.747E-03  2.930E+02  1.784E+03
   0.00000   1    0.24303  40   1.013E+05 -1.541E-08 -3.420E-03  2.930E+02  1.804E+03
   0.00000   1    0.24934  41   1.013E+05 -1.599E-08 -3.093E-03  2.930E+02  1.824E+03
   0.00000   1    0.25566  42   1.013E+05 -1.628E-08 -2.757E-03  2.930E+02  1.846E+03
   0.00000   1    0.26197  43   1.013E+05 -1.616E-08 -2.419E-03  2.930E+02  1.868E+03
   0.00000   1    0.26828  44   1.013E+05 -1.560E-08 -2.081E-03  2.930E+02  1.891E+03
   0.00000   1    0.27459  45   1.013E+05 -1.464E-08 -1.754E-03  2.930E+02  1.914E+03
   0.00000   1    0.28091  46   1.013E+05 -1.335E-08 -1.452E-03  2.930E+02  1.938E+03
   0.00000   1    0.28722  47   1.013E+05 -1.180E-08 -1.156E-03  2.930E+02  1.962E+03
   0.00000   1    0.29353  48   1.013E+05 -1.001E-08 -8.656E-04  2.930E+02  1.986E+03
   0.00000   1    0.29984  49   1.013E+05 -8.039E-09 -5.987E-04  2.930E+02  2.009E+03
   0.00000   1    0.30616  50   1.013E+05 -5.964E-09 -3.670E-04  2.930E+02  2.032E+03
   0.00000   1    0.31247  51   1.013E+05 -3.885E-09 -1.618E-04  2.930E+02  2.053E+03
   0.00000   1    0.31878  52   1.013E+05 -1.918E-09  2.743E-05  2.930E+02  2.072E+03
   0.00000   1    0.32509  53   1.013E+05 -2.204E-10  1.832E-04  2.930E+02  2.090E+03
   0.00000   1    0.33141  54   1.013E+05  1.071E-09  3.105E-04  2.930E+02  2.104E+03
   0.00000   1    0.33772  55   1.013E+05  1.878E-09  4.269E-04  2.930E+02  2.115E+03
   0.00000   1    0.34403  56   1.013E+05  1.836E-09  5.074E-04  2.930E+02  2.123E+03
   0.00000   1    0.35034  57   1.013E+05 -4.782E-10  5.581E-04  2.930E+02  2.127E+03
   0.00000   1    0.35666  58   1.013E+05 -6.317E-09  5.995E-04  2.930E+02  2.128E+03
   0.00000   1    0.36297  59   1.013E+05 -2.536E-08  6.243E-04  2.930E+02  2.124E+03
   0.00000   1    0.36928  60   1.013E+05 -4.803E-08  6.356E-04  2.930E+02  2.117E+03
   0.00000   1    0.37559  61   1.013E+05 -2.027E-07  6.344E-04  2.930E+02  2.107E+03
   0.00000   1    0.38191  62   1.013E+05 -3.638E-07  6.228E-04  2.930E+02  2.093E+03
   0.00000   1    0.38822  63   1.013E+05  8.829E-08  5.998E-04  2.930E+02  2.076E+03
   0.00000   1    0.39453  64   1.013E+05  5.489E-07  5.789E-04  2.930E+02  2.058E+03
   0.00000   1    0.40084  65   1.013E+05  3.307E-07  5.648E-04  2.930E+02  2.037E+03
   0.00000   1    0.40716  66   1.013E+05  1.391E-07  5.324E-04  2.930E+02  2.016E+03
   0.00000   1    0.41347  67   1.013E+05  8.607E-08  4.898E-04  2.930E+02  1.993E+03
   0.00000   1    0.41978  68   1.013E+05  4.854E-08  4.607E-04  2.930E+02  1.971E+03
   0.00000   1    0.42609  69   1.013E+05  3.097E-08  4.370E-04  2.930E+02  1.948E+03
   0.00000   1    0.43241  70   1.013E+05  2.050E-08  4.072E-04  2.930E+02  1.927E+03
   0.00000   1    0.43872  71   1.013E+05  1.428E-08  3.790E-04  2.930E+02  1.906E+03
   0.00000   1    0.44503  72   1.013E+05  1.026E-08  3.588E-04  2.930E+02  1.886E+03
   0.00000   1    0.45134  73   1.013E+05  7.556E-09  3.407E-04  2.930E+02  1.867E+03
   0.00000   1    0.45766  74   1.013E+05  5.652E-09  3.177E-04  2.930E+02  1.851E+03
   0.00000   1    0.46397  75   1.013E+05  4.266E-09  2.967E-04  2.930E+02  1.836E+03
   0.00000   1    0.47028  76   1.013E+05  3.237E-09  2.829E-04  2.930E+02  1.823E+03
   0.00000   1    0.47659  77   1.013E+05  2.472E-09  2.705E-04  2.930E+02  1.811E+03
   0.00000   1    0.48291  78   1.013E+05  1.899E-09  2.522E-04  2.930E+02  1.802E+03
   0.00000   1    0.48922  79   1.013E+05  1.464E-09  2.395E-04  2.930E+02  1.795E+03
   0.00000   1    0.49553  80   1.013E+05  1.229E-09  2.734E-04  2.930E+02  1.791E+03
   0.00000   1    0.50184  81   1.013E+05  1.095E-09 -4.940E-05  2.930E+02  1.788E+03
   0.00000   1    0.50500  82   1.013E+05  1.095E-09 -4.940E-05  2.930E+02  1.788E+03
   0.00620   2    0.00000   1   1.012E+05  0.000E+00  0.000E+00  2.930E+02  2.930E+02
   0.00620   2    0.00316   2   1.012E+05 -1.164E-07 -3.698E-03  2.930E+02  9.207E+02
   0.00620   2    0.00947   3   1.012E+05 -9.380E-08 -3.807E-03  2.930E+02  1.717E+03
   0.00620   2    0.01578   4   1.012E+05 -7.325E-08 -5.034E-03  2.931E+02  1.915E+03
   0.00620   2    0.02209   5   1.012E+05 -6.687E-08 -5.980E-03  2.931E+02  1.952E+03
   0.00620   2    0.02841   6   1.012E+05 -6.900E-08 -6.463E-03  2.933E+02  1.961E+03
   0.00620   2    0.03472   7   1.012E+05 -1.000E-07 -6.811E-03  2.938E+02  1.965E+03
   0.00620   2    0.04103   8   1.012E+05 -1.300E-07 -7.111E-03  2.946E+02  1.966E+03
   0.00620   2    0.04734   9   1.012E+05 -1.770E-07 -7.400E-03  2.964E+02  1.967E+03
   0.00620   2    0.05366  10   1.012E+05 -2.331E-07 -7.674E-03  2.997E+02  1.967E+03
   0.00620   2    0.05997  11   1.012E+05 -4.533E-07 -7.974E-03  3.057E+02  1.966E+03
   0.00620   2    0.06628  12   1.012E+05 -7.130E-07 -8.319E-03  3.157E+02  1.965E+03
   0.00620   2    0.07259  13   1.012E+05 -5.324E-07 -8.705E-03  3.315E+02  1.963E+03
   0.00620   2    0.07891  14   1.012E+05 -3.677E-07 -9.162E-03  3.553E+02  1.961E+03
   0.00620   2    0.08522  15   1.012E+05 -5.044E-07 -9.839E-03  3.887E+02  1.959E+03
   0.00620   2    0.09153  16   1.012E+05 -6.920E-07 -8.941E-03  4.332E+02  1.955E+03
   0.00620   2    0.09784  17   1.012E+05 -2.389E-07 -9.201E-03  3.887E+02  1.651E+03
   0.00620   2    0.10416  18   1.012E+05 -2.117E-07 -8.896E-03  3.553E+02  1.599E+03
   0.00620   2    0.11047  19   1.012E+05 -1.338E-07 -8.617E-03  3.315E+02  1.586E+03
   0.00620   2    0.11678  20   1.012E+05 -9.159E-08 -8.382E-03  3.157E+02  1.582E+03
   0.00620   2    0.12309  21   1.013E+05 -5.942E-08 -8.165E-03  3.057E+02  1.581E+03
   0.00620   2    0.12941  22   1.013E+05 -3.849E-08 -7.953E-03  2.997E+02  1.582E+03
   0.00620   2    0.13572  23   1.013E+05 -2.523E-08 -7.740E-03  2.964E+02  1.584E+03
   0.00620   2    0.14203  24   1.013E+05 -1.833E-08 -7.523E-03  2.946E+02  1.589E+03
   0.00620   2    0.14834  25   1.013E+05 -1.492E-08 -7.319E-03  2.938E+02  1.594E+03
   0.00620   2    0.15466  26   1.013E+05 -1.936E-08 -7.107E-03  2.933E+02  1.601E+03
   0.00620   2    0.16097  27   1.013E+05 -1.083E-08 -6.884E-03  2.931E+02  1.610E+03
   0.00620   2    0.16728  28   1.013E+05 -8.246E-09 -6.676E-03  2.931E+02  1.620E+03
   0.00620   2    0.17359  29   1.013E+05 -2.589E-09 -6.462E-03  2.930E+02  1.630E+03
   0.00620   2    0.17991  30   1.013E+05 -5.209E-09 -6.226E-03  2.930E+02  1.642E+03
   0.00620   2    0.18622  31   1.013E+05 -5.120E-09 -5.988E-03  2.930E+02  1.655E+03
   0.00620   2    0.19253  32   1.013E+05 -2.792E-09 -5.745E-03  2.930E+02  1.668E+03
   0.00620   2    0.19884  33   1.013E+05 -8.433E-09 -5.487E-03  2.930E+02  1.682E+03
   0.00620   2    0.20516  34   1.013E+05 -1.089E-08 -5.220E-03  2.930E+02  1.697E+03
   0.00620   2    0.21147  35   1.013E+05 -1.332E-08 -4.946E-03  2.930E+02  1.713E+03
   0.00620   2    0.21778  36   1.013E+05 -1.481E-08 -4.666E-03  2.930E+02  1.730E+03
   0.00620   2    0.22409  37   1.013E+05 -1.503E-08 -4.377E-03  2.930E+02  1.747E+03
   0.00620   2    0.23041  38   1.013E+05 -1.467E-08 -4.070E-03  2.930E+02  1.765E+03
   0.00620   2    0.23672  39   1.013E+05 -1.482E-08 -3.747E-03  2.930E+02  1.784E+03
   0.00620   2    0.24303  40   1.013E+05 -1.541E-08 -3.420E-03  2.930E+02  1.804E+03
   0.00620   2    0.24934  41   1.013E+05 -1.599E-08 -3.093E-03  2.930E+02  1.824E+03
   0.00620   2    0.25566  42   1.013E+05 -1.628E-08 -2.757E-03  2.930E+02  1.846E+03
   0.00620   2    0.26197  43   1.013E+05 -1.616E-08 -2.419E-03  2.930E+02  1.868E+03
   0.00620   2    0.26828  44   1.013E+05 -1.560E-08 -2.081E-03  2.930E+02  1.891E+03
   0.00620   2    0.27459  45   1.013E+05 -1.464E-08 -1.754E-03  2.930E+02  1.914E+03
   0.00620   2    0.28091  46   1.013E+05 -1.335E-08 -1.452E-03  2.930E+02  1.938E+03
   0.00620   2    0.28722  47   1.013E+05 -1.180E-08 -1.156E-03  2.930E+02  1.962E+03
   0.00620   2    0.29353  48   1.013E+05 -1.001E-08 -8.656E-04  2.930E+02  1.986E+03
   0.00620   2    0.29984  49   1.013E+05 -8.039E-09 -5.987E-04  2.930E+02  2.009E+03
   0.00620   2    0.30616  50   1.013E+05 -5.964E-09 -3.670E-04  2.930E+02  2.032E+03
   0.00620   2    0.31247  51   1.013E+05 -3.885E-09 -1.618E-04  2.930E+02  2.053E+03
   0.00620   2    0.31878  52   1.013E+05 -1.918E-09  2.743E-05  2.930E+02  2.072E+03
   0.00620   2    0.32509  53   1.013E+05 -2.204E-10  1.832E-04  2.930E+02  2.090E+03
   0.00620   2    0.33141  54   1.013E+05  1.071E-09  3.105E-04  2.930E+02  2.104E+03
   0.00620   2    0.33772  55   1.013E+05  1.878E-09  4.269E-04  2.930E+02  2.115E+03
   0.00620   2    0.34403  56   1.013E+05  1.836E-09  5.074E-04  2.930E+02  2.123E+03
   0.00620   2    0.35034  57   1.013E+05 -4.782E-10  5.581E-04  2.930E+02  2.127E+03
   0.00620   2    0.35666  58   1.013E+05 -6.317E-09  5.995E-04  2.930E+02  2.128E+03
   0.00620   2    0.36297  59   1.013E+05 -2.536E-08  6.243E-04  2.930E+02  2.124E+03
   0.00620   2    0.36928  60   1.013E+05 -4.803E-08  6.356E-04  2.930E+02  2.117E+03
   0.00620   2    0.37559  61   1.013E+05 -2.027E-07  6.344E-04  2.930E+02  2.107E+03
   0.00620   2    0.38191  62   1.013E+05 -3.638E-07  6.228E-04  2.930E+02  2.093E+03
   0.00620   2    0.38822  63   1.013E+05  8.829E-08  5.998E-04  2.930E+02  2.076E+03
   0.00620   2    0.39453  64   1.013E+05  5.489E-07  5.789E-04  2.930E+02  2.058E+03
   0.00620   2    0.40084  65   1.013E+05  3.307E-07  5.648E-04  2.930E+02  2.037E+03
   0.00620   2    0.40716  66   1.013E+05  1.391E-07  5.324E-04  2.930E+02  2.016E+03
   0.00620   2    0.41347  67   1.013E+05  8.607E-08  4.898E-04  2.930E+02  1.993E+03
   0.00620   2    0.41978  68   1.013E+05  4.854E-08  4.607E-04  2.930E+02  1.971E+03
   0.00620   2    0.42609  69   1.013E+05  3.097E-08  4.370E-04  2.930E+02  1.948E+03
   0.00620   2    0.43241  70   1.013E+05  2.050E-08  4.072E-04  2.930E+02  1.927E+03
   0.00620   2    0.43872  71   1.013E+05  1.428E-08  3.790E-04  2.930E+02  1.906E+03
   0.00620   2    0.44503  72   1.013E+05  1.026E-08  3.588E-04  2.930E+02  1.886E+03
   0.00620   2    0.45134  73   1.013E+05  7.556E-09  3.407E-04  2.930E+02  1.867E+03
   0.00620   2    0.45766  74   1.013E+05  5.652E-09  3.177E-04  2.930E+02  1.851E+03
   0.00620   2    0.46397  75   1.013E+05  4.266E-09  2.967E-04  2.930E+02  1.836E+03
   0.00620   2    0.47028  76   1.013E+05  3.237E-09  2.829E-04  2.930E+02  1.823E+03
   0.00620   2    0.47659  77   1.013E+05  2.472E-09  2.705E-04  2.930E+02  1.811E+03
   0.00620   2    0.48291  78   1.013E+05  1.899E-09  2.522E-04  2.930E+02  1.802E+03
   0.00620   2    0.48922  79   1.013E+05  1.464E-09  2.395E-04  2.930E+02  1.795E+03
   0.00620   2    0.49553  80   1.013E+05  1.229E-09  2.734E-04  2.930E+02  1.791E+03
   0.00620   2    0.50184  81   1.013E+05  1.095E-09 -4.940E-05  2.930E+02  1.788E+03
   0.00620   2    0.50500  82   1.013E+05  0.000E+00 -4.940E-05  2.930E+02  1.788E+03
   0.01861   3    0.00000   1   1.012E+05  0.000E+00  0.000E+00  2.930E+02  2.930E+02
   0.01861   3    0.00316   2   1.012E+05 -3.285E-07 -3.698E-03  2.930E+02  9.207E+02
   0.01861   3    0.00947   3   1.012E+05 -1.702E-07 -3.807E-03  2.930E+02  1.717E+03
   0.01861   3    0.01578   4   1.012E+05 -9.573E-08 -5.034E-03  2.931E+02  1.915E+03
   0.01861   3    0.02209   5   1.012E+05 -6.951E-08 -5.981E-03  2.931E+02  1.952E+03
   0.01861   3    0.02841   6   1.012E+05  1.286E-07 -6.463E-03  2.933E+02  1.961E+03
   0.01861   3    0.03472   7   1.012E+05 -1.432E-07 -6.811E-03  2.938E+02  1.965E+03
   0.01861   3    0.04103   8   1.012E+05 -2.320E-07 -7.111E-03  2.946E+02  1.967E+03
   0.01861   3    0.04734   9   1.012E+05 -3.506E-07 -7.400E-03  2.964E+02  1.967E+03
   0.01861   3    0.05366  10   1.012E+05 -4.666E-07 -7.675E-03  2.997E+02  1.967E+03
   0.01861   3    0.05997  11   1.012E+05 -7.733E-07 -7.975E-03  3.057E+02  1.967E+03
   0.01861   3    0.06628  12   1.012E+05 -1.098E-06 -8.319E-03  3.157E+02  1.965E+03
   0.01861   3    0.07259  13   1.012E+05 -9.086E-07 -8.704E-03  3.315E+02  1.964E+03
   0.01861   3    0.07891  14   1.012E+05 -5.691E-07 -9.162E-03  3.553E+02  1.961E+03
   0.01861   3    0.08522  15   1.012E+05 -9.892E-07 -9.840E-03  3.887E+02  1.959E+03
   0.01861   3    0.09153  16   1.012E+05 -1.357E-06 -8.941E-03  4.332E+02  1.955E+03
   0.01861   3    0.09784  17   1.012E+05 -1.036E-06 -9.200E-03  3.887E+02  1.651E+03
   0.01861   3    0.10416  18   1.012E+05 -6.929E-07 -8.896E-03  3.553E+02  1.599E+03
   0.01861   3    0.11047  19   1.012E+05 -3.458E-07 -8.617E-03  3.315E+02  1.586E+03
   0.01861   3    0.11678  20   1.012E+05 -2.049E-07 -8.382E-03  3.157E+02  1.582E+03
   0.01861   3    0.12309  21   1.013E+05 -1.111E-07 -8.166E-03  3.057E+02  1.581E+03
   0.01861   3    0.12941  22   1.013E+05 -6.365E-08 -7.954E-03  2.997E+02  1.582E+03
   0.01861   3    0.13572  23   1.013E+05 -3.631E-08 -7.740E-03  2.964E+02  1.584E+03
   0.01861   3    0.14203  24   1.013E+05 -2.269E-08 -7.523E-03  2.946E+02  1.589E+03
   0.01861   3    0.14834  25   1.013E+05 -1.492E-08 -7.319E-03  2.938E+02  1.594E+03
   0.01861   3    0.15466  26   1.013E+05 -3.127E-08 -7.107E-03  2.933E+02  1.601E+03
   0.01861   3    0.16097  27   1.013E+05 -2.268E-08 -6.884E-03  2.931E+02  1.610E+03
   0.01861   3    0.16728  28   1.013E+05 -4.376E-08 -6.676E-03  2.931E+02  1.620E+03
   0.01861   3    0.17359  29   1.013E+05 -2.951E-08 -6.462E-03  2.930E+02  1.630E+03
   0.01861   3    0.17991  30   1.013E+05 -2.068E-07 -6.226E-03  2.930E+02  1.642E+03
   0.01861   3    0.18622  31   1.013E+05  3.425E-08 -5.988E-03  2.930E+02  1.655E+03
   0.01861   3    0.19253  32   1.013E+05  1.510E-08 -5.745E-03  2.930E+02  1.668E+03
   0.01861   3    0.19884  33   1.013E+05 -1.312E-09 -5.487E-03  2.930E+02  1.682E+03
   0.01861   3    0.20516  34   1.013E+05 -1.431E-08 -5.219E-03  2.930E+02  1.697E+03
   0.01861   3    0.21147  35   1.013E+05 -2.538E-08 -4.946E-03  2.930E+02  1.713E+03
   0.01861   3    0.21778  36   1.013E+05 -3.259E-08 -4.666E-03  2.930E+02  1.730E+03
   0.01861   3    0.22409  37   1.013E+05 -3.294E-08 -4.377E-03  2.930E+02  1.747E+03
   0.01861   3    0.23041  38   1.013E+05 -3.049E-08 -4.070E-03  2.930E+02  1.765E+03
   0.01861   3    0.23672  39   1.013E+05 -3.059E-08 -3.747E-03  2.930E+02  1.784E+03
   0.01861   3    0.24303  40   1.013E+05 -3.235E-08 -3.420E-03  2.930E+02  1.804E+03
   0.01861   3    0.24934  41   1.013E+05 -3.403E-08 -3.093E-03  2.930E+02  1.824E+03
   0.01861   3    0.25566  42   1.013E+05 -3.493E-08 -2.757E-03  2.930E+02  1.846E+03
   0.01861   3    0.26197  43   1.013E+05 -3.480E-08 -2.419E-03  2.930E+02  1.868E+03
   0.01861   3    0.26828  44   1.013E+05 -3.364E-08 -2.081E-03  2.930E+02  1.891E+03
   0.01861   3    0.27459  45   1.013E+05 -3.155E-08 -1.754E-03  2.930E+02  1.914E+03
   0.01861   3    0.28091  46   1.013E+05 -2.869E-08 -1.451E-03  2.930E+02  1.938E+03
   0.01861   3    0.28722  47   1.013E+05 -2.521E-08 -1.156E-03  2.930E+02  1.962E+03
   0.01861   3    0.29353  48   1.013E+05 -2.122E-08 -8.656E-04  2.930E+02  1.986E+03
   0.01861   3    0.29984  49   1.013E+05 -1.684E-08 -5.987E-04  2.930E+02  2.009E+03
   0.01861   3    0.30616  50   1.013E+05 -1.225E-08 -3.670E-04  2.930E+02  2.032E+03
   0.01861   3    0.31247  51   1.013E+05 -7.669E-09 -1.618E-04  2.930E+02  2.053E+03
   0.01861   3    0.31878  52   1.013E+05 -3.349E-09  2.745E-05  2.930E+02  2.072E+03
   0.01861   3    0.32509  53   1.013E+05  3.799E-10  1.832E-04  2.930E+02  2.090E+03
   0.01861   3    0.33141  54   1.013E+05  3.183E-09  3.105E-04  2.930E+02  2.104E+03
   0.01861   3    0.33772  55   1.013E+05  4.601E-09  4.269E-04  2.930E+02  2.115E+03
   0.01861   3    0.34403  56   1.013E+05  3.267E-09  5.074E-04  2.930E+02  2.123E+03
   0.01861   3    0.35034  57   1.013E+05 -4.135E-09  5.581E-04  2.930E+02  2.127E+03
   0.01861   3    0.35666  58   1.013E+05 -2.041E-08  5.995E-04  2.930E+02  2.128E+03
   0.01861   3    0.36297  59   1.013E+05 -5.520E-08  6.242E-04  2.930E+02  2.124E+03
   0.01861   3    0.36928  60   1.013E+05 -9.401E-08  6.353E-04  2.930E+02  2.117E+03
   0.01861   3    0.37559  61   1.013E+05 -2.724E-07  6.338E-04  2.930E+02  2.107E+03
   0.01861   3    0.38191  62   1.013E+05 -4.385E-07  6.234E-04  2.930E+02  2.093E+03
   0.01861   3    0.38822  63   1.013E+05  1.086E-07  6.016E-04  2.930E+02  2.076E+03
   0.01861   3    0.39453  64   1.013E+05  6.600E-07  5.794E-04  2.930E+02  2.058E+03
   0.01861   3    0.40084  65   1.013E+05  4.380E-07  5.640E-04  2.930E+02  2.037E+03
   0.01861   3    0.40716  66   1.013E+05  2.193E-07  5.319E-04  2.930E+02  2.016E+03
   0.01861   3    0.41347  67   1.013E+05  1.459E-07  4.896E-04  2.930E+02  1.993E+03
   0.01861   3    0.41978  68   1.013E+05  9.147E-08  4.605E-04  2.930E+02  1.971E+03
   0.01861   3    0.42609  69   1.013E+05  6.207E-08  4.370E-04  2.930E+02  1.948E+03
   0.01861   3    0.43241  70   1.013E+05  4.318E-08  4.072E-04  2.930E+02  1.927E+03
   0.01861   3    0.43872  71   1.013E+05  3.102E-08  3.790E-04  2.930E+02  1.906E+03
   0.01861   3    0.44503  72   1.013E+05  2.274E-08  3.588E-04  2.930E+02  1.886E+03
   0.01861   3    0.45134  73   1.013E+05  1.694E-08  3.407E-04  2.930E+02  1.867E+03
   0.01861   3    0.45766  74   1.013E+05  1.274E-08  3.177E-04  2.930E+02  1.851E+03
   0.01861   3    0.46397  75   1.013E+05  9.637E-09  2.967E-04  2.930E+02  1.836E+03
   0.01861   3    0.47028  76   1.013E+05  7.303E-09  2.829E-04  2.930E+02  1.823E+03
   0.01861   3    0.47659  77   1.013E+05  5.534E-09  2.705E-04  2.930E+02  1.811E+03
   0.01861   3    0.48291  78   1.013E+05  4.177E-09  2.522E-04  2.930E+02  1.802E+03
   0.01861   3    0.48922  79   1.013E+05  3.117E-09  2.395E-04  2.930E+02  1.795E+03
   0.01861   3    0.49553  80   1.013E+05  2.326E-09  2.734E-04  2.930E+02  1.791E+03
   0.01861   3    0.50184  81   1.013E+05  1.901E-09 -4.940E-05  2.930E+02  1.788E+03
   0.01861   3    0.50500  82   1.013E+05  0.000E+00 -4.940E-05  2.930E+02  1.788E+03
   0.03102   4    0.00000   1   1.012E+05  0.000E+00  0.000E+00  2.930E+02  2.930E+02
   0.03102   4    0.00316   2   1.012E+05 -3.573E-07 -3.698E-03  2.930E+02  9.208E+02
   0.03102   4    0.00947   3   1.012E+05 -1.968E-07 -3.807E-03  2.930E+02  1.717E+03
   0.03102   4    0.01578   4   1.012E+05 -1.283E-07 -5.034E-03  2.931E+02  1.915E+03
   0.03102   4    0.02209   5   1.012E+05 -1.073E-07 -5.981E-03  2.931E+02  1.952E+03
   0.03102   4    0.02841   6   1.012E+05  9.415E-08 -6.464E-03  2.933E+02  1.961E+03
   0.03102   4    0.03472   7   1.012E+05 -1.716E-07 -6.812E-03  2.938E+02  1.965E+03
   0.03102   4    0.04103   8   1.012E+05 -2.535E-07 -7.112E-03  2.946E+02  1.967E+03
   0.03102   4    0.04734   9   1.012E+05 -3.545E-07 -7.401E-03  2.964E+02  1.967E+03
   0.03102   4    0.05366  10   1.012E+05 -4.429E-07 -7.676E-03  2.997E+02  1.967E+03
   0.03102   4    0.05997  11   1.012E+05 -5.608E-07 -7.976E-03  3.057E+02  1.966E+03
   0.03102   4    0.06628  12   1.012E+05 -6.421E-07 -8.319E-03  3.157E+02  1.965E+03
   0.03102   4    0.07259  13   1.012E+05 -6.371E-07 -8.704E-03  3.315E+02  1.963E+03
   0.03102   4    0.07891  14   1.012E+05 -4.608E-07 -9.162E-03  3.553E+02  1.961E+03
   0.03102   4    0.08522  15   1.012E+05 -2.996E-07 -9.841E-03  3.887E+02  1.959E+03
   0.03102   4    0.09153  16   1.012E+05 -2.257E-06 -8.942E-03  4.332E+02  1.955E+03
   0.03102   4    0.09784  17   1.012E+05 -5.504E-06 -9.201E-03  3.887E+02  1.651E+03
   0.03102   4    0.10416  18   1.012E+05 -1.786E-06 -8.896E-03  3.553E+02  1.599E+03
   0.03102   4    0.11047  19   1.012E+05  3.755E-07 -8.618E-03  3.315E+02  1.586E+03
   0.03102   4    0.11678  20   1.012E+05 -3.841E-08 -8.383E-03  3.157E+02  1.582E+03
   0.03102   4    0.12309  21   1.013E+05 -6.471E-10 -8.167E-03  3.057E+02  1.581E+03
   0.03102   4    0.12941  22   1.013E+05 -2.301E-08 -7.955E-03  2.997E+02  1.582E+03
   0.03102   4    0.13572  23   1.013E+05 -2.637E-08 -7.741E-03  2.964E+02  1.584E+03
   0.03102   4    0.14203  24   1.013E+05 -5.201E-08 -7.524E-03  2.946E+02  1.589E+03
   0.03102   4    0.14834  25   1.013E+05 -5.919E-08 -7.320E-03  2.938E+02  1.594E+03
   0.03102   4    0.15466  26   1.013E+05 -2.844E-07 -7.108E-03  2.933E+02  1.601E+03
   0.03102   4    0.16097  27   1.013E+05 -7.271E-08 -6.885E-03  2.931E+02  1.610E+03
   0.03102   4    0.16728  28   1.013E+05 -7.158E-08 -6.676E-03  2.931E+02  1.620E+03
   0.03102   4    0.17359  29   1.013E+05  3.415E-10 -6.462E-03  2.930E+02  1.630E+03
   0.03102   4    0.17991  30   1.013E+05  1.621E-08 -6.226E-03  2.930E+02  1.642E+03
   0.03102   4    0.18622  31   1.013E+05  4.750E-07 -5.988E-03  2.930E+02  1.655E+03
   0.03102   4    0.19253  32   1.013E+05  2.404E-07 -5.745E-03  2.930E+02  1.668E+03
   0.03102   4    0.19884  33   1.013E+05  4.362E-08 -5.487E-03  2.930E+02  1.682E+03
   0.03102   4    0.20516  34   1.013E+05  4.346E-09 -5.219E-03  2.930E+02  1.697E+03
   0.03102   4    0.21147  35   1.013E+05 -2.368E-08 -4.946E-03  2.930E+02  1.713E+03
   0.03102   4    0.21778  36   1.013E+05 -3.383E-08 -4.666E-03  2.930E+02  1.730E+03
   0.03102   4    0.22409  37   1.013E+05 -3.495E-08 -4.377E-03  2.930E+02  1.747E+03
   0.03102   4    0.23041  38   1.013E+05 -3.239E-08 -4.070E-03  2.930E+02  1.765E+03
   0.03102   4    0.23672  39   1.013E+05 -3.235E-08 -3.747E-03  2.930E+02  1.784E+03
   0.03102   4    0.24303  40   1.013E+05 -3.405E-08 -3.420E-03  2.930E+02  1.804E+03
   0.03102   4    0.24934  41   1.013E+05 -3.571E-08 -3.093E-03  2.930E+02  1.824E+03
   0.03102   4    0.25566  42   1.013E+05 -3.661E-08 -2.757E-03  2.930E+02  1.846E+03
   0.03102   4    0.26197  43   1.013E+05 -3.643E-08 -2.419E-03  2.930E+02  1.868E+03
   0.03102   4    0.26828  44   1.013E+05 -3.514E-08 -2.081E-03  2.930E+02  1.891E+03
   0.03102   4    0.27459  45   1.013E+05 -3.287E-08 -1.754E-03  2.930E+02  1.914E+03
   0.03102   4    0.28091  46   1.013E+05 -2.975E-08 -1.451E-03  2.930E+02  1.938E+03
   0.03102   4    0.28722  47   1.013E+05 -2.596E-08 -1.156E-03  2.930E+02  1.962E+03
   0.03102   4    0.29353  48   1.013E+05 -2.166E-08 -8.655E-04  2.930E+02  1.986E+03
   0.03102   4    0.29984  49   1.013E+05 -1.697E-08 -5.987E-04  2.930E+02  2.009E+03
   0.03102   4    0.30616  50   1.013E+05 -1.205E-08 -3.670E-04  2.930E+02  2.032E+03
   0.03102   4    0.31247  51   1.013E+05 -7.091E-09 -1.618E-04  2.930E+02  2.053E+03
   0.03102   4    0.31878  52   1.013E+05 -2.342E-09  2.748E-05  2.930E+02  2.072E+03
   0.03102   4    0.32509  53   1.013E+05  1.942E-09  1.832E-04  2.930E+02  2.090E+03
   0.03102   4    0.33141  54   1.013E+05  5.437E-09  3.105E-04  2.930E+02  2.104E+03
   0.03102   4    0.33772  55   1.013E+05  7.539E-09  4.270E-04  2.930E+02  2.115E+03
   0.03102   4    0.34403  56   1.013E+05  6.823E-09  5.074E-04  2.930E+02  2.123E+03
   0.03102   4    0.35034  57   1.013E+05  8.581E-10  5.581E-04  2.930E+02  2.127E+03
   0.03102   4    0.35666  58   1.013E+05 -1.181E-08  5.995E-04  2.930E+02  2.128E+03
   0.03102   4    0.36297  59   1.013E+05 -3.063E-08  6.242E-04  2.930E+02  2.124E+03
   0.03102   4    0.36928  60   1.013E+05 -4.650E-08  6.352E-04  2.930E+02  2.117E+03
   0.03102   4    0.37559  61   1.013E+05 -7.343E-08  6.337E-04  2.930E+02  2.107E+03
   0.03102   4    0.38191  62   1.013E+05 -5.858E-08  6.235E-04  2.930E+02  2.093E+03
   0.03102   4    0.38822  63   1.013E+05  3.986E-08  6.020E-04  2.930E+02  2.076E+03
   0.03102   4    0.39453  64   1.013E+05  1.426E-07  5.795E-04  2.930E+02  2.058E+03
   0.03102   4    0.40084  65   1.013E+05  1.490E-07  5.639E-04  2.930E+02  2.037E+03
   0.03102   4    0.40716  66   1.013E+05  1.181E-07  5.318E-04  2.930E+02  2.016E+03
   0.03102   4    0.41347  67   1.013E+05  9.341E-08  4.895E-04  2.930E+02  1.993E+03
   0.03102   4    0.41978  68   1.013E+05  7.066E-08  4.605E-04  2.930E+02  1.971E+03
   0.03102   4    0.42609  69   1.013E+05  5.350E-08  4.369E-04  2.930E+02  1.948E+03
   0.03102   4    0.43241  70   1.013E+05  4.042E-08  4.071E-04  2.930E+02  1.927E+03
   0.03102   4    0.43872  71   1.013E+05  3.065E-08  3.789E-04  2.930E+02  1.906E+03
   0.03102   4    0.44503  72   1.013E+05  2.331E-08  3.588E-04  2.930E+02  1.886E+03
   0.03102   4    0.45134  73   1.013E+05  1.776E-08  3.407E-04  2.930E+02  1.867E+03
   0.03102   4    0.45766  74   1.013E+05  1.355E-08  3.177E-04  2.930E+02  1.851E+03
   0.03102   4    0.46397  75   1.013E+05  1.033E-08  2.967E-04  2.930E+02  1.836E+03
   0.03102   4    0.47028  76   1.013E+05  7.846E-09  2.828E-04  2.930E+02  1.823E+03
   0.03102   4    0.47659  77   1.013E+05  5.914E-09  2.705E-04  2.930E+02  1.811E+03
   0.03102   4    0.48291  78   1.013E+05  4.391E-09  2.522E-04  2.930E+02  1.802E+03
   0.03102   4    0.48922  79   1.013E+05  3.171E-09  2.395E-04  2.930E+02  1.795E+03
   0.03102   4    0.49553  80   1.013E+05  2.084E-09  2.734E-04  2.930E+02  1.791E+03
   0.03102   4    0.50184  81   1.013E+05  1.507E-09 -4.941E-05  2.930E+02  1.788E+03
   0.03102   4    0.50500  82   1.013E+05  0.000E+00 -4.941E-05  2.930E+02  1.788E+03
   0.04342   5    0.00000   1   1.012E+05  0.000E+00  0.000E+00  2.930E+02  2.930E+02
   0.04342   5    0.00316   2   1.012E+05 -2.180E-07 -3.698E-03  2.930E+02  9.208E+02
   0.04342   5    0.00947   3   1.012E+05 -1.845E-07 -3.807E-03  2.930E+02  1.717E+03
   0.04342   5    0.01578   4   1.012E+05 -1.631E-07 -5.034E-03  2.931E+02  1.915E+03
   0.04342   5    0.02209   5   1.012E+05 -1.589E-07 -5.981E-03  2.931E+02  1.952E+03
   0.04342   5    0.02841   6   1.012E+05 -1.538E-07 -6.464E-03  2.933E+02  1.961E+03
   0.04342   5    0.03472   7   1.012E+05 -1.919E-07 -6.813E-03  2.938E+02  1.965E+03
   0.04342   5    0.04103   8   1.012E+05 -2.259E-07 -7.112E-03  2.946E+02  1.966E+03
   0.04342   5    0.04734   9   1.012E+05 -2.680E-07 -7.401E-03  2.964E+02  1.967E+03
   0.04342   5    0.05366  10   1.012E+05 -3.089E-07 -7.676E-03  2.997E+02  1.967E+03
   0.04342   5    0.05997  11   1.012E+05 -3.527E-07 -7.976E-03  3.057E+02  1.966E+03
   0.04342   5    0.06628  12   1.012E+05 -3.792E-07 -8.319E-03  3.157E+02  1.965E+03
   0.04342   5    0.07259  13   1.012E+05 -3.951E-07 -8.704E-03  3.315E+02  1.963E+03
   0.04342   5    0.07891  14   1.012E+05 -4.432E-07 -9.161E-03  3.553E+02  1.961E+03
   0.04342   5    0.08522  15   1.012E+05 -1.913E-08 -9.844E-03  3.887E+02  1.958E+03
   0.04342   5    0.09153  16   1.012E+05 -2.382E-06 -8.954E-03  4.332E+02  1.954E+03
   0.04342   5    0.09784  17   1.012E+05 -5.482E-06 -9.203E-03  3.887E+02  1.651E+03
   0.04342   5    0.10416  18   1.012E+05 -1.679E-06 -8.889E-03  3.553E+02  1.599E+03
   0.04342   5    0.11047  19   1.012E+05  4.472E-07 -8.617E-03  3.315E+02  1.586E+03
   0.04342   5    0.11678  20   1.012E+05  3.715E-09 -8.386E-03  3.157E+02  1.582E+03
   0.04342   5    0.12309  21   1.013E+05  2.211E-08 -8.168E-03  3.057E+02  1.581E+03
   0.04342   5    0.12941  22   1.013E+05 -4.223E-09 -7.956E-03  2.997E+02  1.582E+03
   0.04342   5    0.13572  23   1.013E+05 -7.963E-09 -7.742E-03  2.964E+02  1.584E+03
   0.04342   5    0.14203  24   1.013E+05 -3.520E-08 -7.524E-03  2.946E+02  1.589E+03
   0.04342   5    0.14834  25   1.013E+05 -4.215E-08 -7.321E-03  2.938E+02  1.594E+03
   0.04342   5    0.15466  26   1.013E+05 -2.620E-07 -7.108E-03  2.933E+02  1.601E+03
   0.04342   5    0.16097  27   1.013E+05 -4.118E-08 -6.885E-03  2.931E+02  1.610E+03
   0.04342   5    0.16728  28   1.013E+05 -1.183E-08 -6.676E-03  2.931E+02  1.620E+03
   0.04342   5    0.17359  29   1.013E+05  6.898E-08 -6.462E-03  2.930E+02  1.630E+03
   0.04342   5    0.17991  30   1.013E+05  2.905E-07 -6.226E-03  2.930E+02  1.642E+03
   0.04342   5    0.18622  31   1.013E+05  5.447E-07 -5.987E-03  2.930E+02  1.655E+03
   0.04342   5    0.19253  32   1.013E+05  3.017E-07 -5.746E-03  2.930E+02  1.668E+03
   0.04342   5    0.19884  33   1.013E+05  7.719E-08 -5.487E-03  2.930E+02  1.682E+03
   0.04342   5    0.20516  34   1.013E+05  2.737E-08 -5.219E-03  2.930E+02  1.697E+03
   0.04342   5    0.21147  35   1.013E+05 -5.582E-09 -4.945E-03  2.930E+02  1.713E+03
   0.04342   5    0.21778  36   1.013E+05 -1.719E-08 -4.666E-03  2.930E+02  1.730E+03
   0.04342   5    0.22409  37   1.013E+05 -2.211E-08 -4.377E-03  2.930E+02  1.747E+03
   0.04342   5    0.23041  38   1.013E+05 -2.376E-08 -4.070E-03  2.930E+02  1.765E+03
   0.04342   5    0.23672  39   1.013E+05 -2.503E-08 -3.747E-03  2.930E+02  1.784E+03
   0.04342   5    0.24303  40   1.013E+05 -2.644E-08 -3.420E-03  2.930E+02  1.804E+03
   0.04342   5    0.24934  41   1.013E+05 -2.762E-08 -3.093E-03  2.930E+02  1.824E+03
   0.04342   5    0.25566  42   1.013E+05 -2.821E-08 -2.757E-03  2.930E+02  1.846E+03
   0.04342   5    0.26197  43   1.013E+05 -2.801E-08 -2.419E-03  2.930E+02  1.868E+03
   0.04342   5    0.26828  44   1.013E+05 -2.698E-08 -2.081E-03  2.930E+02  1.891E+03
   0.04342   5    0.27459  45   1.013E+05 -2.518E-08 -1.754E-03  2.930E+02  1.914E+03
   0.04342   5    0.28091  46   1.013E+05 -2.275E-08 -1.451E-03  2.930E+02  1.938E+03
   0.04342   5    0.28722  47   1.013E+05 -1.981E-08 -1.156E-03  2.930E+02  1.962E+03
   0.04342   5    0.29353  48   1.013E+05 -1.647E-08 -8.655E-04  2.930E+02  1.986E+03
   0.04342   5    0.29984  49   1.013E+05 -1.282E-08 -5.987E-04  2.930E+02  2.009E+03
   0.04342   5    0.30616  50   1.013E+05 -8.937E-09 -3.669E-04  2.930E+02  2.032E+03
   0.04342   5    0.31247  51   1.013E+05 -4.917E-09 -1.618E-04  2.930E+02  2.053E+03
   0.04342   5    0.31878  52   1.013E+05 -8.458E-10  2.751E-05  2.930E+02  2.072E+03
   0.04342   5    0.32509  53   1.013E+05  3.225E-09  1.833E-04  2.930E+02  2.090E+03
   0.04342   5    0.33141  54   1.013E+05  7.279E-09  3.106E-04  2.930E+02  2.104E+03
   0.04342   5    0.33772  55   1.013E+05  1.129E-08  4.270E-04  2.930E+02  2.115E+03
   0.04342   5    0.34403  56   1.013E+05  1.527E-08  5.075E-04  2.930E+02  2.123E+03
   0.04342   5    0.35034  57   1.013E+05  1.933E-08  5.581E-04  2.930E+02  2.127E+03
   0.04342   5    0.35666  58   1.013E+05  2.564E-08  5.995E-04  2.930E+02  2.128E+03
   0.04342   5    0.36297  59   1.013E+05  3.451E-08  6.242E-04  2.930E+02  2.124E+03
   0.04342   5    0.36928  60   1.013E+05  6.786E-08  6.352E-04  2.930E+02  2.117E+03
   0.04342   5    0.37559  61   1.013E+05  7.124E-08  6.337E-04  2.930E+02  2.107E+03
   0.04342   5    0.38191  62   1.013E+05  2.985E-07  6.236E-04  2.930E+02  2.093E+03
   0.04342   5    0.38822  63   1.013E+05  9.846E-08  6.020E-04  2.930E+02  2.076E+03
   0.04342   5    0.39453  64   1.013E+05  1.046E-07  5.795E-04  2.930E+02  2.058E+03
   0.04342   5    0.40084  65   1.013E+05  8.828E-08  5.639E-04  2.930E+02  2.037E+03
   0.04342   5    0.40716  66   1.013E+05  7.276E-08  5.318E-04  2.930E+02  2.016E+03
   0.04342   5    0.41347  67   1.013E+05  5.946E-08  4.895E-04  2.930E+02  1.993E+03
   0.04342   5    0.41978  68   1.013E+05  4.735E-08  4.604E-04  2.930E+02  1.971E+03
   0.04342   5    0.42609  69   1.013E+05  3.732E-08  4.369E-04  2.930E+02  1.948E+03
   0.04342   5    0.43241  70   1.013E+05  2.914E-08  4.071E-04  2.930E+02  1.927E+03
   0.04342   5    0.43872  71   1.013E+05  2.263E-08  3.789E-04  2.930E+02  1.906E+03
   0.04342   5    0.44503  72   1.013E+05  1.751E-08  3.588E-04  2.930E+02  1.886E+03
   0.04342   5    0.45134  73   1.013E+05  1.350E-08  3.406E-04  2.930E+02  1.867E+03
   0.04342   5    0.45766  74   1.013E+05  1.038E-08  3.177E-04  2.930E+02  1.851E+03
   0.04342   5    0.46397  75   1.013E+05  7.948E-09  2.967E-04  2.930E+02  1.836E+03
   0.04342   5    0.47028  76   1.013E+05  6.049E-09  2.828E-04  2.930E+02  1.823E+03
   0.04342   5    0.47659  77   1.013E+05  4.556E-09  2.705E-04  2.930E+02  1.811E+03
   0.04342   5    0.48291  78   1.013E+05  3.370E-09  2.522E-04  2.930E+02  1.802E+03
   0.04342   5    0.48922  79   1.013E+05  2.415E-09  2.395E-04  2.930E+02  1.795E+03
   0.04342   5    0.49553  80   1.013E+05  1.563E-09  2.734E-04  2.930E+02  1.791E+03
   0.04342   5    0.50184  81   1.013E+05  1.105E-09 -4.941E-05  2.930E+02  1.788E+03
   0.04342   5    0.50500  82   1.013E+05  0.000E+00 -4.941E-05  2.930E+02  1.788E+03
   0.05583   6    0.00000   1   1.012E+05  0.000E+00  0.000E+00  2.930E+02  2.930E+02
   0.05583   6    0.00316   2   1.012E+05 -7.361E-08 -3.698E-03  2.930E+02  9.208E+02
   0.05583   6    0.00947   3   1.012E+05 -6.467E-08 -3.807E-03  2.930E+02  1.717E+03
   0.05583   6    0.01578   4   1.012E+05 -5.775E-08 -5.034E-03  2.931E+02  1.915E+03
   0.05583   6    0.02209   5   1.012E+05 -5.471E-08 -5.981E-03  2.931E+02  1.952E+03
   0.05583   6    0.02841   6   1.012E+05 -5.079E-08 -6.464E-03  2.933E+02  1.961E+03
   0.05583   6    0.03472   7   1.012E+05 -6.385E-08 -6.813E-03  2.938E+02  1.965E+03
   0.05583   6    0.04103   8   1.012E+05 -7.483E-08 -7.112E-03  2.946E+02  1.966E+03
   0.05583   6    0.04734   9   1.012E+05 -8.747E-08 -7.401E-03  2.964E+02  1.967E+03
   0.05583   6    0.05366  10   1.012E+05 -9.994E-08 -7.676E-03  2.997E+02  1.967E+03
   0.05583   6    0.05997  11   1.012E+05 -1.124E-07 -7.976E-03  3.057E+02  1.966E+03
   0.05583   6    0.06628  12   1.012E+05 -1.233E-07 -8.320E-03  3.157E+02  1.965E+03
   0.05583   6    0.07259  13   1.012E+05 -1.348E-07 -8.704E-03  3.315E+02  1.963E+03
   0.05583   6    0.07891  14   1.012E+05 -1.844E-07 -9.162E-03  3.553E+02  1.961E+03
   0.05583   6    0.08522  15   1.012E+05 -2.049E-07 -9.846E-03  3.887E+02  1.958E+03
   0.05583   6    0.09153  16   1.012E+05 -7.908E-07 -8.956E-03  4.332E+02  1.954E+03
   0.05583   6    0.09784  17   1.012E+05 -7.761E-07 -9.203E-03  3.887E+02  1.651E+03
   0.05583   6    0.10416  18   1.012E+05 -3.750E-07 -8.888E-03  3.553E+02  1.599E+03
   0.05583   6    0.11047  19   1.012E+05 -1.408E-07 -8.617E-03  3.315E+02  1.586E+03
   0.05583   6    0.11678  20   1.012E+05 -7.157E-08 -8.387E-03  3.157E+02  1.582E+03
   0.05583   6    0.12309  21   1.013E+05 -2.929E-08 -8.168E-03  3.057E+02  1.581E+03
   0.05583   6    0.12941  22   1.013E+05 -6.690E-09 -7.956E-03  2.997E+02  1.582E+03
   0.05583   6    0.13572  23   1.013E+05  7.056E-09 -7.742E-03  2.964E+02  1.584E+03
   0.05583   6    0.14203  24   1.013E+05  1.222E-08 -7.525E-03  2.946E+02  1.589E+03
   0.05583   6    0.14834  25   1.013E+05  1.686E-08 -7.321E-03  2.938E+02  1.594E+03
   0.05583   6    0.15466  26   1.013E+05  1.038E-08 -7.109E-03  2.933E+02  1.601E+03
   0.05583   6    0.16097  27   1.013E+05  1.952E-08 -6.885E-03  2.931E+02  1.610E+03
   0.05583   6    0.16728  28   1.013E+05  2.408E-08 -6.676E-03  2.931E+02  1.620E+03
   0.05583   6    0.17359  29   1.013E+05  4.158E-08 -6.462E-03  2.930E+02  1.630E+03
   0.05583   6    0.17991  30   1.013E+05  7.256E-08 -6.226E-03  2.930E+02  1.642E+03
   0.05583   6    0.18622  31   1.013E+05  1.089E-07 -5.988E-03  2.930E+02  1.655E+03
   0.05583   6    0.19253  32   1.013E+05  7.903E-08 -5.746E-03  2.930E+02  1.668E+03
   0.05583   6    0.19884  33   1.013E+05  4.052E-08 -5.487E-03  2.930E+02  1.682E+03
   0.05583   6    0.20516  34   1.013E+05  1.943E-08 -5.219E-03  2.930E+02  1.697E+03
   0.05583   6    0.21147  35   1.013E+05  5.853E-09 -4.945E-03  2.930E+02  1.713E+03
   0.05583   6    0.21778  36   1.013E+05 -1.325E-09 -4.665E-03  2.930E+02  1.730E+03
   0.05583   6    0.22409  37   1.013E+05 -5.259E-09 -4.377E-03  2.930E+02  1.747E+03
   0.05583   6    0.23041  38   1.013E+05 -7.365E-09 -4.070E-03  2.930E+02  1.765E+03
   0.05583   6    0.23672  39   1.013E+05 -8.614E-09 -3.746E-03  2.930E+02  1.784E+03
   0.05583   6    0.24303  40   1.013E+05 -9.486E-09 -3.420E-03  2.930E+02  1.804E+03
   0.05583   6    0.24934  41   1.013E+05 -1.007E-08 -3.093E-03  2.930E+02  1.824E+03
   0.05583   6    0.25566  42   1.013E+05 -1.036E-08 -2.757E-03  2.930E+02  1.846E+03
   0.05583   6    0.26197  43   1.013E+05 -1.031E-08 -2.419E-03  2.930E+02  1.868E+03
   0.05583   6    0.26828  44   1.013E+05 -9.933E-09 -2.081E-03  2.930E+02  1.891E+03
   0.05583   6    0.27459  45   1.013E+05 -9.263E-09 -1.754E-03  2.930E+02  1.914E+03
   0.05583   6    0.28091  46   1.013E+05 -8.351E-09 -1.451E-03  2.930E+02  1.938E+03
   0.05583   6    0.28722  47   1.013E+05 -7.253E-09 -1.156E-03  2.930E+02  1.962E+03
   0.05583   6    0.29353  48   1.013E+05 -6.006E-09 -8.655E-04  2.930E+02  1.986E+03
   0.05583   6    0.29984  49   1.013E+05 -4.633E-09 -5.986E-04  2.930E+02  2.009E+03
   0.05583   6    0.30616  50   1.013E+05 -3.151E-09 -3.669E-04  2.930E+02  2.032E+03
   0.05583   6    0.31247  51   1.013E+05 -1.574E-09 -1.617E-04  2.930E+02  2.053E+03
   0.05583   6    0.31878  52   1.013E+05  1.014E-10  2.753E-05  2.930E+02  2.072E+03
   0.05583   6    0.32509  53   1.013E+05  1.920E-09  1.833E-04  2.930E+02  2.090E+03
   0.05583   6    0.33141  54   1.013E+05  3.989E-09  3.106E-04  2.930E+02  2.104E+03
   0.05583   6    0.33772  55   1.013E+05  6.512E-09  4.270E-04  2.930E+02  2.115E+03
   0.05583   6    0.34403  56   1.013E+05  9.905E-09  5.075E-04  2.930E+02  2.123E+03
   0.05583   6    0.35034  57   1.013E+05  1.484E-08  5.582E-04  2.930E+02  2.127E+03
   0.05583   6    0.35666  58   1.013E+05  2.338E-08  5.996E-04  2.930E+02  2.128E+03
   0.05583   6    0.36297  59   1.013E+05  3.530E-08  6.243E-04  2.930E+02  2.124E+03
   0.05583   6    0.36928  60   1.013E+05  6.839E-08  6.352E-04  2.930E+02  2.117E+03
   0.05583   6    0.37559  61   1.013E+05  7.497E-08  6.341E-04  2.930E+02  2.107E+03
   0.05583   6    0.38191  62   1.013E+05  2.820E-07  6.236E-04  2.930E+02  2.093E+03
   0.05583   6    0.38822  63   1.013E+05  7.893E-08  6.016E-04  2.930E+02  2.076E+03
   0.05583   6    0.39453  64   1.013E+05  7.342E-08  5.795E-04  2.930E+02  2.058E+03
   0.05583   6    0.40084  65   1.013E+05  4.669E-08  5.638E-04  2.930E+02  2.037E+03
   0.05583   6    0.40716  66   1.013E+05  3.494E-08  5.317E-04  2.930E+02  2.016E+03
   0.05583   6    0.41347  67   1.013E+05  2.593E-08  4.894E-04  2.930E+02  1.993E+03
   0.05583   6    0.41978  68   1.013E+05  1.961E-08  4.604E-04  2.930E+02  1.971E+03
   0.05583   6    0.42609  69   1.013E+05  1.491E-08  4.369E-04  2.930E+02  1.948E+03
   0.05583   6    0.43241  70   1.013E+05  1.139E-08  4.071E-04  2.930E+02  1.927E+03
   0.05583   6    0.43872  71   1.013E+05  8.714E-09  3.789E-04  2.930E+02  1.906E+03
   0.05583   6    0.44503  72   1.013E+05  6.676E-09  3.587E-04  2.930E+02  1.886E+03
   0.05583   6    0.45134  73   1.013E+05  5.114E-09  3.406E-04  2.930E+02  1.867E+03
   0.05583   6    0.45766  74   1.013E+05  3.913E-09  3.177E-04  2.930E+02  1.851E+03
   0.05583   6    0.46397  75   1.013E+05  2.985E-09  2.967E-04  2.930E+02  1.836E+03
   0.05583   6    0.47028  76   1.013E+05  2.264E-09  2.828E-04  2.930E+02  1.823E+03
   0.05583   6    0.47659  77   1.013E+05  1.699E-09  2.705E-04  2.930E+02  1.811E+03
   0.05583   6    0.48291  78   1.013E+05  1.252E-09  2.522E-04  2.930E+02  1.802E+03
   0.05583   6    0.48922  79   1.013E+05  8.939E-10  2.395E-04  2.930E+02  1.795E+03
   0.05583   6    0.49553  80   1.013E+05  5.740E-10  2.734E-04  2.930E+02  1.791E+03
   0.05583   6    0.50184  81   1.013E+05  4.012E-10 -4.941E-05  2.930E+02  1.788E+03
   0.05583   6    0.50500  82   1.013E+05  0.000E+00 -4.941E-05  2.930E+02  1.788E+03
   0.06824   7    0.00000   1   1.012E+05  0.000E+00  0.000E+00  2.930E+02  2.930E+02
   0.06824   7    0.00316   2   1.012E+05  7.329E-08 -3.698E-03  2.930E+02  9.208E+02
   0.06824   7    0.00947   3   1.012E+05  6.445E-08 -3.807E-03  2.930E+02  1.717E+03
   0.06824   7    0.01578   4   1.012E+05  5.757E-08 -5.034E-03  2.931E+02  1.915E+03
   0.06824   7    0.02209   5   1.012E+05  5.457E-08 -5.981E-03  2.931E+02  1.952E+03
   0.06824   7    0.02841   6   1.012E+05  5.070E-08 -6.464E-03  2.933E+02  1.961E+03
   0.06824   7    0.03472   7   1.012E+05  6.384E-08 -6.813E-03  2.938E+02  1.965E+03
   0.06824   7    0.04103   8   1.012E+05  7.490E-08 -7.112E-03  2.946E+02  1.966E+03
   0.06824   7    0.04734   9   1.012E+05  8.757E-08 -7.401E-03  2.964E+02  1.967E+03
   0.06824   7    0.05366  10   1.012E+05  1.001E-07 -7.676E-03  2.997E+02  1.967E+03
   0.06824   7    0.05997  11   1.012E+05  1.125E-07 -7.976E-03  3.057E+02  1.966E+03
   0.06824   7    0.06628  12   1.012E+05  1.234E-07 -8.320E-03  3.157E+02  1.965E+03
   0.06824   7    0.07259  13   1.012E+05  1.349E-07 -8.704E-03  3.315E+02  1.963E+03
   0.06824   7    0.07891  14   1.012E+05  1.846E-07 -9.162E-03  3.553E+02  1.961E+03
   0.06824   7    0.08522  15   1.012E+05  2.051E-07 -9.846E-03  3.887E+02  1.958E+03
   0.06824   7    0.09153  16   1.012E+05  7.910E-07 -8.956E-03  4.332E+02  1.954E+03
   0.06824   7    0.09784  17   1.012E+05  7.763E-07 -9.203E-03  3.887E+02  1.651E+03
   0.06824   7    0.10416  18   1.012E+05  3.752E-07 -8.888E-03  3.553E+02  1.599E+03
   0.06824   7    0.11047  19   1.012E+05  1.410E-07 -8.617E-03  3.315E+02  1.586E+03
   0.06824   7    0.11678  20   1.012E+05  7.177E-08 -8.387E-03  3.157E+02  1.582E+03
   0.06824   7    0.12309  21   1.013E+05  2.946E-08 -8.168E-03  3.057E+02  1.581E+03
   0.06824   7    0.12941  22   1.013E+05  6.816E-09 -7.956E-03  2.997E+02  1.582E+03
   0.06824   7    0.13572  23   1.013E+05 -6.973E-09 -7.742E-03  2.964E+02  1.584E+03
   0.06824   7    0.14203  24   1.013E+05 -1.218E-08 -7.525E-03  2.946E+02  1.589E+03
   0.06824   7    0.14834  25   1.013E+05 -1.685E-08 -7.321E-03  2.938E+02  1.594E+03
   0.06824   7    0.15466  26   1.013E+05 -1.041E-08 -7.109E-03  2.933E+02  1.601E+03
   0.06824   7    0.16097  27   1.013E+05 -1.959E-08 -6.885E-03  2.931E+02  1.610E+03
   0.06824   7    0.16728  28   1.013E+05 -2.418E-08 -6.676E-03  2.931E+02  1.620E+03
   0.06824   7    0.17359  29   1.013E+05 -4.170E-08 -6.462E-03  2.930E+02  1.630E+03
   0.06824   7    0.17991  30   1.013E+05 -7.271E-08 -6.226E-03  2.930E+02  1.642E+03
   0.06824   7    0.18622  31   1.013E+05 -1.091E-07 -5.988E-03  2.930E+02  1.655E+03
   0.06824   7    0.19253  32   1.013E+05 -7.921E-08 -5.746E-03  2.930E+02  1.668E+03
   0.06824   7    0.19884  33   1.013E+05 -4.070E-08 -5.487E-03  2.930E+02  1.682E+03
   0.06824   7    0.20516  34   1.013E+05 -1.961E-08 -5.219E-03  2.930E+02  1.697E+03
   0.06824   7    0.21147  35   1.013E+05 -6.029E-09 -4.945E-03  2.930E+02  1.713E+03
   0.06824   7    0.21778  36   1.013E+05  1.162E-09 -4.665E-03  2.930E+02  1.730E+03
   0.06824   7    0.22409  37   1.013E+05  5.113E-09 -4.377E-03  2.930E+02  1.747E+03
   0.06824   7    0.23041  38   1.013E+05  7.240E-09 -4.070E-03  2.930E+02  1.765E+03
   0.06824   7    0.23672  39   1.013E+05  8.512E-09 -3.746E-03  2.930E+02  1.784E+03
   0.06824   7    0.24303  40   1.013E+05  9.411E-09 -3.420E-03  2.930E+02  1.804E+03
   0.06824   7    0.24934  41   1.013E+05  1.003E-08 -3.093E-03  2.930E+02  1.824E+03
   0.06824   7    0.25566  42   1.013E+05  1.034E-08 -2.757E-03  2.930E+02  1.846E+03
   0.06824   7    0.26197  43   1.013E+05  1.033E-08 -2.419E-03  2.930E+02  1.868E+03
   0.06824   7    0.26828  44   1.013E+05  9.984E-09 -2.081E-03  2.930E+02  1.891E+03
   0.06824   7    0.27459  45   1.013E+05  9.345E-09 -1.754E-03  2.930E+02  1.914E+03
   0.06824   7    0.28091  46   1.013E+05  8.463E-09 -1.451E-03  2.930E+02  1.938E+03
   0.06824   7    0.28722  47   1.013E+05  7.390E-09 -1.156E-03  2.930E+02  1.962E+03
   0.06824   7    0.29353  48   1.013E+05  6.161E-09 -8.655E-04  2.930E+02  1.986E+03
   0.06824   7    0.29984  49   1.013E+05  4.798E-09 -5.986E-04  2.930E+02  2.009E+03
   0.06824   7    0.30616  50   1.013E+05  3.320E-09 -3.669E-04  2.930E+02  2.032E+03
   0.06824   7    0.31247  51   1.013E+05  1.741E-09 -1.617E-04  2.930E+02  2.053E+03
   0.06824   7    0.31878  52   1.013E+05  5.794E-11  2.753E-05  2.930E+02  2.072E+03
   0.06824   7    0.32509  53   1.013E+05 -1.771E-09  1.833E-04  2.930E+02  2.090E+03
   0.06824   7    0.33141  54   1.013E+05 -3.853E-09  3.106E-04  2.930E+02  2.104E+03
   0.06824   7    0.33772  55   1.013E+05 -6.393E-09  4.270E-04  2.930E+02  2.115E+03
   0.06824   7    0.34403  56   1.013E+05 -9.802E-09  5.075E-04  2.930E+02  2.123E+03
   0.06824   7    0.35034  57   1.013E+05 -1.476E-08  5.582E-04  2.930E+02  2.127E+03
   0.06824   7    0.35666  58   1.013E+05 -2.331E-08  5.996E-04  2.930E+02  2.128E+03
   0.06824   7    0.36297  59   1.013E+05 -3.525E-08  6.243E-04  2.930E+02  2.124E+03
   0.06824   7    0.36928  60   1.013E+05 -6.836E-08  6.352E-04  2.930E+02  2.117E+03
   0.06824   7    0.37559  61   1.013E+05 -7.496E-08  6.341E-04  2.930E+02  2.107E+03
   0.06824   7    0.38191  62   1.013E+05 -2.821E-07  6.236E-04  2.930E+02  2.093E+03
   0.06824   7    0.38822  63   1.013E+05 -7.895E-08  6.016E-04  2.930E+02  2.076E+03
   0.06824   7    0.39453  64   1.013E+05 -7.345E-08  5.795E-04  2.930E+02  2.058E+03
   0.06824   7    0.40084  65   1.013E+05 -4.672E-08  5.638E-04  2.930E+02  2.037E+03
   0.06824   7    0.40716  66   1.013E+05 -3.499E-08  5.317E-04  2.930E+02  2.016E+03
   0.06824   7    0.41347  67   1.013E+05 -2.597E-08  4.894E-04  2.930E+02  1.993E+03
   0.06824   7    0.41978  68   1.013E+05 -1.966E-08  4.604E-04  2.930E+02  1.971E+03
   0.06824   7    0.42609  69   1.013E+05 -1.496E-08  4.369E-04  2.930E+02  1.948E+03
   0.06824   7    0.43241  70   1.013E+05 -1.144E-08  4.071E-04  2.930E+02  1.927E+03
   0.06824   7    0.43872  71   1.013E+05 -8.762E-09  3.789E-04  2.930E+02  1.906E+03
   0.06824   7    0.44503  72   1.013E+05 -6.721E-09  3.587E-04  2.930E+02  1.886E+03
   0.06824   7    0.45134  73   1.013E+05 -5.155E-09  3.406E-04  2.930E+02  1.867E+03
   0.06824   7    0.45766  74   1.013E+05 -3.950E-09  3.177E-04  2.930E+02  1.851E+03
   0.06824   7    0.46397  75   1.013E+05 -3.018E-09  2.967E-04  2.930E+02  1.836E+03
   0.06824   7    0.47028  76   1.013E+05 -2.294E-09  2.828E-04  2.930E+02  1.823E+03
   0.06824   7    0.47659  77   1.013E+05 -1.726E-09  2.705E-04  2.930E+02  1.811E+03
   0.06824   7    0.48291  78   1.013E+05 -1.274E-09  2.522E-04  2.930E+02  1.802E+03
   0.06824   7    0.48922  79   1.013E+05 -9.077E-10  2.395E-04  2.930E+02  1.795E+03
   0.06824   7    0.49553  80   1.013E+05 -5.841E-10  2.734E-04  2.930E+02  1.791E+03
   0.06824   7    0.50184  81   1.013E+05 -4.093E-10 -4.941E-05  2.930E+02  1.788E+03
   0.06824   7    0.50500  82   1.013E+05  0.000E+00 -4.941E-05  2.930E+02  1.788E+03
   0.08065   8    0.00000   1   1.012E+05  0.000E+00  0.000E+00  2.930E+02  2.930E+02
   0.08065   8    0.00316   2   1.012E+05  2.184E-07 -3.698E-03  2.930E+02  9.208E+02
   0.08065   8    0.00947   3   1.012E+05  1.848E-07 -3.807E-03  2.930E+02  1.717E+03
   0.08065   8    0.01578   4   1.012E+05  1.634E-07 -5.034E-03  2.931E+02  1.915E+03
   0.08065   8    0.02209   5   1.012E+05  1.592E-07 -5.981E-03  2.931E+02  1.952E+03
   0.08065   8    0.02841   6   1.012E+05  1.542E-07 -6.464E-03  2.933E+02  1.961E+03
   0.08065   8    0.03472   7   1.012E+05  1.923E-07 -6.813E-03  2.938E+02  1.965E+03
   0.08065   8    0.04103   8   1.012E+05  2.264E-07 -7.112E-03  2.946E+02  1.966E+03
   0.08065   8    0.04734   9   1.012E+05  2.685E-07 -7.401E-03  2.964E+02  1.967E+03
   0.08065   8    0.05366  10   1.012E+05  3.094E-07 -7.676E-03  2.997E+02  1.967E+03
   0.08065   8    0.05997  11   1.012E+05  3.531E-07 -7.976E-03  3.057E+02  1.966E+03
   0.08065   8    0.06628  12   1.012E+05  3.796E-07 -8.319E-03  3.157E+02  1.965E+03
   0.08065   8    0.07259  13   1.012E+05  3.956E-07 -8.704E-03  3.315E+02  1.963E+03
   0.08065   8    0.07891  14   1.012E+05  4.436E-07 -9.161E-03  3.553E+02  1.961E+03
   0.08065   8    0.08522  15   1.012E+05  1.951E-08 -9.844E-03  3.887E+02  1.958E+03
   0.08065   8    0.09153  16   1.012E+05  2.382E-06 -8.954E-03  4.332E+02  1.954E+03
   0.08065   8    0.09784  17   1.012E+05  5.482E-06 -9.203E-03  3.887E+02  1.651E+03
   0.08065   8    0.10416  18   1.012E+05  1.679E-06 -8.889E-03  3.553E+02  1.599E+03
   0.08065   8    0.11047  19   1.012E+05 -4.468E-07 -8.617E-03  3.315E+02  1.586E+03
   0.08065   8    0.11678  20   1.012E+05 -3.365E-09 -8.386E-03  3.157E+02  1.582E+03
   0.08065   8    0.12309  21   1.013E+05 -2.180E-08 -8.168E-03  3.057E+02  1.581E+03
   0.08065   8    0.12941  22   1.013E+05  4.482E-09 -7.956E-03  2.997E+02  1.582E+03
   0.08065   8    0.13572  23   1.013E+05  8.168E-09 -7.742E-03  2.964E+02  1.584E+03
   0.08065   8    0.14203  24   1.013E+05  3.535E-08 -7.524E-03  2.946E+02  1.589E+03
   0.08065   8    0.14834  25   1.013E+05  4.225E-08 -7.321E-03  2.938E+02  1.594E+03
   0.08065   8    0.15466  26   1.013E+05  2.620E-07 -7.108E-03  2.933E+02  1.601E+03
   0.08065   8    0.16097  27   1.013E+05  4.118E-08 -6.885E-03  2.931E+02  1.610E+03
   0.08065   8    0.16728  28   1.013E+05  1.178E-08 -6.676E-03  2.931E+02  1.620E+03
   0.08065   8    0.17359  29   1.013E+05 -6.907E-08 -6.462E-03  2.930E+02  1.630E+03
   0.08065   8    0.17991  30   1.013E+05 -2.906E-07 -6.226E-03  2.930E+02  1.642E+03
   0.08065   8    0.18622  31   1.013E+05 -5.449E-07 -5.987E-03  2.930E+02  1.655E+03
   0.08065   8    0.19253  32   1.013E+05 -3.019E-07 -5.746E-03  2.930E+02  1.668E+03
   0.08065   8    0.19884  33   1.013E+05 -7.741E-08 -5.487E-03  2.930E+02  1.682E+03
   0.08065   8    0.20516  34   1.013E+05 -2.761E-08 -5.219E-03  2.930E+02  1.697E+03
   0.08065   8    0.21147  35   1.013E+05  5.335E-09 -4.945E-03  2.930E+02  1.713E+03
   0.08065   8    0.21778  36   1.013E+05  1.694E-08 -4.666E-03  2.930E+02  1.730E+03
   0.08065   8    0.22409  37   1.013E+05  2.187E-08 -4.377E-03  2.930E+02  1.747E+03
   0.08065   8    0.23041  38   1.013E+05  2.354E-08 -4.070E-03  2.930E+02  1.765E+03
   0.08065   8    0.23672  39   1.013E+05  2.483E-08 -3.747E-03  2.930E+02  1.784E+03
   0.08065   8    0.24303  40   1.013E+05  2.627E-08 -3.420E-03  2.930E+02  1.804E+03
   0.08065   8    0.24934  41   1.013E+05  2.747E-08 -3.093E-03  2.930E+02  1.824E+03
   0.08065   8    0.25566  42   1.013E+05  2.810E-08 -2.757E-03  2.930E+02  1.846E+03
   0.08065   8    0.26197  43   1.013E+05  2.793E-08 -2.419E-03  2.930E+02  1.868E+03
   0.08065   8    0.26828  44   1.013E+05  2.693E-08 -2.081E-03  2.930E+02  1.891E+03
   0.08065   8    0.27459  45   1.013E+05  2.517E-08 -1.754E-03  2.930E+02  1.914E+03
   0.08065   8    0.28091  46   1.013E+05  2.276E-08 -1.451E-03  2.930E+02  1.938E+03
   0.08065   8    0.28722  47   1.013E+05  1.985E-08 -1.156E-03  2.930E+02  1.962E+03
   0.08065   8    0.29353  48   1.013E+05  1.654E-08 -8.655E-04  2.930E+02  1.986E+03
   0.08065   8    0.29984  49   1.013E+05  1.291E-08 -5.987E-04  2.930E+02  2.009E+03
   0.08065   8    0.30616  50   1.013E+05  9.035E-09 -3.669E-04  2.930E+02  2.032E+03
   0.08065   8    0.31247  51   1.013E+05  5.019E-09 -1.618E-04  2.930E+02  2.053E+03
   0.08065   8    0.31878  52   1.013E+05  9.469E-10  2.751E-05  2.930E+02  2.072E+03
   0.08065   8    0.32509  53   1.013E+05 -3.127E-09  1.833E-04  2.930E+02  2.090E+03
   0.08065   8    0.33141  54   1.013E+05 -7.187E-09  3.106E-04  2.930E+02  2.104E+03
   0.08065   8    0.33772  55   1.013E+05 -1.121E-08  4.270E-04  2.930E+02  2.115E+03
   0.08065   8    0.34403  56   1.013E+05 -1.520E-08  5.075E-04  2.930E+02  2.123E+03
   0.08065   8    0.35034  57   1.013E+05 -1.927E-08  5.581E-04  2.930E+02  2.127E+03
   0.08065   8    0.35666  58   1.013E+05 -2.559E-08  5.995E-04  2.930E+02  2.128E+03
   0.08065   8    0.36297  59   1.013E+05 -3.448E-08  6.242E-04  2.930E+02  2.124E+03
   0.08065   8    0.36928  60   1.013E+05 -6.785E-08  6.352E-04  2.930E+02  2.117E+03
   0.08065   8    0.37559  61   1.013E+05 -7.123E-08  6.337E-04  2.930E+02  2.107E+03
   0.08065   8    0.38191  62   1.013E+05 -2.986E-07  6.236E-04  2.930E+02  2.093E+03
   0.08065   8    0.38822  63   1.013E+05 -9.848E-08  6.020E-04  2.930E+02  2.076E+03
   0.08065   8    0.39453  64   1.013E+05 -1.046E-07  5.795E-04  2.930E+02  2.058E+03
   0.08065   8    0.40084  65   1.013E+05 -8.831E-08  5.639E-04  2.930E+02  2.037E+03
   0.08065   8    0.40716  66   1.013E+05 -7.280E-08  5.318E-04  2.930E+02  2.016E+03
   0.08065   8    0.41347  67   1.013E+05 -5.950E-08  4.895E-04  2.930E+02  1.993E+03
   0.08065   8    0.41978  68   1.013E+05 -4.738E-08  4.604E-04  2.930E+02  1.971E+03
   0.08065   8    0.42609  69   1.013E+05 -3.735E-08  4.369E-04  2.930E+02  1.948E+03
   0.08065   8    0.43241  70   1.013E+05 -2.917E-08  4.071E-04  2.930E+02  1.927E+03
   0.08065   8    0.43872  71   1.013E+05 -2.266E-08  3.789E-04  2.930E+02  1.906E+03
   0.08065   8    0.44503  72   1.013E+05 -1.754E-08  3.588E-04  2.930E+02  1.886E+03
   0.08065   8    0.45134  73   1.013E+05 -1.353E-08  3.406E-04  2.930E+02  1.867E+03
   0.08065   8    0.45766  74   1.013E+05 -1.041E-08  3.177E-04  2.930E+02  1.851E+03
   0.08065   8    0.46397  75   1.013E+05 -7.971E-09  2.967E-04  2.930E+02  1.836E+03
   0.08065   8    0.47028  76   1.013E+05 -6.069E-09  2.828E-04  2.930E+02  1.823E+03
   0.08065   8    0.47659  77   1.013E+05 -4.575E-09  2.705E-04  2.930E+02  1.811E+03
   0.08065   8    0.48291  78   1.013E+05 -3.384E-09  2.522E-04  2.930E+02  1.802E+03
   0.08065   8    0.48922  79   1.013E+05 -2.423E-09  2.395E-04  2.930E+02  1.795E+03
   0.08065   8    0.49553  80   1.013E+05 -1.568E-09  2.734E-04  2.930E+02  1.791E+03
   0.08065   8    0.50184  81   1.013E+05 -1.110E-09 -4.941E-05  2.930E+02  1.788E+03
   0.08065   8    0.50500  82   1.013E+05  0.000E+00 -4.941E-05  2.930E+02  1.788E+03
   0.09305   9    0.00000   1   1.012E+05  0.000E+00  0.000E+00  2.930E+02  2.930E+02
   0.09305   9    0.00316   2   1.012E+05  3.570E-07 -3.698E-03  2.930E+02  9.208E+02
   0.09305   9    0.00947   3   1.012E+05  1.966E-07 -3.807E-03  2.930E+02  1.717E+03
   0.09305   9    0.01578   4   1.012E+05  1.282E-07 -5.034E-03  2.931E+02  1.915E+03
   0.09305   9    0.02209   5   1.012E+05  1.071E-07 -5.981E-03  2.931E+02  1.952E+03
   0.09305   9    0.02841   6   1.012E+05 -9.430E-08 -6.464E-03  2.933E+02  1.961E+03
   0.09305   9    0.03472   7   1.012E+05  1.715E-07 -6.812E-03  2.938E+02  1.965E+03
   0.09305   9    0.04103   8   1.012E+05  2.534E-07 -7.112E-03  2.946E+02  1.967E+03
   0.09305   9    0.04734   9   1.012E+05  3.544E-07 -7.401E-03  2.964E+02  1.967E+03
   0.09305   9    0.05366  10   1.012E+05  4.428E-07 -7.676E-03  2.997E+02  1.967E+03
   0.09305   9    0.05997  11   1.012E+05  5.607E-07 -7.976E-03  3.057E+02  1.966E+03
   0.09305   9    0.06628  12   1.012E+05  6.420E-07 -8.319E-03  3.157E+02  1.965E+03
   0.09305   9    0.07259  13   1.012E+05  6.369E-07 -8.704E-03  3.315E+02  1.963E+03
   0.09305   9    0.07891  14   1.012E+05  4.607E-07 -9.162E-03  3.553E+02  1.961E+03
   0.09305   9    0.08522  15   1.012E+05  2.995E-07 -9.841E-03  3.887E+02  1.959E+03
   0.09305   9    0.09153  16   1.012E+05  2.257E-06 -8.942E-03  4.332E+02  1.955E+03
   0.09305   9    0.09784  17   1.012E+05  5.504E-06 -9.201E-03  3.887E+02  1.651E+03
   0.09305   9    0.10416  18   1.012E+05  1.786E-06 -8.896E-03  3.553E+02  1.599E+03
   0.09305   9    0.11047  19   1.012E+05 -3.755E-07 -8.618E-03  3.315E+02  1.586E+03
   0.09305   9    0.11678  20   1.012E+05  3.836E-08 -8.383E-03  3.157E+02  1.582E+03
   0.09305   9    0.12309  21   1.013E+05  5.977E-10 -8.167E-03  3.057E+02  1.581E+03
   0.09305   9    0.12941  22   1.013E+05  2.296E-08 -7.955E-03  2.997E+02  1.582E+03
   0.09305   9    0.13572  23   1.013E+05  2.630E-08 -7.741E-03  2.964E+02  1.584E+03
   0.09305   9    0.14203  24   1.013E+05  5.193E-08 -7.524E-03  2.946E+02  1.589E+03
   0.09305   9    0.14834  25   1.013E+05  5.910E-08 -7.320E-03  2.938E+02  1.594E+03
   0.09305   9    0.15466  26   1.013E+05  2.843E-07 -7.108E-03  2.933E+02  1.601E+03
   0.09305   9    0.16097  27   1.013E+05  7.260E-08 -6.885E-03  2.931E+02  1.610E+03
   0.09305   9    0.16728  28   1.013E+05  7.145E-08 -6.676E-03  2.931E+02  1.620E+03
   0.09305   9    0.17359  29   1.013E+05 -4.837E-10 -6.462E-03  2.930E+02  1.630E+03
   0.09305   9    0.17991  30   1.013E+05 -1.637E-08 -6.226E-03  2.930E+02  1.642E+03
   0.09305   9    0.18622  31   1.013E+05 -4.752E-07 -5.988E-03  2.930E+02  1.655E+03
   0.09305   9    0.19253  32   1.013E+05 -2.406E-07 -5.745E-03  2.930E+02  1.668E+03
   0.09305   9    0.19884  33   1.013E+05 -4.382E-08 -5.487E-03  2.930E+02  1.682E+03
   0.09305   9    0.20516  34   1.013E+05 -4.555E-09 -5.219E-03  2.930E+02  1.697E+03
   0.09305   9    0.21147  35   1.013E+05  2.347E-08 -4.946E-03  2.930E+02  1.713E+03
   0.09305   9    0.21778  36   1.013E+05  3.362E-08 -4.666E-03  2.930E+02  1.730E+03
   0.09305   9    0.22409  37   1.013E+05  3.475E-08 -4.377E-03  2.930E+02  1.747E+03
   0.09305   9    0.23041  38   1.013E+05  3.221E-08 -4.070E-03  2.930E+02  1.765E+03
   0.09305   9    0.23672  39   1.013E+05  3.218E-08 -3.747E-03  2.930E+02  1.784E+03
   0.09305   9    0.24303  40   1.013E+05  3.390E-08 -3.420E-03  2.930E+02  1.804E+03
   0.09305   9    0.24934  41   1.013E+05  3.559E-08 -3.093E-03  2.930E+02  1.824E+03
   0.09305   9    0.25566  42   1.013E+05  3.651E-08 -2.757E-03  2.930E+02  1.846E+03
   0.09305   9    0.26197  43   1.013E+05  3.636E-08 -2.419E-03  2.930E+02  1.868E+03
   0.09305   9    0.26828  44   1.013E+05  3.510E-08 -2.081E-03  2.930E+02  1.891E+03
   0.09305   9    0.27459  45   1.013E+05  3.285E-08 -1.754E-03  2.930E+02  1.914E+03
   0.09305   9    0.28091  46   1.013E+05  2.976E-08 -1.451E-03  2.930E+02  1.938E+03
   0.09305   9    0.28722  47   1.013E+05  2.600E-08 -1.156E-03  2.930E+02  1.962E+03
   0.09305   9    0.29353  48   1.013E+05  2.171E-08 -8.655E-04  2.930E+02  1.986E+03
   0.09305   9    0.29984  49   1.013E+05  1.703E-08 -5.987E-04  2.930E+02  2.009E+03
   0.09305   9    0.30616  50   1.013E+05  1.212E-08 -3.670E-04  2.930E+02  2.032E+03
   0.09305   9    0.31247  51   1.013E+05  7.173E-09 -1.618E-04  2.930E+02  2.053E+03
   0.09305   9    0.31878  52   1.013E+05  2.421E-09  2.748E-05  2.930E+02  2.072E+03
   0.09305   9    0.32509  53   1.013E+05 -1.866E-09  1.832E-04  2.930E+02  2.090E+03
   0.09305   9    0.33141  54   1.013E+05 -5.368E-09  3.105E-04  2.930E+02  2.104E+03
   0.09305   9    0.33772  55   1.013E+05 -7.481E-09  4.270E-04  2.930E+02  2.115E+03
   0.09305   9    0.34403  56   1.013E+05 -6.774E-09  5.074E-04  2.930E+02  2.123E+03
   0.09305   9    0.35034  57   1.013E+05 -8.208E-10  5.581E-04  2.930E+02  2.127E+03
   0.09305   9    0.35666  58   1.013E+05  1.184E-08  5.995E-04  2.930E+02  2.128E+03
   0.09305   9    0.36297  59   1.013E+05  3.064E-08  6.242E-04  2.930E+02  2.124E+03
   0.09305   9    0.36928  60   1.013E+05  4.650E-08  6.352E-04  2.930E+02  2.117E+03
   0.09305   9    0.37559  61   1.013E+05  7.342E-08  6.337E-04  2.930E+02  2.107E+03
   0.09305   9    0.38191  62   1.013E+05  5.856E-08  6.235E-04  2.930E+02  2.093E+03
   0.09305   9    0.38822  63   1.013E+05 -3.989E-08  6.020E-04  2.930E+02  2.076E+03
   0.09305   9    0.39453  64   1.013E+05 -1.427E-07  5.795E-04  2.930E+02  2.058E+03
   0.09305   9    0.40084  65   1.013E+05 -1.490E-07  5.639E-04  2.930E+02  2.037E+03
   0.09305   9    0.40716  66   1.013E+05 -1.181E-07  5.318E-04  2.930E+02  2.016E+03
   0.09305   9    0.41347  67   1.013E+05 -9.345E-08  4.895E-04  2.930E+02  1.993E+03
   0.09305   9    0.41978  68   1.013E+05 -7.070E-08  4.605E-04  2.930E+02  1.971E+03
   0.09305   9    0.42609  69   1.013E+05 -5.354E-08  4.369E-04  2.930E+02  1.948E+03
   0.09305   9    0.43241  70   1.013E+05 -4.046E-08  4.071E-04  2.930E+02  1.927E+03
   0.09305   9    0.43872  71   1.013E+05 -3.069E-08  3.789E-04  2.930E+02  1.906E+03
   0.09305   9    0.44503  72   1.013E+05 -2.334E-08  3.588E-04  2.930E+02  1.886E+03
   0.09305   9    0.45134  73   1.013E+05 -1.779E-08  3.407E-04  2.930E+02  1.867E+03
   0.09305   9    0.45766  74   1.013E+05 -1.358E-08  3.177E-04  2.930E+02  1.851E+03
   0.09305   9    0.46397  75   1.013E+05 -1.035E-08  2.967E-04  2.930E+02  1.836E+03
   0.09305   9    0.47028  76   1.013E+05 -7.864E-09  2.828E-04  2.930E+02  1.823E+03
   0.09305   9    0.47659  77   1.013E+05 -5.930E-09  2.705E-04  2.930E+02  1.811E+03
   0.09305   9    0.48291  78   1.013E+05 -4.402E-09  2.522E-04  2.930E+02  1.802E+03
   0.09305   9    0.48922  79   1.013E+05 -3.177E-09  2.395E-04  2.930E+02  1.795E+03
   0.09305   9    0.49553  80   1.013E+05 -2.089E-09  2.734E-04  2.930E+02  1.791E+03
   0.09305   9    0.50184  81   1.013E+05 -1.512E-09 -4.941E-05  2.930E+02  1.788E+03
   0.09305   9    0.50500  82   1.013E+05  0.000E+00 -4.941E-05  2.930E+02  1.788E+03
   0.10546  10    0.00000   1   1.012E+05  0.000E+00  0.000E+00  2.930E+02  2.930E+02
   0.10546  10    0.00316   2   1.012E+05  3.284E-07 -3.698E-03  2.930E+02  9.207E+02
   0.10546  10    0.00947   3   1.012E+05  1.702E-07 -3.807E-03  2.930E+02  1.717E+03
   0.10546  10    0.01578   4   1.012E+05  9.573E-08 -5.034E-03  2.931E+02  1.915E+03
   0.10546  10    0.02209   5   1.012E+05  6.947E-08 -5.981E-03  2.931E+02  1.952E+03
   0.10546  10    0.02841   6   1.012E+05 -1.286E-07 -6.463E-03  2.933E+02  1.961E+03
   0.10546  10    0.03472   7   1.012E+05  1.432E-07 -6.811E-03  2.938E+02  1.965E+03
   0.10546  10    0.04103   8   1.012E+05  2.320E-07 -7.111E-03  2.946E+02  1.967E+03
   0.10546  10    0.04734   9   1.012E+05  3.506E-07 -7.400E-03  2.964E+02  1.967E+03
   0.10546  10    0.05366  10   1.012E+05  4.667E-07 -7.675E-03  2.997E+02  1.967E+03
   0.10546  10    0.05997  11   1.012E+05  7.734E-07 -7.975E-03  3.057E+02  1.967E+03
   0.10546  10    0.06628  12   1.012E+05  1.098E-06 -8.319E-03  3.157E+02  1.965E+03
   0.10546  10    0.07259  13   1.012E+05  9.088E-07 -8.704E-03  3.315E+02  1.964E+03
   0.10546  10    0.07891  14   1.012E+05  5.694E-07 -9.162E-03  3.553E+02  1.961E+03
   0.10546  10    0.08522  15   1.012E+05  9.895E-07 -9.840E-03  3.887E+02  1.959E+03
   0.10546  10    0.09153  16   1.012E+05  1.357E-06 -8.941E-03  4.332E+02  1.955E+03
   0.10546  10    0.09784  17   1.012E+05  1.037E-06 -9.200E-03  3.887E+02  1.651E+03
   0.10546  10    0.10416  18   1.012E+05  6.932E-07 -8.896E-03  3.553E+02  1.599E+03
   0.10546  10    0.11047  19   1.012E+05  3.461E-07 -8.617E-03  3.315E+02  1.586E+03
   0.10546  10    0.11678  20   1.012E+05  2.051E-07 -8.382E-03  3.157E+02  1.582E+03
   0.10546  10    0.12309  21   1.013E+05  1.113E-07 -8.166E-03  3.057E+02  1.581E+03
   0.10546  10    0.12941  22   1.013E+05  6.386E-08 -7.954E-03  2.997E+02  1.582E+03
   0.10546  10    0.13572  23   1.013E+05  3.647E-08 -7.740E-03  2.964E+02  1.584E+03
   0.10546  10    0.14203  24   1.013E+05  2.282E-08 -7.523E-03  2.946E+02  1.589E+03
   0.10546  10    0.14834  25   1.013E+05  1.500E-08 -7.319E-03  2.938E+02  1.594E+03
   0.10546  10    0.15466  26   1.013E+05  3.133E-08 -7.107E-03  2.933E+02  1.601E+03
   0.10546  10    0.16097  27   1.013E+05  2.272E-08 -6.884E-03  2.931E+02  1.610E+03
   0.10546  10    0.16728  28   1.013E+05  4.379E-08 -6.676E-03  2.931E+02  1.620E+03
   0.10546  10    0.17359  29   1.013E+05  2.952E-08 -6.462E-03  2.930E+02  1.630E+03
   0.10546  10    0.17991  30   1.013E+05  2.068E-07 -6.226E-03  2.930E+02  1.642E+03
   0.10546  10    0.18622  31   1.013E+05 -3.424E-08 -5.988E-03  2.930E+02  1.655E+03
   0.10546  10    0.19253  32   1.013E+05 -1.509E-08 -5.745E-03  2.930E+02  1.668E+03
   0.10546  10    0.19884  33   1.013E+05  1.324E-09 -5.487E-03  2.930E+02  1.682E+03
   0.10546  10    0.20516  34   1.013E+05  1.433E-08 -5.219E-03  2.930E+02  1.697E+03
   0.10546  10    0.21147  35   1.013E+05  2.540E-08 -4.946E-03  2.930E+02  1.713E+03
   0.10546  10    0.21778  36   1.013E+05  3.262E-08 -4.666E-03  2.930E+02  1.730E+03
   0.10546  10    0.22409  37   1.013E+05  3.298E-08 -4.377E-03  2.930E+02  1.747E+03
   0.10546  10    0.23041  38   1.013E+05  3.054E-08 -4.070E-03  2.930E+02  1.765E+03
   0.10546  10    0.23672  39   1.013E+05  3.064E-08 -3.747E-03  2.930E+02  1.784E+03
   0.10546  10    0.24303  40   1.013E+05  3.241E-08 -3.420E-03  2.930E+02  1.804E+03
   0.10546  10    0.24934  41   1.013E+05  3.409E-08 -3.093E-03  2.930E+02  1.824E+03
   0.10546  10    0.25566  42   1.013E+05  3.500E-08 -2.757E-03  2.930E+02  1.846E+03
   0.10546  10    0.26197  43   1.013E+05  3.488E-08 -2.419E-03  2.930E+02  1.868E+03
   0.10546  10    0.26828  44   1.013E+05  3.372E-08 -2.081E-03  2.930E+02  1.891E+03
   0.10546  10    0.27459  45   1.013E+05  3.164E-08 -1.754E-03  2.930E+02  1.914E+03
   0.10546  10    0.28091  46   1.013E+05  2.878E-08 -1.451E-03  2.930E+02  1.938E+03
   0.10546  10    0.28722  47   1.013E+05  2.530E-08 -1.156E-03  2.930E+02  1.962E+03
   0.10546  10    0.29353  48   1.013E+05  2.131E-08 -8.656E-04  2.930E+02  1.986E+03
   0.10546  10    0.29984  49   1.013E+05  1.694E-08 -5.987E-04  2.930E+02  2.009E+03
   0.10546  10    0.30616  50   1.013E+05  1.235E-08 -3.670E-04  2.930E+02  2.032E+03
   0.10546  10    0.31247  51   1.013E+05  7.759E-09 -1.618E-04  2.930E+02  2.053E+03
   0.10546  10    0.31878  52   1.013E+05  3.433E-09  2.745E-05  2.930E+02  2.072E+03
   0.10546  10    0.32509  53   1.013E+05 -3.030E-10  1.832E-04  2.930E+02  2.090E+03
   0.10546  10    0.33141  54   1.013E+05 -3.115E-09  3.105E-04  2.930E+02  2.104E+03
   0.10546  10    0.33772  55   1.013E+05 -4.546E-09  4.269E-04  2.930E+02  2.115E+03
   0.10546  10    0.34403  56   1.013E+05 -3.221E-09  5.074E-04  2.930E+02  2.123E+03
   0.10546  10    0.35034  57   1.013E+05  4.169E-09  5.581E-04  2.930E+02  2.127E+03
   0.10546  10    0.35666  58   1.013E+05  2.043E-08  5.995E-04  2.930E+02  2.128E+03
   0.10546  10    0.36297  59   1.013E+05  5.521E-08  6.242E-04  2.930E+02  2.124E+03
   0.10546  10    0.36928  60   1.013E+05  9.401E-08  6.353E-04  2.930E+02  2.117E+03
   0.10546  10    0.37559  61   1.013E+05  2.724E-07  6.338E-04  2.930E+02  2.107E+03
   0.10546  10    0.38191  62   1.013E+05  4.385E-07  6.234E-04  2.930E+02  2.093E+03
   0.10546  10    0.38822  63   1.013E+05 -1.086E-07  6.016E-04  2.930E+02  2.076E+03
   0.10546  10    0.39453  64   1.013E+05 -6.600E-07  5.794E-04  2.930E+02  2.058E+03
   0.10546  10    0.40084  65   1.013E+05 -4.381E-07  5.640E-04  2.930E+02  2.037E+03
   0.10546  10    0.40716  66   1.013E+05 -2.193E-07  5.319E-04  2.930E+02  2.016E+03
   0.10546  10    0.41347  67   1.013E+05 -1.460E-07  4.896E-04  2.930E+02  1.993E+03
   0.10546  10    0.41978  68   1.013E+05 -9.151E-08  4.605E-04  2.930E+02  1.971E+03
   0.10546  10    0.42609  69   1.013E+05 -6.211E-08  4.370E-04  2.930E+02  1.948E+03
   0.10546  10    0.43241  70   1.013E+05 -4.322E-08  4.072E-04  2.930E+02  1.927E+03
   0.10546  10    0.43872  71   1.013E+05 -3.106E-08  3.790E-04  2.930E+02  1.906E+03
   0.10546  10    0.44503  72   1.013E+05 -2.278E-08  3.588E-04  2.930E+02  1.886E+03
   0.10546  10    0.45134  73   1.013E+05 -1.697E-08  3.407E-04  2.930E+02  1.867E+03
   0.10546  10    0.45766  74   1.013E+05 -1.277E-08  3.177E-04  2.930E+02  1.851E+03
   0.10546  10    0.46397  75   1.013E+05 -9.661E-09  2.967E-04  2.930E+02  1.836E+03
   0.10546  10    0.47028  76   1.013E+05 -7.323E-09  2.829E-04  2.930E+02  1.823E+03
   0.10546  10    0.47659  77   1.013E+05 -5.551E-09  2.705E-04  2.930E+02  1.811E+03
   0.10546  10    0.48291  78   1.013E+05 -4.189E-09  2.522E-04  2.930E+02  1.802E+03
   0.10546  10    0.48922  79   1.013E+05 -3.125E-09  2.395E-04  2.930E+02  1.795E+03
   0.10546  10    0.49553  80   1.013E+05 -2.333E-09  2.734E-04  2.930E+02  1.791E+03
   0.10546  10    0.50184  81   1.013E+05 -1.906E-09 -4.940E-05  2.930E+02  1.788E+03
   0.10546  10    0.50500  82   1.013E+05  0.000E+00 -4.940E-05  2.930E+02  1.788E+03
   0.11787  11    0.00000   1   1.012E+05  0.000E+00  0.000E+00  2.930E+02  2.930E+02
   0.11787  11    0.00316   2   1.012E+05  1.165E-07 -3.698E-03  2.930E+02  9.207E+02
   0.11787  11    0.00947   3   1.012E+05  9.391E-08 -3.807E-03  2.930E+02  1.717E+03
   0.11787  11    0.01578   4   1.012E+05  7.335E-08 -5.034E-03  2.931E+02  1.915E+03
   0.11787  11    0.02209   5   1.012E+05  6.698E-08 -5.980E-03  2.931E+02  1.952E+03
   0.11787  11    0.02841   6   1.012E+05  6.912E-08 -6.463E-03  2.933E+02  1.961E+03
   0.11787  11    0.03472   7   1.012E+05  1.001E-07 -6.811E-03  2.938E+02  1.965E+03
   0.11787  11    0.04103   8   1.012E+05  1.301E-07 -7.111E-03  2.946E+02  1.966E+03
   0.11787  11    0.04734   9   1.012E+05  1.772E-07 -7.400E-03  2.964E+02  1.967E+03
   0.11787  11    0.05366  10   1.012E+05  2.332E-07 -7.674E-03  2.997E+02  1.967E+03
   0.11787  11    0.05997  11   1.012E+05  4.534E-07 -7.974E-03  3.057E+02  1.966E+03
   0.11787  11    0.06628  12   1.012E+05  7.131E-07 -8.319E-03  3.157E+02  1.965E+03
   0.11787  11    0.07259  13   1.012E+05  5.325E-07 -8.705E-03  3.315E+02  1.963E+03
   0.11787  11    0.07891  14   1.012E+05  3.678E-07 -9.162E-03  3.553E+02  1.961E+03
   0.11787  11    0.08522  15   1.012E+05  5.045E-07 -9.839E-03  3.887E+02  1.959E+03
   0.11787  11    0.09153  16   1.012E+05  6.921E-07 -8.941E-03  4.332E+02  1.955E+03
   0.11787  11    0.09784  17   1.012E+05  2.389E-07 -9.201E-03  3.887E+02  1.651E+03
   0.11787  11    0.10416  18   1.012E+05  2.117E-07 -8.896E-03  3.553E+02  1.599E+03
   0.11787  11    0.11047  19   1.012E+05  1.338E-07 -8.617E-03  3.315E+02  1.586E+03
   0.11787  11    0.11678  20   1.012E+05  9.166E-08 -8.382E-03  3.157E+02  1.582E+03
   0.11787  11    0.12309  21   1.013E+05  5.950E-08 -8.165E-03  3.057E+02  1.581E+03
   0.11787  11    0.12941  22   1.013E+05  3.857E-08 -7.953E-03  2.997E+02  1.582E+03
   0.11787  11    0.13572  23   1.013E+05  2.530E-08 -7.740E-03  2.964E+02  1.584E+03
   0.11787  11    0.14203  24   1.013E+05  1.840E-08 -7.523E-03  2.946E+02  1.589E+03
   0.11787  11    0.14834  25   1.013E+05  1.497E-08 -7.319E-03  2.938E+02  1.594E+03
   0.11787  11    0.15466  26   1.013E+05  1.940E-08 -7.107E-03  2.933E+02  1.601E+03
   0.11787  11    0.16097  27   1.013E+05  1.084E-08 -6.884E-03  2.931E+02  1.610E+03
   0.11787  11    0.16728  28   1.013E+05  8.245E-09 -6.676E-03  2.931E+02  1.620E+03
   0.11787  11    0.17359  29   1.013E+05  2.570E-09 -6.462E-03  2.930E+02  1.630E+03
   0.11787  11    0.17991  30   1.013E+05  5.173E-09 -6.226E-03  2.930E+02  1.642E+03
   0.11787  11    0.18622  31   1.013E+05  5.067E-09 -5.988E-03  2.930E+02  1.655E+03
   0.11787  11    0.19253  32   1.013E+05  2.725E-09 -5.745E-03  2.930E+02  1.668E+03
   0.11787  11    0.19884  33   1.013E+05  8.354E-09 -5.487E-03  2.930E+02  1.682E+03
   0.11787  11    0.20516  34   1.013E+05  1.080E-08 -5.220E-03  2.930E+02  1.697E+03
   0.11787  11    0.21147  35   1.013E+05  1.323E-08 -4.946E-03  2.930E+02  1.713E+03
   0.11787  11    0.21778  36   1.013E+05  1.472E-08 -4.666E-03  2.930E+02  1.730E+03
   0.11787  11    0.22409  37   1.013E+05  1.493E-08 -4.377E-03  2.930E+02  1.747E+03
   0.11787  11    0.23041  38   1.013E+05  1.458E-08 -4.070E-03  2.930E+02  1.765E+03
   0.11787  11    0.23672  39   1.013E+05  1.474E-08 -3.747E-03  2.930E+02  1.784E+03
   0.11787  11    0.24303  40   1.013E+05  1.533E-08 -3.420E-03  2.930E+02  1.804E+03
   0.11787  11    0.24934  41   1.013E+05  1.592E-08 -3.093E-03  2.930E+02  1.824E+03
   0.11787  11    0.25566  42   1.013E+05  1.622E-08 -2.757E-03  2.930E+02  1.846E+03
   0.11787  11    0.26197  43   1.013E+05  1.611E-08 -2.419E-03  2.930E+02  1.868E+03
   0.11787  11    0.26828  44   1.013E+05  1.556E-08 -2.081E-03  2.930E+02  1.891E+03
   0.11787  11    0.27459  45   1.013E+05  1.462E-08 -1.754E-03  2.930E+02  1.914E+03
   0.11787  11    0.28091  46   1.013E+05  1.334E-08 -1.452E-03  2.930E+02  1.938E+03
   0.11787  11    0.28722  47   1.013E+05  1.179E-08 -1.156E-03  2.930E+02  1.962E+03
   0.11787  11    0.29353  48   1.013E+05  1.001E-08 -8.656E-04  2.930E+02  1.986E+03
   0.11787  11    0.29984  49   1.013E+05  8.045E-09 -5.988E-04  2.930E+02  2.009E+03
   0.11787  11    0.30616  50   1.013E+05  5.975E-09 -3.670E-04  2.930E+02  2.032E+03
   0.11787  11    0.31247  51   1.013E+05  3.900E-09 -1.618E-04  2.930E+02  2.053E+03
   0.11787  11    0.31878  52   1.013E+05  1.935E-09  2.743E-05  2.930E+02  2.072E+03
   0.11787  11    0.32509  53   1.013E+05  2.394E-10  1.832E-04  2.930E+02  2.090E+03
   0.11787  11    0.33141  54   1.013E+05 -1.052E-09  3.105E-04  2.930E+02  2.104E+03
   0.11787  11    0.33772  55   1.013E+05 -1.861E-09  4.269E-04  2.930E+02  2.115E+03
   0.11787  11    0.34403  56   1.013E+05 -1.820E-09  5.074E-04  2.930E+02  2.123E+03
   0.11787  11    0.35034  57   1.013E+05  4.918E-10  5.581E-04  2.930E+02  2.127E+03
   0.11787  11    0.35666  58   1.013E+05  6.328E-09  5.995E-04  2.930E+02  2.128E+03
   0.11787  11    0.36297  59   1.013E+05  2.536E-08  6.243E-04  2.930E+02  2.124E+03
   0.11787  11    0.36928  60   1.013E+05  4.804E-08  6.356E-04  2.930E+02  2.117E+03
   0.11787  11    0.37559  61   1.013E+05  2.027E-07  6.344E-04  2.930E+02  2.107E+03
   0.11787  11    0.38191  62   1.013E+05  3.638E-07  6.228E-04  2.930E+02  2.093E+03
   0.11787  11    0.38822  63   1.013E+05 -8.829E-08  5.998E-04  2.930E+02  2.076E+03
   0.11787  11    0.39453  64   1.013E+05 -5.489E-07  5.789E-04  2.930E+02  2.058E+03
   0.11787  11    0.40084  65   1.013E+05 -3.307E-07  5.648E-04  2.930E+02  2.037E+03
   0.11787  11    0.40716  66   1.013E+05 -1.391E-07  5.324E-04  2.930E+02  2.016E+03
   0.11787  11    0.41347  67   1.013E+05 -8.608E-08  4.898E-04  2.930E+02  1.993E+03
   0.11787  11    0.41978  68   1.013E+05 -4.855E-08  4.607E-04  2.930E+02  1.971E+03
   0.11787  11    0.42609  69   1.013E+05 -3.098E-08  4.370E-04  2.930E+02  1.948E+03
   0.11787  11    0.43241  70   1.013E+05 -2.051E-08  4.072E-04  2.930E+02  1.927E+03
   0.11787  11    0.43872  71   1.013E+05 -1.429E-08  3.790E-04  2.930E+02  1.906E+03
   0.11787  11    0.44503  72   1.013E+05 -1.027E-08  3.588E-04  2.930E+02  1.886E+03
   0.11787  11    0.45134  73   1.013E+05 -7.563E-09  3.407E-04  2.930E+02  1.867E+03
   0.11787  11    0.45766  74   1.013E+05 -5.657E-09  3.177E-04  2.930E+02  1.851E+03
   0.11787  11    0.46397  75   1.013E+05 -4.269E-09  2.967E-04  2.930E+02  1.836E+03
   0.11787  11    0.47028  76   1.013E+05 -3.239E-09  2.829E-04  2.930E+02  1.823E+03
   0.11787  11    0.47659  77   1.013E+05 -2.474E-09  2.705E-04  2.930E+02  1.811E+03
   0.11787  11    0.48291  78   1.013E+05 -1.901E-09  2.522E-04  2.930E+02  1.802E+03
   0.11787  11    0.48922  79   1.013E+05 -1.465E-09  2.395E-04  2.930E+02  1.795E+03
   0.11787  11    0.49553  80   1.013E+05 -1.230E-09  2.734E-04  2.930E+02  1.791E+03
   0.11787  11    0.50184  81   1.013E+05 -1.097E-09 -4.940E-05  2.930E+02  1.788E+03
   0.11787  11    0.50500  82   1.013E+05  0.000E+00 -4.940E-05  2.930E+02  1.788E+03
   0.12407  12    0.00000   1   1.012E+05  0.000E+00  0.000E+00  2.930E+02  2.930E+02
   0.12407  12    0.00316   2   1.012E+05  1.165E-07 -3.698E-03  2.930E+02  9.207E+02
   0.12407  12    0.00947   3   1.012E+05  9.391E-08 -3.807E-03  2.930E+02  1.717E+03
   0.12407  12    0.01578   4   1.012E+05  7.335E-08 -5.034E-03  2.931E+02  1.915E+03
   0.12407  12    0.02209   5   1.012E+05  6.698E-08 -5.980E-03  2.931E+02  1.952E+03
   0.12407  12    0.02841   6   1.012E+05  6.912E-08 -6.463E-03  2.933E+02  1.961E+03
   0.12407  12    0.03472   7   1.012E+05  1.001E-07 -6.811E-03  2.938E+02  1.965E+03
   0.12407  12    0.04103   8   1.012E+05  1.301E-07 -7.111E-03  2.946E+02  1.966E+03
   0.12407  12    0.04734   9   1.012E+05  1.772E-07 -7.400E-03  2.964E+02  1.967E+03
   0.12407  12    0.05366  10   1.012E+05  2.332E-07 -7.674E-03  2.997E+02  1.967E+03
   0.12407  12    0.05997  11   1.012E+05  4.534E-07 -7.974E-03  3.057E+02  1.966E+03
   0.12407  12    0.06628  12   1.012E+05  7.131E-07 -8.319E-03  3.157E+02  1.965E+03
   0.12407  12    0.07259  13   1.012E+05  5.325E-07 -8.705E-03  3.315E+02  1.963E+03
   0.12407  12    0.07891  14   1.012E+05  3.678E-07 -9.162E-03  3.553E+02  1.961E+03
   0.12407  12    0.08522  15   1.012E+05  5.045E-07 -9.839E-03  3.887E+02  1.959E+03
   0.12407  12    0.09153  16   1.012E+05  6.921E-07 -8.941E-03  4.332E+02  1.955E+03
   0.12407  12    0.09784  17   1.012E+05  2.389E-07 -9.201E-03  3.887E+02  1.651E+03
   0.12407  12    0.10416  18   1.012E+05  2.117E-07 -8.896E-03  3.553E+02  1.599E+03
   0.12407  12    0.11047  19   1.012E+05  1.338E-07 -8.617E-03  3.315E+02  1.586E+03
   0.12407  12    0.11678  20   1.012E+05  9.166E-08 -8.382E-03  3.157E+02  1.582E+03
   0.12407  12    0.12309  21   1.013E+05  5.950E-08 -8.165E-03  3.057E+02  1.581E+03
   0.12407  12    0.12941  22   1.013E+05  3.857E-08 -7.953E-03  2.997E+02  1.582E+03
   0.12407  12    0.13572  23   1.013E+05  2.530E-08 -7.740E-03  2.964E+02  1.584E+03
   0.12407  12    0.14203  24   1.013E+05  1.840E-08 -7.523E-03  2.946E+02  1.589E+03
   0.12407  12    0.14834  25   1.013E+05  1.497E-08 -7.319E-03  2.938E+02  1.594E+03
   0.12407  12    0.15466  26   1.013E+05  1.940E-08 -7.107E-03  2.933E+02  1.601E+03
   0.12407  12    0.16097  27   1.013E+05  1.084E-08 -6.884E-03  2.931E+02  1.610E+03
   0.12407  12    0.16728  28   1.013E+05  8.245E-09 -6.676E-03  2.931E+02  1.620E+03
   0.12407  12    0.17359  29   1.013E+05  2.570E-09 -6.462E-03  2.930E+02  1.630E+03
   0.12407  12    0.17991  30   1.013E+05  5.173E-09 -6.226E-03  2.930E+02  1.642E+03
   0.12407  12    0.18622  31   1.013E+05  5.067E-09 -5.988E-03  2.930E+02  1.655E+03
   0.12407  12    0.19253  32   1.013E+05  2.725E-09 -5.745E-03  2.930E+02  1.668E+03
   0.12407  12    0.19884  33   1.013E+05  8.354E-09 -5.487E-03  2.930E+02  1.682E+03
   0.12407  12    0.20516  34   1.013E+05  1.080E-08 -5.220E-03  2.930E+02  1.697E+03
   0.12407  12    0.21147  35   1.013E+05  1.323E-08 -4.946E-03  2.930E+02  1.713E+03
   0.12407  12    0.21778  36   1.013E+05  1.472E-08 -4.666E-03  2.930E+02  1.730E+03
   0.12407  12    0.22409  37   1.013E+05  1.493E-08 -4.377E-03  2.930E+02  1.747E+03
   0.12407  12    0.23041  38   1.013E+05  1.458E-08 -4.070E-03  2.930E+02  1.765E+03
   0.12407  12    0.23672  39   1.013E+05  1.474E-08 -3.747E-03  2.930E+02  1.784E+03
   0.12407  12    0.24303  40   1.013E+05  1.533E-08 -3.420E-03  2.930E+02  1.804E+03
   0.12407  12    0.24934  41   1.013E+05  1.592E-08 -3.093E-03  2.930E+02  1.824E+03
   0.12407  12    0.25566  42   1.013E+05  1.622E-08 -2.757E-03  2.930E+02  1.846E+03
   0.12407  12    0.26197  43   1.013E+05  1.611E-08 -2.419E-03  2.930E+02  1.868E+03
   0.12407  12    0.26828  44   1.013E+05  1.556E-08 -2.081E-03  2.930E+02  1.891E+03
   0.12407  12    0.27459  45   1.013E+05  1.462E-08 -1.754E-03  2.930E+02  1.914E+03
   0.12407  12    0.28091  46   1.013E+05  1.334E-08 -1.452E-03  2.930E+02  1.938E+03
   0.12407  12    0.28722  47   1.013E+05  1.179E-08 -1.156E-03  2.930E+02  1.962E+03
   0.12407  12    0.29353  48   1.013E+05  1.001E-08 -8.656E-04  2.930E+02  1.986E+03
   0.12407  12    0.29984  49   1.013E+05  8.045E-09 -5.988E-04  2.930E+02  2.009E+03
   0.12407  12    0.30616  50   1.013E+05  5.975E-09 -3.670E-04  2.930E+02  2.032E+03
   0.12407  12    0.31247  51   1.013E+05  3.900E-09 -1.618E-04  2.930E+02  2.053E+03
   0.12407  12    0.31878  52   1.013E+05  1.935E-09  2.743E-05  2.930E+02  2.072E+03
   0.12407  12    0.32509  53   1.013E+05  2.394E-10  1.832E-04  2.930E+02  2.090E+03
   0.12407  12    0.33141  54   1.013E+05 -1.052E-09  3.105E-04  2.930E+02  2.104E+03
   0.12407  12    0.33772  55   1.013E+05 -1.861E-09  4.269E-04  2.930E+02  2.115E+03
   0.12407  12    0.34403  56   1.013E+05 -1.820E-09  5.074E-04  2.930E+02  2.123E+03
   0.12407  12    0.35034  57   1.013E+05  4.918E-10  5.581E-04  2.930E+02  2.127E+03
   0.12407  12    0.35666  58   1.013E+05  6.328E-09  5.995E-04  2.930E+02  2.128E+03
   0.12407  12    0.36297  59   1.013E+05  2.536E-08  6.243E-04  2.930E+02  2.124E+03
   0.12407  12    0.36928  60   1.013E+05  4.804E-08  6.356E-04  2.930E+02  2.117E+03
   0.12407  12    0.37559  61   1.013E+05  2.027E-07  6.344E-04  2.930E+02  2.107E+03
   0.12407  12    0.38191  62   1.013E+05  3.638E-07  6.228E-04  2.930E+02  2.093E+03
   0.12407  12    0.38822  63   1.013E+05 -8.829E-08  5.998E-04  2.930E+02  2.076E+03
   0.12407  12    0.39453  64   1.013E+05 -5.489E-07  5.789E-04  2.930E+02  2.058E+03
   0.12407  12    0.40084  65   1.013E+05 -3.307E-07  5.648E-04  2.930E+02  2.037E+03
   0.12407  12    0.40716  66   1.013E+05 -1.391E-07  5.324E-04  2.930E+02  2.016E+03
   0.12407  12    0.41347  67   1.013E+05 -8.608E-08  4.898E-04  2.930E+02  1.993E+03
   0.12407  12    0.41978  68   1.013E+05 -4.855E-08  4.607E-04  2.930E+02  1.971E+03
   0.12407  12    0.42609  69   1.013E+05 -3.098E-08  4.370E-04  2.930E+02  1.948E+03
   0.12407  12    0.43241  70   1.013E+05 -2.051E-08  4.072E-04  2.930E+02  1.927E+03
   0.12407  12    0.43872  71   1.013E+05 -1.429E-08  3.790E-04  2.930E+02  1.906E+03
   0.12407  12    0.44503  72   1.013E+05 -1.027E-08  3.588E-04  2.930E+02  1.886E+03
   0.12407  12    0.45134  73   1.013E+05 -7.563E-09  3.407E-04  2.930E+02  1.867E+03
   0.12407  12    0.45766  74   1.013E+05 -5.657E-09  3.177E-04  2.930E+02  1.851E+03
   0.12407  12    0.46397  75   1.013E+05 -4.269E-09  2.967E-04  2.930E+02  1.836E+03
   0.12407  12    0.47028  76   1.013E+05 -3.239E-09  2.829E-04  2.930E+02  1.823E+03
   0.12407  12    0.47659  77   1.013E+05 -2.474E-09  2.705E-04  2.930E+02  1.811E+03
   0.12407  12    0.48291  78   1.013E+05 -1.901E-09  2.522E-04  2.930E+02  1.802E+03
   0.12407  12    0.48922  79   1.013E+05 -1.465E-09  2.395E-04  2.930E+02  1.795E+03
   0.12407  12    0.49553  80   1.013E+05 -1.230E-09  2.734E-04  2.930E+02  1.791E+03
   0.12407  12    0.50184  81   1.013E+05 -1.097E-09 -4.940E-05  2.930E+02  1.788E+03
   0.12407  12    0.50500  82   1.013E+05  0.000E+00 -4.940E-05  2.930E+02  1.788E+03
