# xp i yp j p u v ts tf
   0.00000   1    0.00000   1   1.019E+05 -5.037E-07  6.318E-02  2.931E+02  2.930E+02
   0.00000   1    0.00316   2   1.019E+05 -5.037E-07  6.318E-02  2.931E+02  2.930E+02
   0.00000   1    0.00947   3   1.019E+05 -1.067E-06  6.381E-02  2.933E+02  2.930E+02
   0.00000   1    0.01578   4   1.019E+05 -1.758E-06  6.391E-02  2.936E+02  2.930E+02
   0.00000   1    0.02209   5   1.019E+05 -9.691E-07  6.384E-02  2.941E+02  2.930E+02
   0.00000   1    0.02841   6   1.019E+05 -4.248E-07  6.375E-02  2.951E+02  2.930E+02
   0.00000   1    0.03472   7   1.019E+05 -3.172E-07  6.367E-02  2.968E+02  2.930E+02
   0.00000   1    0.04103   8   1.019E+05 -1.801E-07  6.359E-02  2.997E+02  2.930E+02
   0.00000   1    0.04734   9   1.018E+05 -1.150E-07  6.352E-02  3.043E+02  2.930E+02
   0.00000   1    0.05366  10   1.018E+05  1.025E-07  6.346E-02  3.115E+02  2.930E+02
   0.00000   1    0.05997  11   1.018E+05 -7.690E-08  6.340E-02  3.223E+02  2.930E+02
   0.00000   1    0.06628  12   1.018E+05 -7.532E-08  6.336E-02  3.379E+02  2.930E+02
   0.00000   1    0.07259  13   1.018E+05 -9.120E-08  6.330E-02  3.594E+02  2.930E+02
   0.00000   1    0.07891  14   1.018E+05 -6.577E-08  6.322E-02  3.881E+02  2.931E+02
   0.00000   1    0.08522  15   1.018E+05 -6.596E-08  6.309E-02  4.249E+02  2.958E+02
   0.00000   1    0.09153  16   1.018E+05 -6.350E-08  6.321E-02  4.706E+02  3.511E+02
   0.00000   1    0.09784  17   1.018E+05 -7.024E-08  6.313E-02  4.249E+02  3.511E+02
   0.00000   1    0.10416  18   1.018E+05 -8.753E-08  6.315E-02  3.881E+02  3.511E+02
   0.00000   1    0.11047  19   1.018E+05 -1.189E-07  6.319E-02  3.594E+02  3.511E+02
   0.00000   1    0.11678  20   1.018E+05 -1.730E-07  6.323E-02  3.379E+02  3.511E+02
   0.00000   1    0.12309  21   1.018E+05 -1.600E-07  6.328E-02  3.223E+02  3.511E+02
   0.00000   1    0.12941  22   1.018E+05 -2.924E-07  6.332E-02  3.115E+02  3.511E+02
   0.00000   1    0.13572  23   1.017E+05 -4.589E-07  6.335E-02  3.043E+02  3.511E+02
   0.00000   1    0.14203  24   1.017E+05 -2.242E-07  6.339E-02  2.997E+02  3.511E+02
   0.00000   1    0.14834  25   1.017E+05 -2.022E-08  6.344E-02  2.968E+02  3.512E+02
   0.00000   1    0.15466  26   1.017E+05  7.513E-08  6.347E-02  2.951E+02  3.512E+02
   0.00000   1    0.16097  27   1.017E+05  1.370E-07  6.351E-02  2.941E+02  3.512E+02
   0.00000   1    0.16728  28   1.017E+05  1.141E-07  6.354E-02  2.936E+02  3.512E+02
   0.00000   1    0.17359  29   1.017E+05  7.331E-08  6.357E-02  2.933E+02  3.512E+02
   0.00000   1    0.17991  30   1.017E+05  6.187E-08  6.360E-02  2.931E+02  3.512E+02
   0.00000   1    0.18622  31   1.017E+05  5.706E-08  6.363E-02  2.931E+02  3.512E+02
   0.00000   1    0.19253  32   1.017E+05  5.580E-08  6.365E-02  2.930E+02  3.512E+02
   0.00000   1    0.19884  33   1.017E+05  6.184E-08  6.367E-02  2.930E+02  3.512E+02
   0.00000   1    0.20516  34   1.017E+05  6.460E-08  6.369E-02  2.930E+02  3.512E+02
   0.00000   1    0.21147  35   1.017E+05  5.285E-08  6.370E-02  2.930E+02  3.512E+02
   0.00000   1    0.21778  36   1.017E+05  6.645E-08  6.371E-02  2.930E+02  3.512E+02
   0.00000   1    0.22409  37   1.016E+05 -9.079E-08  6.373E-02  2.930E+02  3.512E+02
   0.00000   1    0.23041  38   1.016E+05  1.589E-07  6.374E-02  2.930E+02  3.512E+02
   0.00000   1    0.23672  39   1.016E+05  3.640E-07  6.374E-02  2.930E+02  3.512E+02
   0.00000   1    0.24303  40   1.016E+05  6.251E-07  6.375E-02  2.930E+02  3.512E+02
   0.00000   1    0.24934  41   1.016E+05  4.616E-07  6.376E-02  2.930E+02  3.512E+02
   0.00000   1    0.25566  42   1.016E+05  3.031E-07  6.375E-02  2.930E+02  3.512E+02
   0.00000   1    0.26197  43   1.016E+05  3.313E-07  6.375E-02  2.930E+02  3.512E+02
   0.00000   1    0.26828  44   1.016E+05  1.915E-07  6.377E-02  2.930E+02  3.513E+02
   0.00000   1    0.27459  45   1.016E+05  4.620E-07  6.377E-02  2.930E+02  3.513E+02
   0.00000   1    0.28091  46   1.016E+05  5.319E-07  6.376E-02  2.930E+02  3.513E+02
   0.00000   1    0.28722  47   1.016E+05  5.673E-07  6.376E-02  2.930E+02  3.513E+02
   0.00000   1    0.29353  48   1.016E+05  4.213E-07  6.377E-02  2.930E+02  3.513E+02
   0.00000   1    0.29984  49   1.016E+05  4.447E-07  6.377E-02  2.930E+02  3.513E+02
   0.00000   1    0.30616  50   1.016E+05  5.599E-07  6.376E-02  2.930E+02  3.513E+02
   0.00000   1    0.31247  51   1.015E+05  4.965E-07  6.376E-02  2.930E+02  3.513E+02
   0.00000   1    0.31878  52   1.015E+05  4.614E-07  6.377E-02  2.930E+02  3.513E+02
   0.00000   1    0.32509  53   1.015E+05  2.492E-07  6.377E-02  2.930E+02  3.513E+02
   0.00000   1    0.33141  54   1.015E+05  4.266E-07  6.376E-02  2.930E+02  3.513E+02
   0.00000   1    0.33772  55   1.015E+05  4.277E-07  6.375E-02  2.930E+02  3.513E+02
   0.00000   1    0.34403  56   1.015E+05  4.730E-07  6.375E-02  2.930E+02  3.513E+02
   0.00000   1    0.35034  57   1.015E+05  4.423E-07  6.375E-02  2.930E+02  3.513E+02
   0.00000   1    0.35666  58   1.015E+05  4.720E-07  6.375E-02  2.930E+02  3.513E+02
   0.00000   1    0.36297  59   1.015E+05  6.317E-07  6.375E-02  2.930E+02  3.513E+02
   0.00000   1    0.36928  60   1.015E+05  1.187E-06  6.375E-02  2.930E+02  3.513E+02
   0.00000   1    0.37559  61   1.015E+05  5.900E-07  6.374E-02  2.930E+02  3.513E+02
   0.00000   1    0.38191  62   1.015E+05  3.832E-07  6.374E-02  2.930E+02  3.513E+02
   0.00000   1    0.38822  63   1.015E+05  3.106E-07  6.375E-02  2.930E+02  3.513E+02
   0.00000   1    0.39453  64   1.015E+05  3.040E-07  6.375E-02  2.930E+02  3.514E+02
   0.00000   1    0.40084  65   1.014E+05  2.324E-07  6.374E-02  2.930E+02  3.514E+02
   0.00000   1    0.40716  66   1.014E+05  1.758E-07  6.374E-02  2.930E+02  3.514E+02
   0.00000   1    0.41347  67   1.014E+05  1.557E-07  6.374E-02  2.930E+02  3.514E+02
   0.00000   1    0.41978  68   1.014E+05  1.327E-07  6.374E-02  2.930E+02  3.514E+02
   0.00000   1    0.42609  69   1.014E+05  1.269E-07  6.375E-02  2.930E+02  3.514E+02
   0.00000   1    0.43241  70   1.014E+05  1.297E-07  6.374E-02  2.930E+02  3.514E+02
   0.00000   1    0.43872  71   1.014E+05  1.452E-07  6.373E-02  2.930E+02  3.514E+02
   0.00000   1    0.44503  72   1.014E+05  2.249E-07  6.373E-02  2.930E+02  3.514E+02
   0.00000   1    0.45134  73   1.014E+05  2.108E-07  6.373E-02  2.930E+02  3.514E+02
   0.00000   1    0.45766  74   1.014E+05  9.546E-07  6.373E-02  2.930E+02  3.514E+02
   0.00000   1    0.46397  75   1.014E+05  3.953E-07  6.374E-02  2.930E+02  3.514E+02
   0.00000   1    0.47028  76   1.014E+05  2.231E-07  6.374E-02  2.930E+02  3.514E+02
   0.00000   1    0.47659  77   1.014E+05  1.383E-07  6.372E-02  2.930E+02  3.514E+02
   0.00000   1    0.48291  78   1.014E+05  9.648E-08  6.372E-02  2.930E+02  3.514E+02
   0.00000   1    0.48922  79   1.013E+05  6.336E-08  6.382E-02  2.930E+02  3.514E+02
   0.00000   1    0.49553  80   1.013E+05  3.887E-08  6.420E-02  2.930E+02  3.514E+02
   0.00000   1    0.50184  81   1.013E+05  2.623E-08  6.496E-02  2.930E+02  3.514E+02
   0.00000   1    0.50500  82   1.013E+05  2.623E-08  6.496E-02  2.930E+02  3.514E+02
   0.00620   2    0.00000   1   1.019E+05  0.000E+00  6.500E-02  2.930E+02  2.930E+02
   0.00620   2    0.00316   2   1.019E+05 -5.037E-07  6.318E-02  2.931E+02  2.930E+02
   0.00620   2    0.00947   3   1.019E+05 -1.067E-06  6.381E-02  2.933E+02  2.930E+02
   0.00620   2    0.01578   4   1.019E+05 -1.758E-06  6.391E-02  2.936E+02  2.930E+02
   0.00620   2    0.02209   5   1.019E+05 -9.691E-07  6.384E-02  2.941E+02  2.930E+02
   0.00620   2    0.02841   6   1.019E+05 -4.248E-07  6.375E-02  2.951E+02  2.930E+02
   0.00620   2    0.03472   7   1.019E+05 -3.172E-07  6.367E-02  2.968E+02  2.930E+02
   0.00620   2    0.04103   8   1.019E+05 -1.801E-07  6.359E-02  2.997E+02  2.930E+02
   0.00620   2    0.04734   9   1.018E+05 -1.150E-07  6.352E-02  3.043E+02  2.930E+02
   0.00620   2    0.05366  10   1.018E+05  1.025E-07  6.346E-02  3.115E+02  2.930E+02
   0.00620   2    0.05997  11   1.018E+05 -7.690E-08  6.340E-02  3.223E+02  2.930E+02
   0.00620   2    0.06628  12   1.018E+05 -7.532E-08  6.336E-02  3.379E+02  2.930E+02
   0.00620   2    0.07259  13   1.018E+05 -9.120E-08  6.330E-02  3.594E+02  2.930E+02
   0.00620   2    0.07891  14   1.018E+05 -6.577E-08  6.322E-02  3.881E+02  2.931E+02
   0.00620   2    0.08522  15   1.018E+05 -6.596E-08  6.309E-02  4.249E+02  2.958E+02
   0.00620   2    0.09153  16   1.018E+05 -6.350E-08  6.321E-02  4.706E+02  3.511E+02
   0.00620   2    0.09784  17   1.018E+05 -7.024E-08  6.313E-02  4.249E+02  3.511E+02
   0.00620   2    0.10416  18   1.018E+05 -8.753E-08  6.315E-02  3.881E+02  3.511E+02
   0.00620   2    0.11047  19   1.018E+05 -1.189E-07  6.319E-02  3.594E+02  3.511E+02
   0.00620   2    0.11678  20   1.018E+05 -1.730E-07  6.323E-02  3.379E+02  3.511E+02
   0.00620   2    0.12309  21   1.018E+05 -1.600E-07  6.328E-02  3.223E+02  3.511E+02
   0.00620   2    0.12941  22   1.018E+05 -2.924E-07  6.332E-02  3.115E+02  3.511E+02
   0.00620   2    0.13572  23   1.017E+05 -4.589E-07  6.335E-02  3.043E+02  3.511E+02
   0.00620   2    0.14203  24   1.017E+05 -2.242E-07  6.339E-02  2.997E+02  3.511E+02
   0.00620   2    0.14834  25   1.017E+05 -2.022E-08  6.344E-02  2.968E+02  3.512E+02
   0.00620   2    0.15466  26   1.017E+05  7.513E-08  6.347E-02  2.951E+02  3.512E+02
   0.00620   2    0.16097  27   1.017E+05  1.370E-07  6.351E-02  2.941E+02  3.512E+02
   0.00620   2    0.16728  28   1.017E+05  1.141E-07  6.354E-02  2.936E+02  3.512E+02
   0.00620   2    0.17359  29   1.017E+05  7.331E-08  6.357E-02  2.933E+02  3.512E+02
   0.00620   2    0.17991  30   1.017E+05  6.187E-08  6.360E-02  2.931E+02  3.512E+02
   0.00620   2    0.18622  31   1.017E+05  5.706E-08  6.363E-02  2.931E+02  3.512E+02
   0.00620   2    0.19253  32   1.017E+05  5.580E-08  6.365E-02  2.930E+02  3.512E+02
   0.00620   2    0.19884  33   1.017E+05  6.184E-08  6.367E-02  2.930E+02  3.512E+02
   0.00620   2    0.20516  34   1.017E+05  6.460E-08  6.369E-02  2.930E+02  3.512E+02
   0.00620   2    0.21147  35   1.017E+05  5.285E-08  6.370E-02  2.930E+02  3.512E+02
   0.00620   2    0.21778  36   1.017E+05  6.645E-08  6.371E-02  2.930E+02  3.512E+02
   0.00620   2    0.22409  37   1.016E+05 -9.079E-08  6.373E-02  2.930E+02  3.512E+02
   0.00620   2    0.23041  38   1.016E+05  1.589E-07  6.374E-02  2.930E+02  3.512E+02
   0.00620   2    0.23672  39   1.016E+05  3.640E-07  6.374E-02  2.930E+02  3.512E+02
   0.00620   2    0.24303  40   1.016E+05  6.251E-07  6.375E-02  2.930E+02  3.512E+02
   0.00620   2    0.24934  41   1.016E+05  4.616E-07  6.376E-02  2.930E+02  3.512E+02
   0.00620   2    0.25566  42   1.016E+05  3.031E-07  6.375E-02  2.930E+02  3.512E+02
   0.00620   2    0.26197  43   1.016E+05  3.313E-07  6.375E-02  2.930E+02  3.512E+02
   0.00620   2    0.26828  44   1.016E+05  1.915E-07  6.377E-02  2.930E+02  3.513E+02
   0.00620   2    0.27459  45   1.016E+05  4.620E-07  6.377E-02  2.930E+02  3.513E+02
   0.00620   2    0.28091  46   1.016E+05  5.319E-07  6.376E-02  2.930E+02  3.513E+02
   0.00620   2    0.28722  47   1.016E+05  5.673E-07  6.376E-02  2.930E+02  3.513E+02
   0.00620   2    0.29353  48   1.016E+05  4.213E-07  6.377E-02  2.930E+02  3.513E+02
   0.00620   2    0.29984  49   1.016E+05  4.447E-07  6.377E-02  2.930E+02  3.513E+02
   0.00620   2    0.30616  50   1.016E+05  5.599E-07  6.376E-02  2.930E+02  3.513E+02
   0.00620   2    0.31247  51   1.015E+05  4.965E-07  6.376E-02  2.930E+02  3.513E+02
   0.00620   2    0.31878  52   1.015E+05  4.614E-07  6.377E-02  2.930E+02  3.513E+02
   0.00620   2    0.32509  53   1.015E+05  2.492E-07  6.377E-02  2.930E+02  3.513E+02
   0.00620   2    0.33141  54   1.015E+05  4.266E-07  6.376E-02  2.930E+02  3.513E+02
   0.00620   2    0.33772  55   1.015E+05  4.277E-07  6.375E-02  2.930E+02  3.513E+02
   0.00620   2    0.34403  56   1.015E+05  4.730E-07  6.375E-02  2.930E+02  3.513E+02
   0.00620   2    0.35034  57   1.015E+05  4.423E-07  6.375E-02  2.930E+02  3.513E+02
   0.00620   2    0.35666  58   1.015E+05  4.720E-07  6.375E-02  2.930E+02  3.513E+02
   0.00620   2    0.36297  59   1.015E+05  6.317E-07  6.375E-02  2.930E+02  3.513E+02
   0.00620   2    0.36928  60   1.015E+05  1.187E-06  6.375E-02  2.930E+02  3.513E+02
   0.00620   2    0.37559  61   1.015E+05  5.900E-07  6.374E-02  2.930E+02  3.513E+02
   0.00620   2    0.38191  62   1.015E+05  3.832E-07  6.374E-02  2.930E+02  3.513E+02
   0.00620   2    0.38822  63   1.015E+05  3.106E-07  6.375E-02  2.930E+02  3.513E+02
   0.00620   2    0.39453  64   1.015E+05  3.040E-07  6.375E-02  2.930E+02  3.514E+02
   0.00620   2    0.40084  65   1.014E+05  2.324E-07  6.374E-02  2.930E+02  3.514E+02
   0.00620   2    0.40716  66   1.014E+05  1.758E-07  6.374E-02  2.930E+02  3.514E+02
   0.00620   2    0.41347  67   1.014E+05  1.557E-07  6.374E-02  2.930E+02  3.514E+02
   0.00620   2    0.41978  68   1.014E+05  1.327E-07  6.374E-02  2.930E+02  3.514E+02
   0.00620   2    0.42609  69   1.014E+05  1.269E-07  6.375E-02  2.930E+02  3.514E+02
   0.00620   2    0.43241  70   1.014E+05  1.297E-07  6.374E-02  2.930E+02  3.514E+02
   0.00620   2    0.43872  71   1.014E+05  1.452E-07  6.373E-02  2.930E+02  3.514E+02
   0.00620   2    0.44503  72   1.014E+05  2.249E-07  6.373E-02  2.930E+02  3.514E+02
   0.00620   2    0.45134  73   1.014E+05  2.108E-07  6.373E-02  2.930E+02  3.514E+02
   0.00620   2    0.45766  74   1.014E+05  9.546E-07  6.373E-02  2.930E+02  3.514E+02
   0.00620   2    0.46397  75   1.014E+05  3.953E-07  6.374E-02  2.930E+02  3.514E+02
   0.00620   2    0.47028  76   1.014E+05  2.231E-07  6.374E-02  2.930E+02  3.514E+02
   0.00620   2    0.47659  77   1.014E+05  1.383E-07  6.372E-02  2.930E+02  3.514E+02
   0.00620   2    0.48291  78   1.014E+05  9.648E-08  6.372E-02  2.930E+02  3.514E+02
   0.00620   2    0.48922  79   1.013E+05  6.336E-08  6.382E-02  2.930E+02  3.514E+02
   0.00620   2    0.49553  80   1.013E+05  3.887E-08  6.420E-02  2.930E+02  3.514E+02
   0.00620   2    0.50184  81   1.013E+05  2.623E-08  6.496E-02  2.930E+02  3.514E+02
   0.00620   2    0.50500  82   1.013E+05  0.000E+00  6.496E-02  2.930E+02  3.514E+02
   0.01861   3    0.00000   1   1.019E+05  0.000E+00  6.500E-02  2.930E+02  2.930E+02
   0.01861   3    0.00316   2   1.019E+05 -7.406E-07  6.318E-02  2.931E+02  2.930E+02
   0.01861   3    0.00947   3   1.019E+05 -2.626E-06  6.380E-02  2.933E+02  2.930E+02
   0.01861   3    0.01578   4   1.019E+05 -6.033E-06  6.391E-02  2.936E+02  2.930E+02
   0.01861   3    0.02209   5   1.019E+05 -2.177E-06  6.384E-02  2.941E+02  2.930E+02
   0.01861   3    0.02841   6   1.019E+05 -9.955E-08  6.375E-02  2.951E+02  2.930E+02
   0.01861   3    0.03472   7   1.019E+05 -4.300E-07  6.367E-02  2.968E+02  2.930E+02
   0.01861   3    0.04103   8   1.019E+05 -3.000E-07  6.359E-02  2.997E+02  2.930E+02
   0.01861   3    0.04734   9   1.018E+05 -2.333E-07  6.352E-02  3.043E+02  2.930E+02
   0.01861   3    0.05366  10   1.018E+05  1.508E-08  6.346E-02  3.115E+02  2.930E+02
   0.01861   3    0.05997  11   1.018E+05 -1.944E-07  6.340E-02  3.223E+02  2.930E+02
   0.01861   3    0.06628  12   1.018E+05 -2.004E-07  6.336E-02  3.379E+02  2.930E+02
   0.01861   3    0.07259  13   1.018E+05 -1.607E-07  6.330E-02  3.594E+02  2.930E+02
   0.01861   3    0.07891  14   1.018E+05  1.021E-07  6.322E-02  3.881E+02  2.931E+02
   0.01861   3    0.08522  15   1.018E+05 -8.269E-08  6.309E-02  4.249E+02  2.958E+02
   0.01861   3    0.09153  16   1.018E+05 -8.510E-08  6.321E-02  4.706E+02  3.511E+02
   0.01861   3    0.09784  17   1.018E+05 -1.010E-07  6.313E-02  4.249E+02  3.511E+02
   0.01861   3    0.10416  18   1.018E+05 -1.030E-07  6.315E-02  3.881E+02  3.511E+02
   0.01861   3    0.11047  19   1.018E+05 -8.891E-08  6.319E-02  3.594E+02  3.511E+02
   0.01861   3    0.11678  20   1.018E+05 -9.504E-08  6.323E-02  3.379E+02  3.511E+02
   0.01861   3    0.12309  21   1.018E+05  4.485E-07  6.328E-02  3.223E+02  3.511E+02
   0.01861   3    0.12941  22   1.018E+05 -1.319E-06  6.332E-02  3.115E+02  3.511E+02
   0.01861   3    0.13572  23   1.017E+05 -4.501E-06  6.335E-02  3.043E+02  3.511E+02
   0.01861   3    0.14203  24   1.017E+05 -1.184E-06  6.339E-02  2.997E+02  3.511E+02
   0.01861   3    0.14834  25   1.017E+05  7.476E-07  6.344E-02  2.968E+02  3.512E+02
   0.01861   3    0.15466  26   1.017E+05  5.112E-07  6.347E-02  2.951E+02  3.512E+02
   0.01861   3    0.16097  27   1.017E+05  7.235E-07  6.351E-02  2.941E+02  3.512E+02
   0.01861   3    0.16728  28   1.017E+05  3.869E-07  6.354E-02  2.936E+02  3.512E+02
   0.01861   3    0.17359  29   1.017E+05  6.577E-08  6.357E-02  2.933E+02  3.512E+02
   0.01861   3    0.17991  30   1.017E+05 -2.567E-08  6.360E-02  2.931E+02  3.512E+02
   0.01861   3    0.18622  31   1.017E+05 -2.768E-08  6.363E-02  2.931E+02  3.512E+02
   0.01861   3    0.19253  32   1.017E+05  4.607E-08  6.365E-02  2.930E+02  3.512E+02
   0.01861   3    0.19884  33   1.017E+05  1.195E-07  6.367E-02  2.930E+02  3.512E+02
   0.01861   3    0.20516  34   1.017E+05  1.620E-07  6.369E-02  2.930E+02  3.512E+02
   0.01861   3    0.21147  35   1.017E+05  1.668E-07  6.370E-02  2.930E+02  3.512E+02
   0.01861   3    0.21778  36   1.017E+05  1.661E-07  6.371E-02  2.930E+02  3.512E+02
   0.01861   3    0.22409  37   1.016E+05 -2.138E-08  6.373E-02  2.930E+02  3.512E+02
   0.01861   3    0.23041  38   1.016E+05 -2.643E-07  6.374E-02  2.930E+02  3.512E+02
   0.01861   3    0.23672  39   1.016E+05  1.669E-06  6.374E-02  2.930E+02  3.512E+02
   0.01861   3    0.24303  40   1.016E+05  5.048E-06  6.375E-02  2.930E+02  3.512E+02
   0.01861   3    0.24934  41   1.016E+05  1.858E-06  6.376E-02  2.930E+02  3.512E+02
   0.01861   3    0.25566  42   1.016E+05  2.941E-08  6.375E-02  2.930E+02  3.512E+02
   0.01861   3    0.26197  43   1.016E+05  6.788E-07  6.375E-02  2.930E+02  3.512E+02
   0.01861   3    0.26828  44   1.016E+05  6.742E-07  6.377E-02  2.930E+02  3.513E+02
   0.01861   3    0.27459  45   1.016E+05  1.253E-06  6.377E-02  2.930E+02  3.513E+02
   0.01861   3    0.28091  46   1.016E+05  1.609E-06  6.376E-02  2.930E+02  3.513E+02
   0.01861   3    0.28722  47   1.016E+05  1.706E-06  6.376E-02  2.930E+02  3.513E+02
   0.01861   3    0.29353  48   1.016E+05  1.790E-06  6.377E-02  2.930E+02  3.513E+02
   0.01861   3    0.29984  49   1.016E+05  1.803E-06  6.377E-02  2.930E+02  3.513E+02
   0.01861   3    0.30616  50   1.016E+05  1.558E-06  6.376E-02  2.930E+02  3.513E+02
   0.01861   3    0.31247  51   1.015E+05  1.058E-06  6.376E-02  2.930E+02  3.513E+02
   0.01861   3    0.31878  52   1.015E+05  9.088E-07  6.377E-02  2.930E+02  3.513E+02
   0.01861   3    0.32509  53   1.015E+05  8.140E-07  6.377E-02  2.930E+02  3.513E+02
   0.01861   3    0.33141  54   1.015E+05  9.497E-07  6.376E-02  2.930E+02  3.513E+02
   0.01861   3    0.33772  55   1.015E+05  9.307E-07  6.375E-02  2.930E+02  3.513E+02
   0.01861   3    0.34403  56   1.015E+05  9.318E-07  6.375E-02  2.930E+02  3.513E+02
   0.01861   3    0.35034  57   1.015E+05  8.520E-07  6.375E-02  2.930E+02  3.513E+02
   0.01861   3    0.35666  58   1.015E+05  8.167E-07  6.375E-02  2.930E+02  3.513E+02
   0.01861   3    0.36297  59   1.015E+05  9.022E-07  6.375E-02  2.930E+02  3.513E+02
   0.01861   3    0.36928  60   1.015E+05  1.199E-06  6.375E-02  2.930E+02  3.513E+02
   0.01861   3    0.37559  61   1.015E+05  7.881E-07  6.374E-02  2.930E+02  3.513E+02
   0.01861   3    0.38191  62   1.015E+05  5.787E-07  6.374E-02  2.930E+02  3.513E+02
   0.01861   3    0.38822  63   1.015E+05  4.878E-07  6.375E-02  2.930E+02  3.513E+02
   0.01861   3    0.39453  64   1.015E+05  4.580E-07  6.375E-02  2.930E+02  3.514E+02
   0.01861   3    0.40084  65   1.014E+05  2.269E-07  6.374E-02  2.930E+02  3.514E+02
   0.01861   3    0.40716  66   1.014E+05  1.909E-07  6.374E-02  2.930E+02  3.514E+02
   0.01861   3    0.41347  67   1.014E+05  3.307E-07  6.374E-02  2.930E+02  3.514E+02
   0.01861   3    0.41978  68   1.014E+05  2.891E-07  6.374E-02  2.930E+02  3.514E+02
   0.01861   3    0.42609  69   1.014E+05  2.974E-07  6.375E-02  2.930E+02  3.514E+02
   0.01861   3    0.43241  70   1.014E+05  2.899E-07  6.374E-02  2.930E+02  3.514E+02
   0.01861   3    0.43872  71   1.014E+05  3.117E-07  6.373E-02  2.930E+02  3.514E+02
   0.01861   3    0.44503  72   1.014E+05  3.762E-07  6.373E-02  2.930E+02  3.514E+02
   0.01861   3    0.45134  73   1.014E+05  3.279E-07  6.373E-02  2.930E+02  3.514E+02
   0.01861   3    0.45766  74   1.014E+05  8.512E-07  6.373E-02  2.930E+02  3.514E+02
   0.01861   3    0.46397  75   1.014E+05  4.806E-07  6.373E-02  2.930E+02  3.514E+02
   0.01861   3    0.47028  76   1.014E+05  3.168E-07  6.374E-02  2.930E+02  3.514E+02
   0.01861   3    0.47659  77   1.014E+05  2.320E-07  6.372E-02  2.930E+02  3.514E+02
   0.01861   3    0.48291  78   1.014E+05  1.765E-07  6.372E-02  2.930E+02  3.514E+02
   0.01861   3    0.48922  79   1.013E+05  1.260E-07  6.382E-02  2.930E+02  3.514E+02
   0.01861   3    0.49553  80   1.013E+05  8.193E-08  6.420E-02  2.930E+02  3.514E+02
   0.01861   3    0.50184  81   1.013E+05  5.826E-08  6.496E-02  2.930E+02  3.514E+02
   0.01861   3    0.50500  82   1.013E+05  0.000E+00  6.496E-02  2.930E+02  3.514E+02
   0.03102   4    0.00000   1   1.019E+05  0.000E+00  6.500E-02  2.930E+02  2.930E+02
   0.03102   4    0.00316   2   1.019E+05 -8.714E-07  6.318E-02  2.931E+02  2.930E+02
   0.03102   4    0.00947   3   1.019E+05 -2.287E-06  6.380E-02  2.933E+02  2.930E+02
   0.03102   4    0.01578   4   1.019E+05 -5.105E-06  6.391E-02  2.936E+02  2.930E+02
   0.03102   4    0.02209   5   1.019E+05 -1.924E-06  6.385E-02  2.941E+02  2.930E+02
   0.03102   4    0.02841   6   1.019E+05 -1.645E-07  6.375E-02  2.951E+02  2.930E+02
   0.03102   4    0.03472   7   1.019E+05 -3.398E-07  6.367E-02  2.968E+02  2.930E+02
   0.03102   4    0.04103   8   1.019E+05 -3.246E-07  6.359E-02  2.997E+02  2.930E+02
   0.03102   4    0.04734   9   1.018E+05 -2.929E-07  6.352E-02  3.043E+02  2.930E+02
   0.03102   4    0.05366  10   1.018E+05 -2.340E-07  6.346E-02  3.115E+02  2.930E+02
   0.03102   4    0.05997  11   1.018E+05 -2.899E-07  6.340E-02  3.223E+02  2.930E+02
   0.03102   4    0.06628  12   1.018E+05 -3.355E-07  6.336E-02  3.379E+02  2.930E+02
   0.03102   4    0.07259  13   1.018E+05 -4.391E-07  6.330E-02  3.594E+02  2.930E+02
   0.03102   4    0.07891  14   1.018E+05 -3.671E-07  6.322E-02  3.881E+02  2.931E+02
   0.03102   4    0.08522  15   1.018E+05 -3.592E-07  6.309E-02  4.249E+02  2.958E+02
   0.03102   4    0.09153  16   1.018E+05 -1.849E-07  6.321E-02  4.706E+02  3.511E+02
   0.03102   4    0.09784  17   1.018E+05 -1.480E-07  6.313E-02  4.249E+02  3.511E+02
   0.03102   4    0.10416  18   1.018E+05 -9.493E-08  6.315E-02  3.881E+02  3.511E+02
   0.03102   4    0.11047  19   1.018E+05 -8.190E-08  6.319E-02  3.594E+02  3.511E+02
   0.03102   4    0.11678  20   1.018E+05 -8.450E-08  6.323E-02  3.379E+02  3.511E+02
   0.03102   4    0.12309  21   1.018E+05  4.760E-07  6.327E-02  3.223E+02  3.511E+02
   0.03102   4    0.12941  22   1.018E+05 -1.254E-06  6.331E-02  3.115E+02  3.511E+02
   0.03102   4    0.13572  23   1.017E+05 -4.430E-06  6.335E-02  3.043E+02  3.511E+02
   0.03102   4    0.14203  24   1.017E+05 -9.791E-07  6.340E-02  2.997E+02  3.511E+02
   0.03102   4    0.14834  25   1.017E+05  1.149E-06  6.344E-02  2.968E+02  3.512E+02
   0.03102   4    0.15466  26   1.017E+05  7.087E-07  6.347E-02  2.951E+02  3.512E+02
   0.03102   4    0.16097  27   1.017E+05  7.452E-07  6.351E-02  2.941E+02  3.512E+02
   0.03102   4    0.16728  28   1.017E+05  3.517E-07  6.354E-02  2.936E+02  3.512E+02
   0.03102   4    0.17359  29   1.017E+05 -1.627E-07  6.357E-02  2.933E+02  3.512E+02
   0.03102   4    0.17991  30   1.017E+05 -6.010E-07  6.360E-02  2.931E+02  3.512E+02
   0.03102   4    0.18622  31   1.017E+05 -5.853E-07  6.363E-02  2.931E+02  3.512E+02
   0.03102   4    0.19253  32   1.017E+05 -1.358E-07  6.365E-02  2.930E+02  3.512E+02
   0.03102   4    0.19884  33   1.017E+05  1.302E-07  6.367E-02  2.930E+02  3.512E+02
   0.03102   4    0.20516  34   1.017E+05  2.260E-07  6.369E-02  2.930E+02  3.512E+02
   0.03102   4    0.21147  35   1.017E+05  2.519E-07  6.370E-02  2.930E+02  3.512E+02
   0.03102   4    0.21778  36   1.017E+05  2.582E-07  6.371E-02  2.930E+02  3.512E+02
   0.03102   4    0.22409  37   1.016E+05  6.119E-08  6.373E-02  2.930E+02  3.512E+02
   0.03102   4    0.23041  38   1.016E+05 -1.911E-07  6.374E-02  2.930E+02  3.512E+02
   0.03102   4    0.23672  39   1.016E+05  1.752E-06  6.375E-02  2.930E+02  3.512E+02
   0.03102   4    0.24303  40   1.016E+05  4.965E-06  6.375E-02  2.930E+02  3.512E+02
   0.03102   4    0.24934  41   1.016E+05  2.002E-06  6.375E-02  2.930E+02  3.512E+02
   0.03102   4    0.25566  42   1.016E+05 -1.943E-08  6.375E-02  2.930E+02  3.512E+02
   0.03102   4    0.26197  43   1.016E+05  7.991E-07  6.376E-02  2.930E+02  3.512E+02
   0.03102   4    0.26828  44   1.016E+05  9.356E-07  6.377E-02  2.930E+02  3.513E+02
   0.03102   4    0.27459  45   1.016E+05  1.335E-06  6.377E-02  2.930E+02  3.513E+02
   0.03102   4    0.28091  46   1.016E+05  1.209E-06  6.376E-02  2.930E+02  3.513E+02
   0.03102   4    0.28722  47   1.016E+05  2.743E-06  6.376E-02  2.930E+02  3.513E+02
   0.03102   4    0.29353  48   1.016E+05  6.280E-06  6.377E-02  2.930E+02  3.513E+02
   0.03102   4    0.29984  49   1.016E+05  3.501E-06  6.377E-02  2.930E+02  3.513E+02
   0.03102   4    0.30616  50   1.016E+05  1.781E-06  6.376E-02  2.930E+02  3.513E+02
   0.03102   4    0.31247  51   1.015E+05  1.948E-06  6.376E-02  2.930E+02  3.513E+02
   0.03102   4    0.31878  52   1.015E+05  1.496E-06  6.377E-02  2.930E+02  3.513E+02
   0.03102   4    0.32509  53   1.015E+05  1.443E-06  6.377E-02  2.930E+02  3.513E+02
   0.03102   4    0.33141  54   1.015E+05  1.189E-06  6.376E-02  2.930E+02  3.513E+02
   0.03102   4    0.33772  55   1.015E+05  1.124E-06  6.375E-02  2.930E+02  3.513E+02
   0.03102   4    0.34403  56   1.015E+05  1.034E-06  6.375E-02  2.930E+02  3.513E+02
   0.03102   4    0.35034  57   1.015E+05  9.410E-07  6.375E-02  2.930E+02  3.513E+02
   0.03102   4    0.35666  58   1.015E+05  8.388E-07  6.375E-02  2.930E+02  3.513E+02
   0.03102   4    0.36297  59   1.015E+05  7.224E-07  6.375E-02  2.930E+02  3.513E+02
   0.03102   4    0.36928  60   1.015E+05  4.188E-07  6.375E-02  2.930E+02  3.513E+02
   0.03102   4    0.37559  61   1.015E+05  5.822E-07  6.374E-02  2.930E+02  3.513E+02
   0.03102   4    0.38191  62   1.015E+05  5.429E-07  6.374E-02  2.930E+02  3.513E+02
   0.03102   4    0.38822  63   1.015E+05  5.472E-07  6.375E-02  2.930E+02  3.513E+02
   0.03102   4    0.39453  64   1.015E+05  5.745E-07  6.375E-02  2.930E+02  3.514E+02
   0.03102   4    0.40084  65   1.014E+05  7.230E-07  6.374E-02  2.930E+02  3.514E+02
   0.03102   4    0.40716  66   1.014E+05  1.094E-06  6.374E-02  2.930E+02  3.514E+02
   0.03102   4    0.41347  67   1.014E+05  8.557E-07  6.374E-02  2.930E+02  3.514E+02
   0.03102   4    0.41978  68   1.014E+05  4.317E-07  6.374E-02  2.930E+02  3.514E+02
   0.03102   4    0.42609  69   1.014E+05  3.813E-07  6.375E-02  2.930E+02  3.514E+02
   0.03102   4    0.43241  70   1.014E+05  1.158E-07  6.374E-02  2.930E+02  3.514E+02
   0.03102   4    0.43872  71   1.014E+05  3.004E-07  6.373E-02  2.930E+02  3.514E+02
   0.03102   4    0.44503  72   1.014E+05  2.830E-07  6.373E-02  2.930E+02  3.514E+02
   0.03102   4    0.45134  73   1.014E+05  2.670E-07  6.373E-02  2.930E+02  3.514E+02
   0.03102   4    0.45766  74   1.014E+05  5.054E-08  6.373E-02  2.930E+02  3.514E+02
   0.03102   4    0.46397  75   1.014E+05  2.322E-07  6.374E-02  2.930E+02  3.514E+02
   0.03102   4    0.47028  76   1.014E+05  2.156E-07  6.374E-02  2.930E+02  3.514E+02
   0.03102   4    0.47659  77   1.014E+05  2.034E-07  6.372E-02  2.930E+02  3.514E+02
   0.03102   4    0.48291  78   1.014E+05  1.706E-07  6.372E-02  2.930E+02  3.514E+02
   0.03102   4    0.48922  79   1.013E+05  1.334E-07  6.382E-02  2.930E+02  3.514E+02
   0.03102   4    0.49553  80   1.013E+05  9.170E-08  6.420E-02  2.930E+02  3.514E+02
   0.03102   4    0.50184  81   1.013E+05  6.838E-08  6.496E-02  2.930E+02  3.514E+02
   0.03102   4    0.50500  82   1.013E+05  0.000E+00  6.496E-02  2.930E+02  3.514E+02
   0.04342   5    0.00000   1   1.019E+05  0.000E+00  6.500E-02  2.930E+02  2.930E+02
   0.04342   5    0.00316   2   1.019E+05 -1.050E-06  6.318E-02  2.931E+02  2.930E+02
   0.04342   5    0.00947   3   1.019E+05 -1.191E-06  6.380E-02  2.933E+02  2.930E+02
   0.04342   5    0.01578   4   1.019E+05 -1.096E-06  6.391E-02  2.936E+02  2.930E+02
   0.04342   5    0.02209   5   1.019E+05 -9.688E-07  6.385E-02  2.941E+02  2.930E+02
   0.04342   5    0.02841   6   1.019E+05 -9.206E-07  6.375E-02  2.951E+02  2.930E+02
   0.04342   5    0.03472   7   1.019E+05 -5.931E-07  6.367E-02  2.968E+02  2.930E+02
   0.04342   5    0.04103   8   1.019E+05 -4.853E-07  6.359E-02  2.997E+02  2.930E+02
   0.04342   5    0.04734   9   1.018E+05 -4.019E-07  6.352E-02  3.043E+02  2.930E+02
   0.04342   5    0.05366  10   1.018E+05  5.595E-08  6.346E-02  3.115E+02  2.930E+02
   0.04342   5    0.05997  11   1.018E+05 -3.135E-07  6.340E-02  3.223E+02  2.930E+02
   0.04342   5    0.06628  12   1.018E+05  1.793E-07  6.336E-02  3.379E+02  2.930E+02
   0.04342   5    0.07259  13   1.018E+05 -1.672E-06  6.330E-02  3.594E+02  2.930E+02
   0.04342   5    0.07891  14   1.018E+05 -4.890E-06  6.322E-02  3.881E+02  2.931E+02
   0.04342   5    0.08522  15   1.018E+05 -1.632E-06  6.309E-02  4.249E+02  2.958E+02
   0.04342   5    0.09153  16   1.018E+05  2.776E-07  6.321E-02  4.706E+02  3.511E+02
   0.04342   5    0.09784  17   1.018E+05 -1.539E-07  6.313E-02  4.249E+02  3.511E+02
   0.04342   5    0.10416  18   1.018E+05 -1.258E-07  6.315E-02  3.881E+02  3.511E+02
   0.04342   5    0.11047  19   1.018E+05 -1.834E-07  6.319E-02  3.594E+02  3.511E+02
   0.04342   5    0.11678  20   1.018E+05 -2.326E-07  6.323E-02  3.379E+02  3.511E+02
   0.04342   5    0.12309  21   1.018E+05 -1.733E-07  6.327E-02  3.223E+02  3.511E+02
   0.04342   5    0.12941  22   1.018E+05 -2.482E-07  6.331E-02  3.115E+02  3.511E+02
   0.04342   5    0.13572  23   1.017E+05 -1.900E-07  6.335E-02  3.043E+02  3.511E+02
   0.04342   5    0.14203  24   1.017E+05  4.364E-08  6.340E-02  2.997E+02  3.512E+02
   0.04342   5    0.14834  25   1.017E+05  4.874E-07  6.344E-02  2.968E+02  3.512E+02
   0.04342   5    0.15466  26   1.017E+05  3.489E-07  6.347E-02  2.951E+02  3.512E+02
   0.04342   5    0.16097  27   1.017E+05  1.913E-07  6.351E-02  2.941E+02  3.512E+02
   0.04342   5    0.16728  28   1.017E+05  8.642E-08  6.354E-02  2.936E+02  3.512E+02
   0.04342   5    0.17359  29   1.017E+05 -1.981E-07  6.357E-02  2.933E+02  3.512E+02
   0.04342   5    0.17991  30   1.017E+05 -6.016E-07  6.360E-02  2.931E+02  3.512E+02
   0.04342   5    0.18622  31   1.017E+05 -5.743E-07  6.363E-02  2.931E+02  3.512E+02
   0.04342   5    0.19253  32   1.017E+05 -1.093E-07  6.365E-02  2.930E+02  3.512E+02
   0.04342   5    0.19884  33   1.017E+05  1.737E-07  6.367E-02  2.930E+02  3.512E+02
   0.04342   5    0.20516  34   1.017E+05  2.961E-07  6.369E-02  2.930E+02  3.512E+02
   0.04342   5    0.21147  35   1.017E+05  3.785E-07  6.370E-02  2.930E+02  3.512E+02
   0.04342   5    0.21778  36   1.017E+05  6.063E-07  6.371E-02  2.930E+02  3.512E+02
   0.04342   5    0.22409  37   1.016E+05  6.705E-07  6.373E-02  2.930E+02  3.512E+02
   0.04342   5    0.23041  38   1.016E+05  7.854E-07  6.374E-02  2.930E+02  3.512E+02
   0.04342   5    0.23672  39   1.016E+05  9.090E-07  6.375E-02  2.930E+02  3.512E+02
   0.04342   5    0.24303  40   1.016E+05  9.601E-07  6.375E-02  2.930E+02  3.512E+02
   0.04342   5    0.24934  41   1.016E+05  1.208E-06  6.375E-02  2.930E+02  3.512E+02
   0.04342   5    0.25566  42   1.016E+05  8.797E-07  6.375E-02  2.930E+02  3.512E+02
   0.04342   5    0.26197  43   1.016E+05  1.028E-06  6.376E-02  2.930E+02  3.512E+02
   0.04342   5    0.26828  44   1.016E+05  1.125E-06  6.377E-02  2.930E+02  3.513E+02
   0.04342   5    0.27459  45   1.016E+05  1.383E-06  6.377E-02  2.930E+02  3.513E+02
   0.04342   5    0.28091  46   1.016E+05  1.161E-06  6.376E-02  2.930E+02  3.513E+02
   0.04342   5    0.28722  47   1.016E+05  2.535E-06  6.377E-02  2.930E+02  3.513E+02
   0.04342   5    0.29353  48   1.016E+05  5.795E-06  6.377E-02  2.930E+02  3.513E+02
   0.04342   5    0.29984  49   1.016E+05  2.089E-06  6.376E-02  2.930E+02  3.513E+02
   0.04342   5    0.30616  50   1.016E+05  1.764E-06  6.376E-02  2.930E+02  3.513E+02
   0.04342   5    0.31247  51   1.015E+05  7.240E-06  6.376E-02  2.930E+02  3.513E+02
   0.04342   5    0.31878  52   1.015E+05  6.852E-06  6.377E-02  2.930E+02  3.513E+02
   0.04342   5    0.32509  53   1.015E+05  1.964E-06  6.377E-02  2.930E+02  3.513E+02
   0.04342   5    0.33141  54   1.015E+05  5.958E-07  6.376E-02  2.930E+02  3.513E+02
   0.04342   5    0.33772  55   1.015E+05  1.107E-06  6.375E-02  2.930E+02  3.513E+02
   0.04342   5    0.34403  56   1.015E+05  1.131E-06  6.375E-02  2.930E+02  3.513E+02
   0.04342   5    0.35034  57   1.015E+05  1.103E-06  6.375E-02  2.930E+02  3.513E+02
   0.04342   5    0.35666  58   1.015E+05  1.063E-06  6.375E-02  2.930E+02  3.513E+02
   0.04342   5    0.36297  59   1.015E+05  9.794E-07  6.375E-02  2.930E+02  3.513E+02
   0.04342   5    0.36928  60   1.015E+05  8.757E-07  6.375E-02  2.930E+02  3.513E+02
   0.04342   5    0.37559  61   1.015E+05  8.242E-07  6.374E-02  2.930E+02  3.513E+02
   0.04342   5    0.38191  62   1.015E+05  5.405E-07  6.374E-02  2.930E+02  3.513E+02
   0.04342   5    0.38822  63   1.015E+05  4.932E-07  6.375E-02  2.930E+02  3.514E+02
   0.04342   5    0.39453  64   1.015E+05  1.976E-07  6.375E-02  2.930E+02  3.514E+02
   0.04342   5    0.40084  65   1.014E+05  2.197E-06  6.374E-02  2.930E+02  3.514E+02
   0.04342   5    0.40716  66   1.014E+05  5.650E-06  6.374E-02  2.930E+02  3.514E+02
   0.04342   5    0.41347  67   1.014E+05  2.214E-06  6.374E-02  2.930E+02  3.514E+02
   0.04342   5    0.41978  68   1.014E+05 -1.327E-07  6.374E-02  2.930E+02  3.514E+02
   0.04342   5    0.42609  69   1.014E+05  4.337E-07  6.375E-02  2.930E+02  3.514E+02
   0.04342   5    0.43241  70   1.014E+05  1.247E-07  6.374E-02  2.930E+02  3.514E+02
   0.04342   5    0.43872  71   1.014E+05  3.392E-07  6.373E-02  2.930E+02  3.514E+02
   0.04342   5    0.44503  72   1.014E+05  3.197E-07  6.373E-02  2.930E+02  3.514E+02
   0.04342   5    0.45134  73   1.014E+05  3.271E-07  6.373E-02  2.930E+02  3.514E+02
   0.04342   5    0.45766  74   1.014E+05  3.143E-07  6.373E-02  2.930E+02  3.514E+02
   0.04342   5    0.46397  75   1.014E+05  3.004E-07  6.374E-02  2.930E+02  3.514E+02
   0.04342   5    0.47028  76   1.014E+05  2.452E-07  6.374E-02  2.930E+02  3.514E+02
   0.04342   5    0.47659  77   1.014E+05  2.265E-07  6.372E-02  2.930E+02  3.514E+02
   0.04342   5    0.48291  78   1.014E+05  1.806E-07  6.372E-02  2.930E+02  3.514E+02
   0.04342   5    0.48922  79   1.013E+05  1.401E-07  6.382E-02  2.930E+02  3.514E+02
   0.04342   5    0.49553  80   1.013E+05  9.549E-08  6.420E-02  2.930E+02  3.514E+02
   0.04342   5    0.50184  81   1.013E+05  7.112E-08  6.496E-02  2.930E+02  3.514E+02
   0.04342   5    0.50500  82   1.013E+05  0.000E+00  6.496E-02  2.930E+02  3.514E+02
   0.05583   6    0.00000   1   1.019E+05  0.000E+00  6.500E-02  2.930E+02  2.930E+02
   0.05583   6    0.00316   2   1.019E+05 -9.407E-07  6.318E-02  2.931E+02  2.930E+02
   0.05583   6    0.00947   3   1.019E+05 -7.719E-07  6.380E-02  2.933E+02  2.930E+02
   0.05583   6    0.01578   4   1.019E+05 -7.598E-07  6.391E-02  2.936E+02  2.930E+02
   0.05583   6    0.02209   5   1.019E+05 -7.400E-07  6.385E-02  2.941E+02  2.930E+02
   0.05583   6    0.02841   6   1.019E+05 -9.136E-07  6.375E-02  2.951E+02  2.930E+02
   0.05583   6    0.03472   7   1.019E+05 -8.148E-07  6.367E-02  2.968E+02  2.930E+02
   0.05583   6    0.04103   8   1.019E+05 -5.744E-07  6.359E-02  2.997E+02  2.930E+02
   0.05583   6    0.04734   9   1.018E+05 -8.272E-07  6.352E-02  3.043E+02  2.930E+02
   0.05583   6    0.05366  10   1.018E+05 -7.056E-07  6.346E-02  3.115E+02  2.930E+02
   0.05583   6    0.05997  11   1.018E+05 -8.819E-07  6.340E-02  3.223E+02  2.930E+02
   0.05583   6    0.06628  12   1.018E+05 -1.932E-07  6.335E-02  3.379E+02  2.930E+02
   0.05583   6    0.07259  13   1.018E+05 -1.993E-06  6.329E-02  3.594E+02  2.930E+02
   0.05583   6    0.07891  14   1.018E+05 -5.416E-06  6.322E-02  3.881E+02  2.931E+02
   0.05583   6    0.08522  15   1.018E+05 -1.993E-06  6.310E-02  4.249E+02  2.958E+02
   0.05583   6    0.09153  16   1.018E+05  1.228E-07  6.321E-02  4.706E+02  3.511E+02
   0.05583   6    0.09784  17   1.018E+05 -2.438E-07  6.313E-02  4.249E+02  3.511E+02
   0.05583   6    0.10416  18   1.018E+05 -2.170E-07  6.315E-02  3.881E+02  3.511E+02
   0.05583   6    0.11047  19   1.018E+05 -1.783E-07  6.319E-02  3.594E+02  3.511E+02
   0.05583   6    0.11678  20   1.018E+05 -1.191E-07  6.323E-02  3.379E+02  3.511E+02
   0.05583   6    0.12309  21   1.018E+05 -1.390E-07  6.327E-02  3.223E+02  3.511E+02
   0.05583   6    0.12941  22   1.018E+05 -1.622E-07  6.331E-02  3.115E+02  3.511E+02
   0.05583   6    0.13572  23   1.017E+05  8.674E-08  6.335E-02  3.043E+02  3.512E+02
   0.05583   6    0.14203  24   1.017E+05 -2.241E-08  6.340E-02  2.997E+02  3.512E+02
   0.05583   6    0.14834  25   1.017E+05  3.984E-08  6.344E-02  2.968E+02  3.512E+02
   0.05583   6    0.15466  26   1.017E+05  4.468E-08  6.347E-02  2.951E+02  3.512E+02
   0.05583   6    0.16097  27   1.017E+05  2.742E-08  6.351E-02  2.941E+02  3.512E+02
   0.05583   6    0.16728  28   1.017E+05  3.379E-08  6.354E-02  2.936E+02  3.512E+02
   0.05583   6    0.17359  29   1.017E+05  1.235E-08  6.357E-02  2.933E+02  3.512E+02
   0.05583   6    0.17991  30   1.017E+05  1.152E-08  6.360E-02  2.931E+02  3.512E+02
   0.05583   6    0.18622  31   1.017E+05  4.747E-08  6.363E-02  2.931E+02  3.512E+02
   0.05583   6    0.19253  32   1.017E+05  7.826E-08  6.365E-02  2.930E+02  3.512E+02
   0.05583   6    0.19884  33   1.017E+05  8.008E-08  6.367E-02  2.930E+02  3.512E+02
   0.05583   6    0.20516  34   1.017E+05  1.464E-07  6.369E-02  2.930E+02  3.512E+02
   0.05583   6    0.21147  35   1.017E+05 -2.470E-07  6.370E-02  2.930E+02  3.512E+02
   0.05583   6    0.21778  36   1.017E+05  1.680E-06  6.371E-02  2.930E+02  3.512E+02
   0.05583   6    0.22409  37   1.016E+05  5.035E-06  6.373E-02  2.930E+02  3.512E+02
   0.05583   6    0.23041  38   1.016E+05  2.110E-06  6.374E-02  2.930E+02  3.512E+02
   0.05583   6    0.23672  39   1.016E+05  6.212E-07  6.375E-02  2.930E+02  3.512E+02
   0.05583   6    0.24303  40   1.016E+05  9.823E-07  6.375E-02  2.930E+02  3.512E+02
   0.05583   6    0.24934  41   1.016E+05  1.318E-06  6.375E-02  2.930E+02  3.512E+02
   0.05583   6    0.25566  42   1.016E+05  1.223E-06  6.375E-02  2.930E+02  3.512E+02
   0.05583   6    0.26197  43   1.016E+05  1.314E-06  6.376E-02  2.930E+02  3.513E+02
   0.05583   6    0.26828  44   1.016E+05  1.590E-06  6.377E-02  2.930E+02  3.513E+02
   0.05583   6    0.27459  45   1.016E+05  1.389E-06  6.377E-02  2.930E+02  3.513E+02
   0.05583   6    0.28091  46   1.016E+05  1.625E-06  6.376E-02  2.930E+02  3.513E+02
   0.05583   6    0.28722  47   1.016E+05  1.354E-06  6.377E-02  2.930E+02  3.513E+02
   0.05583   6    0.29353  48   1.016E+05  1.397E-06  6.377E-02  2.930E+02  3.513E+02
   0.05583   6    0.29984  49   1.016E+05  8.571E-07  6.376E-02  2.930E+02  3.513E+02
   0.05583   6    0.30616  50   1.016E+05  2.329E-06  6.377E-02  2.930E+02  3.513E+02
   0.05583   6    0.31247  51   1.015E+05  7.217E-06  6.377E-02  2.930E+02  3.513E+02
   0.05583   6    0.31878  52   1.015E+05  7.197E-06  6.376E-02  2.930E+02  3.513E+02
   0.05583   6    0.32509  53   1.015E+05  2.100E-06  6.376E-02  2.930E+02  3.513E+02
   0.05583   6    0.33141  54   1.015E+05  7.312E-07  6.375E-02  2.930E+02  3.513E+02
   0.05583   6    0.33772  55   1.015E+05  1.211E-06  6.375E-02  2.930E+02  3.513E+02
   0.05583   6    0.34403  56   1.015E+05  1.278E-06  6.375E-02  2.930E+02  3.513E+02
   0.05583   6    0.35034  57   1.015E+05  1.082E-06  6.375E-02  2.930E+02  3.513E+02
   0.05583   6    0.35666  58   1.015E+05  1.236E-06  6.375E-02  2.930E+02  3.513E+02
   0.05583   6    0.36297  59   1.015E+05  1.156E-06  6.375E-02  2.930E+02  3.513E+02
   0.05583   6    0.36928  60   1.015E+05  1.120E-06  6.375E-02  2.930E+02  3.513E+02
   0.05583   6    0.37559  61   1.015E+05  1.427E-06  6.374E-02  2.930E+02  3.513E+02
   0.05583   6    0.38191  62   1.015E+05  1.549E-06  6.374E-02  2.930E+02  3.513E+02
   0.05583   6    0.38822  63   1.015E+05  1.318E-06  6.375E-02  2.930E+02  3.514E+02
   0.05583   6    0.39453  64   1.015E+05  6.134E-07  6.375E-02  2.930E+02  3.514E+02
   0.05583   6    0.40084  65   1.014E+05  2.393E-06  6.375E-02  2.930E+02  3.514E+02
   0.05583   6    0.40716  66   1.014E+05  5.859E-06  6.374E-02  2.930E+02  3.514E+02
   0.05583   6    0.41347  67   1.014E+05  2.816E-06  6.373E-02  2.930E+02  3.514E+02
   0.05583   6    0.41978  68   1.014E+05  6.570E-07  6.374E-02  2.930E+02  3.514E+02
   0.05583   6    0.42609  69   1.014E+05  9.571E-07  6.375E-02  2.930E+02  3.514E+02
   0.05583   6    0.43241  70   1.014E+05  4.824E-07  6.374E-02  2.930E+02  3.514E+02
   0.05583   6    0.43872  71   1.014E+05  4.514E-07  6.373E-02  2.930E+02  3.514E+02
   0.05583   6    0.44503  72   1.014E+05  3.655E-07  6.373E-02  2.930E+02  3.514E+02
   0.05583   6    0.45134  73   1.014E+05  3.182E-07  6.373E-02  2.930E+02  3.514E+02
   0.05583   6    0.45766  74   1.014E+05  2.538E-07  6.373E-02  2.930E+02  3.514E+02
   0.05583   6    0.46397  75   1.014E+05  2.218E-07  6.374E-02  2.930E+02  3.514E+02
   0.05583   6    0.47028  76   1.014E+05 -1.997E-08  6.374E-02  2.930E+02  3.514E+02
   0.05583   6    0.47659  77   1.014E+05  1.505E-07  6.372E-02  2.930E+02  3.514E+02
   0.05583   6    0.48291  78   1.014E+05  1.148E-07  6.372E-02  2.930E+02  3.514E+02
   0.05583   6    0.48922  79   1.013E+05  1.038E-07  6.382E-02  2.930E+02  3.514E+02
   0.05583   6    0.49553  80   1.013E+05  7.373E-08  6.420E-02  2.930E+02  3.514E+02
   0.05583   6    0.50184  81   1.013E+05  5.763E-08  6.496E-02  2.930E+02  3.514E+02
   0.05583   6    0.50500  82   1.013E+05  0.000E+00  6.496E-02  2.930E+02  3.514E+02
   0.06824   7    0.00000   1   1.019E+05  0.000E+00  6.500E-02  2.930E+02  2.930E+02
   0.06824   7    0.00316   2   1.019E+05 -1.284E-06  6.318E-02  2.931E+02  2.930E+02
   0.06824   7    0.00947   3   1.019E+05 -9.207E-07  6.380E-02  2.933E+02  2.930E+02
   0.06824   7    0.01578   4   1.019E+05 -1.105E-06  6.391E-02  2.936E+02  2.930E+02
   0.06824   7    0.02209   5   1.019E+05 -1.055E-06  6.385E-02  2.941E+02  2.930E+02
   0.06824   7    0.02841   6   1.019E+05 -1.047E-06  6.375E-02  2.951E+02  2.930E+02
   0.06824   7    0.03472   7   1.019E+05 -7.754E-07  6.367E-02  2.968E+02  2.930E+02
   0.06824   7    0.04103   8   1.019E+05 -5.975E-07  6.359E-02  2.997E+02  2.930E+02
   0.06824   7    0.04734   9   1.018E+05 -2.305E-06  6.352E-02  3.043E+02  2.930E+02
   0.06824   7    0.05366  10   1.018E+05 -5.549E-06  6.346E-02  3.115E+02  2.930E+02
   0.06824   7    0.05997  11   1.018E+05 -2.355E-06  6.340E-02  3.223E+02  2.930E+02
   0.06824   7    0.06628  12   1.018E+05 -3.921E-07  6.335E-02  3.379E+02  2.930E+02
   0.06824   7    0.07259  13   1.018E+05 -9.423E-07  6.329E-02  3.594E+02  2.930E+02
   0.06824   7    0.07891  14   1.018E+05 -1.151E-06  6.322E-02  3.881E+02  2.931E+02
   0.06824   7    0.08522  15   1.018E+05 -9.767E-07  6.310E-02  4.249E+02  2.958E+02
   0.06824   7    0.09153  16   1.018E+05 -5.482E-07  6.321E-02  4.706E+02  3.511E+02
   0.06824   7    0.09784  17   1.018E+05 -4.155E-07  6.313E-02  4.249E+02  3.511E+02
   0.06824   7    0.10416  18   1.018E+05 -3.554E-07  6.315E-02  3.881E+02  3.511E+02
   0.06824   7    0.11047  19   1.018E+05 -2.755E-07  6.319E-02  3.594E+02  3.511E+02
   0.06824   7    0.11678  20   1.018E+05 -2.070E-07  6.323E-02  3.379E+02  3.511E+02
   0.06824   7    0.12309  21   1.018E+05 -2.434E-07  6.327E-02  3.223E+02  3.511E+02
   0.06824   7    0.12941  22   1.018E+05 -2.860E-07  6.331E-02  3.115E+02  3.511E+02
   0.06824   7    0.13572  23   1.017E+05 -2.499E-07  6.335E-02  3.043E+02  3.512E+02
   0.06824   7    0.14203  24   1.017E+05 -2.038E-07  6.340E-02  2.997E+02  3.512E+02
   0.06824   7    0.14834  25   1.017E+05 -1.643E-07  6.344E-02  2.968E+02  3.512E+02
   0.06824   7    0.15466  26   1.017E+05 -9.118E-08  6.347E-02  2.951E+02  3.512E+02
   0.06824   7    0.16097  27   1.017E+05 -3.401E-08  6.351E-02  2.941E+02  3.512E+02
   0.06824   7    0.16728  28   1.017E+05  3.779E-08  6.354E-02  2.936E+02  3.512E+02
   0.06824   7    0.17359  29   1.017E+05  1.121E-07  6.357E-02  2.933E+02  3.512E+02
   0.06824   7    0.17991  30   1.017E+05  3.260E-07  6.360E-02  2.931E+02  3.512E+02
   0.06824   7    0.18622  31   1.017E+05  5.276E-07  6.363E-02  2.931E+02  3.512E+02
   0.06824   7    0.19253  32   1.017E+05  1.319E-07  6.365E-02  2.930E+02  3.512E+02
   0.06824   7    0.19884  33   1.017E+05 -2.755E-07  6.367E-02  2.930E+02  3.512E+02
   0.06824   7    0.20516  34   1.017E+05 -5.750E-08  6.369E-02  2.930E+02  3.512E+02
   0.06824   7    0.21147  35   1.017E+05 -3.036E-07  6.371E-02  2.930E+02  3.512E+02
   0.06824   7    0.21778  36   1.017E+05  1.652E-06  6.372E-02  2.930E+02  3.512E+02
   0.06824   7    0.22409  37   1.016E+05  5.033E-06  6.373E-02  2.930E+02  3.512E+02
   0.06824   7    0.23041  38   1.016E+05  2.120E-06  6.373E-02  2.930E+02  3.512E+02
   0.06824   7    0.23672  39   1.016E+05  6.040E-07  6.375E-02  2.930E+02  3.512E+02
   0.06824   7    0.24303  40   1.016E+05  9.926E-07  6.375E-02  2.930E+02  3.512E+02
   0.06824   7    0.24934  41   1.016E+05  9.635E-07  6.375E-02  2.930E+02  3.512E+02
   0.06824   7    0.25566  42   1.016E+05  1.090E-06  6.375E-02  2.930E+02  3.512E+02
   0.06824   7    0.26197  43   1.016E+05  1.296E-06  6.376E-02  2.930E+02  3.513E+02
   0.06824   7    0.26828  44   1.016E+05  1.592E-06  6.377E-02  2.930E+02  3.513E+02
   0.06824   7    0.27459  45   1.016E+05  1.237E-06  6.377E-02  2.930E+02  3.513E+02
   0.06824   7    0.28091  46   1.016E+05  1.419E-06  6.376E-02  2.930E+02  3.513E+02
   0.06824   7    0.28722  47   1.016E+05  1.439E-06  6.377E-02  2.930E+02  3.513E+02
   0.06824   7    0.29353  48   1.016E+05  8.383E-07  6.377E-02  2.930E+02  3.513E+02
   0.06824   7    0.29984  49   1.016E+05  2.706E-06  6.376E-02  2.930E+02  3.513E+02
   0.06824   7    0.30616  50   1.016E+05  6.164E-06  6.377E-02  2.930E+02  3.513E+02
   0.06824   7    0.31247  51   1.015E+05  3.130E-06  6.377E-02  2.930E+02  3.513E+02
   0.06824   7    0.31878  52   1.015E+05  1.653E-06  6.376E-02  2.930E+02  3.513E+02
   0.06824   7    0.32509  53   1.015E+05  1.768E-06  6.375E-02  2.930E+02  3.513E+02
   0.06824   7    0.33141  54   1.015E+05  1.451E-06  6.375E-02  2.930E+02  3.513E+02
   0.06824   7    0.33772  55   1.015E+05  1.455E-06  6.375E-02  2.930E+02  3.513E+02
   0.06824   7    0.34403  56   1.015E+05  1.853E-06  6.375E-02  2.930E+02  3.513E+02
   0.06824   7    0.35034  57   1.015E+05  2.044E-06  6.375E-02  2.930E+02  3.513E+02
   0.06824   7    0.35666  58   1.015E+05  1.716E-06  6.375E-02  2.930E+02  3.513E+02
   0.06824   7    0.36297  59   1.015E+05  1.204E-06  6.375E-02  2.930E+02  3.513E+02
   0.06824   7    0.36928  60   1.015E+05  5.378E-07  6.375E-02  2.930E+02  3.513E+02
   0.06824   7    0.37559  61   1.015E+05  2.077E-06  6.374E-02  2.930E+02  3.513E+02
   0.06824   7    0.38191  62   1.015E+05  7.315E-06  6.374E-02  2.930E+02  3.513E+02
   0.06824   7    0.38822  63   1.015E+05  7.129E-06  6.375E-02  2.930E+02  3.514E+02
   0.06824   7    0.39453  64   1.015E+05  1.757E-06  6.375E-02  2.930E+02  3.514E+02
   0.06824   7    0.40084  65   1.014E+05  4.455E-07  6.375E-02  2.930E+02  3.514E+02
   0.06824   7    0.40716  66   1.014E+05  4.978E-07  6.374E-02  2.930E+02  3.514E+02
   0.06824   7    0.41347  67   1.014E+05  2.783E-06  6.373E-02  2.930E+02  3.514E+02
   0.06824   7    0.41978  68   1.014E+05  5.797E-06  6.374E-02  2.930E+02  3.514E+02
   0.06824   7    0.42609  69   1.014E+05  2.257E-06  6.375E-02  2.930E+02  3.514E+02
   0.06824   7    0.43241  70   1.014E+05 -5.444E-08  6.374E-02  2.930E+02  3.514E+02
   0.06824   7    0.43872  71   1.014E+05  3.402E-07  6.373E-02  2.930E+02  3.514E+02
   0.06824   7    0.44503  72   1.014E+05  2.639E-07  6.373E-02  2.930E+02  3.514E+02
   0.06824   7    0.45134  73   1.014E+05  2.488E-07  6.373E-02  2.930E+02  3.514E+02
   0.06824   7    0.45766  74   1.014E+05  1.973E-07  6.373E-02  2.930E+02  3.514E+02
   0.06824   7    0.46397  75   1.014E+05  1.664E-07  6.373E-02  2.930E+02  3.514E+02
   0.06824   7    0.47028  76   1.014E+05 -6.456E-08  6.373E-02  2.930E+02  3.514E+02
   0.06824   7    0.47659  77   1.014E+05  1.075E-07  6.372E-02  2.930E+02  3.514E+02
   0.06824   7    0.48291  78   1.014E+05  8.275E-08  6.372E-02  2.930E+02  3.514E+02
   0.06824   7    0.48922  79   1.013E+05  7.954E-08  6.382E-02  2.930E+02  3.514E+02
   0.06824   7    0.49553  80   1.013E+05  5.771E-08  6.420E-02  2.930E+02  3.514E+02
   0.06824   7    0.50184  81   1.013E+05  4.590E-08  6.496E-02  2.930E+02  3.514E+02
   0.06824   7    0.50500  82   1.013E+05  0.000E+00  6.496E-02  2.930E+02  3.514E+02
   0.08065   8    0.00000   1   1.019E+05  0.000E+00  6.500E-02  2.930E+02  2.930E+02
   0.08065   8    0.00316   2   1.019E+05 -1.426E-06  6.318E-02  2.931E+02  2.930E+02
   0.08065   8    0.00947   3   1.019E+05 -1.239E-06  6.380E-02  2.933E+02  2.930E+02
   0.08065   8    0.01578   4   1.019E+05 -1.225E-06  6.391E-02  2.936E+02  2.930E+02
   0.08065   8    0.02209   5   1.019E+05 -1.196E-06  6.385E-02  2.941E+02  2.930E+02
   0.08065   8    0.02841   6   1.019E+05 -1.026E-06  6.375E-02  2.951E+02  2.930E+02
   0.08065   8    0.03472   7   1.019E+05 -2.858E-06  6.367E-02  2.968E+02  2.930E+02
   0.08065   8    0.04103   8   1.019E+05 -5.533E-06  6.358E-02  2.997E+02  2.930E+02
   0.08065   8    0.04734   9   1.018E+05 -3.659E-06  6.351E-02  3.043E+02  2.930E+02
   0.08065   8    0.05366  10   1.018E+05 -4.958E-06  6.346E-02  3.115E+02  2.930E+02
   0.08065   8    0.05997  11   1.018E+05 -2.141E-06  6.341E-02  3.223E+02  2.930E+02
   0.08065   8    0.06628  12   1.018E+05  4.736E-08  6.336E-02  3.379E+02  2.930E+02
   0.08065   8    0.07259  13   1.018E+05 -5.178E-07  6.329E-02  3.594E+02  2.930E+02
   0.08065   8    0.07891  14   1.018E+05 -2.937E-07  6.322E-02  3.881E+02  2.931E+02
   0.08065   8    0.08522  15   1.018E+05 -2.887E-07  6.310E-02  4.249E+02  2.958E+02
   0.08065   8    0.09153  16   1.018E+05 -4.087E-07  6.321E-02  4.706E+02  3.511E+02
   0.08065   8    0.09784  17   1.018E+05 -3.641E-07  6.313E-02  4.249E+02  3.511E+02
   0.08065   8    0.10416  18   1.018E+05 -3.307E-07  6.315E-02  3.881E+02  3.511E+02
   0.08065   8    0.11047  19   1.018E+05 -3.566E-07  6.319E-02  3.594E+02  3.511E+02
   0.08065   8    0.11678  20   1.018E+05 -3.907E-07  6.323E-02  3.379E+02  3.511E+02
   0.08065   8    0.12309  21   1.018E+05 -3.053E-07  6.327E-02  3.223E+02  3.511E+02
   0.08065   8    0.12941  22   1.018E+05 -2.659E-07  6.331E-02  3.115E+02  3.511E+02
   0.08065   8    0.13572  23   1.017E+05 -3.007E-07  6.335E-02  3.043E+02  3.512E+02
   0.08065   8    0.14203  24   1.017E+05 -3.162E-07  6.340E-02  2.997E+02  3.512E+02
   0.08065   8    0.14834  25   1.017E+05 -2.225E-07  6.344E-02  2.968E+02  3.512E+02
   0.08065   8    0.15466  26   1.017E+05 -1.148E-07  6.347E-02  2.951E+02  3.512E+02
   0.08065   8    0.16097  27   1.017E+05 -6.489E-08  6.351E-02  2.941E+02  3.512E+02
   0.08065   8    0.16728  28   1.017E+05  5.683E-09  6.354E-02  2.936E+02  3.512E+02
   0.08065   8    0.17359  29   1.017E+05  9.003E-08  6.357E-02  2.933E+02  3.512E+02
   0.08065   8    0.17991  30   1.017E+05  2.961E-07  6.360E-02  2.931E+02  3.512E+02
   0.08065   8    0.18622  31   1.017E+05  5.024E-07  6.363E-02  2.931E+02  3.512E+02
   0.08065   8    0.19253  32   1.017E+05  1.204E-07  6.365E-02  2.930E+02  3.512E+02
   0.08065   8    0.19884  33   1.017E+05 -2.474E-07  6.367E-02  2.930E+02  3.512E+02
   0.08065   8    0.20516  34   1.017E+05 -3.876E-09  6.369E-02  2.930E+02  3.512E+02
   0.08065   8    0.21147  35   1.017E+05  2.470E-07  6.371E-02  2.930E+02  3.512E+02
   0.08065   8    0.21778  36   1.017E+05  5.310E-07  6.372E-02  2.930E+02  3.512E+02
   0.08065   8    0.22409  37   1.016E+05  6.488E-07  6.373E-02  2.930E+02  3.512E+02
   0.08065   8    0.23041  38   1.016E+05  7.757E-07  6.373E-02  2.930E+02  3.512E+02
   0.08065   8    0.23672  39   1.016E+05  7.027E-07  6.375E-02  2.930E+02  3.512E+02
   0.08065   8    0.24303  40   1.016E+05  7.688E-07  6.375E-02  2.930E+02  3.512E+02
   0.08065   8    0.24934  41   1.016E+05  6.301E-07  6.375E-02  2.930E+02  3.512E+02
   0.08065   8    0.25566  42   1.016E+05  9.335E-07  6.375E-02  2.930E+02  3.512E+02
   0.08065   8    0.26197  43   1.016E+05  1.004E-06  6.376E-02  2.930E+02  3.513E+02
   0.08065   8    0.26828  44   1.016E+05  1.152E-06  6.377E-02  2.930E+02  3.513E+02
   0.08065   8    0.27459  45   1.016E+05  7.090E-07  6.377E-02  2.930E+02  3.513E+02
   0.08065   8    0.28091  46   1.016E+05  2.566E-06  6.376E-02  2.930E+02  3.513E+02
   0.08065   8    0.28722  47   1.016E+05  6.011E-06  6.377E-02  2.930E+02  3.513E+02
   0.08065   8    0.29353  48   1.016E+05  2.476E-06  6.377E-02  2.930E+02  3.513E+02
   0.08065   8    0.29984  49   1.016E+05  2.270E-06  6.377E-02  2.930E+02  3.513E+02
   0.08065   8    0.30616  50   1.016E+05  6.013E-06  6.377E-02  2.930E+02  3.513E+02
   0.08065   8    0.31247  51   1.015E+05  3.008E-06  6.376E-02  2.930E+02  3.513E+02
   0.08065   8    0.31878  52   1.015E+05  1.195E-06  6.376E-02  2.930E+02  3.513E+02
   0.08065   8    0.32509  53   1.015E+05  1.364E-06  6.375E-02  2.930E+02  3.513E+02
   0.08065   8    0.33141  54   1.015E+05  1.077E-06  6.375E-02  2.930E+02  3.513E+02
   0.08065   8    0.33772  55   1.015E+05  5.854E-07  6.375E-02  2.930E+02  3.513E+02
   0.08065   8    0.34403  56   1.015E+05  2.824E-06  6.375E-02  2.930E+02  3.513E+02
   0.08065   8    0.35034  57   1.015E+05  6.106E-06  6.375E-02  2.930E+02  3.513E+02
   0.08065   8    0.35666  58   1.015E+05  2.791E-06  6.375E-02  2.930E+02  3.513E+02
   0.08065   8    0.36297  59   1.015E+05  5.103E-07  6.375E-02  2.930E+02  3.513E+02
   0.08065   8    0.36928  60   1.015E+05  4.077E-07  6.375E-02  2.930E+02  3.513E+02
   0.08065   8    0.37559  61   1.015E+05  1.881E-06  6.375E-02  2.930E+02  3.513E+02
   0.08065   8    0.38191  62   1.015E+05  7.223E-06  6.375E-02  2.930E+02  3.513E+02
   0.08065   8    0.38822  63   1.015E+05  7.244E-06  6.374E-02  2.930E+02  3.514E+02
   0.08065   8    0.39453  64   1.015E+05  1.772E-06  6.374E-02  2.930E+02  3.514E+02
   0.08065   8    0.40084  65   1.014E+05  8.403E-08  6.375E-02  2.930E+02  3.514E+02
   0.08065   8    0.40716  66   1.014E+05 -3.501E-07  6.374E-02  2.930E+02  3.514E+02
   0.08065   8    0.41347  67   1.014E+05  2.079E-06  6.374E-02  2.930E+02  3.514E+02
   0.08065   8    0.41978  68   1.014E+05  5.258E-06  6.374E-02  2.930E+02  3.514E+02
   0.08065   8    0.42609  69   1.014E+05  2.000E-06  6.374E-02  2.930E+02  3.514E+02
   0.08065   8    0.43241  70   1.014E+05 -1.257E-07  6.373E-02  2.930E+02  3.514E+02
   0.08065   8    0.43872  71   1.014E+05  2.862E-07  6.373E-02  2.930E+02  3.514E+02
   0.08065   8    0.44503  72   1.014E+05  2.315E-07  6.373E-02  2.930E+02  3.514E+02
   0.08065   8    0.45134  73   1.014E+05  2.256E-07  6.373E-02  2.930E+02  3.514E+02
   0.08065   8    0.45766  74   1.014E+05  1.991E-07  6.373E-02  2.930E+02  3.514E+02
   0.08065   8    0.46397  75   1.014E+05  1.752E-07  6.373E-02  2.930E+02  3.514E+02
   0.08065   8    0.47028  76   1.014E+05  1.361E-07  6.373E-02  2.930E+02  3.514E+02
   0.08065   8    0.47659  77   1.014E+05  1.270E-07  6.372E-02  2.930E+02  3.514E+02
   0.08065   8    0.48291  78   1.014E+05  1.028E-07  6.372E-02  2.930E+02  3.514E+02
   0.08065   8    0.48922  79   1.013E+05  8.021E-08  6.382E-02  2.930E+02  3.514E+02
   0.08065   8    0.49553  80   1.013E+05  5.446E-08  6.420E-02  2.930E+02  3.514E+02
   0.08065   8    0.50184  81   1.013E+05  4.063E-08  6.496E-02  2.930E+02  3.514E+02
   0.08065   8    0.50500  82   1.013E+05  0.000E+00  6.496E-02  2.930E+02  3.514E+02
   0.09305   9    0.00000   1   1.019E+05  0.000E+00  6.500E-02  2.930E+02  2.930E+02
   0.09305   9    0.00316   2   1.019E+05 -1.268E-06  6.318E-02  2.931E+02  2.930E+02
   0.09305   9    0.00947   3   1.019E+05 -1.131E-06  6.380E-02  2.933E+02  2.930E+02
   0.09305   9    0.01578   4   1.019E+05 -1.068E-06  6.391E-02  2.936E+02  2.930E+02
   0.09305   9    0.02209   5   1.019E+05 -5.733E-07  6.385E-02  2.941E+02  2.930E+02
   0.09305   9    0.02841   6   1.019E+05 -2.159E-06  6.375E-02  2.951E+02  2.930E+02
   0.09305   9    0.03472   7   1.019E+05 -7.680E-06  6.366E-02  2.968E+02  2.930E+02
   0.09305   9    0.04103   8   1.019E+05 -7.657E-06  6.358E-02  2.997E+02  2.930E+02
   0.09305   9    0.04734   9   1.018E+05 -2.175E-06  6.352E-02  3.043E+02  2.930E+02
   0.09305   9    0.05366  10   1.018E+05 -4.439E-07  6.346E-02  3.115E+02  2.930E+02
   0.09305   9    0.05997  11   1.018E+05 -6.171E-07  6.341E-02  3.223E+02  2.930E+02
   0.09305   9    0.06628  12   1.018E+05 -3.946E-07  6.336E-02  3.379E+02  2.930E+02
   0.09305   9    0.07259  13   1.018E+05 -5.171E-07  6.329E-02  3.594E+02  2.930E+02
   0.09305   9    0.07891  14   1.018E+05 -4.469E-07  6.322E-02  3.881E+02  2.931E+02
   0.09305   9    0.08522  15   1.018E+05 -2.389E-07  6.310E-02  4.249E+02  2.958E+02
   0.09305   9    0.09153  16   1.018E+05 -3.928E-07  6.321E-02  4.706E+02  3.511E+02
   0.09305   9    0.09784  17   1.018E+05 -3.532E-07  6.313E-02  4.249E+02  3.511E+02
   0.09305   9    0.10416  18   1.018E+05 -3.175E-07  6.315E-02  3.881E+02  3.511E+02
   0.09305   9    0.11047  19   1.018E+05 -3.179E-07  6.319E-02  3.594E+02  3.511E+02
   0.09305   9    0.11678  20   1.018E+05 -3.307E-07  6.323E-02  3.379E+02  3.511E+02
   0.09305   9    0.12309  21   1.018E+05  1.289E-07  6.327E-02  3.223E+02  3.511E+02
   0.09305   9    0.12941  22   1.018E+05 -2.520E-07  6.331E-02  3.115E+02  3.511E+02
   0.09305   9    0.13572  23   1.017E+05 -3.770E-07  6.336E-02  3.043E+02  3.512E+02
   0.09305   9    0.14203  24   1.017E+05 -3.820E-07  6.340E-02  2.997E+02  3.512E+02
   0.09305   9    0.14834  25   1.017E+05 -2.356E-07  6.344E-02  2.968E+02  3.512E+02
   0.09305   9    0.15466  26   1.017E+05 -1.512E-07  6.347E-02  2.951E+02  3.512E+02
   0.09305   9    0.16097  27   1.017E+05 -1.304E-07  6.351E-02  2.941E+02  3.512E+02
   0.09305   9    0.16728  28   1.017E+05 -2.847E-08  6.354E-02  2.936E+02  3.512E+02
   0.09305   9    0.17359  29   1.017E+05  7.398E-08  6.357E-02  2.933E+02  3.512E+02
   0.09305   9    0.17991  30   1.017E+05  1.193E-07  6.360E-02  2.931E+02  3.512E+02
   0.09305   9    0.18622  31   1.017E+05  1.455E-07  6.363E-02  2.931E+02  3.512E+02
   0.09305   9    0.19253  32   1.017E+05  9.839E-08  6.365E-02  2.930E+02  3.512E+02
   0.09305   9    0.19884  33   1.017E+05  6.693E-08  6.367E-02  2.930E+02  3.512E+02
   0.09305   9    0.20516  34   1.017E+05  9.703E-08  6.369E-02  2.930E+02  3.512E+02
   0.09305   9    0.21147  35   1.017E+05  1.559E-07  6.371E-02  2.930E+02  3.512E+02
   0.09305   9    0.21778  36   1.017E+05  2.349E-07  6.372E-02  2.930E+02  3.512E+02
   0.09305   9    0.22409  37   1.016E+05  1.221E-07  6.373E-02  2.930E+02  3.512E+02
   0.09305   9    0.23041  38   1.016E+05  4.072E-07  6.373E-02  2.930E+02  3.512E+02
   0.09305   9    0.23672  39   1.016E+05  4.894E-07  6.375E-02  2.930E+02  3.512E+02
   0.09305   9    0.24303  40   1.016E+05  6.100E-07  6.375E-02  2.930E+02  3.512E+02
   0.09305   9    0.24934  41   1.016E+05  6.812E-07  6.375E-02  2.930E+02  3.512E+02
   0.09305   9    0.25566  42   1.016E+05  7.991E-07  6.375E-02  2.930E+02  3.512E+02
   0.09305   9    0.26197  43   1.016E+05  6.906E-07  6.376E-02  2.930E+02  3.512E+02
   0.09305   9    0.26828  44   1.016E+05  1.155E-06  6.377E-02  2.930E+02  3.513E+02
   0.09305   9    0.27459  45   1.016E+05  9.751E-07  6.377E-02  2.930E+02  3.513E+02
   0.09305   9    0.28091  46   1.016E+05  2.752E-06  6.377E-02  2.930E+02  3.513E+02
   0.09305   9    0.28722  47   1.016E+05  6.111E-06  6.377E-02  2.930E+02  3.513E+02
   0.09305   9    0.29353  48   1.016E+05  3.078E-06  6.376E-02  2.930E+02  3.513E+02
   0.09305   9    0.29984  49   1.016E+05  1.363E-06  6.377E-02  2.930E+02  3.513E+02
   0.09305   9    0.30616  50   1.016E+05  2.013E-06  6.377E-02  2.930E+02  3.513E+02
   0.09305   9    0.31247  51   1.015E+05  2.031E-06  6.376E-02  2.930E+02  3.513E+02
   0.09305   9    0.31878  52   1.015E+05  1.492E-06  6.375E-02  2.930E+02  3.513E+02
   0.09305   9    0.32509  53   1.015E+05  1.108E-06  6.375E-02  2.930E+02  3.513E+02
   0.09305   9    0.33141  54   1.015E+05  8.911E-07  6.375E-02  2.930E+02  3.513E+02
   0.09305   9    0.33772  55   1.015E+05  3.384E-07  6.376E-02  2.930E+02  3.513E+02
   0.09305   9    0.34403  56   1.015E+05  2.347E-06  6.376E-02  2.930E+02  3.513E+02
   0.09305   9    0.35034  57   1.015E+05  5.407E-06  6.375E-02  2.930E+02  3.513E+02
   0.09305   9    0.35666  58   1.015E+05  2.171E-06  6.374E-02  2.930E+02  3.513E+02
   0.09305   9    0.36297  59   1.015E+05  3.206E-07  6.375E-02  2.930E+02  3.513E+02
   0.09305   9    0.36928  60   1.015E+05  8.147E-07  6.375E-02  2.930E+02  3.513E+02
   0.09305   9    0.37559  61   1.015E+05  1.026E-06  6.375E-02  2.930E+02  3.513E+02
   0.09305   9    0.38191  62   1.015E+05  1.242E-06  6.375E-02  2.930E+02  3.513E+02
   0.09305   9    0.38822  63   1.015E+05  1.665E-06  6.374E-02  2.930E+02  3.513E+02
   0.09305   9    0.39453  64   1.015E+05  1.228E-06  6.374E-02  2.930E+02  3.514E+02
   0.09305   9    0.40084  65   1.014E+05  7.879E-07  6.375E-02  2.930E+02  3.514E+02
   0.09305   9    0.40716  66   1.014E+05  6.240E-07  6.374E-02  2.930E+02  3.514E+02
   0.09305   9    0.41347  67   1.014E+05  7.613E-07  6.374E-02  2.930E+02  3.514E+02
   0.09305   9    0.41978  68   1.014E+05  4.908E-07  6.374E-02  2.930E+02  3.514E+02
   0.09305   9    0.42609  69   1.014E+05  6.301E-07  6.374E-02  2.930E+02  3.514E+02
   0.09305   9    0.43241  70   1.014E+05  3.612E-07  6.373E-02  2.930E+02  3.514E+02
   0.09305   9    0.43872  71   1.014E+05  3.111E-07  6.373E-02  2.930E+02  3.514E+02
   0.09305   9    0.44503  72   1.014E+05  2.491E-07  6.373E-02  2.930E+02  3.514E+02
   0.09305   9    0.45134  73   1.014E+05  2.071E-07  6.373E-02  2.930E+02  3.514E+02
   0.09305   9    0.45766  74   1.014E+05  1.698E-07  6.373E-02  2.930E+02  3.514E+02
   0.09305   9    0.46397  75   1.014E+05  1.380E-07  6.373E-02  2.930E+02  3.514E+02
   0.09305   9    0.47028  76   1.014E+05  1.069E-07  6.373E-02  2.930E+02  3.514E+02
   0.09305   9    0.47659  77   1.014E+05  1.008E-07  6.372E-02  2.930E+02  3.514E+02
   0.09305   9    0.48291  78   1.014E+05  8.980E-08  6.372E-02  2.930E+02  3.514E+02
   0.09305   9    0.48922  79   1.013E+05  6.640E-08  6.382E-02  2.930E+02  3.514E+02
   0.09305   9    0.49553  80   1.013E+05  4.011E-08  6.420E-02  2.930E+02  3.514E+02
   0.09305   9    0.50184  81   1.013E+05  2.857E-08  6.496E-02  2.930E+02  3.514E+02
   0.09305   9    0.50500  82   1.013E+05  0.000E+00  6.496E-02  2.930E+02  3.514E+02
   0.10546  10    0.00000   1   1.019E+05  0.000E+00  6.500E-02  2.930E+02  2.930E+02
   0.10546  10    0.00316   2   1.019E+05 -1.057E-06  6.318E-02  2.931E+02  2.930E+02
   0.10546  10    0.00947   3   1.019E+05 -9.506E-07  6.380E-02  2.933E+02  2.930E+02
   0.10546  10    0.01578   4   1.019E+05 -9.059E-07  6.391E-02  2.936E+02  2.930E+02
   0.10546  10    0.02209   5   1.019E+05 -4.190E-07  6.385E-02  2.941E+02  2.930E+02
   0.10546  10    0.02841   6   1.019E+05 -2.346E-06  6.374E-02  2.951E+02  2.930E+02
   0.10546  10    0.03472   7   1.019E+05 -6.033E-06  6.366E-02  2.968E+02  2.930E+02
   0.10546  10    0.04103   8   1.019E+05 -2.935E-06  6.359E-02  2.997E+02  2.930E+02
   0.10546  10    0.04734   9   1.018E+05 -6.812E-07  6.353E-02  3.043E+02  2.930E+02
   0.10546  10    0.05366  10   1.018E+05 -4.771E-07  6.346E-02  3.115E+02  2.930E+02
   0.10546  10    0.05997  11   1.018E+05 -3.817E-07  6.341E-02  3.223E+02  2.930E+02
   0.10546  10    0.06628  12   1.018E+05 -5.000E-07  6.336E-02  3.379E+02  2.930E+02
   0.10546  10    0.07259  13   1.018E+05 -4.633E-07  6.329E-02  3.594E+02  2.930E+02
   0.10546  10    0.07891  14   1.018E+05 -4.258E-07  6.322E-02  3.881E+02  2.931E+02
   0.10546  10    0.08522  15   1.018E+05 -3.797E-07  6.310E-02  4.249E+02  2.958E+02
   0.10546  10    0.09153  16   1.018E+05 -3.470E-07  6.321E-02  4.706E+02  3.511E+02
   0.10546  10    0.09784  17   1.018E+05 -3.340E-07  6.313E-02  4.249E+02  3.511E+02
   0.10546  10    0.10416  18   1.018E+05 -1.391E-07  6.315E-02  3.881E+02  3.511E+02
   0.10546  10    0.11047  19   1.018E+05 -3.397E-07  6.319E-02  3.594E+02  3.511E+02
   0.10546  10    0.11678  20   1.018E+05 -4.724E-07  6.324E-02  3.379E+02  3.511E+02
   0.10546  10    0.12309  21   1.018E+05 -6.661E-07  6.327E-02  3.223E+02  3.511E+02
   0.10546  10    0.12941  22   1.018E+05 -5.392E-07  6.331E-02  3.115E+02  3.511E+02
   0.10546  10    0.13572  23   1.017E+05 -8.388E-07  6.336E-02  3.043E+02  3.512E+02
   0.10546  10    0.14203  24   1.017E+05 -5.207E-07  6.340E-02  2.997E+02  3.512E+02
   0.10546  10    0.14834  25   1.017E+05 -2.485E-07  6.344E-02  2.968E+02  3.512E+02
   0.10546  10    0.15466  26   1.017E+05 -1.809E-07  6.347E-02  2.951E+02  3.512E+02
   0.10546  10    0.16097  27   1.017E+05 -1.480E-07  6.351E-02  2.941E+02  3.512E+02
   0.10546  10    0.16728  28   1.017E+05 -7.384E-08  6.354E-02  2.936E+02  3.512E+02
   0.10546  10    0.17359  29   1.017E+05  1.116E-08  6.357E-02  2.933E+02  3.512E+02
   0.10546  10    0.17991  30   1.017E+05 -1.550E-07  6.360E-02  2.931E+02  3.512E+02
   0.10546  10    0.18622  31   1.017E+05  3.313E-08  6.363E-02  2.931E+02  3.512E+02
   0.10546  10    0.19253  32   1.017E+05  3.550E-08  6.365E-02  2.930E+02  3.512E+02
   0.10546  10    0.19884  33   1.017E+05  7.560E-08  6.367E-02  2.930E+02  3.512E+02
   0.10546  10    0.20516  34   1.017E+05  9.432E-08  6.369E-02  2.930E+02  3.512E+02
   0.10546  10    0.21147  35   1.017E+05  1.442E-07  6.371E-02  2.930E+02  3.512E+02
   0.10546  10    0.21778  36   1.017E+05  1.966E-07  6.372E-02  2.930E+02  3.512E+02
   0.10546  10    0.22409  37   1.016E+05  2.433E-07  6.373E-02  2.930E+02  3.512E+02
   0.10546  10    0.23041  38   1.016E+05  3.205E-07  6.373E-02  2.930E+02  3.512E+02
   0.10546  10    0.23672  39   1.016E+05  3.883E-07  6.375E-02  2.930E+02  3.512E+02
   0.10546  10    0.24303  40   1.016E+05  4.645E-07  6.375E-02  2.930E+02  3.512E+02
   0.10546  10    0.24934  41   1.016E+05  5.268E-07  6.375E-02  2.930E+02  3.512E+02
   0.10546  10    0.25566  42   1.016E+05  6.458E-07  6.375E-02  2.930E+02  3.512E+02
   0.10546  10    0.26197  43   1.016E+05  5.801E-07  6.376E-02  2.930E+02  3.512E+02
   0.10546  10    0.26828  44   1.016E+05  1.086E-06  6.377E-02  2.930E+02  3.513E+02
   0.10546  10    0.27459  45   1.016E+05  1.389E-06  6.377E-02  2.930E+02  3.513E+02
   0.10546  10    0.28091  46   1.016E+05  1.393E-06  6.377E-02  2.930E+02  3.513E+02
   0.10546  10    0.28722  47   1.016E+05  1.297E-06  6.377E-02  2.930E+02  3.513E+02
   0.10546  10    0.29353  48   1.016E+05  8.949E-07  6.376E-02  2.930E+02  3.513E+02
   0.10546  10    0.29984  49   1.016E+05  1.246E-06  6.377E-02  2.930E+02  3.513E+02
   0.10546  10    0.30616  50   1.016E+05  9.777E-07  6.377E-02  2.930E+02  3.513E+02
   0.10546  10    0.31247  51   1.015E+05  1.112E-06  6.376E-02  2.930E+02  3.513E+02
   0.10546  10    0.31878  52   1.015E+05  8.231E-07  6.375E-02  2.930E+02  3.513E+02
   0.10546  10    0.32509  53   1.015E+05  7.370E-07  6.375E-02  2.930E+02  3.513E+02
   0.10546  10    0.33141  54   1.015E+05  6.508E-07  6.375E-02  2.930E+02  3.513E+02
   0.10546  10    0.33772  55   1.015E+05  6.299E-07  6.376E-02  2.930E+02  3.513E+02
   0.10546  10    0.34403  56   1.015E+05  6.082E-07  6.376E-02  2.930E+02  3.513E+02
   0.10546  10    0.35034  57   1.015E+05  7.805E-07  6.375E-02  2.930E+02  3.513E+02
   0.10546  10    0.35666  58   1.015E+05  6.101E-07  6.374E-02  2.930E+02  3.513E+02
   0.10546  10    0.36297  59   1.015E+05  6.390E-07  6.375E-02  2.930E+02  3.513E+02
   0.10546  10    0.36928  60   1.015E+05  6.663E-07  6.375E-02  2.930E+02  3.513E+02
   0.10546  10    0.37559  61   1.015E+05  8.221E-07  6.375E-02  2.930E+02  3.513E+02
   0.10546  10    0.38191  62   1.015E+05  1.131E-06  6.375E-02  2.930E+02  3.513E+02
   0.10546  10    0.38822  63   1.015E+05  9.916E-07  6.374E-02  2.930E+02  3.513E+02
   0.10546  10    0.39453  64   1.015E+05  8.019E-07  6.374E-02  2.930E+02  3.514E+02
   0.10546  10    0.40084  65   1.014E+05  5.308E-07  6.375E-02  2.930E+02  3.514E+02
   0.10546  10    0.40716  66   1.014E+05  4.355E-07  6.374E-02  2.930E+02  3.514E+02
   0.10546  10    0.41347  67   1.014E+05  4.053E-07  6.374E-02  2.930E+02  3.514E+02
   0.10546  10    0.41978  68   1.014E+05  1.588E-07  6.374E-02  2.930E+02  3.514E+02
   0.10546  10    0.42609  69   1.014E+05  3.266E-07  6.374E-02  2.930E+02  3.514E+02
   0.10546  10    0.43241  70   1.014E+05  2.585E-07  6.373E-02  2.930E+02  3.514E+02
   0.10546  10    0.43872  71   1.014E+05  2.310E-07  6.373E-02  2.930E+02  3.514E+02
   0.10546  10    0.44503  72   1.014E+05  1.936E-07  6.373E-02  2.930E+02  3.514E+02
   0.10546  10    0.45134  73   1.014E+05  1.607E-07  6.373E-02  2.930E+02  3.514E+02
   0.10546  10    0.45766  74   1.014E+05  1.315E-07  6.373E-02  2.930E+02  3.514E+02
   0.10546  10    0.46397  75   1.014E+05  1.063E-07  6.373E-02  2.930E+02  3.514E+02
   0.10546  10    0.47028  76   1.014E+05  8.650E-08  6.373E-02  2.930E+02  3.514E+02
   0.10546  10    0.47659  77   1.014E+05  7.938E-08  6.372E-02  2.930E+02  3.514E+02
   0.10546  10    0.48291  78   1.014E+05  7.215E-08  6.372E-02  2.930E+02  3.514E+02
   0.10546  10    0.48922  79   1.013E+05  5.221E-08  6.382E-02  2.930E+02  3.514E+02
   0.10546  10    0.49553  80   1.013E+05  3.063E-08  6.420E-02  2.930E+02  3.514E+02
   0.10546  10    0.50184  81   1.013E+05  2.137E-08  6.496E-02  2.930E+02  3.514E+02
   0.10546  10    0.50500  82   1.013E+05  0.000E+00  6.496E-02  2.930E+02  3.514E+02
   0.11787  11    0.00000   1   1.019E+05  0.000E+00  6.500E-02  2.930E+02  2.930E+02
   0.11787  11    0.00316   2   1.019E+05 -4.553E-07  6.318E-02  2.931E+02  2.930E+02
   0.11787  11    0.00947   3   1.019E+05 -4.468E-07  6.380E-02  2.933E+02  2.930E+02
   0.11787  11    0.01578   4   1.019E+05 -4.501E-07  6.391E-02  2.936E+02  2.930E+02
   0.11787  11    0.02209   5   1.019E+05 -4.751E-07  6.384E-02  2.941E+02  2.930E+02
   0.11787  11    0.02841   6   1.019E+05 -6.485E-07  6.374E-02  2.951E+02  2.930E+02
   0.11787  11    0.03472   7   1.019E+05 -8.843E-07  6.366E-02  2.968E+02  2.930E+02
   0.11787  11    0.04103   8   1.019E+05 -5.068E-07  6.359E-02  2.997E+02  2.930E+02
   0.11787  11    0.04734   9   1.018E+05 -4.603E-07  6.353E-02  3.043E+02  2.930E+02
   0.11787  11    0.05366  10   1.018E+05 -3.510E-07  6.347E-02  3.115E+02  2.930E+02
   0.11787  11    0.05997  11   1.018E+05 -2.909E-07  6.341E-02  3.223E+02  2.930E+02
   0.11787  11    0.06628  12   1.018E+05 -2.489E-07  6.336E-02  3.379E+02  2.930E+02
   0.11787  11    0.07259  13   1.018E+05 -2.118E-07  6.329E-02  3.594E+02  2.930E+02
   0.11787  11    0.07891  14   1.018E+05 -1.826E-07  6.322E-02  3.881E+02  2.931E+02
   0.11787  11    0.08522  15   1.018E+05 -1.570E-07  6.310E-02  4.249E+02  2.958E+02
   0.11787  11    0.09153  16   1.018E+05 -1.329E-07  6.321E-02  4.706E+02  3.511E+02
   0.11787  11    0.09784  17   1.018E+05 -1.366E-07  6.313E-02  4.249E+02  3.511E+02
   0.11787  11    0.10416  18   1.018E+05  3.265E-08  6.315E-02  3.881E+02  3.511E+02
   0.11787  11    0.11047  19   1.018E+05 -2.096E-07  6.319E-02  3.594E+02  3.511E+02
   0.11787  11    0.11678  20   1.018E+05 -3.743E-07  6.323E-02  3.379E+02  3.511E+02
   0.11787  11    0.12309  21   1.018E+05 -9.554E-07  6.327E-02  3.223E+02  3.511E+02
   0.11787  11    0.12941  22   1.018E+05 -4.089E-07  6.331E-02  3.115E+02  3.511E+02
   0.11787  11    0.13572  23   1.017E+05 -6.242E-07  6.336E-02  3.043E+02  3.512E+02
   0.11787  11    0.14203  24   1.017E+05 -3.368E-07  6.341E-02  2.997E+02  3.512E+02
   0.11787  11    0.14834  25   1.017E+05 -1.379E-07  6.344E-02  2.968E+02  3.512E+02
   0.11787  11    0.15466  26   1.017E+05 -8.503E-08  6.347E-02  2.951E+02  3.512E+02
   0.11787  11    0.16097  27   1.017E+05 -5.363E-08  6.351E-02  2.941E+02  3.512E+02
   0.11787  11    0.16728  28   1.017E+05 -5.128E-08  6.354E-02  2.936E+02  3.512E+02
   0.11787  11    0.17359  29   1.017E+05 -2.954E-08  6.357E-02  2.933E+02  3.512E+02
   0.11787  11    0.17991  30   1.017E+05 -2.045E-07  6.360E-02  2.931E+02  3.512E+02
   0.11787  11    0.18622  31   1.017E+05 -1.628E-08  6.363E-02  2.931E+02  3.512E+02
   0.11787  11    0.19253  32   1.017E+05 -1.295E-08  6.365E-02  2.930E+02  3.512E+02
   0.11787  11    0.19884  33   1.017E+05  1.568E-08  6.367E-02  2.930E+02  3.512E+02
   0.11787  11    0.20516  34   1.017E+05  2.973E-08  6.369E-02  2.930E+02  3.512E+02
   0.11787  11    0.21147  35   1.017E+05  5.129E-08  6.371E-02  2.930E+02  3.512E+02
   0.11787  11    0.21778  36   1.017E+05  7.301E-08  6.372E-02  2.930E+02  3.512E+02
   0.11787  11    0.22409  37   1.016E+05  9.364E-08  6.373E-02  2.930E+02  3.512E+02
   0.11787  11    0.23041  38   1.016E+05  1.256E-07  6.373E-02  2.930E+02  3.512E+02
   0.11787  11    0.23672  39   1.016E+05  1.573E-07  6.375E-02  2.930E+02  3.512E+02
   0.11787  11    0.24303  40   1.016E+05  1.945E-07  6.375E-02  2.930E+02  3.512E+02
   0.11787  11    0.24934  41   1.016E+05  2.280E-07  6.375E-02  2.930E+02  3.512E+02
   0.11787  11    0.25566  42   1.016E+05  2.876E-07  6.375E-02  2.930E+02  3.512E+02
   0.11787  11    0.26197  43   1.016E+05  3.350E-07  6.376E-02  2.930E+02  3.512E+02
   0.11787  11    0.26828  44   1.016E+05  4.092E-07  6.377E-02  2.930E+02  3.513E+02
   0.11787  11    0.27459  45   1.016E+05  4.352E-07  6.377E-02  2.930E+02  3.513E+02
   0.11787  11    0.28091  46   1.016E+05  3.847E-07  6.377E-02  2.930E+02  3.513E+02
   0.11787  11    0.28722  47   1.016E+05  1.818E-07  6.377E-02  2.930E+02  3.513E+02
   0.11787  11    0.29353  48   1.016E+05 -3.167E-08  6.376E-02  2.930E+02  3.513E+02
   0.11787  11    0.29984  49   1.016E+05  3.579E-07  6.377E-02  2.930E+02  3.513E+02
   0.11787  11    0.30616  50   1.016E+05  1.602E-07  6.377E-02  2.930E+02  3.513E+02
   0.11787  11    0.31247  51   1.015E+05  3.231E-07  6.376E-02  2.930E+02  3.513E+02
   0.11787  11    0.31878  52   1.015E+05  2.669E-07  6.375E-02  2.930E+02  3.513E+02
   0.11787  11    0.32509  53   1.015E+05  2.388E-07  6.375E-02  2.930E+02  3.513E+02
   0.11787  11    0.33141  54   1.015E+05  1.871E-07  6.375E-02  2.930E+02  3.513E+02
   0.11787  11    0.33772  55   1.015E+05  1.473E-07  6.376E-02  2.930E+02  3.513E+02
   0.11787  11    0.34403  56   1.015E+05 -4.608E-08  6.376E-02  2.930E+02  3.513E+02
   0.11787  11    0.35034  57   1.015E+05 -5.307E-08  6.375E-02  2.930E+02  3.513E+02
   0.11787  11    0.35666  58   1.015E+05  1.795E-07  6.374E-02  2.930E+02  3.513E+02
   0.11787  11    0.36297  59   1.015E+05  2.531E-07  6.375E-02  2.930E+02  3.513E+02
   0.11787  11    0.36928  60   1.015E+05  3.722E-07  6.375E-02  2.930E+02  3.513E+02
   0.11787  11    0.37559  61   1.015E+05  5.867E-07  6.375E-02  2.930E+02  3.513E+02
   0.11787  11    0.38191  62   1.015E+05  1.153E-06  6.375E-02  2.930E+02  3.513E+02
   0.11787  11    0.38822  63   1.015E+05  6.350E-07  6.374E-02  2.930E+02  3.513E+02
   0.11787  11    0.39453  64   1.015E+05  4.249E-07  6.374E-02  2.930E+02  3.514E+02
   0.11787  11    0.40084  65   1.014E+05  3.053E-07  6.375E-02  2.930E+02  3.514E+02
   0.11787  11    0.40716  66   1.014E+05  2.522E-07  6.374E-02  2.930E+02  3.514E+02
   0.11787  11    0.41347  67   1.014E+05  2.236E-07  6.374E-02  2.930E+02  3.514E+02
   0.11787  11    0.41978  68   1.014E+05  1.938E-07  6.374E-02  2.930E+02  3.514E+02
   0.11787  11    0.42609  69   1.014E+05  1.735E-07  6.374E-02  2.930E+02  3.514E+02
   0.11787  11    0.43241  70   1.014E+05  1.392E-07  6.373E-02  2.930E+02  3.514E+02
   0.11787  11    0.43872  71   1.014E+05  1.121E-07  6.373E-02  2.930E+02  3.514E+02
   0.11787  11    0.44503  72   1.014E+05  8.947E-08  6.373E-02  2.930E+02  3.514E+02
   0.11787  11    0.45134  73   1.014E+05  7.124E-08  6.373E-02  2.930E+02  3.514E+02
   0.11787  11    0.45766  74   1.014E+05  5.671E-08  6.373E-02  2.930E+02  3.514E+02
   0.11787  11    0.46397  75   1.014E+05  4.534E-08  6.373E-02  2.930E+02  3.514E+02
   0.11787  11    0.47028  76   1.014E+05  3.683E-08  6.373E-02  2.930E+02  3.514E+02
   0.11787  11    0.47659  77   1.014E+05  3.173E-08  6.372E-02  2.930E+02  3.514E+02
   0.11787  11    0.48291  78   1.014E+05  2.716E-08  6.372E-02  2.930E+02  3.514E+02
   0.11787  11    0.48922  79   1.013E+05  2.084E-08  6.382E-02  2.930E+02  3.514E+02
   0.11787  11    0.49553  80   1.013E+05  1.410E-08  6.420E-02  2.930E+02  3.514E+02
   0.11787  11    0.50184  81   1.013E+05  1.036E-08  6.496E-02  2.930E+02  3.514E+02
   0.11787  11    0.50500  82   1.013E+05  0.000E+00  6.496E-02  2.930E+02  3.514E+02
   0.12407  12    0.00000   1   1.019E+05  0.000E+00  6.500E-02  2.930E+02  2.930E+02
   0.12407  12    0.00316   2   1.019E+05 -4.553E-07  6.318E-02  2.931E+02  2.930E+02
   0.12407  12    0.00947   3   1.019E+05 -4.468E-07  6.380E-02  2.933E+02  2.930E+02
   0.12407  12    0.01578   4   1.019E+05 -4.501E-07  6.391E-02  2.936E+02  2.930E+02
   0.12407  12    0.02209   5   1.019E+05 -4.751E-07  6.384E-02  2.941E+02  2.930E+02
   0.12407  12    0.02841   6   1.019E+05 -6.485E-07  6.374E-02  2.951E+02  2.930E+02
   0.12407  12    0.03472   7   1.019E+05 -8.843E-07  6.366E-02  2.968E+02  2.930E+02
   0.12407  12    0.04103   8   1.019E+05 -5.068E-07  6.359E-02  2.997E+02  2.930E+02
   0.12407  12    0.04734   9   1.018E+05 -4.603E-07  6.353E-02  3.043E+02  2.930E+02
   0.12407  12    0.05366  10   1.018E+05 -3.510E-07  6.347E-02  3.115E+02  2.930E+02
   0.12407  12    0.05997  11   1.018E+05 -2.909E-07  6.341E-02  3.223E+02  2.930E+02
   0.12407  12    0.06628  12   1.018E+05 -2.489E-07  6.336E-02  3.379E+02  2.930E+02
   0.12407  12    0.07259  13   1.018E+05 -2.118E-07  6.329E-02  3.594E+02  2.930E+02
   0.12407  12    0.07891  14   1.018E+05 -1.826E-07  6.322E-02  3.881E+02  2.931E+02
   0.12407  12    0.08522  15   1.018E+05 -1.570E-07  6.310E-02  4.249E+02  2.958E+02
   0.12407  12    0.09153  16   1.018E+05 -1.329E-07  6.321E-02  4.706E+02  3.511E+02
   0.12407  12    0.09784  17   1.018E+05 -1.366E-07  6.313E-02  4.249E+02  3.511E+02
   0.12407  12    0.10416  18   1.018E+05  3.265E-08  6.315E-02  3.881E+02  3.511E+02
   0.12407  12    0.11047  19   1.018E+05 -2.096E-07  6.319E-02  3.594E+02  3.511E+02
   0.12407  12    0.11678  20   1.018E+05 -3.743E-07  6.323E-02  3.379E+02  3.511E+02
   0.12407  12    0.12309  21   1.018E+05 -9.554E-07  6.327E-02  3.223E+02  3.511E+02
   0.12407  12    0.12941  22   1.018E+05 -4.089E-07  6.331E-02  3.115E+02  3.511E+02
   0.12407  12    0.13572  23   1.017E+05 -6.242E-07  6.336E-02  3.043E+02  3.512E+02
   0.12407  12    0.14203  24   1.017E+05 -3.368E-07  6.341E-02  2.997E+02  3.512E+02
   0.12407  12    0.14834  25   1.017E+05 -1.379E-07  6.344E-02  2.968E+02  3.512E+02
   0.12407  12    0.15466  26   1.017E+05 -8.503E-08  6.347E-02  2.951E+02  3.512E+02
   0.12407  12    0.16097  27   1.017E+05 -5.363E-08  6.351E-02  2.941E+02  3.512E+02
   0.12407  12    0.16728  28   1.017E+05 -5.128E-08  6.354E-02  2.936E+02  3.512E+02
   0.12407  12    0.17359  29   1.017E+05 -2.954E-08  6.357E-02  2.933E+02  3.512E+02
   0.12407  12    0.17991  30   1.017E+05 -2.045E-07  6.360E-02  2.931E+02  3.512E+02
   0.12407  12    0.18622  31   1.017E+05 -1.628E-08  6.363E-02  2.931E+02  3.512E+02
   0.12407  12    0.19253  32   1.017E+05 -1.295E-08  6.365E-02  2.930E+02  3.512E+02
   0.12407  12    0.19884  33   1.017E+05  1.568E-08  6.367E-02  2.930E+02  3.512E+02
   0.12407  12    0.20516  34   1.017E+05  2.973E-08  6.369E-02  2.930E+02  3.512E+02
   0.12407  12    0.21147  35   1.017E+05  5.129E-08  6.371E-02  2.930E+02  3.512E+02
   0.12407  12    0.21778  36   1.017E+05  7.301E-08  6.372E-02  2.930E+02  3.512E+02
   0.12407  12    0.22409  37   1.016E+05  9.364E-08  6.373E-02  2.930E+02  3.512E+02
   0.12407  12    0.23041  38   1.016E+05  1.256E-07  6.373E-02  2.930E+02  3.512E+02
   0.12407  12    0.23672  39   1.016E+05  1.573E-07  6.375E-02  2.930E+02  3.512E+02
   0.12407  12    0.24303  40   1.016E+05  1.945E-07  6.375E-02  2.930E+02  3.512E+02
   0.12407  12    0.24934  41   1.016E+05  2.280E-07  6.375E-02  2.930E+02  3.512E+02
   0.12407  12    0.25566  42   1.016E+05  2.876E-07  6.375E-02  2.930E+02  3.512E+02
   0.12407  12    0.26197  43   1.016E+05  3.350E-07  6.376E-02  2.930E+02  3.512E+02
   0.12407  12    0.26828  44   1.016E+05  4.092E-07  6.377E-02  2.930E+02  3.513E+02
   0.12407  12    0.27459  45   1.016E+05  4.352E-07  6.377E-02  2.930E+02  3.513E+02
   0.12407  12    0.28091  46   1.016E+05  3.847E-07  6.377E-02  2.930E+02  3.513E+02
   0.12407  12    0.28722  47   1.016E+05  1.818E-07  6.377E-02  2.930E+02  3.513E+02
   0.12407  12    0.29353  48   1.016E+05 -3.167E-08  6.376E-02  2.930E+02  3.513E+02
   0.12407  12    0.29984  49   1.016E+05  3.579E-07  6.377E-02  2.930E+02  3.513E+02
   0.12407  12    0.30616  50   1.016E+05  1.602E-07  6.377E-02  2.930E+02  3.513E+02
   0.12407  12    0.31247  51   1.015E+05  3.231E-07  6.376E-02  2.930E+02  3.513E+02
   0.12407  12    0.31878  52   1.015E+05  2.669E-07  6.375E-02  2.930E+02  3.513E+02
   0.12407  12    0.32509  53   1.015E+05  2.388E-07  6.375E-02  2.930E+02  3.513E+02
   0.12407  12    0.33141  54   1.015E+05  1.871E-07  6.375E-02  2.930E+02  3.513E+02
   0.12407  12    0.33772  55   1.015E+05  1.473E-07  6.376E-02  2.930E+02  3.513E+02
   0.12407  12    0.34403  56   1.015E+05 -4.608E-08  6.376E-02  2.930E+02  3.513E+02
   0.12407  12    0.35034  57   1.015E+05 -5.307E-08  6.375E-02  2.930E+02  3.513E+02
   0.12407  12    0.35666  58   1.015E+05  1.795E-07  6.374E-02  2.930E+02  3.513E+02
   0.12407  12    0.36297  59   1.015E+05  2.531E-07  6.375E-02  2.930E+02  3.513E+02
   0.12407  12    0.36928  60   1.015E+05  3.722E-07  6.375E-02  2.930E+02  3.513E+02
   0.12407  12    0.37559  61   1.015E+05  5.867E-07  6.375E-02  2.930E+02  3.513E+02
   0.12407  12    0.38191  62   1.015E+05  1.153E-06  6.375E-02  2.930E+02  3.513E+02
   0.12407  12    0.38822  63   1.015E+05  6.350E-07  6.374E-02  2.930E+02  3.513E+02
   0.12407  12    0.39453  64   1.015E+05  4.249E-07  6.374E-02  2.930E+02  3.514E+02
   0.12407  12    0.40084  65   1.014E+05  3.053E-07  6.375E-02  2.930E+02  3.514E+02
   0.12407  12    0.40716  66   1.014E+05  2.522E-07  6.374E-02  2.930E+02  3.514E+02
   0.12407  12    0.41347  67   1.014E+05  2.236E-07  6.374E-02  2.930E+02  3.514E+02
   0.12407  12    0.41978  68   1.014E+05  1.938E-07  6.374E-02  2.930E+02  3.514E+02
   0.12407  12    0.42609  69   1.014E+05  1.735E-07  6.374E-02  2.930E+02  3.514E+02
   0.12407  12    0.43241  70   1.014E+05  1.392E-07  6.373E-02  2.930E+02  3.514E+02
   0.12407  12    0.43872  71   1.014E+05  1.121E-07  6.373E-02  2.930E+02  3.514E+02
   0.12407  12    0.44503  72   1.014E+05  8.947E-08  6.373E-02  2.930E+02  3.514E+02
   0.12407  12    0.45134  73   1.014E+05  7.124E-08  6.373E-02  2.930E+02  3.514E+02
   0.12407  12    0.45766  74   1.014E+05  5.671E-08  6.373E-02  2.930E+02  3.514E+02
   0.12407  12    0.46397  75   1.014E+05  4.534E-08  6.373E-02  2.930E+02  3.514E+02
   0.12407  12    0.47028  76   1.014E+05  3.683E-08  6.373E-02  2.930E+02  3.514E+02
   0.12407  12    0.47659  77   1.014E+05  3.173E-08  6.372E-02  2.930E+02  3.514E+02
   0.12407  12    0.48291  78   1.014E+05  2.716E-08  6.372E-02  2.930E+02  3.514E+02
   0.12407  12    0.48922  79   1.013E+05  2.084E-08  6.382E-02  2.930E+02  3.514E+02
   0.12407  12    0.49553  80   1.013E+05  1.410E-08  6.420E-02  2.930E+02  3.514E+02
   0.12407  12    0.50184  81   1.013E+05  1.036E-08  6.496E-02  2.930E+02  3.514E+02
   0.12407  12    0.50500  82   1.013E+05  0.000E+00  6.496E-02  2.930E+02  3.514E+02
