VARIABLES="XP","YP","P","U","V","TS","TF"
ZONE T="Zone 001"I=    82 J=    12 F=POINT
  0.000E+00  0.000E+00  1.013E+05  1.945E-07 -9.780E-04  2.930E+02  3.100E+02
  0.000E+00  3.156E-03  1.013E+05  1.945E-07 -9.780E-04  2.930E+02  3.100E+02
  0.000E+00  9.469E-03  1.013E+05 -3.377E-08  3.104E-05  2.930E+02  3.443E+02
  0.000E+00  1.578E-02  1.013E+05 -3.338E-08 -7.307E-05  2.930E+02  3.793E+02
  0.000E+00  2.209E-02  1.013E+05 -3.992E-08 -9.338E-05  2.930E+02  4.162E+02
  0.000E+00  2.841E-02  1.013E+05 -2.791E-08 -1.645E-04  2.930E+02  4.561E+02
  0.000E+00  3.472E-02  1.013E+05 -1.587E-08 -2.554E-04  2.931E+02  4.996E+02
  0.000E+00  4.103E-02  1.013E+05  1.722E-09 -3.810E-04  2.933E+02  5.477E+02
  0.000E+00  4.734E-02  1.013E+05  3.836E-08 -5.213E-04  2.939E+02  6.009E+02
  0.000E+00  5.366E-02  1.013E+05  4.186E-08 -6.469E-04  2.951E+02  6.593E+02
  0.000E+00  5.997E-02  1.013E+05  6.500E-09 -7.333E-04  2.979E+02  7.238E+02
  0.000E+00  6.628E-02  1.013E+05 -2.768E-07 -7.374E-04  3.036E+02  7.973E+02
  0.000E+00  7.259E-02  1.013E+05 -1.498E-07 -6.159E-04  3.144E+02  8.888E+02
  0.000E+00  7.891E-02  1.013E+05 -1.722E-07 -2.745E-04  3.331E+02  1.023E+03
  0.000E+00  8.522E-02  1.013E+05 -9.541E-08  4.088E-04  3.627E+02  1.276E+03
  0.000E+00  9.153E-02  1.013E+05  4.179E-10  3.257E-03  4.058E+02  1.900E+03
  0.000E+00  9.784E-02  1.013E+05  7.063E-08  2.945E-03  3.627E+02  1.937E+03
  0.000E+00  1.042E-01  1.013E+05  1.204E-07  3.337E-03  3.331E+02  1.967E+03
  0.000E+00  1.105E-01  1.013E+05  1.561E-07  3.235E-03  3.144E+02  1.989E+03
  0.000E+00  1.168E-01  1.013E+05  1.890E-07  2.914E-03  3.036E+02  1.998E+03
  0.000E+00  1.231E-01  1.013E+05  2.708E-07  2.543E-03  2.979E+02  1.990E+03
  0.000E+00  1.294E-01  1.013E+05  3.307E-07  2.168E-03  2.951E+02  1.966E+03
  0.000E+00  1.357E-01  1.013E+05  5.497E-07  1.827E-03  2.939E+02  1.929E+03
  0.000E+00  1.420E-01  1.013E+05  4.549E-07  1.525E-03  2.933E+02  1.882E+03
  0.000E+00  1.483E-01  1.013E+05  2.290E-07  1.267E-03  2.931E+02  1.830E+03
  0.000E+00  1.547E-01  1.013E+05  1.623E-07  1.052E-03  2.930E+02  1.777E+03
  0.000E+00  1.610E-01  1.013E+05  1.062E-07  8.764E-04  2.930E+02  1.724E+03
  0.000E+00  1.673E-01  1.013E+05  7.468E-08  7.276E-04  2.930E+02  1.675E+03
  0.000E+00  1.736E-01  1.013E+05  5.328E-08  5.947E-04  2.930E+02  1.628E+03
  0.000E+00  1.799E-01  1.013E+05  3.887E-08  4.929E-04  2.930E+02  1.586E+03
  0.000E+00  1.862E-01  1.013E+05  2.876E-08  4.138E-04  2.930E+02  1.548E+03
  0.000E+00  1.925E-01  1.013E+05  2.151E-08  3.403E-04  2.930E+02  1.514E+03
  0.000E+00  1.988E-01  1.013E+05  1.622E-08  2.782E-04  2.930E+02  1.485E+03
  0.000E+00  2.052E-01  1.013E+05  1.229E-08  2.276E-04  2.930E+02  1.458E+03
  0.000E+00  2.115E-01  1.013E+05  9.356E-09  1.899E-04  2.930E+02  1.435E+03
  0.000E+00  2.178E-01  1.013E+05  7.152E-09  1.679E-04  2.930E+02  1.416E+03
  0.000E+00  2.241E-01  1.013E+05  5.490E-09  1.421E-04  2.930E+02  1.399E+03
  0.000E+00  2.304E-01  1.013E+05  4.220E-09  1.108E-04  2.930E+02  1.384E+03
  0.000E+00  2.367E-01  1.013E+05  3.244E-09  9.292E-05  2.930E+02  1.371E+03
  0.000E+00  2.430E-01  1.013E+05  2.501E-09  7.990E-05  2.930E+02  1.360E+03
  0.000E+00  2.493E-01  1.013E+05  1.927E-09  6.011E-05  2.930E+02  1.351E+03
  0.000E+00  2.557E-01  1.013E+05  1.482E-09  4.810E-05  2.930E+02  1.343E+03
  0.000E+00  2.620E-01  1.013E+05  1.143E-09  4.050E-05  2.930E+02  1.337E+03
  0.000E+00  2.683E-01  1.013E+05  8.823E-10  2.802E-05  2.930E+02  1.332E+03
  0.000E+00  2.746E-01  1.013E+05  6.827E-10  2.190E-05  2.930E+02  1.327E+03
  0.000E+00  2.809E-01  1.013E+05  5.346E-10  1.557E-05  2.930E+02  1.324E+03
  0.000E+00  2.872E-01  1.013E+05  4.185E-10  4.755E-06  2.930E+02  1.321E+03
  0.000E+00  2.935E-01  1.013E+05  3.300E-10  3.188E-06  2.930E+02  1.318E+03
  0.000E+00  2.998E-01  1.013E+05  2.713E-10  2.071E-06  2.930E+02  1.316E+03
  0.000E+00  3.062E-01  1.013E+05  2.282E-10 -1.029E-05  2.930E+02  1.315E+03
  0.000E+00  3.125E-01  1.013E+05  1.856E-10 -2.223E-05  2.930E+02  1.314E+03
  0.000E+00  3.188E-01  1.013E+05  1.520E-10 -2.140E-05  2.930E+02  1.313E+03
  0.000E+00  3.251E-01  1.013E+05  1.311E-10 -2.327E-05  2.930E+02  1.312E+03
  0.000E+00  3.314E-01  1.013E+05  1.089E-10 -3.299E-05  2.930E+02  1.312E+03
  0.000E+00  3.377E-01  1.013E+05  8.152E-11 -3.361E-05  2.930E+02  1.312E+03
  0.000E+00  3.440E-01  1.013E+05  6.246E-11 -2.982E-05  2.930E+02  1.312E+03
  0.000E+00  3.503E-01  1.013E+05  5.420E-11 -2.754E-05  2.930E+02  1.312E+03
  0.000E+00  3.567E-01  1.013E+05  4.700E-11 -3.107E-05  2.930E+02  1.312E+03
  0.000E+00  3.630E-01  1.013E+05  2.616E-11 -4.187E-05  2.930E+02  1.312E+03
  0.000E+00  3.693E-01  1.013E+05 -3.256E-12 -4.099E-05  2.930E+02  1.312E+03
  0.000E+00  3.756E-01  1.013E+05 -1.865E-11 -2.790E-05  2.930E+02  1.312E+03
  0.000E+00  3.819E-01  1.013E+05 -1.943E-11 -2.144E-05  2.930E+02  1.312E+03
  0.000E+00  3.882E-01  1.013E+05 -2.034E-11 -2.082E-05  2.930E+02  1.312E+03
  0.000E+00  3.945E-01  1.013E+05 -2.298E-11 -2.050E-05  2.930E+02  1.312E+03
  0.000E+00  4.008E-01  1.013E+05 -2.625E-11 -2.007E-05  2.930E+02  1.312E+03
  0.000E+00  4.072E-01  1.013E+05 -3.402E-11 -2.078E-05  2.930E+02  1.312E+03
  0.000E+00  4.135E-01  1.013E+05 -4.390E-11 -1.682E-05  2.930E+02  1.312E+03
  0.000E+00  4.198E-01  1.013E+05 -4.393E-11 -5.499E-06  2.930E+02  1.312E+03
  0.000E+00  4.261E-01  1.013E+05 -3.840E-11 -1.874E-06  2.930E+02  1.312E+03
  0.000E+00  4.324E-01  1.013E+05 -3.595E-11  1.583E-06  2.930E+02  1.312E+03
  0.000E+00  4.387E-01  1.013E+05 -2.573E-11  7.539E-06  2.930E+02  1.312E+03
  0.000E+00  4.450E-01  1.013E+05 -2.210E-11 -5.165E-07  2.930E+02  1.312E+03
  0.000E+00  4.513E-01  1.013E+05 -3.957E-11 -2.927E-06  2.930E+02  1.312E+03
  0.000E+00  4.577E-01  1.013E+05 -4.805E-11  1.210E-05  2.930E+02  1.311E+03
  0.000E+00  4.640E-01  1.013E+05 -2.856E-11  2.788E-05  2.930E+02  1.311E+03
  0.000E+00  4.703E-01  1.013E+05 -8.592E-13  2.692E-05  2.930E+02  1.311E+03
  0.000E+00  4.766E-01  1.013E+05  5.943E-12  1.330E-05  2.930E+02  1.311E+03
  0.000E+00  4.829E-01  1.013E+05 -3.082E-12  1.276E-05  2.930E+02  1.311E+03
  0.000E+00  4.892E-01  1.013E+05  3.049E-12  2.426E-05  2.930E+02  1.311E+03
  0.000E+00  4.955E-01  1.013E+05  3.256E-11  2.677E-05  2.930E+02  1.311E+03
  0.000E+00  5.018E-01  1.013E+05  4.538E-11 -2.659E-06  2.930E+02  1.311E+03
  0.000E+00  5.050E-01  1.013E+05  4.538E-11 -2.659E-06  2.930E+02  1.311E+03
  6.203E-03  0.000E+00  1.013E+05  0.000E+00  0.000E+00  2.930E+02  2.930E+02
  6.203E-03  3.156E-03  1.013E+05  1.945E-07 -9.780E-04  2.930E+02  3.100E+02
  6.203E-03  9.469E-03  1.013E+05 -3.377E-08  3.104E-05  2.930E+02  3.443E+02
  6.203E-03  1.578E-02  1.013E+05 -3.338E-08 -7.307E-05  2.930E+02  3.793E+02
  6.203E-03  2.209E-02  1.013E+05 -3.992E-08 -9.338E-05  2.930E+02  4.162E+02
  6.203E-03  2.841E-02  1.013E+05 -2.791E-08 -1.645E-04  2.930E+02  4.561E+02
  6.203E-03  3.472E-02  1.013E+05 -1.587E-08 -2.554E-04  2.931E+02  4.996E+02
  6.203E-03  4.103E-02  1.013E+05  1.722E-09 -3.810E-04  2.933E+02  5.477E+02
  6.203E-03  4.734E-02  1.013E+05  3.836E-08 -5.213E-04  2.939E+02  6.009E+02
  6.203E-03  5.366E-02  1.013E+05  4.186E-08 -6.469E-04  2.951E+02  6.593E+02
  6.203E-03  5.997E-02  1.013E+05  6.500E-09 -7.333E-04  2.979E+02  7.238E+02
  6.203E-03  6.628E-02  1.013E+05 -2.768E-07 -7.374E-04  3.036E+02  7.973E+02
  6.203E-03  7.259E-02  1.013E+05 -1.498E-07 -6.159E-04  3.144E+02  8.888E+02
  6.203E-03  7.891E-02  1.013E+05 -1.722E-07 -2.745E-04  3.331E+02  1.023E+03
  6.203E-03  8.522E-02  1.013E+05 -9.541E-08  4.088E-04  3.627E+02  1.276E+03
  6.203E-03  9.153E-02  1.013E+05  4.179E-10  3.257E-03  4.058E+02  1.900E+03
  6.203E-03  9.784E-02  1.013E+05  7.063E-08  2.945E-03  3.627E+02  1.937E+03
  6.203E-03  1.042E-01  1.013E+05  1.204E-07  3.337E-03  3.331E+02  1.967E+03
  6.203E-03  1.105E-01  1.013E+05  1.561E-07  3.235E-03  3.144E+02  1.989E+03
  6.203E-03  1.168E-01  1.013E+05  1.890E-07  2.914E-03  3.036E+02  1.998E+03
  6.203E-03  1.231E-01  1.013E+05  2.708E-07  2.543E-03  2.979E+02  1.990E+03
  6.203E-03  1.294E-01  1.013E+05  3.307E-07  2.168E-03  2.951E+02  1.966E+03
  6.203E-03  1.357E-01  1.013E+05  5.497E-07  1.827E-03  2.939E+02  1.929E+03
  6.203E-03  1.420E-01  1.013E+05  4.549E-07  1.525E-03  2.933E+02  1.882E+03
  6.203E-03  1.483E-01  1.013E+05  2.290E-07  1.267E-03  2.931E+02  1.830E+03
  6.203E-03  1.547E-01  1.013E+05  1.623E-07  1.052E-03  2.930E+02  1.777E+03
  6.203E-03  1.610E-01  1.013E+05  1.062E-07  8.764E-04  2.930E+02  1.724E+03
  6.203E-03  1.673E-01  1.013E+05  7.468E-08  7.276E-04  2.930E+02  1.675E+03
  6.203E-03  1.736E-01  1.013E+05  5.328E-08  5.947E-04  2.930E+02  1.628E+03
  6.203E-03  1.799E-01  1.013E+05  3.887E-08  4.929E-04  2.930E+02  1.586E+03
  6.203E-03  1.862E-01  1.013E+05  2.876E-08  4.138E-04  2.930E+02  1.548E+03
  6.203E-03  1.925E-01  1.013E+05  2.151E-08  3.403E-04  2.930E+02  1.514E+03
  6.203E-03  1.988E-01  1.013E+05  1.622E-08  2.782E-04  2.930E+02  1.485E+03
  6.203E-03  2.052E-01  1.013E+05  1.229E-08  2.276E-04  2.930E+02  1.458E+03
  6.203E-03  2.115E-01  1.013E+05  9.356E-09  1.899E-04  2.930E+02  1.435E+03
  6.203E-03  2.178E-01  1.013E+05  7.152E-09  1.679E-04  2.930E+02  1.416E+03
  6.203E-03  2.241E-01  1.013E+05  5.490E-09  1.421E-04  2.930E+02  1.399E+03
  6.203E-03  2.304E-01  1.013E+05  4.220E-09  1.108E-04  2.930E+02  1.384E+03
  6.203E-03  2.367E-01  1.013E+05  3.244E-09  9.292E-05  2.930E+02  1.371E+03
  6.203E-03  2.430E-01  1.013E+05  2.501E-09  7.990E-05  2.930E+02  1.360E+03
  6.203E-03  2.493E-01  1.013E+05  1.927E-09  6.011E-05  2.930E+02  1.351E+03
  6.203E-03  2.557E-01  1.013E+05  1.482E-09  4.810E-05  2.930E+02  1.343E+03
  6.203E-03  2.620E-01  1.013E+05  1.143E-09  4.050E-05  2.930E+02  1.337E+03
  6.203E-03  2.683E-01  1.013E+05  8.823E-10  2.802E-05  2.930E+02  1.332E+03
  6.203E-03  2.746E-01  1.013E+05  6.827E-10  2.190E-05  2.930E+02  1.327E+03
  6.203E-03  2.809E-01  1.013E+05  5.346E-10  1.557E-05  2.930E+02  1.324E+03
  6.203E-03  2.872E-01  1.013E+05  4.185E-10  4.755E-06  2.930E+02  1.321E+03
  6.203E-03  2.935E-01  1.013E+05  3.300E-10  3.188E-06  2.930E+02  1.318E+03
  6.203E-03  2.998E-01  1.013E+05  2.713E-10  2.071E-06  2.930E+02  1.316E+03
  6.203E-03  3.062E-01  1.013E+05  2.282E-10 -1.029E-05  2.930E+02  1.315E+03
  6.203E-03  3.125E-01  1.013E+05  1.856E-10 -2.223E-05  2.930E+02  1.314E+03
  6.203E-03  3.188E-01  1.013E+05  1.520E-10 -2.140E-05  2.930E+02  1.313E+03
  6.203E-03  3.251E-01  1.013E+05  1.311E-10 -2.327E-05  2.930E+02  1.312E+03
  6.203E-03  3.314E-01  1.013E+05  1.089E-10 -3.299E-05  2.930E+02  1.312E+03
  6.203E-03  3.377E-01  1.013E+05  8.152E-11 -3.361E-05  2.930E+02  1.312E+03
  6.203E-03  3.440E-01  1.013E+05  6.246E-11 -2.982E-05  2.930E+02  1.312E+03
  6.203E-03  3.503E-01  1.013E+05  5.420E-11 -2.754E-05  2.930E+02  1.312E+03
  6.203E-03  3.567E-01  1.013E+05  4.700E-11 -3.107E-05  2.930E+02  1.312E+03
  6.203E-03  3.630E-01  1.013E+05  2.616E-11 -4.187E-05  2.930E+02  1.312E+03
  6.203E-03  3.693E-01  1.013E+05 -3.256E-12 -4.099E-05  2.930E+02  1.312E+03
  6.203E-03  3.756E-01  1.013E+05 -1.865E-11 -2.790E-05  2.930E+02  1.312E+03
  6.203E-03  3.819E-01  1.013E+05 -1.943E-11 -2.144E-05  2.930E+02  1.312E+03
  6.203E-03  3.882E-01  1.013E+05 -2.034E-11 -2.082E-05  2.930E+02  1.312E+03
  6.203E-03  3.945E-01  1.013E+05 -2.298E-11 -2.050E-05  2.930E+02  1.312E+03
  6.203E-03  4.008E-01  1.013E+05 -2.625E-11 -2.007E-05  2.930E+02  1.312E+03
  6.203E-03  4.072E-01  1.013E+05 -3.402E-11 -2.078E-05  2.930E+02  1.312E+03
  6.203E-03  4.135E-01  1.013E+05 -4.390E-11 -1.682E-05  2.930E+02  1.312E+03
  6.203E-03  4.198E-01  1.013E+05 -4.393E-11 -5.499E-06  2.930E+02  1.312E+03
  6.203E-03  4.261E-01  1.013E+05 -3.840E-11 -1.874E-06  2.930E+02  1.312E+03
  6.203E-03  4.324E-01  1.013E+05 -3.595E-11  1.583E-06  2.930E+02  1.312E+03
  6.203E-03  4.387E-01  1.013E+05 -2.573E-11  7.539E-06  2.930E+02  1.312E+03
  6.203E-03  4.450E-01  1.013E+05 -2.210E-11 -5.165E-07  2.930E+02  1.312E+03
  6.203E-03  4.513E-01  1.013E+05 -3.957E-11 -2.927E-06  2.930E+02  1.312E+03
  6.203E-03  4.577E-01  1.013E+05 -4.805E-11  1.210E-05  2.930E+02  1.311E+03
  6.203E-03  4.640E-01  1.013E+05 -2.856E-11  2.788E-05  2.930E+02  1.311E+03
  6.203E-03  4.703E-01  1.013E+05 -8.592E-13  2.692E-05  2.930E+02  1.311E+03
  6.203E-03  4.766E-01  1.013E+05  5.943E-12  1.330E-05  2.930E+02  1.311E+03
  6.203E-03  4.829E-01  1.013E+05 -3.082E-12  1.276E-05  2.930E+02  1.311E+03
  6.203E-03  4.892E-01  1.013E+05  3.049E-12  2.426E-05  2.930E+02  1.311E+03
  6.203E-03  4.955E-01  1.013E+05  3.256E-11  2.677E-05  2.930E+02  1.311E+03
  6.203E-03  5.018E-01  1.013E+05  4.538E-11 -2.659E-06  2.930E+02  1.311E+03
  6.203E-03  5.050E-01  1.013E+05  0.000E+00 -2.659E-06  2.930E+02  1.311E+03
  1.861E-02  0.000E+00  1.013E+05  0.000E+00  0.000E+00  2.930E+02  2.930E+02
  1.861E-02  3.156E-03  1.013E+05 -3.760E-08 -9.785E-04  2.930E+02  3.100E+02
  1.861E-02  9.469E-03  1.013E+05 -1.882E-07  3.044E-05  2.930E+02  3.443E+02
  1.861E-02  1.578E-02  1.013E+05 -1.475E-07 -7.328E-05  2.930E+02  3.793E+02
  1.861E-02  2.209E-02  1.013E+05 -1.007E-07 -9.361E-05  2.930E+02  4.162E+02
  1.861E-02  2.841E-02  1.013E+05 -4.353E-08 -1.647E-04  2.930E+02  4.561E+02
  1.861E-02  3.472E-02  1.013E+05  1.706E-08 -2.557E-04  2.931E+02  4.996E+02
  1.861E-02  4.103E-02  1.013E+05  6.052E-08 -3.814E-04  2.933E+02  5.477E+02
  1.861E-02  4.734E-02  1.013E+05  1.327E-07 -5.219E-04  2.939E+02  6.009E+02
  1.861E-02  5.366E-02  1.013E+05  1.616E-07 -6.472E-04  2.951E+02  6.593E+02
  1.861E-02  5.997E-02  1.013E+05  1.190E-07 -7.335E-04  2.979E+02  7.239E+02
  1.861E-02  6.628E-02  1.013E+05 -1.936E-07 -7.372E-04  3.036E+02  7.974E+02
  1.861E-02  7.259E-02  1.013E+05 -2.768E-07 -6.155E-04  3.144E+02  8.889E+02
  1.861E-02  7.891E-02  1.013E+05 -3.420E-07 -2.745E-04  3.331E+02  1.023E+03
  1.861E-02  8.522E-02  1.013E+05 -2.795E-07  4.090E-04  3.627E+02  1.276E+03
  1.861E-02  9.153E-02  1.013E+05  1.355E-08  3.257E-03  4.058E+02  1.901E+03
  1.861E-02  9.784E-02  1.013E+05 -9.685E-08  2.945E-03  3.627E+02  1.937E+03
  1.861E-02  1.042E-01  1.013E+05  2.003E-07  3.337E-03  3.331E+02  1.967E+03
  1.861E-02  1.105E-01  1.013E+05  2.765E-07  3.235E-03  3.144E+02  1.990E+03
  1.861E-02  1.168E-01  1.013E+05  3.878E-07  2.915E-03  3.036E+02  1.998E+03
  1.861E-02  1.231E-01  1.013E+05  6.820E-07  2.544E-03  2.979E+02  1.990E+03
  1.861E-02  1.294E-01  1.013E+05  1.004E-06  2.169E-03  2.951E+02  1.966E+03
  1.861E-02  1.357E-01  1.013E+05  1.066E-06  1.827E-03  2.939E+02  1.929E+03
  1.861E-02  1.420E-01  1.013E+05  7.560E-07  1.524E-03  2.933E+02  1.882E+03
  1.861E-02  1.483E-01  1.013E+05  4.431E-07  1.266E-03  2.931E+02  1.830E+03
  1.861E-02  1.547E-01  1.013E+05  3.125E-07  1.052E-03  2.930E+02  1.777E+03
  1.861E-02  1.610E-01  1.013E+05  2.152E-07  8.761E-04  2.930E+02  1.724E+03
  1.861E-02  1.673E-01  1.013E+05  1.549E-07  7.275E-04  2.930E+02  1.675E+03
  1.861E-02  1.736E-01  1.013E+05  1.132E-07  5.946E-04  2.930E+02  1.628E+03
  1.861E-02  1.799E-01  1.013E+05  8.398E-08  4.929E-04  2.930E+02  1.586E+03
  1.861E-02  1.862E-01  1.013E+05  6.298E-08  4.138E-04  2.930E+02  1.548E+03
  1.861E-02  1.925E-01  1.013E+05  4.761E-08  3.403E-04  2.930E+02  1.514E+03
  1.861E-02  1.988E-01  1.013E+05  3.618E-08  2.782E-04  2.930E+02  1.485E+03
  1.861E-02  2.052E-01  1.013E+05  2.759E-08  2.276E-04  2.930E+02  1.458E+03
  1.861E-02  2.115E-01  1.013E+05  2.109E-08  1.899E-04  2.930E+02  1.435E+03
  1.861E-02  2.178E-01  1.013E+05  1.615E-08  1.678E-04  2.930E+02  1.416E+03
  1.861E-02  2.241E-01  1.013E+05  1.239E-08  1.421E-04  2.930E+02  1.399E+03
  1.861E-02  2.304E-01  1.013E+05  9.498E-09  1.108E-04  2.930E+02  1.384E+03
  1.861E-02  2.367E-01  1.013E+05  7.277E-09  9.291E-05  2.930E+02  1.371E+03
  1.861E-02  2.430E-01  1.013E+05  5.577E-09  7.990E-05  2.930E+02  1.360E+03
  1.861E-02  2.493E-01  1.013E+05  4.271E-09  6.011E-05  2.930E+02  1.351E+03
  1.861E-02  2.557E-01  1.013E+05  3.270E-09  4.810E-05  2.930E+02  1.343E+03
  1.861E-02  2.620E-01  1.013E+05  2.509E-09  4.050E-05  2.930E+02  1.337E+03
  1.861E-02  2.683E-01  1.013E+05  1.928E-09  2.802E-05  2.930E+02  1.332E+03
  1.861E-02  2.746E-01  1.013E+05  1.484E-09  2.190E-05  2.930E+02  1.327E+03
  1.861E-02  2.809E-01  1.013E+05  1.149E-09  1.557E-05  2.930E+02  1.324E+03
  1.861E-02  2.872E-01  1.013E+05  8.922E-10  4.754E-06  2.930E+02  1.321E+03
  1.861E-02  2.935E-01  1.013E+05  6.963E-10  3.187E-06  2.930E+02  1.318E+03
  1.861E-02  2.998E-01  1.013E+05  5.558E-10  2.070E-06  2.930E+02  1.316E+03
  1.861E-02  3.062E-01  1.013E+05  4.532E-10 -1.029E-05  2.930E+02  1.315E+03
  1.861E-02  3.125E-01  1.013E+05  3.672E-10 -2.223E-05  2.930E+02  1.314E+03
  1.861E-02  3.188E-01  1.013E+05  3.005E-10 -2.140E-05  2.930E+02  1.313E+03
  1.861E-02  3.251E-01  1.013E+05  2.512E-10 -2.327E-05  2.930E+02  1.312E+03
  1.861E-02  3.314E-01  1.013E+05  2.040E-10 -3.299E-05  2.930E+02  1.312E+03
  1.861E-02  3.377E-01  1.013E+05  1.531E-10 -3.361E-05  2.930E+02  1.312E+03
  1.861E-02  3.440E-01  1.013E+05  1.123E-10 -2.982E-05  2.930E+02  1.312E+03
  1.861E-02  3.503E-01  1.013E+05  8.438E-11 -2.754E-05  2.930E+02  1.312E+03
  1.861E-02  3.567E-01  1.013E+05  6.357E-11 -3.107E-05  2.930E+02  1.312E+03
  1.861E-02  3.630E-01  1.013E+05  2.835E-11 -4.187E-05  2.930E+02  1.312E+03
  1.861E-02  3.693E-01  1.013E+05 -1.247E-11 -4.099E-05  2.930E+02  1.312E+03
  1.861E-02  3.756E-01  1.013E+05 -3.585E-11 -2.790E-05  2.930E+02  1.312E+03
  1.861E-02  3.819E-01  1.013E+05 -4.089E-11 -2.144E-05  2.930E+02  1.312E+03
  1.861E-02  3.882E-01  1.013E+05 -4.537E-11 -2.082E-05  2.930E+02  1.312E+03
  1.861E-02  3.945E-01  1.013E+05 -5.105E-11 -2.050E-05  2.930E+02  1.312E+03
  1.861E-02  4.008E-01  1.013E+05 -5.637E-11 -2.007E-05  2.930E+02  1.312E+03
  1.861E-02  4.072E-01  1.013E+05 -6.422E-11 -2.078E-05  2.930E+02  1.312E+03
  1.861E-02  4.135E-01  1.013E+05 -7.679E-11 -1.682E-05  2.930E+02  1.312E+03
  1.861E-02  4.198E-01  1.013E+05 -7.541E-11 -5.499E-06  2.930E+02  1.312E+03
  1.861E-02  4.261E-01  1.013E+05 -7.132E-11 -1.874E-06  2.930E+02  1.312E+03
  1.861E-02  4.324E-01  1.013E+05 -6.783E-11  1.583E-06  2.930E+02  1.312E+03
  1.861E-02  4.387E-01  1.013E+05 -5.512E-11  7.539E-06  2.930E+02  1.312E+03
  1.861E-02  4.450E-01  1.013E+05 -4.980E-11 -5.165E-07  2.930E+02  1.312E+03
  1.861E-02  4.513E-01  1.013E+05 -6.256E-11 -2.927E-06  2.930E+02  1.312E+03
  1.861E-02  4.577E-01  1.013E+05 -7.058E-11  1.210E-05  2.930E+02  1.311E+03
  1.861E-02  4.640E-01  1.013E+05 -4.532E-11  2.788E-05  2.930E+02  1.311E+03
  1.861E-02  4.703E-01  1.013E+05 -1.083E-11  2.692E-05  2.930E+02  1.311E+03
  1.861E-02  4.766E-01  1.013E+05  2.246E-12  1.330E-05  2.930E+02  1.311E+03
  1.861E-02  4.829E-01  1.013E+05 -6.190E-12  1.276E-05  2.930E+02  1.311E+03
  1.861E-02  4.892E-01  1.013E+05  4.282E-12  2.426E-05  2.930E+02  1.311E+03
  1.861E-02  4.955E-01  1.013E+05  3.562E-11  2.677E-05  2.930E+02  1.311E+03
  1.861E-02  5.018E-01  1.013E+05  5.201E-11 -2.660E-06  2.930E+02  1.311E+03
  1.861E-02  5.050E-01  1.013E+05  0.000E+00 -2.660E-06  2.930E+02  1.311E+03
  3.102E-02  0.000E+00  1.013E+05  0.000E+00  0.000E+00  2.930E+02  2.930E+02
  3.102E-02  3.156E-03  1.013E+05 -6.635E-07 -9.785E-04  2.930E+02  3.100E+02
  3.102E-02  9.469E-03  1.013E+05 -3.897E-07  3.040E-05  2.930E+02  3.443E+02
  3.102E-02  1.578E-02  1.013E+05 -2.558E-07 -7.350E-05  2.930E+02  3.793E+02
  3.102E-02  2.209E-02  1.013E+05 -1.188E-07 -9.392E-05  2.930E+02  4.162E+02
  3.102E-02  2.841E-02  1.013E+05 -2.514E-08 -1.651E-04  2.930E+02  4.561E+02
  3.102E-02  3.472E-02  1.013E+05  6.080E-08 -2.560E-04  2.931E+02  4.996E+02
  3.102E-02  4.103E-02  1.013E+05  1.116E-07 -3.818E-04  2.933E+02  5.478E+02
  3.102E-02  4.734E-02  1.013E+05  1.601E-07 -5.223E-04  2.939E+02  6.010E+02
  3.102E-02  5.366E-02  1.013E+05  1.923E-07 -6.476E-04  2.951E+02  6.594E+02
  3.102E-02  5.997E-02  1.013E+05  1.767E-07 -7.338E-04  2.979E+02  7.240E+02
  3.102E-02  6.628E-02  1.013E+05  1.663E-07 -7.377E-04  3.036E+02  7.975E+02
  3.102E-02  7.259E-02  1.013E+05 -3.640E-08 -6.161E-04  3.144E+02  8.891E+02
  3.102E-02  7.891E-02  1.013E+05 -9.138E-08 -2.746E-04  3.331E+02  1.024E+03
  3.102E-02  8.522E-02  1.013E+05 -9.839E-08  4.092E-04  3.627E+02  1.276E+03
  3.102E-02  9.153E-02  1.013E+05  3.045E-07  3.257E-03  4.058E+02  1.901E+03
  3.102E-02  9.784E-02  1.013E+05  3.566E-07  2.945E-03  3.627E+02  1.937E+03
  3.102E-02  1.042E-01  1.013E+05  4.079E-07  3.338E-03  3.331E+02  1.968E+03
  3.102E-02  1.105E-01  1.013E+05  3.033E-07  3.236E-03  3.144E+02  1.990E+03
  3.102E-02  1.168E-01  1.013E+05  3.865E-07  2.915E-03  3.036E+02  1.999E+03
  3.102E-02  1.231E-01  1.013E+05  6.218E-07  2.545E-03  2.979E+02  1.991E+03
  3.102E-02  1.294E-01  1.013E+05  9.173E-07  2.169E-03  2.951E+02  1.966E+03
  3.102E-02  1.357E-01  1.013E+05  7.196E-07  1.827E-03  2.939E+02  1.929E+03
  3.102E-02  1.420E-01  1.013E+05  4.697E-07  1.523E-03  2.933E+02  1.882E+03
  3.102E-02  1.483E-01  1.013E+05  3.461E-07  1.266E-03  2.931E+02  1.830E+03
  3.102E-02  1.547E-01  1.013E+05  2.539E-07  1.052E-03  2.930E+02  1.777E+03
  3.102E-02  1.610E-01  1.013E+05  1.898E-07  8.760E-04  2.930E+02  1.724E+03
  3.102E-02  1.673E-01  1.013E+05  1.432E-07  7.274E-04  2.930E+02  1.675E+03
  3.102E-02  1.736E-01  1.013E+05  1.089E-07  5.945E-04  2.930E+02  1.628E+03
  3.102E-02  1.799E-01  1.013E+05  8.317E-08  4.928E-04  2.930E+02  1.586E+03
  3.102E-02  1.862E-01  1.013E+05  6.375E-08  4.137E-04  2.930E+02  1.548E+03
  3.102E-02  1.925E-01  1.013E+05  4.895E-08  3.403E-04  2.930E+02  1.514E+03
  3.102E-02  1.988E-01  1.013E+05  3.763E-08  2.782E-04  2.930E+02  1.485E+03
  3.102E-02  2.052E-01  1.013E+05  2.893E-08  2.275E-04  2.930E+02  1.458E+03
  3.102E-02  2.115E-01  1.013E+05  2.224E-08  1.898E-04  2.930E+02  1.435E+03
  3.102E-02  2.178E-01  1.013E+05  1.708E-08  1.678E-04  2.930E+02  1.416E+03
  3.102E-02  2.241E-01  1.013E+05  1.312E-08  1.421E-04  2.930E+02  1.399E+03
  3.102E-02  2.304E-01  1.013E+05  1.006E-08  1.108E-04  2.930E+02  1.384E+03
  3.102E-02  2.367E-01  1.013E+05  7.714E-09  9.291E-05  2.930E+02  1.371E+03
  3.102E-02  2.430E-01  1.013E+05  5.912E-09  7.990E-05  2.930E+02  1.360E+03
  3.102E-02  2.493E-01  1.013E+05  4.529E-09  6.010E-05  2.930E+02  1.351E+03
  3.102E-02  2.557E-01  1.013E+05  3.473E-09  4.809E-05  2.930E+02  1.343E+03
  3.102E-02  2.620E-01  1.013E+05  2.665E-09  4.050E-05  2.930E+02  1.337E+03
  3.102E-02  2.683E-01  1.013E+05  2.047E-09  2.802E-05  2.930E+02  1.332E+03
  3.102E-02  2.746E-01  1.013E+05  1.575E-09  2.189E-05  2.930E+02  1.327E+03
  3.102E-02  2.809E-01  1.013E+05  1.214E-09  1.557E-05  2.930E+02  1.324E+03
  3.102E-02  2.872E-01  1.013E+05  9.386E-10  4.754E-06  2.930E+02  1.321E+03
  3.102E-02  2.935E-01  1.013E+05  7.324E-10  3.187E-06  2.930E+02  1.318E+03
  3.102E-02  2.998E-01  1.013E+05  5.764E-10  2.070E-06  2.930E+02  1.316E+03
  3.102E-02  3.062E-01  1.013E+05  4.604E-10 -1.029E-05  2.930E+02  1.315E+03
  3.102E-02  3.125E-01  1.013E+05  3.725E-10 -2.223E-05  2.930E+02  1.314E+03
  3.102E-02  3.188E-01  1.013E+05  3.049E-10 -2.140E-05  2.930E+02  1.313E+03
  3.102E-02  3.251E-01  1.013E+05  2.482E-10 -2.328E-05  2.930E+02  1.312E+03
  3.102E-02  3.314E-01  1.013E+05  1.988E-10 -3.299E-05  2.930E+02  1.312E+03
  3.102E-02  3.377E-01  1.013E+05  1.537E-10 -3.361E-05  2.930E+02  1.312E+03
  3.102E-02  3.440E-01  1.013E+05  1.132E-10 -2.982E-05  2.930E+02  1.312E+03
  3.102E-02  3.503E-01  1.013E+05  7.561E-11 -2.754E-05  2.930E+02  1.312E+03
  3.102E-02  3.567E-01  1.013E+05  4.715E-11 -3.107E-05  2.930E+02  1.312E+03
  3.102E-02  3.630E-01  1.013E+05  1.871E-11 -4.187E-05  2.930E+02  1.312E+03
  3.102E-02  3.693E-01  1.013E+05 -3.016E-12 -4.099E-05  2.930E+02  1.312E+03
  3.102E-02  3.756E-01  1.013E+05 -1.914E-11 -2.790E-05  2.930E+02  1.312E+03
  3.102E-02  3.819E-01  1.013E+05 -2.854E-11 -2.144E-05  2.930E+02  1.312E+03
  3.102E-02  3.882E-01  1.013E+05 -3.505E-11 -2.082E-05  2.930E+02  1.312E+03
  3.102E-02  3.945E-01  1.013E+05 -3.970E-11 -2.050E-05  2.930E+02  1.312E+03
  3.102E-02  4.008E-01  1.013E+05 -4.372E-11 -2.007E-05  2.930E+02  1.312E+03
  3.102E-02  4.072E-01  1.013E+05 -4.540E-11 -2.078E-05  2.930E+02  1.312E+03
  3.102E-02  4.135E-01  1.013E+05 -4.998E-11 -1.682E-05  2.930E+02  1.312E+03
  3.102E-02  4.198E-01  1.013E+05 -4.705E-11 -5.499E-06  2.930E+02  1.312E+03
  3.102E-02  4.261E-01  1.013E+05 -4.789E-11 -1.874E-06  2.930E+02  1.312E+03
  3.102E-02  4.324E-01  1.013E+05 -4.725E-11  1.583E-06  2.930E+02  1.312E+03
  3.102E-02  4.387E-01  1.013E+05 -4.242E-11  7.539E-06  2.930E+02  1.312E+03
  3.102E-02  4.450E-01  1.013E+05 -4.082E-11 -5.165E-07  2.930E+02  1.312E+03
  3.102E-02  4.513E-01  1.013E+05 -3.587E-11 -2.927E-06  2.930E+02  1.312E+03
  3.102E-02  4.577E-01  1.013E+05 -3.440E-11  1.210E-05  2.930E+02  1.311E+03
  3.102E-02  4.640E-01  1.013E+05 -2.628E-11  2.788E-05  2.930E+02  1.311E+03
  3.102E-02  4.703E-01  1.013E+05 -1.713E-11  2.692E-05  2.930E+02  1.311E+03
  3.102E-02  4.766E-01  1.013E+05 -8.057E-12  1.330E-05  2.930E+02  1.311E+03
  3.102E-02  4.829E-01  1.013E+05 -6.078E-12  1.276E-05  2.930E+02  1.311E+03
  3.102E-02  4.892E-01  1.013E+05  1.445E-12  2.426E-05  2.930E+02  1.311E+03
  3.102E-02  4.955E-01  1.013E+05  5.654E-12  2.677E-05  2.930E+02  1.311E+03
  3.102E-02  5.018E-01  1.013E+05  9.670E-12 -2.660E-06  2.930E+02  1.311E+03
  3.102E-02  5.050E-01  1.013E+05  0.000E+00 -2.660E-06  2.930E+02  1.311E+03
  4.342E-02  0.000E+00  1.013E+05  0.000E+00  0.000E+00  2.930E+02  2.930E+02
  4.342E-02  3.156E-03  1.013E+05 -2.342E-06 -9.785E-04  2.930E+02  3.100E+02
  4.342E-02  9.469E-03  1.013E+05  1.498E-07  3.023E-05  2.930E+02  3.443E+02
  4.342E-02  1.578E-02  1.013E+05 -1.262E-07 -7.378E-05  2.930E+02  3.793E+02
  4.342E-02  2.209E-02  1.013E+05  5.081E-08 -9.423E-05  2.930E+02  4.162E+02
  4.342E-02  2.841E-02  1.013E+05  6.296E-08 -1.654E-04  2.930E+02  4.562E+02
  4.342E-02  3.472E-02  1.013E+05  1.005E-07 -2.564E-04  2.931E+02  4.997E+02
  4.342E-02  4.103E-02  1.013E+05  1.208E-07 -3.822E-04  2.933E+02  5.478E+02
  4.342E-02  4.734E-02  1.013E+05  1.086E-07 -5.227E-04  2.939E+02  6.010E+02
  4.342E-02  5.366E-02  1.013E+05  8.785E-08 -6.480E-04  2.951E+02  6.595E+02
  4.342E-02  5.997E-02  1.013E+05  5.902E-08 -7.342E-04  2.979E+02  7.241E+02
  4.342E-02  6.628E-02  1.013E+05  1.895E-07 -7.383E-04  3.036E+02  7.976E+02
  4.342E-02  7.259E-02  1.013E+05  4.284E-07 -6.164E-04  3.144E+02  8.892E+02
  4.342E-02  7.891E-02  1.013E+05  3.969E-07 -2.747E-04  3.331E+02  1.024E+03
  4.342E-02  8.522E-02  1.013E+05 -4.336E-07  4.093E-04  3.627E+02  1.277E+03
  4.342E-02  9.153E-02  1.013E+05  1.528E-06  3.257E-03  4.058E+02  1.901E+03
  4.342E-02  9.784E-02  1.013E+05  5.238E-06  2.945E-03  3.627E+02  1.938E+03
  4.342E-02  1.042E-01  1.013E+05  1.522E-06  3.337E-03  3.331E+02  1.968E+03
  4.342E-02  1.105E-01  1.013E+05 -4.565E-07  3.235E-03  3.144E+02  1.990E+03
  4.342E-02  1.168E-01  1.013E+05  9.168E-08  2.915E-03  3.036E+02  1.999E+03
  4.342E-02  1.231E-01  1.013E+05 -4.424E-08  2.545E-03  2.979E+02  1.991E+03
  4.342E-02  1.294E-01  1.013E+05  2.315E-07  2.169E-03  2.951E+02  1.966E+03
  4.342E-02  1.357E-01  1.013E+05  2.160E-07  1.826E-03  2.939E+02  1.929E+03
  4.342E-02  1.420E-01  1.013E+05  2.063E-07  1.523E-03  2.933E+02  1.882E+03
  4.342E-02  1.483E-01  1.013E+05  1.734E-07  1.265E-03  2.931E+02  1.830E+03
  4.342E-02  1.547E-01  1.013E+05  1.434E-07  1.052E-03  2.930E+02  1.777E+03
  4.342E-02  1.610E-01  1.013E+05  1.159E-07  8.758E-04  2.930E+02  1.724E+03
  4.342E-02  1.673E-01  1.013E+05  9.283E-08  7.273E-04  2.930E+02  1.675E+03
  4.342E-02  1.736E-01  1.013E+05  7.371E-08  5.945E-04  2.930E+02  1.628E+03
  4.342E-02  1.799E-01  1.013E+05  5.819E-08  4.927E-04  2.930E+02  1.586E+03
  4.342E-02  1.862E-01  1.013E+05  4.571E-08  4.137E-04  2.930E+02  1.548E+03
  4.342E-02  1.925E-01  1.013E+05  3.576E-08  3.402E-04  2.930E+02  1.514E+03
  4.342E-02  1.988E-01  1.013E+05  2.789E-08  2.781E-04  2.930E+02  1.485E+03
  4.342E-02  2.052E-01  1.013E+05  2.169E-08  2.275E-04  2.930E+02  1.458E+03
  4.342E-02  2.115E-01  1.013E+05  1.682E-08  1.898E-04  2.930E+02  1.435E+03
  4.342E-02  2.178E-01  1.013E+05  1.303E-08  1.678E-04  2.930E+02  1.416E+03
  4.342E-02  2.241E-01  1.013E+05  1.007E-08  1.421E-04  2.930E+02  1.399E+03
  4.342E-02  2.304E-01  1.013E+05  7.769E-09  1.108E-04  2.930E+02  1.384E+03
  4.342E-02  2.367E-01  1.013E+05  5.989E-09  9.290E-05  2.930E+02  1.371E+03
  4.342E-02  2.430E-01  1.013E+05  4.613E-09  7.989E-05  2.930E+02  1.360E+03
  4.342E-02  2.493E-01  1.013E+05  3.549E-09  6.010E-05  2.930E+02  1.351E+03
  4.342E-02  2.557E-01  1.013E+05  2.730E-09  4.809E-05  2.930E+02  1.343E+03
  4.342E-02  2.620E-01  1.013E+05  2.099E-09  4.050E-05  2.930E+02  1.337E+03
  4.342E-02  2.683E-01  1.013E+05  1.611E-09  2.802E-05  2.930E+02  1.332E+03
  4.342E-02  2.746E-01  1.013E+05  1.237E-09  2.189E-05  2.930E+02  1.327E+03
  4.342E-02  2.809E-01  1.013E+05  9.476E-10  1.557E-05  2.930E+02  1.324E+03
  4.342E-02  2.872E-01  1.013E+05  7.266E-10  4.753E-06  2.930E+02  1.321E+03
  4.342E-02  2.935E-01  1.013E+05  5.617E-10  3.186E-06  2.930E+02  1.318E+03
  4.342E-02  2.998E-01  1.013E+05  4.370E-10  2.070E-06  2.930E+02  1.316E+03
  4.342E-02  3.062E-01  1.013E+05  3.451E-10 -1.029E-05  2.930E+02  1.315E+03
  4.342E-02  3.125E-01  1.013E+05  2.758E-10 -2.223E-05  2.930E+02  1.314E+03
  4.342E-02  3.188E-01  1.013E+05  2.227E-10 -2.140E-05  2.930E+02  1.313E+03
  4.342E-02  3.251E-01  1.013E+05  1.776E-10 -2.328E-05  2.930E+02  1.312E+03
  4.342E-02  3.314E-01  1.013E+05  1.390E-10 -3.299E-05  2.930E+02  1.312E+03
  4.342E-02  3.377E-01  1.013E+05  1.048E-10 -3.361E-05  2.930E+02  1.312E+03
  4.342E-02  3.440E-01  1.013E+05  7.359E-11 -2.982E-05  2.930E+02  1.312E+03
  4.342E-02  3.503E-01  1.013E+05  4.362E-11 -2.754E-05  2.930E+02  1.312E+03
  4.342E-02  3.567E-01  1.013E+05  2.276E-11 -3.107E-05  2.930E+02  1.312E+03
  4.342E-02  3.630E-01  1.013E+05  2.393E-12 -4.187E-05  2.930E+02  1.312E+03
  4.342E-02  3.693E-01  1.013E+05 -1.119E-11 -4.099E-05  2.930E+02  1.312E+03
  4.342E-02  3.756E-01  1.013E+05 -2.113E-11 -2.790E-05  2.930E+02  1.312E+03
  4.342E-02  3.819E-01  1.013E+05 -2.659E-11 -2.144E-05  2.930E+02  1.312E+03
  4.342E-02  3.882E-01  1.013E+05 -3.010E-11 -2.082E-05  2.930E+02  1.312E+03
  4.342E-02  3.945E-01  1.013E+05 -3.255E-11 -2.050E-05  2.930E+02  1.312E+03
  4.342E-02  4.008E-01  1.013E+05 -3.469E-11 -2.007E-05  2.930E+02  1.312E+03
  4.342E-02  4.072E-01  1.013E+05 -3.422E-11 -2.078E-05  2.930E+02  1.312E+03
  4.342E-02  4.135E-01  1.013E+05 -3.754E-11 -1.682E-05  2.930E+02  1.312E+03
  4.342E-02  4.198E-01  1.013E+05 -3.355E-11 -5.499E-06  2.930E+02  1.312E+03
  4.342E-02  4.261E-01  1.013E+05 -3.403E-11 -1.874E-06  2.930E+02  1.312E+03
  4.342E-02  4.324E-01  1.013E+05 -3.436E-11  1.583E-06  2.930E+02  1.312E+03
  4.342E-02  4.387E-01  1.013E+05 -3.054E-11  7.539E-06  2.930E+02  1.312E+03
  4.342E-02  4.450E-01  1.013E+05 -2.942E-11 -5.165E-07  2.930E+02  1.312E+03
  4.342E-02  4.513E-01  1.013E+05 -2.325E-11 -2.927E-06  2.930E+02  1.312E+03
  4.342E-02  4.577E-01  1.013E+05 -2.248E-11  1.210E-05  2.930E+02  1.311E+03
  4.342E-02  4.640E-01  1.013E+05 -1.817E-11  2.788E-05  2.930E+02  1.311E+03
  4.342E-02  4.703E-01  1.013E+05 -1.367E-11  2.692E-05  2.930E+02  1.311E+03
  4.342E-02  4.766E-01  1.013E+05 -7.081E-12  1.330E-05  2.930E+02  1.311E+03
  4.342E-02  4.829E-01  1.013E+05 -7.053E-12  1.276E-05  2.930E+02  1.311E+03
  4.342E-02  4.892E-01  1.013E+05 -1.765E-12  2.426E-05  2.930E+02  1.311E+03
  4.342E-02  4.955E-01  1.013E+05  8.150E-14  2.677E-05  2.930E+02  1.311E+03
  4.342E-02  5.018E-01  1.013E+05  1.842E-12 -2.660E-06  2.930E+02  1.311E+03
  4.342E-02  5.050E-01  1.013E+05  0.000E+00 -2.660E-06  2.930E+02  1.311E+03
  5.583E-02  0.000E+00  1.013E+05  0.000E+00  0.000E+00  2.930E+02  2.930E+02
  5.583E-02  3.156E-03  1.013E+05 -1.910E-06 -9.770E-04  2.930E+02  3.100E+02
  5.583E-02  9.469E-03  1.013E+05  3.851E-07  3.094E-05  2.930E+02  3.443E+02
  5.583E-02  1.578E-02  1.013E+05  1.566E-08 -7.462E-05  2.930E+02  3.793E+02
  5.583E-02  2.209E-02  1.013E+05  1.091E-07 -9.445E-05  2.930E+02  4.162E+02
  5.583E-02  2.841E-02  1.013E+05  7.275E-08 -1.658E-04  2.930E+02  4.561E+02
  5.583E-02  3.472E-02  1.013E+05  7.292E-08 -2.567E-04  2.931E+02  4.997E+02
  5.583E-02  4.103E-02  1.013E+05  6.822E-08 -3.823E-04  2.933E+02  5.478E+02
  5.583E-02  4.734E-02  1.013E+05  4.311E-08 -5.226E-04  2.939E+02  6.011E+02
  5.583E-02  5.366E-02  1.013E+05  1.560E-08 -6.482E-04  2.951E+02  6.595E+02
  5.583E-02  5.997E-02  1.013E+05 -4.858E-09 -7.346E-04  2.979E+02  7.241E+02
  5.583E-02  6.628E-02  1.013E+05  1.067E-07 -7.400E-04  3.036E+02  7.977E+02
  5.583E-02  7.259E-02  1.013E+05  3.381E-07 -6.160E-04  3.144E+02  8.893E+02
  5.583E-02  7.891E-02  1.013E+05  3.187E-07 -2.739E-04  3.331E+02  1.024E+03
  5.583E-02  8.522E-02  1.013E+05 -5.192E-07  4.093E-04  3.627E+02  1.277E+03
  5.583E-02  9.153E-02  1.013E+05  1.236E-06  3.267E-03  4.058E+02  1.903E+03
  5.583E-02  9.784E-02  1.013E+05  4.714E-06  2.944E-03  3.627E+02  1.938E+03
  5.583E-02  1.042E-01  1.013E+05  1.194E-06  3.326E-03  3.331E+02  1.969E+03
  5.583E-02  1.105E-01  1.013E+05 -6.393E-07  3.233E-03  3.144E+02  1.991E+03
  5.583E-02  1.168E-01  1.013E+05 -9.584E-08  2.916E-03  3.036E+02  1.999E+03
  5.583E-02  1.231E-01  1.013E+05 -2.547E-07  2.545E-03  2.979E+02  1.991E+03
  5.583E-02  1.294E-01  1.013E+05 -1.257E-08  2.170E-03  2.951E+02  1.966E+03
  5.583E-02  1.357E-01  1.013E+05  1.274E-08  1.826E-03  2.939E+02  1.929E+03
  5.583E-02  1.420E-01  1.013E+05  3.783E-08  1.523E-03  2.933E+02  1.882E+03
  5.583E-02  1.483E-01  1.013E+05  4.156E-08  1.265E-03  2.931E+02  1.830E+03
  5.583E-02  1.547E-01  1.013E+05  3.984E-08  1.052E-03  2.930E+02  1.777E+03
  5.583E-02  1.610E-01  1.013E+05  3.524E-08  8.758E-04  2.930E+02  1.724E+03
  5.583E-02  1.673E-01  1.013E+05  2.995E-08  7.272E-04  2.930E+02  1.675E+03
  5.583E-02  1.736E-01  1.013E+05  2.479E-08  5.944E-04  2.930E+02  1.628E+03
  5.583E-02  1.799E-01  1.013E+05  2.015E-08  4.927E-04  2.930E+02  1.586E+03
  5.583E-02  1.862E-01  1.013E+05  1.617E-08  4.136E-04  2.930E+02  1.548E+03
  5.583E-02  1.925E-01  1.013E+05  1.286E-08  3.402E-04  2.930E+02  1.514E+03
  5.583E-02  1.988E-01  1.013E+05  1.014E-08  2.781E-04  2.930E+02  1.485E+03
  5.583E-02  2.052E-01  1.013E+05  7.960E-09  2.275E-04  2.930E+02  1.458E+03
  5.583E-02  2.115E-01  1.013E+05  6.215E-09  1.898E-04  2.930E+02  1.435E+03
  5.583E-02  2.178E-01  1.013E+05  4.836E-09  1.678E-04  2.930E+02  1.416E+03
  5.583E-02  2.241E-01  1.013E+05  3.749E-09  1.421E-04  2.930E+02  1.399E+03
  5.583E-02  2.304E-01  1.013E+05  2.900E-09  1.108E-04  2.930E+02  1.384E+03
  5.583E-02  2.367E-01  1.013E+05  2.241E-09  9.290E-05  2.930E+02  1.371E+03
  5.583E-02  2.430E-01  1.013E+05  1.728E-09  7.989E-05  2.930E+02  1.360E+03
  5.583E-02  2.493E-01  1.013E+05  1.330E-09  6.010E-05  2.930E+02  1.351E+03
  5.583E-02  2.557E-01  1.013E+05  1.024E-09  4.809E-05  2.930E+02  1.343E+03
  5.583E-02  2.620E-01  1.013E+05  7.861E-10  4.049E-05  2.930E+02  1.337E+03
  5.583E-02  2.683E-01  1.013E+05  6.003E-10  2.802E-05  2.930E+02  1.332E+03
  5.583E-02  2.746E-01  1.013E+05  4.575E-10  2.189E-05  2.930E+02  1.327E+03
  5.583E-02  2.809E-01  1.013E+05  3.462E-10  1.557E-05  2.930E+02  1.324E+03
  5.583E-02  2.872E-01  1.013E+05  2.608E-10  4.753E-06  2.930E+02  1.321E+03
  5.583E-02  2.935E-01  1.013E+05  1.993E-10  3.186E-06  2.930E+02  1.318E+03
  5.583E-02  2.998E-01  1.013E+05  1.524E-10  2.069E-06  2.930E+02  1.316E+03
  5.583E-02  3.062E-01  1.013E+05  1.192E-10 -1.029E-05  2.930E+02  1.315E+03
  5.583E-02  3.125E-01  1.013E+05  9.405E-11 -2.223E-05  2.930E+02  1.314E+03
  5.583E-02  3.188E-01  1.013E+05  7.477E-11 -2.140E-05  2.930E+02  1.313E+03
  5.583E-02  3.251E-01  1.013E+05  5.657E-11 -2.328E-05  2.930E+02  1.312E+03
  5.583E-02  3.314E-01  1.013E+05  4.087E-11 -3.299E-05  2.930E+02  1.312E+03
  5.583E-02  3.377E-01  1.013E+05  2.713E-11 -3.361E-05  2.930E+02  1.312E+03
  5.583E-02  3.440E-01  1.013E+05  1.437E-11 -2.982E-05  2.930E+02  1.312E+03
  5.583E-02  3.503E-01  1.013E+05  1.029E-13 -2.754E-05  2.930E+02  1.312E+03
  5.583E-02  3.567E-01  1.013E+05 -6.783E-12 -3.107E-05  2.930E+02  1.312E+03
  5.583E-02  3.630E-01  1.013E+05 -1.503E-11 -4.187E-05  2.930E+02  1.312E+03
  5.583E-02  3.693E-01  1.013E+05 -1.828E-11 -4.099E-05  2.930E+02  1.312E+03
  5.583E-02  3.756E-01  1.013E+05 -2.049E-11 -2.790E-05  2.930E+02  1.312E+03
  5.583E-02  3.819E-01  1.013E+05 -2.057E-11 -2.144E-05  2.930E+02  1.312E+03
  5.583E-02  3.882E-01  1.013E+05 -2.047E-11 -2.082E-05  2.930E+02  1.312E+03
  5.583E-02  3.945E-01  1.013E+05 -2.052E-11 -2.050E-05  2.930E+02  1.312E+03
  5.583E-02  4.008E-01  1.013E+05 -2.121E-11 -2.007E-05  2.930E+02  1.312E+03
  5.583E-02  4.072E-01  1.013E+05 -1.954E-11 -2.078E-05  2.930E+02  1.312E+03
  5.583E-02  4.135E-01  1.013E+05 -2.255E-11 -1.682E-05  2.930E+02  1.312E+03
  5.583E-02  4.198E-01  1.013E+05 -1.816E-11 -5.499E-06  2.930E+02  1.312E+03
  5.583E-02  4.261E-01  1.013E+05 -1.838E-11 -1.874E-06  2.930E+02  1.312E+03
  5.583E-02  4.324E-01  1.013E+05 -1.919E-11  1.583E-06  2.930E+02  1.312E+03
  5.583E-02  4.387E-01  1.013E+05 -1.654E-11  7.539E-06  2.930E+02  1.312E+03
  5.583E-02  4.450E-01  1.013E+05 -1.647E-11 -5.165E-07  2.930E+02  1.312E+03
  5.583E-02  4.513E-01  1.013E+05 -1.089E-11 -2.927E-06  2.930E+02  1.312E+03
  5.583E-02  4.577E-01  1.013E+05 -1.130E-11  1.210E-05  2.930E+02  1.311E+03
  5.583E-02  4.640E-01  1.013E+05 -9.858E-12  2.788E-05  2.930E+02  1.311E+03
  5.583E-02  4.703E-01  1.013E+05 -8.618E-12  2.692E-05  2.930E+02  1.311E+03
  5.583E-02  4.766E-01  1.013E+05 -4.308E-12  1.330E-05  2.930E+02  1.311E+03
  5.583E-02  4.829E-01  1.013E+05 -6.084E-12  1.276E-05  2.930E+02  1.311E+03
  5.583E-02  4.892E-01  1.013E+05 -2.675E-12  2.426E-05  2.930E+02  1.311E+03
  5.583E-02  4.955E-01  1.013E+05 -2.205E-12  2.677E-05  2.930E+02  1.311E+03
  5.583E-02  5.018E-01  1.013E+05 -1.680E-12 -2.660E-06  2.930E+02  1.311E+03
  5.583E-02  5.050E-01  1.013E+05  0.000E+00 -2.660E-06  2.930E+02  1.311E+03
  6.824E-02  0.000E+00  1.013E+05  0.000E+00  0.000E+00  2.930E+02  2.930E+02
  6.824E-02  3.156E-03  1.013E+05  1.911E-06 -9.770E-04  2.930E+02  3.100E+02
  6.824E-02  9.469E-03  1.013E+05 -3.847E-07  3.094E-05  2.930E+02  3.443E+02
  6.824E-02  1.578E-02  1.013E+05 -1.537E-08 -7.462E-05  2.930E+02  3.793E+02
  6.824E-02  2.209E-02  1.013E+05 -1.088E-07 -9.445E-05  2.930E+02  4.162E+02
  6.824E-02  2.841E-02  1.013E+05 -7.257E-08 -1.658E-04  2.930E+02  4.561E+02
  6.824E-02  3.472E-02  1.013E+05 -7.282E-08 -2.567E-04  2.931E+02  4.997E+02
  6.824E-02  4.103E-02  1.013E+05 -6.819E-08 -3.823E-04  2.933E+02  5.478E+02
  6.824E-02  4.734E-02  1.013E+05 -4.313E-08 -5.226E-04  2.939E+02  6.011E+02
  6.824E-02  5.366E-02  1.013E+05 -1.565E-08 -6.482E-04  2.951E+02  6.595E+02
  6.824E-02  5.997E-02  1.013E+05  4.802E-09 -7.346E-04  2.979E+02  7.241E+02
  6.824E-02  6.628E-02  1.013E+05 -1.067E-07 -7.400E-04  3.036E+02  7.977E+02
  6.824E-02  7.259E-02  1.013E+05 -3.382E-07 -6.160E-04  3.144E+02  8.893E+02
  6.824E-02  7.891E-02  1.013E+05 -3.188E-07 -2.739E-04  3.331E+02  1.024E+03
  6.824E-02  8.522E-02  1.013E+05  5.191E-07  4.093E-04  3.627E+02  1.277E+03
  6.824E-02  9.153E-02  1.013E+05 -1.236E-06  3.267E-03  4.058E+02  1.903E+03
  6.824E-02  9.784E-02  1.013E+05 -4.714E-06  2.944E-03  3.627E+02  1.938E+03
  6.824E-02  1.042E-01  1.013E+05 -1.194E-06  3.326E-03  3.331E+02  1.969E+03
  6.824E-02  1.105E-01  1.013E+05  6.391E-07  3.233E-03  3.144E+02  1.991E+03
  6.824E-02  1.168E-01  1.013E+05  9.574E-08  2.916E-03  3.036E+02  1.999E+03
  6.824E-02  1.231E-01  1.013E+05  2.546E-07  2.545E-03  2.979E+02  1.991E+03
  6.824E-02  1.294E-01  1.013E+05  1.249E-08  2.170E-03  2.951E+02  1.966E+03
  6.824E-02  1.357E-01  1.013E+05 -1.280E-08  1.826E-03  2.939E+02  1.929E+03
  6.824E-02  1.420E-01  1.013E+05 -3.786E-08  1.523E-03  2.933E+02  1.882E+03
  6.824E-02  1.483E-01  1.013E+05 -4.156E-08  1.265E-03  2.931E+02  1.830E+03
  6.824E-02  1.547E-01  1.013E+05 -3.985E-08  1.052E-03  2.930E+02  1.777E+03
  6.824E-02  1.610E-01  1.013E+05 -3.524E-08  8.758E-04  2.930E+02  1.724E+03
  6.824E-02  1.673E-01  1.013E+05 -2.994E-08  7.272E-04  2.930E+02  1.675E+03
  6.824E-02  1.736E-01  1.013E+05 -2.477E-08  5.944E-04  2.930E+02  1.628E+03
  6.824E-02  1.799E-01  1.013E+05 -2.012E-08  4.927E-04  2.930E+02  1.586E+03
  6.824E-02  1.862E-01  1.013E+05 -1.613E-08  4.136E-04  2.930E+02  1.548E+03
  6.824E-02  1.925E-01  1.013E+05 -1.280E-08  3.402E-04  2.930E+02  1.514E+03
  6.824E-02  1.988E-01  1.013E+05 -1.009E-08  2.781E-04  2.930E+02  1.485E+03
  6.824E-02  2.052E-01  1.013E+05 -7.910E-09  2.275E-04  2.930E+02  1.458E+03
  6.824E-02  2.115E-01  1.013E+05 -6.180E-09  1.898E-04  2.930E+02  1.435E+03
  6.824E-02  2.178E-01  1.013E+05 -4.811E-09  1.678E-04  2.930E+02  1.416E+03
  6.824E-02  2.241E-01  1.013E+05 -3.739E-09  1.421E-04  2.930E+02  1.399E+03
  6.824E-02  2.304E-01  1.013E+05 -2.898E-09  1.108E-04  2.930E+02  1.384E+03
  6.824E-02  2.367E-01  1.013E+05 -2.240E-09  9.290E-05  2.930E+02  1.371E+03
  6.824E-02  2.430E-01  1.013E+05 -1.728E-09  7.989E-05  2.930E+02  1.360E+03
  6.824E-02  2.493E-01  1.013E+05 -1.332E-09  6.010E-05  2.930E+02  1.351E+03
  6.824E-02  2.557E-01  1.013E+05 -1.024E-09  4.809E-05  2.930E+02  1.343E+03
  6.824E-02  2.620E-01  1.013E+05 -7.880E-10  4.049E-05  2.930E+02  1.337E+03
  6.824E-02  2.683E-01  1.013E+05 -6.087E-10  2.802E-05  2.930E+02  1.332E+03
  6.824E-02  2.746E-01  1.013E+05 -4.709E-10  2.189E-05  2.930E+02  1.327E+03
  6.824E-02  2.809E-01  1.013E+05 -3.671E-10  1.557E-05  2.930E+02  1.324E+03
  6.824E-02  2.872E-01  1.013E+05 -2.884E-10  4.753E-06  2.930E+02  1.321E+03
  6.824E-02  2.935E-01  1.013E+05 -2.259E-10  3.186E-06  2.930E+02  1.318E+03
  6.824E-02  2.998E-01  1.013E+05 -1.795E-10  2.069E-06  2.930E+02  1.316E+03
  6.824E-02  3.062E-01  1.013E+05 -1.431E-10 -1.029E-05  2.930E+02  1.315E+03
  6.824E-02  3.125E-01  1.013E+05 -1.155E-10 -2.223E-05  2.930E+02  1.314E+03
  6.824E-02  3.188E-01  1.013E+05 -9.442E-11 -2.140E-05  2.930E+02  1.313E+03
  6.824E-02  3.251E-01  1.013E+05 -8.044E-11 -2.328E-05  2.930E+02  1.312E+03
  6.824E-02  3.314E-01  1.013E+05 -6.908E-11 -3.299E-05  2.930E+02  1.312E+03
  6.824E-02  3.377E-01  1.013E+05 -5.897E-11 -3.361E-05  2.930E+02  1.312E+03
  6.824E-02  3.440E-01  1.013E+05 -5.034E-11 -2.982E-05  2.930E+02  1.312E+03
  6.824E-02  3.503E-01  1.013E+05 -4.587E-11 -2.754E-05  2.930E+02  1.312E+03
  6.824E-02  3.567E-01  1.013E+05 -3.647E-11 -3.107E-05  2.930E+02  1.312E+03
  6.824E-02  3.630E-01  1.013E+05 -3.142E-11 -4.187E-05  2.930E+02  1.312E+03
  6.824E-02  3.693E-01  1.013E+05 -2.402E-11 -4.099E-05  2.930E+02  1.312E+03
  6.824E-02  3.756E-01  1.013E+05 -1.836E-11 -2.790E-05  2.930E+02  1.312E+03
  6.824E-02  3.819E-01  1.013E+05 -1.300E-11 -2.144E-05  2.930E+02  1.312E+03
  6.824E-02  3.882E-01  1.013E+05 -9.340E-12 -2.082E-05  2.930E+02  1.312E+03
  6.824E-02  3.945E-01  1.013E+05 -6.954E-12 -2.050E-05  2.930E+02  1.312E+03
  6.824E-02  4.008E-01  1.013E+05 -6.261E-12 -2.007E-05  2.930E+02  1.312E+03
  6.824E-02  4.072E-01  1.013E+05 -3.722E-12 -2.078E-05  2.930E+02  1.312E+03
  6.824E-02  4.135E-01  1.013E+05 -6.387E-12 -1.682E-05  2.930E+02  1.312E+03
  6.824E-02  4.198E-01  1.013E+05 -1.955E-12 -5.499E-06  2.930E+02  1.312E+03
  6.824E-02  4.261E-01  1.013E+05 -2.270E-12 -1.874E-06  2.930E+02  1.312E+03
  6.824E-02  4.324E-01  1.013E+05 -3.526E-12  1.583E-06  2.930E+02  1.312E+03
  6.824E-02  4.387E-01  1.013E+05 -1.991E-12  7.539E-06  2.930E+02  1.312E+03
  6.824E-02  4.450E-01  1.013E+05 -3.290E-12 -5.165E-07  2.930E+02  1.312E+03
  6.824E-02  4.513E-01  1.013E+05  8.401E-13 -2.927E-06  2.930E+02  1.312E+03
  6.824E-02  4.577E-01  1.013E+05 -1.324E-12  1.210E-05  2.930E+02  1.311E+03
  6.824E-02  4.640E-01  1.013E+05 -2.038E-12  2.788E-05  2.930E+02  1.311E+03
  6.824E-02  4.703E-01  1.013E+05 -3.211E-12  2.692E-05  2.930E+02  1.311E+03
  6.824E-02  4.766E-01  1.013E+05 -9.754E-13  1.330E-05  2.930E+02  1.311E+03
  6.824E-02  4.829E-01  1.013E+05 -4.380E-12  1.276E-05  2.930E+02  1.311E+03
  6.824E-02  4.892E-01  1.013E+05 -2.296E-12  2.426E-05  2.930E+02  1.311E+03
  6.824E-02  4.955E-01  1.013E+05 -2.730E-12  2.677E-05  2.930E+02  1.311E+03
  6.824E-02  5.018E-01  1.013E+05 -2.790E-12 -2.660E-06  2.930E+02  1.311E+03
  6.824E-02  5.050E-01  1.013E+05  0.000E+00 -2.660E-06  2.930E+02  1.311E+03
  8.065E-02  0.000E+00  1.013E+05  0.000E+00  0.000E+00  2.930E+02  2.930E+02
  8.065E-02  3.156E-03  1.013E+05  2.342E-06 -9.785E-04  2.930E+02  3.100E+02
  8.065E-02  9.469E-03  1.013E+05 -1.499E-07  3.023E-05  2.930E+02  3.443E+02
  8.065E-02  1.578E-02  1.013E+05  1.260E-07 -7.378E-05  2.930E+02  3.793E+02
  8.065E-02  2.209E-02  1.013E+05 -5.094E-08 -9.423E-05  2.930E+02  4.162E+02
  8.065E-02  2.841E-02  1.013E+05 -6.310E-08 -1.654E-04  2.930E+02  4.562E+02
  8.065E-02  3.472E-02  1.013E+05 -1.007E-07 -2.564E-04  2.931E+02  4.997E+02
  8.065E-02  4.103E-02  1.013E+05 -1.209E-07 -3.822E-04  2.933E+02  5.478E+02
  8.065E-02  4.734E-02  1.013E+05 -1.087E-07 -5.227E-04  2.939E+02  6.010E+02
  8.065E-02  5.366E-02  1.013E+05 -8.786E-08 -6.480E-04  2.951E+02  6.595E+02
  8.065E-02  5.997E-02  1.013E+05 -5.897E-08 -7.342E-04  2.979E+02  7.241E+02
  8.065E-02  6.628E-02  1.013E+05 -1.895E-07 -7.383E-04  3.036E+02  7.976E+02
  8.065E-02  7.259E-02  1.013E+05 -4.284E-07 -6.164E-04  3.144E+02  8.892E+02
  8.065E-02  7.891E-02  1.013E+05 -3.969E-07 -2.747E-04  3.331E+02  1.024E+03
  8.065E-02  8.522E-02  1.013E+05  4.337E-07  4.093E-04  3.627E+02  1.277E+03
  8.065E-02  9.153E-02  1.013E+05 -1.527E-06  3.257E-03  4.058E+02  1.901E+03
  8.065E-02  9.784E-02  1.013E+05 -5.238E-06  2.945E-03  3.627E+02  1.938E+03
  8.065E-02  1.042E-01  1.013E+05 -1.522E-06  3.337E-03  3.331E+02  1.968E+03
  8.065E-02  1.105E-01  1.013E+05  4.565E-07  3.235E-03  3.144E+02  1.990E+03
  8.065E-02  1.168E-01  1.013E+05 -9.167E-08  2.915E-03  3.036E+02  1.999E+03
  8.065E-02  1.231E-01  1.013E+05  4.423E-08  2.545E-03  2.979E+02  1.991E+03
  8.065E-02  1.294E-01  1.013E+05 -2.315E-07  2.169E-03  2.951E+02  1.966E+03
  8.065E-02  1.357E-01  1.013E+05 -2.160E-07  1.826E-03  2.939E+02  1.929E+03
  8.065E-02  1.420E-01  1.013E+05 -2.063E-07  1.523E-03  2.933E+02  1.882E+03
  8.065E-02  1.483E-01  1.013E+05 -1.734E-07  1.265E-03  2.931E+02  1.830E+03
  8.065E-02  1.547E-01  1.013E+05 -1.434E-07  1.052E-03  2.930E+02  1.777E+03
  8.065E-02  1.610E-01  1.013E+05 -1.160E-07  8.758E-04  2.930E+02  1.724E+03
  8.065E-02  1.673E-01  1.013E+05 -9.288E-08  7.273E-04  2.930E+02  1.675E+03
  8.065E-02  1.736E-01  1.013E+05 -7.377E-08  5.945E-04  2.930E+02  1.628E+03
  8.065E-02  1.799E-01  1.013E+05 -5.824E-08  4.927E-04  2.930E+02  1.586E+03
  8.065E-02  1.862E-01  1.013E+05 -4.575E-08  4.137E-04  2.930E+02  1.548E+03
  8.065E-02  1.925E-01  1.013E+05 -3.580E-08  3.402E-04  2.930E+02  1.514E+03
  8.065E-02  1.988E-01  1.013E+05 -2.792E-08  2.781E-04  2.930E+02  1.485E+03
  8.065E-02  2.052E-01  1.013E+05 -2.171E-08  2.275E-04  2.930E+02  1.458E+03
  8.065E-02  2.115E-01  1.013E+05 -1.685E-08  1.898E-04  2.930E+02  1.435E+03
  8.065E-02  2.178E-01  1.013E+05 -1.305E-08  1.678E-04  2.930E+02  1.416E+03
  8.065E-02  2.241E-01  1.013E+05 -1.009E-08  1.421E-04  2.930E+02  1.399E+03
  8.065E-02  2.304E-01  1.013E+05 -7.792E-09  1.108E-04  2.930E+02  1.384E+03
  8.065E-02  2.367E-01  1.013E+05 -6.007E-09  9.290E-05  2.930E+02  1.371E+03
  8.065E-02  2.430E-01  1.013E+05 -4.624E-09  7.989E-05  2.930E+02  1.360E+03
  8.065E-02  2.493E-01  1.013E+05 -3.557E-09  6.010E-05  2.930E+02  1.351E+03
  8.065E-02  2.557E-01  1.013E+05 -2.732E-09  4.809E-05  2.930E+02  1.343E+03
  8.065E-02  2.620E-01  1.013E+05 -2.097E-09  4.050E-05  2.930E+02  1.337E+03
  8.065E-02  2.683E-01  1.013E+05 -1.612E-09  2.802E-05  2.930E+02  1.332E+03
  8.065E-02  2.746E-01  1.013E+05 -1.240E-09  2.189E-05  2.930E+02  1.327E+03
  8.065E-02  2.809E-01  1.013E+05 -9.569E-10  1.557E-05  2.930E+02  1.324E+03
  8.065E-02  2.872E-01  1.013E+05 -7.427E-10  4.753E-06  2.930E+02  1.321E+03
  8.065E-02  2.935E-01  1.013E+05 -5.786E-10  3.186E-06  2.930E+02  1.318E+03
  8.065E-02  2.998E-01  1.013E+05 -4.572E-10  2.070E-06  2.930E+02  1.316E+03
  8.065E-02  3.062E-01  1.013E+05 -3.652E-10 -1.029E-05  2.930E+02  1.315E+03
  8.065E-02  3.125E-01  1.013E+05 -2.960E-10 -2.223E-05  2.930E+02  1.314E+03
  8.065E-02  3.188E-01  1.013E+05 -2.422E-10 -2.140E-05  2.930E+02  1.313E+03
  8.065E-02  3.251E-01  1.013E+05 -2.012E-10 -2.328E-05  2.930E+02  1.312E+03
  8.065E-02  3.314E-01  1.013E+05 -1.661E-10 -3.299E-05  2.930E+02  1.312E+03
  8.065E-02  3.377E-01  1.013E+05 -1.344E-10 -3.361E-05  2.930E+02  1.312E+03
  8.065E-02  3.440E-01  1.013E+05 -1.065E-10 -2.982E-05  2.930E+02  1.312E+03
  8.065E-02  3.503E-01  1.013E+05 -8.528E-11 -2.754E-05  2.930E+02  1.312E+03
  8.065E-02  3.567E-01  1.013E+05 -6.167E-11 -3.107E-05  2.930E+02  1.312E+03
  8.065E-02  3.630E-01  1.013E+05 -4.459E-11 -4.187E-05  2.930E+02  1.312E+03
  8.065E-02  3.693E-01  1.013E+05 -2.764E-11 -4.099E-05  2.930E+02  1.312E+03
  8.065E-02  3.756E-01  1.013E+05 -1.502E-11 -2.790E-05  2.930E+02  1.312E+03
  8.065E-02  3.819E-01  1.013E+05 -5.168E-12 -2.144E-05  2.930E+02  1.312E+03
  8.065E-02  3.882E-01  1.013E+05  1.560E-12 -2.082E-05  2.930E+02  1.312E+03
  8.065E-02  3.945E-01  1.013E+05  6.115E-12 -2.050E-05  2.930E+02  1.312E+03
  8.065E-02  4.008E-01  1.013E+05  8.672E-12 -2.007E-05  2.930E+02  1.312E+03
  8.065E-02  4.072E-01  1.013E+05  1.263E-11 -2.078E-05  2.930E+02  1.312E+03
  8.065E-02  4.135E-01  1.013E+05  1.115E-11 -1.682E-05  2.930E+02  1.312E+03
  8.065E-02  4.198E-01  1.013E+05  1.575E-11 -5.499E-06  2.930E+02  1.312E+03
  8.065E-02  4.261E-01  1.013E+05  1.506E-11 -1.874E-06  2.930E+02  1.312E+03
  8.065E-02  4.324E-01  1.013E+05  1.305E-11  1.583E-06  2.930E+02  1.312E+03
  8.065E-02  4.387E-01  1.013E+05  1.343E-11  7.539E-06  2.930E+02  1.312E+03
  8.065E-02  4.450E-01  1.013E+05  1.081E-11 -5.165E-07  2.930E+02  1.312E+03
  8.065E-02  4.513E-01  1.013E+05  1.380E-11 -2.927E-06  2.930E+02  1.312E+03
  8.065E-02  4.577E-01  1.013E+05  1.003E-11  1.210E-05  2.930E+02  1.311E+03
  8.065E-02  4.640E-01  1.013E+05  6.800E-12  2.788E-05  2.930E+02  1.311E+03
  8.065E-02  4.703E-01  1.013E+05  2.621E-12  2.692E-05  2.930E+02  1.311E+03
  8.065E-02  4.766E-01  1.013E+05  2.425E-12  1.330E-05  2.930E+02  1.311E+03
  8.065E-02  4.829E-01  1.013E+05 -2.647E-12  1.276E-05  2.930E+02  1.311E+03
  8.065E-02  4.892E-01  1.013E+05 -2.310E-12  2.426E-05  2.930E+02  1.311E+03
  8.065E-02  4.955E-01  1.013E+05 -4.360E-12  2.677E-05  2.930E+02  1.311E+03
  8.065E-02  5.018E-01  1.013E+05 -5.719E-12 -2.660E-06  2.930E+02  1.311E+03
  8.065E-02  5.050E-01  1.013E+05  0.000E+00 -2.660E-06  2.930E+02  1.311E+03
  9.305E-02  0.000E+00  1.013E+05  0.000E+00  0.000E+00  2.930E+02  2.930E+02
  9.305E-02  3.156E-03  1.013E+05  6.634E-07 -9.785E-04  2.930E+02  3.100E+02
  9.305E-02  9.469E-03  1.013E+05  3.897E-07  3.040E-05  2.930E+02  3.443E+02
  9.305E-02  1.578E-02  1.013E+05  2.559E-07 -7.350E-05  2.930E+02  3.793E+02
  9.305E-02  2.209E-02  1.013E+05  1.190E-07 -9.392E-05  2.930E+02  4.162E+02
  9.305E-02  2.841E-02  1.013E+05  2.530E-08 -1.651E-04  2.930E+02  4.561E+02
  9.305E-02  3.472E-02  1.013E+05 -6.063E-08 -2.560E-04  2.931E+02  4.996E+02
  9.305E-02  4.103E-02  1.013E+05 -1.114E-07 -3.818E-04  2.933E+02  5.478E+02
  9.305E-02  4.734E-02  1.013E+05 -1.599E-07 -5.223E-04  2.939E+02  6.010E+02
  9.305E-02  5.366E-02  1.013E+05 -1.920E-07 -6.476E-04  2.951E+02  6.594E+02
  9.305E-02  5.997E-02  1.013E+05 -1.764E-07 -7.338E-04  2.979E+02  7.240E+02
  9.305E-02  6.628E-02  1.013E+05 -1.661E-07 -7.377E-04  3.036E+02  7.975E+02
  9.305E-02  7.259E-02  1.013E+05  3.657E-08 -6.161E-04  3.144E+02  8.891E+02
  9.305E-02  7.891E-02  1.013E+05  9.152E-08 -2.746E-04  3.331E+02  1.024E+03
  9.305E-02  8.522E-02  1.013E+05  9.849E-08  4.092E-04  3.627E+02  1.276E+03
  9.305E-02  9.153E-02  1.013E+05 -3.045E-07  3.257E-03  4.058E+02  1.901E+03
  9.305E-02  9.784E-02  1.013E+05 -3.565E-07  2.945E-03  3.627E+02  1.937E+03
  9.305E-02  1.042E-01  1.013E+05 -4.079E-07  3.338E-03  3.331E+02  1.968E+03
  9.305E-02  1.105E-01  1.013E+05 -3.033E-07  3.236E-03  3.144E+02  1.990E+03
  9.305E-02  1.168E-01  1.013E+05 -3.865E-07  2.915E-03  3.036E+02  1.999E+03
  9.305E-02  1.231E-01  1.013E+05 -6.218E-07  2.545E-03  2.979E+02  1.991E+03
  9.305E-02  1.294E-01  1.013E+05 -9.173E-07  2.169E-03  2.951E+02  1.966E+03
  9.305E-02  1.357E-01  1.013E+05 -7.196E-07  1.827E-03  2.939E+02  1.929E+03
  9.305E-02  1.420E-01  1.013E+05 -4.697E-07  1.523E-03  2.933E+02  1.882E+03
  9.305E-02  1.483E-01  1.013E+05 -3.460E-07  1.266E-03  2.931E+02  1.830E+03
  9.305E-02  1.547E-01  1.013E+05 -2.538E-07  1.052E-03  2.930E+02  1.777E+03
  9.305E-02  1.610E-01  1.013E+05 -1.897E-07  8.760E-04  2.930E+02  1.724E+03
  9.305E-02  1.673E-01  1.013E+05 -1.432E-07  7.274E-04  2.930E+02  1.675E+03
  9.305E-02  1.736E-01  1.013E+05 -1.088E-07  5.945E-04  2.930E+02  1.628E+03
  9.305E-02  1.799E-01  1.013E+05 -8.315E-08  4.928E-04  2.930E+02  1.586E+03
  9.305E-02  1.862E-01  1.013E+05 -6.374E-08  4.137E-04  2.930E+02  1.548E+03
  9.305E-02  1.925E-01  1.013E+05 -4.897E-08  3.403E-04  2.930E+02  1.514E+03
  9.305E-02  1.988E-01  1.013E+05 -3.766E-08  2.782E-04  2.930E+02  1.485E+03
  9.305E-02  2.052E-01  1.013E+05 -2.898E-08  2.275E-04  2.930E+02  1.458E+03
  9.305E-02  2.115E-01  1.013E+05 -2.230E-08  1.898E-04  2.930E+02  1.435E+03
  9.305E-02  2.178E-01  1.013E+05 -1.716E-08  1.678E-04  2.930E+02  1.416E+03
  9.305E-02  2.241E-01  1.013E+05 -1.320E-08  1.421E-04  2.930E+02  1.399E+03
  9.305E-02  2.304E-01  1.013E+05 -1.015E-08  1.108E-04  2.930E+02  1.384E+03
  9.305E-02  2.367E-01  1.013E+05 -7.803E-09  9.291E-05  2.930E+02  1.371E+03
  9.305E-02  2.430E-01  1.013E+05 -5.994E-09  7.990E-05  2.930E+02  1.360E+03
  9.305E-02  2.493E-01  1.013E+05 -4.603E-09  6.010E-05  2.930E+02  1.351E+03
  9.305E-02  2.557E-01  1.013E+05 -3.531E-09  4.809E-05  2.930E+02  1.343E+03
  9.305E-02  2.620E-01  1.013E+05 -2.708E-09  4.050E-05  2.930E+02  1.337E+03
  9.305E-02  2.683E-01  1.013E+05 -2.079E-09  2.802E-05  2.930E+02  1.332E+03
  9.305E-02  2.746E-01  1.013E+05 -1.596E-09  2.189E-05  2.930E+02  1.327E+03
  9.305E-02  2.809E-01  1.013E+05 -1.229E-09  1.557E-05  2.930E+02  1.324E+03
  9.305E-02  2.872E-01  1.013E+05 -9.521E-10  4.754E-06  2.930E+02  1.321E+03
  9.305E-02  2.935E-01  1.013E+05 -7.413E-10  3.187E-06  2.930E+02  1.318E+03
  9.305E-02  2.998E-01  1.013E+05 -5.862E-10  2.070E-06  2.930E+02  1.316E+03
  9.305E-02  3.062E-01  1.013E+05 -4.699E-10 -1.029E-05  2.930E+02  1.315E+03
  9.305E-02  3.125E-01  1.013E+05 -3.821E-10 -2.223E-05  2.930E+02  1.314E+03
  9.305E-02  3.188E-01  1.013E+05 -3.132E-10 -2.140E-05  2.930E+02  1.313E+03
  9.305E-02  3.251E-01  1.013E+05 -2.591E-10 -2.328E-05  2.930E+02  1.312E+03
  9.305E-02  3.314E-01  1.013E+05 -2.111E-10 -3.299E-05  2.930E+02  1.312E+03
  9.305E-02  3.377E-01  1.013E+05 -1.669E-10 -3.361E-05  2.930E+02  1.312E+03
  9.305E-02  3.440E-01  1.013E+05 -1.283E-10 -2.982E-05  2.930E+02  1.312E+03
  9.305E-02  3.503E-01  1.013E+05 -9.863E-11 -2.754E-05  2.930E+02  1.312E+03
  9.305E-02  3.567E-01  1.013E+05 -6.791E-11 -3.107E-05  2.930E+02  1.312E+03
  9.305E-02  3.630E-01  1.013E+05 -4.385E-11 -4.187E-05  2.930E+02  1.312E+03
  9.305E-02  3.693E-01  1.013E+05 -2.041E-11 -4.099E-05  2.930E+02  1.312E+03
  9.305E-02  3.756E-01  1.013E+05 -3.645E-12 -2.790E-05  2.930E+02  1.312E+03
  9.305E-02  3.819E-01  1.013E+05  7.978E-12 -2.144E-05  2.930E+02  1.312E+03
  9.305E-02  3.882E-01  1.013E+05  1.587E-11 -2.082E-05  2.930E+02  1.312E+03
  9.305E-02  3.945E-01  1.013E+05  2.128E-11 -2.050E-05  2.930E+02  1.312E+03
  9.305E-02  4.008E-01  1.013E+05  2.489E-11 -2.007E-05  2.930E+02  1.312E+03
  9.305E-02  4.072E-01  1.013E+05  3.014E-11 -2.078E-05  2.930E+02  1.312E+03
  9.305E-02  4.135E-01  1.013E+05  2.997E-11 -1.682E-05  2.930E+02  1.312E+03
  9.305E-02  4.198E-01  1.013E+05  3.480E-11 -5.499E-06  2.930E+02  1.312E+03
  9.305E-02  4.261E-01  1.013E+05  3.333E-11 -1.874E-06  2.930E+02  1.312E+03
  9.305E-02  4.324E-01  1.013E+05  2.995E-11  1.583E-06  2.930E+02  1.312E+03
  9.305E-02  4.387E-01  1.013E+05  2.841E-11  7.539E-06  2.930E+02  1.312E+03
  9.305E-02  4.450E-01  1.013E+05  2.455E-11 -5.165E-07  2.930E+02  1.312E+03
  9.305E-02  4.513E-01  1.013E+05  2.742E-11 -2.927E-06  2.930E+02  1.312E+03
  9.305E-02  4.577E-01  1.013E+05  2.280E-11  1.210E-05  2.930E+02  1.311E+03
  9.305E-02  4.640E-01  1.013E+05  1.617E-11  2.788E-05  2.930E+02  1.311E+03
  9.305E-02  4.703E-01  1.013E+05  7.529E-12  2.692E-05  2.930E+02  1.311E+03
  9.305E-02  4.766E-01  1.013E+05  4.575E-12  1.330E-05  2.930E+02  1.311E+03
  9.305E-02  4.829E-01  1.013E+05 -1.851E-12  1.276E-05  2.930E+02  1.311E+03
  9.305E-02  4.892E-01  1.013E+05 -3.905E-12  2.426E-05  2.930E+02  1.311E+03
  9.305E-02  4.955E-01  1.013E+05 -8.998E-12  2.677E-05  2.930E+02  1.311E+03
  9.305E-02  5.018E-01  1.013E+05 -1.292E-11 -2.660E-06  2.930E+02  1.311E+03
  9.305E-02  5.050E-01  1.013E+05  0.000E+00 -2.660E-06  2.930E+02  1.311E+03
  1.055E-01  0.000E+00  1.013E+05  0.000E+00  0.000E+00  2.930E+02  2.930E+02
  1.055E-01  3.156E-03  1.013E+05  3.812E-08 -9.785E-04  2.930E+02  3.100E+02
  1.055E-01  9.469E-03  1.013E+05  1.885E-07  3.044E-05  2.930E+02  3.443E+02
  1.055E-01  1.578E-02  1.013E+05  1.477E-07 -7.328E-05  2.930E+02  3.793E+02
  1.055E-01  2.209E-02  1.013E+05  1.008E-07 -9.361E-05  2.930E+02  4.162E+02
  1.055E-01  2.841E-02  1.013E+05  4.363E-08 -1.647E-04  2.930E+02  4.561E+02
  1.055E-01  3.472E-02  1.013E+05 -1.699E-08 -2.557E-04  2.931E+02  4.996E+02
  1.055E-01  4.103E-02  1.013E+05 -6.050E-08 -3.814E-04  2.933E+02  5.477E+02
  1.055E-01  4.734E-02  1.013E+05 -1.327E-07 -5.219E-04  2.939E+02  6.009E+02
  1.055E-01  5.366E-02  1.013E+05 -1.617E-07 -6.472E-04  2.951E+02  6.593E+02
  1.055E-01  5.997E-02  1.013E+05 -1.192E-07 -7.335E-04  2.979E+02  7.239E+02
  1.055E-01  6.628E-02  1.013E+05  1.934E-07 -7.372E-04  3.036E+02  7.974E+02
  1.055E-01  7.259E-02  1.013E+05  2.766E-07 -6.155E-04  3.144E+02  8.889E+02
  1.055E-01  7.891E-02  1.013E+05  3.418E-07 -2.745E-04  3.331E+02  1.023E+03
  1.055E-01  8.522E-02  1.013E+05  2.793E-07  4.090E-04  3.627E+02  1.276E+03
  1.055E-01  9.153E-02  1.013E+05 -1.378E-08  3.257E-03  4.058E+02  1.901E+03
  1.055E-01  9.784E-02  1.013E+05  9.662E-08  2.945E-03  3.627E+02  1.937E+03
  1.055E-01  1.042E-01  1.013E+05 -2.005E-07  3.337E-03  3.331E+02  1.967E+03
  1.055E-01  1.105E-01  1.013E+05 -2.767E-07  3.235E-03  3.144E+02  1.990E+03
  1.055E-01  1.168E-01  1.013E+05 -3.880E-07  2.915E-03  3.036E+02  1.998E+03
  1.055E-01  1.231E-01  1.013E+05 -6.822E-07  2.544E-03  2.979E+02  1.990E+03
  1.055E-01  1.294E-01  1.013E+05 -1.004E-06  2.169E-03  2.951E+02  1.966E+03
  1.055E-01  1.357E-01  1.013E+05 -1.066E-06  1.827E-03  2.939E+02  1.929E+03
  1.055E-01  1.420E-01  1.013E+05 -7.561E-07  1.524E-03  2.933E+02  1.882E+03
  1.055E-01  1.483E-01  1.013E+05 -4.432E-07  1.266E-03  2.931E+02  1.830E+03
  1.055E-01  1.547E-01  1.013E+05 -3.126E-07  1.052E-03  2.930E+02  1.777E+03
  1.055E-01  1.610E-01  1.013E+05 -2.152E-07  8.761E-04  2.930E+02  1.724E+03
  1.055E-01  1.673E-01  1.013E+05 -1.549E-07  7.275E-04  2.930E+02  1.675E+03
  1.055E-01  1.736E-01  1.013E+05 -1.131E-07  5.946E-04  2.930E+02  1.628E+03
  1.055E-01  1.799E-01  1.013E+05 -8.395E-08  4.929E-04  2.930E+02  1.586E+03
  1.055E-01  1.862E-01  1.013E+05 -6.293E-08  4.138E-04  2.930E+02  1.548E+03
  1.055E-01  1.925E-01  1.013E+05 -4.755E-08  3.403E-04  2.930E+02  1.514E+03
  1.055E-01  1.988E-01  1.013E+05 -3.611E-08  2.782E-04  2.930E+02  1.485E+03
  1.055E-01  2.052E-01  1.013E+05 -2.753E-08  2.276E-04  2.930E+02  1.458E+03
  1.055E-01  2.115E-01  1.013E+05 -2.103E-08  1.899E-04  2.930E+02  1.435E+03
  1.055E-01  2.178E-01  1.013E+05 -1.611E-08  1.678E-04  2.930E+02  1.416E+03
  1.055E-01  2.241E-01  1.013E+05 -1.236E-08  1.421E-04  2.930E+02  1.399E+03
  1.055E-01  2.304E-01  1.013E+05 -9.489E-09  1.108E-04  2.930E+02  1.384E+03
  1.055E-01  2.367E-01  1.013E+05 -7.283E-09  9.291E-05  2.930E+02  1.371E+03
  1.055E-01  2.430E-01  1.013E+05 -5.597E-09  7.990E-05  2.930E+02  1.360E+03
  1.055E-01  2.493E-01  1.013E+05 -4.301E-09  6.011E-05  2.930E+02  1.351E+03
  1.055E-01  2.557E-01  1.013E+05 -3.302E-09  4.810E-05  2.930E+02  1.343E+03
  1.055E-01  2.620E-01  1.013E+05 -2.539E-09  4.050E-05  2.930E+02  1.337E+03
  1.055E-01  2.683E-01  1.013E+05 -1.955E-09  2.802E-05  2.930E+02  1.332E+03
  1.055E-01  2.746E-01  1.013E+05 -1.507E-09  2.190E-05  2.930E+02  1.327E+03
  1.055E-01  2.809E-01  1.013E+05 -1.170E-09  1.557E-05  2.930E+02  1.324E+03
  1.055E-01  2.872E-01  1.013E+05 -9.112E-10  4.754E-06  2.930E+02  1.321E+03
  1.055E-01  2.935E-01  1.013E+05 -7.132E-10  3.187E-06  2.930E+02  1.318E+03
  1.055E-01  2.998E-01  1.013E+05 -5.747E-10  2.070E-06  2.930E+02  1.316E+03
  1.055E-01  3.062E-01  1.013E+05 -4.722E-10 -1.029E-05  2.930E+02  1.315E+03
  1.055E-01  3.125E-01  1.013E+05 -3.854E-10 -2.223E-05  2.930E+02  1.314E+03
  1.055E-01  3.188E-01  1.013E+05 -3.170E-10 -2.140E-05  2.930E+02  1.313E+03
  1.055E-01  3.251E-01  1.013E+05 -2.686E-10 -2.327E-05  2.930E+02  1.312E+03
  1.055E-01  3.314E-01  1.013E+05 -2.208E-10 -3.299E-05  2.930E+02  1.312E+03
  1.055E-01  3.377E-01  1.013E+05 -1.684E-10 -3.361E-05  2.930E+02  1.312E+03
  1.055E-01  3.440E-01  1.013E+05 -1.271E-10 -2.982E-05  2.930E+02  1.312E+03
  1.055E-01  3.503E-01  1.013E+05 -1.032E-10 -2.754E-05  2.930E+02  1.312E+03
  1.055E-01  3.567E-01  1.013E+05 -7.822E-11 -3.107E-05  2.930E+02  1.312E+03
  1.055E-01  3.630E-01  1.013E+05 -4.520E-11 -4.187E-05  2.930E+02  1.312E+03
  1.055E-01  3.693E-01  1.013E+05 -2.796E-12 -4.099E-05  2.930E+02  1.312E+03
  1.055E-01  3.756E-01  1.013E+05  2.080E-11 -2.790E-05  2.930E+02  1.312E+03
  1.055E-01  3.819E-01  1.013E+05  2.671E-11 -2.144E-05  2.930E+02  1.312E+03
  1.055E-01  3.882E-01  1.013E+05  3.098E-11 -2.082E-05  2.930E+02  1.312E+03
  1.055E-01  3.945E-01  1.013E+05  3.620E-11 -2.050E-05  2.930E+02  1.312E+03
  1.055E-01  4.008E-01  1.013E+05  4.116E-11 -2.007E-05  2.930E+02  1.312E+03
  1.055E-01  4.072E-01  1.013E+05  5.214E-11 -2.078E-05  2.930E+02  1.312E+03
  1.055E-01  4.135E-01  1.013E+05  6.080E-11 -1.682E-05  2.930E+02  1.312E+03
  1.055E-01  4.198E-01  1.013E+05  6.534E-11 -5.499E-06  2.930E+02  1.312E+03
  1.055E-01  4.261E-01  1.013E+05  5.912E-11 -1.874E-06  2.930E+02  1.312E+03
  1.055E-01  4.324E-01  1.013E+05  5.384E-11  1.583E-06  2.930E+02  1.312E+03
  1.055E-01  4.387E-01  1.013E+05  4.309E-11  7.539E-06  2.930E+02  1.312E+03
  1.055E-01  4.450E-01  1.013E+05  3.613E-11 -5.165E-07  2.930E+02  1.312E+03
  1.055E-01  4.513E-01  1.013E+05  5.591E-11 -2.927E-06  2.930E+02  1.312E+03
  1.055E-01  4.577E-01  1.013E+05  6.105E-11  1.210E-05  2.930E+02  1.311E+03
  1.055E-01  4.640E-01  1.013E+05  3.740E-11  2.788E-05  2.930E+02  1.311E+03
  1.055E-01  4.703E-01  1.013E+05  3.682E-12  2.692E-05  2.930E+02  1.311E+03
  1.055E-01  4.766E-01  1.013E+05 -3.935E-12  1.330E-05  2.930E+02  1.311E+03
  1.055E-01  4.829E-01  1.013E+05  7.995E-13  1.276E-05  2.930E+02  1.311E+03
  1.055E-01  4.892E-01  1.013E+05 -5.751E-12  2.426E-05  2.930E+02  1.311E+03
  1.055E-01  4.955E-01  1.013E+05 -3.856E-11  2.677E-05  2.930E+02  1.311E+03
  1.055E-01  5.018E-01  1.013E+05 -5.445E-11 -2.659E-06  2.930E+02  1.311E+03
  1.055E-01  5.050E-01  1.013E+05  0.000E+00 -2.659E-06  2.930E+02  1.311E+03
  1.179E-01  0.000E+00  1.013E+05  0.000E+00  0.000E+00  2.930E+02  2.930E+02
  1.179E-01  3.156E-03  1.013E+05 -1.947E-07 -9.780E-04  2.930E+02  3.100E+02
  1.179E-01  9.469E-03  1.013E+05  3.358E-08  3.104E-05  2.930E+02  3.443E+02
  1.179E-01  1.578E-02  1.013E+05  3.321E-08 -7.307E-05  2.930E+02  3.793E+02
  1.179E-01  2.209E-02  1.013E+05  3.978E-08 -9.338E-05  2.930E+02  4.162E+02
  1.179E-01  2.841E-02  1.013E+05  2.779E-08 -1.645E-04  2.930E+02  4.561E+02
  1.179E-01  3.472E-02  1.013E+05  1.575E-08 -2.554E-04  2.931E+02  4.996E+02
  1.179E-01  4.103E-02  1.013E+05 -1.852E-09 -3.810E-04  2.933E+02  5.477E+02
  1.179E-01  4.734E-02  1.013E+05 -3.849E-08 -5.213E-04  2.939E+02  6.009E+02
  1.179E-01  5.366E-02  1.013E+05 -4.197E-08 -6.469E-04  2.951E+02  6.593E+02
  1.179E-01  5.997E-02  1.013E+05 -6.583E-09 -7.333E-04  2.979E+02  7.238E+02
  1.179E-01  6.628E-02  1.013E+05  2.767E-07 -7.374E-04  3.036E+02  7.973E+02
  1.179E-01  7.259E-02  1.013E+05  1.498E-07 -6.159E-04  3.144E+02  8.888E+02
  1.179E-01  7.891E-02  1.013E+05  1.722E-07 -2.745E-04  3.331E+02  1.023E+03
  1.179E-01  8.522E-02  1.013E+05  9.543E-08  4.088E-04  3.627E+02  1.276E+03
  1.179E-01  9.153E-02  1.013E+05 -3.839E-10  3.257E-03  4.058E+02  1.900E+03
  1.179E-01  9.784E-02  1.013E+05 -7.059E-08  2.945E-03  3.627E+02  1.937E+03
  1.179E-01  1.042E-01  1.013E+05 -1.203E-07  3.337E-03  3.331E+02  1.967E+03
  1.179E-01  1.105E-01  1.013E+05 -1.561E-07  3.235E-03  3.144E+02  1.989E+03
  1.179E-01  1.168E-01  1.013E+05 -1.889E-07  2.914E-03  3.036E+02  1.998E+03
  1.179E-01  1.231E-01  1.013E+05 -2.708E-07  2.543E-03  2.979E+02  1.990E+03
  1.179E-01  1.294E-01  1.013E+05 -3.306E-07  2.168E-03  2.951E+02  1.966E+03
  1.179E-01  1.357E-01  1.013E+05 -5.497E-07  1.827E-03  2.939E+02  1.929E+03
  1.179E-01  1.420E-01  1.013E+05 -4.548E-07  1.525E-03  2.933E+02  1.882E+03
  1.179E-01  1.483E-01  1.013E+05 -2.290E-07  1.267E-03  2.931E+02  1.830E+03
  1.179E-01  1.547E-01  1.013E+05 -1.623E-07  1.052E-03  2.930E+02  1.777E+03
  1.179E-01  1.610E-01  1.013E+05 -1.062E-07  8.764E-04  2.930E+02  1.724E+03
  1.179E-01  1.673E-01  1.013E+05 -7.467E-08  7.276E-04  2.930E+02  1.675E+03
  1.179E-01  1.736E-01  1.013E+05 -5.328E-08  5.947E-04  2.930E+02  1.628E+03
  1.179E-01  1.799E-01  1.013E+05 -3.888E-08  4.929E-04  2.930E+02  1.586E+03
  1.179E-01  1.862E-01  1.013E+05 -2.878E-08  4.138E-04  2.930E+02  1.548E+03
  1.179E-01  1.925E-01  1.013E+05 -2.154E-08  3.403E-04  2.930E+02  1.514E+03
  1.179E-01  1.988E-01  1.013E+05 -1.624E-08  2.782E-04  2.930E+02  1.485E+03
  1.179E-01  2.052E-01  1.013E+05 -1.231E-08  2.276E-04  2.930E+02  1.458E+03
  1.179E-01  2.115E-01  1.013E+05 -9.365E-09  1.899E-04  2.930E+02  1.435E+03
  1.179E-01  2.178E-01  1.013E+05 -7.151E-09  1.679E-04  2.930E+02  1.416E+03
  1.179E-01  2.241E-01  1.013E+05 -5.482E-09  1.421E-04  2.930E+02  1.399E+03
  1.179E-01  2.304E-01  1.013E+05 -4.204E-09  1.108E-04  2.930E+02  1.384E+03
  1.179E-01  2.367E-01  1.013E+05 -3.222E-09  9.292E-05  2.930E+02  1.371E+03
  1.179E-01  2.430E-01  1.013E+05 -2.476E-09  7.990E-05  2.930E+02  1.360E+03
  1.179E-01  2.493E-01  1.013E+05 -1.903E-09  6.011E-05  2.930E+02  1.351E+03
  1.179E-01  2.557E-01  1.013E+05 -1.459E-09  4.810E-05  2.930E+02  1.343E+03
  1.179E-01  2.620E-01  1.013E+05 -1.123E-09  4.050E-05  2.930E+02  1.337E+03
  1.179E-01  2.683E-01  1.013E+05 -8.662E-10  2.802E-05  2.930E+02  1.332E+03
  1.179E-01  2.746E-01  1.013E+05 -6.688E-10  2.190E-05  2.930E+02  1.327E+03
  1.179E-01  2.809E-01  1.013E+05 -5.237E-10  1.557E-05  2.930E+02  1.324E+03
  1.179E-01  2.872E-01  1.013E+05 -4.111E-10  4.755E-06  2.930E+02  1.321E+03
  1.179E-01  2.935E-01  1.013E+05 -3.231E-10  3.188E-06  2.930E+02  1.318E+03
  1.179E-01  2.998E-01  1.013E+05 -2.663E-10  2.071E-06  2.930E+02  1.316E+03
  1.179E-01  3.062E-01  1.013E+05 -2.244E-10 -1.029E-05  2.930E+02  1.315E+03
  1.179E-01  3.125E-01  1.013E+05 -1.837E-10 -2.223E-05  2.930E+02  1.314E+03
  1.179E-01  3.188E-01  1.013E+05 -1.509E-10 -2.140E-05  2.930E+02  1.313E+03
  1.179E-01  3.251E-01  1.013E+05 -1.313E-10 -2.327E-05  2.930E+02  1.312E+03
  1.179E-01  3.314E-01  1.013E+05 -1.089E-10 -3.299E-05  2.930E+02  1.312E+03
  1.179E-01  3.377E-01  1.013E+05 -7.950E-11 -3.361E-05  2.930E+02  1.312E+03
  1.179E-01  3.440E-01  1.013E+05 -5.831E-11 -2.982E-05  2.930E+02  1.312E+03
  1.179E-01  3.503E-01  1.013E+05 -5.134E-11 -2.754E-05  2.930E+02  1.312E+03
  1.179E-01  3.567E-01  1.013E+05 -4.142E-11 -3.107E-05  2.930E+02  1.312E+03
  1.179E-01  3.630E-01  1.013E+05 -2.251E-11 -4.187E-05  2.930E+02  1.312E+03
  1.179E-01  3.693E-01  1.013E+05  7.413E-12 -4.099E-05  2.930E+02  1.312E+03
  1.179E-01  3.756E-01  1.013E+05  2.186E-11 -2.790E-05  2.930E+02  1.312E+03
  1.179E-01  3.819E-01  1.013E+05  2.191E-11 -2.144E-05  2.930E+02  1.312E+03
  1.179E-01  3.882E-01  1.013E+05  2.214E-11 -2.082E-05  2.930E+02  1.312E+03
  1.179E-01  3.945E-01  1.013E+05  2.437E-11 -2.050E-05  2.930E+02  1.312E+03
  1.179E-01  4.008E-01  1.013E+05  2.688E-11 -2.007E-05  2.930E+02  1.312E+03
  1.179E-01  4.072E-01  1.013E+05  3.534E-11 -2.078E-05  2.930E+02  1.312E+03
  1.179E-01  4.135E-01  1.013E+05  4.183E-11 -1.682E-05  2.930E+02  1.312E+03
  1.179E-01  4.198E-01  1.013E+05  4.553E-11 -5.499E-06  2.930E+02  1.312E+03
  1.179E-01  4.261E-01  1.013E+05  3.937E-11 -1.874E-06  2.930E+02  1.312E+03
  1.179E-01  4.324E-01  1.013E+05  3.481E-11  1.583E-06  2.930E+02  1.312E+03
  1.179E-01  4.387E-01  1.013E+05  2.554E-11  7.539E-06  2.930E+02  1.312E+03
  1.179E-01  4.450E-01  1.013E+05  1.957E-11 -5.165E-07  2.930E+02  1.312E+03
  1.179E-01  4.513E-01  1.013E+05  3.948E-11 -2.927E-06  2.930E+02  1.312E+03
  1.179E-01  4.577E-01  1.013E+05  4.626E-11  1.210E-05  2.930E+02  1.311E+03
  1.179E-01  4.640E-01  1.013E+05  2.706E-11  2.788E-05  2.930E+02  1.311E+03
  1.179E-01  4.703E-01  1.013E+05 -1.220E-12  2.692E-05  2.930E+02  1.311E+03
  1.179E-01  4.766E-01  1.013E+05 -5.263E-12  1.330E-05  2.930E+02  1.311E+03
  1.179E-01  4.829E-01  1.013E+05  1.585E-12  1.276E-05  2.930E+02  1.311E+03
  1.179E-01  4.892E-01  1.013E+05 -2.206E-12  2.426E-05  2.930E+02  1.311E+03
  1.179E-01  4.955E-01  1.013E+05 -3.221E-11  2.677E-05  2.930E+02  1.311E+03
  1.179E-01  5.018E-01  1.013E+05 -4.562E-11 -2.659E-06  2.930E+02  1.311E+03
  1.179E-01  5.050E-01  1.013E+05  0.000E+00 -2.659E-06  2.930E+02  1.311E+03
  1.241E-01  0.000E+00  1.013E+05  0.000E+00  0.000E+00  2.930E+02  2.930E+02
  1.241E-01  3.156E-03  1.013E+05 -1.947E-07 -9.780E-04  2.930E+02  3.100E+02
  1.241E-01  9.469E-03  1.013E+05  3.358E-08  3.104E-05  2.930E+02  3.443E+02
  1.241E-01  1.578E-02  1.013E+05  3.321E-08 -7.307E-05  2.930E+02  3.793E+02
  1.241E-01  2.209E-02  1.013E+05  3.978E-08 -9.338E-05  2.930E+02  4.162E+02
  1.241E-01  2.841E-02  1.013E+05  2.779E-08 -1.645E-04  2.930E+02  4.561E+02
  1.241E-01  3.472E-02  1.013E+05  1.575E-08 -2.554E-04  2.931E+02  4.996E+02
  1.241E-01  4.103E-02  1.013E+05 -1.852E-09 -3.810E-04  2.933E+02  5.477E+02
  1.241E-01  4.734E-02  1.013E+05 -3.849E-08 -5.213E-04  2.939E+02  6.009E+02
  1.241E-01  5.366E-02  1.013E+05 -4.197E-08 -6.469E-04  2.951E+02  6.593E+02
  1.241E-01  5.997E-02  1.013E+05 -6.583E-09 -7.333E-04  2.979E+02  7.238E+02
  1.241E-01  6.628E-02  1.013E+05  2.767E-07 -7.374E-04  3.036E+02  7.973E+02
  1.241E-01  7.259E-02  1.013E+05  1.498E-07 -6.159E-04  3.144E+02  8.888E+02
  1.241E-01  7.891E-02  1.013E+05  1.722E-07 -2.745E-04  3.331E+02  1.023E+03
  1.241E-01  8.522E-02  1.013E+05  9.543E-08  4.088E-04  3.627E+02  1.276E+03
  1.241E-01  9.153E-02  1.013E+05 -3.839E-10  3.257E-03  4.058E+02  1.900E+03
  1.241E-01  9.784E-02  1.013E+05 -7.059E-08  2.945E-03  3.627E+02  1.937E+03
  1.241E-01  1.042E-01  1.013E+05 -1.203E-07  3.337E-03  3.331E+02  1.967E+03
  1.241E-01  1.105E-01  1.013E+05 -1.561E-07  3.235E-03  3.144E+02  1.989E+03
  1.241E-01  1.168E-01  1.013E+05 -1.889E-07  2.914E-03  3.036E+02  1.998E+03
  1.241E-01  1.231E-01  1.013E+05 -2.708E-07  2.543E-03  2.979E+02  1.990E+03
  1.241E-01  1.294E-01  1.013E+05 -3.306E-07  2.168E-03  2.951E+02  1.966E+03
  1.241E-01  1.357E-01  1.013E+05 -5.497E-07  1.827E-03  2.939E+02  1.929E+03
  1.241E-01  1.420E-01  1.013E+05 -4.548E-07  1.525E-03  2.933E+02  1.882E+03
  1.241E-01  1.483E-01  1.013E+05 -2.290E-07  1.267E-03  2.931E+02  1.830E+03
  1.241E-01  1.547E-01  1.013E+05 -1.623E-07  1.052E-03  2.930E+02  1.777E+03
  1.241E-01  1.610E-01  1.013E+05 -1.062E-07  8.764E-04  2.930E+02  1.724E+03
  1.241E-01  1.673E-01  1.013E+05 -7.467E-08  7.276E-04  2.930E+02  1.675E+03
  1.241E-01  1.736E-01  1.013E+05 -5.328E-08  5.947E-04  2.930E+02  1.628E+03
  1.241E-01  1.799E-01  1.013E+05 -3.888E-08  4.929E-04  2.930E+02  1.586E+03
  1.241E-01  1.862E-01  1.013E+05 -2.878E-08  4.138E-04  2.930E+02  1.548E+03
  1.241E-01  1.925E-01  1.013E+05 -2.154E-08  3.403E-04  2.930E+02  1.514E+03
  1.241E-01  1.988E-01  1.013E+05 -1.624E-08  2.782E-04  2.930E+02  1.485E+03
  1.241E-01  2.052E-01  1.013E+05 -1.231E-08  2.276E-04  2.930E+02  1.458E+03
  1.241E-01  2.115E-01  1.013E+05 -9.365E-09  1.899E-04  2.930E+02  1.435E+03
  1.241E-01  2.178E-01  1.013E+05 -7.151E-09  1.679E-04  2.930E+02  1.416E+03
  1.241E-01  2.241E-01  1.013E+05 -5.482E-09  1.421E-04  2.930E+02  1.399E+03
  1.241E-01  2.304E-01  1.013E+05 -4.204E-09  1.108E-04  2.930E+02  1.384E+03
  1.241E-01  2.367E-01  1.013E+05 -3.222E-09  9.292E-05  2.930E+02  1.371E+03
  1.241E-01  2.430E-01  1.013E+05 -2.476E-09  7.990E-05  2.930E+02  1.360E+03
  1.241E-01  2.493E-01  1.013E+05 -1.903E-09  6.011E-05  2.930E+02  1.351E+03
  1.241E-01  2.557E-01  1.013E+05 -1.459E-09  4.810E-05  2.930E+02  1.343E+03
  1.241E-01  2.620E-01  1.013E+05 -1.123E-09  4.050E-05  2.930E+02  1.337E+03
  1.241E-01  2.683E-01  1.013E+05 -8.662E-10  2.802E-05  2.930E+02  1.332E+03
  1.241E-01  2.746E-01  1.013E+05 -6.688E-10  2.190E-05  2.930E+02  1.327E+03
  1.241E-01  2.809E-01  1.013E+05 -5.237E-10  1.557E-05  2.930E+02  1.324E+03
  1.241E-01  2.872E-01  1.013E+05 -4.111E-10  4.755E-06  2.930E+02  1.321E+03
  1.241E-01  2.935E-01  1.013E+05 -3.231E-10  3.188E-06  2.930E+02  1.318E+03
  1.241E-01  2.998E-01  1.013E+05 -2.663E-10  2.071E-06  2.930E+02  1.316E+03
  1.241E-01  3.062E-01  1.013E+05 -2.244E-10 -1.029E-05  2.930E+02  1.315E+03
  1.241E-01  3.125E-01  1.013E+05 -1.837E-10 -2.223E-05  2.930E+02  1.314E+03
  1.241E-01  3.188E-01  1.013E+05 -1.509E-10 -2.140E-05  2.930E+02  1.313E+03
  1.241E-01  3.251E-01  1.013E+05 -1.313E-10 -2.327E-05  2.930E+02  1.312E+03
  1.241E-01  3.314E-01  1.013E+05 -1.089E-10 -3.299E-05  2.930E+02  1.312E+03
  1.241E-01  3.377E-01  1.013E+05 -7.950E-11 -3.361E-05  2.930E+02  1.312E+03
  1.241E-01  3.440E-01  1.013E+05 -5.831E-11 -2.982E-05  2.930E+02  1.312E+03
  1.241E-01  3.503E-01  1.013E+05 -5.134E-11 -2.754E-05  2.930E+02  1.312E+03
  1.241E-01  3.567E-01  1.013E+05 -4.142E-11 -3.107E-05  2.930E+02  1.312E+03
  1.241E-01  3.630E-01  1.013E+05 -2.251E-11 -4.187E-05  2.930E+02  1.312E+03
  1.241E-01  3.693E-01  1.013E+05  7.413E-12 -4.099E-05  2.930E+02  1.312E+03
  1.241E-01  3.756E-01  1.013E+05  2.186E-11 -2.790E-05  2.930E+02  1.312E+03
  1.241E-01  3.819E-01  1.013E+05  2.191E-11 -2.144E-05  2.930E+02  1.312E+03
  1.241E-01  3.882E-01  1.013E+05  2.214E-11 -2.082E-05  2.930E+02  1.312E+03
  1.241E-01  3.945E-01  1.013E+05  2.437E-11 -2.050E-05  2.930E+02  1.312E+03
  1.241E-01  4.008E-01  1.013E+05  2.688E-11 -2.007E-05  2.930E+02  1.312E+03
  1.241E-01  4.072E-01  1.013E+05  3.534E-11 -2.078E-05  2.930E+02  1.312E+03
  1.241E-01  4.135E-01  1.013E+05  4.183E-11 -1.682E-05  2.930E+02  1.312E+03
  1.241E-01  4.198E-01  1.013E+05  4.553E-11 -5.499E-06  2.930E+02  1.312E+03
  1.241E-01  4.261E-01  1.013E+05  3.937E-11 -1.874E-06  2.930E+02  1.312E+03
  1.241E-01  4.324E-01  1.013E+05  3.481E-11  1.583E-06  2.930E+02  1.312E+03
  1.241E-01  4.387E-01  1.013E+05  2.554E-11  7.539E-06  2.930E+02  1.312E+03
  1.241E-01  4.450E-01  1.013E+05  1.957E-11 -5.165E-07  2.930E+02  1.312E+03
  1.241E-01  4.513E-01  1.013E+05  3.948E-11 -2.927E-06  2.930E+02  1.312E+03
  1.241E-01  4.577E-01  1.013E+05  4.626E-11  1.210E-05  2.930E+02  1.311E+03
  1.241E-01  4.640E-01  1.013E+05  2.706E-11  2.788E-05  2.930E+02  1.311E+03
  1.241E-01  4.703E-01  1.013E+05 -1.220E-12  2.692E-05  2.930E+02  1.311E+03
  1.241E-01  4.766E-01  1.013E+05 -5.263E-12  1.330E-05  2.930E+02  1.311E+03
  1.241E-01  4.829E-01  1.013E+05  1.585E-12  1.276E-05  2.930E+02  1.311E+03
  1.241E-01  4.892E-01  1.013E+05 -2.206E-12  2.426E-05  2.930E+02  1.311E+03
  1.241E-01  4.955E-01  1.013E+05 -3.221E-11  2.677E-05  2.930E+02  1.311E+03
  1.241E-01  5.018E-01  1.013E+05 -4.562E-11 -2.659E-06  2.930E+02  1.311E+03
  1.241E-01  5.050E-01  1.013E+05  0.000E+00 -2.659E-06  2.930E+02  1.311E+03
