VARIABLES="XP","YP","P","U","V","TS","TF"
ZONE T="Zone 001"I=    82 J=    12 F=POINT
  0.000E+00  0.000E+00  1.013E+05  1.664E-07 -3.564E-04  2.930E+02  6.307E+02
  0.000E+00  3.156E-03  1.013E+05  1.664E-07 -3.564E-04  2.930E+02  6.307E+02
  0.000E+00  9.469E-03  1.013E+05  1.579E-07  5.248E-04  2.930E+02  1.307E+03
  0.000E+00  1.578E-02  1.013E+05  1.422E-07  9.012E-04  2.930E+02  1.993E+03
  0.000E+00  2.209E-02  1.013E+05  1.206E-07  1.259E-03  2.930E+02  2.703E+03
  0.000E+00  2.841E-02  1.013E+05  9.765E-08  1.585E-03  2.930E+02  3.434E+03
  0.000E+00  3.472E-02  1.013E+05  7.621E-08  1.875E-03  2.930E+02  4.176E+03
  0.000E+00  4.103E-02  1.013E+05  6.045E-08  2.107E-03  2.931E+02  4.913E+03
  0.000E+00  4.734E-02  1.013E+05  5.167E-08  2.282E-03  2.933E+02  5.624E+03
  0.000E+00  5.366E-02  1.013E+05  4.229E-08  2.416E-03  2.939E+02  6.288E+03
  0.000E+00  5.997E-02  1.013E+05  1.327E-08  2.505E-03  2.955E+02  6.893E+03
  0.000E+00  6.628E-02  1.013E+05 -4.961E-08  2.558E-03  2.992E+02  7.434E+03
  0.000E+00  7.259E-02  1.013E+05 -1.096E-07  2.589E-03  3.072E+02  7.913E+03
  0.000E+00  7.891E-02  1.013E+05 -2.243E-07  2.603E-03  3.227E+02  8.344E+03
  0.000E+00  8.522E-02  1.013E+05  1.146E-07  2.548E-03  3.497E+02  8.752E+03
  0.000E+00  9.153E-02  1.013E+05 -3.127E-07  4.640E-03  3.917E+02  9.191E+03
  0.000E+00  9.784E-02  1.013E+05 -2.908E-07  4.068E-03  3.497E+02  8.756E+03
  0.000E+00  1.042E-01  1.013E+05 -3.038E-07  4.538E-03  3.227E+02  8.421E+03
  0.000E+00  1.105E-01  1.013E+05 -2.910E-07  4.819E-03  3.072E+02  8.118E+03
  0.000E+00  1.168E-01  1.013E+05 -2.201E-07  4.909E-03  2.992E+02  7.817E+03
  0.000E+00  1.231E-01  1.013E+05 -1.501E-07  4.838E-03  2.955E+02  7.500E+03
  0.000E+00  1.294E-01  1.013E+05 -1.137E-07  4.640E-03  2.939E+02  7.164E+03
  0.000E+00  1.357E-01  1.013E+05 -8.250E-08  4.348E-03  2.933E+02  6.804E+03
  0.000E+00  1.420E-01  1.013E+05 -6.813E-08  3.993E-03  2.931E+02  6.424E+03
  0.000E+00  1.483E-01  1.013E+05 -5.707E-08  3.605E-03  2.930E+02  6.030E+03
  0.000E+00  1.547E-01  1.013E+05 -5.074E-08  3.215E-03  2.930E+02  5.627E+03
  0.000E+00  1.610E-01  1.013E+05 -4.583E-08  2.845E-03  2.930E+02  5.226E+03
  0.000E+00  1.673E-01  1.013E+05 -4.148E-08  2.502E-03  2.930E+02  4.834E+03
  0.000E+00  1.736E-01  1.013E+05 -3.720E-08  2.189E-03  2.930E+02  4.456E+03
  0.000E+00  1.799E-01  1.013E+05 -3.302E-08  1.915E-03  2.930E+02  4.100E+03
  0.000E+00  1.862E-01  1.013E+05 -2.896E-08  1.666E-03  2.930E+02  3.767E+03
  0.000E+00  1.925E-01  1.013E+05 -2.511E-08  1.433E-03  2.930E+02  3.460E+03
  0.000E+00  1.988E-01  1.013E+05 -2.151E-08  1.241E-03  2.930E+02  3.182E+03
  0.000E+00  2.052E-01  1.013E+05 -1.818E-08  1.082E-03  2.930E+02  2.931E+03
  0.000E+00  2.115E-01  1.013E+05 -1.519E-08  9.328E-04  2.930E+02  2.706E+03
  0.000E+00  2.178E-01  1.013E+05 -1.255E-08  7.963E-04  2.930E+02  2.506E+03
  0.000E+00  2.241E-01  1.013E+05 -1.029E-08  6.882E-04  2.930E+02  2.329E+03
  0.000E+00  2.304E-01  1.013E+05 -8.348E-09  5.979E-04  2.930E+02  2.175E+03
  0.000E+00  2.367E-01  1.013E+05 -6.715E-09  5.178E-04  2.930E+02  2.039E+03
  0.000E+00  2.430E-01  1.013E+05 -5.350E-09  4.490E-04  2.930E+02  1.921E+03
  0.000E+00  2.493E-01  1.013E+05 -4.233E-09  3.780E-04  2.930E+02  1.819E+03
  0.000E+00  2.557E-01  1.013E+05 -3.337E-09  3.248E-04  2.930E+02  1.730E+03
  0.000E+00  2.620E-01  1.013E+05 -2.603E-09  2.878E-04  2.930E+02  1.654E+03
  0.000E+00  2.683E-01  1.013E+05 -2.010E-09  2.441E-04  2.930E+02  1.588E+03
  0.000E+00  2.746E-01  1.013E+05 -1.544E-09  2.091E-04  2.930E+02  1.532E+03
  0.000E+00  2.809E-01  1.013E+05 -1.173E-09  1.806E-04  2.930E+02  1.484E+03
  0.000E+00  2.872E-01  1.013E+05 -8.860E-10  1.490E-04  2.930E+02  1.442E+03
  0.000E+00  2.935E-01  1.013E+05 -6.661E-10  1.292E-04  2.930E+02  1.407E+03
  0.000E+00  2.998E-01  1.013E+05 -4.854E-10  1.139E-04  2.930E+02  1.377E+03
  0.000E+00  3.062E-01  1.013E+05 -3.465E-10  8.882E-05  2.930E+02  1.352E+03
  0.000E+00  3.125E-01  1.013E+05 -2.563E-10  6.655E-05  2.930E+02  1.331E+03
  0.000E+00  3.188E-01  1.013E+05 -1.939E-10  5.813E-05  2.930E+02  1.313E+03
  0.000E+00  3.251E-01  1.013E+05 -1.349E-10  5.679E-05  2.930E+02  1.298E+03
  0.000E+00  3.314E-01  1.013E+05 -7.504E-11  5.165E-05  2.930E+02  1.286E+03
  0.000E+00  3.377E-01  1.013E+05 -2.640E-11  3.707E-05  2.930E+02  1.276E+03
  0.000E+00  3.440E-01  1.013E+05 -2.173E-12  1.822E-05  2.930E+02  1.267E+03
  0.000E+00  3.503E-01  1.013E+05 -6.375E-13  5.431E-06  2.930E+02  1.260E+03
  0.000E+00  3.567E-01  1.013E+05 -1.802E-12  5.097E-06  2.930E+02  1.255E+03
  0.000E+00  3.630E-01  1.013E+05  6.806E-12  4.554E-06  2.930E+02  1.250E+03
  0.000E+00  3.693E-01  1.013E+05  1.208E-11 -2.949E-06  2.930E+02  1.247E+03
  0.000E+00  3.756E-01  1.013E+05  1.402E-11 -2.814E-06  2.930E+02  1.244E+03
  0.000E+00  3.819E-01  1.013E+05  2.693E-11 -1.613E-06  2.930E+02  1.242E+03
  0.000E+00  3.882E-01  1.013E+05  3.668E-11 -1.303E-05  2.930E+02  1.240E+03
  0.000E+00  3.945E-01  1.013E+05  2.701E-11 -2.424E-05  2.930E+02  1.239E+03
  0.000E+00  4.008E-01  1.013E+05  1.157E-11 -2.388E-05  2.930E+02  1.239E+03
  0.000E+00  4.072E-01  1.013E+05  8.204E-12 -1.827E-05  2.930E+02  1.238E+03
  0.000E+00  4.135E-01  1.013E+05  1.403E-11 -1.891E-05  2.930E+02  1.238E+03
  0.000E+00  4.198E-01  1.013E+05  1.219E-11 -2.604E-05  2.930E+02  1.238E+03
  0.000E+00  4.261E-01  1.013E+05  2.628E-12 -2.692E-05  2.930E+02  1.238E+03
  0.000E+00  4.324E-01  1.013E+05 -1.851E-12 -2.281E-05  2.930E+02  1.238E+03
  0.000E+00  4.387E-01  1.013E+05  3.211E-12 -1.895E-05  2.930E+02  1.238E+03
  0.000E+00  4.450E-01  1.013E+05  1.262E-11 -2.054E-05  2.930E+02  1.238E+03
  0.000E+00  4.513E-01  1.013E+05  1.222E-11 -2.888E-05  2.930E+02  1.239E+03
  0.000E+00  4.577E-01  1.013E+05  1.323E-12 -3.104E-05  2.930E+02  1.239E+03
  0.000E+00  4.640E-01  1.013E+05 -6.984E-12 -2.814E-05  2.930E+02  1.239E+03
  0.000E+00  4.703E-01  1.013E+05 -1.117E-11 -2.643E-05  2.930E+02  1.240E+03
  0.000E+00  4.766E-01  1.013E+05 -1.472E-11 -2.490E-05  2.930E+02  1.240E+03
  0.000E+00  4.829E-01  1.013E+05 -1.798E-11 -2.356E-05  2.930E+02  1.240E+03
  0.000E+00  4.892E-01  1.013E+05 -2.435E-11 -2.333E-05  2.930E+02  1.240E+03
  0.000E+00  4.955E-01  1.013E+05 -3.169E-11 -1.863E-05  2.930E+02  1.240E+03
  0.000E+00  5.018E-01  1.013E+05 -3.107E-11 -4.501E-06  2.930E+02  1.240E+03
  0.000E+00  5.050E-01  1.013E+05 -3.107E-11 -4.501E-06  2.930E+02  1.240E+03
  6.203E-03  0.000E+00  1.013E+05  0.000E+00  0.000E+00  2.930E+02  2.930E+02
  6.203E-03  3.156E-03  1.013E+05  1.664E-07 -3.564E-04  2.930E+02  6.307E+02
  6.203E-03  9.469E-03  1.013E+05  1.579E-07  5.248E-04  2.930E+02  1.307E+03
  6.203E-03  1.578E-02  1.013E+05  1.422E-07  9.012E-04  2.930E+02  1.993E+03
  6.203E-03  2.209E-02  1.013E+05  1.206E-07  1.259E-03  2.930E+02  2.703E+03
  6.203E-03  2.841E-02  1.013E+05  9.765E-08  1.585E-03  2.930E+02  3.434E+03
  6.203E-03  3.472E-02  1.013E+05  7.621E-08  1.875E-03  2.930E+02  4.176E+03
  6.203E-03  4.103E-02  1.013E+05  6.045E-08  2.107E-03  2.931E+02  4.913E+03
  6.203E-03  4.734E-02  1.013E+05  5.167E-08  2.282E-03  2.933E+02  5.624E+03
  6.203E-03  5.366E-02  1.013E+05  4.229E-08  2.416E-03  2.939E+02  6.288E+03
  6.203E-03  5.997E-02  1.013E+05  1.327E-08  2.505E-03  2.955E+02  6.893E+03
  6.203E-03  6.628E-02  1.013E+05 -4.961E-08  2.558E-03  2.992E+02  7.434E+03
  6.203E-03  7.259E-02  1.013E+05 -1.096E-07  2.589E-03  3.072E+02  7.913E+03
  6.203E-03  7.891E-02  1.013E+05 -2.243E-07  2.603E-03  3.227E+02  8.344E+03
  6.203E-03  8.522E-02  1.013E+05  1.146E-07  2.548E-03  3.497E+02  8.752E+03
  6.203E-03  9.153E-02  1.013E+05 -3.127E-07  4.640E-03  3.917E+02  9.191E+03
  6.203E-03  9.784E-02  1.013E+05 -2.908E-07  4.068E-03  3.497E+02  8.756E+03
  6.203E-03  1.042E-01  1.013E+05 -3.038E-07  4.538E-03  3.227E+02  8.421E+03
  6.203E-03  1.105E-01  1.013E+05 -2.910E-07  4.819E-03  3.072E+02  8.118E+03
  6.203E-03  1.168E-01  1.013E+05 -2.201E-07  4.909E-03  2.992E+02  7.817E+03
  6.203E-03  1.231E-01  1.013E+05 -1.501E-07  4.838E-03  2.955E+02  7.500E+03
  6.203E-03  1.294E-01  1.013E+05 -1.137E-07  4.640E-03  2.939E+02  7.164E+03
  6.203E-03  1.357E-01  1.013E+05 -8.250E-08  4.348E-03  2.933E+02  6.804E+03
  6.203E-03  1.420E-01  1.013E+05 -6.813E-08  3.993E-03  2.931E+02  6.424E+03
  6.203E-03  1.483E-01  1.013E+05 -5.707E-08  3.605E-03  2.930E+02  6.030E+03
  6.203E-03  1.547E-01  1.013E+05 -5.074E-08  3.215E-03  2.930E+02  5.627E+03
  6.203E-03  1.610E-01  1.013E+05 -4.583E-08  2.845E-03  2.930E+02  5.226E+03
  6.203E-03  1.673E-01  1.013E+05 -4.148E-08  2.502E-03  2.930E+02  4.834E+03
  6.203E-03  1.736E-01  1.013E+05 -3.720E-08  2.189E-03  2.930E+02  4.456E+03
  6.203E-03  1.799E-01  1.013E+05 -3.302E-08  1.915E-03  2.930E+02  4.100E+03
  6.203E-03  1.862E-01  1.013E+05 -2.896E-08  1.666E-03  2.930E+02  3.767E+03
  6.203E-03  1.925E-01  1.013E+05 -2.511E-08  1.433E-03  2.930E+02  3.460E+03
  6.203E-03  1.988E-01  1.013E+05 -2.151E-08  1.241E-03  2.930E+02  3.182E+03
  6.203E-03  2.052E-01  1.013E+05 -1.818E-08  1.082E-03  2.930E+02  2.931E+03
  6.203E-03  2.115E-01  1.013E+05 -1.519E-08  9.328E-04  2.930E+02  2.706E+03
  6.203E-03  2.178E-01  1.013E+05 -1.255E-08  7.963E-04  2.930E+02  2.506E+03
  6.203E-03  2.241E-01  1.013E+05 -1.029E-08  6.882E-04  2.930E+02  2.329E+03
  6.203E-03  2.304E-01  1.013E+05 -8.348E-09  5.979E-04  2.930E+02  2.175E+03
  6.203E-03  2.367E-01  1.013E+05 -6.715E-09  5.178E-04  2.930E+02  2.039E+03
  6.203E-03  2.430E-01  1.013E+05 -5.350E-09  4.490E-04  2.930E+02  1.921E+03
  6.203E-03  2.493E-01  1.013E+05 -4.233E-09  3.780E-04  2.930E+02  1.819E+03
  6.203E-03  2.557E-01  1.013E+05 -3.337E-09  3.248E-04  2.930E+02  1.730E+03
  6.203E-03  2.620E-01  1.013E+05 -2.603E-09  2.878E-04  2.930E+02  1.654E+03
  6.203E-03  2.683E-01  1.013E+05 -2.010E-09  2.441E-04  2.930E+02  1.588E+03
  6.203E-03  2.746E-01  1.013E+05 -1.544E-09  2.091E-04  2.930E+02  1.532E+03
  6.203E-03  2.809E-01  1.013E+05 -1.173E-09  1.806E-04  2.930E+02  1.484E+03
  6.203E-03  2.872E-01  1.013E+05 -8.860E-10  1.490E-04  2.930E+02  1.442E+03
  6.203E-03  2.935E-01  1.013E+05 -6.661E-10  1.292E-04  2.930E+02  1.407E+03
  6.203E-03  2.998E-01  1.013E+05 -4.854E-10  1.139E-04  2.930E+02  1.377E+03
  6.203E-03  3.062E-01  1.013E+05 -3.465E-10  8.882E-05  2.930E+02  1.352E+03
  6.203E-03  3.125E-01  1.013E+05 -2.563E-10  6.655E-05  2.930E+02  1.331E+03
  6.203E-03  3.188E-01  1.013E+05 -1.939E-10  5.813E-05  2.930E+02  1.313E+03
  6.203E-03  3.251E-01  1.013E+05 -1.349E-10  5.679E-05  2.930E+02  1.298E+03
  6.203E-03  3.314E-01  1.013E+05 -7.504E-11  5.165E-05  2.930E+02  1.286E+03
  6.203E-03  3.377E-01  1.013E+05 -2.640E-11  3.707E-05  2.930E+02  1.276E+03
  6.203E-03  3.440E-01  1.013E+05 -2.173E-12  1.822E-05  2.930E+02  1.267E+03
  6.203E-03  3.503E-01  1.013E+05 -6.375E-13  5.431E-06  2.930E+02  1.260E+03
  6.203E-03  3.567E-01  1.013E+05 -1.802E-12  5.097E-06  2.930E+02  1.255E+03
  6.203E-03  3.630E-01  1.013E+05  6.806E-12  4.554E-06  2.930E+02  1.250E+03
  6.203E-03  3.693E-01  1.013E+05  1.208E-11 -2.949E-06  2.930E+02  1.247E+03
  6.203E-03  3.756E-01  1.013E+05  1.402E-11 -2.814E-06  2.930E+02  1.244E+03
  6.203E-03  3.819E-01  1.013E+05  2.693E-11 -1.613E-06  2.930E+02  1.242E+03
  6.203E-03  3.882E-01  1.013E+05  3.668E-11 -1.303E-05  2.930E+02  1.240E+03
  6.203E-03  3.945E-01  1.013E+05  2.701E-11 -2.424E-05  2.930E+02  1.239E+03
  6.203E-03  4.008E-01  1.013E+05  1.157E-11 -2.388E-05  2.930E+02  1.239E+03
  6.203E-03  4.072E-01  1.013E+05  8.204E-12 -1.827E-05  2.930E+02  1.238E+03
  6.203E-03  4.135E-01  1.013E+05  1.403E-11 -1.891E-05  2.930E+02  1.238E+03
  6.203E-03  4.198E-01  1.013E+05  1.219E-11 -2.604E-05  2.930E+02  1.238E+03
  6.203E-03  4.261E-01  1.013E+05  2.628E-12 -2.692E-05  2.930E+02  1.238E+03
  6.203E-03  4.324E-01  1.013E+05 -1.851E-12 -2.281E-05  2.930E+02  1.238E+03
  6.203E-03  4.387E-01  1.013E+05  3.211E-12 -1.895E-05  2.930E+02  1.238E+03
  6.203E-03  4.450E-01  1.013E+05  1.262E-11 -2.054E-05  2.930E+02  1.238E+03
  6.203E-03  4.513E-01  1.013E+05  1.222E-11 -2.888E-05  2.930E+02  1.239E+03
  6.203E-03  4.577E-01  1.013E+05  1.323E-12 -3.104E-05  2.930E+02  1.239E+03
  6.203E-03  4.640E-01  1.013E+05 -6.984E-12 -2.814E-05  2.930E+02  1.239E+03
  6.203E-03  4.703E-01  1.013E+05 -1.117E-11 -2.643E-05  2.930E+02  1.240E+03
  6.203E-03  4.766E-01  1.013E+05 -1.472E-11 -2.490E-05  2.930E+02  1.240E+03
  6.203E-03  4.829E-01  1.013E+05 -1.798E-11 -2.356E-05  2.930E+02  1.240E+03
  6.203E-03  4.892E-01  1.013E+05 -2.435E-11 -2.333E-05  2.930E+02  1.240E+03
  6.203E-03  4.955E-01  1.013E+05 -3.169E-11 -1.863E-05  2.930E+02  1.240E+03
  6.203E-03  5.018E-01  1.013E+05 -3.107E-11 -4.501E-06  2.930E+02  1.240E+03
  6.203E-03  5.050E-01  1.013E+05  0.000E+00 -4.501E-06  2.930E+02  1.240E+03
  1.861E-02  0.000E+00  1.013E+05  0.000E+00  0.000E+00  2.930E+02  2.930E+02
  1.861E-02  3.156E-03  1.013E+05  4.019E-07 -3.563E-04  2.930E+02  6.307E+02
  1.861E-02  9.469E-03  1.013E+05  3.839E-07  5.251E-04  2.930E+02  1.307E+03
  1.861E-02  1.578E-02  1.013E+05  3.465E-07  9.016E-04  2.930E+02  1.993E+03
  1.861E-02  2.209E-02  1.013E+05  2.945E-07  1.260E-03  2.930E+02  2.703E+03
  1.861E-02  2.841E-02  1.013E+05  2.399E-07  1.585E-03  2.930E+02  3.434E+03
  1.861E-02  3.472E-02  1.013E+05  1.879E-07  1.876E-03  2.930E+02  4.175E+03
  1.861E-02  4.103E-02  1.013E+05  1.435E-07  2.108E-03  2.931E+02  4.913E+03
  1.861E-02  4.734E-02  1.013E+05  1.075E-07  2.283E-03  2.933E+02  5.624E+03
  1.861E-02  5.366E-02  1.013E+05  6.655E-08  2.417E-03  2.939E+02  6.288E+03
  1.861E-02  5.997E-02  1.013E+05 -8.703E-09  2.506E-03  2.955E+02  6.893E+03
  1.861E-02  6.628E-02  1.013E+05 -1.368E-07  2.560E-03  2.992E+02  7.434E+03
  1.861E-02  7.259E-02  1.013E+05 -2.747E-07  2.591E-03  3.072E+02  7.913E+03
  1.861E-02  7.891E-02  1.013E+05 -4.793E-07  2.606E-03  3.227E+02  8.343E+03
  1.861E-02  8.522E-02  1.013E+05 -2.251E-07  2.550E-03  3.497E+02  8.752E+03
  1.861E-02  9.153E-02  1.013E+05 -7.499E-07  4.641E-03  3.917E+02  9.191E+03
  1.861E-02  9.784E-02  1.013E+05 -7.605E-07  4.069E-03  3.497E+02  8.755E+03
  1.861E-02  1.042E-01  1.013E+05 -8.929E-07  4.539E-03  3.227E+02  8.421E+03
  1.861E-02  1.105E-01  1.013E+05 -1.015E-06  4.819E-03  3.072E+02  8.118E+03
  1.861E-02  1.168E-01  1.013E+05 -6.606E-07  4.910E-03  2.992E+02  7.817E+03
  1.861E-02  1.231E-01  1.013E+05 -3.468E-07  4.839E-03  2.955E+02  7.500E+03
  1.861E-02  1.294E-01  1.013E+05 -2.366E-07  4.641E-03  2.939E+02  7.164E+03
  1.861E-02  1.357E-01  1.013E+05 -1.679E-07  4.348E-03  2.933E+02  6.804E+03
  1.861E-02  1.420E-01  1.013E+05 -1.406E-07  3.993E-03  2.931E+02  6.424E+03
  1.861E-02  1.483E-01  1.013E+05 -1.238E-07  3.606E-03  2.930E+02  6.030E+03
  1.861E-02  1.547E-01  1.013E+05 -1.153E-07  3.215E-03  2.930E+02  5.627E+03
  1.861E-02  1.610E-01  1.013E+05 -1.075E-07  2.846E-03  2.930E+02  5.226E+03
  1.861E-02  1.673E-01  1.013E+05 -9.907E-08  2.502E-03  2.930E+02  4.834E+03
  1.861E-02  1.736E-01  1.013E+05 -8.964E-08  2.189E-03  2.930E+02  4.456E+03
  1.861E-02  1.799E-01  1.013E+05 -7.986E-08  1.915E-03  2.930E+02  4.100E+03
  1.861E-02  1.862E-01  1.013E+05 -7.018E-08  1.666E-03  2.930E+02  3.767E+03
  1.861E-02  1.925E-01  1.013E+05 -6.086E-08  1.433E-03  2.930E+02  3.460E+03
  1.861E-02  1.988E-01  1.013E+05 -5.210E-08  1.242E-03  2.930E+02  3.182E+03
  1.861E-02  2.052E-01  1.013E+05 -4.406E-08  1.082E-03  2.930E+02  2.931E+03
  1.861E-02  2.115E-01  1.013E+05 -3.683E-08  9.328E-04  2.930E+02  2.706E+03
  1.861E-02  2.178E-01  1.013E+05 -3.048E-08  7.964E-04  2.930E+02  2.506E+03
  1.861E-02  2.241E-01  1.013E+05 -2.500E-08  6.882E-04  2.930E+02  2.329E+03
  1.861E-02  2.304E-01  1.013E+05 -2.033E-08  5.979E-04  2.930E+02  2.175E+03
  1.861E-02  2.367E-01  1.013E+05 -1.640E-08  5.178E-04  2.930E+02  2.039E+03
  1.861E-02  2.430E-01  1.013E+05 -1.312E-08  4.490E-04  2.930E+02  1.921E+03
  1.861E-02  2.493E-01  1.013E+05 -1.043E-08  3.780E-04  2.930E+02  1.819E+03
  1.861E-02  2.557E-01  1.013E+05 -8.245E-09  3.248E-04  2.930E+02  1.730E+03
  1.861E-02  2.620E-01  1.013E+05 -6.468E-09  2.878E-04  2.930E+02  1.654E+03
  1.861E-02  2.683E-01  1.013E+05 -5.036E-09  2.441E-04  2.930E+02  1.588E+03
  1.861E-02  2.746E-01  1.013E+05 -3.901E-09  2.091E-04  2.930E+02  1.532E+03
  1.861E-02  2.809E-01  1.013E+05 -2.999E-09  1.806E-04  2.930E+02  1.484E+03
  1.861E-02  2.872E-01  1.013E+05 -2.292E-09  1.490E-04  2.930E+02  1.442E+03
  1.861E-02  2.935E-01  1.013E+05 -1.742E-09  1.292E-04  2.930E+02  1.407E+03
  1.861E-02  2.998E-01  1.013E+05 -1.303E-09  1.139E-04  2.930E+02  1.377E+03
  1.861E-02  3.062E-01  1.013E+05 -9.637E-10  8.882E-05  2.930E+02  1.352E+03
  1.861E-02  3.125E-01  1.013E+05 -7.202E-10  6.655E-05  2.930E+02  1.331E+03
  1.861E-02  3.188E-01  1.013E+05 -5.401E-10  5.813E-05  2.930E+02  1.313E+03
  1.861E-02  3.251E-01  1.013E+05 -3.896E-10  5.679E-05  2.930E+02  1.298E+03
  1.861E-02  3.314E-01  1.013E+05 -2.582E-10  5.165E-05  2.930E+02  1.286E+03
  1.861E-02  3.377E-01  1.013E+05 -1.549E-10  3.707E-05  2.930E+02  1.276E+03
  1.861E-02  3.440E-01  1.013E+05 -9.093E-11  1.822E-05  2.930E+02  1.267E+03
  1.861E-02  3.503E-01  1.013E+05 -6.153E-11  5.431E-06  2.930E+02  1.260E+03
  1.861E-02  3.567E-01  1.013E+05 -4.274E-11  5.097E-06  2.930E+02  1.255E+03
  1.861E-02  3.630E-01  1.013E+05 -1.878E-11  4.555E-06  2.930E+02  1.250E+03
  1.861E-02  3.693E-01  1.013E+05 -2.225E-12 -2.949E-06  2.930E+02  1.247E+03
  1.861E-02  3.756E-01  1.013E+05  7.990E-12 -2.814E-06  2.930E+02  1.244E+03
  1.861E-02  3.819E-01  1.013E+05  2.739E-11 -1.613E-06  2.930E+02  1.242E+03
  1.861E-02  3.882E-01  1.013E+05  4.127E-11 -1.303E-05  2.930E+02  1.240E+03
  1.861E-02  3.945E-01  1.013E+05  3.273E-11 -2.424E-05  2.930E+02  1.239E+03
  1.861E-02  4.008E-01  1.013E+05  1.673E-11 -2.388E-05  2.930E+02  1.239E+03
  1.861E-02  4.072E-01  1.013E+05  1.327E-11 -1.827E-05  2.930E+02  1.238E+03
  1.861E-02  4.135E-01  1.013E+05  1.943E-11 -1.891E-05  2.930E+02  1.238E+03
  1.861E-02  4.198E-01  1.013E+05  1.747E-11 -2.604E-05  2.930E+02  1.238E+03
  1.861E-02  4.261E-01  1.013E+05  6.847E-12 -2.692E-05  2.930E+02  1.238E+03
  1.861E-02  4.324E-01  1.013E+05  1.913E-12 -2.281E-05  2.930E+02  1.238E+03
  1.861E-02  4.387E-01  1.013E+05  7.152E-12 -1.895E-05  2.930E+02  1.238E+03
  1.861E-02  4.450E-01  1.013E+05  1.678E-11 -2.054E-05  2.930E+02  1.238E+03
  1.861E-02  4.513E-01  1.013E+05  1.538E-11 -2.888E-05  2.930E+02  1.239E+03
  1.861E-02  4.577E-01  1.013E+05  2.059E-12 -3.104E-05  2.930E+02  1.239E+03
  1.861E-02  4.640E-01  1.013E+05 -8.874E-12 -2.814E-05  2.930E+02  1.239E+03
  1.861E-02  4.703E-01  1.013E+05 -1.536E-11 -2.643E-05  2.930E+02  1.240E+03
  1.861E-02  4.766E-01  1.013E+05 -2.079E-11 -2.490E-05  2.930E+02  1.240E+03
  1.861E-02  4.829E-01  1.013E+05 -2.549E-11 -2.356E-05  2.930E+02  1.240E+03
  1.861E-02  4.892E-01  1.013E+05 -3.292E-11 -2.333E-05  2.930E+02  1.240E+03
  1.861E-02  4.955E-01  1.013E+05 -3.994E-11 -1.863E-05  2.930E+02  1.240E+03
  1.861E-02  5.018E-01  1.013E+05 -3.919E-11 -4.501E-06  2.930E+02  1.240E+03
  1.861E-02  5.050E-01  1.013E+05  0.000E+00 -4.501E-06  2.930E+02  1.240E+03
  3.102E-02  0.000E+00  1.013E+05  0.000E+00  0.000E+00  2.930E+02  2.930E+02
  3.102E-02  3.156E-03  1.013E+05  4.672E-07 -3.562E-04  2.930E+02  6.307E+02
  3.102E-02  9.469E-03  1.013E+05  4.468E-07  5.255E-04  2.930E+02  1.306E+03
  3.102E-02  1.578E-02  1.013E+05  3.985E-07  9.022E-04  2.930E+02  1.993E+03
  3.102E-02  2.209E-02  1.013E+05  3.331E-07  1.261E-03  2.930E+02  2.703E+03
  3.102E-02  2.841E-02  1.013E+05  2.723E-07  1.586E-03  2.930E+02  3.434E+03
  3.102E-02  3.472E-02  1.013E+05  2.112E-07  1.877E-03  2.930E+02  4.175E+03
  3.102E-02  4.103E-02  1.013E+05  1.478E-07  2.109E-03  2.931E+02  4.913E+03
  3.102E-02  4.734E-02  1.013E+05  8.557E-08  2.285E-03  2.933E+02  5.624E+03
  3.102E-02  5.366E-02  1.013E+05  1.778E-08  2.419E-03  2.939E+02  6.288E+03
  3.102E-02  5.997E-02  1.013E+05 -7.031E-08  2.508E-03  2.955E+02  6.893E+03
  3.102E-02  6.628E-02  1.013E+05 -1.731E-07  2.562E-03  2.992E+02  7.434E+03
  3.102E-02  7.259E-02  1.013E+05 -2.892E-07  2.593E-03  3.072E+02  7.912E+03
  3.102E-02  7.891E-02  1.013E+05 -4.278E-07  2.609E-03  3.227E+02  8.343E+03
  3.102E-02  8.522E-02  1.013E+05 -5.640E-07  2.554E-03  3.497E+02  8.751E+03
  3.102E-02  9.153E-02  1.013E+05 -7.173E-07  4.645E-03  3.917E+02  9.191E+03
  3.102E-02  9.784E-02  1.013E+05 -7.924E-07  4.071E-03  3.497E+02  8.755E+03
  3.102E-02  1.042E-01  1.013E+05 -7.185E-07  4.540E-03  3.227E+02  8.421E+03
  3.102E-02  1.105E-01  1.013E+05 -1.035E-06  4.821E-03  3.072E+02  8.118E+03
  3.102E-02  1.168E-01  1.013E+05 -6.628E-07  4.912E-03  2.992E+02  7.817E+03
  3.102E-02  1.231E-01  1.013E+05 -3.511E-07  4.840E-03  2.955E+02  7.501E+03
  3.102E-02  1.294E-01  1.013E+05 -2.331E-07  4.641E-03  2.939E+02  7.164E+03
  3.102E-02  1.357E-01  1.013E+05 -1.735E-07  4.349E-03  2.933E+02  6.805E+03
  3.102E-02  1.420E-01  1.013E+05 -1.476E-07  3.993E-03  2.931E+02  6.425E+03
  3.102E-02  1.483E-01  1.013E+05 -1.308E-07  3.606E-03  2.930E+02  6.030E+03
  3.102E-02  1.547E-01  1.013E+05 -1.271E-07  3.216E-03  2.930E+02  5.628E+03
  3.102E-02  1.610E-01  1.013E+05 -1.208E-07  2.846E-03  2.930E+02  5.226E+03
  3.102E-02  1.673E-01  1.013E+05 -1.132E-07  2.502E-03  2.930E+02  4.834E+03
  3.102E-02  1.736E-01  1.013E+05 -1.033E-07  2.189E-03  2.930E+02  4.457E+03
  3.102E-02  1.799E-01  1.013E+05 -9.230E-08  1.915E-03  2.930E+02  4.100E+03
  3.102E-02  1.862E-01  1.013E+05 -8.105E-08  1.666E-03  2.930E+02  3.768E+03
  3.102E-02  1.925E-01  1.013E+05 -7.016E-08  1.434E-03  2.930E+02  3.461E+03
  3.102E-02  1.988E-01  1.013E+05 -5.998E-08  1.242E-03  2.930E+02  3.182E+03
  3.102E-02  2.052E-01  1.013E+05 -5.071E-08  1.082E-03  2.930E+02  2.931E+03
  3.102E-02  2.115E-01  1.013E+05 -4.243E-08  9.329E-04  2.930E+02  2.706E+03
  3.102E-02  2.178E-01  1.013E+05 -3.517E-08  7.964E-04  2.930E+02  2.506E+03
  3.102E-02  2.241E-01  1.013E+05 -2.889E-08  6.882E-04  2.930E+02  2.329E+03
  3.102E-02  2.304E-01  1.013E+05 -2.354E-08  5.979E-04  2.930E+02  2.175E+03
  3.102E-02  2.367E-01  1.013E+05 -1.903E-08  5.178E-04  2.930E+02  2.039E+03
  3.102E-02  2.430E-01  1.013E+05 -1.527E-08  4.490E-04  2.930E+02  1.921E+03
  3.102E-02  2.493E-01  1.013E+05 -1.217E-08  3.780E-04  2.930E+02  1.819E+03
  3.102E-02  2.557E-01  1.013E+05 -9.644E-09  3.248E-04  2.930E+02  1.730E+03
  3.102E-02  2.620E-01  1.013E+05 -7.595E-09  2.878E-04  2.930E+02  1.654E+03
  3.102E-02  2.683E-01  1.013E+05 -5.948E-09  2.441E-04  2.930E+02  1.588E+03
  3.102E-02  2.746E-01  1.013E+05 -4.633E-09  2.091E-04  2.930E+02  1.532E+03
  3.102E-02  2.809E-01  1.013E+05 -3.589E-09  1.806E-04  2.930E+02  1.484E+03
  3.102E-02  2.872E-01  1.013E+05 -2.765E-09  1.490E-04  2.930E+02  1.442E+03
  3.102E-02  2.935E-01  1.013E+05 -2.119E-09  1.292E-04  2.930E+02  1.407E+03
  3.102E-02  2.998E-01  1.013E+05 -1.613E-09  1.139E-04  2.930E+02  1.377E+03
  3.102E-02  3.062E-01  1.013E+05 -1.221E-09  8.882E-05  2.930E+02  1.352E+03
  3.102E-02  3.125E-01  1.013E+05 -9.195E-10  6.655E-05  2.930E+02  1.331E+03
  3.102E-02  3.188E-01  1.013E+05 -6.879E-10  5.813E-05  2.930E+02  1.313E+03
  3.102E-02  3.251E-01  1.013E+05 -5.085E-10  5.679E-05  2.930E+02  1.298E+03
  3.102E-02  3.314E-01  1.013E+05 -3.692E-10  5.165E-05  2.930E+02  1.286E+03
  3.102E-02  3.377E-01  1.013E+05 -2.628E-10  3.707E-05  2.930E+02  1.276E+03
  3.102E-02  3.440E-01  1.013E+05 -1.845E-10  1.822E-05  2.930E+02  1.267E+03
  3.102E-02  3.503E-01  1.013E+05 -1.282E-10  5.431E-06  2.930E+02  1.260E+03
  3.102E-02  3.567E-01  1.013E+05 -8.749E-11  5.097E-06  2.930E+02  1.255E+03
  3.102E-02  3.630E-01  1.013E+05 -5.656E-11  4.555E-06  2.930E+02  1.250E+03
  3.102E-02  3.693E-01  1.013E+05 -3.387E-11 -2.949E-06  2.930E+02  1.247E+03
  3.102E-02  3.756E-01  1.013E+05 -1.716E-11 -2.814E-06  2.930E+02  1.244E+03
  3.102E-02  3.819E-01  1.013E+05 -4.351E-12 -1.613E-06  2.930E+02  1.242E+03
  3.102E-02  3.882E-01  1.013E+05  4.013E-12 -1.303E-05  2.930E+02  1.240E+03
  3.102E-02  3.945E-01  1.013E+05  7.362E-12 -2.424E-05  2.930E+02  1.239E+03
  3.102E-02  4.008E-01  1.013E+05  7.834E-12 -2.388E-05  2.930E+02  1.239E+03
  3.102E-02  4.072E-01  1.013E+05  8.291E-12 -1.827E-05  2.930E+02  1.238E+03
  3.102E-02  4.135E-01  1.013E+05  8.959E-12 -1.891E-05  2.930E+02  1.238E+03
  3.102E-02  4.198E-01  1.013E+05  8.777E-12 -2.604E-05  2.930E+02  1.238E+03
  3.102E-02  4.261E-01  1.013E+05  7.362E-12 -2.692E-05  2.930E+02  1.238E+03
  3.102E-02  4.324E-01  1.013E+05  6.585E-12 -2.281E-05  2.930E+02  1.238E+03
  3.102E-02  4.387E-01  1.013E+05  6.584E-12 -1.895E-05  2.930E+02  1.238E+03
  3.102E-02  4.450E-01  1.013E+05  6.502E-12 -2.054E-05  2.930E+02  1.238E+03
  3.102E-02  4.513E-01  1.013E+05  4.800E-12 -2.888E-05  2.930E+02  1.239E+03
  3.102E-02  4.577E-01  1.013E+05  1.128E-12 -3.104E-05  2.930E+02  1.239E+03
  3.102E-02  4.640E-01  1.013E+05 -2.817E-12 -2.814E-05  2.930E+02  1.239E+03
  3.102E-02  4.703E-01  1.013E+05 -6.258E-12 -2.643E-05  2.930E+02  1.240E+03
  3.102E-02  4.766E-01  1.013E+05 -9.314E-12 -2.490E-05  2.930E+02  1.240E+03
  3.102E-02  4.829E-01  1.013E+05 -1.149E-11 -2.356E-05  2.930E+02  1.240E+03
  3.102E-02  4.892E-01  1.013E+05 -1.304E-11 -2.333E-05  2.930E+02  1.240E+03
  3.102E-02  4.955E-01  1.013E+05 -1.237E-11 -1.863E-05  2.930E+02  1.240E+03
  3.102E-02  5.018E-01  1.013E+05 -1.212E-11 -4.501E-06  2.930E+02  1.240E+03
  3.102E-02  5.050E-01  1.013E+05  0.000E+00 -4.501E-06  2.930E+02  1.240E+03
  4.342E-02  0.000E+00  1.013E+05  0.000E+00  0.000E+00  2.930E+02  2.930E+02
  4.342E-02  3.156E-03  1.013E+05  3.706E-07 -3.560E-04  2.930E+02  6.307E+02
  4.342E-02  9.469E-03  1.013E+05  3.519E-07  5.259E-04  2.930E+02  1.306E+03
  4.342E-02  1.578E-02  1.013E+05  3.096E-07  9.028E-04  2.930E+02  1.993E+03
  4.342E-02  2.209E-02  1.013E+05  2.544E-07  1.262E-03  2.930E+02  2.703E+03
  4.342E-02  2.841E-02  1.013E+05  2.042E-07  1.587E-03  2.930E+02  3.434E+03
  4.342E-02  3.472E-02  1.013E+05  1.515E-07  1.878E-03  2.930E+02  4.175E+03
  4.342E-02  4.103E-02  1.013E+05  9.239E-08  2.110E-03  2.931E+02  4.913E+03
  4.342E-02  4.734E-02  1.013E+05  3.185E-08  2.286E-03  2.933E+02  5.624E+03
  4.342E-02  5.366E-02  1.013E+05 -3.069E-08  2.420E-03  2.939E+02  6.287E+03
  4.342E-02  5.997E-02  1.013E+05 -9.928E-08  2.510E-03  2.955E+02  6.893E+03
  4.342E-02  6.628E-02  1.013E+05 -1.585E-07  2.564E-03  2.992E+02  7.433E+03
  4.342E-02  7.259E-02  1.013E+05 -2.197E-07  2.596E-03  3.072E+02  7.912E+03
  4.342E-02  7.891E-02  1.013E+05 -2.865E-07  2.612E-03  3.227E+02  8.343E+03
  4.342E-02  8.522E-02  1.013E+05 -3.609E-07  2.556E-03  3.497E+02  8.751E+03
  4.342E-02  9.153E-02  1.013E+05 -4.449E-07  4.647E-03  3.917E+02  9.191E+03
  4.342E-02  9.784E-02  1.013E+05 -5.043E-07  4.074E-03  3.497E+02  8.755E+03
  4.342E-02  1.042E-01  1.013E+05 -2.986E-07  4.542E-03  3.227E+02  8.421E+03
  4.342E-02  1.105E-01  1.013E+05 -4.529E-07  4.822E-03  3.072E+02  8.118E+03
  4.342E-02  1.168E-01  1.013E+05 -3.300E-07  4.913E-03  2.992E+02  7.817E+03
  4.342E-02  1.231E-01  1.013E+05 -2.292E-07  4.841E-03  2.955E+02  7.501E+03
  4.342E-02  1.294E-01  1.013E+05 -1.694E-07  4.642E-03  2.939E+02  7.164E+03
  4.342E-02  1.357E-01  1.013E+05 -1.386E-07  4.349E-03  2.933E+02  6.805E+03
  4.342E-02  1.420E-01  1.013E+05 -1.206E-07  3.994E-03  2.931E+02  6.425E+03
  4.342E-02  1.483E-01  1.013E+05 -1.063E-07  3.606E-03  2.930E+02  6.030E+03
  4.342E-02  1.547E-01  1.013E+05 -1.028E-07  3.216E-03  2.930E+02  5.628E+03
  4.342E-02  1.610E-01  1.013E+05 -9.698E-08  2.846E-03  2.930E+02  5.227E+03
  4.342E-02  1.673E-01  1.013E+05 -9.063E-08  2.502E-03  2.930E+02  4.834E+03
  4.342E-02  1.736E-01  1.013E+05 -8.260E-08  2.189E-03  2.930E+02  4.457E+03
  4.342E-02  1.799E-01  1.013E+05 -7.362E-08  1.916E-03  2.930E+02  4.100E+03
  4.342E-02  1.862E-01  1.013E+05 -6.440E-08  1.666E-03  2.930E+02  3.768E+03
  4.342E-02  1.925E-01  1.013E+05 -5.555E-08  1.434E-03  2.930E+02  3.461E+03
  4.342E-02  1.988E-01  1.013E+05 -4.738E-08  1.242E-03  2.930E+02  3.182E+03
  4.342E-02  2.052E-01  1.013E+05 -4.002E-08  1.082E-03  2.930E+02  2.931E+03
  4.342E-02  2.115E-01  1.013E+05 -3.349E-08  9.329E-04  2.930E+02  2.706E+03
  4.342E-02  2.178E-01  1.013E+05 -2.777E-08  7.964E-04  2.930E+02  2.506E+03
  4.342E-02  2.241E-01  1.013E+05 -2.284E-08  6.883E-04  2.930E+02  2.329E+03
  4.342E-02  2.304E-01  1.013E+05 -1.863E-08  5.979E-04  2.930E+02  2.175E+03
  4.342E-02  2.367E-01  1.013E+05 -1.508E-08  5.179E-04  2.930E+02  2.039E+03
  4.342E-02  2.430E-01  1.013E+05 -1.212E-08  4.491E-04  2.930E+02  1.921E+03
  4.342E-02  2.493E-01  1.013E+05 -9.675E-09  3.780E-04  2.930E+02  1.819E+03
  4.342E-02  2.557E-01  1.013E+05 -7.677E-09  3.248E-04  2.930E+02  1.730E+03
  4.342E-02  2.620E-01  1.013E+05 -6.058E-09  2.878E-04  2.930E+02  1.654E+03
  4.342E-02  2.683E-01  1.013E+05 -4.754E-09  2.441E-04  2.930E+02  1.588E+03
  4.342E-02  2.746E-01  1.013E+05 -3.711E-09  2.091E-04  2.930E+02  1.532E+03
  4.342E-02  2.809E-01  1.013E+05 -2.883E-09  1.806E-04  2.930E+02  1.484E+03
  4.342E-02  2.872E-01  1.013E+05 -2.228E-09  1.491E-04  2.930E+02  1.442E+03
  4.342E-02  2.935E-01  1.013E+05 -1.713E-09  1.292E-04  2.930E+02  1.407E+03
  4.342E-02  2.998E-01  1.013E+05 -1.310E-09  1.139E-04  2.930E+02  1.377E+03
  4.342E-02  3.062E-01  1.013E+05 -9.971E-10  8.882E-05  2.930E+02  1.352E+03
  4.342E-02  3.125E-01  1.013E+05 -7.547E-10  6.655E-05  2.930E+02  1.331E+03
  4.342E-02  3.188E-01  1.013E+05 -5.679E-10  5.813E-05  2.930E+02  1.313E+03
  4.342E-02  3.251E-01  1.013E+05 -4.236E-10  5.679E-05  2.930E+02  1.298E+03
  4.342E-02  3.314E-01  1.013E+05 -3.124E-10  5.165E-05  2.930E+02  1.286E+03
  4.342E-02  3.377E-01  1.013E+05 -2.274E-10  3.707E-05  2.930E+02  1.276E+03
  4.342E-02  3.440E-01  1.013E+05 -1.636E-10  1.822E-05  2.930E+02  1.267E+03
  4.342E-02  3.503E-01  1.013E+05 -1.162E-10  5.431E-06  2.930E+02  1.260E+03
  4.342E-02  3.567E-01  1.013E+05 -8.118E-11  5.097E-06  2.930E+02  1.255E+03
  4.342E-02  3.630E-01  1.013E+05 -5.508E-11  4.555E-06  2.930E+02  1.250E+03
  4.342E-02  3.693E-01  1.013E+05 -3.581E-11 -2.949E-06  2.930E+02  1.247E+03
  4.342E-02  3.756E-01  1.013E+05 -2.178E-11 -2.814E-06  2.930E+02  1.244E+03
  4.342E-02  3.819E-01  1.013E+05 -1.163E-11 -1.613E-06  2.930E+02  1.242E+03
  4.342E-02  3.882E-01  1.013E+05 -4.645E-12 -1.303E-05  2.930E+02  1.240E+03
  4.342E-02  3.945E-01  1.013E+05 -6.302E-13 -2.424E-05  2.930E+02  1.239E+03
  4.342E-02  4.008E-01  1.013E+05  1.653E-12 -2.388E-05  2.930E+02  1.239E+03
  4.342E-02  4.072E-01  1.013E+05  3.283E-12 -1.827E-05  2.930E+02  1.238E+03
  4.342E-02  4.135E-01  1.013E+05  4.424E-12 -1.891E-05  2.930E+02  1.238E+03
  4.342E-02  4.198E-01  1.013E+05  5.000E-12 -2.604E-05  2.930E+02  1.238E+03
  4.342E-02  4.261E-01  1.013E+05  4.984E-12 -2.692E-05  2.930E+02  1.238E+03
  4.342E-02  4.324E-01  1.013E+05  4.914E-12 -2.281E-05  2.930E+02  1.238E+03
  4.342E-02  4.387E-01  1.013E+05  4.770E-12 -1.895E-05  2.930E+02  1.238E+03
  4.342E-02  4.450E-01  1.013E+05  4.488E-12 -2.054E-05  2.930E+02  1.238E+03
  4.342E-02  4.513E-01  1.013E+05  3.299E-12 -2.888E-05  2.930E+02  1.239E+03
  4.342E-02  4.577E-01  1.013E+05  1.426E-12 -3.104E-05  2.930E+02  1.239E+03
  4.342E-02  4.640E-01  1.013E+05 -5.719E-13 -2.814E-05  2.930E+02  1.239E+03
  4.342E-02  4.703E-01  1.013E+05 -2.374E-12 -2.643E-05  2.930E+02  1.240E+03
  4.342E-02  4.766E-01  1.013E+05 -3.998E-12 -2.490E-05  2.930E+02  1.240E+03
  4.342E-02  4.829E-01  1.013E+05 -5.192E-12 -2.356E-05  2.930E+02  1.240E+03
  4.342E-02  4.892E-01  1.013E+05 -5.831E-12 -2.333E-05  2.930E+02  1.240E+03
  4.342E-02  4.955E-01  1.013E+05 -5.318E-12 -1.863E-05  2.930E+02  1.240E+03
  4.342E-02  5.018E-01  1.013E+05 -5.194E-12 -4.501E-06  2.930E+02  1.240E+03
  4.342E-02  5.050E-01  1.013E+05  0.000E+00 -4.501E-06  2.930E+02  1.240E+03
  5.583E-02  0.000E+00  1.013E+05  0.000E+00  0.000E+00  2.930E+02  2.930E+02
  5.583E-02  3.156E-03  1.013E+05  1.389E-07 -3.559E-04  2.930E+02  6.307E+02
  5.583E-02  9.469E-03  1.013E+05  1.311E-07  5.261E-04  2.930E+02  1.306E+03
  5.583E-02  1.578E-02  1.013E+05  1.155E-07  9.032E-04  2.930E+02  1.993E+03
  5.583E-02  2.209E-02  1.013E+05  9.510E-08  1.262E-03  2.930E+02  2.703E+03
  5.583E-02  2.841E-02  1.013E+05  7.424E-08  1.588E-03  2.930E+02  3.434E+03
  5.583E-02  3.472E-02  1.013E+05  5.203E-08  1.879E-03  2.930E+02  4.175E+03
  5.583E-02  4.103E-02  1.013E+05  2.769E-08  2.111E-03  2.931E+02  4.913E+03
  5.583E-02  4.734E-02  1.013E+05  2.094E-09  2.287E-03  2.933E+02  5.623E+03
  5.583E-02  5.366E-02  1.013E+05 -2.420E-08  2.421E-03  2.939E+02  6.287E+03
  5.583E-02  5.997E-02  1.013E+05 -5.094E-08  2.511E-03  2.955E+02  6.893E+03
  5.583E-02  6.628E-02  1.013E+05 -7.263E-08  2.565E-03  2.992E+02  7.433E+03
  5.583E-02  7.259E-02  1.013E+05 -9.557E-08  2.597E-03  3.072E+02  7.912E+03
  5.583E-02  7.891E-02  1.013E+05 -1.137E-07  2.613E-03  3.227E+02  8.343E+03
  5.583E-02  8.522E-02  1.013E+05 -1.366E-07  2.558E-03  3.497E+02  8.751E+03
  5.583E-02  9.153E-02  1.013E+05 -1.648E-07  4.649E-03  3.917E+02  9.190E+03
  5.583E-02  9.784E-02  1.013E+05 -1.816E-07  4.075E-03  3.497E+02  8.755E+03
  5.583E-02  1.042E-01  1.013E+05 -1.692E-07  4.543E-03  3.227E+02  8.421E+03
  5.583E-02  1.105E-01  1.013E+05 -1.418E-07  4.823E-03  3.072E+02  8.119E+03
  5.583E-02  1.168E-01  1.013E+05 -1.076E-07  4.913E-03  2.992E+02  7.817E+03
  5.583E-02  1.231E-01  1.013E+05 -7.477E-08  4.841E-03  2.955E+02  7.501E+03
  5.583E-02  1.294E-01  1.013E+05 -5.916E-08  4.643E-03  2.939E+02  7.164E+03
  5.583E-02  1.357E-01  1.013E+05 -5.056E-08  4.350E-03  2.933E+02  6.805E+03
  5.583E-02  1.420E-01  1.013E+05 -4.548E-08  3.994E-03  2.931E+02  6.425E+03
  5.583E-02  1.483E-01  1.013E+05 -4.223E-08  3.607E-03  2.930E+02  6.030E+03
  5.583E-02  1.547E-01  1.013E+05 -4.022E-08  3.216E-03  2.930E+02  5.628E+03
  5.583E-02  1.610E-01  1.013E+05 -3.780E-08  2.846E-03  2.930E+02  5.227E+03
  5.583E-02  1.673E-01  1.013E+05 -3.500E-08  2.503E-03  2.930E+02  4.834E+03
  5.583E-02  1.736E-01  1.013E+05 -3.171E-08  2.190E-03  2.930E+02  4.457E+03
  5.583E-02  1.799E-01  1.013E+05 -2.815E-08  1.916E-03  2.930E+02  4.100E+03
  5.583E-02  1.862E-01  1.013E+05 -2.455E-08  1.666E-03  2.930E+02  3.768E+03
  5.583E-02  1.925E-01  1.013E+05 -2.113E-08  1.434E-03  2.930E+02  3.461E+03
  5.583E-02  1.988E-01  1.013E+05 -1.798E-08  1.242E-03  2.930E+02  3.182E+03
  5.583E-02  2.052E-01  1.013E+05 -1.517E-08  1.082E-03  2.930E+02  2.931E+03
  5.583E-02  2.115E-01  1.013E+05 -1.268E-08  9.330E-04  2.930E+02  2.706E+03
  5.583E-02  2.178E-01  1.013E+05 -1.051E-08  7.965E-04  2.930E+02  2.506E+03
  5.583E-02  2.241E-01  1.013E+05 -8.643E-09  6.883E-04  2.930E+02  2.329E+03
  5.583E-02  2.304E-01  1.013E+05 -7.052E-09  5.979E-04  2.930E+02  2.175E+03
  5.583E-02  2.367E-01  1.013E+05 -5.712E-09  5.179E-04  2.930E+02  2.039E+03
  5.583E-02  2.430E-01  1.013E+05 -4.595E-09  4.491E-04  2.930E+02  1.921E+03
  5.583E-02  2.493E-01  1.013E+05 -3.673E-09  3.780E-04  2.930E+02  1.819E+03
  5.583E-02  2.557E-01  1.013E+05 -2.918E-09  3.248E-04  2.930E+02  1.730E+03
  5.583E-02  2.620E-01  1.013E+05 -2.305E-09  2.878E-04  2.930E+02  1.654E+03
  5.583E-02  2.683E-01  1.013E+05 -1.812E-09  2.441E-04  2.930E+02  1.588E+03
  5.583E-02  2.746E-01  1.013E+05 -1.416E-09  2.091E-04  2.930E+02  1.532E+03
  5.583E-02  2.809E-01  1.013E+05 -1.102E-09  1.806E-04  2.930E+02  1.484E+03
  5.583E-02  2.872E-01  1.013E+05 -8.524E-10  1.491E-04  2.930E+02  1.442E+03
  5.583E-02  2.935E-01  1.013E+05 -6.562E-10  1.292E-04  2.930E+02  1.407E+03
  5.583E-02  2.998E-01  1.013E+05 -5.026E-10  1.139E-04  2.930E+02  1.377E+03
  5.583E-02  3.062E-01  1.013E+05 -3.831E-10  8.882E-05  2.930E+02  1.352E+03
  5.583E-02  3.125E-01  1.013E+05 -2.904E-10  6.655E-05  2.930E+02  1.331E+03
  5.583E-02  3.188E-01  1.013E+05 -2.188E-10  5.813E-05  2.930E+02  1.313E+03
  5.583E-02  3.251E-01  1.013E+05 -1.634E-10  5.679E-05  2.930E+02  1.298E+03
  5.583E-02  3.314E-01  1.013E+05 -1.208E-10  5.165E-05  2.930E+02  1.286E+03
  5.583E-02  3.377E-01  1.013E+05 -8.809E-11  3.707E-05  2.930E+02  1.276E+03
  5.583E-02  3.440E-01  1.013E+05 -6.332E-11  1.822E-05  2.930E+02  1.267E+03
  5.583E-02  3.503E-01  1.013E+05 -4.467E-11  5.431E-06  2.930E+02  1.260E+03
  5.583E-02  3.567E-01  1.013E+05 -3.079E-11  5.097E-06  2.930E+02  1.255E+03
  5.583E-02  3.630E-01  1.013E+05 -2.065E-11  4.555E-06  2.930E+02  1.250E+03
  5.583E-02  3.693E-01  1.013E+05 -1.328E-11 -2.949E-06  2.930E+02  1.247E+03
  5.583E-02  3.756E-01  1.013E+05 -8.063E-12 -2.814E-06  2.930E+02  1.244E+03
  5.583E-02  3.819E-01  1.013E+05 -4.512E-12 -1.613E-06  2.930E+02  1.242E+03
  5.583E-02  3.882E-01  1.013E+05 -1.900E-12 -1.303E-05  2.930E+02  1.240E+03
  5.583E-02  3.945E-01  1.013E+05 -2.095E-13 -2.424E-05  2.930E+02  1.239E+03
  5.583E-02  4.008E-01  1.013E+05  1.027E-12 -2.388E-05  2.930E+02  1.239E+03
  5.583E-02  4.072E-01  1.013E+05  2.084E-12 -1.827E-05  2.930E+02  1.238E+03
  5.583E-02  4.135E-01  1.013E+05  2.854E-12 -1.891E-05  2.930E+02  1.238E+03
  5.583E-02  4.198E-01  1.013E+05  3.462E-12 -2.604E-05  2.930E+02  1.238E+03
  5.583E-02  4.261E-01  1.013E+05  3.701E-12 -2.692E-05  2.930E+02  1.238E+03
  5.583E-02  4.324E-01  1.013E+05  3.797E-12 -2.281E-05  2.930E+02  1.238E+03
  5.583E-02  4.387E-01  1.013E+05  3.708E-12 -1.895E-05  2.930E+02  1.238E+03
  5.583E-02  4.450E-01  1.013E+05  3.447E-12 -2.054E-05  2.930E+02  1.238E+03
  5.583E-02  4.513E-01  1.013E+05  2.901E-12 -2.888E-05  2.930E+02  1.239E+03
  5.583E-02  4.577E-01  1.013E+05  2.196E-12 -3.104E-05  2.930E+02  1.239E+03
  5.583E-02  4.640E-01  1.013E+05  1.409E-12 -2.814E-05  2.930E+02  1.239E+03
  5.583E-02  4.703E-01  1.013E+05  6.954E-13 -2.643E-05  2.930E+02  1.240E+03
  5.583E-02  4.766E-01  1.013E+05  3.539E-14 -2.490E-05  2.930E+02  1.240E+03
  5.583E-02  4.829E-01  1.013E+05 -4.498E-13 -2.356E-05  2.930E+02  1.240E+03
  5.583E-02  4.892E-01  1.013E+05 -8.363E-13 -2.333E-05  2.930E+02  1.240E+03
  5.583E-02  4.955E-01  1.013E+05 -8.137E-13 -1.863E-05  2.930E+02  1.240E+03
  5.583E-02  5.018E-01  1.013E+05 -8.419E-13 -4.501E-06  2.930E+02  1.240E+03
  5.583E-02  5.050E-01  1.013E+05  0.000E+00 -4.501E-06  2.930E+02  1.240E+03
  6.824E-02  0.000E+00  1.013E+05  0.000E+00  0.000E+00  2.930E+02  2.930E+02
  6.824E-02  3.156E-03  1.013E+05 -1.389E-07 -3.559E-04  2.930E+02  6.307E+02
  6.824E-02  9.469E-03  1.013E+05 -1.312E-07  5.261E-04  2.930E+02  1.306E+03
  6.824E-02  1.578E-02  1.013E+05 -1.155E-07  9.032E-04  2.930E+02  1.993E+03
  6.824E-02  2.209E-02  1.013E+05 -9.514E-08  1.262E-03  2.930E+02  2.703E+03
  6.824E-02  2.841E-02  1.013E+05 -7.429E-08  1.588E-03  2.930E+02  3.434E+03
  6.824E-02  3.472E-02  1.013E+05 -5.208E-08  1.879E-03  2.930E+02  4.175E+03
  6.824E-02  4.103E-02  1.013E+05 -2.774E-08  2.111E-03  2.931E+02  4.913E+03
  6.824E-02  4.734E-02  1.013E+05 -2.154E-09  2.287E-03  2.933E+02  5.623E+03
  6.824E-02  5.366E-02  1.013E+05  2.414E-08  2.421E-03  2.939E+02  6.287E+03
  6.824E-02  5.997E-02  1.013E+05  5.087E-08  2.511E-03  2.955E+02  6.893E+03
  6.824E-02  6.628E-02  1.013E+05  7.257E-08  2.565E-03  2.992E+02  7.433E+03
  6.824E-02  7.259E-02  1.013E+05  9.550E-08  2.597E-03  3.072E+02  7.912E+03
  6.824E-02  7.891E-02  1.013E+05  1.136E-07  2.613E-03  3.227E+02  8.343E+03
  6.824E-02  8.522E-02  1.013E+05  1.366E-07  2.558E-03  3.497E+02  8.751E+03
  6.824E-02  9.153E-02  1.013E+05  1.648E-07  4.649E-03  3.917E+02  9.190E+03
  6.824E-02  9.784E-02  1.013E+05  1.815E-07  4.075E-03  3.497E+02  8.755E+03
  6.824E-02  1.042E-01  1.013E+05  1.691E-07  4.543E-03  3.227E+02  8.421E+03
  6.824E-02  1.105E-01  1.013E+05  1.418E-07  4.823E-03  3.072E+02  8.119E+03
  6.824E-02  1.168E-01  1.013E+05  1.076E-07  4.913E-03  2.992E+02  7.817E+03
  6.824E-02  1.231E-01  1.013E+05  7.472E-08  4.841E-03  2.955E+02  7.501E+03
  6.824E-02  1.294E-01  1.013E+05  5.912E-08  4.643E-03  2.939E+02  7.164E+03
  6.824E-02  1.357E-01  1.013E+05  5.052E-08  4.350E-03  2.933E+02  6.805E+03
  6.824E-02  1.420E-01  1.013E+05  4.544E-08  3.994E-03  2.931E+02  6.425E+03
  6.824E-02  1.483E-01  1.013E+05  4.220E-08  3.607E-03  2.930E+02  6.030E+03
  6.824E-02  1.547E-01  1.013E+05  4.019E-08  3.216E-03  2.930E+02  5.628E+03
  6.824E-02  1.610E-01  1.013E+05  3.777E-08  2.846E-03  2.930E+02  5.227E+03
  6.824E-02  1.673E-01  1.013E+05  3.498E-08  2.503E-03  2.930E+02  4.834E+03
  6.824E-02  1.736E-01  1.013E+05  3.169E-08  2.190E-03  2.930E+02  4.457E+03
  6.824E-02  1.799E-01  1.013E+05  2.813E-08  1.916E-03  2.930E+02  4.100E+03
  6.824E-02  1.862E-01  1.013E+05  2.454E-08  1.666E-03  2.930E+02  3.768E+03
  6.824E-02  1.925E-01  1.013E+05  2.111E-08  1.434E-03  2.930E+02  3.461E+03
  6.824E-02  1.988E-01  1.013E+05  1.797E-08  1.242E-03  2.930E+02  3.182E+03
  6.824E-02  2.052E-01  1.013E+05  1.516E-08  1.082E-03  2.930E+02  2.931E+03
  6.824E-02  2.115E-01  1.013E+05  1.267E-08  9.330E-04  2.930E+02  2.706E+03
  6.824E-02  2.178E-01  1.013E+05  1.051E-08  7.965E-04  2.930E+02  2.506E+03
  6.824E-02  2.241E-01  1.013E+05  8.639E-09  6.883E-04  2.930E+02  2.329E+03
  6.824E-02  2.304E-01  1.013E+05  7.048E-09  5.979E-04  2.930E+02  2.175E+03
  6.824E-02  2.367E-01  1.013E+05  5.708E-09  5.179E-04  2.930E+02  2.039E+03
  6.824E-02  2.430E-01  1.013E+05  4.589E-09  4.491E-04  2.930E+02  1.921E+03
  6.824E-02  2.493E-01  1.013E+05  3.665E-09  3.780E-04  2.930E+02  1.819E+03
  6.824E-02  2.557E-01  1.013E+05  2.909E-09  3.248E-04  2.930E+02  1.730E+03
  6.824E-02  2.620E-01  1.013E+05  2.296E-09  2.878E-04  2.930E+02  1.654E+03
  6.824E-02  2.683E-01  1.013E+05  1.803E-09  2.441E-04  2.930E+02  1.588E+03
  6.824E-02  2.746E-01  1.013E+05  1.409E-09  2.091E-04  2.930E+02  1.532E+03
  6.824E-02  2.809E-01  1.013E+05  1.096E-09  1.806E-04  2.930E+02  1.484E+03
  6.824E-02  2.872E-01  1.013E+05  8.481E-10  1.491E-04  2.930E+02  1.442E+03
  6.824E-02  2.935E-01  1.013E+05  6.535E-10  1.292E-04  2.930E+02  1.407E+03
  6.824E-02  2.998E-01  1.013E+05  5.012E-10  1.139E-04  2.930E+02  1.377E+03
  6.824E-02  3.062E-01  1.013E+05  3.826E-10  8.882E-05  2.930E+02  1.352E+03
  6.824E-02  3.125E-01  1.013E+05  2.905E-10  6.655E-05  2.930E+02  1.331E+03
  6.824E-02  3.188E-01  1.013E+05  2.194E-10  5.813E-05  2.930E+02  1.313E+03
  6.824E-02  3.251E-01  1.013E+05  1.648E-10  5.679E-05  2.930E+02  1.298E+03
  6.824E-02  3.314E-01  1.013E+05  1.231E-10  5.165E-05  2.930E+02  1.286E+03
  6.824E-02  3.377E-01  1.013E+05  9.152E-11  3.707E-05  2.930E+02  1.276E+03
  6.824E-02  3.440E-01  1.013E+05  6.772E-11  1.822E-05  2.930E+02  1.267E+03
  6.824E-02  3.503E-01  1.013E+05  5.000E-11  5.431E-06  2.930E+02  1.260E+03
  6.824E-02  3.567E-01  1.013E+05  3.663E-11  5.097E-06  2.930E+02  1.255E+03
  6.824E-02  3.630E-01  1.013E+05  2.649E-11  4.555E-06  2.930E+02  1.250E+03
  6.824E-02  3.693E-01  1.013E+05  1.873E-11 -2.949E-06  2.930E+02  1.247E+03
  6.824E-02  3.756E-01  1.013E+05  1.281E-11 -2.814E-06  2.930E+02  1.244E+03
  6.824E-02  3.819E-01  1.013E+05  8.503E-12 -1.613E-06  2.930E+02  1.242E+03
  6.824E-02  3.882E-01  1.013E+05  5.513E-12 -1.303E-05  2.930E+02  1.240E+03
  6.824E-02  3.945E-01  1.013E+05  3.658E-12 -2.424E-05  2.930E+02  1.239E+03
  6.824E-02  4.008E-01  1.013E+05  2.774E-12 -2.388E-05  2.930E+02  1.239E+03
  6.824E-02  4.072E-01  1.013E+05  2.399E-12 -1.827E-05  2.930E+02  1.238E+03
  6.824E-02  4.135E-01  1.013E+05  2.294E-12 -1.891E-05  2.930E+02  1.238E+03
  6.824E-02  4.198E-01  1.013E+05  2.603E-12 -2.604E-05  2.930E+02  1.238E+03
  6.824E-02  4.261E-01  1.013E+05  2.599E-12 -2.692E-05  2.930E+02  1.238E+03
  6.824E-02  4.324E-01  1.013E+05  2.840E-12 -2.281E-05  2.930E+02  1.238E+03
  6.824E-02  4.387E-01  1.013E+05  2.794E-12 -1.895E-05  2.930E+02  1.238E+03
  6.824E-02  4.450E-01  1.013E+05  2.707E-12 -2.054E-05  2.930E+02  1.238E+03
  6.824E-02  4.513E-01  1.013E+05  2.734E-12 -2.888E-05  2.930E+02  1.239E+03
  6.824E-02  4.577E-01  1.013E+05  2.746E-12 -3.104E-05  2.930E+02  1.239E+03
  6.824E-02  4.640E-01  1.013E+05  2.955E-12 -2.814E-05  2.930E+02  1.239E+03
  6.824E-02  4.703E-01  1.013E+05  3.169E-12 -2.643E-05  2.930E+02  1.240E+03
  6.824E-02  4.766E-01  1.013E+05  3.278E-12 -2.490E-05  2.930E+02  1.240E+03
  6.824E-02  4.829E-01  1.013E+05  3.206E-12 -2.356E-05  2.930E+02  1.240E+03
  6.824E-02  4.892E-01  1.013E+05  2.983E-12 -2.333E-05  2.930E+02  1.240E+03
  6.824E-02  4.955E-01  1.013E+05  2.379E-12 -1.863E-05  2.930E+02  1.240E+03
  6.824E-02  5.018E-01  1.013E+05  2.141E-12 -4.501E-06  2.930E+02  1.240E+03
  6.824E-02  5.050E-01  1.013E+05  0.000E+00 -4.501E-06  2.930E+02  1.240E+03
  8.065E-02  0.000E+00  1.013E+05  0.000E+00  0.000E+00  2.930E+02  2.930E+02
  8.065E-02  3.156E-03  1.013E+05 -3.705E-07 -3.560E-04  2.930E+02  6.307E+02
  8.065E-02  9.469E-03  1.013E+05 -3.518E-07  5.259E-04  2.930E+02  1.306E+03
  8.065E-02  1.578E-02  1.013E+05 -3.096E-07  9.028E-04  2.930E+02  1.993E+03
  8.065E-02  2.209E-02  1.013E+05 -2.543E-07  1.262E-03  2.930E+02  2.703E+03
  8.065E-02  2.841E-02  1.013E+05 -2.042E-07  1.587E-03  2.930E+02  3.434E+03
  8.065E-02  3.472E-02  1.013E+05 -1.514E-07  1.878E-03  2.930E+02  4.175E+03
  8.065E-02  4.103E-02  1.013E+05 -9.235E-08  2.110E-03  2.931E+02  4.913E+03
  8.065E-02  4.734E-02  1.013E+05 -3.181E-08  2.286E-03  2.933E+02  5.624E+03
  8.065E-02  5.366E-02  1.013E+05  3.073E-08  2.420E-03  2.939E+02  6.287E+03
  8.065E-02  5.997E-02  1.013E+05  9.932E-08  2.510E-03  2.955E+02  6.893E+03
  8.065E-02  6.628E-02  1.013E+05  1.586E-07  2.564E-03  2.992E+02  7.433E+03
  8.065E-02  7.259E-02  1.013E+05  2.198E-07  2.596E-03  3.072E+02  7.912E+03
  8.065E-02  7.891E-02  1.013E+05  2.865E-07  2.612E-03  3.227E+02  8.343E+03
  8.065E-02  8.522E-02  1.013E+05  3.609E-07  2.556E-03  3.497E+02  8.751E+03
  8.065E-02  9.153E-02  1.013E+05  4.449E-07  4.647E-03  3.917E+02  9.191E+03
  8.065E-02  9.784E-02  1.013E+05  5.043E-07  4.074E-03  3.497E+02  8.755E+03
  8.065E-02  1.042E-01  1.013E+05  2.986E-07  4.542E-03  3.227E+02  8.421E+03
  8.065E-02  1.105E-01  1.013E+05  4.529E-07  4.822E-03  3.072E+02  8.118E+03
  8.065E-02  1.168E-01  1.013E+05  3.300E-07  4.913E-03  2.992E+02  7.817E+03
  8.065E-02  1.231E-01  1.013E+05  2.292E-07  4.841E-03  2.955E+02  7.501E+03
  8.065E-02  1.294E-01  1.013E+05  1.694E-07  4.642E-03  2.939E+02  7.164E+03
  8.065E-02  1.357E-01  1.013E+05  1.386E-07  4.349E-03  2.933E+02  6.805E+03
  8.065E-02  1.420E-01  1.013E+05  1.206E-07  3.994E-03  2.931E+02  6.425E+03
  8.065E-02  1.483E-01  1.013E+05  1.063E-07  3.606E-03  2.930E+02  6.030E+03
  8.065E-02  1.547E-01  1.013E+05  1.028E-07  3.216E-03  2.930E+02  5.628E+03
  8.065E-02  1.610E-01  1.013E+05  9.700E-08  2.846E-03  2.930E+02  5.227E+03
  8.065E-02  1.673E-01  1.013E+05  9.064E-08  2.502E-03  2.930E+02  4.834E+03
  8.065E-02  1.736E-01  1.013E+05  8.261E-08  2.189E-03  2.930E+02  4.457E+03
  8.065E-02  1.799E-01  1.013E+05  7.364E-08  1.916E-03  2.930E+02  4.100E+03
  8.065E-02  1.862E-01  1.013E+05  6.442E-08  1.666E-03  2.930E+02  3.768E+03
  8.065E-02  1.925E-01  1.013E+05  5.557E-08  1.434E-03  2.930E+02  3.461E+03
  8.065E-02  1.988E-01  1.013E+05  4.740E-08  1.242E-03  2.930E+02  3.182E+03
  8.065E-02  2.052E-01  1.013E+05  4.004E-08  1.082E-03  2.930E+02  2.931E+03
  8.065E-02  2.115E-01  1.013E+05  3.350E-08  9.329E-04  2.930E+02  2.706E+03
  8.065E-02  2.178E-01  1.013E+05  2.779E-08  7.964E-04  2.930E+02  2.506E+03
  8.065E-02  2.241E-01  1.013E+05  2.285E-08  6.883E-04  2.930E+02  2.329E+03
  8.065E-02  2.304E-01  1.013E+05  1.864E-08  5.979E-04  2.930E+02  2.175E+03
  8.065E-02  2.367E-01  1.013E+05  1.509E-08  5.179E-04  2.930E+02  2.039E+03
  8.065E-02  2.430E-01  1.013E+05  1.213E-08  4.491E-04  2.930E+02  1.921E+03
  8.065E-02  2.493E-01  1.013E+05  9.684E-09  3.780E-04  2.930E+02  1.819E+03
  8.065E-02  2.557E-01  1.013E+05  7.684E-09  3.248E-04  2.930E+02  1.730E+03
  8.065E-02  2.620E-01  1.013E+05  6.062E-09  2.878E-04  2.930E+02  1.654E+03
  8.065E-02  2.683E-01  1.013E+05  4.757E-09  2.441E-04  2.930E+02  1.588E+03
  8.065E-02  2.746E-01  1.013E+05  3.714E-09  2.091E-04  2.930E+02  1.532E+03
  8.065E-02  2.809E-01  1.013E+05  2.885E-09  1.806E-04  2.930E+02  1.484E+03
  8.065E-02  2.872E-01  1.013E+05  2.230E-09  1.491E-04  2.930E+02  1.442E+03
  8.065E-02  2.935E-01  1.013E+05  1.715E-09  1.292E-04  2.930E+02  1.407E+03
  8.065E-02  2.998E-01  1.013E+05  1.312E-09  1.139E-04  2.930E+02  1.377E+03
  8.065E-02  3.062E-01  1.013E+05  9.981E-10  8.882E-05  2.930E+02  1.352E+03
  8.065E-02  3.125E-01  1.013E+05  7.555E-10  6.655E-05  2.930E+02  1.331E+03
  8.065E-02  3.188E-01  1.013E+05  5.687E-10  5.813E-05  2.930E+02  1.313E+03
  8.065E-02  3.251E-01  1.013E+05  4.247E-10  5.679E-05  2.930E+02  1.298E+03
  8.065E-02  3.314E-01  1.013E+05  3.141E-10  5.165E-05  2.930E+02  1.286E+03
  8.065E-02  3.377E-01  1.013E+05  2.299E-10  3.707E-05  2.930E+02  1.276E+03
  8.065E-02  3.440E-01  1.013E+05  1.669E-10  1.822E-05  2.930E+02  1.267E+03
  8.065E-02  3.503E-01  1.013E+05  1.205E-10  5.431E-06  2.930E+02  1.260E+03
  8.065E-02  3.567E-01  1.013E+05  8.579E-11  5.097E-06  2.930E+02  1.255E+03
  8.065E-02  3.630E-01  1.013E+05  5.982E-11  4.555E-06  2.930E+02  1.250E+03
  8.065E-02  3.693E-01  1.013E+05  4.049E-11 -2.949E-06  2.930E+02  1.247E+03
  8.065E-02  3.756E-01  1.013E+05  2.625E-11 -2.814E-06  2.930E+02  1.244E+03
  8.065E-02  3.819E-01  1.013E+05  1.560E-11 -1.613E-06  2.930E+02  1.242E+03
  8.065E-02  3.882E-01  1.013E+05  8.253E-12 -1.303E-05  2.930E+02  1.240E+03
  8.065E-02  3.945E-01  1.013E+05  4.086E-12 -2.424E-05  2.930E+02  1.239E+03
  8.065E-02  4.008E-01  1.013E+05  2.082E-12 -2.388E-05  2.930E+02  1.239E+03
  8.065E-02  4.072E-01  1.013E+05  1.052E-12 -1.827E-05  2.930E+02  1.238E+03
  8.065E-02  4.135E-01  1.013E+05  4.515E-13 -1.891E-05  2.930E+02  1.238E+03
  8.065E-02  4.198E-01  1.013E+05  5.339E-13 -2.604E-05  2.930E+02  1.238E+03
  8.065E-02  4.261E-01  1.013E+05  8.727E-13 -2.692E-05  2.930E+02  1.238E+03
  8.065E-02  4.324E-01  1.013E+05  1.286E-12 -2.281E-05  2.930E+02  1.238E+03
  8.065E-02  4.387E-01  1.013E+05  1.298E-12 -1.895E-05  2.930E+02  1.238E+03
  8.065E-02  4.450E-01  1.013E+05  1.263E-12 -2.054E-05  2.930E+02  1.238E+03
  8.065E-02  4.513E-01  1.013E+05  1.959E-12 -2.888E-05  2.930E+02  1.239E+03
  8.065E-02  4.577E-01  1.013E+05  3.141E-12 -3.104E-05  2.930E+02  1.239E+03
  8.065E-02  4.640E-01  1.013E+05  4.584E-12 -2.814E-05  2.930E+02  1.239E+03
  8.065E-02  4.703E-01  1.013E+05  6.017E-12 -2.643E-05  2.930E+02  1.240E+03
  8.065E-02  4.766E-01  1.013E+05  7.186E-12 -2.490E-05  2.930E+02  1.240E+03
  8.065E-02  4.829E-01  1.013E+05  7.778E-12 -2.356E-05  2.930E+02  1.240E+03
  8.065E-02  4.892E-01  1.013E+05  7.857E-12 -2.333E-05  2.930E+02  1.240E+03
  8.065E-02  4.955E-01  1.013E+05  6.819E-12 -1.863E-05  2.930E+02  1.240E+03
  8.065E-02  5.018E-01  1.013E+05  6.377E-12 -4.501E-06  2.930E+02  1.240E+03
  8.065E-02  5.050E-01  1.013E+05  0.000E+00 -4.501E-06  2.930E+02  1.240E+03
  9.305E-02  0.000E+00  1.013E+05  0.000E+00  0.000E+00  2.930E+02  2.930E+02
  9.305E-02  3.156E-03  1.013E+05 -4.672E-07 -3.562E-04  2.930E+02  6.307E+02
  9.305E-02  9.469E-03  1.013E+05 -4.467E-07  5.255E-04  2.930E+02  1.306E+03
  9.305E-02  1.578E-02  1.013E+05 -3.984E-07  9.022E-04  2.930E+02  1.993E+03
  9.305E-02  2.209E-02  1.013E+05 -3.331E-07  1.261E-03  2.930E+02  2.703E+03
  9.305E-02  2.841E-02  1.013E+05 -2.722E-07  1.586E-03  2.930E+02  3.434E+03
  9.305E-02  3.472E-02  1.013E+05 -2.111E-07  1.877E-03  2.930E+02  4.175E+03
  9.305E-02  4.103E-02  1.013E+05 -1.477E-07  2.109E-03  2.931E+02  4.913E+03
  9.305E-02  4.734E-02  1.013E+05 -8.551E-08  2.285E-03  2.933E+02  5.624E+03
  9.305E-02  5.366E-02  1.013E+05 -1.772E-08  2.419E-03  2.939E+02  6.288E+03
  9.305E-02  5.997E-02  1.013E+05  7.037E-08  2.508E-03  2.955E+02  6.893E+03
  9.305E-02  6.628E-02  1.013E+05  1.732E-07  2.562E-03  2.992E+02  7.434E+03
  9.305E-02  7.259E-02  1.013E+05  2.893E-07  2.593E-03  3.072E+02  7.912E+03
  9.305E-02  7.891E-02  1.013E+05  4.279E-07  2.609E-03  3.227E+02  8.343E+03
  9.305E-02  8.522E-02  1.013E+05  5.640E-07  2.554E-03  3.497E+02  8.751E+03
  9.305E-02  9.153E-02  1.013E+05  7.173E-07  4.645E-03  3.917E+02  9.191E+03
  9.305E-02  9.784E-02  1.013E+05  7.924E-07  4.071E-03  3.497E+02  8.755E+03
  9.305E-02  1.042E-01  1.013E+05  7.185E-07  4.540E-03  3.227E+02  8.421E+03
  9.305E-02  1.105E-01  1.013E+05  1.035E-06  4.821E-03  3.072E+02  8.118E+03
  9.305E-02  1.168E-01  1.013E+05  6.628E-07  4.912E-03  2.992E+02  7.817E+03
  9.305E-02  1.231E-01  1.013E+05  3.511E-07  4.840E-03  2.955E+02  7.501E+03
  9.305E-02  1.294E-01  1.013E+05  2.331E-07  4.641E-03  2.939E+02  7.164E+03
  9.305E-02  1.357E-01  1.013E+05  1.735E-07  4.349E-03  2.933E+02  6.805E+03
  9.305E-02  1.420E-01  1.013E+05  1.476E-07  3.993E-03  2.931E+02  6.425E+03
  9.305E-02  1.483E-01  1.013E+05  1.308E-07  3.606E-03  2.930E+02  6.030E+03
  9.305E-02  1.547E-01  1.013E+05  1.271E-07  3.216E-03  2.930E+02  5.628E+03
  9.305E-02  1.610E-01  1.013E+05  1.209E-07  2.846E-03  2.930E+02  5.226E+03
  9.305E-02  1.673E-01  1.013E+05  1.132E-07  2.502E-03  2.930E+02  4.834E+03
  9.305E-02  1.736E-01  1.013E+05  1.033E-07  2.189E-03  2.930E+02  4.457E+03
  9.305E-02  1.799E-01  1.013E+05  9.231E-08  1.915E-03  2.930E+02  4.100E+03
  9.305E-02  1.862E-01  1.013E+05  8.106E-08  1.666E-03  2.930E+02  3.768E+03
  9.305E-02  1.925E-01  1.013E+05  7.017E-08  1.434E-03  2.930E+02  3.461E+03
  9.305E-02  1.988E-01  1.013E+05  5.999E-08  1.242E-03  2.930E+02  3.182E+03
  9.305E-02  2.052E-01  1.013E+05  5.072E-08  1.082E-03  2.930E+02  2.931E+03
  9.305E-02  2.115E-01  1.013E+05  4.244E-08  9.329E-04  2.930E+02  2.706E+03
  9.305E-02  2.178E-01  1.013E+05  3.517E-08  7.964E-04  2.930E+02  2.506E+03
  9.305E-02  2.241E-01  1.013E+05  2.890E-08  6.882E-04  2.930E+02  2.329E+03
  9.305E-02  2.304E-01  1.013E+05  2.354E-08  5.979E-04  2.930E+02  2.175E+03
  9.305E-02  2.367E-01  1.013E+05  1.904E-08  5.178E-04  2.930E+02  2.039E+03
  9.305E-02  2.430E-01  1.013E+05  1.528E-08  4.490E-04  2.930E+02  1.921E+03
  9.305E-02  2.493E-01  1.013E+05  1.219E-08  3.780E-04  2.930E+02  1.819E+03
  9.305E-02  2.557E-01  1.013E+05  9.657E-09  3.248E-04  2.930E+02  1.730E+03
  9.305E-02  2.620E-01  1.013E+05  7.608E-09  2.878E-04  2.930E+02  1.654E+03
  9.305E-02  2.683E-01  1.013E+05  5.959E-09  2.441E-04  2.930E+02  1.588E+03
  9.305E-02  2.746E-01  1.013E+05  4.643E-09  2.091E-04  2.930E+02  1.532E+03
  9.305E-02  2.809E-01  1.013E+05  3.598E-09  1.806E-04  2.930E+02  1.484E+03
  9.305E-02  2.872E-01  1.013E+05  2.773E-09  1.490E-04  2.930E+02  1.442E+03
  9.305E-02  2.935E-01  1.013E+05  2.125E-09  1.292E-04  2.930E+02  1.407E+03
  9.305E-02  2.998E-01  1.013E+05  1.619E-09  1.139E-04  2.930E+02  1.377E+03
  9.305E-02  3.062E-01  1.013E+05  1.225E-09  8.882E-05  2.930E+02  1.352E+03
  9.305E-02  3.125E-01  1.013E+05  9.234E-10  6.655E-05  2.930E+02  1.331E+03
  9.305E-02  3.188E-01  1.013E+05  6.913E-10  5.813E-05  2.930E+02  1.313E+03
  9.305E-02  3.251E-01  1.013E+05  5.119E-10  5.679E-05  2.930E+02  1.298E+03
  9.305E-02  3.314E-01  1.013E+05  3.728E-10  5.165E-05  2.930E+02  1.286E+03
  9.305E-02  3.377E-01  1.013E+05  2.669E-10  3.707E-05  2.930E+02  1.276E+03
  9.305E-02  3.440E-01  1.013E+05  1.888E-10  1.822E-05  2.930E+02  1.267E+03
  9.305E-02  3.503E-01  1.013E+05  1.331E-10  5.431E-06  2.930E+02  1.260E+03
  9.305E-02  3.567E-01  1.013E+05  9.248E-11  5.097E-06  2.930E+02  1.255E+03
  9.305E-02  3.630E-01  1.013E+05  6.168E-11  4.555E-06  2.930E+02  1.250E+03
  9.305E-02  3.693E-01  1.013E+05  3.892E-11 -2.949E-06  2.930E+02  1.247E+03
  9.305E-02  3.756E-01  1.013E+05  2.218E-11 -2.814E-06  2.930E+02  1.244E+03
  9.305E-02  3.819E-01  1.013E+05  8.991E-12 -1.613E-06  2.930E+02  1.242E+03
  9.305E-02  3.882E-01  1.013E+05  2.077E-13 -1.303E-05  2.930E+02  1.240E+03
  9.305E-02  3.945E-01  1.013E+05 -3.334E-12 -2.424E-05  2.930E+02  1.239E+03
  9.305E-02  4.008E-01  1.013E+05 -3.709E-12 -2.388E-05  2.930E+02  1.239E+03
  9.305E-02  4.072E-01  1.013E+05 -3.863E-12 -1.827E-05  2.930E+02  1.238E+03
  9.305E-02  4.135E-01  1.013E+05 -4.373E-12 -1.891E-05  2.930E+02  1.238E+03
  9.305E-02  4.198E-01  1.013E+05 -3.714E-12 -2.604E-05  2.930E+02  1.238E+03
  9.305E-02  4.261E-01  1.013E+05 -2.260E-12 -2.692E-05  2.930E+02  1.238E+03
  9.305E-02  4.324E-01  1.013E+05 -1.180E-12 -2.281E-05  2.930E+02  1.238E+03
  9.305E-02  4.387E-01  1.013E+05 -1.289E-12 -1.895E-05  2.930E+02  1.238E+03
  9.305E-02  4.450E-01  1.013E+05 -1.646E-12 -2.054E-05  2.930E+02  1.238E+03
  9.305E-02  4.513E-01  1.013E+05 -3.277E-13 -2.888E-05  2.930E+02  1.239E+03
  9.305E-02  4.577E-01  1.013E+05  2.794E-12 -3.104E-05  2.930E+02  1.239E+03
  9.305E-02  4.640E-01  1.013E+05  6.187E-12 -2.814E-05  2.930E+02  1.239E+03
  9.305E-02  4.703E-01  1.013E+05  9.176E-12 -2.643E-05  2.930E+02  1.240E+03
  9.305E-02  4.766E-01  1.013E+05  1.165E-11 -2.490E-05  2.930E+02  1.240E+03
  9.305E-02  4.829E-01  1.013E+05  1.343E-11 -2.356E-05  2.930E+02  1.240E+03
  9.305E-02  4.892E-01  1.013E+05  1.439E-11 -2.333E-05  2.930E+02  1.240E+03
  9.305E-02  4.955E-01  1.013E+05  1.333E-11 -1.863E-05  2.930E+02  1.240E+03
  9.305E-02  5.018E-01  1.013E+05  1.284E-11 -4.501E-06  2.930E+02  1.240E+03
  9.305E-02  5.050E-01  1.013E+05  0.000E+00 -4.501E-06  2.930E+02  1.240E+03
  1.055E-01  0.000E+00  1.013E+05  0.000E+00  0.000E+00  2.930E+02  2.930E+02
  1.055E-01  3.156E-03  1.013E+05 -4.019E-07 -3.563E-04  2.930E+02  6.307E+02
  1.055E-01  9.469E-03  1.013E+05 -3.839E-07  5.251E-04  2.930E+02  1.307E+03
  1.055E-01  1.578E-02  1.013E+05 -3.465E-07  9.016E-04  2.930E+02  1.993E+03
  1.055E-01  2.209E-02  1.013E+05 -2.945E-07  1.260E-03  2.930E+02  2.703E+03
  1.055E-01  2.841E-02  1.013E+05 -2.399E-07  1.585E-03  2.930E+02  3.434E+03
  1.055E-01  3.472E-02  1.013E+05 -1.880E-07  1.876E-03  2.930E+02  4.175E+03
  1.055E-01  4.103E-02  1.013E+05 -1.435E-07  2.108E-03  2.931E+02  4.913E+03
  1.055E-01  4.734E-02  1.013E+05 -1.075E-07  2.283E-03  2.933E+02  5.624E+03
  1.055E-01  5.366E-02  1.013E+05 -6.657E-08  2.417E-03  2.939E+02  6.288E+03
  1.055E-01  5.997E-02  1.013E+05  8.685E-09  2.506E-03  2.955E+02  6.893E+03
  1.055E-01  6.628E-02  1.013E+05  1.368E-07  2.560E-03  2.992E+02  7.434E+03
  1.055E-01  7.259E-02  1.013E+05  2.746E-07  2.591E-03  3.072E+02  7.913E+03
  1.055E-01  7.891E-02  1.013E+05  4.793E-07  2.606E-03  3.227E+02  8.343E+03
  1.055E-01  8.522E-02  1.013E+05  2.251E-07  2.550E-03  3.497E+02  8.752E+03
  1.055E-01  9.153E-02  1.013E+05  7.499E-07  4.641E-03  3.917E+02  9.191E+03
  1.055E-01  9.784E-02  1.013E+05  7.604E-07  4.069E-03  3.497E+02  8.755E+03
  1.055E-01  1.042E-01  1.013E+05  8.929E-07  4.539E-03  3.227E+02  8.421E+03
  1.055E-01  1.105E-01  1.013E+05  1.015E-06  4.819E-03  3.072E+02  8.118E+03
  1.055E-01  1.168E-01  1.013E+05  6.606E-07  4.910E-03  2.992E+02  7.817E+03
  1.055E-01  1.231E-01  1.013E+05  3.468E-07  4.839E-03  2.955E+02  7.500E+03
  1.055E-01  1.294E-01  1.013E+05  2.365E-07  4.641E-03  2.939E+02  7.164E+03
  1.055E-01  1.357E-01  1.013E+05  1.679E-07  4.348E-03  2.933E+02  6.804E+03
  1.055E-01  1.420E-01  1.013E+05  1.406E-07  3.993E-03  2.931E+02  6.424E+03
  1.055E-01  1.483E-01  1.013E+05  1.238E-07  3.606E-03  2.930E+02  6.030E+03
  1.055E-01  1.547E-01  1.013E+05  1.153E-07  3.215E-03  2.930E+02  5.627E+03
  1.055E-01  1.610E-01  1.013E+05  1.075E-07  2.846E-03  2.930E+02  5.226E+03
  1.055E-01  1.673E-01  1.013E+05  9.905E-08  2.502E-03  2.930E+02  4.834E+03
  1.055E-01  1.736E-01  1.013E+05  8.962E-08  2.189E-03  2.930E+02  4.456E+03
  1.055E-01  1.799E-01  1.013E+05  7.984E-08  1.915E-03  2.930E+02  4.100E+03
  1.055E-01  1.862E-01  1.013E+05  7.016E-08  1.666E-03  2.930E+02  3.767E+03
  1.055E-01  1.925E-01  1.013E+05  6.084E-08  1.433E-03  2.930E+02  3.460E+03
  1.055E-01  1.988E-01  1.013E+05  5.208E-08  1.242E-03  2.930E+02  3.182E+03
  1.055E-01  2.052E-01  1.013E+05  4.404E-08  1.082E-03  2.930E+02  2.931E+03
  1.055E-01  2.115E-01  1.013E+05  3.681E-08  9.328E-04  2.930E+02  2.706E+03
  1.055E-01  2.178E-01  1.013E+05  3.046E-08  7.964E-04  2.930E+02  2.506E+03
  1.055E-01  2.241E-01  1.013E+05  2.498E-08  6.882E-04  2.930E+02  2.329E+03
  1.055E-01  2.304E-01  1.013E+05  2.031E-08  5.979E-04  2.930E+02  2.175E+03
  1.055E-01  2.367E-01  1.013E+05  1.638E-08  5.178E-04  2.930E+02  2.039E+03
  1.055E-01  2.430E-01  1.013E+05  1.310E-08  4.490E-04  2.930E+02  1.921E+03
  1.055E-01  2.493E-01  1.013E+05  1.041E-08  3.780E-04  2.930E+02  1.819E+03
  1.055E-01  2.557E-01  1.013E+05  8.227E-09  3.248E-04  2.930E+02  1.730E+03
  1.055E-01  2.620E-01  1.013E+05  6.452E-09  2.878E-04  2.930E+02  1.654E+03
  1.055E-01  2.683E-01  1.013E+05  5.021E-09  2.441E-04  2.930E+02  1.588E+03
  1.055E-01  2.746E-01  1.013E+05  3.886E-09  2.091E-04  2.930E+02  1.532E+03
  1.055E-01  2.809E-01  1.013E+05  2.984E-09  1.806E-04  2.930E+02  1.484E+03
  1.055E-01  2.872E-01  1.013E+05  2.278E-09  1.490E-04  2.930E+02  1.442E+03
  1.055E-01  2.935E-01  1.013E+05  1.730E-09  1.292E-04  2.930E+02  1.407E+03
  1.055E-01  2.998E-01  1.013E+05  1.292E-09  1.139E-04  2.930E+02  1.377E+03
  1.055E-01  3.062E-01  1.013E+05  9.537E-10  8.882E-05  2.930E+02  1.352E+03
  1.055E-01  3.125E-01  1.013E+05  7.115E-10  6.655E-05  2.930E+02  1.331E+03
  1.055E-01  3.188E-01  1.013E+05  5.329E-10  5.813E-05  2.930E+02  1.313E+03
  1.055E-01  3.251E-01  1.013E+05  3.839E-10  5.679E-05  2.930E+02  1.298E+03
  1.055E-01  3.314E-01  1.013E+05  2.538E-10  5.165E-05  2.930E+02  1.286E+03
  1.055E-01  3.377E-01  1.013E+05  1.518E-10  3.707E-05  2.930E+02  1.276E+03
  1.055E-01  3.440E-01  1.013E+05  8.888E-11  1.822E-05  2.930E+02  1.267E+03
  1.055E-01  3.503E-01  1.013E+05  6.052E-11  5.431E-06  2.930E+02  1.260E+03
  1.055E-01  3.567E-01  1.013E+05  4.236E-11  5.097E-06  2.930E+02  1.255E+03
  1.055E-01  3.630E-01  1.013E+05  1.906E-11  4.555E-06  2.930E+02  1.250E+03
  1.055E-01  3.693E-01  1.013E+05  3.056E-12 -2.949E-06  2.930E+02  1.247E+03
  1.055E-01  3.756E-01  1.013E+05 -6.689E-12 -2.814E-06  2.930E+02  1.244E+03
  1.055E-01  3.819E-01  1.013E+05 -2.587E-11 -1.613E-06  2.930E+02  1.242E+03
  1.055E-01  3.882E-01  1.013E+05 -3.966E-11 -1.303E-05  2.930E+02  1.240E+03
  1.055E-01  3.945E-01  1.013E+05 -3.099E-11 -2.424E-05  2.930E+02  1.239E+03
  1.055E-01  4.008E-01  1.013E+05 -1.490E-11 -2.388E-05  2.930E+02  1.239E+03
  1.055E-01  4.072E-01  1.013E+05 -1.121E-11 -1.827E-05  2.930E+02  1.238E+03
  1.055E-01  4.135E-01  1.013E+05 -1.735E-11 -1.891E-05  2.930E+02  1.238E+03
  1.055E-01  4.198E-01  1.013E+05 -1.520E-11 -2.604E-05  2.930E+02  1.238E+03
  1.055E-01  4.261E-01  1.013E+05 -4.660E-12 -2.692E-05  2.930E+02  1.238E+03
  1.055E-01  4.324E-01  1.013E+05  5.263E-13 -2.281E-05  2.930E+02  1.238E+03
  1.055E-01  4.387E-01  1.013E+05 -4.662E-12 -1.895E-05  2.930E+02  1.238E+03
  1.055E-01  4.450E-01  1.013E+05 -1.431E-11 -2.054E-05  2.930E+02  1.238E+03
  1.055E-01  4.513E-01  1.013E+05 -1.300E-11 -2.888E-05  2.930E+02  1.239E+03
  1.055E-01  4.577E-01  1.013E+05  2.400E-13 -3.104E-05  2.930E+02  1.239E+03
  1.055E-01  4.640E-01  1.013E+05  1.093E-11 -2.814E-05  2.930E+02  1.239E+03
  1.055E-01  4.703E-01  1.013E+05  1.713E-11 -2.643E-05  2.930E+02  1.240E+03
  1.055E-01  4.766E-01  1.013E+05  2.220E-11 -2.490E-05  2.930E+02  1.240E+03
  1.055E-01  4.829E-01  1.013E+05  2.660E-11 -2.356E-05  2.930E+02  1.240E+03
  1.055E-01  4.892E-01  1.013E+05  3.358E-11 -2.333E-05  2.930E+02  1.240E+03
  1.055E-01  4.955E-01  1.013E+05  4.049E-11 -1.863E-05  2.930E+02  1.240E+03
  1.055E-01  5.018E-01  1.013E+05  3.958E-11 -4.501E-06  2.930E+02  1.240E+03
  1.055E-01  5.050E-01  1.013E+05  0.000E+00 -4.501E-06  2.930E+02  1.240E+03
  1.179E-01  0.000E+00  1.013E+05  0.000E+00  0.000E+00  2.930E+02  2.930E+02
  1.179E-01  3.156E-03  1.013E+05 -1.664E-07 -3.564E-04  2.930E+02  6.307E+02
  1.179E-01  9.469E-03  1.013E+05 -1.579E-07  5.248E-04  2.930E+02  1.307E+03
  1.179E-01  1.578E-02  1.013E+05 -1.422E-07  9.012E-04  2.930E+02  1.993E+03
  1.179E-01  2.209E-02  1.013E+05 -1.206E-07  1.259E-03  2.930E+02  2.703E+03
  1.179E-01  2.841E-02  1.013E+05 -9.763E-08  1.585E-03  2.930E+02  3.434E+03
  1.179E-01  3.472E-02  1.013E+05 -7.620E-08  1.875E-03  2.930E+02  4.176E+03
  1.179E-01  4.103E-02  1.013E+05 -6.044E-08  2.107E-03  2.931E+02  4.913E+03
  1.179E-01  4.734E-02  1.013E+05 -5.166E-08  2.282E-03  2.933E+02  5.624E+03
  1.179E-01  5.366E-02  1.013E+05 -4.228E-08  2.416E-03  2.939E+02  6.288E+03
  1.179E-01  5.997E-02  1.013E+05 -1.325E-08  2.505E-03  2.955E+02  6.893E+03
  1.179E-01  6.628E-02  1.013E+05  4.962E-08  2.558E-03  2.992E+02  7.434E+03
  1.179E-01  7.259E-02  1.013E+05  1.096E-07  2.589E-03  3.072E+02  7.913E+03
  1.179E-01  7.891E-02  1.013E+05  2.243E-07  2.603E-03  3.227E+02  8.344E+03
  1.179E-01  8.522E-02  1.013E+05 -1.146E-07  2.548E-03  3.497E+02  8.752E+03
  1.179E-01  9.153E-02  1.013E+05  3.127E-07  4.640E-03  3.917E+02  9.191E+03
  1.179E-01  9.784E-02  1.013E+05  2.908E-07  4.068E-03  3.497E+02  8.756E+03
  1.179E-01  1.042E-01  1.013E+05  3.038E-07  4.538E-03  3.227E+02  8.421E+03
  1.179E-01  1.105E-01  1.013E+05  2.910E-07  4.819E-03  3.072E+02  8.118E+03
  1.179E-01  1.168E-01  1.013E+05  2.201E-07  4.909E-03  2.992E+02  7.817E+03
  1.179E-01  1.231E-01  1.013E+05  1.501E-07  4.838E-03  2.955E+02  7.500E+03
  1.179E-01  1.294E-01  1.013E+05  1.137E-07  4.640E-03  2.939E+02  7.164E+03
  1.179E-01  1.357E-01  1.013E+05  8.251E-08  4.348E-03  2.933E+02  6.804E+03
  1.179E-01  1.420E-01  1.013E+05  6.814E-08  3.993E-03  2.931E+02  6.424E+03
  1.179E-01  1.483E-01  1.013E+05  5.708E-08  3.605E-03  2.930E+02  6.030E+03
  1.179E-01  1.547E-01  1.013E+05  5.075E-08  3.215E-03  2.930E+02  5.627E+03
  1.179E-01  1.610E-01  1.013E+05  4.584E-08  2.845E-03  2.930E+02  5.226E+03
  1.179E-01  1.673E-01  1.013E+05  4.149E-08  2.502E-03  2.930E+02  4.834E+03
  1.179E-01  1.736E-01  1.013E+05  3.721E-08  2.189E-03  2.930E+02  4.456E+03
  1.179E-01  1.799E-01  1.013E+05  3.302E-08  1.915E-03  2.930E+02  4.100E+03
  1.179E-01  1.862E-01  1.013E+05  2.897E-08  1.666E-03  2.930E+02  3.767E+03
  1.179E-01  1.925E-01  1.013E+05  2.512E-08  1.433E-03  2.930E+02  3.460E+03
  1.179E-01  1.988E-01  1.013E+05  2.151E-08  1.241E-03  2.930E+02  3.182E+03
  1.179E-01  2.052E-01  1.013E+05  1.819E-08  1.082E-03  2.930E+02  2.931E+03
  1.179E-01  2.115E-01  1.013E+05  1.519E-08  9.328E-04  2.930E+02  2.706E+03
  1.179E-01  2.178E-01  1.013E+05  1.256E-08  7.963E-04  2.930E+02  2.506E+03
  1.179E-01  2.241E-01  1.013E+05  1.029E-08  6.882E-04  2.930E+02  2.329E+03
  1.179E-01  2.304E-01  1.013E+05  8.353E-09  5.979E-04  2.930E+02  2.175E+03
  1.179E-01  2.367E-01  1.013E+05  6.719E-09  5.178E-04  2.930E+02  2.039E+03
  1.179E-01  2.430E-01  1.013E+05  5.354E-09  4.490E-04  2.930E+02  1.921E+03
  1.179E-01  2.493E-01  1.013E+05  4.237E-09  3.780E-04  2.930E+02  1.819E+03
  1.179E-01  2.557E-01  1.013E+05  3.340E-09  3.248E-04  2.930E+02  1.730E+03
  1.179E-01  2.620E-01  1.013E+05  2.605E-09  2.878E-04  2.930E+02  1.654E+03
  1.179E-01  2.683E-01  1.013E+05  2.011E-09  2.441E-04  2.930E+02  1.588E+03
  1.179E-01  2.746E-01  1.013E+05  1.544E-09  2.091E-04  2.930E+02  1.532E+03
  1.179E-01  2.809E-01  1.013E+05  1.172E-09  1.806E-04  2.930E+02  1.484E+03
  1.179E-01  2.872E-01  1.013E+05  8.843E-10  1.490E-04  2.930E+02  1.442E+03
  1.179E-01  2.935E-01  1.013E+05  6.639E-10  1.292E-04  2.930E+02  1.407E+03
  1.179E-01  2.998E-01  1.013E+05  4.826E-10  1.139E-04  2.930E+02  1.377E+03
  1.179E-01  3.062E-01  1.013E+05  3.434E-10  8.882E-05  2.930E+02  1.352E+03
  1.179E-01  3.125E-01  1.013E+05  2.532E-10  6.655E-05  2.930E+02  1.331E+03
  1.179E-01  3.188E-01  1.013E+05  1.909E-10  5.813E-05  2.930E+02  1.313E+03
  1.179E-01  3.251E-01  1.013E+05  1.323E-10  5.679E-05  2.930E+02  1.298E+03
  1.179E-01  3.314E-01  1.013E+05  7.261E-11  5.165E-05  2.930E+02  1.286E+03
  1.179E-01  3.377E-01  1.013E+05  2.431E-11  3.707E-05  2.930E+02  1.276E+03
  1.179E-01  3.440E-01  1.013E+05  3.583E-13  1.822E-05  2.930E+02  1.267E+03
  1.179E-01  3.503E-01  1.013E+05 -8.113E-13  5.431E-06  2.930E+02  1.260E+03
  1.179E-01  3.567E-01  1.013E+05  5.839E-13  5.097E-06  2.930E+02  1.255E+03
  1.179E-01  3.630E-01  1.013E+05 -7.845E-12  4.554E-06  2.930E+02  1.250E+03
  1.179E-01  3.693E-01  1.013E+05 -1.278E-11 -2.949E-06  2.930E+02  1.247E+03
  1.179E-01  3.756E-01  1.013E+05 -1.433E-11 -2.814E-06  2.930E+02  1.244E+03
  1.179E-01  3.819E-01  1.013E+05 -2.693E-11 -1.613E-06  2.930E+02  1.242E+03
  1.179E-01  3.882E-01  1.013E+05 -3.654E-11 -1.303E-05  2.930E+02  1.240E+03
  1.179E-01  3.945E-01  1.013E+05 -2.677E-11 -2.424E-05  2.930E+02  1.239E+03
  1.179E-01  4.008E-01  1.013E+05 -1.141E-11 -2.388E-05  2.930E+02  1.239E+03
  1.179E-01  4.072E-01  1.013E+05 -8.111E-12 -1.827E-05  2.930E+02  1.238E+03
  1.179E-01  4.135E-01  1.013E+05 -1.426E-11 -1.891E-05  2.930E+02  1.238E+03
  1.179E-01  4.198E-01  1.013E+05 -1.268E-11 -2.604E-05  2.930E+02  1.238E+03
  1.179E-01  4.261E-01  1.013E+05 -3.262E-12 -2.692E-05  2.930E+02  1.238E+03
  1.179E-01  4.324E-01  1.013E+05  1.239E-12 -2.281E-05  2.930E+02  1.238E+03
  1.179E-01  4.387E-01  1.013E+05 -3.766E-12 -1.895E-05  2.930E+02  1.238E+03
  1.179E-01  4.450E-01  1.013E+05 -1.302E-11 -2.054E-05  2.930E+02  1.238E+03
  1.179E-01  4.513E-01  1.013E+05 -1.243E-11 -2.888E-05  2.930E+02  1.239E+03
  1.179E-01  4.577E-01  1.013E+05 -1.194E-12 -3.104E-05  2.930E+02  1.239E+03
  1.179E-01  4.640E-01  1.013E+05  7.202E-12 -2.814E-05  2.930E+02  1.239E+03
  1.179E-01  4.703E-01  1.013E+05  1.153E-11 -2.643E-05  2.930E+02  1.240E+03
  1.179E-01  4.766E-01  1.013E+05  1.504E-11 -2.490E-05  2.930E+02  1.240E+03
  1.179E-01  4.829E-01  1.013E+05  1.826E-11 -2.356E-05  2.930E+02  1.240E+03
  1.179E-01  4.892E-01  1.013E+05  2.440E-11 -2.333E-05  2.930E+02  1.240E+03
  1.179E-01  4.955E-01  1.013E+05  3.176E-11 -1.863E-05  2.930E+02  1.240E+03
  1.179E-01  5.018E-01  1.013E+05  3.116E-11 -4.501E-06  2.930E+02  1.240E+03
  1.179E-01  5.050E-01  1.013E+05  0.000E+00 -4.501E-06  2.930E+02  1.240E+03
  1.241E-01  0.000E+00  1.013E+05  0.000E+00  0.000E+00  2.930E+02  2.930E+02
  1.241E-01  3.156E-03  1.013E+05 -1.664E-07 -3.564E-04  2.930E+02  6.307E+02
  1.241E-01  9.469E-03  1.013E+05 -1.579E-07  5.248E-04  2.930E+02  1.307E+03
  1.241E-01  1.578E-02  1.013E+05 -1.422E-07  9.012E-04  2.930E+02  1.993E+03
  1.241E-01  2.209E-02  1.013E+05 -1.206E-07  1.259E-03  2.930E+02  2.703E+03
  1.241E-01  2.841E-02  1.013E+05 -9.763E-08  1.585E-03  2.930E+02  3.434E+03
  1.241E-01  3.472E-02  1.013E+05 -7.620E-08  1.875E-03  2.930E+02  4.176E+03
  1.241E-01  4.103E-02  1.013E+05 -6.044E-08  2.107E-03  2.931E+02  4.913E+03
  1.241E-01  4.734E-02  1.013E+05 -5.166E-08  2.282E-03  2.933E+02  5.624E+03
  1.241E-01  5.366E-02  1.013E+05 -4.228E-08  2.416E-03  2.939E+02  6.288E+03
  1.241E-01  5.997E-02  1.013E+05 -1.325E-08  2.505E-03  2.955E+02  6.893E+03
  1.241E-01  6.628E-02  1.013E+05  4.962E-08  2.558E-03  2.992E+02  7.434E+03
  1.241E-01  7.259E-02  1.013E+05  1.096E-07  2.589E-03  3.072E+02  7.913E+03
  1.241E-01  7.891E-02  1.013E+05  2.243E-07  2.603E-03  3.227E+02  8.344E+03
  1.241E-01  8.522E-02  1.013E+05 -1.146E-07  2.548E-03  3.497E+02  8.752E+03
  1.241E-01  9.153E-02  1.013E+05  3.127E-07  4.640E-03  3.917E+02  9.191E+03
  1.241E-01  9.784E-02  1.013E+05  2.908E-07  4.068E-03  3.497E+02  8.756E+03
  1.241E-01  1.042E-01  1.013E+05  3.038E-07  4.538E-03  3.227E+02  8.421E+03
  1.241E-01  1.105E-01  1.013E+05  2.910E-07  4.819E-03  3.072E+02  8.118E+03
  1.241E-01  1.168E-01  1.013E+05  2.201E-07  4.909E-03  2.992E+02  7.817E+03
  1.241E-01  1.231E-01  1.013E+05  1.501E-07  4.838E-03  2.955E+02  7.500E+03
  1.241E-01  1.294E-01  1.013E+05  1.137E-07  4.640E-03  2.939E+02  7.164E+03
  1.241E-01  1.357E-01  1.013E+05  8.251E-08  4.348E-03  2.933E+02  6.804E+03
  1.241E-01  1.420E-01  1.013E+05  6.814E-08  3.993E-03  2.931E+02  6.424E+03
  1.241E-01  1.483E-01  1.013E+05  5.708E-08  3.605E-03  2.930E+02  6.030E+03
  1.241E-01  1.547E-01  1.013E+05  5.075E-08  3.215E-03  2.930E+02  5.627E+03
  1.241E-01  1.610E-01  1.013E+05  4.584E-08  2.845E-03  2.930E+02  5.226E+03
  1.241E-01  1.673E-01  1.013E+05  4.149E-08  2.502E-03  2.930E+02  4.834E+03
  1.241E-01  1.736E-01  1.013E+05  3.721E-08  2.189E-03  2.930E+02  4.456E+03
  1.241E-01  1.799E-01  1.013E+05  3.302E-08  1.915E-03  2.930E+02  4.100E+03
  1.241E-01  1.862E-01  1.013E+05  2.897E-08  1.666E-03  2.930E+02  3.767E+03
  1.241E-01  1.925E-01  1.013E+05  2.512E-08  1.433E-03  2.930E+02  3.460E+03
  1.241E-01  1.988E-01  1.013E+05  2.151E-08  1.241E-03  2.930E+02  3.182E+03
  1.241E-01  2.052E-01  1.013E+05  1.819E-08  1.082E-03  2.930E+02  2.931E+03
  1.241E-01  2.115E-01  1.013E+05  1.519E-08  9.328E-04  2.930E+02  2.706E+03
  1.241E-01  2.178E-01  1.013E+05  1.256E-08  7.963E-04  2.930E+02  2.506E+03
  1.241E-01  2.241E-01  1.013E+05  1.029E-08  6.882E-04  2.930E+02  2.329E+03
  1.241E-01  2.304E-01  1.013E+05  8.353E-09  5.979E-04  2.930E+02  2.175E+03
  1.241E-01  2.367E-01  1.013E+05  6.719E-09  5.178E-04  2.930E+02  2.039E+03
  1.241E-01  2.430E-01  1.013E+05  5.354E-09  4.490E-04  2.930E+02  1.921E+03
  1.241E-01  2.493E-01  1.013E+05  4.237E-09  3.780E-04  2.930E+02  1.819E+03
  1.241E-01  2.557E-01  1.013E+05  3.340E-09  3.248E-04  2.930E+02  1.730E+03
  1.241E-01  2.620E-01  1.013E+05  2.605E-09  2.878E-04  2.930E+02  1.654E+03
  1.241E-01  2.683E-01  1.013E+05  2.011E-09  2.441E-04  2.930E+02  1.588E+03
  1.241E-01  2.746E-01  1.013E+05  1.544E-09  2.091E-04  2.930E+02  1.532E+03
  1.241E-01  2.809E-01  1.013E+05  1.172E-09  1.806E-04  2.930E+02  1.484E+03
  1.241E-01  2.872E-01  1.013E+05  8.843E-10  1.490E-04  2.930E+02  1.442E+03
  1.241E-01  2.935E-01  1.013E+05  6.639E-10  1.292E-04  2.930E+02  1.407E+03
  1.241E-01  2.998E-01  1.013E+05  4.826E-10  1.139E-04  2.930E+02  1.377E+03
  1.241E-01  3.062E-01  1.013E+05  3.434E-10  8.882E-05  2.930E+02  1.352E+03
  1.241E-01  3.125E-01  1.013E+05  2.532E-10  6.655E-05  2.930E+02  1.331E+03
  1.241E-01  3.188E-01  1.013E+05  1.909E-10  5.813E-05  2.930E+02  1.313E+03
  1.241E-01  3.251E-01  1.013E+05  1.323E-10  5.679E-05  2.930E+02  1.298E+03
  1.241E-01  3.314E-01  1.013E+05  7.261E-11  5.165E-05  2.930E+02  1.286E+03
  1.241E-01  3.377E-01  1.013E+05  2.431E-11  3.707E-05  2.930E+02  1.276E+03
  1.241E-01  3.440E-01  1.013E+05  3.583E-13  1.822E-05  2.930E+02  1.267E+03
  1.241E-01  3.503E-01  1.013E+05 -8.113E-13  5.431E-06  2.930E+02  1.260E+03
  1.241E-01  3.567E-01  1.013E+05  5.839E-13  5.097E-06  2.930E+02  1.255E+03
  1.241E-01  3.630E-01  1.013E+05 -7.845E-12  4.554E-06  2.930E+02  1.250E+03
  1.241E-01  3.693E-01  1.013E+05 -1.278E-11 -2.949E-06  2.930E+02  1.247E+03
  1.241E-01  3.756E-01  1.013E+05 -1.433E-11 -2.814E-06  2.930E+02  1.244E+03
  1.241E-01  3.819E-01  1.013E+05 -2.693E-11 -1.613E-06  2.930E+02  1.242E+03
  1.241E-01  3.882E-01  1.013E+05 -3.654E-11 -1.303E-05  2.930E+02  1.240E+03
  1.241E-01  3.945E-01  1.013E+05 -2.677E-11 -2.424E-05  2.930E+02  1.239E+03
  1.241E-01  4.008E-01  1.013E+05 -1.141E-11 -2.388E-05  2.930E+02  1.239E+03
  1.241E-01  4.072E-01  1.013E+05 -8.111E-12 -1.827E-05  2.930E+02  1.238E+03
  1.241E-01  4.135E-01  1.013E+05 -1.426E-11 -1.891E-05  2.930E+02  1.238E+03
  1.241E-01  4.198E-01  1.013E+05 -1.268E-11 -2.604E-05  2.930E+02  1.238E+03
  1.241E-01  4.261E-01  1.013E+05 -3.262E-12 -2.692E-05  2.930E+02  1.238E+03
  1.241E-01  4.324E-01  1.013E+05  1.239E-12 -2.281E-05  2.930E+02  1.238E+03
  1.241E-01  4.387E-01  1.013E+05 -3.766E-12 -1.895E-05  2.930E+02  1.238E+03
  1.241E-01  4.450E-01  1.013E+05 -1.302E-11 -2.054E-05  2.930E+02  1.238E+03
  1.241E-01  4.513E-01  1.013E+05 -1.243E-11 -2.888E-05  2.930E+02  1.239E+03
  1.241E-01  4.577E-01  1.013E+05 -1.194E-12 -3.104E-05  2.930E+02  1.239E+03
  1.241E-01  4.640E-01  1.013E+05  7.202E-12 -2.814E-05  2.930E+02  1.239E+03
  1.241E-01  4.703E-01  1.013E+05  1.153E-11 -2.643E-05  2.930E+02  1.240E+03
  1.241E-01  4.766E-01  1.013E+05  1.504E-11 -2.490E-05  2.930E+02  1.240E+03
  1.241E-01  4.829E-01  1.013E+05  1.826E-11 -2.356E-05  2.930E+02  1.240E+03
  1.241E-01  4.892E-01  1.013E+05  2.440E-11 -2.333E-05  2.930E+02  1.240E+03
  1.241E-01  4.955E-01  1.013E+05  3.176E-11 -1.863E-05  2.930E+02  1.240E+03
  1.241E-01  5.018E-01  1.013E+05  3.116E-11 -4.501E-06  2.930E+02  1.240E+03
  1.241E-01  5.050E-01  1.013E+05  0.000E+00 -4.501E-06  2.930E+02  1.240E+03
