VARIABLES="XP","YP","P","U","V","TS","TF"
ZONE T="Zone 001"I=    82 J=    12 F=POINT
  0.000E+00  0.000E+00  1.019E+05 -2.697E-07  6.502E-02  2.932E+02  2.930E+02
  0.000E+00  3.156E-03  1.019E+05 -2.697E-07  6.502E-02  2.932E+02  2.930E+02
  0.000E+00  9.469E-03  1.019E+05 -2.552E-07  6.500E-02  2.937E+02  2.930E+02
  0.000E+00  1.578E-02  1.019E+05 -2.025E-07  6.499E-02  2.943E+02  2.930E+02
  0.000E+00  2.209E-02  1.019E+05 -1.428E-07  6.499E-02  2.954E+02  2.930E+02
  0.000E+00  2.841E-02  1.019E+05 -1.179E-07  6.498E-02  2.972E+02  2.930E+02
  0.000E+00  3.472E-02  1.019E+05 -9.693E-08  6.499E-02  3.000E+02  2.930E+02
  0.000E+00  4.103E-02  1.019E+05 -8.353E-08  6.499E-02  3.044E+02  2.930E+02
  0.000E+00  4.734E-02  1.019E+05 -7.313E-08  6.498E-02  3.109E+02  2.930E+02
  0.000E+00  5.366E-02  1.018E+05 -6.475E-08  6.497E-02  3.204E+02  2.930E+02
  0.000E+00  5.997E-02  1.018E+05 -5.777E-08  6.498E-02  3.337E+02  2.930E+02
  0.000E+00  6.628E-02  1.018E+05 -5.190E-08  6.499E-02  3.518E+02  2.930E+02
  0.000E+00  7.259E-02  1.018E+05 -4.743E-08  6.499E-02  3.758E+02  2.930E+02
  0.000E+00  7.891E-02  1.018E+05 -4.323E-08  6.497E-02  4.065E+02  2.931E+02
  0.000E+00  8.522E-02  1.018E+05 -4.162E-08  6.490E-02  4.447E+02  2.956E+02
  0.000E+00  9.153E-02  1.018E+05 -3.755E-08  6.505E-02  4.909E+02  3.483E+02
  0.000E+00  9.784E-02  1.018E+05  6.860E-09  6.498E-02  4.447E+02  3.483E+02
  0.000E+00  1.042E-01  1.018E+05 -1.191E-07  6.498E-02  4.065E+02  3.483E+02
  0.000E+00  1.105E-01  1.018E+05  2.787E-07  6.498E-02  3.758E+02  3.483E+02
  0.000E+00  1.168E-01  1.018E+05  5.177E-07  6.498E-02  3.518E+02  3.483E+02
  0.000E+00  1.231E-01  1.018E+05  3.587E-07  6.498E-02  3.337E+02  3.483E+02
  0.000E+00  1.294E-01  1.018E+05  1.963E-07  6.498E-02  3.204E+02  3.483E+02
  0.000E+00  1.357E-01  1.018E+05  1.796E-07  6.498E-02  3.109E+02  3.483E+02
  0.000E+00  1.420E-01  1.017E+05  1.618E-07  6.498E-02  3.044E+02  3.483E+02
  0.000E+00  1.483E-01  1.017E+05  1.618E-07  6.497E-02  3.000E+02  3.483E+02
  0.000E+00  1.547E-01  1.017E+05  1.657E-07  6.497E-02  2.972E+02  3.483E+02
  0.000E+00  1.610E-01  1.017E+05  1.692E-07  6.497E-02  2.955E+02  3.483E+02
  0.000E+00  1.673E-01  1.017E+05  1.549E-07  6.498E-02  2.944E+02  3.483E+02
  0.000E+00  1.736E-01  1.017E+05  1.557E-07  6.498E-02  2.938E+02  3.483E+02
  0.000E+00  1.799E-01  1.017E+05 -2.891E-07  6.497E-02  2.934E+02  3.483E+02
  0.000E+00  1.862E-01  1.017E+05  1.474E-06  6.497E-02  2.932E+02  3.483E+02
  0.000E+00  1.925E-01  1.017E+05  2.232E-05  6.498E-02  2.931E+02  3.483E+02
  0.000E+00  1.988E-01  1.017E+05  1.380E-06  6.499E-02  2.931E+02  3.483E+02
  0.000E+00  2.052E-01  1.017E+05 -2.751E-07  6.498E-02  2.930E+02  3.483E+02
  0.000E+00  2.115E-01  1.017E+05 -1.958E-07  6.498E-02  2.930E+02  3.483E+02
  0.000E+00  2.178E-01  1.017E+05  2.166E-07  6.498E-02  2.930E+02  3.483E+02
  0.000E+00  2.241E-01  1.017E+05  5.308E-08  6.498E-02  2.930E+02  3.483E+02
  0.000E+00  2.304E-01  1.016E+05  2.742E-07  6.498E-02  2.930E+02  3.483E+02
  0.000E+00  2.367E-01  1.016E+05  2.700E-07  6.499E-02  2.930E+02  3.483E+02
  0.000E+00  2.430E-01  1.016E+05  2.694E-07  6.499E-02  2.930E+02  3.483E+02
  0.000E+00  2.493E-01  1.016E+05  2.963E-07  6.498E-02  2.930E+02  3.483E+02
  0.000E+00  2.557E-01  1.016E+05 -1.340E-07  6.498E-02  2.930E+02  3.483E+02
  0.000E+00  2.620E-01  1.016E+05  1.701E-06  6.498E-02  2.930E+02  3.483E+02
  0.000E+00  2.683E-01  1.016E+05  2.259E-05  6.499E-02  2.930E+02  3.483E+02
  0.000E+00  2.746E-01  1.016E+05  1.935E-06  6.500E-02  2.930E+02  3.483E+02
  0.000E+00  2.809E-01  1.016E+05  9.618E-08  6.500E-02  2.930E+02  3.483E+02
  0.000E+00  2.872E-01  1.016E+05  6.327E-07  6.499E-02  2.930E+02  3.483E+02
  0.000E+00  2.935E-01  1.016E+05  7.756E-07  6.499E-02  2.930E+02  3.483E+02
  0.000E+00  2.998E-01  1.016E+05  8.453E-07  6.499E-02  2.930E+02  3.483E+02
  0.000E+00  3.062E-01  1.016E+05  1.064E-06  6.499E-02  2.930E+02  3.483E+02
  0.000E+00  3.125E-01  1.015E+05  1.168E-06  6.499E-02  2.930E+02  3.483E+02
  0.000E+00  3.188E-01  1.015E+05  7.103E-07  6.500E-02  2.930E+02  3.483E+02
  0.000E+00  3.251E-01  1.015E+05  2.868E-06  6.499E-02  2.930E+02  3.483E+02
  0.000E+00  3.314E-01  1.015E+05  2.397E-05  6.499E-02  2.930E+02  3.483E+02
  0.000E+00  3.377E-01  1.015E+05  2.473E-06  6.500E-02  2.930E+02  3.483E+02
  0.000E+00  3.440E-01  1.015E+05  2.572E-07  6.500E-02  2.930E+02  3.483E+02
  0.000E+00  3.503E-01  1.015E+05  3.039E-06  6.499E-02  2.930E+02  3.483E+02
  0.000E+00  3.567E-01  1.015E+05  2.451E-05  6.499E-02  2.930E+02  3.483E+02
  0.000E+00  3.630E-01  1.015E+05  3.312E-06  6.500E-02  2.930E+02  3.483E+02
  0.000E+00  3.693E-01  1.015E+05  9.458E-07  6.501E-02  2.930E+02  3.483E+02
  0.000E+00  3.756E-01  1.015E+05  9.712E-07  6.501E-02  2.930E+02  3.483E+02
  0.000E+00  3.819E-01  1.015E+05  6.840E-07  6.500E-02  2.930E+02  3.483E+02
  0.000E+00  3.882E-01  1.015E+05  8.751E-07  6.499E-02  2.930E+02  3.483E+02
  0.000E+00  3.945E-01  1.015E+05  4.796E-07  6.499E-02  2.930E+02  3.483E+02
  0.000E+00  4.008E-01  1.014E+05  8.173E-07  6.500E-02  2.930E+02  3.483E+02
  0.000E+00  4.072E-01  1.014E+05  8.718E-07  6.501E-02  2.930E+02  3.483E+02
  0.000E+00  4.135E-01  1.014E+05  9.068E-07  6.500E-02  2.930E+02  3.483E+02
  0.000E+00  4.198E-01  1.014E+05  1.575E-06  6.499E-02  2.930E+02  3.483E+02
  0.000E+00  4.261E-01  1.014E+05  1.773E-06  6.499E-02  2.930E+02  3.483E+02
  0.000E+00  4.324E-01  1.014E+05  1.115E-06  6.500E-02  2.930E+02  3.483E+02
  0.000E+00  4.387E-01  1.014E+05  1.393E-06  6.501E-02  2.930E+02  3.483E+02
  0.000E+00  4.450E-01  1.014E+05  6.832E-07  6.501E-02  2.930E+02  3.483E+02
  0.000E+00  4.513E-01  1.014E+05  3.964E-07  6.500E-02  2.930E+02  3.483E+02
  0.000E+00  4.577E-01  1.014E+05  2.717E-07  6.499E-02  2.930E+02  3.483E+02
  0.000E+00  4.640E-01  1.014E+05  7.618E-09  6.499E-02  2.930E+02  3.483E+02
  0.000E+00  4.703E-01  1.014E+05  1.990E-07  6.500E-02  2.930E+02  3.483E+02
  0.000E+00  4.766E-01  1.014E+05  1.868E-07  6.501E-02  2.930E+02  3.483E+02
  0.000E+00  4.829E-01  1.014E+05  6.543E-07  6.500E-02  2.930E+02  3.483E+02
  0.000E+00  4.892E-01  1.013E+05 -1.136E-06  6.500E-02  2.930E+02  3.483E+02
  0.000E+00  4.955E-01  1.013E+05 -2.228E-05  6.499E-02  2.930E+02  3.483E+02
  0.000E+00  5.018E-01  1.013E+05  1.831E-08  6.499E-02  2.930E+02  3.483E+02
  0.000E+00  5.050E-01  1.013E+05  1.831E-08  6.499E-02  2.930E+02  3.483E+02
  6.203E-03  0.000E+00  1.019E+05  0.000E+00  6.500E-02  2.930E+02  2.930E+02
  6.203E-03  3.156E-03  1.019E+05 -2.697E-07  6.502E-02  2.932E+02  2.930E+02
  6.203E-03  9.469E-03  1.019E+05 -2.552E-07  6.500E-02  2.937E+02  2.930E+02
  6.203E-03  1.578E-02  1.019E+05 -2.025E-07  6.499E-02  2.943E+02  2.930E+02
  6.203E-03  2.209E-02  1.019E+05 -1.428E-07  6.499E-02  2.954E+02  2.930E+02
  6.203E-03  2.841E-02  1.019E+05 -1.179E-07  6.498E-02  2.972E+02  2.930E+02
  6.203E-03  3.472E-02  1.019E+05 -9.693E-08  6.499E-02  3.000E+02  2.930E+02
  6.203E-03  4.103E-02  1.019E+05 -8.353E-08  6.499E-02  3.044E+02  2.930E+02
  6.203E-03  4.734E-02  1.019E+05 -7.313E-08  6.498E-02  3.109E+02  2.930E+02
  6.203E-03  5.366E-02  1.018E+05 -6.475E-08  6.497E-02  3.204E+02  2.930E+02
  6.203E-03  5.997E-02  1.018E+05 -5.777E-08  6.498E-02  3.337E+02  2.930E+02
  6.203E-03  6.628E-02  1.018E+05 -5.190E-08  6.499E-02  3.518E+02  2.930E+02
  6.203E-03  7.259E-02  1.018E+05 -4.743E-08  6.499E-02  3.758E+02  2.930E+02
  6.203E-03  7.891E-02  1.018E+05 -4.323E-08  6.497E-02  4.065E+02  2.931E+02
  6.203E-03  8.522E-02  1.018E+05 -4.162E-08  6.490E-02  4.447E+02  2.956E+02
  6.203E-03  9.153E-02  1.018E+05 -3.755E-08  6.505E-02  4.909E+02  3.483E+02
  6.203E-03  9.784E-02  1.018E+05  6.860E-09  6.498E-02  4.447E+02  3.483E+02
  6.203E-03  1.042E-01  1.018E+05 -1.191E-07  6.498E-02  4.065E+02  3.483E+02
  6.203E-03  1.105E-01  1.018E+05  2.787E-07  6.498E-02  3.758E+02  3.483E+02
  6.203E-03  1.168E-01  1.018E+05  5.177E-07  6.498E-02  3.518E+02  3.483E+02
  6.203E-03  1.231E-01  1.018E+05  3.587E-07  6.498E-02  3.337E+02  3.483E+02
  6.203E-03  1.294E-01  1.018E+05  1.963E-07  6.498E-02  3.204E+02  3.483E+02
  6.203E-03  1.357E-01  1.018E+05  1.796E-07  6.498E-02  3.109E+02  3.483E+02
  6.203E-03  1.420E-01  1.017E+05  1.618E-07  6.498E-02  3.044E+02  3.483E+02
  6.203E-03  1.483E-01  1.017E+05  1.618E-07  6.497E-02  3.000E+02  3.483E+02
  6.203E-03  1.547E-01  1.017E+05  1.657E-07  6.497E-02  2.972E+02  3.483E+02
  6.203E-03  1.610E-01  1.017E+05  1.692E-07  6.497E-02  2.955E+02  3.483E+02
  6.203E-03  1.673E-01  1.017E+05  1.549E-07  6.498E-02  2.944E+02  3.483E+02
  6.203E-03  1.736E-01  1.017E+05  1.557E-07  6.498E-02  2.938E+02  3.483E+02
  6.203E-03  1.799E-01  1.017E+05 -2.891E-07  6.497E-02  2.934E+02  3.483E+02
  6.203E-03  1.862E-01  1.017E+05  1.474E-06  6.497E-02  2.932E+02  3.483E+02
  6.203E-03  1.925E-01  1.017E+05  2.232E-05  6.498E-02  2.931E+02  3.483E+02
  6.203E-03  1.988E-01  1.017E+05  1.380E-06  6.499E-02  2.931E+02  3.483E+02
  6.203E-03  2.052E-01  1.017E+05 -2.751E-07  6.498E-02  2.930E+02  3.483E+02
  6.203E-03  2.115E-01  1.017E+05 -1.958E-07  6.498E-02  2.930E+02  3.483E+02
  6.203E-03  2.178E-01  1.017E+05  2.166E-07  6.498E-02  2.930E+02  3.483E+02
  6.203E-03  2.241E-01  1.017E+05  5.308E-08  6.498E-02  2.930E+02  3.483E+02
  6.203E-03  2.304E-01  1.016E+05  2.742E-07  6.498E-02  2.930E+02  3.483E+02
  6.203E-03  2.367E-01  1.016E+05  2.700E-07  6.499E-02  2.930E+02  3.483E+02
  6.203E-03  2.430E-01  1.016E+05  2.694E-07  6.499E-02  2.930E+02  3.483E+02
  6.203E-03  2.493E-01  1.016E+05  2.963E-07  6.498E-02  2.930E+02  3.483E+02
  6.203E-03  2.557E-01  1.016E+05 -1.340E-07  6.498E-02  2.930E+02  3.483E+02
  6.203E-03  2.620E-01  1.016E+05  1.701E-06  6.498E-02  2.930E+02  3.483E+02
  6.203E-03  2.683E-01  1.016E+05  2.259E-05  6.499E-02  2.930E+02  3.483E+02
  6.203E-03  2.746E-01  1.016E+05  1.935E-06  6.500E-02  2.930E+02  3.483E+02
  6.203E-03  2.809E-01  1.016E+05  9.618E-08  6.500E-02  2.930E+02  3.483E+02
  6.203E-03  2.872E-01  1.016E+05  6.327E-07  6.499E-02  2.930E+02  3.483E+02
  6.203E-03  2.935E-01  1.016E+05  7.756E-07  6.499E-02  2.930E+02  3.483E+02
  6.203E-03  2.998E-01  1.016E+05  8.453E-07  6.499E-02  2.930E+02  3.483E+02
  6.203E-03  3.062E-01  1.016E+05  1.064E-06  6.499E-02  2.930E+02  3.483E+02
  6.203E-03  3.125E-01  1.015E+05  1.168E-06  6.499E-02  2.930E+02  3.483E+02
  6.203E-03  3.188E-01  1.015E+05  7.103E-07  6.500E-02  2.930E+02  3.483E+02
  6.203E-03  3.251E-01  1.015E+05  2.868E-06  6.499E-02  2.930E+02  3.483E+02
  6.203E-03  3.314E-01  1.015E+05  2.397E-05  6.499E-02  2.930E+02  3.483E+02
  6.203E-03  3.377E-01  1.015E+05  2.473E-06  6.500E-02  2.930E+02  3.483E+02
  6.203E-03  3.440E-01  1.015E+05  2.572E-07  6.500E-02  2.930E+02  3.483E+02
  6.203E-03  3.503E-01  1.015E+05  3.039E-06  6.499E-02  2.930E+02  3.483E+02
  6.203E-03  3.567E-01  1.015E+05  2.451E-05  6.499E-02  2.930E+02  3.483E+02
  6.203E-03  3.630E-01  1.015E+05  3.312E-06  6.500E-02  2.930E+02  3.483E+02
  6.203E-03  3.693E-01  1.015E+05  9.458E-07  6.501E-02  2.930E+02  3.483E+02
  6.203E-03  3.756E-01  1.015E+05  9.712E-07  6.501E-02  2.930E+02  3.483E+02
  6.203E-03  3.819E-01  1.015E+05  6.840E-07  6.500E-02  2.930E+02  3.483E+02
  6.203E-03  3.882E-01  1.015E+05  8.751E-07  6.499E-02  2.930E+02  3.483E+02
  6.203E-03  3.945E-01  1.015E+05  4.796E-07  6.499E-02  2.930E+02  3.483E+02
  6.203E-03  4.008E-01  1.014E+05  8.173E-07  6.500E-02  2.930E+02  3.483E+02
  6.203E-03  4.072E-01  1.014E+05  8.718E-07  6.501E-02  2.930E+02  3.483E+02
  6.203E-03  4.135E-01  1.014E+05  9.068E-07  6.500E-02  2.930E+02  3.483E+02
  6.203E-03  4.198E-01  1.014E+05  1.575E-06  6.499E-02  2.930E+02  3.483E+02
  6.203E-03  4.261E-01  1.014E+05  1.773E-06  6.499E-02  2.930E+02  3.483E+02
  6.203E-03  4.324E-01  1.014E+05  1.115E-06  6.500E-02  2.930E+02  3.483E+02
  6.203E-03  4.387E-01  1.014E+05  1.393E-06  6.501E-02  2.930E+02  3.483E+02
  6.203E-03  4.450E-01  1.014E+05  6.832E-07  6.501E-02  2.930E+02  3.483E+02
  6.203E-03  4.513E-01  1.014E+05  3.964E-07  6.500E-02  2.930E+02  3.483E+02
  6.203E-03  4.577E-01  1.014E+05  2.717E-07  6.499E-02  2.930E+02  3.483E+02
  6.203E-03  4.640E-01  1.014E+05  7.618E-09  6.499E-02  2.930E+02  3.483E+02
  6.203E-03  4.703E-01  1.014E+05  1.990E-07  6.500E-02  2.930E+02  3.483E+02
  6.203E-03  4.766E-01  1.014E+05  1.868E-07  6.501E-02  2.930E+02  3.483E+02
  6.203E-03  4.829E-01  1.014E+05  6.543E-07  6.500E-02  2.930E+02  3.483E+02
  6.203E-03  4.892E-01  1.013E+05 -1.136E-06  6.500E-02  2.930E+02  3.483E+02
  6.203E-03  4.955E-01  1.013E+05 -2.228E-05  6.499E-02  2.930E+02  3.483E+02
  6.203E-03  5.018E-01  1.013E+05  1.831E-08  6.499E-02  2.930E+02  3.483E+02
  6.203E-03  5.050E-01  1.013E+05  0.000E+00  6.499E-02  2.930E+02  3.483E+02
  1.861E-02  0.000E+00  1.019E+05  0.000E+00  6.500E-02  2.930E+02  2.930E+02
  1.861E-02  3.156E-03  1.019E+05 -8.327E-07  6.502E-02  2.932E+02  2.930E+02
  1.861E-02  9.469E-03  1.019E+05 -8.420E-07  6.500E-02  2.937E+02  2.930E+02
  1.861E-02  1.578E-02  1.019E+05 -5.924E-07  6.499E-02  2.943E+02  2.930E+02
  1.861E-02  2.209E-02  1.019E+05 -3.473E-07  6.499E-02  2.954E+02  2.930E+02
  1.861E-02  2.841E-02  1.019E+05 -2.951E-07  6.498E-02  2.972E+02  2.930E+02
  1.861E-02  3.472E-02  1.019E+05 -2.424E-07  6.499E-02  3.000E+02  2.930E+02
  1.861E-02  4.103E-02  1.019E+05 -2.126E-07  6.499E-02  3.044E+02  2.930E+02
  1.861E-02  4.734E-02  1.019E+05 -1.878E-07  6.498E-02  3.109E+02  2.930E+02
  1.861E-02  5.366E-02  1.018E+05 -1.657E-07  6.497E-02  3.204E+02  2.930E+02
  1.861E-02  5.997E-02  1.018E+05 -1.455E-07  6.498E-02  3.337E+02  2.930E+02
  1.861E-02  6.628E-02  1.018E+05 -1.264E-07  6.499E-02  3.518E+02  2.930E+02
  1.861E-02  7.259E-02  1.018E+05 -1.071E-07  6.499E-02  3.758E+02  2.930E+02
  1.861E-02  7.891E-02  1.018E+05 -8.038E-08  6.497E-02  4.065E+02  2.931E+02
  1.861E-02  8.522E-02  1.018E+05 -4.515E-08  6.490E-02  4.447E+02  2.956E+02
  1.861E-02  9.153E-02  1.018E+05  1.601E-08  6.505E-02  4.909E+02  3.483E+02
  1.861E-02  9.784E-02  1.018E+05  2.698E-07  6.498E-02  4.447E+02  3.483E+02
  1.861E-02  1.042E-01  1.018E+05  3.952E-07  6.498E-02  4.065E+02  3.483E+02
  1.861E-02  1.105E-01  1.018E+05  6.908E-07  6.498E-02  3.758E+02  3.483E+02
  1.861E-02  1.168E-01  1.018E+05  8.430E-07  6.498E-02  3.518E+02  3.483E+02
  1.861E-02  1.231E-01  1.018E+05  6.432E-07  6.498E-02  3.337E+02  3.483E+02
  1.861E-02  1.294E-01  1.018E+05  4.393E-07  6.498E-02  3.204E+02  3.483E+02
  1.861E-02  1.357E-01  1.018E+05  4.072E-07  6.498E-02  3.109E+02  3.483E+02
  1.861E-02  1.420E-01  1.017E+05  3.849E-07  6.498E-02  3.044E+02  3.483E+02
  1.861E-02  1.483E-01  1.017E+05  3.917E-07  6.497E-02  3.000E+02  3.483E+02
  1.861E-02  1.547E-01  1.017E+05  4.125E-07  6.497E-02  2.972E+02  3.483E+02
  1.861E-02  1.610E-01  1.017E+05  4.442E-07  6.497E-02  2.955E+02  3.483E+02
  1.861E-02  1.673E-01  1.017E+05  4.732E-07  6.498E-02  2.944E+02  3.483E+02
  1.861E-02  1.736E-01  1.017E+05  5.459E-07  6.498E-02  2.938E+02  3.483E+02
  1.861E-02  1.799E-01  1.017E+05  2.053E-07  6.498E-02  2.934E+02  3.483E+02
  1.861E-02  1.862E-01  1.017E+05  2.249E-06  6.498E-02  2.932E+02  3.483E+02
  1.861E-02  1.925E-01  1.017E+05  6.120E-06  6.498E-02  2.931E+02  3.483E+02
  1.861E-02  1.988E-01  1.017E+05  2.152E-06  6.498E-02  2.931E+02  3.483E+02
  1.861E-02  2.052E-01  1.017E+05  3.854E-07  6.498E-02  2.930E+02  3.483E+02
  1.861E-02  2.115E-01  1.017E+05  4.137E-07  6.498E-02  2.930E+02  3.483E+02
  1.861E-02  2.178E-01  1.017E+05  8.091E-07  6.498E-02  2.930E+02  3.483E+02
  1.861E-02  2.241E-01  1.017E+05  5.593E-07  6.498E-02  2.930E+02  3.483E+02
  1.861E-02  2.304E-01  1.016E+05  7.194E-07  6.498E-02  2.930E+02  3.483E+02
  1.861E-02  2.367E-01  1.016E+05  4.898E-07  6.499E-02  2.930E+02  3.483E+02
  1.861E-02  2.430E-01  1.016E+05  4.963E-07  6.499E-02  2.930E+02  3.483E+02
  1.861E-02  2.493E-01  1.016E+05  8.108E-07  6.498E-02  2.930E+02  3.483E+02
  1.861E-02  2.557E-01  1.016E+05  5.640E-07  6.499E-02  2.930E+02  3.483E+02
  1.861E-02  2.620E-01  1.016E+05  2.709E-06  6.499E-02  2.930E+02  3.483E+02
  1.861E-02  2.683E-01  1.016E+05  6.808E-06  6.499E-02  2.930E+02  3.483E+02
  1.861E-02  2.746E-01  1.016E+05  3.290E-06  6.499E-02  2.930E+02  3.483E+02
  1.861E-02  2.809E-01  1.016E+05  1.138E-06  6.499E-02  2.930E+02  3.483E+02
  1.861E-02  2.872E-01  1.016E+05  1.650E-06  6.499E-02  2.930E+02  3.483E+02
  1.861E-02  2.935E-01  1.016E+05  1.767E-06  6.499E-02  2.930E+02  3.483E+02
  1.861E-02  2.998E-01  1.016E+05  1.871E-06  6.500E-02  2.930E+02  3.483E+02
  1.861E-02  3.062E-01  1.016E+05  2.612E-06  6.499E-02  2.930E+02  3.483E+02
  1.861E-02  3.125E-01  1.015E+05  2.891E-06  6.499E-02  2.930E+02  3.483E+02
  1.861E-02  3.188E-01  1.015E+05  2.237E-06  6.500E-02  2.930E+02  3.483E+02
  1.861E-02  3.251E-01  1.015E+05  4.566E-06  6.500E-02  2.930E+02  3.483E+02
  1.861E-02  3.314E-01  1.015E+05  8.778E-06  6.499E-02  2.930E+02  3.483E+02
  1.861E-02  3.377E-01  1.015E+05  4.749E-06  6.499E-02  2.930E+02  3.483E+02
  1.861E-02  3.440E-01  1.015E+05  2.049E-06  6.500E-02  2.930E+02  3.483E+02
  1.861E-02  3.503E-01  1.015E+05  4.188E-06  6.500E-02  2.930E+02  3.483E+02
  1.861E-02  3.567E-01  1.015E+05  1.040E-05  6.499E-02  2.930E+02  3.483E+02
  1.861E-02  3.630E-01  1.015E+05  9.173E-06  6.499E-02  2.930E+02  3.483E+02
  1.861E-02  3.693E-01  1.015E+05  3.212E-06  6.500E-02  2.930E+02  3.483E+02
  1.861E-02  3.756E-01  1.015E+05  1.638E-06  6.500E-02  2.930E+02  3.483E+02
  1.861E-02  3.819E-01  1.015E+05  1.973E-06  6.500E-02  2.930E+02  3.483E+02
  1.861E-02  3.882E-01  1.015E+05  2.669E-06  6.499E-02  2.930E+02  3.483E+02
  1.861E-02  3.945E-01  1.015E+05  2.422E-06  6.499E-02  2.930E+02  3.483E+02
  1.861E-02  4.008E-01  1.014E+05  2.151E-06  6.500E-02  2.930E+02  3.483E+02
  1.861E-02  4.072E-01  1.014E+05  1.840E-06  6.501E-02  2.930E+02  3.483E+02
  1.861E-02  4.135E-01  1.014E+05  1.350E-06  6.500E-02  2.930E+02  3.483E+02
  1.861E-02  4.198E-01  1.014E+05  3.513E-06  6.499E-02  2.930E+02  3.483E+02
  1.861E-02  4.261E-01  1.014E+05  7.037E-06  6.499E-02  2.930E+02  3.483E+02
  1.861E-02  4.324E-01  1.014E+05  3.164E-06  6.500E-02  2.930E+02  3.483E+02
  1.861E-02  4.387E-01  1.014E+05  1.407E-06  6.501E-02  2.930E+02  3.483E+02
  1.861E-02  4.450E-01  1.014E+05  1.123E-06  6.501E-02  2.930E+02  3.483E+02
  1.861E-02  4.513E-01  1.014E+05  8.206E-07  6.500E-02  2.930E+02  3.483E+02
  1.861E-02  4.577E-01  1.014E+05  8.703E-07  6.499E-02  2.930E+02  3.483E+02
  1.861E-02  4.640E-01  1.014E+05  7.531E-07  6.499E-02  2.930E+02  3.483E+02
  1.861E-02  4.703E-01  1.014E+05  7.151E-07  6.500E-02  2.930E+02  3.483E+02
  1.861E-02  4.766E-01  1.014E+05  4.250E-07  6.501E-02  2.930E+02  3.483E+02
  1.861E-02  4.829E-01  1.014E+05  7.679E-07  6.500E-02  2.930E+02  3.483E+02
  1.861E-02  4.892E-01  1.013E+05 -1.260E-06  6.499E-02  2.930E+02  3.483E+02
  1.861E-02  4.955E-01  1.013E+05 -5.184E-06  6.499E-02  2.930E+02  3.483E+02
  1.861E-02  5.018E-01  1.013E+05  6.476E-09  6.500E-02  2.930E+02  3.483E+02
  1.861E-02  5.050E-01  1.013E+05  0.000E+00  6.500E-02  2.930E+02  3.483E+02
  3.102E-02  0.000E+00  1.019E+05  0.000E+00  6.500E-02  2.930E+02  2.930E+02
  3.102E-02  3.156E-03  1.019E+05 -9.200E-07  6.502E-02  2.932E+02  2.930E+02
  3.102E-02  9.469E-03  1.019E+05 -9.129E-07  6.500E-02  2.937E+02  2.930E+02
  3.102E-02  1.578E-02  1.019E+05 -6.672E-07  6.500E-02  2.943E+02  2.930E+02
  3.102E-02  2.209E-02  1.019E+05 -2.358E-07  6.499E-02  2.954E+02  2.930E+02
  3.102E-02  2.841E-02  1.019E+05 -3.665E-07  6.498E-02  2.972E+02  2.930E+02
  3.102E-02  3.472E-02  1.019E+05 -3.082E-07  6.499E-02  3.000E+02  2.930E+02
  3.102E-02  4.103E-02  1.019E+05 -2.931E-07  6.499E-02  3.044E+02  2.930E+02
  3.102E-02  4.734E-02  1.019E+05 -2.716E-07  6.498E-02  3.109E+02  2.930E+02
  3.102E-02  5.366E-02  1.018E+05 -2.471E-07  6.497E-02  3.204E+02  2.930E+02
  3.102E-02  5.997E-02  1.018E+05 -2.295E-07  6.498E-02  3.337E+02  2.930E+02
  3.102E-02  6.628E-02  1.018E+05 -2.235E-07  6.499E-02  3.518E+02  2.930E+02
  3.102E-02  7.259E-02  1.018E+05 -2.447E-07  6.499E-02  3.758E+02  2.930E+02
  3.102E-02  7.891E-02  1.018E+05 -2.845E-07  6.497E-02  4.065E+02  2.931E+02
  3.102E-02  8.522E-02  1.018E+05 -4.661E-07  6.490E-02  4.447E+02  2.956E+02
  3.102E-02  9.153E-02  1.018E+05 -8.959E-07  6.505E-02  4.909E+02  3.483E+02
  3.102E-02  9.784E-02  1.018E+05  1.186E-06  6.498E-02  4.447E+02  3.483E+02
  3.102E-02  1.042E-01  1.018E+05  4.541E-06  6.498E-02  4.065E+02  3.483E+02
  3.102E-02  1.105E-01  1.018E+05  1.497E-06  6.498E-02  3.758E+02  3.483E+02
  3.102E-02  1.168E-01  1.018E+05 -2.109E-07  6.498E-02  3.518E+02  3.483E+02
  3.102E-02  1.231E-01  1.018E+05  3.048E-07  6.498E-02  3.337E+02  3.483E+02
  3.102E-02  1.294E-01  1.018E+05  3.254E-07  6.498E-02  3.204E+02  3.483E+02
  3.102E-02  1.357E-01  1.018E+05  3.802E-07  6.498E-02  3.109E+02  3.483E+02
  3.102E-02  1.420E-01  1.017E+05  4.134E-07  6.498E-02  3.044E+02  3.483E+02
  3.102E-02  1.483E-01  1.017E+05  4.508E-07  6.497E-02  3.000E+02  3.483E+02
  3.102E-02  1.547E-01  1.017E+05  4.973E-07  6.497E-02  2.972E+02  3.483E+02
  3.102E-02  1.610E-01  1.017E+05  5.608E-07  6.497E-02  2.955E+02  3.483E+02
  3.102E-02  1.673E-01  1.017E+05  6.469E-07  6.498E-02  2.944E+02  3.483E+02
  3.102E-02  1.736E-01  1.017E+05  7.905E-07  6.498E-02  2.938E+02  3.483E+02
  3.102E-02  1.799E-01  1.017E+05  9.515E-07  6.498E-02  2.934E+02  3.483E+02
  3.102E-02  1.862E-01  1.017E+05  1.244E-06  6.498E-02  2.932E+02  3.483E+02
  3.102E-02  1.925E-01  1.017E+05  1.598E-06  6.498E-02  2.931E+02  3.483E+02
  3.102E-02  1.988E-01  1.017E+05  1.175E-06  6.498E-02  2.931E+02  3.483E+02
  3.102E-02  2.052E-01  1.017E+05  1.168E-06  6.498E-02  2.930E+02  3.483E+02
  3.102E-02  2.115E-01  1.017E+05  1.299E-06  6.498E-02  2.930E+02  3.483E+02
  3.102E-02  2.178E-01  1.017E+05  1.559E-06  6.498E-02  2.930E+02  3.483E+02
  3.102E-02  2.241E-01  1.017E+05  1.346E-06  6.498E-02  2.930E+02  3.483E+02
  3.102E-02  2.304E-01  1.016E+05  1.274E-06  6.498E-02  2.930E+02  3.483E+02
  3.102E-02  2.367E-01  1.016E+05  1.217E-06  6.499E-02  2.930E+02  3.483E+02
  3.102E-02  2.430E-01  1.016E+05  1.061E-06  6.499E-02  2.930E+02  3.483E+02
  3.102E-02  2.493E-01  1.016E+05  1.372E-06  6.498E-02  2.930E+02  3.483E+02
  3.102E-02  2.557E-01  1.016E+05  1.675E-06  6.499E-02  2.930E+02  3.483E+02
  3.102E-02  2.620E-01  1.016E+05  1.735E-06  6.499E-02  2.930E+02  3.483E+02
  3.102E-02  2.683E-01  1.016E+05  2.527E-06  6.499E-02  2.930E+02  3.483E+02
  3.102E-02  2.746E-01  1.016E+05  2.193E-06  6.499E-02  2.930E+02  3.483E+02
  3.102E-02  2.809E-01  1.016E+05  1.792E-06  6.499E-02  2.930E+02  3.483E+02
  3.102E-02  2.872E-01  1.016E+05  2.295E-06  6.499E-02  2.930E+02  3.483E+02
  3.102E-02  2.935E-01  1.016E+05  2.338E-06  6.499E-02  2.930E+02  3.483E+02
  3.102E-02  2.998E-01  1.016E+05  1.565E-06  6.500E-02  2.930E+02  3.483E+02
  3.102E-02  3.062E-01  1.016E+05  3.638E-06  6.499E-02  2.930E+02  3.483E+02
  3.102E-02  3.125E-01  1.015E+05  6.836E-06  6.499E-02  2.930E+02  3.483E+02
  3.102E-02  3.188E-01  1.015E+05  3.381E-06  6.500E-02  2.930E+02  3.483E+02
  3.102E-02  3.251E-01  1.015E+05  1.495E-06  6.500E-02  2.930E+02  3.483E+02
  3.102E-02  3.314E-01  1.015E+05  4.495E-06  6.499E-02  2.930E+02  3.483E+02
  3.102E-02  3.377E-01  1.015E+05  7.774E-06  6.499E-02  2.930E+02  3.483E+02
  3.102E-02  3.440E-01  1.015E+05  3.855E-06  6.500E-02  2.930E+02  3.483E+02
  3.102E-02  3.503E-01  1.015E+05  1.788E-06  6.500E-02  2.930E+02  3.483E+02
  3.102E-02  3.567E-01  1.015E+05  4.587E-06  6.500E-02  2.930E+02  3.483E+02
  3.102E-02  3.630E-01  1.015E+05  8.150E-06  6.499E-02  2.930E+02  3.483E+02
  3.102E-02  3.693E-01  1.015E+05  4.032E-06  6.499E-02  2.930E+02  3.483E+02
  3.102E-02  3.756E-01  1.015E+05  2.011E-06  6.500E-02  2.930E+02  3.483E+02
  3.102E-02  3.819E-01  1.015E+05  1.975E-06  6.500E-02  2.930E+02  3.483E+02
  3.102E-02  3.882E-01  1.015E+05  3.986E-06  6.499E-02  2.930E+02  3.483E+02
  3.102E-02  3.945E-01  1.015E+05  7.283E-06  6.499E-02  2.930E+02  3.483E+02
  3.102E-02  4.008E-01  1.014E+05  3.293E-06  6.500E-02  2.930E+02  3.483E+02
  3.102E-02  4.072E-01  1.014E+05  1.389E-06  6.500E-02  2.930E+02  3.483E+02
  3.102E-02  4.135E-01  1.014E+05  1.345E-06  6.500E-02  2.930E+02  3.483E+02
  3.102E-02  4.198E-01  1.014E+05  2.601E-06  6.500E-02  2.930E+02  3.483E+02
  3.102E-02  4.261E-01  1.014E+05  7.870E-06  6.499E-02  2.930E+02  3.483E+02
  3.102E-02  4.324E-01  1.014E+05  7.640E-06  6.499E-02  2.930E+02  3.483E+02
  3.102E-02  4.387E-01  1.014E+05  1.929E-06  6.500E-02  2.930E+02  3.483E+02
  3.102E-02  4.450E-01  1.014E+05  3.866E-07  6.501E-02  2.930E+02  3.483E+02
  3.102E-02  4.513E-01  1.014E+05  2.186E-07  6.500E-02  2.930E+02  3.483E+02
  3.102E-02  4.577E-01  1.014E+05  2.162E-06  6.499E-02  2.930E+02  3.483E+02
  3.102E-02  4.640E-01  1.014E+05  5.370E-06  6.499E-02  2.930E+02  3.483E+02
  3.102E-02  4.703E-01  1.014E+05  2.113E-06  6.500E-02  2.930E+02  3.483E+02
  3.102E-02  4.766E-01  1.014E+05 -1.185E-07  6.501E-02  2.930E+02  3.483E+02
  3.102E-02  4.829E-01  1.014E+05  1.749E-07  6.500E-02  2.930E+02  3.483E+02
  3.102E-02  4.892E-01  1.013E+05 -7.962E-08  6.499E-02  2.930E+02  3.483E+02
  3.102E-02  4.955E-01  1.013E+05 -1.278E-07  6.499E-02  2.930E+02  3.483E+02
  3.102E-02  5.018E-01  1.013E+05 -2.288E-08  6.500E-02  2.930E+02  3.483E+02
  3.102E-02  5.050E-01  1.013E+05  0.000E+00  6.500E-02  2.930E+02  3.483E+02
  4.342E-02  0.000E+00  1.019E+05  0.000E+00  6.500E-02  2.930E+02  2.930E+02
  4.342E-02  3.156E-03  1.019E+05 -6.575E-07  6.502E-02  2.932E+02  2.930E+02
  4.342E-02  9.469E-03  1.019E+05 -6.130E-07  6.500E-02  2.937E+02  2.930E+02
  4.342E-02  1.578E-02  1.019E+05 -5.608E-07  6.500E-02  2.943E+02  2.930E+02
  4.342E-02  2.209E-02  1.019E+05 -2.943E-07  6.499E-02  2.954E+02  2.930E+02
  4.342E-02  2.841E-02  1.019E+05 -4.374E-07  6.498E-02  2.972E+02  2.930E+02
  4.342E-02  3.472E-02  1.019E+05 -3.829E-07  6.499E-02  3.000E+02  2.930E+02
  4.342E-02  4.103E-02  1.019E+05 -3.562E-07  6.499E-02  3.044E+02  2.930E+02
  4.342E-02  4.734E-02  1.019E+05 -3.274E-07  6.498E-02  3.109E+02  2.930E+02
  4.342E-02  5.366E-02  1.018E+05 -2.929E-07  6.497E-02  3.204E+02  2.930E+02
  4.342E-02  5.997E-02  1.018E+05 -2.637E-07  6.498E-02  3.337E+02  2.930E+02
  4.342E-02  6.628E-02  1.018E+05 -2.537E-07  6.499E-02  3.518E+02  2.930E+02
  4.342E-02  7.259E-02  1.018E+05 -2.598E-07  6.499E-02  3.758E+02  2.930E+02
  4.342E-02  7.891E-02  1.018E+05 -2.807E-07  6.497E-02  4.065E+02  2.931E+02
  4.342E-02  8.522E-02  1.018E+05 -3.268E-07  6.490E-02  4.447E+02  2.956E+02
  4.342E-02  9.153E-02  1.018E+05 -5.799E-07  6.505E-02  4.909E+02  3.483E+02
  4.342E-02  9.784E-02  1.018E+05  1.102E-06  6.499E-02  4.447E+02  3.483E+02
  4.342E-02  1.042E-01  1.018E+05  4.449E-06  6.498E-02  4.065E+02  3.483E+02
  4.342E-02  1.105E-01  1.018E+05  1.334E-06  6.497E-02  3.758E+02  3.483E+02
  4.342E-02  1.168E-01  1.018E+05 -4.166E-07  6.497E-02  3.518E+02  3.483E+02
  4.342E-02  1.231E-01  1.018E+05  1.401E-07  6.498E-02  3.337E+02  3.483E+02
  4.342E-02  1.294E-01  1.018E+05  2.116E-07  6.498E-02  3.204E+02  3.483E+02
  4.342E-02  1.357E-01  1.018E+05  3.063E-07  6.498E-02  3.109E+02  3.483E+02
  4.342E-02  1.420E-01  1.017E+05  3.690E-07  6.498E-02  3.044E+02  3.483E+02
  4.342E-02  1.483E-01  1.017E+05  4.261E-07  6.497E-02  3.000E+02  3.483E+02
  4.342E-02  1.547E-01  1.017E+05  4.852E-07  6.497E-02  2.972E+02  3.483E+02
  4.342E-02  1.610E-01  1.017E+05  5.633E-07  6.497E-02  2.955E+02  3.483E+02
  4.342E-02  1.673E-01  1.017E+05  6.655E-07  6.498E-02  2.944E+02  3.483E+02
  4.342E-02  1.736E-01  1.017E+05  9.521E-07  6.498E-02  2.938E+02  3.483E+02
  4.342E-02  1.799E-01  1.017E+05  1.270E-06  6.498E-02  2.934E+02  3.483E+02
  4.342E-02  1.862E-01  1.017E+05  1.302E-06  6.498E-02  2.932E+02  3.483E+02
  4.342E-02  1.925E-01  1.017E+05  1.261E-06  6.498E-02  2.931E+02  3.483E+02
  4.342E-02  1.988E-01  1.017E+05  1.101E-06  6.498E-02  2.931E+02  3.483E+02
  4.342E-02  2.052E-01  1.017E+05  1.209E-06  6.498E-02  2.930E+02  3.483E+02
  4.342E-02  2.115E-01  1.017E+05  1.377E-06  6.498E-02  2.930E+02  3.483E+02
  4.342E-02  2.178E-01  1.017E+05  1.734E-06  6.498E-02  2.930E+02  3.483E+02
  4.342E-02  2.241E-01  1.017E+05  1.189E-06  6.498E-02  2.930E+02  3.483E+02
  4.342E-02  2.304E-01  1.016E+05  2.597E-06  6.498E-02  2.930E+02  3.483E+02
  4.342E-02  2.367E-01  1.016E+05  5.683E-06  6.499E-02  2.930E+02  3.483E+02
  4.342E-02  2.430E-01  1.016E+05  2.675E-06  6.499E-02  2.930E+02  3.483E+02
  4.342E-02  2.493E-01  1.016E+05  1.240E-06  6.499E-02  2.930E+02  3.483E+02
  4.342E-02  2.557E-01  1.016E+05  1.547E-06  6.499E-02  2.930E+02  3.483E+02
  4.342E-02  2.620E-01  1.016E+05  1.415E-06  6.499E-02  2.930E+02  3.483E+02
  4.342E-02  2.683E-01  1.016E+05  1.738E-06  6.499E-02  2.930E+02  3.483E+02
  4.342E-02  2.746E-01  1.016E+05  1.802E-06  6.499E-02  2.930E+02  3.483E+02
  4.342E-02  2.809E-01  1.016E+05  1.095E-06  6.500E-02  2.930E+02  3.483E+02
  4.342E-02  2.872E-01  1.016E+05  3.183E-06  6.499E-02  2.930E+02  3.483E+02
  4.342E-02  2.935E-01  1.016E+05  6.290E-06  6.499E-02  2.930E+02  3.483E+02
  4.342E-02  2.998E-01  1.016E+05  2.272E-06  6.500E-02  2.930E+02  3.483E+02
  4.342E-02  3.062E-01  1.016E+05  2.364E-06  6.500E-02  2.930E+02  3.483E+02
  4.342E-02  3.125E-01  1.015E+05  6.548E-06  6.499E-02  2.930E+02  3.483E+02
  4.342E-02  3.188E-01  1.015E+05  3.223E-06  6.499E-02  2.930E+02  3.483E+02
  4.342E-02  3.251E-01  1.015E+05  1.142E-06  6.500E-02  2.930E+02  3.483E+02
  4.342E-02  3.314E-01  1.015E+05  3.500E-06  6.500E-02  2.930E+02  3.483E+02
  4.342E-02  3.377E-01  1.015E+05  7.089E-06  6.499E-02  2.930E+02  3.483E+02
  4.342E-02  3.440E-01  1.015E+05  3.298E-06  6.499E-02  2.930E+02  3.483E+02
  4.342E-02  3.503E-01  1.015E+05  1.814E-06  6.500E-02  2.930E+02  3.483E+02
  4.342E-02  3.567E-01  1.015E+05  1.898E-06  6.500E-02  2.930E+02  3.483E+02
  4.342E-02  3.630E-01  1.015E+05  4.362E-06  6.499E-02  2.930E+02  3.483E+02
  4.342E-02  3.693E-01  1.015E+05  7.476E-06  6.499E-02  2.930E+02  3.483E+02
  4.342E-02  3.756E-01  1.015E+05  3.598E-06  6.500E-02  2.930E+02  3.483E+02
  4.342E-02  3.819E-01  1.015E+05  1.367E-06  6.500E-02  2.930E+02  3.483E+02
  4.342E-02  3.882E-01  1.015E+05  3.706E-06  6.500E-02  2.930E+02  3.483E+02
  4.342E-02  3.945E-01  1.015E+05  7.395E-06  6.499E-02  2.930E+02  3.483E+02
  4.342E-02  4.008E-01  1.014E+05  4.037E-06  6.499E-02  2.930E+02  3.483E+02
  4.342E-02  4.072E-01  1.014E+05  1.934E-06  6.500E-02  2.930E+02  3.483E+02
  4.342E-02  4.135E-01  1.014E+05  2.052E-06  6.501E-02  2.930E+02  3.483E+02
  4.342E-02  4.198E-01  1.014E+05  1.760E-06  6.501E-02  2.930E+02  3.483E+02
  4.342E-02  4.261E-01  1.014E+05  3.764E-06  6.500E-02  2.930E+02  3.483E+02
  4.342E-02  4.324E-01  1.014E+05  7.053E-06  6.499E-02  2.930E+02  3.483E+02
  4.342E-02  4.387E-01  1.014E+05  2.937E-06  6.499E-02  2.930E+02  3.483E+02
  4.342E-02  4.450E-01  1.014E+05  8.096E-07  6.500E-02  2.930E+02  3.483E+02
  4.342E-02  4.513E-01  1.014E+05  4.915E-07  6.501E-02  2.930E+02  3.483E+02
  4.342E-02  4.577E-01  1.014E+05  2.461E-06  6.500E-02  2.930E+02  3.483E+02
  4.342E-02  4.640E-01  1.014E+05  5.654E-06  6.499E-02  2.930E+02  3.483E+02
  4.342E-02  4.703E-01  1.014E+05  2.373E-06  6.499E-02  2.930E+02  3.483E+02
  4.342E-02  4.766E-01  1.014E+05 -1.945E-08  6.500E-02  2.930E+02  3.483E+02
  4.342E-02  4.829E-01  1.014E+05  2.745E-07  6.500E-02  2.930E+02  3.483E+02
  4.342E-02  4.892E-01  1.013E+05  1.676E-07  6.499E-02  2.930E+02  3.483E+02
  4.342E-02  4.955E-01  1.013E+05  3.073E-07  6.499E-02  2.930E+02  3.483E+02
  4.342E-02  5.018E-01  1.013E+05  1.182E-07  6.500E-02  2.930E+02  3.483E+02
  4.342E-02  5.050E-01  1.013E+05  0.000E+00  6.500E-02  2.930E+02  3.483E+02
  5.583E-02  0.000E+00  1.019E+05  0.000E+00  6.500E-02  2.930E+02  2.930E+02
  5.583E-02  3.156E-03  1.019E+05 -6.217E-07  6.502E-02  2.932E+02  2.930E+02
  5.583E-02  9.469E-03  1.019E+05 -6.081E-07  6.500E-02  2.937E+02  2.930E+02
  5.583E-02  1.578E-02  1.019E+05 -5.848E-07  6.500E-02  2.943E+02  2.930E+02
  5.583E-02  2.209E-02  1.019E+05 -5.464E-07  6.499E-02  2.954E+02  2.930E+02
  5.583E-02  2.841E-02  1.019E+05 -5.010E-07  6.498E-02  2.972E+02  2.930E+02
  5.583E-02  3.472E-02  1.019E+05 -4.547E-07  6.499E-02  3.000E+02  2.930E+02
  5.583E-02  4.103E-02  1.019E+05 -3.955E-07  6.499E-02  3.044E+02  2.930E+02
  5.583E-02  4.734E-02  1.019E+05 -3.616E-07  6.498E-02  3.109E+02  2.930E+02
  5.583E-02  5.366E-02  1.018E+05 -3.212E-07  6.497E-02  3.204E+02  2.930E+02
  5.583E-02  5.997E-02  1.018E+05 -2.906E-07  6.498E-02  3.337E+02  2.930E+02
  5.583E-02  6.628E-02  1.018E+05 -3.013E-07  6.499E-02  3.518E+02  2.930E+02
  5.583E-02  7.259E-02  1.018E+05 -2.914E-07  6.499E-02  3.758E+02  2.930E+02
  5.583E-02  7.891E-02  1.018E+05 -7.555E-07  6.497E-02  4.065E+02  2.931E+02
  5.583E-02  8.522E-02  1.018E+05  1.074E-06  6.490E-02  4.447E+02  2.956E+02
  5.583E-02  9.153E-02  1.018E+05  4.347E-06  6.505E-02  4.909E+02  3.483E+02
  5.583E-02  9.784E-02  1.018E+05  1.160E-06  6.499E-02  4.447E+02  3.483E+02
  5.583E-02  1.042E-01  1.018E+05 -4.144E-07  6.498E-02  4.065E+02  3.483E+02
  5.583E-02  1.105E-01  1.018E+05  1.412E-07  6.497E-02  3.758E+02  3.483E+02
  5.583E-02  1.168E-01  1.018E+05  7.951E-08  6.497E-02  3.518E+02  3.483E+02
  5.583E-02  1.231E-01  1.018E+05  1.712E-07  6.498E-02  3.337E+02  3.483E+02
  5.583E-02  1.294E-01  1.018E+05  2.251E-07  6.498E-02  3.204E+02  3.483E+02
  5.583E-02  1.357E-01  1.018E+05  2.819E-07  6.498E-02  3.109E+02  3.483E+02
  5.583E-02  1.420E-01  1.017E+05  3.301E-07  6.498E-02  3.044E+02  3.483E+02
  5.583E-02  1.483E-01  1.017E+05  3.733E-07  6.497E-02  3.000E+02  3.483E+02
  5.583E-02  1.547E-01  1.017E+05  4.102E-07  6.497E-02  2.972E+02  3.483E+02
  5.583E-02  1.610E-01  1.017E+05  4.610E-07  6.497E-02  2.955E+02  3.483E+02
  5.583E-02  1.673E-01  1.017E+05  3.930E-07  6.498E-02  2.944E+02  3.483E+02
  5.583E-02  1.736E-01  1.017E+05  8.531E-07  6.498E-02  2.938E+02  3.483E+02
  5.583E-02  1.799E-01  1.017E+05  1.200E-06  6.498E-02  2.934E+02  3.483E+02
  5.583E-02  1.862E-01  1.017E+05  1.121E-06  6.498E-02  2.932E+02  3.483E+02
  5.583E-02  1.925E-01  1.017E+05  1.452E-06  6.498E-02  2.931E+02  3.483E+02
  5.583E-02  1.988E-01  1.017E+05  1.494E-06  6.498E-02  2.931E+02  3.483E+02
  5.583E-02  2.052E-01  1.017E+05  1.784E-06  6.498E-02  2.930E+02  3.483E+02
  5.583E-02  2.115E-01  1.017E+05  1.798E-06  6.498E-02  2.930E+02  3.483E+02
  5.583E-02  2.178E-01  1.017E+05  1.569E-06  6.498E-02  2.930E+02  3.483E+02
  5.583E-02  2.241E-01  1.017E+05  1.006E-06  6.498E-02  2.930E+02  3.483E+02
  5.583E-02  2.304E-01  1.016E+05  2.519E-06  6.499E-02  2.930E+02  3.483E+02
  5.583E-02  2.367E-01  1.016E+05  5.613E-06  6.498E-02  2.930E+02  3.483E+02
  5.583E-02  2.430E-01  1.016E+05  2.441E-06  6.498E-02  2.930E+02  3.483E+02
  5.583E-02  2.493E-01  1.016E+05  1.161E-06  6.498E-02  2.930E+02  3.483E+02
  5.583E-02  2.557E-01  1.016E+05  1.459E-06  6.499E-02  2.930E+02  3.483E+02
  5.583E-02  2.620E-01  1.016E+05  8.526E-07  6.499E-02  2.930E+02  3.483E+02
  5.583E-02  2.683E-01  1.016E+05  2.527E-06  6.499E-02  2.930E+02  3.483E+02
  5.583E-02  2.746E-01  1.016E+05  5.744E-06  6.499E-02  2.930E+02  3.483E+02
  5.583E-02  2.809E-01  1.016E+05  1.884E-06  6.500E-02  2.930E+02  3.483E+02
  5.583E-02  2.872E-01  1.016E+05  2.198E-06  6.500E-02  2.930E+02  3.483E+02
  5.583E-02  2.935E-01  1.016E+05  6.063E-06  6.499E-02  2.930E+02  3.483E+02
  5.583E-02  2.998E-01  1.016E+05  2.819E-06  6.499E-02  2.930E+02  3.483E+02
  5.583E-02  3.062E-01  1.016E+05  1.487E-06  6.500E-02  2.930E+02  3.483E+02
  5.583E-02  3.125E-01  1.015E+05  2.867E-06  6.499E-02  2.930E+02  3.483E+02
  5.583E-02  3.188E-01  1.015E+05  3.059E-06  6.499E-02  2.930E+02  3.483E+02
  5.583E-02  3.251E-01  1.015E+05  2.708E-06  6.500E-02  2.930E+02  3.483E+02
  5.583E-02  3.314E-01  1.015E+05  2.694E-06  6.500E-02  2.930E+02  3.483E+02
  5.583E-02  3.377E-01  1.015E+05  3.449E-06  6.499E-02  2.930E+02  3.483E+02
  5.583E-02  3.440E-01  1.015E+05  3.418E-06  6.499E-02  2.930E+02  3.483E+02
  5.583E-02  3.503E-01  1.015E+05  2.634E-06  6.500E-02  2.930E+02  3.483E+02
  5.583E-02  3.567E-01  1.015E+05  2.034E-06  6.500E-02  2.930E+02  3.483E+02
  5.583E-02  3.630E-01  1.015E+05  3.890E-06  6.500E-02  2.930E+02  3.483E+02
  5.583E-02  3.693E-01  1.015E+05  7.911E-06  6.499E-02  2.930E+02  3.483E+02
  5.583E-02  3.756E-01  1.015E+05  4.181E-06  6.499E-02  2.930E+02  3.483E+02
  5.583E-02  3.819E-01  1.015E+05  2.102E-06  6.500E-02  2.930E+02  3.483E+02
  5.583E-02  3.882E-01  1.015E+05  2.261E-06  6.500E-02  2.930E+02  3.483E+02
  5.583E-02  3.945E-01  1.015E+05  4.441E-06  6.499E-02  2.930E+02  3.483E+02
  5.583E-02  4.008E-01  1.014E+05  7.572E-06  6.499E-02  2.930E+02  3.483E+02
  5.583E-02  4.072E-01  1.014E+05  3.657E-06  6.500E-02  2.930E+02  3.483E+02
  5.583E-02  4.135E-01  1.014E+05  1.639E-06  6.500E-02  2.930E+02  3.483E+02
  5.583E-02  4.198E-01  1.014E+05  2.091E-06  6.501E-02  2.930E+02  3.483E+02
  5.583E-02  4.261E-01  1.014E+05  2.133E-06  6.500E-02  2.930E+02  3.483E+02
  5.583E-02  4.324E-01  1.014E+05  2.570E-06  6.499E-02  2.930E+02  3.483E+02
  5.583E-02  4.387E-01  1.014E+05  2.478E-06  6.499E-02  2.930E+02  3.483E+02
  5.583E-02  4.450E-01  1.014E+05  2.043E-06  6.500E-02  2.930E+02  3.483E+02
  5.583E-02  4.513E-01  1.014E+05  1.426E-06  6.501E-02  2.930E+02  3.483E+02
  5.583E-02  4.577E-01  1.014E+05  1.517E-06  6.500E-02  2.930E+02  3.483E+02
  5.583E-02  4.640E-01  1.014E+05  1.337E-06  6.499E-02  2.930E+02  3.483E+02
  5.583E-02  4.703E-01  1.014E+05  1.160E-06  6.499E-02  2.930E+02  3.483E+02
  5.583E-02  4.766E-01  1.014E+05  5.960E-07  6.500E-02  2.930E+02  3.483E+02
  5.583E-02  4.829E-01  1.014E+05  3.691E-07  6.500E-02  2.930E+02  3.483E+02
  5.583E-02  4.892E-01  1.013E+05  1.907E-07  6.499E-02  2.930E+02  3.483E+02
  5.583E-02  4.955E-01  1.013E+05 -1.093E-07  6.499E-02  2.930E+02  3.482E+02
  5.583E-02  5.018E-01  1.013E+05  4.075E-09  6.500E-02  2.930E+02  3.482E+02
  5.583E-02  5.050E-01  1.013E+05  0.000E+00  6.500E-02  2.930E+02  3.482E+02
  6.824E-02  0.000E+00  1.019E+05  0.000E+00  6.500E-02  2.930E+02  2.930E+02
  6.824E-02  3.156E-03  1.019E+05 -7.031E-07  6.502E-02  2.932E+02  2.930E+02
  6.824E-02  9.469E-03  1.019E+05 -7.542E-07  6.500E-02  2.937E+02  2.930E+02
  6.824E-02  1.578E-02  1.019E+05 -7.417E-07  6.500E-02  2.943E+02  2.930E+02
  6.824E-02  2.209E-02  1.019E+05 -6.716E-07  6.499E-02  2.954E+02  2.930E+02
  6.824E-02  2.841E-02  1.019E+05 -5.485E-07  6.498E-02  2.972E+02  2.930E+02
  6.824E-02  3.472E-02  1.019E+05 -4.882E-07  6.499E-02  3.000E+02  2.930E+02
  6.824E-02  4.103E-02  1.019E+05 -2.281E-07  6.499E-02  3.044E+02  2.930E+02
  6.824E-02  4.734E-02  1.019E+05 -3.702E-07  6.498E-02  3.109E+02  2.930E+02
  6.824E-02  5.366E-02  1.018E+05 -3.228E-07  6.497E-02  3.204E+02  2.930E+02
  6.824E-02  5.997E-02  1.018E+05 -2.953E-07  6.498E-02  3.337E+02  2.930E+02
  6.824E-02  6.628E-02  1.018E+05 -2.980E-07  6.499E-02  3.518E+02  2.930E+02
  6.824E-02  7.259E-02  1.018E+05 -2.737E-07  6.499E-02  3.758E+02  2.930E+02
  6.824E-02  7.891E-02  1.018E+05 -7.268E-07  6.498E-02  4.065E+02  2.931E+02
  6.824E-02  8.522E-02  1.018E+05  1.123E-06  6.491E-02  4.447E+02  2.956E+02
  6.824E-02  9.153E-02  1.018E+05  4.371E-06  6.505E-02  4.909E+02  3.482E+02
  6.824E-02  9.784E-02  1.018E+05  1.209E-06  6.498E-02  4.447E+02  3.482E+02
  6.824E-02  1.042E-01  1.018E+05 -7.546E-07  6.498E-02  4.065E+02  3.482E+02
  6.824E-02  1.105E-01  1.018E+05 -2.459E-08  6.497E-02  3.758E+02  3.482E+02
  6.824E-02  1.168E-01  1.018E+05  4.521E-08  6.498E-02  3.518E+02  3.482E+02
  6.824E-02  1.231E-01  1.018E+05  1.538E-07  6.498E-02  3.337E+02  3.482E+02
  6.824E-02  1.294E-01  1.018E+05  2.195E-07  6.498E-02  3.204E+02  3.482E+02
  6.824E-02  1.357E-01  1.018E+05  2.781E-07  6.498E-02  3.109E+02  3.482E+02
  6.824E-02  1.420E-01  1.017E+05  3.360E-07  6.498E-02  3.044E+02  3.482E+02
  6.824E-02  1.483E-01  1.017E+05  3.968E-07  6.497E-02  3.000E+02  3.482E+02
  6.824E-02  1.547E-01  1.017E+05  4.709E-07  6.497E-02  2.972E+02  3.482E+02
  6.824E-02  1.610E-01  1.017E+05  5.302E-07  6.497E-02  2.955E+02  3.482E+02
  6.824E-02  1.673E-01  1.017E+05  4.048E-07  6.498E-02  2.944E+02  3.482E+02
  6.824E-02  1.736E-01  1.017E+05  6.494E-07  6.498E-02  2.938E+02  3.482E+02
  6.824E-02  1.799E-01  1.017E+05  7.493E-07  6.498E-02  2.934E+02  3.482E+02
  6.824E-02  1.862E-01  1.017E+05  6.649E-07  6.498E-02  2.932E+02  3.482E+02
  6.824E-02  1.925E-01  1.017E+05  9.528E-07  6.498E-02  2.931E+02  3.482E+02
  6.824E-02  1.988E-01  1.017E+05  1.186E-06  6.498E-02  2.931E+02  3.482E+02
  6.824E-02  2.052E-01  1.017E+05  1.627E-06  6.498E-02  2.930E+02  3.482E+02
  6.824E-02  2.115E-01  1.017E+05  1.632E-06  6.498E-02  2.930E+02  3.482E+02
  6.824E-02  2.178E-01  1.017E+05  1.254E-06  6.498E-02  2.930E+02  3.482E+02
  6.824E-02  2.241E-01  1.017E+05  8.317E-07  6.498E-02  2.930E+02  3.482E+02
  6.824E-02  2.304E-01  1.016E+05  1.038E-06  6.499E-02  2.930E+02  3.482E+02
  6.824E-02  2.367E-01  1.016E+05  9.997E-07  6.498E-02  2.930E+02  3.482E+02
  6.824E-02  2.430E-01  1.016E+05  3.560E-07  6.498E-02  2.930E+02  3.482E+02
  6.824E-02  2.493E-01  1.016E+05  2.204E-06  6.498E-02  2.930E+02  3.482E+02
  6.824E-02  2.557E-01  1.016E+05  5.414E-06  6.499E-02  2.930E+02  3.482E+02
  6.824E-02  2.620E-01  1.016E+05  1.552E-06  6.500E-02  2.930E+02  3.482E+02
  6.824E-02  2.683E-01  1.016E+05  1.777E-06  6.500E-02  2.930E+02  3.482E+02
  6.824E-02  2.746E-01  1.016E+05  5.615E-06  6.499E-02  2.930E+02  3.482E+02
  6.824E-02  2.809E-01  1.016E+05  2.398E-06  6.499E-02  2.930E+02  3.482E+02
  6.824E-02  2.872E-01  1.016E+05  1.063E-06  6.500E-02  2.930E+02  3.482E+02
  6.824E-02  2.935E-01  1.016E+05  1.846E-06  6.499E-02  2.930E+02  3.482E+02
  6.824E-02  2.998E-01  1.016E+05  1.927E-06  6.499E-02  2.930E+02  3.482E+02
  6.824E-02  3.062E-01  1.016E+05  1.536E-06  6.500E-02  2.930E+02  3.482E+02
  6.824E-02  3.125E-01  1.015E+05  3.170E-06  6.499E-02  2.930E+02  3.482E+02
  6.824E-02  3.188E-01  1.015E+05  6.717E-06  6.499E-02  2.930E+02  3.482E+02
  6.824E-02  3.251E-01  1.015E+05  2.943E-06  6.500E-02  2.930E+02  3.482E+02
  6.824E-02  3.314E-01  1.015E+05  1.210E-06  6.500E-02  2.930E+02  3.482E+02
  6.824E-02  3.377E-01  1.015E+05  3.840E-06  6.499E-02  2.930E+02  3.482E+02
  6.824E-02  3.440E-01  1.015E+05  7.998E-06  6.499E-02  2.930E+02  3.482E+02
  6.824E-02  3.503E-01  1.015E+05  4.050E-06  6.500E-02  2.930E+02  3.482E+02
  6.824E-02  3.567E-01  1.015E+05  2.085E-06  6.500E-02  2.930E+02  3.482E+02
  6.824E-02  3.630E-01  1.015E+05  2.373E-06  6.500E-02  2.930E+02  3.482E+02
  6.824E-02  3.693E-01  1.015E+05  4.700E-06  6.499E-02  2.930E+02  3.482E+02
  6.824E-02  3.756E-01  1.015E+05  8.067E-06  6.499E-02  2.930E+02  3.482E+02
  6.824E-02  3.819E-01  1.015E+05  3.995E-06  6.500E-02  2.930E+02  3.482E+02
  6.824E-02  3.882E-01  1.015E+05  1.594E-06  6.500E-02  2.930E+02  3.482E+02
  6.824E-02  3.945E-01  1.015E+05  3.893E-06  6.500E-02  2.930E+02  3.482E+02
  6.824E-02  4.008E-01  1.014E+05  7.539E-06  6.499E-02  2.930E+02  3.482E+02
  6.824E-02  4.072E-01  1.014E+05  4.157E-06  6.499E-02  2.930E+02  3.482E+02
  6.824E-02  4.135E-01  1.014E+05  2.024E-06  6.500E-02  2.930E+02  3.482E+02
  6.824E-02  4.198E-01  1.014E+05  2.068E-06  6.501E-02  2.930E+02  3.482E+02
  6.824E-02  4.261E-01  1.014E+05  1.393E-06  6.500E-02  2.930E+02  3.482E+02
  6.824E-02  4.324E-01  1.014E+05  3.197E-06  6.499E-02  2.930E+02  3.482E+02
  6.824E-02  4.387E-01  1.014E+05  6.518E-06  6.499E-02  2.930E+02  3.482E+02
  6.824E-02  4.450E-01  1.014E+05  2.939E-06  6.500E-02  2.930E+02  3.482E+02
  6.824E-02  4.513E-01  1.014E+05  7.580E-07  6.500E-02  2.930E+02  3.482E+02
  6.824E-02  4.577E-01  1.014E+05  1.032E-06  6.500E-02  2.930E+02  3.482E+02
  6.824E-02  4.640E-01  1.014E+05  6.382E-07  6.499E-02  2.930E+02  3.482E+02
  6.824E-02  4.703E-01  1.014E+05  4.761E-07  6.499E-02  2.930E+02  3.482E+02
  6.824E-02  4.766E-01  1.014E+05  4.776E-07  6.500E-02  2.930E+02  3.482E+02
  6.824E-02  4.829E-01  1.014E+05  3.044E-07  6.500E-02  2.930E+02  3.482E+02
  6.824E-02  4.892E-01  1.013E+05  3.134E-07  6.499E-02  2.930E+02  3.482E+02
  6.824E-02  4.955E-01  1.013E+05  1.443E-07  6.499E-02  2.930E+02  3.482E+02
  6.824E-02  5.018E-01  1.013E+05  2.892E-08  6.500E-02  2.930E+02  3.482E+02
  6.824E-02  5.050E-01  1.013E+05  0.000E+00  6.500E-02  2.930E+02  3.482E+02
  8.065E-02  0.000E+00  1.019E+05  0.000E+00  6.500E-02  2.930E+02  2.930E+02
  8.065E-02  3.156E-03  1.019E+05 -1.037E-06  6.502E-02  2.932E+02  2.930E+02
  8.065E-02  9.469E-03  1.019E+05 -1.128E-06  6.500E-02  2.937E+02  2.930E+02
  8.065E-02  1.578E-02  1.019E+05 -1.243E-06  6.500E-02  2.943E+02  2.930E+02
  8.065E-02  2.209E-02  1.019E+05 -9.580E-07  6.499E-02  2.954E+02  2.930E+02
  8.065E-02  2.841E-02  1.019E+05 -4.804E-07  6.498E-02  2.972E+02  2.930E+02
  8.065E-02  3.472E-02  1.019E+05 -7.400E-07  6.499E-02  3.000E+02  2.930E+02
  8.065E-02  4.103E-02  1.019E+05 -6.727E-07  6.499E-02  3.044E+02  2.930E+02
  8.065E-02  4.734E-02  1.019E+05 -6.410E-07  6.498E-02  3.109E+02  2.930E+02
  8.065E-02  5.366E-02  1.018E+05 -4.162E-07  6.497E-02  3.204E+02  2.930E+02
  8.065E-02  5.997E-02  1.018E+05 -3.183E-07  6.498E-02  3.337E+02  2.930E+02
  8.065E-02  6.628E-02  1.018E+05 -2.389E-07  6.499E-02  3.518E+02  2.930E+02
  8.065E-02  7.259E-02  1.018E+05 -1.582E-07  6.499E-02  3.758E+02  2.930E+02
  8.065E-02  7.891E-02  1.018E+05 -9.982E-08  6.498E-02  4.065E+02  2.931E+02
  8.065E-02  8.522E-02  1.018E+05  1.308E-07  6.491E-02  4.447E+02  2.956E+02
  8.065E-02  9.153E-02  1.018E+05  1.886E-07  6.505E-02  4.909E+02  3.482E+02
  8.065E-02  9.784E-02  1.018E+05  2.330E-07  6.498E-02  4.447E+02  3.482E+02
  8.065E-02  1.042E-01  1.018E+05  1.033E-07  6.498E-02  4.065E+02  3.482E+02
  8.065E-02  1.105E-01  1.018E+05  1.422E-07  6.497E-02  3.758E+02  3.482E+02
  8.065E-02  1.168E-01  1.018E+05  1.610E-07  6.498E-02  3.518E+02  3.482E+02
  8.065E-02  1.231E-01  1.018E+05  1.923E-07  6.498E-02  3.337E+02  3.482E+02
  8.065E-02  1.294E-01  1.018E+05  2.265E-07  6.498E-02  3.204E+02  3.482E+02
  8.065E-02  1.357E-01  1.018E+05  2.664E-07  6.498E-02  3.109E+02  3.482E+02
  8.065E-02  1.420E-01  1.017E+05  3.266E-07  6.498E-02  3.044E+02  3.482E+02
  8.065E-02  1.483E-01  1.017E+05  3.931E-07  6.497E-02  3.000E+02  3.482E+02
  8.065E-02  1.547E-01  1.017E+05  6.473E-07  6.497E-02  2.972E+02  3.482E+02
  8.065E-02  1.610E-01  1.017E+05  7.230E-07  6.497E-02  2.955E+02  3.482E+02
  8.065E-02  1.673E-01  1.017E+05  7.430E-07  6.498E-02  2.944E+02  3.482E+02
  8.065E-02  1.736E-01  1.017E+05  6.060E-07  6.498E-02  2.938E+02  3.482E+02
  8.065E-02  1.799E-01  1.017E+05  6.568E-07  6.498E-02  2.934E+02  3.482E+02
  8.065E-02  1.862E-01  1.017E+05  7.013E-07  6.498E-02  2.932E+02  3.482E+02
  8.065E-02  1.925E-01  1.017E+05  8.047E-07  6.498E-02  2.931E+02  3.482E+02
  8.065E-02  1.988E-01  1.017E+05  9.069E-07  6.498E-02  2.931E+02  3.482E+02
  8.065E-02  2.052E-01  1.017E+05  9.761E-07  6.498E-02  2.930E+02  3.482E+02
  8.065E-02  2.115E-01  1.017E+05  9.575E-07  6.498E-02  2.930E+02  3.482E+02
  8.065E-02  2.178E-01  1.017E+05  1.050E-06  6.498E-02  2.930E+02  3.482E+02
  8.065E-02  2.241E-01  1.017E+05  9.759E-07  6.498E-02  2.930E+02  3.482E+02
  8.065E-02  2.304E-01  1.016E+05  9.327E-07  6.499E-02  2.930E+02  3.482E+02
  8.065E-02  2.367E-01  1.016E+05  6.085E-07  6.498E-02  2.930E+02  3.482E+02
  8.065E-02  2.430E-01  1.016E+05  3.336E-07  6.499E-02  2.930E+02  3.482E+02
  8.065E-02  2.493E-01  1.016E+05  2.157E-06  6.499E-02  2.930E+02  3.482E+02
  8.065E-02  2.557E-01  1.016E+05  5.465E-06  6.499E-02  2.930E+02  3.482E+02
  8.065E-02  2.620E-01  1.016E+05  2.163E-06  6.499E-02  2.930E+02  3.482E+02
  8.065E-02  2.683E-01  1.016E+05  7.489E-07  6.499E-02  2.930E+02  3.482E+02
  8.065E-02  2.746E-01  1.016E+05  1.466E-06  6.499E-02  2.930E+02  3.482E+02
  8.065E-02  2.809E-01  1.016E+05  1.805E-06  6.499E-02  2.930E+02  3.482E+02
  8.065E-02  2.872E-01  1.016E+05  1.584E-06  6.500E-02  2.930E+02  3.482E+02
  8.065E-02  2.935E-01  1.016E+05  2.032E-06  6.499E-02  2.930E+02  3.482E+02
  8.065E-02  2.998E-01  1.016E+05  2.256E-06  6.499E-02  2.930E+02  3.482E+02
  8.065E-02  3.062E-01  1.016E+05  1.480E-06  6.500E-02  2.930E+02  3.482E+02
  8.065E-02  3.125E-01  1.015E+05  3.106E-06  6.500E-02  2.930E+02  3.482E+02
  8.065E-02  3.188E-01  1.015E+05  7.111E-06  6.499E-02  2.930E+02  3.482E+02
  8.065E-02  3.251E-01  1.015E+05  3.666E-06  6.499E-02  2.930E+02  3.482E+02
  8.065E-02  3.314E-01  1.015E+05  1.207E-06  6.500E-02  2.930E+02  3.482E+02
  8.065E-02  3.377E-01  1.015E+05  2.870E-06  6.500E-02  2.930E+02  3.482E+02
  8.065E-02  3.440E-01  1.015E+05  8.511E-06  6.499E-02  2.930E+02  3.482E+02
  8.065E-02  3.503E-01  1.015E+05  8.560E-06  6.499E-02  2.930E+02  3.482E+02
  8.065E-02  3.567E-01  1.015E+05  3.144E-06  6.500E-02  2.930E+02  3.482E+02
  8.065E-02  3.630E-01  1.015E+05  1.426E-06  6.500E-02  2.930E+02  3.482E+02
  8.065E-02  3.693E-01  1.015E+05  4.015E-06  6.500E-02  2.930E+02  3.482E+02
  8.065E-02  3.756E-01  1.015E+05  8.115E-06  6.499E-02  2.930E+02  3.482E+02
  8.065E-02  3.819E-01  1.015E+05  4.650E-06  6.499E-02  2.930E+02  3.482E+02
  8.065E-02  3.882E-01  1.015E+05  2.237E-06  6.500E-02  2.930E+02  3.482E+02
  8.065E-02  3.945E-01  1.015E+05  2.239E-06  6.500E-02  2.930E+02  3.482E+02
  8.065E-02  4.008E-01  1.014E+05  4.362E-06  6.499E-02  2.930E+02  3.482E+02
  8.065E-02  4.072E-01  1.014E+05  7.452E-06  6.499E-02  2.930E+02  3.482E+02
  8.065E-02  4.135E-01  1.014E+05  3.670E-06  6.500E-02  2.930E+02  3.482E+02
  8.065E-02  4.198E-01  1.014E+05  1.609E-06  6.500E-02  2.930E+02  3.482E+02
  8.065E-02  4.261E-01  1.014E+05  1.529E-06  6.500E-02  2.930E+02  3.482E+02
  8.065E-02  4.324E-01  1.014E+05  3.379E-06  6.500E-02  2.930E+02  3.482E+02
  8.065E-02  4.387E-01  1.014E+05  6.722E-06  6.499E-02  2.930E+02  3.482E+02
  8.065E-02  4.450E-01  1.014E+05  3.509E-06  6.499E-02  2.930E+02  3.482E+02
  8.065E-02  4.513E-01  1.014E+05  1.206E-06  6.500E-02  2.930E+02  3.482E+02
  8.065E-02  4.577E-01  1.014E+05  1.388E-06  6.500E-02  2.930E+02  3.482E+02
  8.065E-02  4.640E-01  1.014E+05  1.249E-06  6.499E-02  2.930E+02  3.482E+02
  8.065E-02  4.703E-01  1.014E+05  1.038E-06  6.499E-02  2.930E+02  3.482E+02
  8.065E-02  4.766E-01  1.014E+05  7.390E-07  6.500E-02  2.930E+02  3.482E+02
  8.065E-02  4.829E-01  1.014E+05 -2.433E-07  6.500E-02  2.930E+02  3.482E+02
  8.065E-02  4.892E-01  1.013E+05  1.313E-06  6.499E-02  2.930E+02  3.482E+02
  8.065E-02  4.955E-01  1.013E+05  4.193E-06  6.499E-02  2.930E+02  3.482E+02
  8.065E-02  5.018E-01  1.013E+05 -2.918E-07  6.500E-02  2.930E+02  3.482E+02
  8.065E-02  5.050E-01  1.013E+05  0.000E+00  6.500E-02  2.930E+02  3.482E+02
  9.305E-02  0.000E+00  1.019E+05  0.000E+00  6.500E-02  2.930E+02  2.930E+02
  9.305E-02  3.156E-03  1.019E+05 -1.615E-06  6.502E-02  2.932E+02  2.930E+02
  9.305E-02  9.469E-03  1.019E+05 -1.120E-06  6.500E-02  2.937E+02  2.930E+02
  9.305E-02  1.578E-02  1.019E+05 -1.205E-06  6.500E-02  2.943E+02  2.930E+02
  9.305E-02  2.209E-02  1.019E+05 -8.550E-07  6.499E-02  2.954E+02  2.930E+02
  9.305E-02  2.841E-02  1.019E+05  9.884E-08  6.498E-02  2.972E+02  2.930E+02
  9.305E-02  3.472E-02  1.019E+05 -1.917E-06  6.499E-02  3.000E+02  2.930E+02
  9.305E-02  4.103E-02  1.019E+05 -5.186E-06  6.499E-02  3.044E+02  2.930E+02
  9.305E-02  4.734E-02  1.019E+05 -1.986E-06  6.498E-02  3.109E+02  2.930E+02
  9.305E-02  5.366E-02  1.018E+05 -6.672E-08  6.497E-02  3.204E+02  2.930E+02
  9.305E-02  5.997E-02  1.018E+05 -1.869E-07  6.498E-02  3.337E+02  2.930E+02
  9.305E-02  6.628E-02  1.018E+05 -2.422E-07  6.499E-02  3.518E+02  2.930E+02
  9.305E-02  7.259E-02  1.018E+05 -2.089E-07  6.499E-02  3.758E+02  2.930E+02
  9.305E-02  7.891E-02  1.018E+05 -2.100E-07  6.498E-02  4.065E+02  2.931E+02
  9.305E-02  8.522E-02  1.018E+05 -7.747E-08  6.491E-02  4.447E+02  2.956E+02
  9.305E-02  9.153E-02  1.018E+05 -1.676E-07  6.505E-02  4.909E+02  3.482E+02
  9.305E-02  9.784E-02  1.018E+05  6.799E-08  6.498E-02  4.447E+02  3.482E+02
  9.305E-02  1.042E-01  1.018E+05  8.420E-08  6.498E-02  4.065E+02  3.482E+02
  9.305E-02  1.105E-01  1.018E+05  1.306E-07  6.497E-02  3.758E+02  3.482E+02
  9.305E-02  1.168E-01  1.018E+05  1.547E-07  6.498E-02  3.518E+02  3.482E+02
  9.305E-02  1.231E-01  1.018E+05  1.774E-07  6.498E-02  3.337E+02  3.482E+02
  9.305E-02  1.294E-01  1.018E+05  2.015E-07  6.498E-02  3.204E+02  3.482E+02
  9.305E-02  1.357E-01  1.018E+05  2.318E-07  6.498E-02  3.109E+02  3.482E+02
  9.305E-02  1.420E-01  1.017E+05  2.834E-07  6.498E-02  3.044E+02  3.482E+02
  9.305E-02  1.483E-01  1.017E+05  3.418E-07  6.497E-02  3.000E+02  3.482E+02
  9.305E-02  1.547E-01  1.017E+05  5.891E-07  6.497E-02  2.972E+02  3.482E+02
  9.305E-02  1.610E-01  1.017E+05  6.562E-07  6.497E-02  2.955E+02  3.482E+02
  9.305E-02  1.673E-01  1.017E+05  6.775E-07  6.498E-02  2.944E+02  3.482E+02
  9.305E-02  1.736E-01  1.017E+05  5.171E-07  6.498E-02  2.938E+02  3.482E+02
  9.305E-02  1.799E-01  1.017E+05  5.615E-07  6.498E-02  2.934E+02  3.482E+02
  9.305E-02  1.862E-01  1.017E+05  5.958E-07  6.498E-02  2.932E+02  3.482E+02
  9.305E-02  1.925E-01  1.017E+05  8.043E-07  6.498E-02  2.931E+02  3.482E+02
  9.305E-02  1.988E-01  1.017E+05  9.944E-07  6.498E-02  2.931E+02  3.482E+02
  9.305E-02  2.052E-01  1.017E+05  7.788E-07  6.498E-02  2.930E+02  3.482E+02
  9.305E-02  2.115E-01  1.017E+05  9.720E-08  6.498E-02  2.930E+02  3.482E+02
  9.305E-02  2.178E-01  1.017E+05  1.888E-06  6.498E-02  2.930E+02  3.482E+02
  9.305E-02  2.241E-01  1.017E+05  5.178E-06  6.498E-02  2.930E+02  3.482E+02
  9.305E-02  2.304E-01  1.016E+05  2.074E-06  6.499E-02  2.930E+02  3.482E+02
  9.305E-02  2.367E-01  1.016E+05  4.203E-07  6.498E-02  2.930E+02  3.482E+02
  9.305E-02  2.430E-01  1.016E+05  1.111E-06  6.499E-02  2.930E+02  3.482E+02
  9.305E-02  2.493E-01  1.016E+05  1.140E-06  6.499E-02  2.930E+02  3.482E+02
  9.305E-02  2.557E-01  1.016E+05  1.292E-06  6.499E-02  2.930E+02  3.482E+02
  9.305E-02  2.620E-01  1.016E+05  1.560E-06  6.499E-02  2.930E+02  3.482E+02
  9.305E-02  2.683E-01  1.016E+05  1.215E-06  6.499E-02  2.930E+02  3.482E+02
  9.305E-02  2.746E-01  1.016E+05  9.817E-07  6.499E-02  2.930E+02  3.482E+02
  9.305E-02  2.809E-01  1.016E+05  1.408E-06  6.499E-02  2.930E+02  3.482E+02
  9.305E-02  2.872E-01  1.016E+05  7.581E-07  6.500E-02  2.930E+02  3.482E+02
  9.305E-02  2.935E-01  1.016E+05  2.937E-06  6.499E-02  2.930E+02  3.482E+02
  9.305E-02  2.998E-01  1.016E+05  6.046E-06  6.499E-02  2.930E+02  3.482E+02
  9.305E-02  3.062E-01  1.016E+05  2.483E-06  6.500E-02  2.930E+02  3.482E+02
  9.305E-02  3.125E-01  1.015E+05  6.755E-07  6.500E-02  2.930E+02  3.482E+02
  9.305E-02  3.188E-01  1.015E+05  3.503E-06  6.499E-02  2.930E+02  3.482E+02
  9.305E-02  3.251E-01  1.015E+05  6.875E-06  6.499E-02  2.930E+02  3.482E+02
  9.305E-02  3.314E-01  1.015E+05  3.020E-06  6.500E-02  2.930E+02  3.482E+02
  9.305E-02  3.377E-01  1.015E+05  1.017E-06  6.500E-02  2.930E+02  3.482E+02
  9.305E-02  3.440E-01  1.015E+05  3.755E-06  6.500E-02  2.930E+02  3.482E+02
  9.305E-02  3.503E-01  1.015E+05  7.993E-06  6.499E-02  2.930E+02  3.482E+02
  9.305E-02  3.567E-01  1.015E+05  4.531E-06  6.499E-02  2.930E+02  3.482E+02
  9.305E-02  3.630E-01  1.015E+05  2.292E-06  6.500E-02  2.930E+02  3.482E+02
  9.305E-02  3.693E-01  1.015E+05  2.211E-06  6.500E-02  2.930E+02  3.482E+02
  9.305E-02  3.756E-01  1.015E+05  4.387E-06  6.499E-02  2.930E+02  3.482E+02
  9.305E-02  3.819E-01  1.015E+05  7.822E-06  6.499E-02  2.930E+02  3.482E+02
  9.305E-02  3.882E-01  1.015E+05  4.924E-06  6.500E-02  2.930E+02  3.482E+02
  9.305E-02  3.945E-01  1.015E+05  2.043E-06  6.500E-02  2.930E+02  3.482E+02
  9.305E-02  4.008E-01  1.014E+05  4.121E-06  6.500E-02  2.930E+02  3.482E+02
  9.305E-02  4.072E-01  1.014E+05  7.631E-06  6.499E-02  2.930E+02  3.482E+02
  9.305E-02  4.135E-01  1.014E+05  4.565E-06  6.499E-02  2.930E+02  3.482E+02
  9.305E-02  4.198E-01  1.014E+05  2.096E-06  6.500E-02  2.930E+02  3.482E+02
  9.305E-02  4.261E-01  1.014E+05  2.175E-06  6.501E-02  2.930E+02  3.482E+02
  9.305E-02  4.324E-01  1.014E+05  1.438E-06  6.500E-02  2.930E+02  3.482E+02
  9.305E-02  4.387E-01  1.014E+05  3.760E-06  6.499E-02  2.930E+02  3.482E+02
  9.305E-02  4.450E-01  1.014E+05  7.284E-06  6.499E-02  2.930E+02  3.482E+02
  9.305E-02  4.513E-01  1.014E+05  4.166E-06  6.500E-02  2.930E+02  3.482E+02
  9.305E-02  4.577E-01  1.014E+05  6.483E-07  6.500E-02  2.930E+02  3.482E+02
  9.305E-02  4.640E-01  1.014E+05  2.875E-06  6.499E-02  2.930E+02  3.482E+02
  9.305E-02  4.703E-01  1.014E+05  5.930E-06  6.499E-02  2.930E+02  3.482E+02
  9.305E-02  4.766E-01  1.014E+05  2.034E-06  6.500E-02  2.930E+02  3.482E+02
  9.305E-02  4.829E-01  1.014E+05 -8.201E-07  6.500E-02  2.930E+02  3.482E+02
  9.305E-02  4.892E-01  1.013E+05  1.425E-06  6.500E-02  2.930E+02  3.482E+02
  9.305E-02  4.955E-01  1.013E+05  4.266E-06  6.499E-02  2.930E+02  3.482E+02
  9.305E-02  5.018E-01  1.013E+05 -3.548E-07  6.499E-02  2.930E+02  3.482E+02
  9.305E-02  5.050E-01  1.013E+05  0.000E+00  6.499E-02  2.930E+02  3.482E+02
  1.055E-01  0.000E+00  1.019E+05  0.000E+00  6.500E-02  2.930E+02  2.930E+02
  1.055E-01  3.156E-03  1.019E+05 -1.454E-06  6.502E-02  2.932E+02  2.930E+02
  1.055E-01  9.469E-03  1.019E+05 -1.013E-06  6.500E-02  2.937E+02  2.930E+02
  1.055E-01  1.578E-02  1.019E+05 -8.534E-07  6.500E-02  2.943E+02  2.930E+02
  1.055E-01  2.209E-02  1.019E+05 -6.894E-07  6.499E-02  2.954E+02  2.930E+02
  1.055E-01  2.841E-02  1.019E+05 -9.260E-08  6.498E-02  2.972E+02  2.930E+02
  1.055E-01  3.472E-02  1.019E+05 -2.021E-06  6.498E-02  3.000E+02  2.930E+02
  1.055E-01  4.103E-02  1.019E+05 -5.354E-06  6.499E-02  3.044E+02  2.930E+02
  1.055E-01  4.734E-02  1.019E+05 -2.687E-06  6.499E-02  3.109E+02  2.930E+02
  1.055E-01  5.366E-02  1.018E+05 -6.923E-07  6.498E-02  3.204E+02  2.930E+02
  1.055E-01  5.997E-02  1.018E+05 -2.115E-07  6.498E-02  3.337E+02  2.930E+02
  1.055E-01  6.628E-02  1.018E+05 -4.030E-08  6.499E-02  3.518E+02  2.930E+02
  1.055E-01  7.259E-02  1.018E+05  7.449E-08  6.499E-02  3.758E+02  2.930E+02
  1.055E-01  7.891E-02  1.018E+05 -7.257E-08  6.498E-02  4.065E+02  2.931E+02
  1.055E-01  8.522E-02  1.018E+05  3.963E-08  6.491E-02  4.447E+02  2.956E+02
  1.055E-01  9.153E-02  1.018E+05  9.854E-08  6.505E-02  4.909E+02  3.482E+02
  1.055E-01  9.784E-02  1.018E+05  1.289E-07  6.498E-02  4.447E+02  3.482E+02
  1.055E-01  1.042E-01  1.018E+05  1.267E-07  6.498E-02  4.065E+02  3.482E+02
  1.055E-01  1.105E-01  1.018E+05  1.352E-07  6.497E-02  3.758E+02  3.482E+02
  1.055E-01  1.168E-01  1.018E+05  1.413E-07  6.498E-02  3.518E+02  3.482E+02
  1.055E-01  1.231E-01  1.018E+05  1.499E-07  6.498E-02  3.337E+02  3.482E+02
  1.055E-01  1.294E-01  1.018E+05  1.630E-07  6.498E-02  3.204E+02  3.482E+02
  1.055E-01  1.357E-01  1.018E+05  1.836E-07  6.498E-02  3.109E+02  3.482E+02
  1.055E-01  1.420E-01  1.017E+05  2.153E-07  6.498E-02  3.044E+02  3.482E+02
  1.055E-01  1.483E-01  1.017E+05  2.563E-07  6.497E-02  3.000E+02  3.482E+02
  1.055E-01  1.547E-01  1.017E+05  3.250E-07  6.497E-02  2.972E+02  3.482E+02
  1.055E-01  1.610E-01  1.017E+05  3.491E-07  6.497E-02  2.955E+02  3.482E+02
  1.055E-01  1.673E-01  1.017E+05  3.806E-07  6.498E-02  2.944E+02  3.482E+02
  1.055E-01  1.736E-01  1.017E+05  1.897E-07  6.498E-02  2.938E+02  3.482E+02
  1.055E-01  1.799E-01  1.017E+05  4.042E-07  6.498E-02  2.934E+02  3.482E+02
  1.055E-01  1.862E-01  1.017E+05  4.411E-07  6.498E-02  2.932E+02  3.482E+02
  1.055E-01  1.925E-01  1.017E+05  6.548E-07  6.498E-02  2.931E+02  3.482E+02
  1.055E-01  1.988E-01  1.017E+05  8.414E-07  6.498E-02  2.931E+02  3.482E+02
  1.055E-01  2.052E-01  1.017E+05  6.259E-07  6.498E-02  2.930E+02  3.482E+02
  1.055E-01  2.115E-01  1.017E+05 -5.404E-08  6.498E-02  2.930E+02  3.482E+02
  1.055E-01  2.178E-01  1.017E+05  1.728E-06  6.499E-02  2.930E+02  3.482E+02
  1.055E-01  2.241E-01  1.017E+05  5.040E-06  6.498E-02  2.930E+02  3.482E+02
  1.055E-01  2.304E-01  1.016E+05  1.746E-06  6.498E-02  2.930E+02  3.482E+02
  1.055E-01  2.367E-01  1.016E+05  2.655E-07  6.498E-02  2.930E+02  3.482E+02
  1.055E-01  2.430E-01  1.016E+05  9.436E-07  6.499E-02  2.930E+02  3.482E+02
  1.055E-01  2.493E-01  1.016E+05  8.515E-07  6.499E-02  2.930E+02  3.482E+02
  1.055E-01  2.557E-01  1.016E+05  7.631E-07  6.499E-02  2.930E+02  3.482E+02
  1.055E-01  2.620E-01  1.016E+05  1.202E-06  6.499E-02  2.930E+02  3.482E+02
  1.055E-01  2.683E-01  1.016E+05  9.566E-07  6.499E-02  2.930E+02  3.482E+02
  1.055E-01  2.746E-01  1.016E+05  7.420E-07  6.499E-02  2.930E+02  3.482E+02
  1.055E-01  2.809E-01  1.016E+05  7.750E-07  6.499E-02  2.930E+02  3.482E+02
  1.055E-01  2.872E-01  1.016E+05  1.182E-07  6.500E-02  2.930E+02  3.482E+02
  1.055E-01  2.935E-01  1.016E+05  2.186E-06  6.500E-02  2.930E+02  3.482E+02
  1.055E-01  2.998E-01  1.016E+05  5.433E-06  6.499E-02  2.930E+02  3.482E+02
  1.055E-01  3.062E-01  1.016E+05  1.970E-06  6.499E-02  2.930E+02  3.482E+02
  1.055E-01  3.125E-01  1.015E+05 -1.378E-07  6.500E-02  2.930E+02  3.482E+02
  1.055E-01  3.188E-01  1.015E+05  1.971E-06  6.500E-02  2.930E+02  3.482E+02
  1.055E-01  3.251E-01  1.015E+05  5.762E-06  6.499E-02  2.930E+02  3.482E+02
  1.055E-01  3.314E-01  1.015E+05  2.399E-06  6.499E-02  2.930E+02  3.482E+02
  1.055E-01  3.377E-01  1.015E+05  9.666E-07  6.500E-02  2.930E+02  3.482E+02
  1.055E-01  3.440E-01  1.015E+05  1.550E-06  6.500E-02  2.930E+02  3.482E+02
  1.055E-01  3.503E-01  1.015E+05  4.584E-06  6.499E-02  2.930E+02  3.482E+02
  1.055E-01  3.567E-01  1.015E+05  9.035E-06  6.499E-02  2.930E+02  3.482E+02
  1.055E-01  3.630E-01  1.015E+05  4.332E-06  6.500E-02  2.930E+02  3.482E+02
  1.055E-01  3.693E-01  1.015E+05  1.527E-06  6.500E-02  2.930E+02  3.482E+02
  1.055E-01  3.756E-01  1.015E+05  3.560E-06  6.500E-02  2.930E+02  3.482E+02
  1.055E-01  3.819E-01  1.015E+05  9.808E-06  6.499E-02  2.930E+02  3.482E+02
  1.055E-01  3.882E-01  1.015E+05  1.008E-05  6.499E-02  2.930E+02  3.482E+02
  1.055E-01  3.945E-01  1.015E+05  4.025E-06  6.500E-02  2.930E+02  3.482E+02
  1.055E-01  4.008E-01  1.014E+05  1.757E-06  6.500E-02  2.930E+02  3.482E+02
  1.055E-01  4.072E-01  1.014E+05  4.411E-06  6.499E-02  2.930E+02  3.482E+02
  1.055E-01  4.135E-01  1.014E+05  8.188E-06  6.499E-02  2.930E+02  3.482E+02
  1.055E-01  4.198E-01  1.014E+05  4.062E-06  6.500E-02  2.930E+02  3.482E+02
  1.055E-01  4.261E-01  1.014E+05  1.682E-06  6.500E-02  2.930E+02  3.482E+02
  1.055E-01  4.324E-01  1.014E+05  1.928E-06  6.500E-02  2.930E+02  3.482E+02
  1.055E-01  4.387E-01  1.014E+05  3.159E-06  6.500E-02  2.930E+02  3.482E+02
  1.055E-01  4.450E-01  1.014E+05  8.909E-06  6.499E-02  2.930E+02  3.482E+02
  1.055E-01  4.513E-01  1.014E+05  9.882E-06  6.499E-02  2.930E+02  3.482E+02
  1.055E-01  4.577E-01  1.014E+05  3.443E-06  6.500E-02  2.930E+02  3.482E+02
  1.055E-01  4.640E-01  1.014E+05  3.181E-06  6.500E-02  2.930E+02  3.482E+02
  1.055E-01  4.703E-01  1.014E+05  6.695E-06  6.499E-02  2.930E+02  3.482E+02
  1.055E-01  4.766E-01  1.014E+05  3.731E-06  6.499E-02  2.930E+02  3.482E+02
  1.055E-01  4.829E-01  1.014E+05  6.406E-07  6.500E-02  2.930E+02  3.482E+02
  1.055E-01  4.892E-01  1.013E+05  9.334E-07  6.500E-02  2.930E+02  3.482E+02
  1.055E-01  4.955E-01  1.013E+05  7.248E-07  6.499E-02  2.930E+02  3.482E+02
  1.055E-01  5.018E-01  1.013E+05  1.741E-07  6.499E-02  2.930E+02  3.482E+02
  1.055E-01  5.050E-01  1.013E+05  0.000E+00  6.499E-02  2.930E+02  3.482E+02
  1.179E-01  0.000E+00  1.019E+05  0.000E+00  6.500E-02  2.930E+02  2.930E+02
  1.179E-01  3.156E-03  1.019E+05 -4.944E-07  6.502E-02  2.932E+02  2.930E+02
  1.179E-01  9.469E-03  1.019E+05 -5.876E-07  6.500E-02  2.937E+02  2.930E+02
  1.179E-01  1.578E-02  1.019E+05 -4.516E-07  6.500E-02  2.943E+02  2.930E+02
  1.179E-01  2.209E-02  1.019E+05 -4.042E-07  6.499E-02  2.954E+02  2.930E+02
  1.179E-01  2.841E-02  1.019E+05 -3.763E-07  6.498E-02  2.972E+02  2.930E+02
  1.179E-01  3.472E-02  1.019E+05 -5.907E-07  6.498E-02  3.000E+02  2.930E+02
  1.179E-01  4.103E-02  1.019E+05 -8.162E-07  6.499E-02  3.044E+02  2.930E+02
  1.179E-01  4.734E-02  1.019E+05 -1.163E-06  6.499E-02  3.109E+02  2.930E+02
  1.179E-01  5.366E-02  1.018E+05 -8.938E-07  6.498E-02  3.204E+02  2.930E+02
  1.179E-01  5.997E-02  1.018E+05 -2.161E-07  6.498E-02  3.337E+02  2.930E+02
  1.179E-01  6.628E-02  1.018E+05  6.442E-08  6.499E-02  3.518E+02  2.930E+02
  1.179E-01  7.259E-02  1.018E+05  1.825E-07  6.499E-02  3.758E+02  2.930E+02
  1.179E-01  7.891E-02  1.018E+05  4.236E-08  6.498E-02  4.065E+02  2.931E+02
  1.179E-01  8.522E-02  1.018E+05  6.313E-08  6.491E-02  4.447E+02  2.956E+02
  1.179E-01  9.153E-02  1.018E+05  6.104E-08  6.505E-02  4.909E+02  3.482E+02
  1.179E-01  9.784E-02  1.018E+05  6.615E-08  6.498E-02  4.447E+02  3.482E+02
  1.179E-01  1.042E-01  1.018E+05  6.398E-08  6.498E-02  4.065E+02  3.482E+02
  1.179E-01  1.105E-01  1.018E+05  6.294E-08  6.497E-02  3.758E+02  3.482E+02
  1.179E-01  1.168E-01  1.018E+05  6.208E-08  6.498E-02  3.518E+02  3.482E+02
  1.179E-01  1.231E-01  1.018E+05  6.250E-08  6.498E-02  3.337E+02  3.482E+02
  1.179E-01  1.294E-01  1.018E+05  6.455E-08  6.498E-02  3.204E+02  3.482E+02
  1.179E-01  1.357E-01  1.018E+05  6.830E-08  6.498E-02  3.109E+02  3.482E+02
  1.179E-01  1.420E-01  1.017E+05  7.389E-08  6.498E-02  3.044E+02  3.482E+02
  1.179E-01  1.483E-01  1.017E+05  7.887E-08  6.497E-02  3.000E+02  3.482E+02
  1.179E-01  1.547E-01  1.017E+05  8.780E-08  6.497E-02  2.972E+02  3.482E+02
  1.179E-01  1.610E-01  1.017E+05  6.914E-08  6.497E-02  2.955E+02  3.482E+02
  1.179E-01  1.673E-01  1.017E+05  9.754E-08  6.498E-02  2.944E+02  3.482E+02
  1.179E-01  1.736E-01  1.017E+05 -6.967E-08  6.498E-02  2.938E+02  3.482E+02
  1.179E-01  1.799E-01  1.017E+05  1.378E-07  6.498E-02  2.934E+02  3.482E+02
  1.179E-01  1.862E-01  1.017E+05  1.675E-07  6.498E-02  2.932E+02  3.482E+02
  1.179E-01  1.925E-01  1.017E+05  2.323E-07  6.498E-02  2.931E+02  3.482E+02
  1.179E-01  1.988E-01  1.017E+05  2.771E-07  6.498E-02  2.931E+02  3.482E+02
  1.179E-01  2.052E-01  1.017E+05  2.783E-07  6.498E-02  2.930E+02  3.482E+02
  1.179E-01  2.115E-01  1.017E+05  2.837E-07  6.498E-02  2.930E+02  3.482E+02
  1.179E-01  2.178E-01  1.017E+05  4.380E-07  6.499E-02  2.930E+02  3.482E+02
  1.179E-01  2.241E-01  1.017E+05  6.632E-07  6.498E-02  2.930E+02  3.482E+02
  1.179E-01  2.304E-01  1.016E+05  3.179E-07  6.498E-02  2.930E+02  3.482E+02
  1.179E-01  2.367E-01  1.016E+05  3.814E-07  6.498E-02  2.930E+02  3.482E+02
  1.179E-01  2.430E-01  1.016E+05  4.104E-07  6.499E-02  2.930E+02  3.482E+02
  1.179E-01  2.493E-01  1.016E+05  4.430E-07  6.499E-02  2.930E+02  3.482E+02
  1.179E-01  2.557E-01  1.016E+05  4.108E-07  6.499E-02  2.930E+02  3.482E+02
  1.179E-01  2.620E-01  1.016E+05  4.171E-07  6.499E-02  2.930E+02  3.482E+02
  1.179E-01  2.683E-01  1.016E+05  3.548E-07  6.499E-02  2.930E+02  3.482E+02
  1.179E-01  2.746E-01  1.016E+05  3.062E-07  6.499E-02  2.930E+02  3.482E+02
  1.179E-01  2.809E-01  1.016E+05  3.118E-07  6.499E-02  2.930E+02  3.482E+02
  1.179E-01  2.872E-01  1.016E+05  1.746E-07  6.500E-02  2.930E+02  3.482E+02
  1.179E-01  2.935E-01  1.016E+05  5.549E-07  6.500E-02  2.930E+02  3.482E+02
  1.179E-01  2.998E-01  1.016E+05  8.015E-07  6.499E-02  2.930E+02  3.482E+02
  1.179E-01  3.062E-01  1.016E+05  6.442E-07  6.499E-02  2.930E+02  3.482E+02
  1.179E-01  3.125E-01  1.015E+05  5.534E-07  6.500E-02  2.930E+02  3.482E+02
  1.179E-01  3.188E-01  1.015E+05  5.511E-07  6.500E-02  2.930E+02  3.482E+02
  1.179E-01  3.251E-01  1.015E+05  9.707E-07  6.499E-02  2.930E+02  3.482E+02
  1.179E-01  3.314E-01  1.015E+05  8.016E-07  6.499E-02  2.930E+02  3.482E+02
  1.179E-01  3.377E-01  1.015E+05  7.518E-07  6.500E-02  2.930E+02  3.482E+02
  1.179E-01  3.440E-01  1.015E+05  4.907E-07  6.501E-02  2.930E+02  3.482E+02
  1.179E-01  3.503E-01  1.015E+05  2.559E-06  6.500E-02  2.930E+02  3.482E+02
  1.179E-01  3.567E-01  1.015E+05  2.439E-05  6.499E-02  2.930E+02  3.482E+02
  1.179E-01  3.630E-01  1.015E+05  2.910E-06  6.499E-02  2.930E+02  3.482E+02
  1.179E-01  3.693E-01  1.015E+05  8.304E-07  6.500E-02  2.930E+02  3.482E+02
  1.179E-01  3.756E-01  1.015E+05  1.148E-06  6.501E-02  2.930E+02  3.482E+02
  1.179E-01  3.819E-01  1.015E+05  4.062E-06  6.500E-02  2.930E+02  3.482E+02
  1.179E-01  3.882E-01  1.015E+05  2.400E-05  6.499E-02  2.930E+02  3.482E+02
  1.179E-01  3.945E-01  1.015E+05  2.800E-06  6.499E-02  2.930E+02  3.482E+02
  1.179E-01  4.008E-01  1.014E+05 -4.670E-08  6.500E-02  2.930E+02  3.482E+02
  1.179E-01  4.072E-01  1.014E+05  2.221E-06  6.500E-02  2.930E+02  3.482E+02
  1.179E-01  4.135E-01  1.014E+05  2.321E-05  6.499E-02  2.930E+02  3.482E+02
  1.179E-01  4.198E-01  1.014E+05  2.586E-06  6.499E-02  2.930E+02  3.482E+02
  1.179E-01  4.261E-01  1.014E+05  6.197E-07  6.500E-02  2.930E+02  3.482E+02
  1.179E-01  4.324E-01  1.014E+05  1.780E-06  6.500E-02  2.930E+02  3.482E+02
  1.179E-01  4.387E-01  1.014E+05  1.060E-06  6.500E-02  2.930E+02  3.482E+02
  1.179E-01  4.450E-01  1.014E+05  3.377E-06  6.500E-02  2.930E+02  3.482E+02
  1.179E-01  4.513E-01  1.014E+05  2.435E-05  6.499E-02  2.930E+02  3.482E+02
  1.179E-01  4.577E-01  1.014E+05  3.856E-06  6.499E-02  2.930E+02  3.482E+02
  1.179E-01  4.640E-01  1.014E+05  1.225E-06  6.500E-02  2.930E+02  3.482E+02
  1.179E-01  4.703E-01  1.014E+05  1.710E-06  6.499E-02  2.930E+02  3.482E+02
  1.179E-01  4.766E-01  1.014E+05  2.217E-06  6.499E-02  2.930E+02  3.482E+02
  1.179E-01  4.829E-01  1.014E+05  1.069E-06  6.500E-02  2.930E+02  3.482E+02
  1.179E-01  4.892E-01  1.013E+05  5.757E-07  6.500E-02  2.930E+02  3.482E+02
  1.179E-01  4.955E-01  1.013E+05  3.264E-07  6.499E-02  2.930E+02  3.482E+02
  1.179E-01  5.018E-01  1.013E+05  1.685E-07  6.499E-02  2.930E+02  3.482E+02
  1.179E-01  5.050E-01  1.013E+05  0.000E+00  6.499E-02  2.930E+02  3.482E+02
  1.241E-01  0.000E+00  1.019E+05  0.000E+00  6.500E-02  2.930E+02  2.930E+02
  1.241E-01  3.156E-03  1.019E+05 -4.944E-07  6.502E-02  2.932E+02  2.930E+02
  1.241E-01  9.469E-03  1.019E+05 -5.876E-07  6.500E-02  2.937E+02  2.930E+02
  1.241E-01  1.578E-02  1.019E+05 -4.516E-07  6.500E-02  2.943E+02  2.930E+02
  1.241E-01  2.209E-02  1.019E+05 -4.042E-07  6.499E-02  2.954E+02  2.930E+02
  1.241E-01  2.841E-02  1.019E+05 -3.763E-07  6.498E-02  2.972E+02  2.930E+02
  1.241E-01  3.472E-02  1.019E+05 -5.907E-07  6.498E-02  3.000E+02  2.930E+02
  1.241E-01  4.103E-02  1.019E+05 -8.162E-07  6.499E-02  3.044E+02  2.930E+02
  1.241E-01  4.734E-02  1.019E+05 -1.163E-06  6.499E-02  3.109E+02  2.930E+02
  1.241E-01  5.366E-02  1.018E+05 -8.938E-07  6.498E-02  3.204E+02  2.930E+02
  1.241E-01  5.997E-02  1.018E+05 -2.161E-07  6.498E-02  3.337E+02  2.930E+02
  1.241E-01  6.628E-02  1.018E+05  6.442E-08  6.499E-02  3.518E+02  2.930E+02
  1.241E-01  7.259E-02  1.018E+05  1.825E-07  6.499E-02  3.758E+02  2.930E+02
  1.241E-01  7.891E-02  1.018E+05  4.236E-08  6.498E-02  4.065E+02  2.931E+02
  1.241E-01  8.522E-02  1.018E+05  6.313E-08  6.491E-02  4.447E+02  2.956E+02
  1.241E-01  9.153E-02  1.018E+05  6.104E-08  6.505E-02  4.909E+02  3.482E+02
  1.241E-01  9.784E-02  1.018E+05  6.615E-08  6.498E-02  4.447E+02  3.482E+02
  1.241E-01  1.042E-01  1.018E+05  6.398E-08  6.498E-02  4.065E+02  3.482E+02
  1.241E-01  1.105E-01  1.018E+05  6.294E-08  6.497E-02  3.758E+02  3.482E+02
  1.241E-01  1.168E-01  1.018E+05  6.208E-08  6.498E-02  3.518E+02  3.482E+02
  1.241E-01  1.231E-01  1.018E+05  6.250E-08  6.498E-02  3.337E+02  3.482E+02
  1.241E-01  1.294E-01  1.018E+05  6.455E-08  6.498E-02  3.204E+02  3.482E+02
  1.241E-01  1.357E-01  1.018E+05  6.830E-08  6.498E-02  3.109E+02  3.482E+02
  1.241E-01  1.420E-01  1.017E+05  7.389E-08  6.498E-02  3.044E+02  3.482E+02
  1.241E-01  1.483E-01  1.017E+05  7.887E-08  6.497E-02  3.000E+02  3.482E+02
  1.241E-01  1.547E-01  1.017E+05  8.780E-08  6.497E-02  2.972E+02  3.482E+02
  1.241E-01  1.610E-01  1.017E+05  6.914E-08  6.497E-02  2.955E+02  3.482E+02
  1.241E-01  1.673E-01  1.017E+05  9.754E-08  6.498E-02  2.944E+02  3.482E+02
  1.241E-01  1.736E-01  1.017E+05 -6.967E-08  6.498E-02  2.938E+02  3.482E+02
  1.241E-01  1.799E-01  1.017E+05  1.378E-07  6.498E-02  2.934E+02  3.482E+02
  1.241E-01  1.862E-01  1.017E+05  1.675E-07  6.498E-02  2.932E+02  3.482E+02
  1.241E-01  1.925E-01  1.017E+05  2.323E-07  6.498E-02  2.931E+02  3.482E+02
  1.241E-01  1.988E-01  1.017E+05  2.771E-07  6.498E-02  2.931E+02  3.482E+02
  1.241E-01  2.052E-01  1.017E+05  2.783E-07  6.498E-02  2.930E+02  3.482E+02
  1.241E-01  2.115E-01  1.017E+05  2.837E-07  6.498E-02  2.930E+02  3.482E+02
  1.241E-01  2.178E-01  1.017E+05  4.380E-07  6.499E-02  2.930E+02  3.482E+02
  1.241E-01  2.241E-01  1.017E+05  6.632E-07  6.498E-02  2.930E+02  3.482E+02
  1.241E-01  2.304E-01  1.016E+05  3.179E-07  6.498E-02  2.930E+02  3.482E+02
  1.241E-01  2.367E-01  1.016E+05  3.814E-07  6.498E-02  2.930E+02  3.482E+02
  1.241E-01  2.430E-01  1.016E+05  4.104E-07  6.499E-02  2.930E+02  3.482E+02
  1.241E-01  2.493E-01  1.016E+05  4.430E-07  6.499E-02  2.930E+02  3.482E+02
  1.241E-01  2.557E-01  1.016E+05  4.108E-07  6.499E-02  2.930E+02  3.482E+02
  1.241E-01  2.620E-01  1.016E+05  4.171E-07  6.499E-02  2.930E+02  3.482E+02
  1.241E-01  2.683E-01  1.016E+05  3.548E-07  6.499E-02  2.930E+02  3.482E+02
  1.241E-01  2.746E-01  1.016E+05  3.062E-07  6.499E-02  2.930E+02  3.482E+02
  1.241E-01  2.809E-01  1.016E+05  3.118E-07  6.499E-02  2.930E+02  3.482E+02
  1.241E-01  2.872E-01  1.016E+05  1.746E-07  6.500E-02  2.930E+02  3.482E+02
  1.241E-01  2.935E-01  1.016E+05  5.549E-07  6.500E-02  2.930E+02  3.482E+02
  1.241E-01  2.998E-01  1.016E+05  8.015E-07  6.499E-02  2.930E+02  3.482E+02
  1.241E-01  3.062E-01  1.016E+05  6.442E-07  6.499E-02  2.930E+02  3.482E+02
  1.241E-01  3.125E-01  1.015E+05  5.534E-07  6.500E-02  2.930E+02  3.482E+02
  1.241E-01  3.188E-01  1.015E+05  5.511E-07  6.500E-02  2.930E+02  3.482E+02
  1.241E-01  3.251E-01  1.015E+05  9.707E-07  6.499E-02  2.930E+02  3.482E+02
  1.241E-01  3.314E-01  1.015E+05  8.016E-07  6.499E-02  2.930E+02  3.482E+02
  1.241E-01  3.377E-01  1.015E+05  7.518E-07  6.500E-02  2.930E+02  3.482E+02
  1.241E-01  3.440E-01  1.015E+05  4.907E-07  6.501E-02  2.930E+02  3.482E+02
  1.241E-01  3.503E-01  1.015E+05  2.559E-06  6.500E-02  2.930E+02  3.482E+02
  1.241E-01  3.567E-01  1.015E+05  2.439E-05  6.499E-02  2.930E+02  3.482E+02
  1.241E-01  3.630E-01  1.015E+05  2.910E-06  6.499E-02  2.930E+02  3.482E+02
  1.241E-01  3.693E-01  1.015E+05  8.304E-07  6.500E-02  2.930E+02  3.482E+02
  1.241E-01  3.756E-01  1.015E+05  1.148E-06  6.501E-02  2.930E+02  3.482E+02
  1.241E-01  3.819E-01  1.015E+05  4.062E-06  6.500E-02  2.930E+02  3.482E+02
  1.241E-01  3.882E-01  1.015E+05  2.400E-05  6.499E-02  2.930E+02  3.482E+02
  1.241E-01  3.945E-01  1.015E+05  2.800E-06  6.499E-02  2.930E+02  3.482E+02
  1.241E-01  4.008E-01  1.014E+05 -4.670E-08  6.500E-02  2.930E+02  3.482E+02
  1.241E-01  4.072E-01  1.014E+05  2.221E-06  6.500E-02  2.930E+02  3.482E+02
  1.241E-01  4.135E-01  1.014E+05  2.321E-05  6.499E-02  2.930E+02  3.482E+02
  1.241E-01  4.198E-01  1.014E+05  2.586E-06  6.499E-02  2.930E+02  3.482E+02
  1.241E-01  4.261E-01  1.014E+05  6.197E-07  6.500E-02  2.930E+02  3.482E+02
  1.241E-01  4.324E-01  1.014E+05  1.780E-06  6.500E-02  2.930E+02  3.482E+02
  1.241E-01  4.387E-01  1.014E+05  1.060E-06  6.500E-02  2.930E+02  3.482E+02
  1.241E-01  4.450E-01  1.014E+05  3.377E-06  6.500E-02  2.930E+02  3.482E+02
  1.241E-01  4.513E-01  1.014E+05  2.435E-05  6.499E-02  2.930E+02  3.482E+02
  1.241E-01  4.577E-01  1.014E+05  3.856E-06  6.499E-02  2.930E+02  3.482E+02
  1.241E-01  4.640E-01  1.014E+05  1.225E-06  6.500E-02  2.930E+02  3.482E+02
  1.241E-01  4.703E-01  1.014E+05  1.710E-06  6.499E-02  2.930E+02  3.482E+02
  1.241E-01  4.766E-01  1.014E+05  2.217E-06  6.499E-02  2.930E+02  3.482E+02
  1.241E-01  4.829E-01  1.014E+05  1.069E-06  6.500E-02  2.930E+02  3.482E+02
  1.241E-01  4.892E-01  1.013E+05  5.757E-07  6.500E-02  2.930E+02  3.482E+02
  1.241E-01  4.955E-01  1.013E+05  3.264E-07  6.499E-02  2.930E+02  3.482E+02
  1.241E-01  5.018E-01  1.013E+05  1.685E-07  6.499E-02  2.930E+02  3.482E+02
  1.241E-01  5.050E-01  1.013E+05  0.000E+00  6.499E-02  2.930E+02  3.482E+02
