VARIABLES="XP","YP","P","U","V","TS","TF"
ZONE T="Zone 001"I=    82 J=    12 F=POINT
  0.000E+00  0.000E+00  1.019E+05 -1.045E-06  6.502E-02  2.933E+02  2.930E+02
  0.000E+00  3.156E-03  1.019E+05 -1.045E-06  6.502E-02  2.933E+02  2.930E+02
  0.000E+00  9.469E-03  1.019E+05 -9.473E-07  6.500E-02  2.939E+02  2.930E+02
  0.000E+00  1.578E-02  1.019E+05 -9.399E-07  6.500E-02  2.949E+02  2.930E+02
  0.000E+00  2.209E-02  1.019E+05 -9.540E-07  6.500E-02  2.963E+02  2.930E+02
  0.000E+00  2.841E-02  1.019E+05 -7.555E-07  6.500E-02  2.985E+02  2.930E+02
  0.000E+00  3.472E-02  1.019E+05 -4.778E-07  6.499E-02  3.019E+02  2.930E+02
  0.000E+00  4.103E-02  1.019E+05 -5.322E-07  6.500E-02  3.069E+02  2.930E+02
  0.000E+00  4.734E-02  1.019E+05 -6.846E-07  6.499E-02  3.143E+02  2.930E+02
  0.000E+00  5.366E-02  1.019E+05 -3.978E-07  6.499E-02  3.247E+02  2.930E+02
  0.000E+00  5.997E-02  1.018E+05 -1.989E-07  6.499E-02  3.391E+02  2.930E+02
  0.000E+00  6.628E-02  1.018E+05 -1.630E-07  6.499E-02  3.580E+02  2.930E+02
  0.000E+00  7.259E-02  1.018E+05 -2.943E-07  6.499E-02  3.816E+02  2.930E+02
  0.000E+00  7.891E-02  1.018E+05 -4.721E-07  6.499E-02  4.085E+02  2.930E+02
  0.000E+00  8.522E-02  1.018E+05 -2.525E-07  6.498E-02  4.330E+02  2.930E+02
  0.000E+00  9.153E-02  1.018E+05 -6.217E-08  6.498E-02  4.442E+02  2.930E+02
  0.000E+00  9.784E-02  1.018E+05 -1.021E-08  6.499E-02  4.330E+02  2.930E+02
  0.000E+00  1.042E-01  1.018E+05  1.594E-08  6.499E-02  4.085E+02  2.930E+02
  0.000E+00  1.105E-01  1.018E+05  5.260E-08  6.498E-02  3.816E+02  2.930E+02
  0.000E+00  1.168E-01  1.018E+05 -1.025E-07  6.499E-02  3.580E+02  2.930E+02
  0.000E+00  1.231E-01  1.018E+05  1.522E-07  6.499E-02  3.391E+02  2.930E+02
  0.000E+00  1.294E-01  1.018E+05  2.252E-07  6.498E-02  3.247E+02  2.930E+02
  0.000E+00  1.357E-01  1.018E+05  4.768E-07  6.499E-02  3.143E+02  2.930E+02
  0.000E+00  1.420E-01  1.017E+05  7.128E-07  6.499E-02  3.069E+02  2.930E+02
  0.000E+00  1.483E-01  1.017E+05  5.651E-07  6.498E-02  3.019E+02  2.930E+02
  0.000E+00  1.547E-01  1.017E+05  4.431E-07  6.498E-02  2.985E+02  2.930E+02
  0.000E+00  1.610E-01  1.017E+05  6.327E-07  6.499E-02  2.963E+02  2.930E+02
  0.000E+00  1.673E-01  1.017E+05  6.525E-07  6.499E-02  2.950E+02  2.930E+02
  0.000E+00  1.736E-01  1.017E+05  3.194E-07  6.498E-02  2.941E+02  2.930E+02
  0.000E+00  1.799E-01  1.017E+05  2.587E-06  6.498E-02  2.936E+02  2.930E+02
  0.000E+00  1.862E-01  1.017E+05  2.302E-05  6.499E-02  2.933E+02  2.930E+02
  0.000E+00  1.925E-01  1.017E+05  1.938E-06  6.500E-02  2.932E+02  2.930E+02
  0.000E+00  1.988E-01  1.017E+05 -1.254E-07  6.499E-02  2.931E+02  2.930E+02
  0.000E+00  2.052E-01  1.017E+05  9.884E-08  6.499E-02  2.930E+02  2.930E+02
  0.000E+00  2.115E-01  1.017E+05  3.901E-07  6.498E-02  2.930E+02  2.930E+02
  0.000E+00  2.178E-01  1.017E+05  9.429E-07  6.499E-02  2.930E+02  2.930E+02
  0.000E+00  2.241E-01  1.017E+05  4.375E-07  6.499E-02  2.930E+02  2.930E+02
  0.000E+00  2.304E-01  1.016E+05  2.943E-07  6.498E-02  2.930E+02  2.930E+02
  0.000E+00  2.367E-01  1.016E+05  2.595E-07  6.499E-02  2.930E+02  2.930E+02
  0.000E+00  2.430E-01  1.016E+05  2.564E-07  6.499E-02  2.930E+02  2.930E+02
  0.000E+00  2.493E-01  1.016E+05  2.362E-07  6.498E-02  2.930E+02  2.930E+02
  0.000E+00  2.557E-01  1.016E+05  2.330E-07  6.499E-02  2.930E+02  2.930E+02
  0.000E+00  2.620E-01  1.016E+05  4.234E-08  6.499E-02  2.930E+02  2.930E+02
  0.000E+00  2.683E-01  1.016E+05  2.047E-07  6.498E-02  2.930E+02  2.930E+02
  0.000E+00  2.746E-01  1.016E+05  3.660E-08  6.499E-02  2.930E+02  2.930E+02
  0.000E+00  2.809E-01  1.016E+05 -3.153E-07  6.499E-02  2.930E+02  2.930E+02
  0.000E+00  2.872E-01  1.016E+05  1.832E-06  6.498E-02  2.930E+02  2.930E+02
  0.000E+00  2.935E-01  1.016E+05  2.301E-05  6.499E-02  2.930E+02  2.930E+02
  0.000E+00  2.998E-01  1.016E+05  1.931E-06  6.500E-02  2.930E+02  2.930E+02
  0.000E+00  3.062E-01  1.016E+05 -1.393E-07  6.499E-02  2.930E+02  2.930E+02
  0.000E+00  3.125E-01  1.015E+05 -1.585E-07  6.499E-02  2.930E+02  2.930E+02
  0.000E+00  3.188E-01  1.015E+05  1.771E-06  6.498E-02  2.930E+02  2.930E+02
  0.000E+00  3.251E-01  1.015E+05  2.297E-05  6.499E-02  2.930E+02  2.930E+02
  0.000E+00  3.314E-01  1.015E+05  1.842E-06  6.500E-02  2.930E+02  2.930E+02
  0.000E+00  3.377E-01  1.015E+05 -2.443E-07  6.500E-02  2.930E+02  2.930E+02
  0.000E+00  3.440E-01  1.015E+05  1.242E-07  6.499E-02  2.930E+02  2.930E+02
  0.000E+00  3.503E-01  1.015E+05  1.021E-07  6.499E-02  2.930E+02  2.930E+02
  0.000E+00  3.567E-01  1.015E+05  1.207E-07  6.499E-02  2.930E+02  2.930E+02
  0.000E+00  3.630E-01  1.015E+05  1.334E-07  6.499E-02  2.930E+02  2.930E+02
  0.000E+00  3.693E-01  1.015E+05  1.577E-07  6.498E-02  2.930E+02  2.930E+02
  0.000E+00  3.756E-01  1.015E+05  1.519E-07  6.499E-02  2.930E+02  2.930E+02
  0.000E+00  3.819E-01  1.015E+05  1.858E-07  6.500E-02  2.930E+02  2.930E+02
  0.000E+00  3.882E-01  1.015E+05  1.885E-07  6.499E-02  2.930E+02  2.930E+02
  0.000E+00  3.945E-01  1.015E+05  1.735E-07  6.499E-02  2.930E+02  2.930E+02
  0.000E+00  4.008E-01  1.014E+05  1.888E-07  6.500E-02  2.930E+02  2.930E+02
  0.000E+00  4.072E-01  1.014E+05  6.587E-09  6.499E-02  2.930E+02  2.930E+02
  0.000E+00  4.135E-01  1.014E+05  1.776E-07  6.498E-02  2.930E+02  2.930E+02
  0.000E+00  4.198E-01  1.014E+05  1.691E-07  6.499E-02  2.930E+02  2.930E+02
  0.000E+00  4.261E-01  1.014E+05  1.749E-07  6.499E-02  2.930E+02  2.930E+02
  0.000E+00  4.324E-01  1.014E+05  2.106E-07  6.499E-02  2.930E+02  2.930E+02
  0.000E+00  4.387E-01  1.014E+05  2.530E-08  6.499E-02  2.930E+02  2.930E+02
  0.000E+00  4.450E-01  1.014E+05  1.884E-07  6.500E-02  2.930E+02  2.930E+02
  0.000E+00  4.513E-01  1.014E+05  1.324E-07  6.500E-02  2.930E+02  2.930E+02
  0.000E+00  4.577E-01  1.014E+05  1.206E-07  6.500E-02  2.930E+02  2.930E+02
  0.000E+00  4.640E-01  1.014E+05  1.058E-07  6.500E-02  2.930E+02  2.930E+02
  0.000E+00  4.703E-01  1.014E+05  1.164E-07  6.500E-02  2.930E+02  2.930E+02
  0.000E+00  4.766E-01  1.014E+05  8.700E-08  6.500E-02  2.930E+02  2.930E+02
  0.000E+00  4.829E-01  1.014E+05  4.862E-07  6.499E-02  2.930E+02  2.930E+02
  0.000E+00  4.892E-01  1.013E+05 -1.644E-06  6.500E-02  2.930E+02  2.930E+02
  0.000E+00  4.955E-01  1.013E+05 -2.317E-05  6.499E-02  2.930E+02  2.930E+02
  0.000E+00  5.018E-01  1.013E+05 -2.800E-07  6.498E-02  2.930E+02  2.930E+02
  0.000E+00  5.050E-01  1.013E+05 -2.800E-07  6.498E-02  2.930E+02  2.930E+02
  6.203E-03  0.000E+00  1.019E+05  0.000E+00  6.500E-02  2.930E+02  2.930E+02
  6.203E-03  3.156E-03  1.019E+05 -1.045E-06  6.502E-02  2.933E+02  2.930E+02
  6.203E-03  9.469E-03  1.019E+05 -9.473E-07  6.500E-02  2.939E+02  2.930E+02
  6.203E-03  1.578E-02  1.019E+05 -9.399E-07  6.500E-02  2.949E+02  2.930E+02
  6.203E-03  2.209E-02  1.019E+05 -9.540E-07  6.500E-02  2.963E+02  2.930E+02
  6.203E-03  2.841E-02  1.019E+05 -7.555E-07  6.500E-02  2.985E+02  2.930E+02
  6.203E-03  3.472E-02  1.019E+05 -4.778E-07  6.499E-02  3.019E+02  2.930E+02
  6.203E-03  4.103E-02  1.019E+05 -5.322E-07  6.500E-02  3.069E+02  2.930E+02
  6.203E-03  4.734E-02  1.019E+05 -6.846E-07  6.499E-02  3.143E+02  2.930E+02
  6.203E-03  5.366E-02  1.019E+05 -3.978E-07  6.499E-02  3.247E+02  2.930E+02
  6.203E-03  5.997E-02  1.018E+05 -1.989E-07  6.499E-02  3.391E+02  2.930E+02
  6.203E-03  6.628E-02  1.018E+05 -1.630E-07  6.499E-02  3.580E+02  2.930E+02
  6.203E-03  7.259E-02  1.018E+05 -2.943E-07  6.499E-02  3.816E+02  2.930E+02
  6.203E-03  7.891E-02  1.018E+05 -4.721E-07  6.499E-02  4.085E+02  2.930E+02
  6.203E-03  8.522E-02  1.018E+05 -2.525E-07  6.498E-02  4.330E+02  2.930E+02
  6.203E-03  9.153E-02  1.018E+05 -6.217E-08  6.498E-02  4.442E+02  2.930E+02
  6.203E-03  9.784E-02  1.018E+05 -1.021E-08  6.499E-02  4.330E+02  2.930E+02
  6.203E-03  1.042E-01  1.018E+05  1.594E-08  6.499E-02  4.085E+02  2.930E+02
  6.203E-03  1.105E-01  1.018E+05  5.260E-08  6.498E-02  3.816E+02  2.930E+02
  6.203E-03  1.168E-01  1.018E+05 -1.025E-07  6.499E-02  3.580E+02  2.930E+02
  6.203E-03  1.231E-01  1.018E+05  1.522E-07  6.499E-02  3.391E+02  2.930E+02
  6.203E-03  1.294E-01  1.018E+05  2.252E-07  6.498E-02  3.247E+02  2.930E+02
  6.203E-03  1.357E-01  1.018E+05  4.768E-07  6.499E-02  3.143E+02  2.930E+02
  6.203E-03  1.420E-01  1.017E+05  7.128E-07  6.499E-02  3.069E+02  2.930E+02
  6.203E-03  1.483E-01  1.017E+05  5.651E-07  6.498E-02  3.019E+02  2.930E+02
  6.203E-03  1.547E-01  1.017E+05  4.431E-07  6.498E-02  2.985E+02  2.930E+02
  6.203E-03  1.610E-01  1.017E+05  6.327E-07  6.499E-02  2.963E+02  2.930E+02
  6.203E-03  1.673E-01  1.017E+05  6.525E-07  6.499E-02  2.950E+02  2.930E+02
  6.203E-03  1.736E-01  1.017E+05  3.194E-07  6.498E-02  2.941E+02  2.930E+02
  6.203E-03  1.799E-01  1.017E+05  2.587E-06  6.498E-02  2.936E+02  2.930E+02
  6.203E-03  1.862E-01  1.017E+05  2.302E-05  6.499E-02  2.933E+02  2.930E+02
  6.203E-03  1.925E-01  1.017E+05  1.938E-06  6.500E-02  2.932E+02  2.930E+02
  6.203E-03  1.988E-01  1.017E+05 -1.254E-07  6.499E-02  2.931E+02  2.930E+02
  6.203E-03  2.052E-01  1.017E+05  9.884E-08  6.499E-02  2.930E+02  2.930E+02
  6.203E-03  2.115E-01  1.017E+05  3.901E-07  6.498E-02  2.930E+02  2.930E+02
  6.203E-03  2.178E-01  1.017E+05  9.429E-07  6.499E-02  2.930E+02  2.930E+02
  6.203E-03  2.241E-01  1.017E+05  4.375E-07  6.499E-02  2.930E+02  2.930E+02
  6.203E-03  2.304E-01  1.016E+05  2.943E-07  6.498E-02  2.930E+02  2.930E+02
  6.203E-03  2.367E-01  1.016E+05  2.595E-07  6.499E-02  2.930E+02  2.930E+02
  6.203E-03  2.430E-01  1.016E+05  2.564E-07  6.499E-02  2.930E+02  2.930E+02
  6.203E-03  2.493E-01  1.016E+05  2.362E-07  6.498E-02  2.930E+02  2.930E+02
  6.203E-03  2.557E-01  1.016E+05  2.330E-07  6.499E-02  2.930E+02  2.930E+02
  6.203E-03  2.620E-01  1.016E+05  4.234E-08  6.499E-02  2.930E+02  2.930E+02
  6.203E-03  2.683E-01  1.016E+05  2.047E-07  6.498E-02  2.930E+02  2.930E+02
  6.203E-03  2.746E-01  1.016E+05  3.660E-08  6.499E-02  2.930E+02  2.930E+02
  6.203E-03  2.809E-01  1.016E+05 -3.153E-07  6.499E-02  2.930E+02  2.930E+02
  6.203E-03  2.872E-01  1.016E+05  1.832E-06  6.498E-02  2.930E+02  2.930E+02
  6.203E-03  2.935E-01  1.016E+05  2.301E-05  6.499E-02  2.930E+02  2.930E+02
  6.203E-03  2.998E-01  1.016E+05  1.931E-06  6.500E-02  2.930E+02  2.930E+02
  6.203E-03  3.062E-01  1.016E+05 -1.393E-07  6.499E-02  2.930E+02  2.930E+02
  6.203E-03  3.125E-01  1.015E+05 -1.585E-07  6.499E-02  2.930E+02  2.930E+02
  6.203E-03  3.188E-01  1.015E+05  1.771E-06  6.498E-02  2.930E+02  2.930E+02
  6.203E-03  3.251E-01  1.015E+05  2.297E-05  6.499E-02  2.930E+02  2.930E+02
  6.203E-03  3.314E-01  1.015E+05  1.842E-06  6.500E-02  2.930E+02  2.930E+02
  6.203E-03  3.377E-01  1.015E+05 -2.443E-07  6.500E-02  2.930E+02  2.930E+02
  6.203E-03  3.440E-01  1.015E+05  1.242E-07  6.499E-02  2.930E+02  2.930E+02
  6.203E-03  3.503E-01  1.015E+05  1.021E-07  6.499E-02  2.930E+02  2.930E+02
  6.203E-03  3.567E-01  1.015E+05  1.207E-07  6.499E-02  2.930E+02  2.930E+02
  6.203E-03  3.630E-01  1.015E+05  1.334E-07  6.499E-02  2.930E+02  2.930E+02
  6.203E-03  3.693E-01  1.015E+05  1.577E-07  6.498E-02  2.930E+02  2.930E+02
  6.203E-03  3.756E-01  1.015E+05  1.519E-07  6.499E-02  2.930E+02  2.930E+02
  6.203E-03  3.819E-01  1.015E+05  1.858E-07  6.500E-02  2.930E+02  2.930E+02
  6.203E-03  3.882E-01  1.015E+05  1.885E-07  6.499E-02  2.930E+02  2.930E+02
  6.203E-03  3.945E-01  1.015E+05  1.735E-07  6.499E-02  2.930E+02  2.930E+02
  6.203E-03  4.008E-01  1.014E+05  1.888E-07  6.500E-02  2.930E+02  2.930E+02
  6.203E-03  4.072E-01  1.014E+05  6.587E-09  6.499E-02  2.930E+02  2.930E+02
  6.203E-03  4.135E-01  1.014E+05  1.776E-07  6.498E-02  2.930E+02  2.930E+02
  6.203E-03  4.198E-01  1.014E+05  1.691E-07  6.499E-02  2.930E+02  2.930E+02
  6.203E-03  4.261E-01  1.014E+05  1.749E-07  6.499E-02  2.930E+02  2.930E+02
  6.203E-03  4.324E-01  1.014E+05  2.106E-07  6.499E-02  2.930E+02  2.930E+02
  6.203E-03  4.387E-01  1.014E+05  2.530E-08  6.499E-02  2.930E+02  2.930E+02
  6.203E-03  4.450E-01  1.014E+05  1.884E-07  6.500E-02  2.930E+02  2.930E+02
  6.203E-03  4.513E-01  1.014E+05  1.324E-07  6.500E-02  2.930E+02  2.930E+02
  6.203E-03  4.577E-01  1.014E+05  1.206E-07  6.500E-02  2.930E+02  2.930E+02
  6.203E-03  4.640E-01  1.014E+05  1.058E-07  6.500E-02  2.930E+02  2.930E+02
  6.203E-03  4.703E-01  1.014E+05  1.164E-07  6.500E-02  2.930E+02  2.930E+02
  6.203E-03  4.766E-01  1.014E+05  8.700E-08  6.500E-02  2.930E+02  2.930E+02
  6.203E-03  4.829E-01  1.014E+05  4.862E-07  6.499E-02  2.930E+02  2.930E+02
  6.203E-03  4.892E-01  1.013E+05 -1.644E-06  6.500E-02  2.930E+02  2.930E+02
  6.203E-03  4.955E-01  1.013E+05 -2.317E-05  6.499E-02  2.930E+02  2.930E+02
  6.203E-03  5.018E-01  1.013E+05 -2.800E-07  6.498E-02  2.930E+02  2.930E+02
  6.203E-03  5.050E-01  1.013E+05  0.000E+00  6.498E-02  2.930E+02  2.930E+02
  1.861E-02  0.000E+00  1.019E+05  0.000E+00  6.500E-02  2.930E+02  2.930E+02
  1.861E-02  3.156E-03  1.019E+05 -1.437E-06  6.502E-02  2.933E+02  2.930E+02
  1.861E-02  9.469E-03  1.019E+05 -1.393E-06  6.500E-02  2.939E+02  2.930E+02
  1.861E-02  1.578E-02  1.019E+05 -1.367E-06  6.500E-02  2.949E+02  2.930E+02
  1.861E-02  2.209E-02  1.019E+05 -1.443E-06  6.500E-02  2.963E+02  2.930E+02
  1.861E-02  2.841E-02  1.019E+05 -1.243E-06  6.500E-02  2.985E+02  2.930E+02
  1.861E-02  3.472E-02  1.019E+05 -1.519E-07  6.499E-02  3.019E+02  2.930E+02
  1.861E-02  4.103E-02  1.019E+05 -1.587E-06  6.500E-02  3.069E+02  2.930E+02
  1.861E-02  4.734E-02  1.019E+05 -4.673E-06  6.499E-02  3.143E+02  2.930E+02
  1.861E-02  5.366E-02  1.019E+05 -1.095E-06  6.499E-02  3.247E+02  2.930E+02
  1.861E-02  5.997E-02  1.018E+05  6.257E-07  6.499E-02  3.391E+02  2.930E+02
  1.861E-02  6.628E-02  1.018E+05  6.769E-07  6.499E-02  3.580E+02  2.930E+02
  1.861E-02  7.259E-02  1.018E+05 -1.171E-06  6.499E-02  3.816E+02  2.930E+02
  1.861E-02  7.891E-02  1.018E+05 -4.438E-06  6.499E-02  4.085E+02  2.930E+02
  1.861E-02  8.522E-02  1.018E+05 -1.205E-06  6.498E-02  4.330E+02  2.930E+02
  1.861E-02  9.153E-02  1.018E+05  6.667E-07  6.498E-02  4.442E+02  2.930E+02
  1.861E-02  9.784E-02  1.018E+05  2.460E-07  6.499E-02  4.330E+02  2.930E+02
  1.861E-02  1.042E-01  1.018E+05  2.819E-07  6.499E-02  4.085E+02  2.930E+02
  1.861E-02  1.105E-01  1.018E+05  3.519E-07  6.498E-02  3.816E+02  2.930E+02
  1.861E-02  1.168E-01  1.018E+05  2.312E-07  6.499E-02  3.580E+02  2.930E+02
  1.861E-02  1.231E-01  1.018E+05  4.825E-07  6.499E-02  3.391E+02  2.930E+02
  1.861E-02  1.294E-01  1.018E+05  5.404E-07  6.498E-02  3.247E+02  2.930E+02
  1.861E-02  1.357E-01  1.018E+05  8.364E-07  6.499E-02  3.143E+02  2.930E+02
  1.861E-02  1.420E-01  1.017E+05  9.456E-07  6.499E-02  3.069E+02  2.930E+02
  1.861E-02  1.483E-01  1.017E+05  9.678E-07  6.498E-02  3.019E+02  2.930E+02
  1.861E-02  1.547E-01  1.017E+05  8.416E-07  6.498E-02  2.985E+02  2.930E+02
  1.861E-02  1.610E-01  1.017E+05  1.078E-06  6.499E-02  2.963E+02  2.930E+02
  1.861E-02  1.673E-01  1.017E+05  1.163E-06  6.499E-02  2.950E+02  2.930E+02
  1.861E-02  1.736E-01  1.017E+05  8.382E-07  6.498E-02  2.941E+02  2.930E+02
  1.861E-02  1.799E-01  1.017E+05  3.098E-06  6.499E-02  2.936E+02  2.930E+02
  1.861E-02  1.862E-01  1.017E+05  6.518E-06  6.499E-02  2.933E+02  2.930E+02
  1.861E-02  1.925E-01  1.017E+05  2.535E-06  6.498E-02  2.932E+02  2.930E+02
  1.861E-02  1.988E-01  1.017E+05  3.027E-07  6.499E-02  2.931E+02  2.930E+02
  1.861E-02  2.052E-01  1.017E+05  3.810E-07  6.499E-02  2.930E+02  2.930E+02
  1.861E-02  2.115E-01  1.017E+05  5.428E-07  6.498E-02  2.930E+02  2.930E+02
  1.861E-02  2.178E-01  1.017E+05  8.636E-07  6.499E-02  2.930E+02  2.930E+02
  1.861E-02  2.241E-01  1.017E+05  5.577E-07  6.499E-02  2.930E+02  2.930E+02
  1.861E-02  2.304E-01  1.016E+05  4.212E-07  6.498E-02  2.930E+02  2.930E+02
  1.861E-02  2.367E-01  1.016E+05  4.070E-07  6.499E-02  2.930E+02  2.930E+02
  1.861E-02  2.430E-01  1.016E+05  2.401E-07  6.499E-02  2.930E+02  2.930E+02
  1.861E-02  2.493E-01  1.016E+05  4.649E-07  6.498E-02  2.930E+02  2.930E+02
  1.861E-02  2.557E-01  1.016E+05  5.081E-07  6.499E-02  2.930E+02  2.930E+02
  1.861E-02  2.620E-01  1.016E+05  4.140E-07  6.499E-02  2.930E+02  2.930E+02
  1.861E-02  2.683E-01  1.016E+05  8.480E-07  6.498E-02  2.930E+02  2.930E+02
  1.861E-02  2.746E-01  1.016E+05  7.680E-07  6.499E-02  2.930E+02  2.930E+02
  1.861E-02  2.809E-01  1.016E+05  4.701E-07  6.499E-02  2.930E+02  2.930E+02
  1.861E-02  2.872E-01  1.016E+05  2.820E-06  6.499E-02  2.930E+02  2.930E+02
  1.861E-02  2.935E-01  1.016E+05  6.780E-06  6.499E-02  2.930E+02  2.930E+02
  1.861E-02  2.998E-01  1.016E+05  2.879E-06  6.499E-02  2.930E+02  2.930E+02
  1.861E-02  3.062E-01  1.016E+05  6.020E-07  6.499E-02  2.930E+02  2.930E+02
  1.861E-02  3.125E-01  1.015E+05  1.160E-06  6.499E-02  2.930E+02  2.930E+02
  1.861E-02  3.188E-01  1.015E+05  1.777E-06  6.499E-02  2.930E+02  2.930E+02
  1.861E-02  3.251E-01  1.015E+05  2.876E-06  6.499E-02  2.930E+02  2.930E+02
  1.861E-02  3.314E-01  1.015E+05  1.667E-06  6.499E-02  2.930E+02  2.930E+02
  1.861E-02  3.377E-01  1.015E+05  8.824E-07  6.499E-02  2.930E+02  2.930E+02
  1.861E-02  3.440E-01  1.015E+05  5.801E-07  6.499E-02  2.930E+02  2.930E+02
  1.861E-02  3.503E-01  1.015E+05  4.174E-07  6.499E-02  2.930E+02  2.930E+02
  1.861E-02  3.567E-01  1.015E+05  3.431E-07  6.499E-02  2.930E+02  2.930E+02
  1.861E-02  3.630E-01  1.015E+05  3.034E-07  6.499E-02  2.930E+02  2.930E+02
  1.861E-02  3.693E-01  1.015E+05  3.519E-07  6.498E-02  2.930E+02  2.930E+02
  1.861E-02  3.756E-01  1.015E+05 -1.243E-08  6.499E-02  2.930E+02  2.930E+02
  1.861E-02  3.819E-01  1.015E+05  3.986E-07  6.500E-02  2.930E+02  2.930E+02
  1.861E-02  3.882E-01  1.015E+05  3.865E-07  6.499E-02  2.930E+02  2.930E+02
  1.861E-02  3.945E-01  1.015E+05  4.101E-07  6.499E-02  2.930E+02  2.930E+02
  1.861E-02  4.008E-01  1.014E+05  4.400E-07  6.500E-02  2.930E+02  2.930E+02
  1.861E-02  4.072E-01  1.014E+05  2.452E-07  6.499E-02  2.930E+02  2.930E+02
  1.861E-02  4.135E-01  1.014E+05  4.270E-07  6.499E-02  2.930E+02  2.930E+02
  1.861E-02  4.198E-01  1.014E+05  4.253E-07  6.499E-02  2.930E+02  2.930E+02
  1.861E-02  4.261E-01  1.014E+05  4.553E-07  6.499E-02  2.930E+02  2.930E+02
  1.861E-02  4.324E-01  1.014E+05  8.212E-07  6.499E-02  2.930E+02  2.930E+02
  1.861E-02  4.387E-01  1.014E+05  8.015E-07  6.499E-02  2.930E+02  2.930E+02
  1.861E-02  4.450E-01  1.014E+05  7.630E-07  6.500E-02  2.930E+02  2.930E+02
  1.861E-02  4.513E-01  1.014E+05  3.375E-07  6.500E-02  2.930E+02  2.930E+02
  1.861E-02  4.577E-01  1.014E+05  2.652E-07  6.500E-02  2.930E+02  2.930E+02
  1.861E-02  4.640E-01  1.014E+05  1.912E-07  6.500E-02  2.930E+02  2.930E+02
  1.861E-02  4.703E-01  1.014E+05  1.592E-07  6.500E-02  2.930E+02  2.930E+02
  1.861E-02  4.766E-01  1.014E+05  6.684E-08  6.500E-02  2.930E+02  2.930E+02
  1.861E-02  4.829E-01  1.014E+05  3.821E-07  6.499E-02  2.930E+02  2.930E+02
  1.861E-02  4.892E-01  1.013E+05 -1.998E-06  6.499E-02  2.930E+02  2.930E+02
  1.861E-02  4.955E-01  1.013E+05 -6.320E-06  6.499E-02  2.930E+02  2.930E+02
  1.861E-02  5.018E-01  1.013E+05 -4.441E-07  6.499E-02  2.930E+02  2.930E+02
  1.861E-02  5.050E-01  1.013E+05  0.000E+00  6.499E-02  2.930E+02  2.930E+02
  3.102E-02  0.000E+00  1.019E+05  0.000E+00  6.500E-02  2.930E+02  2.930E+02
  3.102E-02  3.156E-03  1.019E+05 -4.651E-07  6.502E-02  2.933E+02  2.930E+02
  3.102E-02  9.469E-03  1.019E+05 -8.039E-07  6.500E-02  2.939E+02  2.930E+02
  3.102E-02  1.578E-02  1.019E+05 -9.655E-07  6.500E-02  2.949E+02  2.930E+02
  3.102E-02  2.209E-02  1.019E+05 -8.486E-07  6.500E-02  2.963E+02  2.930E+02
  3.102E-02  2.841E-02  1.019E+05 -7.068E-07  6.500E-02  2.985E+02  2.930E+02
  3.102E-02  3.472E-02  1.019E+05  1.643E-07  6.499E-02  3.019E+02  2.930E+02
  3.102E-02  4.103E-02  1.019E+05 -1.290E-06  6.499E-02  3.069E+02  2.930E+02
  3.102E-02  4.734E-02  1.019E+05 -4.400E-06  6.499E-02  3.143E+02  2.930E+02
  3.102E-02  5.366E-02  1.019E+05 -9.232E-07  6.500E-02  3.247E+02  2.930E+02
  3.102E-02  5.997E-02  1.018E+05  7.859E-07  6.500E-02  3.391E+02  2.930E+02
  3.102E-02  6.628E-02  1.018E+05  8.682E-07  6.499E-02  3.580E+02  2.930E+02
  3.102E-02  7.259E-02  1.018E+05 -9.727E-07  6.498E-02  3.816E+02  2.930E+02
  3.102E-02  7.891E-02  1.018E+05 -4.282E-06  6.499E-02  4.085E+02  2.930E+02
  3.102E-02  8.522E-02  1.018E+05 -1.093E-06  6.499E-02  4.330E+02  2.930E+02
  3.102E-02  9.153E-02  1.018E+05  8.170E-07  6.498E-02  4.442E+02  2.930E+02
  3.102E-02  9.784E-02  1.018E+05  4.394E-07  6.499E-02  4.330E+02  2.930E+02
  3.102E-02  1.042E-01  1.018E+05  5.468E-07  6.499E-02  4.085E+02  2.930E+02
  3.102E-02  1.105E-01  1.018E+05  8.088E-07  6.498E-02  3.816E+02  2.930E+02
  3.102E-02  1.168E-01  1.018E+05  1.008E-06  6.499E-02  3.580E+02  2.930E+02
  3.102E-02  1.231E-01  1.018E+05  8.085E-07  6.499E-02  3.391E+02  2.930E+02
  3.102E-02  1.294E-01  1.018E+05  6.722E-07  6.498E-02  3.247E+02  2.930E+02
  3.102E-02  1.357E-01  1.018E+05  7.315E-07  6.499E-02  3.143E+02  2.930E+02
  3.102E-02  1.420E-01  1.017E+05  5.950E-07  6.499E-02  3.069E+02  2.930E+02
  3.102E-02  1.483E-01  1.017E+05  7.805E-07  6.498E-02  3.019E+02  2.930E+02
  3.102E-02  1.547E-01  1.017E+05  7.693E-07  6.498E-02  2.985E+02  2.930E+02
  3.102E-02  1.610E-01  1.017E+05  8.165E-07  6.499E-02  2.963E+02  2.930E+02
  3.102E-02  1.673E-01  1.017E+05  8.688E-07  6.499E-02  2.950E+02  2.930E+02
  3.102E-02  1.736E-01  1.017E+05  8.680E-07  6.498E-02  2.941E+02  2.930E+02
  3.102E-02  1.799E-01  1.017E+05  8.568E-07  6.499E-02  2.936E+02  2.930E+02
  3.102E-02  1.862E-01  1.017E+05  1.106E-06  6.499E-02  2.933E+02  2.930E+02
  3.102E-02  1.925E-01  1.017E+05  9.921E-07  6.498E-02  2.932E+02  2.930E+02
  3.102E-02  1.988E-01  1.017E+05  6.998E-07  6.499E-02  2.931E+02  2.930E+02
  3.102E-02  2.052E-01  1.017E+05  5.304E-07  6.499E-02  2.930E+02  2.930E+02
  3.102E-02  2.115E-01  1.017E+05  3.930E-07  6.498E-02  2.930E+02  2.930E+02
  3.102E-02  2.178E-01  1.017E+05  1.617E-07  6.499E-02  2.930E+02  2.930E+02
  3.102E-02  2.241E-01  1.017E+05  3.698E-07  6.499E-02  2.930E+02  2.930E+02
  3.102E-02  2.304E-01  1.016E+05  3.936E-07  6.498E-02  2.930E+02  2.930E+02
  3.102E-02  2.367E-01  1.016E+05  4.205E-07  6.499E-02  2.930E+02  2.930E+02
  3.102E-02  2.430E-01  1.016E+05  2.786E-07  6.499E-02  2.930E+02  2.930E+02
  3.102E-02  2.493E-01  1.016E+05  5.491E-07  6.498E-02  2.930E+02  2.930E+02
  3.102E-02  2.557E-01  1.016E+05  4.333E-07  6.499E-02  2.930E+02  2.930E+02
  3.102E-02  2.620E-01  1.016E+05  2.306E-07  6.499E-02  2.930E+02  2.930E+02
  3.102E-02  2.683E-01  1.016E+05  2.399E-06  6.498E-02  2.930E+02  2.930E+02
  3.102E-02  2.746E-01  1.016E+05  5.791E-06  6.499E-02  2.930E+02  2.930E+02
  3.102E-02  2.809E-01  1.016E+05  2.580E-06  6.499E-02  2.930E+02  2.930E+02
  3.102E-02  2.872E-01  1.016E+05  9.061E-07  6.499E-02  2.930E+02  2.930E+02
  3.102E-02  2.935E-01  1.016E+05  1.404E-06  6.499E-02  2.930E+02  2.930E+02
  3.102E-02  2.998E-01  1.016E+05  1.331E-06  6.498E-02  2.930E+02  2.930E+02
  3.102E-02  3.062E-01  1.016E+05  7.489E-07  6.499E-02  2.930E+02  2.930E+02
  3.102E-02  3.125E-01  1.015E+05  9.420E-07  6.499E-02  2.930E+02  2.930E+02
  3.102E-02  3.188E-01  1.015E+05  1.301E-06  6.499E-02  2.930E+02  2.930E+02
  3.102E-02  3.251E-01  1.015E+05  1.345E-06  6.499E-02  2.930E+02  2.930E+02
  3.102E-02  3.314E-01  1.015E+05  1.188E-06  6.499E-02  2.930E+02  2.930E+02
  3.102E-02  3.377E-01  1.015E+05  6.661E-07  6.499E-02  2.930E+02  2.930E+02
  3.102E-02  3.440E-01  1.015E+05  5.459E-07  6.499E-02  2.930E+02  2.930E+02
  3.102E-02  3.503E-01  1.015E+05  4.683E-07  6.498E-02  2.930E+02  2.930E+02
  3.102E-02  3.567E-01  1.015E+05  4.439E-07  6.499E-02  2.930E+02  2.930E+02
  3.102E-02  3.630E-01  1.015E+05  4.924E-07  6.499E-02  2.930E+02  2.930E+02
  3.102E-02  3.693E-01  1.015E+05  8.830E-07  6.498E-02  2.930E+02  2.930E+02
  3.102E-02  3.756E-01  1.015E+05  9.000E-07  6.499E-02  2.930E+02  2.930E+02
  3.102E-02  3.819E-01  1.015E+05  9.235E-07  6.500E-02  2.930E+02  2.930E+02
  3.102E-02  3.882E-01  1.015E+05  5.533E-07  6.499E-02  2.930E+02  2.930E+02
  3.102E-02  3.945E-01  1.015E+05  5.406E-07  6.499E-02  2.930E+02  2.930E+02
  3.102E-02  4.008E-01  1.014E+05  5.158E-07  6.500E-02  2.930E+02  2.930E+02
  3.102E-02  4.072E-01  1.014E+05  4.746E-07  6.499E-02  2.930E+02  2.930E+02
  3.102E-02  4.135E-01  1.014E+05  4.489E-07  6.499E-02  2.930E+02  2.930E+02
  3.102E-02  4.198E-01  1.014E+05  4.107E-07  6.499E-02  2.930E+02  2.930E+02
  3.102E-02  4.261E-01  1.014E+05 -5.037E-08  6.499E-02  2.930E+02  2.930E+02
  3.102E-02  4.324E-01  1.014E+05  2.038E-06  6.499E-02  2.930E+02  2.930E+02
  3.102E-02  4.387E-01  1.014E+05  5.300E-06  6.499E-02  2.930E+02  2.930E+02
  3.102E-02  4.450E-01  1.014E+05  1.983E-06  6.500E-02  2.930E+02  2.930E+02
  3.102E-02  4.513E-01  1.014E+05 -1.978E-07  6.499E-02  2.930E+02  2.930E+02
  3.102E-02  4.577E-01  1.014E+05  2.025E-07  6.500E-02  2.930E+02  2.930E+02
  3.102E-02  4.640E-01  1.014E+05  1.425E-07  6.500E-02  2.930E+02  2.930E+02
  3.102E-02  4.703E-01  1.014E+05  1.149E-07  6.500E-02  2.930E+02  2.930E+02
  3.102E-02  4.766E-01  1.014E+05  4.484E-08  6.500E-02  2.930E+02  2.930E+02
  3.102E-02  4.829E-01  1.014E+05 -3.593E-08  6.499E-02  2.930E+02  2.930E+02
  3.102E-02  4.892E-01  1.013E+05 -3.079E-07  6.499E-02  2.930E+02  2.930E+02
  3.102E-02  4.955E-01  1.013E+05 -3.758E-07  6.499E-02  2.930E+02  2.930E+02
  3.102E-02  5.018E-01  1.013E+05 -1.929E-07  6.499E-02  2.930E+02  2.930E+02
  3.102E-02  5.050E-01  1.013E+05  0.000E+00  6.499E-02  2.930E+02  2.930E+02
  4.342E-02  0.000E+00  1.019E+05  0.000E+00  6.500E-02  2.930E+02  2.930E+02
  4.342E-02  3.156E-03  1.019E+05 -8.652E-08  6.502E-02  2.933E+02  2.930E+02
  4.342E-02  9.469E-03  1.019E+05 -4.103E-07  6.500E-02  2.939E+02  2.930E+02
  4.342E-02  1.578E-02  1.019E+05 -6.029E-07  6.500E-02  2.949E+02  2.930E+02
  4.342E-02  2.209E-02  1.019E+05 -3.789E-07  6.500E-02  2.963E+02  2.930E+02
  4.342E-02  2.841E-02  1.019E+05 -1.658E-07  6.500E-02  2.985E+02  2.930E+02
  4.342E-02  3.472E-02  1.019E+05 -5.116E-08  6.499E-02  3.019E+02  2.930E+02
  4.342E-02  4.103E-02  1.019E+05 -6.023E-08  6.499E-02  3.069E+02  2.930E+02
  4.342E-02  4.734E-02  1.019E+05  5.935E-09  6.499E-02  3.143E+02  2.930E+02
  4.342E-02  5.366E-02  1.019E+05  2.419E-07  6.500E-02  3.247E+02  2.930E+02
  4.342E-02  5.997E-02  1.018E+05  2.344E-07  6.500E-02  3.391E+02  2.930E+02
  4.342E-02  6.628E-02  1.018E+05  2.614E-07  6.499E-02  3.580E+02  2.930E+02
  4.342E-02  7.259E-02  1.018E+05  1.311E-07  6.498E-02  3.816E+02  2.930E+02
  4.342E-02  7.891E-02  1.018E+05 -7.672E-08  6.499E-02  4.085E+02  2.930E+02
  4.342E-02  8.522E-02  1.018E+05  1.161E-07  6.499E-02  4.330E+02  2.930E+02
  4.342E-02  9.153E-02  1.018E+05  3.807E-07  6.498E-02  4.442E+02  2.930E+02
  4.342E-02  9.784E-02  1.018E+05  5.360E-07  6.499E-02  4.330E+02  2.930E+02
  4.342E-02  1.042E-01  1.018E+05  4.572E-07  6.499E-02  4.085E+02  2.930E+02
  4.342E-02  1.105E-01  1.018E+05  8.985E-07  6.498E-02  3.816E+02  2.930E+02
  4.342E-02  1.168E-01  1.018E+05  1.094E-06  6.499E-02  3.580E+02  2.930E+02
  4.342E-02  1.231E-01  1.018E+05  8.874E-07  6.499E-02  3.391E+02  2.930E+02
  4.342E-02  1.294E-01  1.018E+05  7.530E-07  6.498E-02  3.247E+02  2.930E+02
  4.342E-02  1.357E-01  1.018E+05  7.456E-07  6.499E-02  3.143E+02  2.930E+02
  4.342E-02  1.420E-01  1.017E+05  7.138E-07  6.499E-02  3.069E+02  2.930E+02
  4.342E-02  1.483E-01  1.017E+05  7.264E-07  6.498E-02  3.019E+02  2.930E+02
  4.342E-02  1.547E-01  1.017E+05  7.067E-07  6.498E-02  2.985E+02  2.930E+02
  4.342E-02  1.610E-01  1.017E+05  6.983E-07  6.499E-02  2.963E+02  2.930E+02
  4.342E-02  1.673E-01  1.017E+05  6.747E-07  6.499E-02  2.950E+02  2.930E+02
  4.342E-02  1.736E-01  1.017E+05  6.547E-07  6.498E-02  2.941E+02  2.930E+02
  4.342E-02  1.799E-01  1.017E+05  6.368E-07  6.499E-02  2.936E+02  2.930E+02
  4.342E-02  1.862E-01  1.017E+05  4.254E-07  6.499E-02  2.933E+02  2.930E+02
  4.342E-02  1.925E-01  1.017E+05  5.891E-07  6.498E-02  2.932E+02  2.930E+02
  4.342E-02  1.988E-01  1.017E+05  5.405E-07  6.499E-02  2.931E+02  2.930E+02
  4.342E-02  2.052E-01  1.017E+05  4.984E-07  6.499E-02  2.930E+02  2.930E+02
  4.342E-02  2.115E-01  1.017E+05  4.761E-07  6.498E-02  2.930E+02  2.930E+02
  4.342E-02  2.178E-01  1.017E+05  4.727E-07  6.499E-02  2.930E+02  2.930E+02
  4.342E-02  2.241E-01  1.017E+05  4.821E-07  6.499E-02  2.930E+02  2.930E+02
  4.342E-02  2.304E-01  1.016E+05  5.491E-07  6.498E-02  2.930E+02  2.930E+02
  4.342E-02  2.367E-01  1.016E+05  4.245E-07  6.499E-02  2.930E+02  2.930E+02
  4.342E-02  2.430E-01  1.016E+05  6.687E-07  6.499E-02  2.930E+02  2.930E+02
  4.342E-02  2.493E-01  1.016E+05  1.045E-06  6.498E-02  2.930E+02  2.930E+02
  4.342E-02  2.557E-01  1.016E+05  1.140E-06  6.499E-02  2.930E+02  2.930E+02
  4.342E-02  2.620E-01  1.016E+05  7.624E-07  6.499E-02  2.930E+02  2.930E+02
  4.342E-02  2.683E-01  1.016E+05  2.726E-06  6.499E-02  2.930E+02  2.930E+02
  4.342E-02  2.746E-01  1.016E+05  6.424E-06  6.499E-02  2.930E+02  2.930E+02
  4.342E-02  2.809E-01  1.016E+05  2.760E-06  6.499E-02  2.930E+02  2.930E+02
  4.342E-02  2.872E-01  1.016E+05  5.421E-07  6.499E-02  2.930E+02  2.930E+02
  4.342E-02  2.935E-01  1.016E+05  7.719E-07  6.499E-02  2.930E+02  2.930E+02
  4.342E-02  2.998E-01  1.016E+05  1.087E-06  6.498E-02  2.930E+02  2.930E+02
  4.342E-02  3.062E-01  1.016E+05  1.006E-06  6.499E-02  2.930E+02  2.930E+02
  4.342E-02  3.125E-01  1.015E+05  4.675E-07  6.499E-02  2.930E+02  2.930E+02
  4.342E-02  3.188E-01  1.015E+05  2.120E-06  6.499E-02  2.930E+02  2.930E+02
  4.342E-02  3.251E-01  1.015E+05  5.125E-06  6.499E-02  2.930E+02  2.930E+02
  4.342E-02  3.314E-01  1.015E+05  1.973E-06  6.499E-02  2.930E+02  2.930E+02
  4.342E-02  3.377E-01  1.015E+05 -3.409E-08  6.499E-02  2.930E+02  2.930E+02
  4.342E-02  3.440E-01  1.015E+05  4.167E-07  6.499E-02  2.930E+02  2.930E+02
  4.342E-02  3.503E-01  1.015E+05  4.226E-07  6.498E-02  2.930E+02  2.930E+02
  4.342E-02  3.567E-01  1.015E+05  2.494E-07  6.499E-02  2.930E+02  2.930E+02
  4.342E-02  3.630E-01  1.015E+05  1.793E-09  6.499E-02  2.930E+02  2.930E+02
  4.342E-02  3.693E-01  1.015E+05  2.077E-06  6.499E-02  2.930E+02  2.930E+02
  4.342E-02  3.756E-01  1.015E+05  5.379E-06  6.499E-02  2.930E+02  2.930E+02
  4.342E-02  3.819E-01  1.015E+05  2.112E-06  6.499E-02  2.930E+02  2.930E+02
  4.342E-02  3.882E-01  1.015E+05 -3.567E-08  6.499E-02  2.930E+02  2.930E+02
  4.342E-02  3.945E-01  1.015E+05  4.451E-07  6.499E-02  2.930E+02  2.930E+02
  4.342E-02  4.008E-01  1.014E+05  4.323E-07  6.500E-02  2.930E+02  2.930E+02
  4.342E-02  4.072E-01  1.014E+05  4.282E-07  6.499E-02  2.930E+02  2.930E+02
  4.342E-02  4.135E-01  1.014E+05  4.175E-07  6.499E-02  2.930E+02  2.930E+02
  4.342E-02  4.198E-01  1.014E+05  1.934E-07  6.499E-02  2.930E+02  2.930E+02
  4.342E-02  4.261E-01  1.014E+05 -6.218E-08  6.499E-02  2.930E+02  2.930E+02
  4.342E-02  4.324E-01  1.014E+05  2.017E-06  6.499E-02  2.930E+02  2.930E+02
  4.342E-02  4.387E-01  1.014E+05  5.285E-06  6.499E-02  2.930E+02  2.930E+02
  4.342E-02  4.450E-01  1.014E+05  1.983E-06  6.499E-02  2.930E+02  2.930E+02
  4.342E-02  4.513E-01  1.014E+05 -1.913E-07  6.499E-02  2.930E+02  2.930E+02
  4.342E-02  4.577E-01  1.014E+05  2.185E-07  6.500E-02  2.930E+02  2.930E+02
  4.342E-02  4.640E-01  1.014E+05  1.704E-07  6.500E-02  2.930E+02  2.930E+02
  4.342E-02  4.703E-01  1.014E+05  1.628E-07  6.500E-02  2.930E+02  2.930E+02
  4.342E-02  4.766E-01  1.014E+05  1.365E-07  6.500E-02  2.930E+02  2.930E+02
  4.342E-02  4.829E-01  1.014E+05  1.234E-07  6.499E-02  2.930E+02  2.930E+02
  4.342E-02  4.892E-01  1.013E+05  8.505E-08  6.499E-02  2.930E+02  2.930E+02
  4.342E-02  4.955E-01  1.013E+05  2.589E-07  6.499E-02  2.930E+02  2.930E+02
  4.342E-02  5.018E-01  1.013E+05  7.702E-08  6.499E-02  2.930E+02  2.930E+02
  4.342E-02  5.050E-01  1.013E+05  0.000E+00  6.499E-02  2.930E+02  2.930E+02
  5.583E-02  0.000E+00  1.019E+05  0.000E+00  6.500E-02  2.930E+02  2.930E+02
  5.583E-02  3.156E-03  1.019E+05  9.320E-08  6.502E-02  2.933E+02  2.930E+02
  5.583E-02  9.469E-03  1.019E+05  4.798E-08  6.500E-02  2.939E+02  2.930E+02
  5.583E-02  1.578E-02  1.019E+05  4.599E-08  6.500E-02  2.949E+02  2.930E+02
  5.583E-02  2.209E-02  1.019E+05  9.307E-08  6.500E-02  2.963E+02  2.930E+02
  5.583E-02  2.841E-02  1.019E+05  1.827E-07  6.500E-02  2.985E+02  2.930E+02
  5.583E-02  3.472E-02  1.019E+05  2.603E-07  6.499E-02  3.019E+02  2.930E+02
  5.583E-02  4.103E-02  1.019E+05  3.347E-07  6.499E-02  3.069E+02  2.930E+02
  5.583E-02  4.734E-02  1.019E+05  5.727E-07  6.499E-02  3.143E+02  2.930E+02
  5.583E-02  5.366E-02  1.019E+05  4.241E-07  6.500E-02  3.247E+02  2.930E+02
  5.583E-02  5.997E-02  1.018E+05  4.950E-07  6.500E-02  3.391E+02  2.930E+02
  5.583E-02  6.628E-02  1.018E+05  5.343E-07  6.499E-02  3.580E+02  2.930E+02
  5.583E-02  7.259E-02  1.018E+05  7.289E-07  6.498E-02  3.816E+02  2.930E+02
  5.583E-02  7.891E-02  1.018E+05  9.642E-07  6.499E-02  4.085E+02  2.930E+02
  5.583E-02  8.522E-02  1.018E+05  8.353E-07  6.499E-02  4.330E+02  2.930E+02
  5.583E-02  9.153E-02  1.018E+05  8.723E-07  6.498E-02  4.442E+02  2.930E+02
  5.583E-02  9.784E-02  1.018E+05  1.106E-06  6.499E-02  4.330E+02  2.930E+02
  5.583E-02  1.042E-01  1.018E+05  7.294E-07  6.499E-02  4.085E+02  2.930E+02
  5.583E-02  1.105E-01  1.018E+05  7.721E-07  6.498E-02  3.816E+02  2.930E+02
  5.583E-02  1.168E-01  1.018E+05  7.685E-07  6.499E-02  3.580E+02  2.930E+02
  5.583E-02  1.231E-01  1.018E+05  5.633E-07  6.499E-02  3.391E+02  2.930E+02
  5.583E-02  1.294E-01  1.018E+05  7.276E-07  6.498E-02  3.247E+02  2.930E+02
  5.583E-02  1.357E-01  1.018E+05  6.998E-07  6.499E-02  3.143E+02  2.930E+02
  5.583E-02  1.420E-01  1.017E+05  6.862E-07  6.499E-02  3.069E+02  2.930E+02
  5.583E-02  1.483E-01  1.017E+05  6.746E-07  6.498E-02  3.019E+02  2.930E+02
  5.583E-02  1.547E-01  1.017E+05  6.486E-07  6.498E-02  2.985E+02  2.930E+02
  5.583E-02  1.610E-01  1.017E+05  6.247E-07  6.499E-02  2.963E+02  2.930E+02
  5.583E-02  1.673E-01  1.017E+05  5.989E-07  6.499E-02  2.950E+02  2.930E+02
  5.583E-02  1.736E-01  1.017E+05  5.737E-07  6.498E-02  2.941E+02  2.930E+02
  5.583E-02  1.799E-01  1.017E+05  5.471E-07  6.499E-02  2.936E+02  2.930E+02
  5.583E-02  1.862E-01  1.017E+05  5.162E-07  6.499E-02  2.933E+02  2.930E+02
  5.583E-02  1.925E-01  1.017E+05  5.142E-07  6.498E-02  2.932E+02  2.930E+02
  5.583E-02  1.988E-01  1.017E+05  4.959E-07  6.499E-02  2.931E+02  2.930E+02
  5.583E-02  2.052E-01  1.017E+05  4.663E-07  6.499E-02  2.930E+02  2.930E+02
  5.583E-02  2.115E-01  1.017E+05  4.447E-07  6.498E-02  2.930E+02  2.930E+02
  5.583E-02  2.178E-01  1.017E+05  4.356E-07  6.499E-02  2.930E+02  2.930E+02
  5.583E-02  2.241E-01  1.017E+05  4.519E-07  6.499E-02  2.930E+02  2.930E+02
  5.583E-02  2.304E-01  1.016E+05  6.531E-07  6.498E-02  2.930E+02  2.930E+02
  5.583E-02  2.367E-01  1.016E+05  5.129E-07  6.499E-02  2.930E+02  2.930E+02
  5.583E-02  2.430E-01  1.016E+05  2.588E-07  6.499E-02  2.930E+02  2.930E+02
  5.583E-02  2.493E-01  1.016E+05  2.223E-06  6.499E-02  2.930E+02  2.930E+02
  5.583E-02  2.557E-01  1.016E+05  5.606E-06  6.499E-02  2.930E+02  2.930E+02
  5.583E-02  2.620E-01  1.016E+05  2.398E-06  6.499E-02  2.930E+02  2.930E+02
  5.583E-02  2.683E-01  1.016E+05  7.141E-07  6.499E-02  2.930E+02  2.930E+02
  5.583E-02  2.746E-01  1.016E+05  1.225E-06  6.499E-02  2.930E+02  2.930E+02
  5.583E-02  2.809E-01  1.016E+05  1.182E-06  6.498E-02  2.930E+02  2.930E+02
  5.583E-02  2.872E-01  1.016E+05  8.211E-07  6.499E-02  2.930E+02  2.930E+02
  5.583E-02  2.935E-01  1.016E+05  3.162E-07  6.499E-02  2.930E+02  2.930E+02
  5.583E-02  2.998E-01  1.016E+05  2.422E-06  6.499E-02  2.930E+02  2.930E+02
  5.583E-02  3.062E-01  1.016E+05  5.715E-06  6.499E-02  2.930E+02  2.930E+02
  5.583E-02  3.125E-01  1.015E+05  2.457E-06  6.499E-02  2.930E+02  2.930E+02
  5.583E-02  3.188E-01  1.015E+05  5.155E-07  6.499E-02  2.930E+02  2.930E+02
  5.583E-02  3.251E-01  1.015E+05  1.121E-06  6.499E-02  2.930E+02  2.930E+02
  5.583E-02  3.314E-01  1.015E+05  9.028E-07  6.498E-02  2.930E+02  2.930E+02
  5.583E-02  3.377E-01  1.015E+05  5.217E-07  6.499E-02  2.930E+02  2.930E+02
  5.583E-02  3.440E-01  1.015E+05  6.953E-07  6.499E-02  2.930E+02  2.930E+02
  5.583E-02  3.503E-01  1.015E+05  1.025E-06  6.498E-02  2.930E+02  2.930E+02
  5.583E-02  3.567E-01  1.015E+05  1.053E-06  6.499E-02  2.930E+02  2.930E+02
  5.583E-02  3.630E-01  1.015E+05  5.491E-07  6.499E-02  2.930E+02  2.930E+02
  5.583E-02  3.693E-01  1.015E+05  2.233E-06  6.499E-02  2.930E+02  2.930E+02
  5.583E-02  3.756E-01  1.015E+05  5.476E-06  6.499E-02  2.930E+02  2.930E+02
  5.583E-02  3.819E-01  1.015E+05  2.193E-06  6.499E-02  2.930E+02  2.930E+02
  5.583E-02  3.882E-01  1.015E+05 -1.404E-07  6.499E-02  2.930E+02  2.930E+02
  5.583E-02  3.945E-01  1.015E+05  5.102E-07  6.500E-02  2.930E+02  2.930E+02
  5.583E-02  4.008E-01  1.014E+05  4.842E-07  6.500E-02  2.930E+02  2.930E+02
  5.583E-02  4.072E-01  1.014E+05  5.356E-07  6.499E-02  2.930E+02  2.930E+02
  5.583E-02  4.135E-01  1.014E+05  7.895E-07  6.498E-02  2.930E+02  2.930E+02
  5.583E-02  4.198E-01  1.014E+05  6.491E-07  6.499E-02  2.930E+02  2.930E+02
  5.583E-02  4.261E-01  1.014E+05  8.296E-07  6.500E-02  2.930E+02  2.930E+02
  5.583E-02  4.324E-01  1.014E+05  9.392E-07  6.500E-02  2.930E+02  2.930E+02
  5.583E-02  4.387E-01  1.014E+05  8.893E-07  6.499E-02  2.930E+02  2.930E+02
  5.583E-02  4.450E-01  1.014E+05  8.210E-07  6.499E-02  2.930E+02  2.930E+02
  5.583E-02  4.513E-01  1.014E+05  3.882E-07  6.499E-02  2.930E+02  2.930E+02
  5.583E-02  4.577E-01  1.014E+05  3.147E-07  6.500E-02  2.930E+02  2.930E+02
  5.583E-02  4.640E-01  1.014E+05  2.391E-07  6.500E-02  2.930E+02  2.930E+02
  5.583E-02  4.703E-01  1.014E+05  1.945E-07  6.500E-02  2.930E+02  2.930E+02
  5.583E-02  4.766E-01  1.014E+05  1.559E-07  6.500E-02  2.930E+02  2.930E+02
  5.583E-02  4.829E-01  1.014E+05  1.229E-07  6.499E-02  2.930E+02  2.930E+02
  5.583E-02  4.892E-01  1.013E+05  9.021E-08  6.499E-02  2.930E+02  2.930E+02
  5.583E-02  4.955E-01  1.013E+05  7.211E-08  6.499E-02  2.930E+02  2.930E+02
  5.583E-02  5.018E-01  1.013E+05  4.878E-08  6.499E-02  2.930E+02  2.930E+02
  5.583E-02  5.050E-01  1.013E+05  0.000E+00  6.499E-02  2.930E+02  2.930E+02
  6.824E-02  0.000E+00  1.019E+05  0.000E+00  6.500E-02  2.930E+02  2.930E+02
  6.824E-02  3.156E-03  1.019E+05  2.538E-07  6.502E-02  2.933E+02  2.930E+02
  6.824E-02  9.469E-03  1.019E+05  2.482E-07  6.500E-02  2.939E+02  2.930E+02
  6.824E-02  1.578E-02  1.019E+05  2.644E-07  6.500E-02  2.949E+02  2.930E+02
  6.824E-02  2.209E-02  1.019E+05  2.755E-07  6.500E-02  2.963E+02  2.930E+02
  6.824E-02  2.841E-02  1.019E+05  3.105E-07  6.500E-02  2.985E+02  2.930E+02
  6.824E-02  3.472E-02  1.019E+05  3.497E-07  6.499E-02  3.019E+02  2.930E+02
  6.824E-02  4.103E-02  1.019E+05  3.617E-07  6.499E-02  3.069E+02  2.930E+02
  6.824E-02  4.734E-02  1.019E+05  3.576E-07  6.499E-02  3.143E+02  2.930E+02
  6.824E-02  5.366E-02  1.019E+05 -6.411E-08  6.500E-02  3.247E+02  2.930E+02
  6.824E-02  5.997E-02  1.018E+05  3.888E-07  6.500E-02  3.391E+02  2.930E+02
  6.824E-02  6.628E-02  1.018E+05 -3.471E-08  6.499E-02  3.580E+02  2.930E+02
  6.824E-02  7.259E-02  1.018E+05  1.849E-06  6.498E-02  3.816E+02  2.930E+02
  6.824E-02  7.891E-02  1.018E+05  5.168E-06  6.499E-02  4.085E+02  2.930E+02
  6.824E-02  8.522E-02  1.018E+05  2.079E-06  6.499E-02  4.330E+02  2.930E+02
  6.824E-02  9.153E-02  1.018E+05  4.135E-07  6.498E-02  4.442E+02  2.930E+02
  6.824E-02  9.784E-02  1.018E+05  1.106E-06  6.499E-02  4.330E+02  2.930E+02
  6.824E-02  1.042E-01  1.018E+05  9.341E-07  6.499E-02  4.085E+02  2.930E+02
  6.824E-02  1.105E-01  1.018E+05  7.853E-07  6.498E-02  3.816E+02  2.930E+02
  6.824E-02  1.168E-01  1.018E+05  7.573E-07  6.499E-02  3.580E+02  2.930E+02
  6.824E-02  1.231E-01  1.018E+05  5.412E-07  6.499E-02  3.391E+02  2.930E+02
  6.824E-02  1.294E-01  1.018E+05  7.003E-07  6.498E-02  3.247E+02  2.930E+02
  6.824E-02  1.357E-01  1.018E+05  6.610E-07  6.499E-02  3.143E+02  2.930E+02
  6.824E-02  1.420E-01  1.017E+05  6.484E-07  6.499E-02  3.069E+02  2.930E+02
  6.824E-02  1.483E-01  1.017E+05  6.229E-07  6.498E-02  3.019E+02  2.930E+02
  6.824E-02  1.547E-01  1.017E+05  5.921E-07  6.498E-02  2.985E+02  2.930E+02
  6.824E-02  1.610E-01  1.017E+05  5.610E-07  6.499E-02  2.963E+02  2.930E+02
  6.824E-02  1.673E-01  1.017E+05  5.310E-07  6.499E-02  2.950E+02  2.930E+02
  6.824E-02  1.736E-01  1.017E+05  5.039E-07  6.498E-02  2.941E+02  2.930E+02
  6.824E-02  1.799E-01  1.017E+05  4.793E-07  6.499E-02  2.936E+02  2.930E+02
  6.824E-02  1.862E-01  1.017E+05  4.570E-07  6.499E-02  2.933E+02  2.930E+02
  6.824E-02  1.925E-01  1.017E+05  4.473E-07  6.498E-02  2.932E+02  2.930E+02
  6.824E-02  1.988E-01  1.017E+05  4.386E-07  6.499E-02  2.931E+02  2.930E+02
  6.824E-02  2.052E-01  1.017E+05  4.309E-07  6.499E-02  2.930E+02  2.930E+02
  6.824E-02  2.115E-01  1.017E+05  4.432E-07  6.498E-02  2.930E+02  2.930E+02
  6.824E-02  2.178E-01  1.017E+05  4.434E-07  6.499E-02  2.930E+02  2.930E+02
  6.824E-02  2.241E-01  1.017E+05  5.252E-07  6.499E-02  2.930E+02  2.930E+02
  6.824E-02  2.304E-01  1.016E+05  9.332E-07  6.498E-02  2.930E+02  2.930E+02
  6.824E-02  2.367E-01  1.016E+05  1.219E-06  6.499E-02  2.930E+02  2.930E+02
  6.824E-02  2.430E-01  1.016E+05  5.697E-07  6.499E-02  2.930E+02  2.930E+02
  6.824E-02  2.493E-01  1.016E+05  2.301E-06  6.499E-02  2.930E+02  2.930E+02
  6.824E-02  2.557E-01  1.016E+05  5.772E-06  6.499E-02  2.930E+02  2.930E+02
  6.824E-02  2.620E-01  1.016E+05  2.280E-06  6.499E-02  2.930E+02  2.930E+02
  6.824E-02  2.683E-01  1.016E+05  1.992E-07  6.499E-02  2.930E+02  2.930E+02
  6.824E-02  2.746E-01  1.016E+05  2.588E-07  6.499E-02  2.930E+02  2.930E+02
  6.824E-02  2.809E-01  1.016E+05  6.293E-07  6.498E-02  2.930E+02  2.930E+02
  6.824E-02  2.872E-01  1.016E+05  6.361E-07  6.499E-02  2.930E+02  2.930E+02
  6.824E-02  2.935E-01  1.016E+05  2.460E-07  6.499E-02  2.930E+02  2.930E+02
  6.824E-02  2.998E-01  1.016E+05  2.534E-06  6.499E-02  2.930E+02  2.930E+02
  6.824E-02  3.062E-01  1.016E+05  6.013E-06  6.499E-02  2.930E+02  2.930E+02
  6.824E-02  3.125E-01  1.015E+05  2.512E-06  6.499E-02  2.930E+02  2.930E+02
  6.824E-02  3.188E-01  1.015E+05  2.180E-07  6.499E-02  2.930E+02  2.930E+02
  6.824E-02  3.251E-01  1.015E+05  4.459E-07  6.499E-02  2.930E+02  2.930E+02
  6.824E-02  3.314E-01  1.015E+05  8.020E-07  6.498E-02  2.930E+02  2.930E+02
  6.824E-02  3.377E-01  1.015E+05  8.470E-07  6.499E-02  2.930E+02  2.930E+02
  6.824E-02  3.440E-01  1.015E+05  4.399E-07  6.499E-02  2.930E+02  2.930E+02
  6.824E-02  3.503E-01  1.015E+05  2.525E-06  6.499E-02  2.930E+02  2.930E+02
  6.824E-02  3.567E-01  1.015E+05  6.033E-06  6.499E-02  2.930E+02  2.930E+02
  6.824E-02  3.630E-01  1.015E+05  2.597E-06  6.499E-02  2.930E+02  2.930E+02
  6.824E-02  3.693E-01  1.015E+05  6.906E-07  6.499E-02  2.930E+02  2.930E+02
  6.824E-02  3.756E-01  1.015E+05  1.357E-06  6.499E-02  2.930E+02  2.930E+02
  6.824E-02  3.819E-01  1.015E+05  1.517E-06  6.498E-02  2.930E+02  2.930E+02
  6.824E-02  3.882E-01  1.015E+05  1.151E-06  6.499E-02  2.930E+02  2.930E+02
  6.824E-02  3.945E-01  1.015E+05  1.017E-06  6.500E-02  2.930E+02  2.930E+02
  6.824E-02  4.008E-01  1.014E+05  5.612E-07  6.500E-02  2.930E+02  2.930E+02
  6.824E-02  4.072E-01  1.014E+05  5.232E-08  6.499E-02  2.930E+02  2.930E+02
  6.824E-02  4.135E-01  1.014E+05  2.277E-06  6.499E-02  2.930E+02  2.930E+02
  6.824E-02  4.198E-01  1.014E+05  5.739E-06  6.499E-02  2.930E+02  2.930E+02
  6.824E-02  4.261E-01  1.014E+05  2.257E-06  6.500E-02  2.930E+02  2.930E+02
  6.824E-02  4.324E-01  1.014E+05 -1.857E-08  6.499E-02  2.930E+02  2.930E+02
  6.824E-02  4.387E-01  1.014E+05  1.970E-07  6.499E-02  2.930E+02  2.930E+02
  6.824E-02  4.450E-01  1.014E+05  3.385E-07  6.499E-02  2.930E+02  2.930E+02
  6.824E-02  4.513E-01  1.014E+05  2.854E-07  6.499E-02  2.930E+02  2.930E+02
  6.824E-02  4.577E-01  1.014E+05  2.717E-07  6.500E-02  2.930E+02  2.930E+02
  6.824E-02  4.640E-01  1.014E+05  2.342E-07  6.499E-02  2.930E+02  2.930E+02
  6.824E-02  4.703E-01  1.014E+05  1.995E-07  6.499E-02  2.930E+02  2.930E+02
  6.824E-02  4.766E-01  1.014E+05  1.646E-07  6.500E-02  2.930E+02  2.930E+02
  6.824E-02  4.829E-01  1.014E+05  1.323E-07  6.499E-02  2.930E+02  2.930E+02
  6.824E-02  4.892E-01  1.013E+05  1.019E-07  6.499E-02  2.930E+02  2.930E+02
  6.824E-02  4.955E-01  1.013E+05  7.401E-08  6.499E-02  2.930E+02  2.930E+02
  6.824E-02  5.018E-01  1.013E+05  5.384E-08  6.499E-02  2.930E+02  2.930E+02
  6.824E-02  5.050E-01  1.013E+05  0.000E+00  6.499E-02  2.930E+02  2.930E+02
  8.065E-02  0.000E+00  1.019E+05  0.000E+00  6.500E-02  2.930E+02  2.930E+02
  8.065E-02  3.156E-03  1.019E+05  3.375E-07  6.502E-02  2.933E+02  2.930E+02
  8.065E-02  9.469E-03  1.019E+05  3.415E-07  6.500E-02  2.939E+02  2.930E+02
  8.065E-02  1.578E-02  1.019E+05  3.603E-07  6.500E-02  2.949E+02  2.930E+02
  8.065E-02  2.209E-02  1.019E+05  3.725E-07  6.500E-02  2.963E+02  2.930E+02
  8.065E-02  2.841E-02  1.019E+05  4.296E-07  6.500E-02  2.985E+02  2.930E+02
  8.065E-02  3.472E-02  1.019E+05  4.634E-07  6.499E-02  3.019E+02  2.930E+02
  8.065E-02  4.103E-02  1.019E+05  5.069E-07  6.499E-02  3.069E+02  2.930E+02
  8.065E-02  4.734E-02  1.019E+05  3.711E-07  6.499E-02  3.143E+02  2.930E+02
  8.065E-02  5.366E-02  1.019E+05  3.236E-07  6.500E-02  3.247E+02  2.930E+02
  8.065E-02  5.997E-02  1.018E+05  5.540E-07  6.500E-02  3.391E+02  2.930E+02
  8.065E-02  6.628E-02  1.018E+05  9.903E-08  6.499E-02  3.580E+02  2.930E+02
  8.065E-02  7.259E-02  1.018E+05  1.954E-06  6.499E-02  3.816E+02  2.930E+02
  8.065E-02  7.891E-02  1.018E+05  5.227E-06  6.499E-02  4.085E+02  2.930E+02
  8.065E-02  8.522E-02  1.018E+05  2.093E-06  6.498E-02  4.330E+02  2.930E+02
  8.065E-02  9.153E-02  1.018E+05  6.850E-08  6.498E-02  4.442E+02  2.930E+02
  8.065E-02  9.784E-02  1.018E+05  7.351E-07  6.499E-02  4.330E+02  2.930E+02
  8.065E-02  1.042E-01  1.018E+05  7.500E-07  6.499E-02  4.085E+02  2.930E+02
  8.065E-02  1.105E-01  1.018E+05  7.863E-07  6.498E-02  3.816E+02  2.930E+02
  8.065E-02  1.168E-01  1.018E+05  6.262E-07  6.499E-02  3.580E+02  2.930E+02
  8.065E-02  1.231E-01  1.018E+05  7.450E-07  6.499E-02  3.391E+02  2.930E+02
  8.065E-02  1.294E-01  1.018E+05  7.035E-07  6.498E-02  3.247E+02  2.930E+02
  8.065E-02  1.357E-01  1.018E+05  6.495E-07  6.499E-02  3.143E+02  2.930E+02
  8.065E-02  1.420E-01  1.017E+05  6.108E-07  6.499E-02  3.069E+02  2.930E+02
  8.065E-02  1.483E-01  1.017E+05  5.676E-07  6.498E-02  3.019E+02  2.930E+02
  8.065E-02  1.547E-01  1.017E+05  5.281E-07  6.498E-02  2.985E+02  2.930E+02
  8.065E-02  1.610E-01  1.017E+05  4.925E-07  6.499E-02  2.963E+02  2.930E+02
  8.065E-02  1.673E-01  1.017E+05  4.616E-07  6.499E-02  2.950E+02  2.930E+02
  8.065E-02  1.736E-01  1.017E+05  4.358E-07  6.498E-02  2.941E+02  2.930E+02
  8.065E-02  1.799E-01  1.017E+05  4.144E-07  6.499E-02  2.936E+02  2.930E+02
  8.065E-02  1.862E-01  1.017E+05  3.986E-07  6.499E-02  2.933E+02  2.930E+02
  8.065E-02  1.925E-01  1.017E+05  3.893E-07  6.498E-02  2.932E+02  2.930E+02
  8.065E-02  1.988E-01  1.017E+05  3.858E-07  6.499E-02  2.931E+02  2.930E+02
  8.065E-02  2.052E-01  1.017E+05  3.722E-07  6.499E-02  2.930E+02  2.930E+02
  8.065E-02  2.115E-01  1.017E+05  3.852E-07  6.498E-02  2.930E+02  2.930E+02
  8.065E-02  2.178E-01  1.017E+05  2.085E-07  6.499E-02  2.930E+02  2.930E+02
  8.065E-02  2.241E-01  1.017E+05 -6.007E-08  6.499E-02  2.930E+02  2.930E+02
  8.065E-02  2.304E-01  1.016E+05  1.873E-06  6.498E-02  2.930E+02  2.930E+02
  8.065E-02  2.367E-01  1.016E+05  5.243E-06  6.499E-02  2.930E+02  2.930E+02
  8.065E-02  2.430E-01  1.016E+05  2.006E-06  6.499E-02  2.930E+02  2.930E+02
  8.065E-02  2.493E-01  1.016E+05  4.392E-07  6.499E-02  2.930E+02  2.930E+02
  8.065E-02  2.557E-01  1.016E+05  9.347E-07  6.499E-02  2.930E+02  2.930E+02
  8.065E-02  2.620E-01  1.016E+05  9.726E-07  6.498E-02  2.930E+02  2.930E+02
  8.065E-02  2.683E-01  1.016E+05  6.773E-07  6.499E-02  2.930E+02  2.930E+02
  8.065E-02  2.746E-01  1.016E+05  6.607E-07  6.499E-02  2.930E+02  2.930E+02
  8.065E-02  2.809E-01  1.016E+05  7.275E-07  6.498E-02  2.930E+02  2.930E+02
  8.065E-02  2.872E-01  1.016E+05  6.071E-07  6.499E-02  2.930E+02  2.930E+02
  8.065E-02  2.935E-01  1.016E+05  8.721E-07  6.499E-02  2.930E+02  2.930E+02
  8.065E-02  2.998E-01  1.016E+05  1.284E-06  6.500E-02  2.930E+02  2.930E+02
  8.065E-02  3.062E-01  1.016E+05  1.500E-06  6.499E-02  2.930E+02  2.930E+02
  8.065E-02  3.125E-01  1.015E+05  1.242E-06  6.498E-02  2.930E+02  2.930E+02
  8.065E-02  3.188E-01  1.015E+05  8.037E-07  6.499E-02  2.930E+02  2.930E+02
  8.065E-02  3.251E-01  1.015E+05  2.471E-07  6.499E-02  2.930E+02  2.930E+02
  8.065E-02  3.314E-01  1.015E+05  2.131E-06  6.499E-02  2.930E+02  2.930E+02
  8.065E-02  3.377E-01  1.015E+05  5.413E-06  6.499E-02  2.930E+02  2.930E+02
  8.065E-02  3.440E-01  1.015E+05  1.672E-06  6.499E-02  2.930E+02  2.930E+02
  8.065E-02  3.503E-01  1.015E+05  1.811E-06  6.499E-02  2.930E+02  2.930E+02
  8.065E-02  3.567E-01  1.015E+05  5.535E-06  6.499E-02  2.930E+02  2.930E+02
  8.065E-02  3.630E-01  1.015E+05  2.259E-06  6.498E-02  2.930E+02  2.930E+02
  8.065E-02  3.693E-01  1.015E+05 -2.315E-09  6.499E-02  2.930E+02  2.930E+02
  8.065E-02  3.756E-01  1.015E+05 -9.215E-10  6.499E-02  2.930E+02  2.930E+02
  8.065E-02  3.819E-01  1.015E+05  2.390E-06  6.499E-02  2.930E+02  2.930E+02
  8.065E-02  3.882E-01  1.015E+05  5.810E-06  6.499E-02  2.930E+02  2.930E+02
  8.065E-02  3.945E-01  1.015E+05  2.275E-06  6.499E-02  2.930E+02  2.930E+02
  8.065E-02  4.008E-01  1.014E+05 -4.547E-08  6.499E-02  2.930E+02  2.930E+02
  8.065E-02  4.072E-01  1.014E+05 -8.310E-08  6.499E-02  2.930E+02  2.930E+02
  8.065E-02  4.135E-01  1.014E+05  2.160E-06  6.500E-02  2.930E+02  2.930E+02
  8.065E-02  4.198E-01  1.014E+05  5.653E-06  6.499E-02  2.930E+02  2.930E+02
  8.065E-02  4.261E-01  1.014E+05  2.188E-06  6.499E-02  2.930E+02  2.930E+02
  8.065E-02  4.324E-01  1.014E+05 -1.130E-07  6.499E-02  2.930E+02  2.930E+02
  8.065E-02  4.387E-01  1.014E+05  2.791E-07  6.499E-02  2.930E+02  2.930E+02
  8.065E-02  4.450E-01  1.014E+05  2.793E-07  6.499E-02  2.930E+02  2.930E+02
  8.065E-02  4.513E-01  1.014E+05  2.557E-07  6.499E-02  2.930E+02  2.930E+02
  8.065E-02  4.577E-01  1.014E+05  2.679E-07  6.500E-02  2.930E+02  2.930E+02
  8.065E-02  4.640E-01  1.014E+05  2.300E-07  6.499E-02  2.930E+02  2.930E+02
  8.065E-02  4.703E-01  1.014E+05  1.970E-07  6.499E-02  2.930E+02  2.930E+02
  8.065E-02  4.766E-01  1.014E+05  1.613E-07  6.500E-02  2.930E+02  2.930E+02
  8.065E-02  4.829E-01  1.014E+05  1.279E-07  6.499E-02  2.930E+02  2.930E+02
  8.065E-02  4.892E-01  1.013E+05  9.695E-08  6.499E-02  2.930E+02  2.930E+02
  8.065E-02  4.955E-01  1.013E+05  6.619E-08  6.499E-02  2.930E+02  2.930E+02
  8.065E-02  5.018E-01  1.013E+05  4.895E-08  6.499E-02  2.930E+02  2.930E+02
  8.065E-02  5.050E-01  1.013E+05  0.000E+00  6.499E-02  2.930E+02  2.930E+02
  9.305E-02  0.000E+00  1.019E+05  0.000E+00  6.500E-02  2.930E+02  2.930E+02
  9.305E-02  3.156E-03  1.019E+05  3.551E-07  6.502E-02  2.933E+02  2.930E+02
  9.305E-02  9.469E-03  1.019E+05  3.600E-07  6.500E-02  2.939E+02  2.930E+02
  9.305E-02  1.578E-02  1.019E+05  3.889E-07  6.500E-02  2.949E+02  2.930E+02
  9.305E-02  2.209E-02  1.019E+05  4.232E-07  6.500E-02  2.963E+02  2.930E+02
  9.305E-02  2.841E-02  1.019E+05  5.285E-07  6.500E-02  2.985E+02  2.930E+02
  9.305E-02  3.472E-02  1.019E+05  6.437E-07  6.499E-02  3.019E+02  2.930E+02
  9.305E-02  4.103E-02  1.019E+05  9.392E-07  6.499E-02  3.069E+02  2.930E+02
  9.305E-02  4.734E-02  1.019E+05  1.245E-06  6.499E-02  3.143E+02  2.930E+02
  9.305E-02  5.366E-02  1.019E+05  7.811E-07  6.500E-02  3.247E+02  2.930E+02
  9.305E-02  5.997E-02  1.018E+05  8.199E-07  6.500E-02  3.391E+02  2.930E+02
  9.305E-02  6.628E-02  1.018E+05  8.267E-07  6.499E-02  3.580E+02  2.930E+02
  9.305E-02  7.259E-02  1.018E+05  9.970E-07  6.499E-02  3.816E+02  2.930E+02
  9.305E-02  7.891E-02  1.018E+05  9.885E-07  6.499E-02  4.085E+02  2.930E+02
  9.305E-02  8.522E-02  1.018E+05  9.793E-07  6.498E-02  4.330E+02  2.930E+02
  9.305E-02  9.153E-02  1.018E+05  6.191E-07  6.498E-02  4.442E+02  2.930E+02
  9.305E-02  9.784E-02  1.018E+05  7.890E-07  6.499E-02  4.330E+02  2.930E+02
  9.305E-02  1.042E-01  1.018E+05  8.234E-07  6.499E-02  4.085E+02  2.930E+02
  9.305E-02  1.105E-01  1.018E+05  8.733E-07  6.498E-02  3.816E+02  2.930E+02
  9.305E-02  1.168E-01  1.018E+05  1.327E-06  6.499E-02  3.580E+02  2.930E+02
  9.305E-02  1.231E-01  1.018E+05  9.756E-07  6.499E-02  3.391E+02  2.930E+02
  9.305E-02  1.294E-01  1.018E+05  7.074E-07  6.498E-02  3.247E+02  2.930E+02
  9.305E-02  1.357E-01  1.018E+05  3.982E-07  6.499E-02  3.143E+02  2.930E+02
  9.305E-02  1.420E-01  1.017E+05  5.075E-07  6.499E-02  3.069E+02  2.930E+02
  9.305E-02  1.483E-01  1.017E+05  4.505E-07  6.498E-02  3.019E+02  2.930E+02
  9.305E-02  1.547E-01  1.017E+05  4.264E-07  6.498E-02  2.985E+02  2.930E+02
  9.305E-02  1.610E-01  1.017E+05  3.958E-07  6.499E-02  2.963E+02  2.930E+02
  9.305E-02  1.673E-01  1.017E+05  3.704E-07  6.499E-02  2.950E+02  2.930E+02
  9.305E-02  1.736E-01  1.017E+05  3.492E-07  6.498E-02  2.941E+02  2.930E+02
  9.305E-02  1.799E-01  1.017E+05  3.332E-07  6.499E-02  2.936E+02  2.930E+02
  9.305E-02  1.862E-01  1.017E+05  3.240E-07  6.499E-02  2.933E+02  2.930E+02
  9.305E-02  1.925E-01  1.017E+05  3.224E-07  6.498E-02  2.932E+02  2.930E+02
  9.305E-02  1.988E-01  1.017E+05  3.394E-07  6.499E-02  2.931E+02  2.930E+02
  9.305E-02  2.052E-01  1.017E+05  3.575E-07  6.499E-02  2.930E+02  2.930E+02
  9.305E-02  2.115E-01  1.017E+05  5.343E-07  6.498E-02  2.930E+02  2.930E+02
  9.305E-02  2.178E-01  1.017E+05  5.744E-07  6.499E-02  2.930E+02  2.930E+02
  9.305E-02  2.241E-01  1.017E+05  1.243E-07  6.499E-02  2.930E+02  2.930E+02
  9.305E-02  2.304E-01  1.016E+05  1.965E-06  6.499E-02  2.930E+02  2.930E+02
  9.305E-02  2.367E-01  1.016E+05  5.416E-06  6.499E-02  2.930E+02  2.930E+02
  9.305E-02  2.430E-01  1.016E+05  1.972E-06  6.499E-02  2.930E+02  2.930E+02
  9.305E-02  2.493E-01  1.016E+05 -2.653E-08  6.499E-02  2.930E+02  2.930E+02
  9.305E-02  2.557E-01  1.016E+05  5.916E-08  6.499E-02  2.930E+02  2.930E+02
  9.305E-02  2.620E-01  1.016E+05  4.780E-07  6.498E-02  2.930E+02  2.930E+02
  9.305E-02  2.683E-01  1.016E+05  5.374E-07  6.499E-02  2.930E+02  2.930E+02
  9.305E-02  2.746E-01  1.016E+05  6.407E-07  6.499E-02  2.930E+02  2.930E+02
  9.305E-02  2.809E-01  1.016E+05  9.236E-07  6.498E-02  2.930E+02  2.930E+02
  9.305E-02  2.872E-01  1.016E+05  1.024E-06  6.499E-02  2.930E+02  2.930E+02
  9.305E-02  2.935E-01  1.016E+05  9.548E-07  6.500E-02  2.930E+02  2.930E+02
  9.305E-02  2.998E-01  1.016E+05  7.775E-07  6.500E-02  2.930E+02  2.930E+02
  9.305E-02  3.062E-01  1.016E+05  3.544E-07  6.499E-02  2.930E+02  2.930E+02
  9.305E-02  3.125E-01  1.015E+05  7.414E-07  6.498E-02  2.930E+02  2.930E+02
  9.305E-02  3.188E-01  1.015E+05  7.718E-07  6.499E-02  2.930E+02  2.930E+02
  9.305E-02  3.251E-01  1.015E+05  9.084E-07  6.499E-02  2.930E+02  2.930E+02
  9.305E-02  3.314E-01  1.015E+05  1.566E-06  6.499E-02  2.930E+02  2.930E+02
  9.305E-02  3.377E-01  1.015E+05  1.906E-06  6.499E-02  2.930E+02  2.930E+02
  9.305E-02  3.440E-01  1.015E+05  1.655E-06  6.499E-02  2.930E+02  2.930E+02
  9.305E-02  3.503E-01  1.015E+05  1.297E-06  6.499E-02  2.930E+02  2.930E+02
  9.305E-02  3.567E-01  1.015E+05  1.066E-06  6.499E-02  2.930E+02  2.930E+02
  9.305E-02  3.630E-01  1.015E+05  1.455E-06  6.498E-02  2.930E+02  2.930E+02
  9.305E-02  3.693E-01  1.015E+05  1.127E-06  6.499E-02  2.930E+02  2.930E+02
  9.305E-02  3.756E-01  1.015E+05  6.550E-07  6.499E-02  2.930E+02  2.930E+02
  9.305E-02  3.819E-01  1.015E+05  2.398E-06  6.499E-02  2.930E+02  2.930E+02
  9.305E-02  3.882E-01  1.015E+05  5.539E-06  6.499E-02  2.930E+02  2.930E+02
  9.305E-02  3.945E-01  1.015E+05  2.148E-06  6.498E-02  2.930E+02  2.930E+02
  9.305E-02  4.008E-01  1.014E+05 -2.856E-08  6.499E-02  2.930E+02  2.930E+02
  9.305E-02  4.072E-01  1.014E+05  3.984E-07  6.500E-02  2.930E+02  2.930E+02
  9.305E-02  4.135E-01  1.014E+05  6.164E-07  6.500E-02  2.930E+02  2.930E+02
  9.305E-02  4.198E-01  1.014E+05  4.669E-07  6.499E-02  2.930E+02  2.930E+02
  9.305E-02  4.261E-01  1.014E+05  6.368E-07  6.498E-02  2.930E+02  2.930E+02
  9.305E-02  4.324E-01  1.014E+05  3.943E-07  6.499E-02  2.930E+02  2.930E+02
  9.305E-02  4.387E-01  1.014E+05  3.660E-07  6.499E-02  2.930E+02  2.930E+02
  9.305E-02  4.450E-01  1.014E+05  3.834E-07  6.499E-02  2.930E+02  2.930E+02
  9.305E-02  4.513E-01  1.014E+05  1.842E-07  6.499E-02  2.930E+02  2.930E+02
  9.305E-02  4.577E-01  1.014E+05  3.307E-07  6.500E-02  2.930E+02  2.930E+02
  9.305E-02  4.640E-01  1.014E+05  2.466E-07  6.499E-02  2.930E+02  2.930E+02
  9.305E-02  4.703E-01  1.014E+05  2.057E-07  6.499E-02  2.930E+02  2.930E+02
  9.305E-02  4.766E-01  1.014E+05  1.594E-07  6.500E-02  2.930E+02  2.930E+02
  9.305E-02  4.829E-01  1.014E+05  1.218E-07  6.499E-02  2.930E+02  2.930E+02
  9.305E-02  4.892E-01  1.013E+05  8.956E-08  6.499E-02  2.930E+02  2.930E+02
  9.305E-02  4.955E-01  1.013E+05  5.953E-08  6.499E-02  2.930E+02  2.930E+02
  9.305E-02  5.018E-01  1.013E+05  4.324E-08  6.499E-02  2.930E+02  2.930E+02
  9.305E-02  5.050E-01  1.013E+05  0.000E+00  6.499E-02  2.930E+02  2.930E+02
  1.055E-01  0.000E+00  1.019E+05  0.000E+00  6.500E-02  2.930E+02  2.930E+02
  1.055E-01  3.156E-03  1.019E+05  2.772E-07  6.502E-02  2.933E+02  2.930E+02
  1.055E-01  9.469E-03  1.019E+05  2.796E-07  6.500E-02  2.939E+02  2.930E+02
  1.055E-01  1.578E-02  1.019E+05  2.980E-07  6.500E-02  2.949E+02  2.930E+02
  1.055E-01  2.209E-02  1.019E+05  3.151E-07  6.500E-02  2.963E+02  2.930E+02
  1.055E-01  2.841E-02  1.019E+05  4.060E-07  6.500E-02  2.985E+02  2.930E+02
  1.055E-01  3.472E-02  1.019E+05  8.408E-08  6.499E-02  3.019E+02  2.930E+02
  1.055E-01  4.103E-02  1.019E+05  2.187E-06  6.499E-02  3.069E+02  2.930E+02
  1.055E-01  4.734E-02  1.019E+05  6.166E-06  6.499E-02  3.143E+02  2.930E+02
  1.055E-01  5.366E-02  1.019E+05  2.774E-06  6.500E-02  3.247E+02  2.930E+02
  1.055E-01  5.997E-02  1.018E+05  4.752E-07  6.500E-02  3.391E+02  2.930E+02
  1.055E-01  6.628E-02  1.018E+05  7.417E-07  6.499E-02  3.580E+02  2.930E+02
  1.055E-01  7.259E-02  1.018E+05  6.811E-07  6.499E-02  3.816E+02  2.930E+02
  1.055E-01  7.891E-02  1.018E+05  5.092E-07  6.499E-02  4.085E+02  2.930E+02
  1.055E-01  8.522E-02  1.018E+05  5.153E-07  6.498E-02  4.330E+02  2.930E+02
  1.055E-01  9.153E-02  1.018E+05  6.741E-07  6.498E-02  4.442E+02  2.930E+02
  1.055E-01  9.784E-02  1.018E+05  7.259E-07  6.499E-02  4.330E+02  2.930E+02
  1.055E-01  1.042E-01  1.018E+05  3.337E-07  6.499E-02  4.085E+02  2.930E+02
  1.055E-01  1.105E-01  1.018E+05  2.063E-06  6.498E-02  3.816E+02  2.930E+02
  1.055E-01  1.168E-01  1.018E+05  5.976E-06  6.499E-02  3.580E+02  2.930E+02
  1.055E-01  1.231E-01  1.018E+05  2.116E-06  6.499E-02  3.391E+02  2.930E+02
  1.055E-01  1.294E-01  1.018E+05  7.528E-08  6.498E-02  3.247E+02  2.930E+02
  1.055E-01  1.357E-01  1.018E+05  2.194E-07  6.499E-02  3.143E+02  2.930E+02
  1.055E-01  1.420E-01  1.017E+05  3.376E-07  6.499E-02  3.069E+02  2.930E+02
  1.055E-01  1.483E-01  1.017E+05  3.154E-07  6.498E-02  3.019E+02  2.930E+02
  1.055E-01  1.547E-01  1.017E+05  3.044E-07  6.498E-02  2.985E+02  2.930E+02
  1.055E-01  1.610E-01  1.017E+05  2.830E-07  6.499E-02  2.963E+02  2.930E+02
  1.055E-01  1.673E-01  1.017E+05  2.647E-07  6.499E-02  2.950E+02  2.930E+02
  1.055E-01  1.736E-01  1.017E+05  2.510E-07  6.498E-02  2.941E+02  2.930E+02
  1.055E-01  1.799E-01  1.017E+05  2.434E-07  6.499E-02  2.936E+02  2.930E+02
  1.055E-01  1.862E-01  1.017E+05  2.436E-07  6.499E-02  2.933E+02  2.930E+02
  1.055E-01  1.925E-01  1.017E+05  2.564E-07  6.498E-02  2.932E+02  2.930E+02
  1.055E-01  1.988E-01  1.017E+05  2.940E-07  6.499E-02  2.931E+02  2.930E+02
  1.055E-01  2.052E-01  1.017E+05  3.651E-07  6.499E-02  2.930E+02  2.930E+02
  1.055E-01  2.115E-01  1.017E+05  6.072E-07  6.498E-02  2.930E+02  2.930E+02
  1.055E-01  2.178E-01  1.017E+05  8.913E-07  6.499E-02  2.930E+02  2.930E+02
  1.055E-01  2.241E-01  1.017E+05  7.969E-07  6.499E-02  2.930E+02  2.930E+02
  1.055E-01  2.304E-01  1.016E+05  1.015E-06  6.500E-02  2.930E+02  2.930E+02
  1.055E-01  2.367E-01  1.016E+05  1.170E-06  6.499E-02  2.930E+02  2.930E+02
  1.055E-01  2.430E-01  1.016E+05  9.062E-07  6.498E-02  2.930E+02  2.930E+02
  1.055E-01  2.493E-01  1.016E+05  5.292E-07  6.499E-02  2.930E+02  2.930E+02
  1.055E-01  2.557E-01  1.016E+05  4.403E-07  6.499E-02  2.930E+02  2.930E+02
  1.055E-01  2.620E-01  1.016E+05  4.332E-07  6.498E-02  2.930E+02  2.930E+02
  1.055E-01  2.683E-01  1.016E+05  4.574E-07  6.499E-02  2.930E+02  2.930E+02
  1.055E-01  2.746E-01  1.016E+05  9.536E-08  6.499E-02  2.930E+02  2.930E+02
  1.055E-01  2.809E-01  1.016E+05  2.239E-06  6.499E-02  2.930E+02  2.930E+02
  1.055E-01  2.872E-01  1.016E+05  6.167E-06  6.499E-02  2.930E+02  2.930E+02
  1.055E-01  2.935E-01  1.016E+05  2.273E-06  6.499E-02  2.930E+02  2.930E+02
  1.055E-01  2.998E-01  1.016E+05  1.544E-07  6.499E-02  2.930E+02  2.930E+02
  1.055E-01  3.062E-01  1.016E+05  3.299E-07  6.499E-02  2.930E+02  2.930E+02
  1.055E-01  3.125E-01  1.015E+05  5.703E-07  6.498E-02  2.930E+02  2.930E+02
  1.055E-01  3.188E-01  1.015E+05  6.954E-07  6.499E-02  2.930E+02  2.930E+02
  1.055E-01  3.251E-01  1.015E+05  9.149E-07  6.499E-02  2.930E+02  2.930E+02
  1.055E-01  3.314E-01  1.015E+05  1.622E-06  6.499E-02  2.930E+02  2.930E+02
  1.055E-01  3.377E-01  1.015E+05  2.347E-06  6.499E-02  2.930E+02  2.930E+02
  1.055E-01  3.440E-01  1.015E+05  1.690E-06  6.499E-02  2.930E+02  2.930E+02
  1.055E-01  3.503E-01  1.015E+05  1.160E-06  6.499E-02  2.930E+02  2.930E+02
  1.055E-01  3.567E-01  1.015E+05  5.585E-07  6.499E-02  2.930E+02  2.930E+02
  1.055E-01  3.630E-01  1.015E+05  3.296E-06  6.498E-02  2.930E+02  2.930E+02
  1.055E-01  3.693E-01  1.015E+05  7.720E-06  6.499E-02  2.930E+02  2.930E+02
  1.055E-01  3.756E-01  1.015E+05  3.219E-06  6.499E-02  2.930E+02  2.930E+02
  1.055E-01  3.819E-01  1.015E+05  7.196E-07  6.499E-02  2.930E+02  2.930E+02
  1.055E-01  3.882E-01  1.015E+05  6.781E-07  6.499E-02  2.930E+02  2.930E+02
  1.055E-01  3.945E-01  1.015E+05  6.710E-07  6.498E-02  2.930E+02  2.930E+02
  1.055E-01  4.008E-01  1.014E+05  3.804E-07  6.499E-02  2.930E+02  2.930E+02
  1.055E-01  4.072E-01  1.014E+05  3.047E-07  6.500E-02  2.930E+02  2.930E+02
  1.055E-01  4.135E-01  1.014E+05  2.719E-07  6.500E-02  2.930E+02  2.930E+02
  1.055E-01  4.198E-01  1.014E+05  3.815E-08  6.499E-02  2.930E+02  2.930E+02
  1.055E-01  4.261E-01  1.014E+05  2.669E-07  6.499E-02  2.930E+02  2.930E+02
  1.055E-01  4.324E-01  1.014E+05  2.935E-07  6.499E-02  2.930E+02  2.930E+02
  1.055E-01  4.387E-01  1.014E+05  3.681E-07  6.499E-02  2.930E+02  2.930E+02
  1.055E-01  4.450E-01  1.014E+05  6.219E-07  6.498E-02  2.930E+02  2.930E+02
  1.055E-01  4.513E-01  1.014E+05  6.996E-07  6.499E-02  2.930E+02  2.930E+02
  1.055E-01  4.577E-01  1.014E+05  5.959E-07  6.500E-02  2.930E+02  2.930E+02
  1.055E-01  4.640E-01  1.014E+05  3.148E-07  6.499E-02  2.930E+02  2.930E+02
  1.055E-01  4.703E-01  1.014E+05  2.259E-07  6.499E-02  2.930E+02  2.930E+02
  1.055E-01  4.766E-01  1.014E+05  1.529E-07  6.500E-02  2.930E+02  2.930E+02
  1.055E-01  4.829E-01  1.014E+05  1.081E-07  6.499E-02  2.930E+02  2.930E+02
  1.055E-01  4.892E-01  1.013E+05  7.524E-08  6.499E-02  2.930E+02  2.930E+02
  1.055E-01  4.955E-01  1.013E+05  4.828E-08  6.499E-02  2.930E+02  2.930E+02
  1.055E-01  5.018E-01  1.013E+05  3.412E-08  6.499E-02  2.930E+02  2.930E+02
  1.055E-01  5.050E-01  1.013E+05  0.000E+00  6.499E-02  2.930E+02  2.930E+02
  1.179E-01  0.000E+00  1.019E+05  0.000E+00  6.500E-02  2.930E+02  2.930E+02
  1.179E-01  3.156E-03  1.019E+05  1.125E-07  6.502E-02  2.933E+02  2.930E+02
  1.179E-01  9.469E-03  1.019E+05  1.132E-07  6.500E-02  2.939E+02  2.930E+02
  1.179E-01  1.578E-02  1.019E+05  1.157E-07  6.500E-02  2.949E+02  2.930E+02
  1.179E-01  2.209E-02  1.019E+05  1.013E-07  6.500E-02  2.963E+02  2.930E+02
  1.179E-01  2.841E-02  1.019E+05  1.253E-07  6.500E-02  2.985E+02  2.930E+02
  1.179E-01  3.472E-02  1.019E+05 -2.963E-07  6.500E-02  3.019E+02  2.930E+02
  1.179E-01  4.103E-02  1.019E+05  1.554E-06  6.500E-02  3.069E+02  2.930E+02
  1.179E-01  4.734E-02  1.019E+05  2.254E-05  6.499E-02  3.143E+02  2.930E+02
  1.179E-01  5.366E-02  1.019E+05  2.422E-06  6.499E-02  3.247E+02  2.930E+02
  1.179E-01  5.997E-02  1.018E+05  4.272E-08  6.499E-02  3.391E+02  2.930E+02
  1.179E-01  6.628E-02  1.018E+05  3.498E-07  6.499E-02  3.580E+02  2.930E+02
  1.179E-01  7.259E-02  1.018E+05  2.915E-07  6.499E-02  3.816E+02  2.930E+02
  1.179E-01  7.891E-02  1.018E+05  3.044E-07  6.499E-02  4.085E+02  2.930E+02
  1.179E-01  8.522E-02  1.018E+05  1.294E-07  6.498E-02  4.330E+02  2.930E+02
  1.179E-01  9.153E-02  1.018E+05  2.894E-07  6.498E-02  4.442E+02  2.930E+02
  1.179E-01  9.784E-02  1.018E+05  3.186E-07  6.499E-02  4.330E+02  2.930E+02
  1.179E-01  1.042E-01  1.018E+05 -1.208E-07  6.499E-02  4.085E+02  2.930E+02
  1.179E-01  1.105E-01  1.018E+05  1.575E-06  6.499E-02  3.816E+02  2.930E+02
  1.179E-01  1.168E-01  1.018E+05  2.232E-05  6.499E-02  3.580E+02  2.930E+02
  1.179E-01  1.231E-01  1.018E+05  1.584E-06  6.498E-02  3.391E+02  2.930E+02
  1.179E-01  1.294E-01  1.018E+05 -2.969E-07  6.498E-02  3.247E+02  2.930E+02
  1.179E-01  1.357E-01  1.018E+05  1.360E-07  6.499E-02  3.143E+02  2.930E+02
  1.179E-01  1.420E-01  1.017E+05  1.269E-07  6.499E-02  3.069E+02  2.930E+02
  1.179E-01  1.483E-01  1.017E+05  1.355E-07  6.498E-02  3.019E+02  2.930E+02
  1.179E-01  1.547E-01  1.017E+05  1.267E-07  6.498E-02  2.985E+02  2.930E+02
  1.179E-01  1.610E-01  1.017E+05  1.163E-07  6.499E-02  2.963E+02  2.930E+02
  1.179E-01  1.673E-01  1.017E+05  1.073E-07  6.499E-02  2.950E+02  2.930E+02
  1.179E-01  1.736E-01  1.017E+05  1.018E-07  6.498E-02  2.941E+02  2.930E+02
  1.179E-01  1.799E-01  1.017E+05  9.986E-08  6.499E-02  2.936E+02  2.930E+02
  1.179E-01  1.862E-01  1.017E+05  1.021E-07  6.499E-02  2.933E+02  2.930E+02
  1.179E-01  1.925E-01  1.017E+05  1.111E-07  6.498E-02  2.932E+02  2.930E+02
  1.179E-01  1.988E-01  1.017E+05  1.283E-07  6.499E-02  2.931E+02  2.930E+02
  1.179E-01  2.052E-01  1.017E+05  1.648E-07  6.499E-02  2.930E+02  2.930E+02
  1.179E-01  2.115E-01  1.017E+05  2.238E-07  6.498E-02  2.930E+02  2.930E+02
  1.179E-01  2.178E-01  1.017E+05  2.857E-07  6.499E-02  2.930E+02  2.930E+02
  1.179E-01  2.241E-01  1.017E+05  3.068E-07  6.499E-02  2.930E+02  2.930E+02
  1.179E-01  2.304E-01  1.016E+05  3.600E-07  6.499E-02  2.930E+02  2.930E+02
  1.179E-01  2.367E-01  1.016E+05  1.395E-07  6.499E-02  2.930E+02  2.930E+02
  1.179E-01  2.430E-01  1.016E+05  2.549E-07  6.498E-02  2.930E+02  2.930E+02
  1.179E-01  2.493E-01  1.016E+05  1.933E-07  6.499E-02  2.930E+02  2.930E+02
  1.179E-01  2.557E-01  1.016E+05  1.682E-07  6.499E-02  2.930E+02  2.930E+02
  1.179E-01  2.620E-01  1.016E+05  1.428E-07  6.498E-02  2.930E+02  2.930E+02
  1.179E-01  2.683E-01  1.016E+05  1.419E-07  6.499E-02  2.930E+02  2.930E+02
  1.179E-01  2.746E-01  1.016E+05 -2.832E-07  6.499E-02  2.930E+02  2.930E+02
  1.179E-01  2.809E-01  1.016E+05  1.631E-06  6.500E-02  2.930E+02  2.930E+02
  1.179E-01  2.872E-01  1.016E+05  2.276E-05  6.499E-02  2.930E+02  2.930E+02
  1.179E-01  2.935E-01  1.016E+05  1.755E-06  6.498E-02  2.930E+02  2.930E+02
  1.179E-01  2.998E-01  1.016E+05 -2.403E-07  6.499E-02  2.930E+02  2.930E+02
  1.179E-01  3.062E-01  1.016E+05  1.785E-07  6.499E-02  2.930E+02  2.930E+02
  1.179E-01  3.125E-01  1.015E+05  1.717E-07  6.498E-02  2.930E+02  2.930E+02
  1.179E-01  3.188E-01  1.015E+05  1.985E-07  6.499E-02  2.930E+02  2.930E+02
  1.179E-01  3.251E-01  1.015E+05 -2.168E-07  6.500E-02  2.930E+02  2.930E+02
  1.179E-01  3.314E-01  1.015E+05  1.593E-06  6.500E-02  2.930E+02  2.930E+02
  1.179E-01  3.377E-01  1.015E+05  2.256E-05  6.499E-02  2.930E+02  2.930E+02
  1.179E-01  3.440E-01  1.015E+05  1.721E-06  6.498E-02  2.930E+02  2.930E+02
  1.179E-01  3.503E-01  1.015E+05 -9.423E-08  6.499E-02  2.930E+02  2.930E+02
  1.179E-01  3.567E-01  1.015E+05  1.998E-08  6.500E-02  2.930E+02  2.930E+02
  1.179E-01  3.630E-01  1.015E+05  2.374E-06  6.500E-02  2.930E+02  2.930E+02
  1.179E-01  3.693E-01  1.015E+05  2.420E-05  6.499E-02  2.930E+02  2.930E+02
  1.179E-01  3.756E-01  1.015E+05  2.453E-06  6.498E-02  2.930E+02  2.930E+02
  1.179E-01  3.819E-01  1.015E+05 -1.223E-08  6.499E-02  2.930E+02  2.930E+02
  1.179E-01  3.882E-01  1.015E+05  4.877E-08  6.499E-02  2.930E+02  2.930E+02
  1.179E-01  3.945E-01  1.015E+05  1.499E-07  6.498E-02  2.930E+02  2.930E+02
  1.179E-01  4.008E-01  1.014E+05  1.190E-07  6.499E-02  2.930E+02  2.930E+02
  1.179E-01  4.072E-01  1.014E+05  1.145E-07  6.500E-02  2.930E+02  2.930E+02
  1.179E-01  4.135E-01  1.014E+05  1.096E-07  6.500E-02  2.930E+02  2.930E+02
  1.179E-01  4.198E-01  1.014E+05  9.593E-08  6.499E-02  2.930E+02  2.930E+02
  1.179E-01  4.261E-01  1.014E+05  1.223E-07  6.499E-02  2.930E+02  2.930E+02
  1.179E-01  4.324E-01  1.014E+05  1.543E-07  6.499E-02  2.930E+02  2.930E+02
  1.179E-01  4.387E-01  1.014E+05  2.118E-07  6.499E-02  2.930E+02  2.930E+02
  1.179E-01  4.450E-01  1.014E+05  4.254E-07  6.499E-02  2.930E+02  2.930E+02
  1.179E-01  4.513E-01  1.014E+05  6.626E-07  6.499E-02  2.930E+02  2.930E+02
  1.179E-01  4.577E-01  1.014E+05  4.154E-07  6.499E-02  2.930E+02  2.930E+02
  1.179E-01  4.640E-01  1.014E+05  1.898E-07  6.499E-02  2.930E+02  2.930E+02
  1.179E-01  4.703E-01  1.014E+05  1.216E-07  6.499E-02  2.930E+02  2.930E+02
  1.179E-01  4.766E-01  1.014E+05  7.462E-08  6.500E-02  2.930E+02  2.930E+02
  1.179E-01  4.829E-01  1.014E+05  4.961E-08  6.499E-02  2.930E+02  2.930E+02
  1.179E-01  4.892E-01  1.013E+05  3.308E-08  6.499E-02  2.930E+02  2.930E+02
  1.179E-01  4.955E-01  1.013E+05  2.071E-08  6.499E-02  2.930E+02  2.930E+02
  1.179E-01  5.018E-01  1.013E+05  1.435E-08  6.499E-02  2.930E+02  2.930E+02
  1.179E-01  5.050E-01  1.013E+05  0.000E+00  6.499E-02  2.930E+02  2.930E+02
  1.241E-01  0.000E+00  1.019E+05  0.000E+00  6.500E-02  2.930E+02  2.930E+02
  1.241E-01  3.156E-03  1.019E+05  1.125E-07  6.502E-02  2.933E+02  2.930E+02
  1.241E-01  9.469E-03  1.019E+05  1.132E-07  6.500E-02  2.939E+02  2.930E+02
  1.241E-01  1.578E-02  1.019E+05  1.157E-07  6.500E-02  2.949E+02  2.930E+02
  1.241E-01  2.209E-02  1.019E+05  1.013E-07  6.500E-02  2.963E+02  2.930E+02
  1.241E-01  2.841E-02  1.019E+05  1.253E-07  6.500E-02  2.985E+02  2.930E+02
  1.241E-01  3.472E-02  1.019E+05 -2.963E-07  6.500E-02  3.019E+02  2.930E+02
  1.241E-01  4.103E-02  1.019E+05  1.554E-06  6.500E-02  3.069E+02  2.930E+02
  1.241E-01  4.734E-02  1.019E+05  2.254E-05  6.499E-02  3.143E+02  2.930E+02
  1.241E-01  5.366E-02  1.019E+05  2.422E-06  6.499E-02  3.247E+02  2.930E+02
  1.241E-01  5.997E-02  1.018E+05  4.272E-08  6.499E-02  3.391E+02  2.930E+02
  1.241E-01  6.628E-02  1.018E+05  3.498E-07  6.499E-02  3.580E+02  2.930E+02
  1.241E-01  7.259E-02  1.018E+05  2.915E-07  6.499E-02  3.816E+02  2.930E+02
  1.241E-01  7.891E-02  1.018E+05  3.044E-07  6.499E-02  4.085E+02  2.930E+02
  1.241E-01  8.522E-02  1.018E+05  1.294E-07  6.498E-02  4.330E+02  2.930E+02
  1.241E-01  9.153E-02  1.018E+05  2.894E-07  6.498E-02  4.442E+02  2.930E+02
  1.241E-01  9.784E-02  1.018E+05  3.186E-07  6.499E-02  4.330E+02  2.930E+02
  1.241E-01  1.042E-01  1.018E+05 -1.208E-07  6.499E-02  4.085E+02  2.930E+02
  1.241E-01  1.105E-01  1.018E+05  1.575E-06  6.499E-02  3.816E+02  2.930E+02
  1.241E-01  1.168E-01  1.018E+05  2.232E-05  6.499E-02  3.580E+02  2.930E+02
  1.241E-01  1.231E-01  1.018E+05  1.584E-06  6.498E-02  3.391E+02  2.930E+02
  1.241E-01  1.294E-01  1.018E+05 -2.969E-07  6.498E-02  3.247E+02  2.930E+02
  1.241E-01  1.357E-01  1.018E+05  1.360E-07  6.499E-02  3.143E+02  2.930E+02
  1.241E-01  1.420E-01  1.017E+05  1.269E-07  6.499E-02  3.069E+02  2.930E+02
  1.241E-01  1.483E-01  1.017E+05  1.355E-07  6.498E-02  3.019E+02  2.930E+02
  1.241E-01  1.547E-01  1.017E+05  1.267E-07  6.498E-02  2.985E+02  2.930E+02
  1.241E-01  1.610E-01  1.017E+05  1.163E-07  6.499E-02  2.963E+02  2.930E+02
  1.241E-01  1.673E-01  1.017E+05  1.073E-07  6.499E-02  2.950E+02  2.930E+02
  1.241E-01  1.736E-01  1.017E+05  1.018E-07  6.498E-02  2.941E+02  2.930E+02
  1.241E-01  1.799E-01  1.017E+05  9.986E-08  6.499E-02  2.936E+02  2.930E+02
  1.241E-01  1.862E-01  1.017E+05  1.021E-07  6.499E-02  2.933E+02  2.930E+02
  1.241E-01  1.925E-01  1.017E+05  1.111E-07  6.498E-02  2.932E+02  2.930E+02
  1.241E-01  1.988E-01  1.017E+05  1.283E-07  6.499E-02  2.931E+02  2.930E+02
  1.241E-01  2.052E-01  1.017E+05  1.648E-07  6.499E-02  2.930E+02  2.930E+02
  1.241E-01  2.115E-01  1.017E+05  2.238E-07  6.498E-02  2.930E+02  2.930E+02
  1.241E-01  2.178E-01  1.017E+05  2.857E-07  6.499E-02  2.930E+02  2.930E+02
  1.241E-01  2.241E-01  1.017E+05  3.068E-07  6.499E-02  2.930E+02  2.930E+02
  1.241E-01  2.304E-01  1.016E+05  3.600E-07  6.499E-02  2.930E+02  2.930E+02
  1.241E-01  2.367E-01  1.016E+05  1.395E-07  6.499E-02  2.930E+02  2.930E+02
  1.241E-01  2.430E-01  1.016E+05  2.549E-07  6.498E-02  2.930E+02  2.930E+02
  1.241E-01  2.493E-01  1.016E+05  1.933E-07  6.499E-02  2.930E+02  2.930E+02
  1.241E-01  2.557E-01  1.016E+05  1.682E-07  6.499E-02  2.930E+02  2.930E+02
  1.241E-01  2.620E-01  1.016E+05  1.428E-07  6.498E-02  2.930E+02  2.930E+02
  1.241E-01  2.683E-01  1.016E+05  1.419E-07  6.499E-02  2.930E+02  2.930E+02
  1.241E-01  2.746E-01  1.016E+05 -2.832E-07  6.499E-02  2.930E+02  2.930E+02
  1.241E-01  2.809E-01  1.016E+05  1.631E-06  6.500E-02  2.930E+02  2.930E+02
  1.241E-01  2.872E-01  1.016E+05  2.276E-05  6.499E-02  2.930E+02  2.930E+02
  1.241E-01  2.935E-01  1.016E+05  1.755E-06  6.498E-02  2.930E+02  2.930E+02
  1.241E-01  2.998E-01  1.016E+05 -2.403E-07  6.499E-02  2.930E+02  2.930E+02
  1.241E-01  3.062E-01  1.016E+05  1.785E-07  6.499E-02  2.930E+02  2.930E+02
  1.241E-01  3.125E-01  1.015E+05  1.717E-07  6.498E-02  2.930E+02  2.930E+02
  1.241E-01  3.188E-01  1.015E+05  1.985E-07  6.499E-02  2.930E+02  2.930E+02
  1.241E-01  3.251E-01  1.015E+05 -2.168E-07  6.500E-02  2.930E+02  2.930E+02
  1.241E-01  3.314E-01  1.015E+05  1.593E-06  6.500E-02  2.930E+02  2.930E+02
  1.241E-01  3.377E-01  1.015E+05  2.256E-05  6.499E-02  2.930E+02  2.930E+02
  1.241E-01  3.440E-01  1.015E+05  1.721E-06  6.498E-02  2.930E+02  2.930E+02
  1.241E-01  3.503E-01  1.015E+05 -9.423E-08  6.499E-02  2.930E+02  2.930E+02
  1.241E-01  3.567E-01  1.015E+05  1.998E-08  6.500E-02  2.930E+02  2.930E+02
  1.241E-01  3.630E-01  1.015E+05  2.374E-06  6.500E-02  2.930E+02  2.930E+02
  1.241E-01  3.693E-01  1.015E+05  2.420E-05  6.499E-02  2.930E+02  2.930E+02
  1.241E-01  3.756E-01  1.015E+05  2.453E-06  6.498E-02  2.930E+02  2.930E+02
  1.241E-01  3.819E-01  1.015E+05 -1.223E-08  6.499E-02  2.930E+02  2.930E+02
  1.241E-01  3.882E-01  1.015E+05  4.877E-08  6.499E-02  2.930E+02  2.930E+02
  1.241E-01  3.945E-01  1.015E+05  1.499E-07  6.498E-02  2.930E+02  2.930E+02
  1.241E-01  4.008E-01  1.014E+05  1.190E-07  6.499E-02  2.930E+02  2.930E+02
  1.241E-01  4.072E-01  1.014E+05  1.145E-07  6.500E-02  2.930E+02  2.930E+02
  1.241E-01  4.135E-01  1.014E+05  1.096E-07  6.500E-02  2.930E+02  2.930E+02
  1.241E-01  4.198E-01  1.014E+05  9.593E-08  6.499E-02  2.930E+02  2.930E+02
  1.241E-01  4.261E-01  1.014E+05  1.223E-07  6.499E-02  2.930E+02  2.930E+02
  1.241E-01  4.324E-01  1.014E+05  1.543E-07  6.499E-02  2.930E+02  2.930E+02
  1.241E-01  4.387E-01  1.014E+05  2.118E-07  6.499E-02  2.930E+02  2.930E+02
  1.241E-01  4.450E-01  1.014E+05  4.254E-07  6.499E-02  2.930E+02  2.930E+02
  1.241E-01  4.513E-01  1.014E+05  6.626E-07  6.499E-02  2.930E+02  2.930E+02
  1.241E-01  4.577E-01  1.014E+05  4.154E-07  6.499E-02  2.930E+02  2.930E+02
  1.241E-01  4.640E-01  1.014E+05  1.898E-07  6.499E-02  2.930E+02  2.930E+02
  1.241E-01  4.703E-01  1.014E+05  1.216E-07  6.499E-02  2.930E+02  2.930E+02
  1.241E-01  4.766E-01  1.014E+05  7.462E-08  6.500E-02  2.930E+02  2.930E+02
  1.241E-01  4.829E-01  1.014E+05  4.961E-08  6.499E-02  2.930E+02  2.930E+02
  1.241E-01  4.892E-01  1.013E+05  3.308E-08  6.499E-02  2.930E+02  2.930E+02
  1.241E-01  4.955E-01  1.013E+05  2.071E-08  6.499E-02  2.930E+02  2.930E+02
  1.241E-01  5.018E-01  1.013E+05  1.435E-08  6.499E-02  2.930E+02  2.930E+02
  1.241E-01  5.050E-01  1.013E+05  0.000E+00  6.499E-02  2.930E+02  2.930E+02
