VARIABLES="XP","YP","P","U","V","TS","TF"
ZONE T="Zone 001"I=    82 J=    12 F=POINT
  0.000E+00  0.000E+00  1.012E+05  9.672E-09 -2.744E-03  2.930E+02  1.244E+03
  0.000E+00  3.156E-03  1.012E+05  9.672E-09 -2.744E-03  2.930E+02  1.244E+03
  0.000E+00  9.469E-03  1.012E+05 -1.046E-08 -2.719E-03  2.930E+02  2.615E+03
  0.000E+00  1.578E-02  1.012E+05 -2.982E-08 -3.645E-03  2.930E+02  3.168E+03
  0.000E+00  2.209E-02  1.012E+05 -5.535E-08 -4.392E-03  2.931E+02  3.381E+03
  0.000E+00  2.841E-02  1.012E+05 -8.655E-08 -4.865E-03  2.932E+02  3.510E+03
  0.000E+00  3.472E-02  1.012E+05 -1.325E-07 -5.267E-03  2.936E+02  3.623E+03
  0.000E+00  4.103E-02  1.012E+05 -2.127E-07 -5.615E-03  2.943E+02  3.735E+03
  0.000E+00  4.734E-02  1.012E+05 -3.392E-07 -5.927E-03  2.958E+02  3.850E+03
  0.000E+00  5.366E-02  1.012E+05 -6.409E-07 -6.210E-03  2.987E+02  3.972E+03
  0.000E+00  5.997E-02  1.012E+05 -1.176E-06 -6.434E-03  3.040E+02  4.103E+03
  0.000E+00  6.628E-02  1.012E+05 -1.192E-06 -6.576E-03  3.133E+02  4.249E+03
  0.000E+00  7.259E-02  1.012E+05 -7.391E-07 -6.635E-03  3.283E+02  4.418E+03
  0.000E+00  7.891E-02  1.012E+05 -4.558E-07 -6.573E-03  3.513E+02  4.624E+03
  0.000E+00  8.522E-02  1.013E+05 -3.262E-07 -6.396E-03  3.841E+02  4.896E+03
  0.000E+00  9.153E-02  1.013E+05 -2.158E-07 -3.797E-03  4.284E+02  5.290E+03
  0.000E+00  9.784E-02  1.013E+05 -1.404E-07 -3.434E-03  3.841E+02  4.886E+03
  0.000E+00  1.042E-01  1.013E+05 -9.962E-08 -2.308E-03  3.513E+02  4.632E+03
  0.000E+00  1.105E-01  1.013E+05 -2.318E-07 -1.470E-03  3.283E+02  4.445E+03
  0.000E+00  1.168E-01  1.013E+05 -4.222E-07 -8.488E-04  3.133E+02  4.295E+03
  0.000E+00  1.231E-01  1.013E+05 -1.606E-07 -3.486E-04  3.040E+02  4.170E+03
  0.000E+00  1.294E-01  1.013E+05  5.686E-08  6.322E-05  2.987E+02  4.062E+03
  0.000E+00  1.357E-01  1.013E+05  1.082E-07  3.840E-04  2.958E+02  3.965E+03
  0.000E+00  1.420E-01  1.013E+05  1.347E-07  6.421E-04  2.943E+02  3.876E+03
  0.000E+00  1.483E-01  1.013E+05  1.369E-07  8.482E-04  2.936E+02  3.793E+03
  0.000E+00  1.547E-01  1.013E+05  1.279E-07  9.917E-04  2.932E+02  3.715E+03
  0.000E+00  1.610E-01  1.013E+05  1.241E-07  1.091E-03  2.931E+02  3.639E+03
  0.000E+00  1.673E-01  1.013E+05  1.038E-07  1.162E-03  2.930E+02  3.565E+03
  0.000E+00  1.736E-01  1.013E+05  9.286E-08  1.204E-03  2.930E+02  3.492E+03
  0.000E+00  1.799E-01  1.013E+05  7.876E-08  1.216E-03  2.930E+02  3.419E+03
  0.000E+00  1.862E-01  1.013E+05  6.517E-08  1.217E-03  2.930E+02  3.346E+03
  0.000E+00  1.925E-01  1.013E+05  5.409E-08  1.203E-03  2.930E+02  3.271E+03
  0.000E+00  1.988E-01  1.013E+05  4.506E-08  1.164E-03  2.930E+02  3.194E+03
  0.000E+00  2.052E-01  1.013E+05  3.756E-08  1.113E-03  2.930E+02  3.116E+03
  0.000E+00  2.115E-01  1.013E+05  3.114E-08  1.069E-03  2.930E+02  3.037E+03
  0.000E+00  2.178E-01  1.013E+05  2.573E-08  1.018E-03  2.930E+02  2.956E+03
  0.000E+00  2.241E-01  1.013E+05  2.123E-08  9.517E-04  2.930E+02  2.875E+03
  0.000E+00  2.304E-01  1.013E+05  1.752E-08  8.821E-04  2.930E+02  2.793E+03
  0.000E+00  2.367E-01  1.013E+05  1.449E-08  8.202E-04  2.930E+02  2.713E+03
  0.000E+00  2.430E-01  1.013E+05  1.203E-08  7.680E-04  2.930E+02  2.634E+03
  0.000E+00  2.493E-01  1.013E+05  1.001E-08  7.085E-04  2.930E+02  2.556E+03
  0.000E+00  2.557E-01  1.013E+05  8.295E-09  6.388E-04  2.930E+02  2.481E+03
  0.000E+00  2.620E-01  1.013E+05  6.845E-09  5.773E-04  2.930E+02  2.410E+03
  0.000E+00  2.683E-01  1.013E+05  5.773E-09  5.293E-04  2.930E+02  2.341E+03
  0.000E+00  2.746E-01  1.013E+05  5.391E-09  4.786E-04  2.930E+02  2.277E+03
  0.000E+00  2.809E-01  1.013E+05  6.261E-09  4.267E-04  2.930E+02  2.216E+03
  0.000E+00  2.872E-01  1.013E+05  8.975E-09  3.853E-04  2.930E+02  2.159E+03
  0.000E+00  2.935E-01  1.013E+05  1.390E-08  3.438E-04  2.930E+02  2.106E+03
  0.000E+00  2.998E-01  1.013E+05  2.090E-08  3.065E-04  2.930E+02  2.056E+03
  0.000E+00  3.062E-01  1.013E+05  3.127E-08  2.741E-04  2.930E+02  2.011E+03
  0.000E+00  3.125E-01  1.013E+05  3.181E-08  2.409E-04  2.930E+02  1.969E+03
  0.000E+00  3.188E-01  1.013E+05  8.419E-08  2.185E-04  2.930E+02  1.930E+03
  0.000E+00  3.251E-01  1.013E+05 -3.013E-07  1.912E-04  2.930E+02  1.895E+03
  0.000E+00  3.314E-01  1.013E+05  1.779E-06  1.605E-04  2.930E+02  1.862E+03
  0.000E+00  3.377E-01  1.013E+05  2.506E-05  1.532E-04  2.930E+02  1.833E+03
  0.000E+00  3.440E-01  1.013E+05  1.708E-06  1.439E-04  2.930E+02  1.806E+03
  0.000E+00  3.503E-01  1.013E+05 -3.642E-07  1.211E-04  2.930E+02  1.782E+03
  0.000E+00  3.567E-01  1.013E+05  4.617E-08  1.007E-04  2.930E+02  1.760E+03
  0.000E+00  3.630E-01  1.013E+05  7.682E-09  8.744E-05  2.930E+02  1.740E+03
  0.000E+00  3.693E-01  1.013E+05  1.790E-08  8.473E-05  2.930E+02  1.722E+03
  0.000E+00  3.756E-01  1.013E+05  1.404E-08  7.471E-05  2.930E+02  1.705E+03
  0.000E+00  3.819E-01  1.013E+05  1.101E-08  5.482E-05  2.930E+02  1.691E+03
  0.000E+00  3.882E-01  1.013E+05  8.119E-09  4.931E-05  2.930E+02  1.677E+03
  0.000E+00  3.945E-01  1.013E+05  5.895E-09  5.942E-05  2.930E+02  1.666E+03
  0.000E+00  4.008E-01  1.013E+05  4.251E-09  5.826E-05  2.930E+02  1.655E+03
  0.000E+00  4.072E-01  1.013E+05  3.047E-09  4.635E-05  2.930E+02  1.645E+03
  0.000E+00  4.135E-01  1.013E+05  2.171E-09  4.437E-05  2.930E+02  1.637E+03
  0.000E+00  4.198E-01  1.013E+05  1.551E-09  4.591E-05  2.930E+02  1.629E+03
  0.000E+00  4.261E-01  1.013E+05  1.111E-09  3.781E-05  2.930E+02  1.622E+03
  0.000E+00  4.324E-01  1.013E+05  7.914E-10  3.062E-05  2.930E+02  1.616E+03
  0.000E+00  4.387E-01  1.013E+05  5.720E-10  3.672E-05  2.930E+02  1.610E+03
  0.000E+00  4.450E-01  1.013E+05  4.307E-10  4.268E-05  2.930E+02  1.605E+03
  0.000E+00  4.513E-01  1.013E+05  3.235E-10  3.737E-05  2.930E+02  1.601E+03
  0.000E+00  4.577E-01  1.013E+05  2.314E-10  2.825E-05  2.930E+02  1.598E+03
  0.000E+00  4.640E-01  1.013E+05  1.566E-10  2.623E-05  2.930E+02  1.594E+03
  0.000E+00  4.703E-01  1.013E+05  1.058E-10  3.678E-05  2.930E+02  1.592E+03
  0.000E+00  4.766E-01  1.013E+05  8.813E-11  4.784E-05  2.930E+02  1.590E+03
  0.000E+00  4.829E-01  1.013E+05  9.323E-11  4.354E-05  2.930E+02  1.588E+03
  0.000E+00  4.892E-01  1.013E+05  9.280E-11  2.819E-05  2.930E+02  1.587E+03
  0.000E+00  4.955E-01  1.013E+05  1.100E-10  3.272E-05  2.930E+02  1.586E+03
  0.000E+00  5.018E-01  1.013E+05  1.204E-10 -2.344E-05  2.930E+02  1.585E+03
  0.000E+00  5.050E-01  1.013E+05  1.204E-10 -2.344E-05  2.930E+02  1.585E+03
  6.203E-03  0.000E+00  1.012E+05  0.000E+00  0.000E+00  2.930E+02  2.930E+02
  6.203E-03  3.156E-03  1.012E+05  9.672E-09 -2.744E-03  2.930E+02  1.244E+03
  6.203E-03  9.469E-03  1.012E+05 -1.046E-08 -2.719E-03  2.930E+02  2.615E+03
  6.203E-03  1.578E-02  1.012E+05 -2.982E-08 -3.645E-03  2.930E+02  3.168E+03
  6.203E-03  2.209E-02  1.012E+05 -5.535E-08 -4.392E-03  2.931E+02  3.381E+03
  6.203E-03  2.841E-02  1.012E+05 -8.655E-08 -4.865E-03  2.932E+02  3.510E+03
  6.203E-03  3.472E-02  1.012E+05 -1.325E-07 -5.267E-03  2.936E+02  3.623E+03
  6.203E-03  4.103E-02  1.012E+05 -2.127E-07 -5.615E-03  2.943E+02  3.735E+03
  6.203E-03  4.734E-02  1.012E+05 -3.392E-07 -5.927E-03  2.958E+02  3.850E+03
  6.203E-03  5.366E-02  1.012E+05 -6.409E-07 -6.210E-03  2.987E+02  3.972E+03
  6.203E-03  5.997E-02  1.012E+05 -1.176E-06 -6.434E-03  3.040E+02  4.103E+03
  6.203E-03  6.628E-02  1.012E+05 -1.192E-06 -6.576E-03  3.133E+02  4.249E+03
  6.203E-03  7.259E-02  1.012E+05 -7.391E-07 -6.635E-03  3.283E+02  4.418E+03
  6.203E-03  7.891E-02  1.012E+05 -4.558E-07 -6.573E-03  3.513E+02  4.624E+03
  6.203E-03  8.522E-02  1.013E+05 -3.262E-07 -6.396E-03  3.841E+02  4.896E+03
  6.203E-03  9.153E-02  1.013E+05 -2.158E-07 -3.797E-03  4.284E+02  5.290E+03
  6.203E-03  9.784E-02  1.013E+05 -1.404E-07 -3.434E-03  3.841E+02  4.886E+03
  6.203E-03  1.042E-01  1.013E+05 -9.962E-08 -2.308E-03  3.513E+02  4.632E+03
  6.203E-03  1.105E-01  1.013E+05 -2.318E-07 -1.470E-03  3.283E+02  4.445E+03
  6.203E-03  1.168E-01  1.013E+05 -4.222E-07 -8.488E-04  3.133E+02  4.295E+03
  6.203E-03  1.231E-01  1.013E+05 -1.606E-07 -3.486E-04  3.040E+02  4.170E+03
  6.203E-03  1.294E-01  1.013E+05  5.686E-08  6.322E-05  2.987E+02  4.062E+03
  6.203E-03  1.357E-01  1.013E+05  1.082E-07  3.840E-04  2.958E+02  3.965E+03
  6.203E-03  1.420E-01  1.013E+05  1.347E-07  6.421E-04  2.943E+02  3.876E+03
  6.203E-03  1.483E-01  1.013E+05  1.369E-07  8.482E-04  2.936E+02  3.793E+03
  6.203E-03  1.547E-01  1.013E+05  1.279E-07  9.917E-04  2.932E+02  3.715E+03
  6.203E-03  1.610E-01  1.013E+05  1.241E-07  1.091E-03  2.931E+02  3.639E+03
  6.203E-03  1.673E-01  1.013E+05  1.038E-07  1.162E-03  2.930E+02  3.565E+03
  6.203E-03  1.736E-01  1.013E+05  9.286E-08  1.204E-03  2.930E+02  3.492E+03
  6.203E-03  1.799E-01  1.013E+05  7.876E-08  1.216E-03  2.930E+02  3.419E+03
  6.203E-03  1.862E-01  1.013E+05  6.517E-08  1.217E-03  2.930E+02  3.346E+03
  6.203E-03  1.925E-01  1.013E+05  5.409E-08  1.203E-03  2.930E+02  3.271E+03
  6.203E-03  1.988E-01  1.013E+05  4.506E-08  1.164E-03  2.930E+02  3.194E+03
  6.203E-03  2.052E-01  1.013E+05  3.756E-08  1.113E-03  2.930E+02  3.116E+03
  6.203E-03  2.115E-01  1.013E+05  3.114E-08  1.069E-03  2.930E+02  3.037E+03
  6.203E-03  2.178E-01  1.013E+05  2.573E-08  1.018E-03  2.930E+02  2.956E+03
  6.203E-03  2.241E-01  1.013E+05  2.123E-08  9.517E-04  2.930E+02  2.875E+03
  6.203E-03  2.304E-01  1.013E+05  1.752E-08  8.821E-04  2.930E+02  2.793E+03
  6.203E-03  2.367E-01  1.013E+05  1.449E-08  8.202E-04  2.930E+02  2.713E+03
  6.203E-03  2.430E-01  1.013E+05  1.203E-08  7.680E-04  2.930E+02  2.634E+03
  6.203E-03  2.493E-01  1.013E+05  1.001E-08  7.085E-04  2.930E+02  2.556E+03
  6.203E-03  2.557E-01  1.013E+05  8.295E-09  6.388E-04  2.930E+02  2.481E+03
  6.203E-03  2.620E-01  1.013E+05  6.845E-09  5.773E-04  2.930E+02  2.410E+03
  6.203E-03  2.683E-01  1.013E+05  5.773E-09  5.293E-04  2.930E+02  2.341E+03
  6.203E-03  2.746E-01  1.013E+05  5.391E-09  4.786E-04  2.930E+02  2.277E+03
  6.203E-03  2.809E-01  1.013E+05  6.261E-09  4.267E-04  2.930E+02  2.216E+03
  6.203E-03  2.872E-01  1.013E+05  8.975E-09  3.853E-04  2.930E+02  2.159E+03
  6.203E-03  2.935E-01  1.013E+05  1.390E-08  3.438E-04  2.930E+02  2.106E+03
  6.203E-03  2.998E-01  1.013E+05  2.090E-08  3.065E-04  2.930E+02  2.056E+03
  6.203E-03  3.062E-01  1.013E+05  3.127E-08  2.741E-04  2.930E+02  2.011E+03
  6.203E-03  3.125E-01  1.013E+05  3.181E-08  2.409E-04  2.930E+02  1.969E+03
  6.203E-03  3.188E-01  1.013E+05  8.419E-08  2.185E-04  2.930E+02  1.930E+03
  6.203E-03  3.251E-01  1.013E+05 -3.013E-07  1.912E-04  2.930E+02  1.895E+03
  6.203E-03  3.314E-01  1.013E+05  1.779E-06  1.605E-04  2.930E+02  1.862E+03
  6.203E-03  3.377E-01  1.013E+05  2.506E-05  1.532E-04  2.930E+02  1.833E+03
  6.203E-03  3.440E-01  1.013E+05  1.708E-06  1.439E-04  2.930E+02  1.806E+03
  6.203E-03  3.503E-01  1.013E+05 -3.642E-07  1.211E-04  2.930E+02  1.782E+03
  6.203E-03  3.567E-01  1.013E+05  4.617E-08  1.007E-04  2.930E+02  1.760E+03
  6.203E-03  3.630E-01  1.013E+05  7.682E-09  8.744E-05  2.930E+02  1.740E+03
  6.203E-03  3.693E-01  1.013E+05  1.790E-08  8.473E-05  2.930E+02  1.722E+03
  6.203E-03  3.756E-01  1.013E+05  1.404E-08  7.471E-05  2.930E+02  1.705E+03
  6.203E-03  3.819E-01  1.013E+05  1.101E-08  5.482E-05  2.930E+02  1.691E+03
  6.203E-03  3.882E-01  1.013E+05  8.119E-09  4.931E-05  2.930E+02  1.677E+03
  6.203E-03  3.945E-01  1.013E+05  5.895E-09  5.942E-05  2.930E+02  1.666E+03
  6.203E-03  4.008E-01  1.013E+05  4.251E-09  5.826E-05  2.930E+02  1.655E+03
  6.203E-03  4.072E-01  1.013E+05  3.047E-09  4.635E-05  2.930E+02  1.645E+03
  6.203E-03  4.135E-01  1.013E+05  2.171E-09  4.437E-05  2.930E+02  1.637E+03
  6.203E-03  4.198E-01  1.013E+05  1.551E-09  4.591E-05  2.930E+02  1.629E+03
  6.203E-03  4.261E-01  1.013E+05  1.111E-09  3.781E-05  2.930E+02  1.622E+03
  6.203E-03  4.324E-01  1.013E+05  7.914E-10  3.062E-05  2.930E+02  1.616E+03
  6.203E-03  4.387E-01  1.013E+05  5.720E-10  3.672E-05  2.930E+02  1.610E+03
  6.203E-03  4.450E-01  1.013E+05  4.307E-10  4.268E-05  2.930E+02  1.605E+03
  6.203E-03  4.513E-01  1.013E+05  3.235E-10  3.737E-05  2.930E+02  1.601E+03
  6.203E-03  4.577E-01  1.013E+05  2.314E-10  2.825E-05  2.930E+02  1.598E+03
  6.203E-03  4.640E-01  1.013E+05  1.566E-10  2.623E-05  2.930E+02  1.594E+03
  6.203E-03  4.703E-01  1.013E+05  1.058E-10  3.678E-05  2.930E+02  1.592E+03
  6.203E-03  4.766E-01  1.013E+05  8.813E-11  4.784E-05  2.930E+02  1.590E+03
  6.203E-03  4.829E-01  1.013E+05  9.323E-11  4.354E-05  2.930E+02  1.588E+03
  6.203E-03  4.892E-01  1.013E+05  9.280E-11  2.819E-05  2.930E+02  1.587E+03
  6.203E-03  4.955E-01  1.013E+05  1.100E-10  3.272E-05  2.930E+02  1.586E+03
  6.203E-03  5.018E-01  1.013E+05  1.204E-10 -2.344E-05  2.930E+02  1.585E+03
  6.203E-03  5.050E-01  1.013E+05  0.000E+00 -2.344E-05  2.930E+02  1.585E+03
  1.861E-02  0.000E+00  1.012E+05  0.000E+00  0.000E+00  2.930E+02  2.930E+02
  1.861E-02  3.156E-03  1.012E+05  4.186E-08 -2.744E-03  2.930E+02  1.244E+03
  1.861E-02  9.469E-03  1.012E+05 -4.373E-08 -2.719E-03  2.930E+02  2.616E+03
  1.861E-02  1.578E-02  1.012E+05 -8.878E-08 -3.645E-03  2.930E+02  3.168E+03
  1.861E-02  2.209E-02  1.012E+05 -1.538E-07 -4.392E-03  2.931E+02  3.381E+03
  1.861E-02  2.841E-02  1.012E+05 -2.159E-07 -4.865E-03  2.932E+02  3.510E+03
  1.861E-02  3.472E-02  1.012E+05 -3.111E-07 -5.267E-03  2.936E+02  3.623E+03
  1.861E-02  4.103E-02  1.012E+05 -4.625E-07 -5.615E-03  2.943E+02  3.735E+03
  1.861E-02  4.734E-02  1.012E+05 -6.888E-07 -5.927E-03  2.958E+02  3.850E+03
  1.861E-02  5.366E-02  1.012E+05 -1.133E-06 -6.212E-03  2.987E+02  3.973E+03
  1.861E-02  5.997E-02  1.012E+05 -1.848E-06 -6.434E-03  3.040E+02  4.103E+03
  1.861E-02  6.628E-02  1.012E+05 -1.965E-06 -6.575E-03  3.133E+02  4.249E+03
  1.861E-02  7.259E-02  1.012E+05 -1.442E-06 -6.634E-03  3.283E+02  4.418E+03
  1.861E-02  7.891E-02  1.012E+05 -1.023E-06 -6.573E-03  3.513E+02  4.624E+03
  1.861E-02  8.522E-02  1.013E+05 -7.307E-07 -6.397E-03  3.841E+02  4.896E+03
  1.861E-02  9.153E-02  1.013E+05 -4.037E-07 -3.798E-03  4.284E+02  5.290E+03
  1.861E-02  9.784E-02  1.013E+05 -1.321E-07 -3.435E-03  3.841E+02  4.886E+03
  1.861E-02  1.042E-01  1.013E+05  5.765E-07 -2.310E-03  3.513E+02  4.632E+03
  1.861E-02  1.105E-01  1.013E+05 -1.294E-06 -1.472E-03  3.283E+02  4.444E+03
  1.861E-02  1.168E-01  1.013E+05 -4.967E-06 -8.501E-04  3.133E+02  4.295E+03
  1.861E-02  1.231E-01  1.013E+05 -1.137E-06 -3.490E-04  3.040E+02  4.170E+03
  1.861E-02  1.294E-01  1.013E+05  9.423E-07  6.257E-05  2.987E+02  4.061E+03
  1.861E-02  1.357E-01  1.013E+05  4.550E-07  3.832E-04  2.958E+02  3.965E+03
  1.861E-02  1.420E-01  1.013E+05  4.460E-07  6.414E-04  2.943E+02  3.876E+03
  1.861E-02  1.483E-01  1.013E+05  4.067E-07  8.475E-04  2.936E+02  3.793E+03
  1.861E-02  1.547E-01  1.013E+05  3.631E-07  9.912E-04  2.932E+02  3.714E+03
  1.861E-02  1.610E-01  1.013E+05  5.298E-07  1.090E-03  2.931E+02  3.639E+03
  1.861E-02  1.673E-01  1.013E+05  2.811E-07  1.162E-03  2.930E+02  3.565E+03
  1.861E-02  1.736E-01  1.013E+05  2.442E-07  1.204E-03  2.930E+02  3.492E+03
  1.861E-02  1.799E-01  1.013E+05  1.891E-07  1.216E-03  2.930E+02  3.419E+03
  1.861E-02  1.862E-01  1.013E+05  1.521E-07  1.216E-03  2.930E+02  3.345E+03
  1.861E-02  1.925E-01  1.013E+05  1.283E-07  1.203E-03  2.930E+02  3.271E+03
  1.861E-02  1.988E-01  1.013E+05  1.068E-07  1.163E-03  2.930E+02  3.194E+03
  1.861E-02  2.052E-01  1.013E+05  8.872E-08  1.113E-03  2.930E+02  3.116E+03
  1.861E-02  2.115E-01  1.013E+05  7.311E-08  1.069E-03  2.930E+02  3.037E+03
  1.861E-02  2.178E-01  1.013E+05  6.005E-08  1.017E-03  2.930E+02  2.956E+03
  1.861E-02  2.241E-01  1.013E+05  4.931E-08  9.516E-04  2.930E+02  2.875E+03
  1.861E-02  2.304E-01  1.013E+05  4.060E-08  8.820E-04  2.930E+02  2.793E+03
  1.861E-02  2.367E-01  1.013E+05  3.360E-08  8.202E-04  2.930E+02  2.713E+03
  1.861E-02  2.430E-01  1.013E+05  2.797E-08  7.680E-04  2.930E+02  2.634E+03
  1.861E-02  2.493E-01  1.013E+05  2.330E-08  7.085E-04  2.930E+02  2.556E+03
  1.861E-02  2.557E-01  1.013E+05  1.920E-08  6.388E-04  2.930E+02  2.481E+03
  1.861E-02  2.620E-01  1.013E+05  1.537E-08  5.773E-04  2.930E+02  2.410E+03
  1.861E-02  2.683E-01  1.013E+05  1.195E-08  5.293E-04  2.930E+02  2.341E+03
  1.861E-02  2.746E-01  1.013E+05  9.660E-09  4.786E-04  2.930E+02  2.277E+03
  1.861E-02  2.809E-01  1.013E+05  1.046E-08  4.267E-04  2.930E+02  2.216E+03
  1.861E-02  2.872E-01  1.013E+05  1.642E-08  3.853E-04  2.930E+02  2.159E+03
  1.861E-02  2.935E-01  1.013E+05  2.830E-08  3.438E-04  2.930E+02  2.106E+03
  1.861E-02  2.998E-01  1.013E+05  4.721E-08  3.066E-04  2.930E+02  2.056E+03
  1.861E-02  3.062E-01  1.013E+05  7.769E-08  2.741E-04  2.930E+02  2.011E+03
  1.861E-02  3.125E-01  1.013E+05  1.215E-07  2.410E-04  2.930E+02  1.969E+03
  1.861E-02  3.188E-01  1.013E+05  2.482E-07  2.178E-04  2.930E+02  1.930E+03
  1.861E-02  3.251E-01  1.013E+05  1.050E-07  1.945E-04  2.930E+02  1.895E+03
  1.861E-02  3.314E-01  1.013E+05  2.601E-06  1.730E-04  2.930E+02  1.862E+03
  1.861E-02  3.377E-01  1.013E+05  6.802E-06  1.531E-04  2.930E+02  1.833E+03
  1.861E-02  3.440E-01  1.013E+05  2.147E-06  1.313E-04  2.930E+02  1.806E+03
  1.861E-02  3.503E-01  1.013E+05 -1.690E-07  1.178E-04  2.930E+02  1.782E+03
  1.861E-02  3.567E-01  1.013E+05  1.586E-07  1.015E-04  2.930E+02  1.760E+03
  1.861E-02  3.630E-01  1.013E+05  7.095E-08  8.740E-05  2.930E+02  1.740E+03
  1.861E-02  3.693E-01  1.013E+05  5.715E-08  8.475E-05  2.930E+02  1.722E+03
  1.861E-02  3.756E-01  1.013E+05  3.924E-08  7.471E-05  2.930E+02  1.705E+03
  1.861E-02  3.819E-01  1.013E+05  2.783E-08  5.481E-05  2.930E+02  1.691E+03
  1.861E-02  3.882E-01  1.013E+05  1.961E-08  4.930E-05  2.930E+02  1.677E+03
  1.861E-02  3.945E-01  1.013E+05  1.388E-08  5.942E-05  2.930E+02  1.666E+03
  1.861E-02  4.008E-01  1.013E+05  9.868E-09  5.825E-05  2.930E+02  1.655E+03
  1.861E-02  4.072E-01  1.013E+05  7.027E-09  4.634E-05  2.930E+02  1.645E+03
  1.861E-02  4.135E-01  1.013E+05  5.003E-09  4.437E-05  2.930E+02  1.637E+03
  1.861E-02  4.198E-01  1.013E+05  3.569E-09  4.591E-05  2.930E+02  1.629E+03
  1.861E-02  4.261E-01  1.013E+05  2.551E-09  3.781E-05  2.930E+02  1.622E+03
  1.861E-02  4.324E-01  1.013E+05  1.828E-09  3.061E-05  2.930E+02  1.616E+03
  1.861E-02  4.387E-01  1.013E+05  1.351E-09  3.672E-05  2.930E+02  1.610E+03
  1.861E-02  4.450E-01  1.013E+05  1.035E-09  4.268E-05  2.930E+02  1.605E+03
  1.861E-02  4.513E-01  1.013E+05  7.698E-10  3.737E-05  2.930E+02  1.601E+03
  1.861E-02  4.577E-01  1.013E+05  5.440E-10  2.825E-05  2.930E+02  1.598E+03
  1.861E-02  4.640E-01  1.013E+05  3.754E-10  2.623E-05  2.930E+02  1.594E+03
  1.861E-02  4.703E-01  1.013E+05  2.623E-10  3.678E-05  2.930E+02  1.592E+03
  1.861E-02  4.766E-01  1.013E+05  2.040E-10  4.784E-05  2.930E+02  1.590E+03
  1.861E-02  4.829E-01  1.013E+05  1.822E-10  4.354E-05  2.930E+02  1.588E+03
  1.861E-02  4.892E-01  1.013E+05  1.594E-10  2.819E-05  2.930E+02  1.587E+03
  1.861E-02  4.955E-01  1.013E+05  1.591E-10  3.272E-05  2.930E+02  1.586E+03
  1.861E-02  5.018E-01  1.013E+05  1.641E-10 -2.344E-05  2.930E+02  1.585E+03
  1.861E-02  5.050E-01  1.013E+05  0.000E+00 -2.344E-05  2.930E+02  1.585E+03
  3.102E-02  0.000E+00  1.012E+05  0.000E+00  0.000E+00  2.930E+02  2.930E+02
  3.102E-02  3.156E-03  1.012E+05  1.337E-08 -2.744E-03  2.930E+02  1.244E+03
  3.102E-02  9.469E-03  1.012E+05 -6.944E-08 -2.719E-03  2.930E+02  2.616E+03
  3.102E-02  1.578E-02  1.012E+05 -1.103E-07 -3.645E-03  2.930E+02  3.169E+03
  3.102E-02  2.209E-02  1.012E+05 -1.785E-07 -4.392E-03  2.931E+02  3.381E+03
  3.102E-02  2.841E-02  1.012E+05 -2.271E-07 -4.866E-03  2.932E+02  3.511E+03
  3.102E-02  3.472E-02  1.012E+05 -3.115E-07 -5.267E-03  2.936E+02  3.624E+03
  3.102E-02  4.103E-02  1.012E+05 -4.269E-07 -5.616E-03  2.943E+02  3.736E+03
  3.102E-02  4.734E-02  1.012E+05 -5.817E-07 -5.928E-03  2.958E+02  3.851E+03
  3.102E-02  5.366E-02  1.012E+05 -7.880E-07 -6.212E-03  2.987E+02  3.973E+03
  3.102E-02  5.997E-02  1.012E+05 -1.033E-06 -6.435E-03  3.040E+02  4.104E+03
  3.102E-02  6.628E-02  1.012E+05 -1.198E-06 -6.575E-03  3.133E+02  4.250E+03
  3.102E-02  7.259E-02  1.012E+05 -1.168E-06 -6.635E-03  3.283E+02  4.418E+03
  3.102E-02  7.891E-02  1.012E+05 -1.015E-06 -6.575E-03  3.513E+02  4.624E+03
  3.102E-02  8.522E-02  1.013E+05 -7.779E-07 -6.399E-03  3.841E+02  4.896E+03
  3.102E-02  9.153E-02  1.013E+05 -4.370E-07 -3.801E-03  4.284E+02  5.289E+03
  3.102E-02  9.784E-02  1.013E+05 -1.114E-07 -3.437E-03  3.841E+02  4.885E+03
  3.102E-02  1.042E-01  1.013E+05  6.614E-07 -2.316E-03  3.513E+02  4.631E+03
  3.102E-02  1.105E-01  1.013E+05 -9.965E-07 -1.485E-03  3.283E+02  4.443E+03
  3.102E-02  1.168E-01  1.013E+05 -4.414E-06 -8.523E-04  3.133E+02  4.294E+03
  3.102E-02  1.231E-01  1.013E+05 -8.158E-07 -3.411E-04  3.040E+02  4.170E+03
  3.102E-02  1.294E-01  1.013E+05  1.067E-06  6.317E-05  2.987E+02  4.061E+03
  3.102E-02  1.357E-01  1.013E+05  5.288E-07  3.805E-04  2.958E+02  3.964E+03
  3.102E-02  1.420E-01  1.013E+05  4.695E-07  6.400E-04  2.943E+02  3.875E+03
  3.102E-02  1.483E-01  1.013E+05  3.868E-07  8.464E-04  2.936E+02  3.793E+03
  3.102E-02  1.547E-01  1.013E+05  1.583E-07  9.907E-04  2.932E+02  3.714E+03
  3.102E-02  1.610E-01  1.013E+05  9.952E-08  1.089E-03  2.931E+02  3.639E+03
  3.102E-02  1.673E-01  1.013E+05  6.133E-08  1.161E-03  2.930E+02  3.565E+03
  3.102E-02  1.736E-01  1.013E+05  1.975E-07  1.203E-03  2.930E+02  3.492E+03
  3.102E-02  1.799E-01  1.013E+05  1.742E-07  1.216E-03  2.930E+02  3.419E+03
  3.102E-02  1.862E-01  1.013E+05  1.597E-07  1.216E-03  2.930E+02  3.345E+03
  3.102E-02  1.925E-01  1.013E+05  1.425E-07  1.202E-03  2.930E+02  3.271E+03
  3.102E-02  1.988E-01  1.013E+05  1.226E-07  1.163E-03  2.930E+02  3.194E+03
  3.102E-02  2.052E-01  1.013E+05  1.026E-07  1.113E-03  2.930E+02  3.116E+03
  3.102E-02  2.115E-01  1.013E+05  8.445E-08  1.068E-03  2.930E+02  3.037E+03
  3.102E-02  2.178E-01  1.013E+05  6.902E-08  1.017E-03  2.930E+02  2.956E+03
  3.102E-02  2.241E-01  1.013E+05  5.643E-08  9.516E-04  2.930E+02  2.875E+03
  3.102E-02  2.304E-01  1.013E+05  4.644E-08  8.820E-04  2.930E+02  2.793E+03
  3.102E-02  2.367E-01  1.013E+05  3.868E-08  8.201E-04  2.930E+02  2.713E+03
  3.102E-02  2.430E-01  1.013E+05  3.267E-08  7.680E-04  2.930E+02  2.634E+03
  3.102E-02  2.493E-01  1.013E+05  2.776E-08  7.084E-04  2.930E+02  2.556E+03
  3.102E-02  2.557E-01  1.013E+05  2.316E-08  6.388E-04  2.930E+02  2.481E+03
  3.102E-02  2.620E-01  1.013E+05  1.796E-08  5.773E-04  2.930E+02  2.410E+03
  3.102E-02  2.683E-01  1.013E+05  1.157E-08  5.293E-04  2.930E+02  2.341E+03
  3.102E-02  2.746E-01  1.013E+05  4.489E-09  4.786E-04  2.930E+02  2.277E+03
  3.102E-02  2.809E-01  1.013E+05  2.021E-09  4.267E-04  2.930E+02  2.216E+03
  3.102E-02  2.872E-01  1.013E+05  9.675E-09  3.853E-04  2.930E+02  2.159E+03
  3.102E-02  2.935E-01  1.013E+05  2.606E-08  3.438E-04  2.930E+02  2.106E+03
  3.102E-02  2.998E-01  1.013E+05  5.008E-08  3.066E-04  2.930E+02  2.056E+03
  3.102E-02  3.062E-01  1.013E+05  8.525E-08  2.742E-04  2.930E+02  2.011E+03
  3.102E-02  3.125E-01  1.013E+05  1.486E-07  2.412E-04  2.930E+02  1.969E+03
  3.102E-02  3.188E-01  1.013E+05  2.497E-07  2.184E-04  2.930E+02  1.930E+03
  3.102E-02  3.251E-01  1.013E+05  5.215E-07  1.959E-04  2.930E+02  1.895E+03
  3.102E-02  3.314E-01  1.013E+05  9.794E-07  1.740E-04  2.930E+02  1.862E+03
  3.102E-02  3.377E-01  1.013E+05  8.150E-07  1.523E-04  2.930E+02  1.833E+03
  3.102E-02  3.440E-01  1.013E+05  5.284E-07  1.299E-04  2.930E+02  1.806E+03
  3.102E-02  3.503E-01  1.013E+05  2.485E-07  1.171E-04  2.930E+02  1.782E+03
  3.102E-02  3.567E-01  1.013E+05  1.605E-07  1.012E-04  2.930E+02  1.760E+03
  3.102E-02  3.630E-01  1.013E+05  9.845E-08  8.726E-05  2.930E+02  1.740E+03
  3.102E-02  3.693E-01  1.013E+05  6.524E-08  8.468E-05  2.930E+02  1.722E+03
  3.102E-02  3.756E-01  1.013E+05  4.399E-08  7.467E-05  2.930E+02  1.705E+03
  3.102E-02  3.819E-01  1.013E+05  3.035E-08  5.479E-05  2.930E+02  1.691E+03
  3.102E-02  3.882E-01  1.013E+05  2.120E-08  4.929E-05  2.930E+02  1.677E+03
  3.102E-02  3.945E-01  1.013E+05  1.495E-08  5.941E-05  2.930E+02  1.666E+03
  3.102E-02  4.008E-01  1.013E+05  1.061E-08  5.825E-05  2.930E+02  1.655E+03
  3.102E-02  4.072E-01  1.013E+05  7.557E-09  4.634E-05  2.930E+02  1.645E+03
  3.102E-02  4.135E-01  1.013E+05  5.385E-09  4.437E-05  2.930E+02  1.637E+03
  3.102E-02  4.198E-01  1.013E+05  3.830E-09  4.591E-05  2.930E+02  1.629E+03
  3.102E-02  4.261E-01  1.013E+05  2.715E-09  3.781E-05  2.930E+02  1.622E+03
  3.102E-02  4.324E-01  1.013E+05  1.925E-09  3.061E-05  2.930E+02  1.616E+03
  3.102E-02  4.387E-01  1.013E+05  1.470E-09  3.672E-05  2.930E+02  1.610E+03
  3.102E-02  4.450E-01  1.013E+05  1.202E-09  4.268E-05  2.930E+02  1.605E+03
  3.102E-02  4.513E-01  1.013E+05  8.624E-10  3.737E-05  2.930E+02  1.601E+03
  3.102E-02  4.577E-01  1.013E+05  5.675E-10  2.825E-05  2.930E+02  1.598E+03
  3.102E-02  4.640E-01  1.013E+05  3.958E-10  2.623E-05  2.930E+02  1.594E+03
  3.102E-02  4.703E-01  1.013E+05  2.802E-10  3.678E-05  2.930E+02  1.592E+03
  3.102E-02  4.766E-01  1.013E+05  2.063E-10  4.784E-05  2.930E+02  1.590E+03
  3.102E-02  4.829E-01  1.013E+05  1.577E-10  4.354E-05  2.930E+02  1.588E+03
  3.102E-02  4.892E-01  1.013E+05  1.194E-10  2.819E-05  2.930E+02  1.587E+03
  3.102E-02  4.955E-01  1.013E+05  8.666E-11  3.272E-05  2.930E+02  1.586E+03
  3.102E-02  5.018E-01  1.013E+05  7.327E-11 -2.344E-05  2.930E+02  1.585E+03
  3.102E-02  5.050E-01  1.013E+05  0.000E+00 -2.344E-05  2.930E+02  1.585E+03
  4.342E-02  0.000E+00  1.012E+05  0.000E+00  0.000E+00  2.930E+02  2.930E+02
  4.342E-02  3.156E-03  1.012E+05 -8.465E-08 -2.744E-03  2.930E+02  1.244E+03
  4.342E-02  9.469E-03  1.012E+05 -1.323E-07 -2.719E-03  2.930E+02  2.616E+03
  4.342E-02  1.578E-02  1.012E+05 -1.636E-07 -3.645E-03  2.930E+02  3.169E+03
  4.342E-02  2.209E-02  1.012E+05 -4.095E-07 -4.393E-03  2.931E+02  3.381E+03
  4.342E-02  2.841E-02  1.012E+05 -2.326E-07 -4.866E-03  2.932E+02  3.511E+03
  4.342E-02  3.472E-02  1.012E+05 -2.676E-07 -5.267E-03  2.936E+02  3.624E+03
  4.342E-02  4.103E-02  1.012E+05 -3.012E-07 -5.616E-03  2.943E+02  3.736E+03
  4.342E-02  4.734E-02  1.012E+05 -3.706E-07 -5.928E-03  2.958E+02  3.851E+03
  4.342E-02  5.366E-02  1.012E+05 -4.554E-07 -6.212E-03  2.987E+02  3.973E+03
  4.342E-02  5.997E-02  1.012E+05 -5.508E-07 -6.435E-03  3.040E+02  4.104E+03
  4.342E-02  6.628E-02  1.012E+05 -6.748E-07 -6.576E-03  3.133E+02  4.250E+03
  4.342E-02  7.259E-02  1.012E+05 -7.824E-07 -6.636E-03  3.283E+02  4.419E+03
  4.342E-02  7.891E-02  1.012E+05 -7.707E-07 -6.576E-03  3.513E+02  4.624E+03
  4.342E-02  8.522E-02  1.013E+05 -6.154E-07 -6.401E-03  3.841E+02  4.896E+03
  4.342E-02  9.153E-02  1.013E+05 -4.322E-07 -3.803E-03  4.284E+02  5.289E+03
  4.342E-02  9.784E-02  1.013E+05 -2.668E-07 -3.439E-03  3.841E+02  4.885E+03
  4.342E-02  1.042E-01  1.013E+05 -6.423E-07 -2.318E-03  3.513E+02  4.630E+03
  4.342E-02  1.105E-01  1.013E+05  1.302E-06 -1.487E-03  3.283E+02  4.443E+03
  4.342E-02  1.168E-01  1.013E+05  5.142E-06 -8.542E-04  3.133E+02  4.293E+03
  4.342E-02  1.231E-01  1.013E+05  1.468E-06 -3.428E-04  3.040E+02  4.169E+03
  4.342E-02  1.294E-01  1.013E+05 -3.273E-07  6.167E-05  2.987E+02  4.061E+03
  4.342E-02  1.357E-01  1.013E+05  2.523E-07  3.792E-04  2.958E+02  3.964E+03
  4.342E-02  1.420E-01  1.013E+05  2.942E-07  6.388E-04  2.943E+02  3.875E+03
  4.342E-02  1.483E-01  1.013E+05  8.430E-07  8.450E-04  2.936E+02  3.792E+03
  4.342E-02  1.547E-01  1.013E+05 -1.141E-06  9.891E-04  2.932E+02  3.714E+03
  4.342E-02  1.610E-01  1.013E+05 -4.875E-06  1.089E-03  2.931E+02  3.638E+03
  4.342E-02  1.673E-01  1.013E+05 -1.198E-06  1.161E-03  2.930E+02  3.565E+03
  4.342E-02  1.736E-01  1.013E+05  7.640E-07  1.203E-03  2.930E+02  3.492E+03
  4.342E-02  1.799E-01  1.013E+05  2.362E-07  1.216E-03  2.930E+02  3.419E+03
  4.342E-02  1.862E-01  1.013E+05  2.060E-07  1.216E-03  2.930E+02  3.345E+03
  4.342E-02  1.925E-01  1.013E+05  1.495E-07  1.202E-03  2.930E+02  3.270E+03
  4.342E-02  1.988E-01  1.013E+05  1.237E-07  1.163E-03  2.930E+02  3.194E+03
  4.342E-02  2.052E-01  1.013E+05  9.567E-08  1.113E-03  2.930E+02  3.116E+03
  4.342E-02  2.115E-01  1.013E+05  7.517E-08  1.068E-03  2.930E+02  3.037E+03
  4.342E-02  2.178E-01  1.013E+05  5.924E-08  1.017E-03  2.930E+02  2.956E+03
  4.342E-02  2.241E-01  1.013E+05  4.733E-08  9.515E-04  2.930E+02  2.875E+03
  4.342E-02  2.304E-01  1.013E+05  3.855E-08  8.819E-04  2.930E+02  2.793E+03
  4.342E-02  2.367E-01  1.013E+05  3.227E-08  8.201E-04  2.930E+02  2.713E+03
  4.342E-02  2.430E-01  1.013E+05  2.792E-08  7.680E-04  2.930E+02  2.634E+03
  4.342E-02  2.493E-01  1.013E+05  2.483E-08  7.084E-04  2.930E+02  2.556E+03
  4.342E-02  2.557E-01  1.013E+05  2.203E-08  6.388E-04  2.930E+02  2.481E+03
  4.342E-02  2.620E-01  1.013E+05  1.767E-08  5.773E-04  2.930E+02  2.410E+03
  4.342E-02  2.683E-01  1.013E+05  9.644E-09  5.294E-04  2.930E+02  2.341E+03
  4.342E-02  2.746E-01  1.013E+05 -6.452E-09  4.786E-04  2.930E+02  2.277E+03
  4.342E-02  2.809E-01  1.013E+05 -1.602E-08  4.267E-04  2.930E+02  2.216E+03
  4.342E-02  2.872E-01  1.013E+05 -3.875E-09  3.853E-04  2.930E+02  2.159E+03
  4.342E-02  2.935E-01  1.013E+05  1.673E-08  3.438E-04  2.930E+02  2.106E+03
  4.342E-02  2.998E-01  1.013E+05  3.683E-08  3.066E-04  2.930E+02  2.056E+03
  4.342E-02  3.062E-01  1.013E+05  5.793E-08  2.742E-04  2.930E+02  2.011E+03
  4.342E-02  3.125E-01  1.013E+05  8.311E-08  2.413E-04  2.930E+02  1.969E+03
  4.342E-02  3.188E-01  1.013E+05  1.145E-07  2.185E-04  2.930E+02  1.930E+03
  4.342E-02  3.251E-01  1.013E+05  1.508E-07  1.960E-04  2.930E+02  1.895E+03
  4.342E-02  3.314E-01  1.013E+05  1.895E-07  1.736E-04  2.930E+02  1.862E+03
  4.342E-02  3.377E-01  1.013E+05 -2.732E-08  1.521E-04  2.930E+02  1.833E+03
  4.342E-02  3.440E-01  1.013E+05  1.215E-07  1.301E-04  2.930E+02  1.806E+03
  4.342E-02  3.503E-01  1.013E+05  8.065E-08  1.170E-04  2.930E+02  1.782E+03
  4.342E-02  3.567E-01  1.013E+05  7.017E-08  1.012E-04  2.930E+02  1.760E+03
  4.342E-02  3.630E-01  1.013E+05  5.227E-08  8.721E-05  2.930E+02  1.740E+03
  4.342E-02  3.693E-01  1.013E+05  3.902E-08  8.465E-05  2.930E+02  1.722E+03
  4.342E-02  3.756E-01  1.013E+05  2.856E-08  7.464E-05  2.930E+02  1.705E+03
  4.342E-02  3.819E-01  1.013E+05  2.079E-08  5.477E-05  2.930E+02  1.691E+03
  4.342E-02  3.882E-01  1.013E+05  1.507E-08  4.928E-05  2.930E+02  1.677E+03
  4.342E-02  3.945E-01  1.013E+05  1.090E-08  5.940E-05  2.930E+02  1.666E+03
  4.342E-02  4.008E-01  1.013E+05  7.868E-09  5.824E-05  2.930E+02  1.655E+03
  4.342E-02  4.072E-01  1.013E+05  5.668E-09  4.634E-05  2.930E+02  1.645E+03
  4.342E-02  4.135E-01  1.013E+05  4.069E-09  4.436E-05  2.930E+02  1.637E+03
  4.342E-02  4.198E-01  1.013E+05  2.904E-09  4.590E-05  2.930E+02  1.629E+03
  4.342E-02  4.261E-01  1.013E+05  2.059E-09  3.780E-05  2.930E+02  1.622E+03
  4.342E-02  4.324E-01  1.013E+05  1.456E-09  3.061E-05  2.930E+02  1.616E+03
  4.342E-02  4.387E-01  1.013E+05  1.130E-09  3.672E-05  2.930E+02  1.610E+03
  4.342E-02  4.450E-01  1.013E+05  9.513E-10  4.268E-05  2.930E+02  1.605E+03
  4.342E-02  4.513E-01  1.013E+05  6.783E-10  3.737E-05  2.930E+02  1.601E+03
  4.342E-02  4.577E-01  1.013E+05  4.340E-10  2.825E-05  2.930E+02  1.598E+03
  4.342E-02  4.640E-01  1.013E+05  3.003E-10  2.623E-05  2.930E+02  1.594E+03
  4.342E-02  4.703E-01  1.013E+05  2.115E-10  3.678E-05  2.930E+02  1.592E+03
  4.342E-02  4.766E-01  1.013E+05  1.545E-10  4.784E-05  2.930E+02  1.590E+03
  4.342E-02  4.829E-01  1.013E+05  1.156E-10  4.354E-05  2.930E+02  1.588E+03
  4.342E-02  4.892E-01  1.013E+05  8.388E-11  2.819E-05  2.930E+02  1.587E+03
  4.342E-02  4.955E-01  1.013E+05  5.729E-11  3.272E-05  2.930E+02  1.586E+03
  4.342E-02  5.018E-01  1.013E+05  4.536E-11 -2.344E-05  2.930E+02  1.585E+03
  4.342E-02  5.050E-01  1.013E+05  0.000E+00 -2.344E-05  2.930E+02  1.585E+03
  5.583E-02  0.000E+00  1.012E+05  0.000E+00  0.000E+00  2.930E+02  2.930E+02
  5.583E-02  3.156E-03  1.012E+05 -6.575E-08 -2.744E-03  2.930E+02  1.244E+03
  5.583E-02  9.469E-03  1.012E+05 -9.596E-08 -2.719E-03  2.930E+02  2.616E+03
  5.583E-02  1.578E-02  1.012E+05 -1.121E-07 -3.645E-03  2.930E+02  3.169E+03
  5.583E-02  2.209E-02  1.012E+05 -3.293E-07 -4.393E-03  2.931E+02  3.382E+03
  5.583E-02  2.841E-02  1.012E+05 -1.347E-07 -4.865E-03  2.932E+02  3.511E+03
  5.583E-02  3.472E-02  1.012E+05 -1.346E-07 -5.267E-03  2.936E+02  3.624E+03
  5.583E-02  4.103E-02  1.012E+05 -1.240E-07 -5.616E-03  2.943E+02  3.736E+03
  5.583E-02  4.734E-02  1.012E+05 -1.385E-07 -5.928E-03  2.958E+02  3.851E+03
  5.583E-02  5.366E-02  1.012E+05 -1.596E-07 -6.212E-03  2.987E+02  3.973E+03
  5.583E-02  5.997E-02  1.012E+05 -1.904E-07 -6.435E-03  3.040E+02  4.104E+03
  5.583E-02  6.628E-02  1.012E+05 -2.498E-07 -6.575E-03  3.133E+02  4.250E+03
  5.583E-02  7.259E-02  1.012E+05 -3.172E-07 -6.636E-03  3.283E+02  4.419E+03
  5.583E-02  7.891E-02  1.012E+05 -3.221E-07 -6.577E-03  3.513E+02  4.624E+03
  5.583E-02  8.522E-02  1.013E+05 -2.421E-07 -6.403E-03  3.841E+02  4.896E+03
  5.583E-02  9.153E-02  1.013E+05 -1.831E-07 -3.805E-03  4.284E+02  5.289E+03
  5.583E-02  9.784E-02  1.013E+05 -1.470E-07 -3.442E-03  3.841E+02  4.885E+03
  5.583E-02  1.042E-01  1.013E+05 -6.274E-07 -2.316E-03  3.513E+02  4.630E+03
  5.583E-02  1.105E-01  1.013E+05  1.237E-06 -1.478E-03  3.283E+02  4.443E+03
  5.583E-02  1.168E-01  1.013E+05  5.011E-06 -8.552E-04  3.133E+02  4.293E+03
  5.583E-02  1.231E-01  1.013E+05  1.307E-06 -3.539E-04  3.040E+02  4.168E+03
  5.583E-02  1.294E-01  1.013E+05 -5.086E-07  5.868E-05  2.987E+02  4.060E+03
  5.583E-02  1.357E-01  1.013E+05  7.038E-08  3.799E-04  2.958E+02  3.964E+03
  5.583E-02  1.420E-01  1.013E+05  1.360E-07  6.395E-04  2.943E+02  3.875E+03
  5.583E-02  1.483E-01  1.013E+05  7.259E-07  8.422E-04  2.936E+02  3.792E+03
  5.583E-02  1.547E-01  1.013E+05 -1.065E-06  9.783E-04  2.932E+02  3.714E+03
  5.583E-02  1.610E-01  1.013E+05 -4.569E-06  1.089E-03  2.931E+02  3.638E+03
  5.583E-02  1.673E-01  1.013E+05 -1.082E-06  1.172E-03  2.930E+02  3.565E+03
  5.583E-02  1.736E-01  1.013E+05  7.177E-07  1.205E-03  2.930E+02  3.492E+03
  5.583E-02  1.799E-01  1.013E+05  1.722E-07  1.214E-03  2.930E+02  3.419E+03
  5.583E-02  1.862E-01  1.013E+05  1.331E-07  1.216E-03  2.930E+02  3.345E+03
  5.583E-02  1.925E-01  1.013E+05  8.117E-08  1.202E-03  2.930E+02  3.270E+03
  5.583E-02  1.988E-01  1.013E+05  6.278E-08  1.163E-03  2.930E+02  3.194E+03
  5.583E-02  2.052E-01  1.013E+05  4.420E-08  1.113E-03  2.930E+02  3.116E+03
  5.583E-02  2.115E-01  1.013E+05  3.267E-08  1.068E-03  2.930E+02  3.037E+03
  5.583E-02  2.178E-01  1.013E+05  2.454E-08  1.017E-03  2.930E+02  2.956E+03
  5.583E-02  2.241E-01  1.013E+05  1.900E-08  9.515E-04  2.930E+02  2.875E+03
  5.583E-02  2.304E-01  1.013E+05  1.521E-08  8.819E-04  2.930E+02  2.793E+03
  5.583E-02  2.367E-01  1.013E+05  1.272E-08  8.201E-04  2.930E+02  2.713E+03
  5.583E-02  2.430E-01  1.013E+05  1.121E-08  7.679E-04  2.930E+02  2.634E+03
  5.583E-02  2.493E-01  1.013E+05  1.038E-08  7.084E-04  2.930E+02  2.556E+03
  5.583E-02  2.557E-01  1.013E+05  9.779E-09  6.388E-04  2.930E+02  2.481E+03
  5.583E-02  2.620E-01  1.013E+05  8.244E-09  5.774E-04  2.930E+02  2.410E+03
  5.583E-02  2.683E-01  1.013E+05  4.249E-09  5.294E-04  2.930E+02  2.341E+03
  5.583E-02  2.746E-01  1.013E+05 -6.676E-09  4.787E-04  2.930E+02  2.277E+03
  5.583E-02  2.809E-01  1.013E+05 -1.385E-08  4.266E-04  2.930E+02  2.216E+03
  5.583E-02  2.872E-01  1.013E+05 -6.112E-09  3.852E-04  2.930E+02  2.159E+03
  5.583E-02  2.935E-01  1.013E+05  5.064E-09  3.437E-04  2.930E+02  2.106E+03
  5.583E-02  2.998E-01  1.013E+05  1.305E-08  3.065E-04  2.930E+02  2.056E+03
  5.583E-02  3.062E-01  1.013E+05  1.910E-08  2.742E-04  2.930E+02  2.011E+03
  5.583E-02  3.125E-01  1.013E+05  2.418E-08  2.413E-04  2.930E+02  1.969E+03
  5.583E-02  3.188E-01  1.013E+05  2.881E-08  2.185E-04  2.930E+02  1.930E+03
  5.583E-02  3.251E-01  1.013E+05  3.569E-08  1.960E-04  2.930E+02  1.895E+03
  5.583E-02  3.314E-01  1.013E+05  3.358E-08  1.736E-04  2.930E+02  1.862E+03
  5.583E-02  3.377E-01  1.013E+05  3.360E-08  1.521E-04  2.930E+02  1.833E+03
  5.583E-02  3.440E-01  1.013E+05  3.409E-08  1.301E-04  2.930E+02  1.806E+03
  5.583E-02  3.503E-01  1.013E+05  2.727E-08  1.170E-04  2.930E+02  1.782E+03
  5.583E-02  3.567E-01  1.013E+05  2.211E-08  1.011E-04  2.930E+02  1.760E+03
  5.583E-02  3.630E-01  1.013E+05  1.707E-08  8.719E-05  2.930E+02  1.740E+03
  5.583E-02  3.693E-01  1.013E+05  1.301E-08  8.463E-05  2.930E+02  1.722E+03
  5.583E-02  3.756E-01  1.013E+05  9.754E-09  7.463E-05  2.930E+02  1.705E+03
  5.583E-02  3.819E-01  1.013E+05  7.243E-09  5.476E-05  2.930E+02  1.691E+03
  5.583E-02  3.882E-01  1.013E+05  5.336E-09  4.927E-05  2.930E+02  1.677E+03
  5.583E-02  3.945E-01  1.013E+05  3.909E-09  5.940E-05  2.930E+02  1.666E+03
  5.583E-02  4.008E-01  1.013E+05  2.850E-09  5.824E-05  2.930E+02  1.655E+03
  5.583E-02  4.072E-01  1.013E+05  2.067E-09  4.633E-05  2.930E+02  1.645E+03
  5.583E-02  4.135E-01  1.013E+05  1.491E-09  4.436E-05  2.930E+02  1.637E+03
  5.583E-02  4.198E-01  1.013E+05  1.068E-09  4.590E-05  2.930E+02  1.629E+03
  5.583E-02  4.261E-01  1.013E+05  7.612E-10  3.780E-05  2.930E+02  1.622E+03
  5.583E-02  4.324E-01  1.013E+05  5.455E-10  3.061E-05  2.930E+02  1.616E+03
  5.583E-02  4.387E-01  1.013E+05  4.171E-10  3.672E-05  2.930E+02  1.610E+03
  5.583E-02  4.450E-01  1.013E+05  3.351E-10  4.268E-05  2.930E+02  1.605E+03
  5.583E-02  4.513E-01  1.013E+05  2.460E-10  3.737E-05  2.930E+02  1.601E+03
  5.583E-02  4.577E-01  1.013E+05  1.655E-10  2.825E-05  2.930E+02  1.598E+03
  5.583E-02  4.640E-01  1.013E+05  1.117E-10  2.623E-05  2.930E+02  1.594E+03
  5.583E-02  4.703E-01  1.013E+05  7.810E-11  3.678E-05  2.930E+02  1.592E+03
  5.583E-02  4.766E-01  1.013E+05  5.630E-11  4.784E-05  2.930E+02  1.590E+03
  5.583E-02  4.829E-01  1.013E+05  4.240E-11  4.354E-05  2.930E+02  1.588E+03
  5.583E-02  4.892E-01  1.013E+05  2.903E-11  2.819E-05  2.930E+02  1.587E+03
  5.583E-02  4.955E-01  1.013E+05  1.884E-11  3.272E-05  2.930E+02  1.586E+03
  5.583E-02  5.018E-01  1.013E+05  1.490E-11 -2.344E-05  2.930E+02  1.585E+03
  5.583E-02  5.050E-01  1.013E+05  0.000E+00 -2.344E-05  2.930E+02  1.585E+03
  6.824E-02  0.000E+00  1.012E+05  0.000E+00  0.000E+00  2.930E+02  2.930E+02
  6.824E-02  3.156E-03  1.012E+05  6.588E-08 -2.744E-03  2.930E+02  1.244E+03
  6.824E-02  9.469E-03  1.012E+05  9.619E-08 -2.719E-03  2.930E+02  2.616E+03
  6.824E-02  1.578E-02  1.012E+05  1.125E-07 -3.645E-03  2.930E+02  3.169E+03
  6.824E-02  2.209E-02  1.012E+05  3.298E-07 -4.393E-03  2.931E+02  3.382E+03
  6.824E-02  2.841E-02  1.012E+05  1.352E-07 -4.865E-03  2.932E+02  3.511E+03
  6.824E-02  3.472E-02  1.012E+05  1.352E-07 -5.267E-03  2.936E+02  3.624E+03
  6.824E-02  4.103E-02  1.012E+05  1.247E-07 -5.616E-03  2.943E+02  3.736E+03
  6.824E-02  4.734E-02  1.012E+05  1.391E-07 -5.928E-03  2.958E+02  3.851E+03
  6.824E-02  5.366E-02  1.012E+05  1.602E-07 -6.212E-03  2.987E+02  3.973E+03
  6.824E-02  5.997E-02  1.012E+05  1.910E-07 -6.435E-03  3.040E+02  4.104E+03
  6.824E-02  6.628E-02  1.012E+05  2.504E-07 -6.575E-03  3.133E+02  4.250E+03
  6.824E-02  7.259E-02  1.012E+05  3.177E-07 -6.636E-03  3.283E+02  4.419E+03
  6.824E-02  7.891E-02  1.012E+05  3.225E-07 -6.577E-03  3.513E+02  4.624E+03
  6.824E-02  8.522E-02  1.013E+05  2.424E-07 -6.403E-03  3.841E+02  4.896E+03
  6.824E-02  9.153E-02  1.013E+05  1.831E-07 -3.805E-03  4.284E+02  5.289E+03
  6.824E-02  9.784E-02  1.013E+05  1.469E-07 -3.442E-03  3.841E+02  4.885E+03
  6.824E-02  1.042E-01  1.013E+05  6.273E-07 -2.316E-03  3.513E+02  4.630E+03
  6.824E-02  1.105E-01  1.013E+05 -1.237E-06 -1.478E-03  3.283E+02  4.443E+03
  6.824E-02  1.168E-01  1.013E+05 -5.011E-06 -8.552E-04  3.133E+02  4.293E+03
  6.824E-02  1.231E-01  1.013E+05 -1.307E-06 -3.539E-04  3.040E+02  4.168E+03
  6.824E-02  1.294E-01  1.013E+05  5.082E-07  5.868E-05  2.987E+02  4.060E+03
  6.824E-02  1.357E-01  1.013E+05 -7.073E-08  3.799E-04  2.958E+02  3.964E+03
  6.824E-02  1.420E-01  1.013E+05 -1.363E-07  6.395E-04  2.943E+02  3.875E+03
  6.824E-02  1.483E-01  1.013E+05 -7.263E-07  8.422E-04  2.936E+02  3.792E+03
  6.824E-02  1.547E-01  1.013E+05  1.064E-06  9.783E-04  2.932E+02  3.714E+03
  6.824E-02  1.610E-01  1.013E+05  4.569E-06  1.089E-03  2.931E+02  3.638E+03
  6.824E-02  1.673E-01  1.013E+05  1.082E-06  1.172E-03  2.930E+02  3.565E+03
  6.824E-02  1.736E-01  1.013E+05 -7.180E-07  1.205E-03  2.930E+02  3.492E+03
  6.824E-02  1.799E-01  1.013E+05 -1.724E-07  1.214E-03  2.930E+02  3.419E+03
  6.824E-02  1.862E-01  1.013E+05 -1.333E-07  1.216E-03  2.930E+02  3.345E+03
  6.824E-02  1.925E-01  1.013E+05 -8.142E-08  1.202E-03  2.930E+02  3.270E+03
  6.824E-02  1.988E-01  1.013E+05 -6.301E-08  1.163E-03  2.930E+02  3.194E+03
  6.824E-02  2.052E-01  1.013E+05 -4.441E-08  1.113E-03  2.930E+02  3.116E+03
  6.824E-02  2.115E-01  1.013E+05 -3.287E-08  1.068E-03  2.930E+02  3.037E+03
  6.824E-02  2.178E-01  1.013E+05 -2.472E-08  1.017E-03  2.930E+02  2.956E+03
  6.824E-02  2.241E-01  1.013E+05 -1.916E-08  9.515E-04  2.930E+02  2.875E+03
  6.824E-02  2.304E-01  1.013E+05 -1.536E-08  8.819E-04  2.930E+02  2.793E+03
  6.824E-02  2.367E-01  1.013E+05 -1.286E-08  8.201E-04  2.930E+02  2.713E+03
  6.824E-02  2.430E-01  1.013E+05 -1.135E-08  7.679E-04  2.930E+02  2.634E+03
  6.824E-02  2.493E-01  1.013E+05 -1.051E-08  7.084E-04  2.930E+02  2.556E+03
  6.824E-02  2.557E-01  1.013E+05 -9.899E-09  6.388E-04  2.930E+02  2.481E+03
  6.824E-02  2.620E-01  1.013E+05 -8.358E-09  5.774E-04  2.930E+02  2.410E+03
  6.824E-02  2.683E-01  1.013E+05 -4.356E-09  5.294E-04  2.930E+02  2.341E+03
  6.824E-02  2.746E-01  1.013E+05  6.575E-09  4.787E-04  2.930E+02  2.277E+03
  6.824E-02  2.809E-01  1.013E+05  1.375E-08  4.266E-04  2.930E+02  2.216E+03
  6.824E-02  2.872E-01  1.013E+05  6.022E-09  3.852E-04  2.930E+02  2.159E+03
  6.824E-02  2.935E-01  1.013E+05 -5.148E-09  3.437E-04  2.930E+02  2.106E+03
  6.824E-02  2.998E-01  1.013E+05 -1.313E-08  3.065E-04  2.930E+02  2.056E+03
  6.824E-02  3.062E-01  1.013E+05 -1.916E-08  2.742E-04  2.930E+02  2.011E+03
  6.824E-02  3.125E-01  1.013E+05 -2.424E-08  2.413E-04  2.930E+02  1.969E+03
  6.824E-02  3.188E-01  1.013E+05 -2.886E-08  2.185E-04  2.930E+02  1.930E+03
  6.824E-02  3.251E-01  1.013E+05 -3.574E-08  1.960E-04  2.930E+02  1.895E+03
  6.824E-02  3.314E-01  1.013E+05 -3.363E-08  1.736E-04  2.930E+02  1.862E+03
  6.824E-02  3.377E-01  1.013E+05 -3.364E-08  1.521E-04  2.930E+02  1.833E+03
  6.824E-02  3.440E-01  1.013E+05 -3.414E-08  1.301E-04  2.930E+02  1.806E+03
  6.824E-02  3.503E-01  1.013E+05 -2.732E-08  1.170E-04  2.930E+02  1.782E+03
  6.824E-02  3.567E-01  1.013E+05 -2.215E-08  1.011E-04  2.930E+02  1.760E+03
  6.824E-02  3.630E-01  1.013E+05 -1.711E-08  8.719E-05  2.930E+02  1.740E+03
  6.824E-02  3.693E-01  1.013E+05 -1.304E-08  8.463E-05  2.930E+02  1.722E+03
  6.824E-02  3.756E-01  1.013E+05 -9.783E-09  7.463E-05  2.930E+02  1.705E+03
  6.824E-02  3.819E-01  1.013E+05 -7.268E-09  5.476E-05  2.930E+02  1.691E+03
  6.824E-02  3.882E-01  1.013E+05 -5.359E-09  4.927E-05  2.930E+02  1.677E+03
  6.824E-02  3.945E-01  1.013E+05 -3.929E-09  5.940E-05  2.930E+02  1.666E+03
  6.824E-02  4.008E-01  1.013E+05 -2.867E-09  5.824E-05  2.930E+02  1.655E+03
  6.824E-02  4.072E-01  1.013E+05 -2.084E-09  4.633E-05  2.930E+02  1.645E+03
  6.824E-02  4.135E-01  1.013E+05 -1.507E-09  4.436E-05  2.930E+02  1.637E+03
  6.824E-02  4.198E-01  1.013E+05 -1.083E-09  4.590E-05  2.930E+02  1.629E+03
  6.824E-02  4.261E-01  1.013E+05 -7.766E-10  3.780E-05  2.930E+02  1.622E+03
  6.824E-02  4.324E-01  1.013E+05 -5.627E-10  3.061E-05  2.930E+02  1.616E+03
  6.824E-02  4.387E-01  1.013E+05 -4.319E-10  3.672E-05  2.930E+02  1.610E+03
  6.824E-02  4.450E-01  1.013E+05 -3.473E-10  4.268E-05  2.930E+02  1.605E+03
  6.824E-02  4.513E-01  1.013E+05 -2.558E-10  3.737E-05  2.930E+02  1.601E+03
  6.824E-02  4.577E-01  1.013E+05 -1.736E-10  2.825E-05  2.930E+02  1.598E+03
  6.824E-02  4.640E-01  1.013E+05 -1.209E-10  2.623E-05  2.930E+02  1.594E+03
  6.824E-02  4.703E-01  1.013E+05 -8.370E-11  3.678E-05  2.930E+02  1.592E+03
  6.824E-02  4.766E-01  1.013E+05 -5.942E-11  4.784E-05  2.930E+02  1.590E+03
  6.824E-02  4.829E-01  1.013E+05 -4.159E-11  4.354E-05  2.930E+02  1.588E+03
  6.824E-02  4.892E-01  1.013E+05 -3.187E-11  2.819E-05  2.930E+02  1.587E+03
  6.824E-02  4.955E-01  1.013E+05 -2.200E-11  3.272E-05  2.930E+02  1.586E+03
  6.824E-02  5.018E-01  1.013E+05 -1.596E-11 -2.344E-05  2.930E+02  1.585E+03
  6.824E-02  5.050E-01  1.013E+05  0.000E+00 -2.344E-05  2.930E+02  1.585E+03
  8.065E-02  0.000E+00  1.012E+05  0.000E+00  0.000E+00  2.930E+02  2.930E+02
  8.065E-02  3.156E-03  1.012E+05  8.497E-08 -2.744E-03  2.930E+02  1.244E+03
  8.065E-02  9.469E-03  1.012E+05  1.325E-07 -2.719E-03  2.930E+02  2.616E+03
  8.065E-02  1.578E-02  1.012E+05  1.639E-07 -3.645E-03  2.930E+02  3.169E+03
  8.065E-02  2.209E-02  1.012E+05  4.099E-07 -4.393E-03  2.931E+02  3.381E+03
  8.065E-02  2.841E-02  1.012E+05  2.330E-07 -4.866E-03  2.932E+02  3.511E+03
  8.065E-02  3.472E-02  1.012E+05  2.680E-07 -5.267E-03  2.936E+02  3.624E+03
  8.065E-02  4.103E-02  1.012E+05  3.016E-07 -5.616E-03  2.943E+02  3.736E+03
  8.065E-02  4.734E-02  1.012E+05  3.711E-07 -5.928E-03  2.958E+02  3.851E+03
  8.065E-02  5.366E-02  1.012E+05  4.559E-07 -6.212E-03  2.987E+02  3.973E+03
  8.065E-02  5.997E-02  1.012E+05  5.512E-07 -6.435E-03  3.040E+02  4.104E+03
  8.065E-02  6.628E-02  1.012E+05  6.753E-07 -6.576E-03  3.133E+02  4.250E+03
  8.065E-02  7.259E-02  1.012E+05  7.827E-07 -6.636E-03  3.283E+02  4.419E+03
  8.065E-02  7.891E-02  1.012E+05  7.710E-07 -6.576E-03  3.513E+02  4.624E+03
  8.065E-02  8.522E-02  1.013E+05  6.156E-07 -6.401E-03  3.841E+02  4.896E+03
  8.065E-02  9.153E-02  1.013E+05  4.323E-07 -3.803E-03  4.284E+02  5.289E+03
  8.065E-02  9.784E-02  1.013E+05  2.667E-07 -3.439E-03  3.841E+02  4.885E+03
  8.065E-02  1.042E-01  1.013E+05  6.422E-07 -2.318E-03  3.513E+02  4.630E+03
  8.065E-02  1.105E-01  1.013E+05 -1.302E-06 -1.487E-03  3.283E+02  4.443E+03
  8.065E-02  1.168E-01  1.013E+05 -5.142E-06 -8.542E-04  3.133E+02  4.293E+03
  8.065E-02  1.231E-01  1.013E+05 -1.468E-06 -3.428E-04  3.040E+02  4.169E+03
  8.065E-02  1.294E-01  1.013E+05  3.272E-07  6.167E-05  2.987E+02  4.061E+03
  8.065E-02  1.357E-01  1.013E+05 -2.524E-07  3.792E-04  2.958E+02  3.964E+03
  8.065E-02  1.420E-01  1.013E+05 -2.944E-07  6.388E-04  2.943E+02  3.875E+03
  8.065E-02  1.483E-01  1.013E+05 -8.432E-07  8.450E-04  2.936E+02  3.792E+03
  8.065E-02  1.547E-01  1.013E+05  1.141E-06  9.891E-04  2.932E+02  3.714E+03
  8.065E-02  1.610E-01  1.013E+05  4.875E-06  1.089E-03  2.931E+02  3.638E+03
  8.065E-02  1.673E-01  1.013E+05  1.198E-06  1.161E-03  2.930E+02  3.565E+03
  8.065E-02  1.736E-01  1.013E+05 -7.642E-07  1.203E-03  2.930E+02  3.492E+03
  8.065E-02  1.799E-01  1.013E+05 -2.364E-07  1.216E-03  2.930E+02  3.419E+03
  8.065E-02  1.862E-01  1.013E+05 -2.061E-07  1.216E-03  2.930E+02  3.345E+03
  8.065E-02  1.925E-01  1.013E+05 -1.497E-07  1.202E-03  2.930E+02  3.270E+03
  8.065E-02  1.988E-01  1.013E+05 -1.239E-07  1.163E-03  2.930E+02  3.194E+03
  8.065E-02  2.052E-01  1.013E+05 -9.582E-08  1.113E-03  2.930E+02  3.116E+03
  8.065E-02  2.115E-01  1.013E+05 -7.532E-08  1.068E-03  2.930E+02  3.037E+03
  8.065E-02  2.178E-01  1.013E+05 -5.939E-08  1.017E-03  2.930E+02  2.956E+03
  8.065E-02  2.241E-01  1.013E+05 -4.747E-08  9.515E-04  2.930E+02  2.875E+03
  8.065E-02  2.304E-01  1.013E+05 -3.868E-08  8.819E-04  2.930E+02  2.793E+03
  8.065E-02  2.367E-01  1.013E+05 -3.241E-08  8.201E-04  2.930E+02  2.713E+03
  8.065E-02  2.430E-01  1.013E+05 -2.805E-08  7.680E-04  2.930E+02  2.634E+03
  8.065E-02  2.493E-01  1.013E+05 -2.496E-08  7.084E-04  2.930E+02  2.556E+03
  8.065E-02  2.557E-01  1.013E+05 -2.216E-08  6.388E-04  2.930E+02  2.481E+03
  8.065E-02  2.620E-01  1.013E+05 -1.779E-08  5.773E-04  2.930E+02  2.410E+03
  8.065E-02  2.683E-01  1.013E+05 -9.761E-09  5.294E-04  2.930E+02  2.341E+03
  8.065E-02  2.746E-01  1.013E+05  6.340E-09  4.786E-04  2.930E+02  2.277E+03
  8.065E-02  2.809E-01  1.013E+05  1.592E-08  4.267E-04  2.930E+02  2.216E+03
  8.065E-02  2.872E-01  1.013E+05  3.771E-09  3.853E-04  2.930E+02  2.159E+03
  8.065E-02  2.935E-01  1.013E+05 -1.683E-08  3.438E-04  2.930E+02  2.106E+03
  8.065E-02  2.998E-01  1.013E+05 -3.692E-08  3.066E-04  2.930E+02  2.056E+03
  8.065E-02  3.062E-01  1.013E+05 -5.802E-08  2.742E-04  2.930E+02  2.011E+03
  8.065E-02  3.125E-01  1.013E+05 -8.319E-08  2.413E-04  2.930E+02  1.969E+03
  8.065E-02  3.188E-01  1.013E+05 -1.146E-07  2.185E-04  2.930E+02  1.930E+03
  8.065E-02  3.251E-01  1.013E+05 -1.509E-07  1.960E-04  2.930E+02  1.895E+03
  8.065E-02  3.314E-01  1.013E+05 -1.896E-07  1.736E-04  2.930E+02  1.862E+03
  8.065E-02  3.377E-01  1.013E+05  2.727E-08  1.521E-04  2.930E+02  1.833E+03
  8.065E-02  3.440E-01  1.013E+05 -1.215E-07  1.301E-04  2.930E+02  1.806E+03
  8.065E-02  3.503E-01  1.013E+05 -8.070E-08  1.170E-04  2.930E+02  1.782E+03
  8.065E-02  3.567E-01  1.013E+05 -7.022E-08  1.012E-04  2.930E+02  1.760E+03
  8.065E-02  3.630E-01  1.013E+05 -5.231E-08  8.721E-05  2.930E+02  1.740E+03
  8.065E-02  3.693E-01  1.013E+05 -3.906E-08  8.465E-05  2.930E+02  1.722E+03
  8.065E-02  3.756E-01  1.013E+05 -2.859E-08  7.464E-05  2.930E+02  1.705E+03
  8.065E-02  3.819E-01  1.013E+05 -2.082E-08  5.477E-05  2.930E+02  1.691E+03
  8.065E-02  3.882E-01  1.013E+05 -1.509E-08  4.928E-05  2.930E+02  1.677E+03
  8.065E-02  3.945E-01  1.013E+05 -1.092E-08  5.940E-05  2.930E+02  1.666E+03
  8.065E-02  4.008E-01  1.013E+05 -7.888E-09  5.824E-05  2.930E+02  1.655E+03
  8.065E-02  4.072E-01  1.013E+05 -5.688E-09  4.634E-05  2.930E+02  1.645E+03
  8.065E-02  4.135E-01  1.013E+05 -4.088E-09  4.436E-05  2.930E+02  1.637E+03
  8.065E-02  4.198E-01  1.013E+05 -2.921E-09  4.590E-05  2.930E+02  1.629E+03
  8.065E-02  4.261E-01  1.013E+05 -2.076E-09  3.780E-05  2.930E+02  1.622E+03
  8.065E-02  4.324E-01  1.013E+05 -1.474E-09  3.061E-05  2.930E+02  1.616E+03
  8.065E-02  4.387E-01  1.013E+05 -1.145E-09  3.672E-05  2.930E+02  1.610E+03
  8.065E-02  4.450E-01  1.013E+05 -9.632E-10  4.268E-05  2.930E+02  1.605E+03
  8.065E-02  4.513E-01  1.013E+05 -6.875E-10  3.737E-05  2.930E+02  1.601E+03
  8.065E-02  4.577E-01  1.013E+05 -4.409E-10  2.825E-05  2.930E+02  1.598E+03
  8.065E-02  4.640E-01  1.013E+05 -3.079E-10  2.623E-05  2.930E+02  1.594E+03
  8.065E-02  4.703E-01  1.013E+05 -2.160E-10  3.678E-05  2.930E+02  1.592E+03
  8.065E-02  4.766E-01  1.013E+05 -1.565E-10  4.784E-05  2.930E+02  1.590E+03
  8.065E-02  4.829E-01  1.013E+05 -1.141E-10  4.354E-05  2.930E+02  1.588E+03
  8.065E-02  4.892E-01  1.013E+05 -8.580E-11  2.819E-05  2.930E+02  1.587E+03
  8.065E-02  4.955E-01  1.013E+05 -5.827E-11  3.272E-05  2.930E+02  1.586E+03
  8.065E-02  5.018E-01  1.013E+05 -4.444E-11 -2.344E-05  2.930E+02  1.585E+03
  8.065E-02  5.050E-01  1.013E+05  0.000E+00 -2.344E-05  2.930E+02  1.585E+03
  9.305E-02  0.000E+00  1.012E+05  0.000E+00  0.000E+00  2.930E+02  2.930E+02
  9.305E-02  3.156E-03  1.012E+05 -1.306E-08 -2.744E-03  2.930E+02  1.244E+03
  9.305E-02  9.469E-03  1.012E+05  6.963E-08 -2.719E-03  2.930E+02  2.616E+03
  9.305E-02  1.578E-02  1.012E+05  1.104E-07 -3.645E-03  2.930E+02  3.169E+03
  9.305E-02  2.209E-02  1.012E+05  1.787E-07 -4.392E-03  2.931E+02  3.381E+03
  9.305E-02  2.841E-02  1.012E+05  2.273E-07 -4.866E-03  2.932E+02  3.511E+03
  9.305E-02  3.472E-02  1.012E+05  3.117E-07 -5.267E-03  2.936E+02  3.624E+03
  9.305E-02  4.103E-02  1.012E+05  4.272E-07 -5.616E-03  2.943E+02  3.736E+03
  9.305E-02  4.734E-02  1.012E+05  5.820E-07 -5.928E-03  2.958E+02  3.851E+03
  9.305E-02  5.366E-02  1.012E+05  7.883E-07 -6.212E-03  2.987E+02  3.973E+03
  9.305E-02  5.997E-02  1.012E+05  1.033E-06 -6.435E-03  3.040E+02  4.104E+03
  9.305E-02  6.628E-02  1.012E+05  1.199E-06 -6.575E-03  3.133E+02  4.250E+03
  9.305E-02  7.259E-02  1.012E+05  1.168E-06 -6.635E-03  3.283E+02  4.418E+03
  9.305E-02  7.891E-02  1.012E+05  1.015E-06 -6.575E-03  3.513E+02  4.624E+03
  9.305E-02  8.522E-02  1.013E+05  7.778E-07 -6.399E-03  3.841E+02  4.896E+03
  9.305E-02  9.153E-02  1.013E+05  4.368E-07 -3.801E-03  4.284E+02  5.289E+03
  9.305E-02  9.784E-02  1.013E+05  1.112E-07 -3.437E-03  3.841E+02  4.885E+03
  9.305E-02  1.042E-01  1.013E+05 -6.616E-07 -2.316E-03  3.513E+02  4.631E+03
  9.305E-02  1.105E-01  1.013E+05  9.964E-07 -1.485E-03  3.283E+02  4.443E+03
  9.305E-02  1.168E-01  1.013E+05  4.413E-06 -8.523E-04  3.133E+02  4.294E+03
  9.305E-02  1.231E-01  1.013E+05  8.157E-07 -3.411E-04  3.040E+02  4.170E+03
  9.305E-02  1.294E-01  1.013E+05 -1.067E-06  6.318E-05  2.987E+02  4.061E+03
  9.305E-02  1.357E-01  1.013E+05 -5.288E-07  3.805E-04  2.958E+02  3.964E+03
  9.305E-02  1.420E-01  1.013E+05 -4.696E-07  6.400E-04  2.943E+02  3.875E+03
  9.305E-02  1.483E-01  1.013E+05 -3.869E-07  8.464E-04  2.936E+02  3.793E+03
  9.305E-02  1.547E-01  1.013E+05 -1.584E-07  9.907E-04  2.932E+02  3.714E+03
  9.305E-02  1.610E-01  1.013E+05 -9.963E-08  1.089E-03  2.931E+02  3.639E+03
  9.305E-02  1.673E-01  1.013E+05 -6.143E-08  1.161E-03  2.930E+02  3.565E+03
  9.305E-02  1.736E-01  1.013E+05 -1.976E-07  1.203E-03  2.930E+02  3.492E+03
  9.305E-02  1.799E-01  1.013E+05 -1.743E-07  1.216E-03  2.930E+02  3.419E+03
  9.305E-02  1.862E-01  1.013E+05 -1.598E-07  1.216E-03  2.930E+02  3.345E+03
  9.305E-02  1.925E-01  1.013E+05 -1.425E-07  1.202E-03  2.930E+02  3.271E+03
  9.305E-02  1.988E-01  1.013E+05 -1.227E-07  1.163E-03  2.930E+02  3.194E+03
  9.305E-02  2.052E-01  1.013E+05 -1.027E-07  1.113E-03  2.930E+02  3.116E+03
  9.305E-02  2.115E-01  1.013E+05 -8.450E-08  1.068E-03  2.930E+02  3.037E+03
  9.305E-02  2.178E-01  1.013E+05 -6.907E-08  1.017E-03  2.930E+02  2.956E+03
  9.305E-02  2.241E-01  1.013E+05 -5.647E-08  9.516E-04  2.930E+02  2.875E+03
  9.305E-02  2.304E-01  1.013E+05 -4.648E-08  8.820E-04  2.930E+02  2.793E+03
  9.305E-02  2.367E-01  1.013E+05 -3.873E-08  8.201E-04  2.930E+02  2.713E+03
  9.305E-02  2.430E-01  1.013E+05 -3.271E-08  7.680E-04  2.930E+02  2.634E+03
  9.305E-02  2.493E-01  1.013E+05 -2.780E-08  7.084E-04  2.930E+02  2.556E+03
  9.305E-02  2.557E-01  1.013E+05 -2.321E-08  6.388E-04  2.930E+02  2.481E+03
  9.305E-02  2.620E-01  1.013E+05 -1.801E-08  5.773E-04  2.930E+02  2.410E+03
  9.305E-02  2.683E-01  1.013E+05 -1.162E-08  5.293E-04  2.930E+02  2.341E+03
  9.305E-02  2.746E-01  1.013E+05 -4.540E-09  4.786E-04  2.930E+02  2.277E+03
  9.305E-02  2.809E-01  1.013E+05 -2.073E-09  4.267E-04  2.930E+02  2.216E+03
  9.305E-02  2.872E-01  1.013E+05 -9.724E-09  3.853E-04  2.930E+02  2.159E+03
  9.305E-02  2.935E-01  1.013E+05 -2.611E-08  3.438E-04  2.930E+02  2.106E+03
  9.305E-02  2.998E-01  1.013E+05 -5.013E-08  3.066E-04  2.930E+02  2.056E+03
  9.305E-02  3.062E-01  1.013E+05 -8.529E-08  2.742E-04  2.930E+02  2.011E+03
  9.305E-02  3.125E-01  1.013E+05 -1.486E-07  2.412E-04  2.930E+02  1.969E+03
  9.305E-02  3.188E-01  1.013E+05 -2.498E-07  2.184E-04  2.930E+02  1.930E+03
  9.305E-02  3.251E-01  1.013E+05 -5.216E-07  1.959E-04  2.930E+02  1.895E+03
  9.305E-02  3.314E-01  1.013E+05 -9.794E-07  1.740E-04  2.930E+02  1.862E+03
  9.305E-02  3.377E-01  1.013E+05 -8.150E-07  1.523E-04  2.930E+02  1.833E+03
  9.305E-02  3.440E-01  1.013E+05 -5.285E-07  1.299E-04  2.930E+02  1.806E+03
  9.305E-02  3.503E-01  1.013E+05 -2.486E-07  1.171E-04  2.930E+02  1.782E+03
  9.305E-02  3.567E-01  1.013E+05 -1.605E-07  1.012E-04  2.930E+02  1.760E+03
  9.305E-02  3.630E-01  1.013E+05 -9.848E-08  8.726E-05  2.930E+02  1.740E+03
  9.305E-02  3.693E-01  1.013E+05 -6.527E-08  8.468E-05  2.930E+02  1.722E+03
  9.305E-02  3.756E-01  1.013E+05 -4.401E-08  7.467E-05  2.930E+02  1.705E+03
  9.305E-02  3.819E-01  1.013E+05 -3.036E-08  5.479E-05  2.930E+02  1.691E+03
  9.305E-02  3.882E-01  1.013E+05 -2.121E-08  4.929E-05  2.930E+02  1.677E+03
  9.305E-02  3.945E-01  1.013E+05 -1.496E-08  5.941E-05  2.930E+02  1.666E+03
  9.305E-02  4.008E-01  1.013E+05 -1.062E-08  5.825E-05  2.930E+02  1.655E+03
  9.305E-02  4.072E-01  1.013E+05 -7.565E-09  4.634E-05  2.930E+02  1.645E+03
  9.305E-02  4.135E-01  1.013E+05 -5.392E-09  4.437E-05  2.930E+02  1.637E+03
  9.305E-02  4.198E-01  1.013E+05 -3.835E-09  4.591E-05  2.930E+02  1.629E+03
  9.305E-02  4.261E-01  1.013E+05 -2.721E-09  3.781E-05  2.930E+02  1.622E+03
  9.305E-02  4.324E-01  1.013E+05 -1.932E-09  3.061E-05  2.930E+02  1.616E+03
  9.305E-02  4.387E-01  1.013E+05 -1.476E-09  3.672E-05  2.930E+02  1.610E+03
  9.305E-02  4.450E-01  1.013E+05 -1.205E-09  4.268E-05  2.930E+02  1.605E+03
  9.305E-02  4.513E-01  1.013E+05 -8.639E-10  3.737E-05  2.930E+02  1.601E+03
  9.305E-02  4.577E-01  1.013E+05 -5.682E-10  2.825E-05  2.930E+02  1.598E+03
  9.305E-02  4.640E-01  1.013E+05 -3.992E-10  2.623E-05  2.930E+02  1.594E+03
  9.305E-02  4.703E-01  1.013E+05 -2.825E-10  3.678E-05  2.930E+02  1.592E+03
  9.305E-02  4.766E-01  1.013E+05 -2.078E-10  4.784E-05  2.930E+02  1.590E+03
  9.305E-02  4.829E-01  1.013E+05 -1.567E-10  4.354E-05  2.930E+02  1.588E+03
  9.305E-02  4.892E-01  1.013E+05 -1.226E-10  2.819E-05  2.930E+02  1.587E+03
  9.305E-02  4.955E-01  1.013E+05 -8.943E-11  3.272E-05  2.930E+02  1.586E+03
  9.305E-02  5.018E-01  1.013E+05 -7.388E-11 -2.344E-05  2.930E+02  1.585E+03
  9.305E-02  5.050E-01  1.013E+05  0.000E+00 -2.344E-05  2.930E+02  1.585E+03
  1.055E-01  0.000E+00  1.012E+05  0.000E+00  0.000E+00  2.930E+02  2.930E+02
  1.055E-01  3.156E-03  1.012E+05 -4.174E-08 -2.744E-03  2.930E+02  1.244E+03
  1.055E-01  9.469E-03  1.012E+05  4.383E-08 -2.719E-03  2.930E+02  2.616E+03
  1.055E-01  1.578E-02  1.012E+05  8.894E-08 -3.645E-03  2.930E+02  3.168E+03
  1.055E-01  2.209E-02  1.012E+05  1.541E-07 -4.392E-03  2.931E+02  3.381E+03
  1.055E-01  2.841E-02  1.012E+05  2.162E-07 -4.865E-03  2.932E+02  3.510E+03
  1.055E-01  3.472E-02  1.012E+05  3.114E-07 -5.267E-03  2.936E+02  3.623E+03
  1.055E-01  4.103E-02  1.012E+05  4.629E-07 -5.615E-03  2.943E+02  3.735E+03
  1.055E-01  4.734E-02  1.012E+05  6.892E-07 -5.927E-03  2.958E+02  3.850E+03
  1.055E-01  5.366E-02  1.012E+05  1.133E-06 -6.212E-03  2.987E+02  3.973E+03
  1.055E-01  5.997E-02  1.012E+05  1.848E-06 -6.434E-03  3.040E+02  4.103E+03
  1.055E-01  6.628E-02  1.012E+05  1.965E-06 -6.575E-03  3.133E+02  4.249E+03
  1.055E-01  7.259E-02  1.012E+05  1.442E-06 -6.634E-03  3.283E+02  4.418E+03
  1.055E-01  7.891E-02  1.012E+05  1.023E-06 -6.573E-03  3.513E+02  4.624E+03
  1.055E-01  8.522E-02  1.013E+05  7.308E-07 -6.397E-03  3.841E+02  4.896E+03
  1.055E-01  9.153E-02  1.013E+05  4.036E-07 -3.798E-03  4.284E+02  5.290E+03
  1.055E-01  9.784E-02  1.013E+05  1.319E-07 -3.435E-03  3.841E+02  4.886E+03
  1.055E-01  1.042E-01  1.013E+05 -5.768E-07 -2.310E-03  3.513E+02  4.632E+03
  1.055E-01  1.105E-01  1.013E+05  1.293E-06 -1.472E-03  3.283E+02  4.444E+03
  1.055E-01  1.168E-01  1.013E+05  4.967E-06 -8.501E-04  3.133E+02  4.295E+03
  1.055E-01  1.231E-01  1.013E+05  1.137E-06 -3.490E-04  3.040E+02  4.170E+03
  1.055E-01  1.294E-01  1.013E+05 -9.426E-07  6.257E-05  2.987E+02  4.061E+03
  1.055E-01  1.357E-01  1.013E+05 -4.552E-07  3.832E-04  2.958E+02  3.965E+03
  1.055E-01  1.420E-01  1.013E+05 -4.462E-07  6.414E-04  2.943E+02  3.876E+03
  1.055E-01  1.483E-01  1.013E+05 -4.069E-07  8.475E-04  2.936E+02  3.793E+03
  1.055E-01  1.547E-01  1.013E+05 -3.633E-07  9.912E-04  2.932E+02  3.714E+03
  1.055E-01  1.610E-01  1.013E+05 -5.300E-07  1.090E-03  2.931E+02  3.639E+03
  1.055E-01  1.673E-01  1.013E+05 -2.812E-07  1.162E-03  2.930E+02  3.565E+03
  1.055E-01  1.736E-01  1.013E+05 -2.443E-07  1.204E-03  2.930E+02  3.492E+03
  1.055E-01  1.799E-01  1.013E+05 -1.892E-07  1.216E-03  2.930E+02  3.419E+03
  1.055E-01  1.862E-01  1.013E+05 -1.522E-07  1.216E-03  2.930E+02  3.345E+03
  1.055E-01  1.925E-01  1.013E+05 -1.284E-07  1.203E-03  2.930E+02  3.271E+03
  1.055E-01  1.988E-01  1.013E+05 -1.069E-07  1.163E-03  2.930E+02  3.194E+03
  1.055E-01  2.052E-01  1.013E+05 -8.880E-08  1.113E-03  2.930E+02  3.116E+03
  1.055E-01  2.115E-01  1.013E+05 -7.318E-08  1.069E-03  2.930E+02  3.037E+03
  1.055E-01  2.178E-01  1.013E+05 -6.013E-08  1.017E-03  2.930E+02  2.956E+03
  1.055E-01  2.241E-01  1.013E+05 -4.939E-08  9.516E-04  2.930E+02  2.875E+03
  1.055E-01  2.304E-01  1.013E+05 -4.068E-08  8.820E-04  2.930E+02  2.793E+03
  1.055E-01  2.367E-01  1.013E+05 -3.368E-08  8.202E-04  2.930E+02  2.713E+03
  1.055E-01  2.430E-01  1.013E+05 -2.804E-08  7.680E-04  2.930E+02  2.634E+03
  1.055E-01  2.493E-01  1.013E+05 -2.337E-08  7.085E-04  2.930E+02  2.556E+03
  1.055E-01  2.557E-01  1.013E+05 -1.926E-08  6.388E-04  2.930E+02  2.481E+03
  1.055E-01  2.620E-01  1.013E+05 -1.543E-08  5.773E-04  2.930E+02  2.410E+03
  1.055E-01  2.683E-01  1.013E+05 -1.200E-08  5.293E-04  2.930E+02  2.341E+03
  1.055E-01  2.746E-01  1.013E+05 -9.708E-09  4.786E-04  2.930E+02  2.277E+03
  1.055E-01  2.809E-01  1.013E+05 -1.051E-08  4.267E-04  2.930E+02  2.216E+03
  1.055E-01  2.872E-01  1.013E+05 -1.646E-08  3.853E-04  2.930E+02  2.159E+03
  1.055E-01  2.935E-01  1.013E+05 -2.833E-08  3.438E-04  2.930E+02  2.106E+03
  1.055E-01  2.998E-01  1.013E+05 -4.724E-08  3.066E-04  2.930E+02  2.056E+03
  1.055E-01  3.062E-01  1.013E+05 -7.771E-08  2.741E-04  2.930E+02  2.011E+03
  1.055E-01  3.125E-01  1.013E+05 -1.215E-07  2.410E-04  2.930E+02  1.969E+03
  1.055E-01  3.188E-01  1.013E+05 -2.482E-07  2.178E-04  2.930E+02  1.930E+03
  1.055E-01  3.251E-01  1.013E+05 -1.051E-07  1.945E-04  2.930E+02  1.895E+03
  1.055E-01  3.314E-01  1.013E+05 -2.601E-06  1.730E-04  2.930E+02  1.862E+03
  1.055E-01  3.377E-01  1.013E+05 -6.802E-06  1.531E-04  2.930E+02  1.833E+03
  1.055E-01  3.440E-01  1.013E+05 -2.147E-06  1.313E-04  2.930E+02  1.806E+03
  1.055E-01  3.503E-01  1.013E+05  1.690E-07  1.178E-04  2.930E+02  1.782E+03
  1.055E-01  3.567E-01  1.013E+05 -1.586E-07  1.015E-04  2.930E+02  1.760E+03
  1.055E-01  3.630E-01  1.013E+05 -7.096E-08  8.740E-05  2.930E+02  1.740E+03
  1.055E-01  3.693E-01  1.013E+05 -5.716E-08  8.475E-05  2.930E+02  1.722E+03
  1.055E-01  3.756E-01  1.013E+05 -3.925E-08  7.471E-05  2.930E+02  1.705E+03
  1.055E-01  3.819E-01  1.013E+05 -2.783E-08  5.481E-05  2.930E+02  1.691E+03
  1.055E-01  3.882E-01  1.013E+05 -1.961E-08  4.930E-05  2.930E+02  1.677E+03
  1.055E-01  3.945E-01  1.013E+05 -1.388E-08  5.942E-05  2.930E+02  1.666E+03
  1.055E-01  4.008E-01  1.013E+05 -9.863E-09  5.825E-05  2.930E+02  1.655E+03
  1.055E-01  4.072E-01  1.013E+05 -7.020E-09  4.634E-05  2.930E+02  1.645E+03
  1.055E-01  4.135E-01  1.013E+05 -4.993E-09  4.437E-05  2.930E+02  1.637E+03
  1.055E-01  4.198E-01  1.013E+05 -3.557E-09  4.591E-05  2.930E+02  1.629E+03
  1.055E-01  4.261E-01  1.013E+05 -2.539E-09  3.781E-05  2.930E+02  1.622E+03
  1.055E-01  4.324E-01  1.013E+05 -1.818E-09  3.061E-05  2.930E+02  1.616E+03
  1.055E-01  4.387E-01  1.013E+05 -1.339E-09  3.672E-05  2.930E+02  1.610E+03
  1.055E-01  4.450E-01  1.013E+05 -1.024E-09  4.268E-05  2.930E+02  1.605E+03
  1.055E-01  4.513E-01  1.013E+05 -7.599E-10  3.737E-05  2.930E+02  1.601E+03
  1.055E-01  4.577E-01  1.013E+05 -5.365E-10  2.825E-05  2.930E+02  1.598E+03
  1.055E-01  4.640E-01  1.013E+05 -3.733E-10  2.623E-05  2.930E+02  1.594E+03
  1.055E-01  4.703E-01  1.013E+05 -2.610E-10  3.678E-05  2.930E+02  1.592E+03
  1.055E-01  4.766E-01  1.013E+05 -2.035E-10  4.784E-05  2.930E+02  1.590E+03
  1.055E-01  4.829E-01  1.013E+05 -1.808E-10  4.354E-05  2.930E+02  1.588E+03
  1.055E-01  4.892E-01  1.013E+05 -1.631E-10  2.819E-05  2.930E+02  1.587E+03
  1.055E-01  4.955E-01  1.013E+05 -1.624E-10  3.272E-05  2.930E+02  1.586E+03
  1.055E-01  5.018E-01  1.013E+05 -1.652E-10 -2.344E-05  2.930E+02  1.585E+03
  1.055E-01  5.050E-01  1.013E+05  0.000E+00 -2.344E-05  2.930E+02  1.585E+03
  1.179E-01  0.000E+00  1.012E+05  0.000E+00  0.000E+00  2.930E+02  2.930E+02
  1.179E-01  3.156E-03  1.012E+05 -9.514E-09 -2.744E-03  2.930E+02  1.244E+03
  1.179E-01  9.469E-03  1.012E+05  1.063E-08 -2.719E-03  2.930E+02  2.615E+03
  1.179E-01  1.578E-02  1.012E+05  2.999E-08 -3.645E-03  2.930E+02  3.168E+03
  1.179E-01  2.209E-02  1.012E+05  5.554E-08 -4.392E-03  2.931E+02  3.381E+03
  1.179E-01  2.841E-02  1.012E+05  8.675E-08 -4.865E-03  2.932E+02  3.510E+03
  1.179E-01  3.472E-02  1.012E+05  1.327E-07 -5.267E-03  2.936E+02  3.623E+03
  1.179E-01  4.103E-02  1.012E+05  2.129E-07 -5.615E-03  2.943E+02  3.735E+03
  1.179E-01  4.734E-02  1.012E+05  3.394E-07 -5.927E-03  2.958E+02  3.850E+03
  1.179E-01  5.366E-02  1.012E+05  6.411E-07 -6.210E-03  2.987E+02  3.972E+03
  1.179E-01  5.997E-02  1.012E+05  1.176E-06 -6.434E-03  3.040E+02  4.103E+03
  1.179E-01  6.628E-02  1.012E+05  1.192E-06 -6.576E-03  3.133E+02  4.249E+03
  1.179E-01  7.259E-02  1.012E+05  7.392E-07 -6.635E-03  3.283E+02  4.418E+03
  1.179E-01  7.891E-02  1.012E+05  4.559E-07 -6.573E-03  3.513E+02  4.624E+03
  1.179E-01  8.522E-02  1.013E+05  3.263E-07 -6.396E-03  3.841E+02  4.896E+03
  1.179E-01  9.153E-02  1.013E+05  2.160E-07 -3.797E-03  4.284E+02  5.290E+03
  1.179E-01  9.784E-02  1.013E+05  1.405E-07 -3.434E-03  3.841E+02  4.886E+03
  1.179E-01  1.042E-01  1.013E+05  9.973E-08 -2.308E-03  3.513E+02  4.632E+03
  1.179E-01  1.105E-01  1.013E+05  2.319E-07 -1.470E-03  3.283E+02  4.445E+03
  1.179E-01  1.168E-01  1.013E+05  4.223E-07 -8.488E-04  3.133E+02  4.295E+03
  1.179E-01  1.231E-01  1.013E+05  1.607E-07 -3.486E-04  3.040E+02  4.170E+03
  1.179E-01  1.294E-01  1.013E+05 -5.683E-08  6.322E-05  2.987E+02  4.062E+03
  1.179E-01  1.357E-01  1.013E+05 -1.082E-07  3.840E-04  2.958E+02  3.965E+03
  1.179E-01  1.420E-01  1.013E+05 -1.347E-07  6.421E-04  2.943E+02  3.876E+03
  1.179E-01  1.483E-01  1.013E+05 -1.370E-07  8.482E-04  2.936E+02  3.793E+03
  1.179E-01  1.547E-01  1.013E+05 -1.279E-07  9.917E-04  2.932E+02  3.715E+03
  1.179E-01  1.610E-01  1.013E+05 -1.242E-07  1.091E-03  2.931E+02  3.639E+03
  1.179E-01  1.673E-01  1.013E+05 -1.039E-07  1.162E-03  2.930E+02  3.565E+03
  1.179E-01  1.736E-01  1.013E+05 -9.293E-08  1.204E-03  2.930E+02  3.492E+03
  1.179E-01  1.799E-01  1.013E+05 -7.883E-08  1.216E-03  2.930E+02  3.419E+03
  1.179E-01  1.862E-01  1.013E+05 -6.523E-08  1.217E-03  2.930E+02  3.346E+03
  1.179E-01  1.925E-01  1.013E+05 -5.414E-08  1.203E-03  2.930E+02  3.271E+03
  1.179E-01  1.988E-01  1.013E+05 -4.510E-08  1.164E-03  2.930E+02  3.194E+03
  1.179E-01  2.052E-01  1.013E+05 -3.759E-08  1.113E-03  2.930E+02  3.116E+03
  1.179E-01  2.115E-01  1.013E+05 -3.117E-08  1.069E-03  2.930E+02  3.037E+03
  1.179E-01  2.178E-01  1.013E+05 -2.576E-08  1.018E-03  2.930E+02  2.956E+03
  1.179E-01  2.241E-01  1.013E+05 -2.125E-08  9.517E-04  2.930E+02  2.875E+03
  1.179E-01  2.304E-01  1.013E+05 -1.754E-08  8.821E-04  2.930E+02  2.793E+03
  1.179E-01  2.367E-01  1.013E+05 -1.452E-08  8.202E-04  2.930E+02  2.713E+03
  1.179E-01  2.430E-01  1.013E+05 -1.206E-08  7.680E-04  2.930E+02  2.634E+03
  1.179E-01  2.493E-01  1.013E+05 -1.003E-08  7.085E-04  2.930E+02  2.556E+03
  1.179E-01  2.557E-01  1.013E+05 -8.322E-09  6.388E-04  2.930E+02  2.481E+03
  1.179E-01  2.620E-01  1.013E+05 -6.871E-09  5.773E-04  2.930E+02  2.410E+03
  1.179E-01  2.683E-01  1.013E+05 -5.799E-09  5.293E-04  2.930E+02  2.341E+03
  1.179E-01  2.746E-01  1.013E+05 -5.416E-09  4.786E-04  2.930E+02  2.277E+03
  1.179E-01  2.809E-01  1.013E+05 -6.285E-09  4.267E-04  2.930E+02  2.216E+03
  1.179E-01  2.872E-01  1.013E+05 -8.997E-09  3.853E-04  2.930E+02  2.159E+03
  1.179E-01  2.935E-01  1.013E+05 -1.392E-08  3.438E-04  2.930E+02  2.106E+03
  1.179E-01  2.998E-01  1.013E+05 -2.092E-08  3.065E-04  2.930E+02  2.056E+03
  1.179E-01  3.062E-01  1.013E+05 -3.128E-08  2.741E-04  2.930E+02  2.011E+03
  1.179E-01  3.125E-01  1.013E+05 -3.183E-08  2.409E-04  2.930E+02  1.969E+03
  1.179E-01  3.188E-01  1.013E+05 -8.420E-08  2.185E-04  2.930E+02  1.930E+03
  1.179E-01  3.251E-01  1.013E+05  3.013E-07  1.912E-04  2.930E+02  1.895E+03
  1.179E-01  3.314E-01  1.013E+05 -1.779E-06  1.605E-04  2.930E+02  1.862E+03
  1.179E-01  3.377E-01  1.013E+05 -2.506E-05  1.532E-04  2.930E+02  1.833E+03
  1.179E-01  3.440E-01  1.013E+05 -1.708E-06  1.439E-04  2.930E+02  1.806E+03
  1.179E-01  3.503E-01  1.013E+05  3.641E-07  1.211E-04  2.930E+02  1.782E+03
  1.179E-01  3.567E-01  1.013E+05 -4.617E-08  1.007E-04  2.930E+02  1.760E+03
  1.179E-01  3.630E-01  1.013E+05 -7.690E-09  8.744E-05  2.930E+02  1.740E+03
  1.179E-01  3.693E-01  1.013E+05 -1.791E-08  8.473E-05  2.930E+02  1.722E+03
  1.179E-01  3.756E-01  1.013E+05 -1.405E-08  7.471E-05  2.930E+02  1.705E+03
  1.179E-01  3.819E-01  1.013E+05 -1.102E-08  5.482E-05  2.930E+02  1.691E+03
  1.179E-01  3.882E-01  1.013E+05 -8.130E-09  4.931E-05  2.930E+02  1.677E+03
  1.179E-01  3.945E-01  1.013E+05 -5.907E-09  5.942E-05  2.930E+02  1.666E+03
  1.179E-01  4.008E-01  1.013E+05 -4.262E-09  5.826E-05  2.930E+02  1.655E+03
  1.179E-01  4.072E-01  1.013E+05 -3.058E-09  4.635E-05  2.930E+02  1.645E+03
  1.179E-01  4.135E-01  1.013E+05 -2.179E-09  4.437E-05  2.930E+02  1.637E+03
  1.179E-01  4.198E-01  1.013E+05 -1.557E-09  4.591E-05  2.930E+02  1.629E+03
  1.179E-01  4.261E-01  1.013E+05 -1.115E-09  3.781E-05  2.930E+02  1.622E+03
  1.179E-01  4.324E-01  1.013E+05 -7.950E-10  3.062E-05  2.930E+02  1.616E+03
  1.179E-01  4.387E-01  1.013E+05 -5.750E-10  3.672E-05  2.930E+02  1.610E+03
  1.179E-01  4.450E-01  1.013E+05 -4.333E-10  4.268E-05  2.930E+02  1.605E+03
  1.179E-01  4.513E-01  1.013E+05 -3.260E-10  3.737E-05  2.930E+02  1.601E+03
  1.179E-01  4.577E-01  1.013E+05 -2.345E-10  2.825E-05  2.930E+02  1.598E+03
  1.179E-01  4.640E-01  1.013E+05 -1.620E-10  2.623E-05  2.930E+02  1.594E+03
  1.179E-01  4.703E-01  1.013E+05 -1.115E-10  3.678E-05  2.930E+02  1.592E+03
  1.179E-01  4.766E-01  1.013E+05 -9.355E-11  4.784E-05  2.930E+02  1.590E+03
  1.179E-01  4.829E-01  1.013E+05 -9.629E-11  4.354E-05  2.930E+02  1.588E+03
  1.179E-01  4.892E-01  1.013E+05 -9.635E-11  2.819E-05  2.930E+02  1.587E+03
  1.179E-01  4.955E-01  1.013E+05 -1.119E-10  3.272E-05  2.930E+02  1.586E+03
  1.179E-01  5.018E-01  1.013E+05 -1.211E-10 -2.344E-05  2.930E+02  1.585E+03
  1.179E-01  5.050E-01  1.013E+05  0.000E+00 -2.344E-05  2.930E+02  1.585E+03
  1.241E-01  0.000E+00  1.012E+05  0.000E+00  0.000E+00  2.930E+02  2.930E+02
  1.241E-01  3.156E-03  1.012E+05 -9.514E-09 -2.744E-03  2.930E+02  1.244E+03
  1.241E-01  9.469E-03  1.012E+05  1.063E-08 -2.719E-03  2.930E+02  2.615E+03
  1.241E-01  1.578E-02  1.012E+05  2.999E-08 -3.645E-03  2.930E+02  3.168E+03
  1.241E-01  2.209E-02  1.012E+05  5.554E-08 -4.392E-03  2.931E+02  3.381E+03
  1.241E-01  2.841E-02  1.012E+05  8.675E-08 -4.865E-03  2.932E+02  3.510E+03
  1.241E-01  3.472E-02  1.012E+05  1.327E-07 -5.267E-03  2.936E+02  3.623E+03
  1.241E-01  4.103E-02  1.012E+05  2.129E-07 -5.615E-03  2.943E+02  3.735E+03
  1.241E-01  4.734E-02  1.012E+05  3.394E-07 -5.927E-03  2.958E+02  3.850E+03
  1.241E-01  5.366E-02  1.012E+05  6.411E-07 -6.210E-03  2.987E+02  3.972E+03
  1.241E-01  5.997E-02  1.012E+05  1.176E-06 -6.434E-03  3.040E+02  4.103E+03
  1.241E-01  6.628E-02  1.012E+05  1.192E-06 -6.576E-03  3.133E+02  4.249E+03
  1.241E-01  7.259E-02  1.012E+05  7.392E-07 -6.635E-03  3.283E+02  4.418E+03
  1.241E-01  7.891E-02  1.012E+05  4.559E-07 -6.573E-03  3.513E+02  4.624E+03
  1.241E-01  8.522E-02  1.013E+05  3.263E-07 -6.396E-03  3.841E+02  4.896E+03
  1.241E-01  9.153E-02  1.013E+05  2.160E-07 -3.797E-03  4.284E+02  5.290E+03
  1.241E-01  9.784E-02  1.013E+05  1.405E-07 -3.434E-03  3.841E+02  4.886E+03
  1.241E-01  1.042E-01  1.013E+05  9.973E-08 -2.308E-03  3.513E+02  4.632E+03
  1.241E-01  1.105E-01  1.013E+05  2.319E-07 -1.470E-03  3.283E+02  4.445E+03
  1.241E-01  1.168E-01  1.013E+05  4.223E-07 -8.488E-04  3.133E+02  4.295E+03
  1.241E-01  1.231E-01  1.013E+05  1.607E-07 -3.486E-04  3.040E+02  4.170E+03
  1.241E-01  1.294E-01  1.013E+05 -5.683E-08  6.322E-05  2.987E+02  4.062E+03
  1.241E-01  1.357E-01  1.013E+05 -1.082E-07  3.840E-04  2.958E+02  3.965E+03
  1.241E-01  1.420E-01  1.013E+05 -1.347E-07  6.421E-04  2.943E+02  3.876E+03
  1.241E-01  1.483E-01  1.013E+05 -1.370E-07  8.482E-04  2.936E+02  3.793E+03
  1.241E-01  1.547E-01  1.013E+05 -1.279E-07  9.917E-04  2.932E+02  3.715E+03
  1.241E-01  1.610E-01  1.013E+05 -1.242E-07  1.091E-03  2.931E+02  3.639E+03
  1.241E-01  1.673E-01  1.013E+05 -1.039E-07  1.162E-03  2.930E+02  3.565E+03
  1.241E-01  1.736E-01  1.013E+05 -9.293E-08  1.204E-03  2.930E+02  3.492E+03
  1.241E-01  1.799E-01  1.013E+05 -7.883E-08  1.216E-03  2.930E+02  3.419E+03
  1.241E-01  1.862E-01  1.013E+05 -6.523E-08  1.217E-03  2.930E+02  3.346E+03
  1.241E-01  1.925E-01  1.013E+05 -5.414E-08  1.203E-03  2.930E+02  3.271E+03
  1.241E-01  1.988E-01  1.013E+05 -4.510E-08  1.164E-03  2.930E+02  3.194E+03
  1.241E-01  2.052E-01  1.013E+05 -3.759E-08  1.113E-03  2.930E+02  3.116E+03
  1.241E-01  2.115E-01  1.013E+05 -3.117E-08  1.069E-03  2.930E+02  3.037E+03
  1.241E-01  2.178E-01  1.013E+05 -2.576E-08  1.018E-03  2.930E+02  2.956E+03
  1.241E-01  2.241E-01  1.013E+05 -2.125E-08  9.517E-04  2.930E+02  2.875E+03
  1.241E-01  2.304E-01  1.013E+05 -1.754E-08  8.821E-04  2.930E+02  2.793E+03
  1.241E-01  2.367E-01  1.013E+05 -1.452E-08  8.202E-04  2.930E+02  2.713E+03
  1.241E-01  2.430E-01  1.013E+05 -1.206E-08  7.680E-04  2.930E+02  2.634E+03
  1.241E-01  2.493E-01  1.013E+05 -1.003E-08  7.085E-04  2.930E+02  2.556E+03
  1.241E-01  2.557E-01  1.013E+05 -8.322E-09  6.388E-04  2.930E+02  2.481E+03
  1.241E-01  2.620E-01  1.013E+05 -6.871E-09  5.773E-04  2.930E+02  2.410E+03
  1.241E-01  2.683E-01  1.013E+05 -5.799E-09  5.293E-04  2.930E+02  2.341E+03
  1.241E-01  2.746E-01  1.013E+05 -5.416E-09  4.786E-04  2.930E+02  2.277E+03
  1.241E-01  2.809E-01  1.013E+05 -6.285E-09  4.267E-04  2.930E+02  2.216E+03
  1.241E-01  2.872E-01  1.013E+05 -8.997E-09  3.853E-04  2.930E+02  2.159E+03
  1.241E-01  2.935E-01  1.013E+05 -1.392E-08  3.438E-04  2.930E+02  2.106E+03
  1.241E-01  2.998E-01  1.013E+05 -2.092E-08  3.065E-04  2.930E+02  2.056E+03
  1.241E-01  3.062E-01  1.013E+05 -3.128E-08  2.741E-04  2.930E+02  2.011E+03
  1.241E-01  3.125E-01  1.013E+05 -3.183E-08  2.409E-04  2.930E+02  1.969E+03
  1.241E-01  3.188E-01  1.013E+05 -8.420E-08  2.185E-04  2.930E+02  1.930E+03
  1.241E-01  3.251E-01  1.013E+05  3.013E-07  1.912E-04  2.930E+02  1.895E+03
  1.241E-01  3.314E-01  1.013E+05 -1.779E-06  1.605E-04  2.930E+02  1.862E+03
  1.241E-01  3.377E-01  1.013E+05 -2.506E-05  1.532E-04  2.930E+02  1.833E+03
  1.241E-01  3.440E-01  1.013E+05 -1.708E-06  1.439E-04  2.930E+02  1.806E+03
  1.241E-01  3.503E-01  1.013E+05  3.641E-07  1.211E-04  2.930E+02  1.782E+03
  1.241E-01  3.567E-01  1.013E+05 -4.617E-08  1.007E-04  2.930E+02  1.760E+03
  1.241E-01  3.630E-01  1.013E+05 -7.690E-09  8.744E-05  2.930E+02  1.740E+03
  1.241E-01  3.693E-01  1.013E+05 -1.791E-08  8.473E-05  2.930E+02  1.722E+03
  1.241E-01  3.756E-01  1.013E+05 -1.405E-08  7.471E-05  2.930E+02  1.705E+03
  1.241E-01  3.819E-01  1.013E+05 -1.102E-08  5.482E-05  2.930E+02  1.691E+03
  1.241E-01  3.882E-01  1.013E+05 -8.130E-09  4.931E-05  2.930E+02  1.677E+03
  1.241E-01  3.945E-01  1.013E+05 -5.907E-09  5.942E-05  2.930E+02  1.666E+03
  1.241E-01  4.008E-01  1.013E+05 -4.262E-09  5.826E-05  2.930E+02  1.655E+03
  1.241E-01  4.072E-01  1.013E+05 -3.058E-09  4.635E-05  2.930E+02  1.645E+03
  1.241E-01  4.135E-01  1.013E+05 -2.179E-09  4.437E-05  2.930E+02  1.637E+03
  1.241E-01  4.198E-01  1.013E+05 -1.557E-09  4.591E-05  2.930E+02  1.629E+03
  1.241E-01  4.261E-01  1.013E+05 -1.115E-09  3.781E-05  2.930E+02  1.622E+03
  1.241E-01  4.324E-01  1.013E+05 -7.950E-10  3.062E-05  2.930E+02  1.616E+03
  1.241E-01  4.387E-01  1.013E+05 -5.750E-10  3.672E-05  2.930E+02  1.610E+03
  1.241E-01  4.450E-01  1.013E+05 -4.333E-10  4.268E-05  2.930E+02  1.605E+03
  1.241E-01  4.513E-01  1.013E+05 -3.260E-10  3.737E-05  2.930E+02  1.601E+03
  1.241E-01  4.577E-01  1.013E+05 -2.345E-10  2.825E-05  2.930E+02  1.598E+03
  1.241E-01  4.640E-01  1.013E+05 -1.620E-10  2.623E-05  2.930E+02  1.594E+03
  1.241E-01  4.703E-01  1.013E+05 -1.115E-10  3.678E-05  2.930E+02  1.592E+03
  1.241E-01  4.766E-01  1.013E+05 -9.355E-11  4.784E-05  2.930E+02  1.590E+03
  1.241E-01  4.829E-01  1.013E+05 -9.629E-11  4.354E-05  2.930E+02  1.588E+03
  1.241E-01  4.892E-01  1.013E+05 -9.635E-11  2.819E-05  2.930E+02  1.587E+03
  1.241E-01  4.955E-01  1.013E+05 -1.119E-10  3.272E-05  2.930E+02  1.586E+03
  1.241E-01  5.018E-01  1.013E+05 -1.211E-10 -2.344E-05  2.930E+02  1.585E+03
  1.241E-01  5.050E-01  1.013E+05  0.000E+00 -2.344E-05  2.930E+02  1.585E+03
