VARIABLES="XP","YP","P","U","V","TS","TF"
ZONE T="Zone 001"I=    82 J=    12 F=POINT
  0.000E+00  0.000E+00  1.013E+05  4.332E-13  3.017E-13  2.930E+02  3.297E+02
  0.000E+00  3.156E-03  1.013E+05  4.332E-13  3.017E-13  2.930E+02  3.297E+02
  0.000E+00  9.469E-03  1.013E+05  8.828E-13  3.806E-12  2.930E+02  4.044E+02
  0.000E+00  1.578E-02  1.013E+05  1.218E-12  5.522E-12  2.930E+02  4.826E+02
  0.000E+00  2.209E-02  1.013E+05  1.451E-12  6.353E-12  2.930E+02  5.669E+02
  0.000E+00  2.841E-02  1.013E+05  1.438E-12  5.843E-12  2.930E+02  6.599E+02
  0.000E+00  3.472E-02  1.013E+05  1.288E-12  4.156E-12  2.930E+02  7.647E+02
  0.000E+00  4.103E-02  1.013E+05  9.547E-13  2.205E-12  2.930E+02  8.845E+02
  0.000E+00  4.734E-02  1.013E+05  5.387E-13  4.115E-13  2.930E+02  1.023E+03
  0.000E+00  5.366E-02  1.013E+05  2.252E-14 -7.532E-13  2.930E+02  1.185E+03
  0.000E+00  5.997E-02  1.013E+05 -2.630E-13 -8.854E-13  2.930E+02  1.376E+03
  0.000E+00  6.628E-02  1.013E+05 -3.359E-13 -7.003E-15  2.930E+02  1.601E+03
  0.000E+00  7.259E-02  1.013E+05 -2.706E-13  1.575E-12  2.930E+02  1.868E+03
  0.000E+00  7.891E-02  1.013E+05  3.087E-14  3.415E-12  2.931E+02  2.186E+03
  0.000E+00  8.522E-02  1.013E+05  4.969E-13  5.203E-12  2.937E+02  2.564E+03
  0.000E+00  9.153E-02  1.013E+05  8.793E-13  6.320E-12  3.017E+02  3.014E+03
  0.000E+00  9.784E-02  1.013E+05  1.207E-12  6.730E-12  2.937E+02  2.569E+03
  0.000E+00  1.042E-01  1.013E+05  1.354E-12  6.391E-12  2.931E+02  2.197E+03
  0.000E+00  1.105E-01  1.013E+05  1.335E-12  5.609E-12  2.930E+02  1.886E+03
  0.000E+00  1.168E-01  1.013E+05  1.068E-12  4.483E-12  2.930E+02  1.625E+03
  0.000E+00  1.231E-01  1.013E+05  7.128E-13  3.757E-12  2.930E+02  1.407E+03
  0.000E+00  1.294E-01  1.013E+05  3.253E-13  3.359E-12  2.930E+02  1.225E+03
  0.000E+00  1.357E-01  1.013E+05  7.283E-14  3.758E-12  2.930E+02  1.073E+03
  0.000E+00  1.420E-01  1.013E+05 -3.026E-14  4.816E-12  2.930E+02  9.452E+02
  0.000E+00  1.483E-01  1.013E+05  6.486E-15  6.137E-12  2.930E+02  8.386E+02
  0.000E+00  1.547E-01  1.013E+05  4.648E-14  7.534E-12  2.930E+02  7.494E+02
  0.000E+00  1.610E-01  1.013E+05  2.102E-13  8.623E-12  2.930E+02  6.747E+02
  0.000E+00  1.673E-01  1.013E+05  3.329E-13  9.156E-12  2.930E+02  6.123E+02
  0.000E+00  1.736E-01  1.013E+05  3.497E-13  9.221E-12  2.930E+02  5.601E+02
  0.000E+00  1.799E-01  1.013E+05  2.026E-13  8.915E-12  2.930E+02  5.164E+02
  0.000E+00  1.862E-01  1.013E+05  8.503E-14  8.593E-12  2.930E+02  4.799E+02
  0.000E+00  1.925E-01  1.013E+05 -1.457E-13  8.662E-12  2.930E+02  4.493E+02
  0.000E+00  1.988E-01  1.013E+05 -2.808E-13  9.360E-12  2.930E+02  4.238E+02
  0.000E+00  2.052E-01  1.013E+05 -3.667E-13  1.065E-11  2.930E+02  4.024E+02
  0.000E+00  2.115E-01  1.013E+05 -2.909E-13  1.221E-11  2.930E+02  3.845E+02
  0.000E+00  2.178E-01  1.013E+05 -1.636E-13  1.400E-11  2.930E+02  3.695E+02
  0.000E+00  2.241E-01  1.013E+05  1.010E-14  1.546E-11  2.930E+02  3.570E+02
  0.000E+00  2.304E-01  1.013E+05  1.110E-13  1.632E-11  2.930E+02  3.466E+02
  0.000E+00  2.367E-01  1.013E+05  5.401E-14  1.641E-11  2.930E+02  3.378E+02
  0.000E+00  2.430E-01  1.013E+05 -1.825E-13  1.557E-11  2.930E+02  3.305E+02
  0.000E+00  2.493E-01  1.013E+05 -6.643E-13  1.446E-11  2.930E+02  3.243E+02
  0.000E+00  2.557E-01  1.013E+05 -1.285E-12  1.305E-11  2.930E+02  3.192E+02
  0.000E+00  2.620E-01  1.013E+05 -2.049E-12  1.177E-11  2.930E+02  3.149E+02
  0.000E+00  2.683E-01  1.013E+05 -2.801E-12  1.089E-11  2.930E+02  3.113E+02
  0.000E+00  2.746E-01  1.013E+05 -3.487E-12  1.081E-11  2.930E+02  3.083E+02
  0.000E+00  2.809E-01  1.013E+05 -4.039E-12  1.131E-11  2.930E+02  3.058E+02
  0.000E+00  2.872E-01  1.013E+05 -4.425E-12  1.242E-11  2.930E+02  3.037E+02
  0.000E+00  2.935E-01  1.013E+05 -4.655E-12  1.354E-11  2.930E+02  3.020E+02
  0.000E+00  2.998E-01  1.013E+05 -4.817E-12  1.439E-11  2.930E+02  3.005E+02
  0.000E+00  3.062E-01  1.013E+05 -4.873E-12  1.481E-11  2.930E+02  2.993E+02
  0.000E+00  3.125E-01  1.013E+05 -4.917E-12  1.464E-11  2.930E+02  2.983E+02
  0.000E+00  3.188E-01  1.013E+05 -4.817E-12  1.381E-11  2.930E+02  2.974E+02
  0.000E+00  3.251E-01  1.013E+05 -4.489E-12  1.272E-11  2.930E+02  2.967E+02
  0.000E+00  3.314E-01  1.013E+05 -3.769E-12  1.159E-11  2.930E+02  2.961E+02
  0.000E+00  3.377E-01  1.013E+05 -2.517E-12  1.095E-11  2.930E+02  2.956E+02
  0.000E+00  3.440E-01  1.013E+05 -5.682E-13  1.084E-11  2.930E+02  2.952E+02
  0.000E+00  3.503E-01  1.013E+05  2.146E-12  1.144E-11  2.930E+02  2.948E+02
  0.000E+00  3.567E-01  1.013E+05  5.783E-12  1.256E-11  2.930E+02  2.945E+02
  0.000E+00  3.630E-01  1.013E+05  1.023E-11  1.403E-11  2.930E+02  2.943E+02
  0.000E+00  3.693E-01  1.013E+05  1.552E-11  1.550E-11  2.930E+02  2.941E+02
  0.000E+00  3.756E-01  1.013E+05  2.153E-11  1.674E-11  2.930E+02  2.939E+02
  0.000E+00  3.819E-01  1.013E+05  2.820E-11  1.779E-11  2.930E+02  2.937E+02
  0.000E+00  3.882E-01  1.013E+05  3.564E-11  1.833E-11  2.930E+02  2.936E+02
  0.000E+00  3.945E-01  1.013E+05  4.369E-11  1.864E-11  2.930E+02  2.935E+02
  0.000E+00  4.008E-01  1.013E+05  5.222E-11  1.891E-11  2.930E+02  2.934E+02
  0.000E+00  4.072E-01  1.013E+05  6.022E-11  1.961E-11  2.930E+02  2.934E+02
  0.000E+00  4.135E-01  1.013E+05  6.702E-11  2.084E-11  2.930E+02  2.933E+02
  0.000E+00  4.198E-01  1.013E+05  7.171E-11  2.301E-11  2.930E+02  2.933E+02
  0.000E+00  4.261E-01  1.013E+05  7.365E-11  2.639E-11  2.930E+02  2.932E+02
  0.000E+00  4.324E-01  1.013E+05  7.330E-11  3.204E-11  2.930E+02  2.932E+02
  0.000E+00  4.387E-01  1.013E+05  7.003E-11  3.894E-11  2.930E+02  2.932E+02
  0.000E+00  4.450E-01  1.013E+05  6.647E-11  4.550E-11  2.930E+02  2.931E+02
  0.000E+00  4.513E-01  1.013E+05  6.522E-11  4.767E-11  2.930E+02  2.931E+02
  0.000E+00  4.577E-01  1.013E+05  6.735E-11  3.950E-11  2.930E+02  2.931E+02
  0.000E+00  4.640E-01  1.013E+05  7.117E-11  1.701E-11  2.930E+02  2.931E+02
  0.000E+00  4.703E-01  1.013E+05  6.872E-11 -1.571E-11  2.930E+02  2.931E+02
  0.000E+00  4.766E-01  1.013E+05  5.000E-11 -3.613E-11  2.930E+02  2.931E+02
  0.000E+00  4.829E-01  1.013E+05  9.742E-12 -5.031E-12  2.930E+02  2.931E+02
  0.000E+00  4.892E-01  1.013E+05 -2.653E-11  1.187E-10  2.930E+02  2.930E+02
  0.000E+00  4.955E-01  1.013E+05 -1.932E-11  8.920E-11  2.930E+02  2.930E+02
  0.000E+00  5.018E-01  1.013E+05 -5.744E-11 -1.812E-10  2.930E+02  2.930E+02
  0.000E+00  5.050E-01  1.013E+05 -5.744E-11 -1.812E-10  2.930E+02  2.930E+02
  6.203E-03  0.000E+00  1.013E+05  0.000E+00  0.000E+00  2.930E+02  2.930E+02
  6.203E-03  3.156E-03  1.013E+05  4.332E-13  3.017E-13  2.930E+02  3.297E+02
  6.203E-03  9.469E-03  1.013E+05  8.828E-13  3.806E-12  2.930E+02  4.044E+02
  6.203E-03  1.578E-02  1.013E+05  1.218E-12  5.522E-12  2.930E+02  4.826E+02
  6.203E-03  2.209E-02  1.013E+05  1.451E-12  6.353E-12  2.930E+02  5.669E+02
  6.203E-03  2.841E-02  1.013E+05  1.438E-12  5.843E-12  2.930E+02  6.599E+02
  6.203E-03  3.472E-02  1.013E+05  1.288E-12  4.156E-12  2.930E+02  7.647E+02
  6.203E-03  4.103E-02  1.013E+05  9.547E-13  2.205E-12  2.930E+02  8.845E+02
  6.203E-03  4.734E-02  1.013E+05  5.387E-13  4.115E-13  2.930E+02  1.023E+03
  6.203E-03  5.366E-02  1.013E+05  2.252E-14 -7.532E-13  2.930E+02  1.185E+03
  6.203E-03  5.997E-02  1.013E+05 -2.630E-13 -8.854E-13  2.930E+02  1.376E+03
  6.203E-03  6.628E-02  1.013E+05 -3.359E-13 -7.003E-15  2.930E+02  1.601E+03
  6.203E-03  7.259E-02  1.013E+05 -2.706E-13  1.575E-12  2.930E+02  1.868E+03
  6.203E-03  7.891E-02  1.013E+05  3.087E-14  3.415E-12  2.931E+02  2.186E+03
  6.203E-03  8.522E-02  1.013E+05  4.969E-13  5.203E-12  2.937E+02  2.564E+03
  6.203E-03  9.153E-02  1.013E+05  8.793E-13  6.320E-12  3.017E+02  3.014E+03
  6.203E-03  9.784E-02  1.013E+05  1.207E-12  6.730E-12  2.937E+02  2.569E+03
  6.203E-03  1.042E-01  1.013E+05  1.354E-12  6.391E-12  2.931E+02  2.197E+03
  6.203E-03  1.105E-01  1.013E+05  1.335E-12  5.609E-12  2.930E+02  1.886E+03
  6.203E-03  1.168E-01  1.013E+05  1.068E-12  4.483E-12  2.930E+02  1.625E+03
  6.203E-03  1.231E-01  1.013E+05  7.128E-13  3.757E-12  2.930E+02  1.407E+03
  6.203E-03  1.294E-01  1.013E+05  3.253E-13  3.359E-12  2.930E+02  1.225E+03
  6.203E-03  1.357E-01  1.013E+05  7.283E-14  3.758E-12  2.930E+02  1.073E+03
  6.203E-03  1.420E-01  1.013E+05 -3.026E-14  4.816E-12  2.930E+02  9.452E+02
  6.203E-03  1.483E-01  1.013E+05  6.486E-15  6.137E-12  2.930E+02  8.386E+02
  6.203E-03  1.547E-01  1.013E+05  4.648E-14  7.534E-12  2.930E+02  7.494E+02
  6.203E-03  1.610E-01  1.013E+05  2.102E-13  8.623E-12  2.930E+02  6.747E+02
  6.203E-03  1.673E-01  1.013E+05  3.329E-13  9.156E-12  2.930E+02  6.123E+02
  6.203E-03  1.736E-01  1.013E+05  3.497E-13  9.221E-12  2.930E+02  5.601E+02
  6.203E-03  1.799E-01  1.013E+05  2.026E-13  8.915E-12  2.930E+02  5.164E+02
  6.203E-03  1.862E-01  1.013E+05  8.503E-14  8.593E-12  2.930E+02  4.799E+02
  6.203E-03  1.925E-01  1.013E+05 -1.457E-13  8.662E-12  2.930E+02  4.493E+02
  6.203E-03  1.988E-01  1.013E+05 -2.808E-13  9.360E-12  2.930E+02  4.238E+02
  6.203E-03  2.052E-01  1.013E+05 -3.667E-13  1.065E-11  2.930E+02  4.024E+02
  6.203E-03  2.115E-01  1.013E+05 -2.909E-13  1.221E-11  2.930E+02  3.845E+02
  6.203E-03  2.178E-01  1.013E+05 -1.636E-13  1.400E-11  2.930E+02  3.695E+02
  6.203E-03  2.241E-01  1.013E+05  1.010E-14  1.546E-11  2.930E+02  3.570E+02
  6.203E-03  2.304E-01  1.013E+05  1.110E-13  1.632E-11  2.930E+02  3.466E+02
  6.203E-03  2.367E-01  1.013E+05  5.401E-14  1.641E-11  2.930E+02  3.378E+02
  6.203E-03  2.430E-01  1.013E+05 -1.825E-13  1.557E-11  2.930E+02  3.305E+02
  6.203E-03  2.493E-01  1.013E+05 -6.643E-13  1.446E-11  2.930E+02  3.243E+02
  6.203E-03  2.557E-01  1.013E+05 -1.285E-12  1.305E-11  2.930E+02  3.192E+02
  6.203E-03  2.620E-01  1.013E+05 -2.049E-12  1.177E-11  2.930E+02  3.149E+02
  6.203E-03  2.683E-01  1.013E+05 -2.801E-12  1.089E-11  2.930E+02  3.113E+02
  6.203E-03  2.746E-01  1.013E+05 -3.487E-12  1.081E-11  2.930E+02  3.083E+02
  6.203E-03  2.809E-01  1.013E+05 -4.039E-12  1.131E-11  2.930E+02  3.058E+02
  6.203E-03  2.872E-01  1.013E+05 -4.425E-12  1.242E-11  2.930E+02  3.037E+02
  6.203E-03  2.935E-01  1.013E+05 -4.655E-12  1.354E-11  2.930E+02  3.020E+02
  6.203E-03  2.998E-01  1.013E+05 -4.817E-12  1.439E-11  2.930E+02  3.005E+02
  6.203E-03  3.062E-01  1.013E+05 -4.873E-12  1.481E-11  2.930E+02  2.993E+02
  6.203E-03  3.125E-01  1.013E+05 -4.917E-12  1.464E-11  2.930E+02  2.983E+02
  6.203E-03  3.188E-01  1.013E+05 -4.817E-12  1.381E-11  2.930E+02  2.974E+02
  6.203E-03  3.251E-01  1.013E+05 -4.489E-12  1.272E-11  2.930E+02  2.967E+02
  6.203E-03  3.314E-01  1.013E+05 -3.769E-12  1.159E-11  2.930E+02  2.961E+02
  6.203E-03  3.377E-01  1.013E+05 -2.517E-12  1.095E-11  2.930E+02  2.956E+02
  6.203E-03  3.440E-01  1.013E+05 -5.682E-13  1.084E-11  2.930E+02  2.952E+02
  6.203E-03  3.503E-01  1.013E+05  2.146E-12  1.144E-11  2.930E+02  2.948E+02
  6.203E-03  3.567E-01  1.013E+05  5.783E-12  1.256E-11  2.930E+02  2.945E+02
  6.203E-03  3.630E-01  1.013E+05  1.023E-11  1.403E-11  2.930E+02  2.943E+02
  6.203E-03  3.693E-01  1.013E+05  1.552E-11  1.550E-11  2.930E+02  2.941E+02
  6.203E-03  3.756E-01  1.013E+05  2.153E-11  1.674E-11  2.930E+02  2.939E+02
  6.203E-03  3.819E-01  1.013E+05  2.820E-11  1.779E-11  2.930E+02  2.937E+02
  6.203E-03  3.882E-01  1.013E+05  3.564E-11  1.833E-11  2.930E+02  2.936E+02
  6.203E-03  3.945E-01  1.013E+05  4.369E-11  1.864E-11  2.930E+02  2.935E+02
  6.203E-03  4.008E-01  1.013E+05  5.222E-11  1.891E-11  2.930E+02  2.934E+02
  6.203E-03  4.072E-01  1.013E+05  6.022E-11  1.961E-11  2.930E+02  2.934E+02
  6.203E-03  4.135E-01  1.013E+05  6.702E-11  2.084E-11  2.930E+02  2.933E+02
  6.203E-03  4.198E-01  1.013E+05  7.171E-11  2.301E-11  2.930E+02  2.933E+02
  6.203E-03  4.261E-01  1.013E+05  7.365E-11  2.639E-11  2.930E+02  2.932E+02
  6.203E-03  4.324E-01  1.013E+05  7.330E-11  3.204E-11  2.930E+02  2.932E+02
  6.203E-03  4.387E-01  1.013E+05  7.003E-11  3.894E-11  2.930E+02  2.932E+02
  6.203E-03  4.450E-01  1.013E+05  6.647E-11  4.550E-11  2.930E+02  2.931E+02
  6.203E-03  4.513E-01  1.013E+05  6.522E-11  4.767E-11  2.930E+02  2.931E+02
  6.203E-03  4.577E-01  1.013E+05  6.735E-11  3.950E-11  2.930E+02  2.931E+02
  6.203E-03  4.640E-01  1.013E+05  7.117E-11  1.701E-11  2.930E+02  2.931E+02
  6.203E-03  4.703E-01  1.013E+05  6.872E-11 -1.571E-11  2.930E+02  2.931E+02
  6.203E-03  4.766E-01  1.013E+05  5.000E-11 -3.613E-11  2.930E+02  2.931E+02
  6.203E-03  4.829E-01  1.013E+05  9.742E-12 -5.031E-12  2.930E+02  2.931E+02
  6.203E-03  4.892E-01  1.013E+05 -2.653E-11  1.187E-10  2.930E+02  2.930E+02
  6.203E-03  4.955E-01  1.013E+05 -1.932E-11  8.920E-11  2.930E+02  2.930E+02
  6.203E-03  5.018E-01  1.013E+05 -5.744E-11 -1.812E-10  2.930E+02  2.930E+02
  6.203E-03  5.050E-01  1.013E+05  0.000E+00 -1.812E-10  2.930E+02  2.930E+02
  1.861E-02  0.000E+00  1.013E+05  0.000E+00  0.000E+00  2.930E+02  2.930E+02
  1.861E-02  3.156E-03  1.013E+05  6.000E-12  1.100E-12  2.930E+02  3.297E+02
  1.861E-02  9.469E-03  1.013E+05  5.013E-12  4.886E-12  2.930E+02  4.044E+02
  1.861E-02  1.578E-02  1.013E+05  4.109E-12  6.495E-12  2.930E+02  4.826E+02
  1.861E-02  2.209E-02  1.013E+05  3.111E-12  6.334E-12  2.930E+02  5.669E+02
  1.861E-02  2.841E-02  1.013E+05  2.053E-12  4.934E-12  2.930E+02  6.599E+02
  1.861E-02  3.472E-02  1.013E+05  1.171E-12  2.774E-12  2.930E+02  7.647E+02
  1.861E-02  4.103E-02  1.013E+05  7.849E-13  4.462E-13  2.930E+02  8.845E+02
  1.861E-02  4.734E-02  1.013E+05  6.943E-13 -1.384E-12  2.930E+02  1.023E+03
  1.861E-02  5.366E-02  1.013E+05  1.041E-12 -2.237E-12  2.930E+02  1.185E+03
  1.861E-02  5.997E-02  1.013E+05  1.760E-12 -1.528E-12  2.930E+02  1.376E+03
  1.861E-02  6.628E-02  1.013E+05  2.618E-12  2.767E-13  2.930E+02  1.601E+03
  1.861E-02  7.259E-02  1.013E+05  3.317E-12  2.494E-12  2.930E+02  1.868E+03
  1.861E-02  7.891E-02  1.013E+05  3.846E-12  4.576E-12  2.931E+02  2.186E+03
  1.861E-02  8.522E-02  1.013E+05  4.058E-12  6.339E-12  2.937E+02  2.564E+03
  1.861E-02  9.153E-02  1.013E+05  3.860E-12  7.082E-12  3.017E+02  3.014E+03
  1.861E-02  9.784E-02  1.013E+05  3.446E-12  6.884E-12  2.937E+02  2.569E+03
  1.861E-02  1.042E-01  1.013E+05  2.896E-12  5.959E-12  2.931E+02  2.197E+03
  1.861E-02  1.105E-01  1.013E+05  2.345E-12  4.265E-12  2.930E+02  1.886E+03
  1.861E-02  1.168E-01  1.013E+05  2.039E-12  2.886E-12  2.930E+02  1.625E+03
  1.861E-02  1.231E-01  1.013E+05  1.917E-12  2.095E-12  2.930E+02  1.407E+03
  1.861E-02  1.294E-01  1.013E+05  1.916E-12  2.205E-12  2.930E+02  1.225E+03
  1.861E-02  1.357E-01  1.013E+05  2.065E-12  3.155E-12  2.930E+02  1.073E+03
  1.861E-02  1.420E-01  1.013E+05  2.270E-12  4.767E-12  2.930E+02  9.452E+02
  1.861E-02  1.483E-01  1.013E+05  2.388E-12  6.565E-12  2.930E+02  8.386E+02
  1.861E-02  1.547E-01  1.013E+05  2.261E-12  8.180E-12  2.930E+02  7.494E+02
  1.861E-02  1.610E-01  1.013E+05  2.079E-12  9.052E-12  2.930E+02  6.747E+02
  1.861E-02  1.673E-01  1.013E+05  1.950E-12  9.430E-12  2.930E+02  6.123E+02
  1.861E-02  1.736E-01  1.013E+05  1.873E-12  9.079E-12  2.930E+02  5.601E+02
  1.861E-02  1.799E-01  1.013E+05  2.066E-12  8.504E-12  2.930E+02  5.164E+02
  1.861E-02  1.862E-01  1.013E+05  2.587E-12  8.099E-12  2.930E+02  4.799E+02
  1.861E-02  1.925E-01  1.013E+05  3.423E-12  8.237E-12  2.930E+02  4.493E+02
  1.861E-02  1.988E-01  1.013E+05  4.353E-12  9.086E-12  2.930E+02  4.238E+02
  1.861E-02  2.052E-01  1.013E+05  5.193E-12  1.070E-11  2.930E+02  4.024E+02
  1.861E-02  2.115E-01  1.013E+05  5.696E-12  1.261E-11  2.930E+02  3.845E+02
  1.861E-02  2.178E-01  1.013E+05  5.830E-12  1.450E-11  2.930E+02  3.695E+02
  1.861E-02  2.241E-01  1.013E+05  5.332E-12  1.589E-11  2.930E+02  3.570E+02
  1.861E-02  2.304E-01  1.013E+05  4.405E-12  1.629E-11  2.930E+02  3.466E+02
  1.861E-02  2.367E-01  1.013E+05  3.359E-12  1.587E-11  2.930E+02  3.378E+02
  1.861E-02  2.430E-01  1.013E+05  2.356E-12  1.420E-11  2.930E+02  3.305E+02
  1.861E-02  2.493E-01  1.013E+05  1.774E-12  1.257E-11  2.930E+02  3.243E+02
  1.861E-02  2.557E-01  1.013E+05  1.778E-12  1.068E-11  2.930E+02  3.192E+02
  1.861E-02  2.620E-01  1.013E+05  2.448E-12  9.131E-12  2.930E+02  3.149E+02
  1.861E-02  2.683E-01  1.013E+05  3.718E-12  8.368E-12  2.930E+02  3.113E+02
  1.861E-02  2.746E-01  1.013E+05  5.309E-12  8.571E-12  2.930E+02  3.083E+02
  1.861E-02  2.809E-01  1.013E+05  6.947E-12  9.347E-12  2.930E+02  3.058E+02
  1.861E-02  2.872E-01  1.013E+05  8.317E-12  1.089E-11  2.930E+02  3.037E+02
  1.861E-02  2.935E-01  1.013E+05  9.221E-12  1.220E-11  2.930E+02  3.020E+02
  1.861E-02  2.998E-01  1.013E+05  9.593E-12  1.338E-11  2.930E+02  3.005E+02
  1.861E-02  3.062E-01  1.013E+05  9.496E-12  1.386E-11  2.930E+02  2.993E+02
  1.861E-02  3.125E-01  1.013E+05  9.167E-12  1.384E-11  2.930E+02  2.983E+02
  1.861E-02  3.188E-01  1.013E+05  8.786E-12  1.348E-11  2.930E+02  2.974E+02
  1.861E-02  3.251E-01  1.013E+05  8.538E-12  1.298E-11  2.930E+02  2.967E+02
  1.861E-02  3.314E-01  1.013E+05  8.292E-12  1.292E-11  2.930E+02  2.961E+02
  1.861E-02  3.377E-01  1.013E+05  7.784E-12  1.347E-11  2.930E+02  2.956E+02
  1.861E-02  3.440E-01  1.013E+05  6.648E-12  1.472E-11  2.930E+02  2.952E+02
  1.861E-02  3.503E-01  1.013E+05  4.080E-12  1.671E-11  2.930E+02  2.948E+02
  1.861E-02  3.567E-01  1.013E+05 -3.506E-13  1.928E-11  2.930E+02  2.945E+02
  1.861E-02  3.630E-01  1.013E+05 -7.397E-12  2.165E-11  2.930E+02  2.943E+02
  1.861E-02  3.693E-01  1.013E+05 -1.727E-11  2.378E-11  2.930E+02  2.941E+02
  1.861E-02  3.756E-01  1.013E+05 -3.050E-11  2.499E-11  2.930E+02  2.939E+02
  1.861E-02  3.819E-01  1.013E+05 -4.626E-11  2.574E-11  2.930E+02  2.937E+02
  1.861E-02  3.882E-01  1.013E+05 -6.444E-11  2.479E-11  2.930E+02  2.936E+02
  1.861E-02  3.945E-01  1.013E+05 -8.519E-11  2.258E-11  2.930E+02  2.935E+02
  1.861E-02  4.008E-01  1.013E+05 -1.056E-10  1.794E-11  2.930E+02  2.934E+02
  1.861E-02  4.072E-01  1.013E+05 -1.270E-10  1.073E-11  2.930E+02  2.934E+02
  1.861E-02  4.135E-01  1.013E+05 -1.453E-10  2.154E-12  2.930E+02  2.933E+02
  1.861E-02  4.198E-01  1.013E+05 -1.602E-10 -7.469E-12  2.930E+02  2.933E+02
  1.861E-02  4.261E-01  1.013E+05 -1.700E-10 -1.399E-11  2.930E+02  2.932E+02
  1.861E-02  4.324E-01  1.013E+05 -1.711E-10 -1.442E-11  2.930E+02  2.932E+02
  1.861E-02  4.387E-01  1.013E+05 -1.661E-10 -3.155E-12  2.930E+02  2.932E+02
  1.861E-02  4.450E-01  1.013E+05 -1.568E-10  1.985E-11  2.930E+02  2.931E+02
  1.861E-02  4.513E-01  1.013E+05 -1.418E-10  4.798E-11  2.930E+02  2.931E+02
  1.861E-02  4.577E-01  1.013E+05 -1.245E-10  6.120E-11  2.930E+02  2.931E+02
  1.861E-02  4.640E-01  1.013E+05 -1.013E-10  3.273E-11  2.930E+02  2.931E+02
  1.861E-02  4.703E-01  1.013E+05 -5.883E-11 -5.303E-11  2.930E+02  2.931E+02
  1.861E-02  4.766E-01  1.013E+05  2.537E-11 -1.596E-10  2.930E+02  2.931E+02
  1.861E-02  4.829E-01  1.013E+05  1.513E-10 -1.506E-10  2.930E+02  2.931E+02
  1.861E-02  4.892E-01  1.013E+05  1.787E-10  1.026E-10  2.930E+02  2.930E+02
  1.861E-02  4.955E-01  1.013E+05 -8.583E-11  7.969E-11  2.930E+02  2.930E+02
  1.861E-02  5.018E-01  1.013E+05 -3.018E-11  1.620E-10  2.930E+02  2.930E+02
  1.861E-02  5.050E-01  1.013E+05  0.000E+00  1.620E-10  2.930E+02  2.930E+02
  3.102E-02  0.000E+00  1.013E+05  0.000E+00  0.000E+00  2.930E+02  2.930E+02
  3.102E-02  3.156E-03  1.013E+05  7.239E-12  1.513E-12  2.930E+02  3.297E+02
  3.102E-02  9.469E-03  1.013E+05  5.764E-12  4.277E-12  2.930E+02  4.044E+02
  3.102E-02  1.578E-02  1.013E+05  4.413E-12  4.895E-12  2.930E+02  4.826E+02
  3.102E-02  2.209E-02  1.013E+05  3.017E-12  4.382E-12  2.930E+02  5.669E+02
  3.102E-02  2.841E-02  1.013E+05  1.719E-12  2.746E-12  2.930E+02  6.599E+02
  3.102E-02  3.472E-02  1.013E+05  9.584E-13  5.901E-13  2.930E+02  7.647E+02
  3.102E-02  4.103E-02  1.013E+05  8.308E-13 -1.263E-12  2.930E+02  8.845E+02
  3.102E-02  4.734E-02  1.013E+05  1.285E-12 -2.283E-12  2.930E+02  1.023E+03
  3.102E-02  5.366E-02  1.013E+05  2.241E-12 -2.205E-12  2.930E+02  1.185E+03
  3.102E-02  5.997E-02  1.013E+05  3.384E-12 -9.055E-13  2.930E+02  1.376E+03
  3.102E-02  6.628E-02  1.013E+05  4.449E-12  1.294E-12  2.930E+02  1.601E+03
  3.102E-02  7.259E-02  1.013E+05  5.097E-12  3.567E-12  2.930E+02  1.868E+03
  3.102E-02  7.891E-02  1.013E+05  5.287E-12  5.504E-12  2.931E+02  2.186E+03
  3.102E-02  8.522E-02  1.013E+05  4.911E-12  6.633E-12  2.937E+02  2.564E+03
  3.102E-02  9.153E-02  1.013E+05  4.249E-12  6.739E-12  3.017E+02  3.014E+03
  3.102E-02  9.784E-02  1.013E+05  3.340E-12  5.710E-12  2.937E+02  2.569E+03
  3.102E-02  1.042E-01  1.013E+05  2.571E-12  4.228E-12  2.931E+02  2.197E+03
  3.102E-02  1.105E-01  1.013E+05  2.005E-12  2.707E-12  2.930E+02  1.886E+03
  3.102E-02  1.168E-01  1.013E+05  1.872E-12  1.464E-12  2.930E+02  1.625E+03
  3.102E-02  1.231E-01  1.013E+05  2.184E-12  1.196E-12  2.930E+02  1.407E+03
  3.102E-02  1.294E-01  1.013E+05  2.634E-12  1.792E-12  2.930E+02  1.225E+03
  3.102E-02  1.357E-01  1.013E+05  3.164E-12  3.338E-12  2.930E+02  1.073E+03
  3.102E-02  1.420E-01  1.013E+05  3.465E-12  5.246E-12  2.930E+02  9.452E+02
  3.102E-02  1.483E-01  1.013E+05  3.507E-12  7.199E-12  2.930E+02  8.386E+02
  3.102E-02  1.547E-01  1.013E+05  3.289E-12  8.618E-12  2.930E+02  7.494E+02
  3.102E-02  1.610E-01  1.013E+05  2.952E-12  9.415E-12  2.930E+02  6.747E+02
  3.102E-02  1.673E-01  1.013E+05  2.676E-12  9.480E-12  2.930E+02  6.123E+02
  3.102E-02  1.736E-01  1.013E+05  2.738E-12  9.153E-12  2.930E+02  5.601E+02
  3.102E-02  1.799E-01  1.013E+05  3.220E-12  8.687E-12  2.930E+02  5.164E+02
  3.102E-02  1.862E-01  1.013E+05  4.120E-12  8.625E-12  2.930E+02  4.799E+02
  3.102E-02  1.925E-01  1.013E+05  5.187E-12  9.079E-12  2.930E+02  4.493E+02
  3.102E-02  1.988E-01  1.013E+05  6.088E-12  1.002E-11  2.930E+02  4.238E+02
  3.102E-02  2.052E-01  1.013E+05  6.553E-12  1.163E-11  2.930E+02  4.024E+02
  3.102E-02  2.115E-01  1.013E+05  6.211E-12  1.323E-11  2.930E+02  3.845E+02
  3.102E-02  2.178E-01  1.013E+05  4.853E-12  1.477E-11  2.930E+02  3.695E+02
  3.102E-02  2.241E-01  1.013E+05  2.662E-12  1.574E-11  2.930E+02  3.570E+02
  3.102E-02  2.304E-01  1.013E+05 -1.468E-13  1.599E-11  2.930E+02  3.466E+02
  3.102E-02  2.367E-01  1.013E+05 -3.087E-12  1.546E-11  2.930E+02  3.378E+02
  3.102E-02  2.430E-01  1.013E+05 -5.767E-12  1.438E-11  2.930E+02  3.305E+02
  3.102E-02  2.493E-01  1.013E+05 -7.757E-12  1.321E-11  2.930E+02  3.243E+02
  3.102E-02  2.557E-01  1.013E+05 -9.049E-12  1.204E-11  2.930E+02  3.192E+02
  3.102E-02  2.620E-01  1.013E+05 -9.539E-12  1.123E-11  2.930E+02  3.149E+02
  3.102E-02  2.683E-01  1.013E+05 -9.622E-12  1.080E-11  2.930E+02  3.113E+02
  3.102E-02  2.746E-01  1.013E+05 -9.622E-12  1.101E-11  2.930E+02  3.083E+02
  3.102E-02  2.809E-01  1.013E+05 -9.960E-12  1.139E-11  2.930E+02  3.058E+02
  3.102E-02  2.872E-01  1.013E+05 -1.099E-11  1.184E-11  2.930E+02  3.037E+02
  3.102E-02  2.935E-01  1.013E+05 -1.263E-11  1.205E-11  2.930E+02  3.020E+02
  3.102E-02  2.998E-01  1.013E+05 -1.473E-11  1.171E-11  2.930E+02  3.005E+02
  3.102E-02  3.062E-01  1.013E+05 -1.684E-11  1.082E-11  2.930E+02  2.993E+02
  3.102E-02  3.125E-01  1.013E+05 -1.834E-11  9.477E-12  2.930E+02  2.983E+02
  3.102E-02  3.188E-01  1.013E+05 -1.898E-11  7.801E-12  2.930E+02  2.974E+02
  3.102E-02  3.251E-01  1.013E+05 -1.841E-11  5.903E-12  2.930E+02  2.967E+02
  3.102E-02  3.314E-01  1.013E+05 -1.648E-11  3.842E-12  2.930E+02  2.961E+02
  3.102E-02  3.377E-01  1.013E+05 -1.321E-11  1.963E-12  2.930E+02  2.956E+02
  3.102E-02  3.440E-01  1.013E+05 -8.714E-12 -7.023E-14  2.930E+02  2.952E+02
  3.102E-02  3.503E-01  1.013E+05 -3.110E-12 -2.367E-12  2.930E+02  2.948E+02
  3.102E-02  3.567E-01  1.013E+05  4.018E-12 -5.234E-12  2.930E+02  2.945E+02
  3.102E-02  3.630E-01  1.013E+05  1.326E-11 -8.571E-12  2.930E+02  2.943E+02
  3.102E-02  3.693E-01  1.013E+05  2.556E-11 -1.242E-11  2.930E+02  2.941E+02
  3.102E-02  3.756E-01  1.013E+05  4.173E-11 -1.622E-11  2.930E+02  2.939E+02
  3.102E-02  3.819E-01  1.013E+05  6.249E-11 -1.953E-11  2.930E+02  2.937E+02
  3.102E-02  3.882E-01  1.013E+05  8.729E-11 -2.243E-11  2.930E+02  2.936E+02
  3.102E-02  3.945E-01  1.013E+05  1.152E-10 -2.447E-11  2.930E+02  2.935E+02
  3.102E-02  4.008E-01  1.013E+05  1.447E-10 -2.702E-11  2.930E+02  2.934E+02
  3.102E-02  4.072E-01  1.013E+05  1.734E-10 -2.986E-11  2.930E+02  2.934E+02
  3.102E-02  4.135E-01  1.013E+05  1.979E-10 -3.359E-11  2.930E+02  2.933E+02
  3.102E-02  4.198E-01  1.013E+05  2.135E-10 -3.785E-11  2.930E+02  2.933E+02
  3.102E-02  4.261E-01  1.013E+05  2.145E-10 -4.019E-11  2.930E+02  2.932E+02
  3.102E-02  4.324E-01  1.013E+05  2.067E-10 -3.667E-11  2.930E+02  2.932E+02
  3.102E-02  4.387E-01  1.013E+05  1.818E-10 -1.722E-11  2.930E+02  2.932E+02
  3.102E-02  4.450E-01  1.013E+05  1.393E-10  1.963E-11  2.930E+02  2.931E+02
  3.102E-02  4.513E-01  1.013E+05  7.820E-11  7.528E-11  2.930E+02  2.931E+02
  3.102E-02  4.577E-01  1.013E+05 -7.695E-12  1.315E-10  2.930E+02  2.931E+02
  3.102E-02  4.640E-01  1.013E+05 -1.094E-10  1.399E-10  2.930E+02  2.931E+02
  3.102E-02  4.703E-01  1.013E+05 -1.840E-10  5.487E-11  2.930E+02  2.931E+02
  3.102E-02  4.766E-01  1.013E+05 -1.444E-10 -1.151E-10  2.930E+02  2.931E+02
  3.102E-02  4.829E-01  1.013E+05  7.150E-11 -1.720E-10  2.930E+02  2.931E+02
  3.102E-02  4.892E-01  1.013E+05  1.745E-10  7.036E-11  2.930E+02  2.930E+02
  3.102E-02  4.955E-01  1.013E+05 -1.895E-11  1.493E-11  2.930E+02  2.930E+02
  3.102E-02  5.018E-01  1.013E+05  6.488E-12  7.337E-11  2.930E+02  2.930E+02
  3.102E-02  5.050E-01  1.013E+05  0.000E+00  7.337E-11  2.930E+02  2.930E+02
  4.342E-02  0.000E+00  1.013E+05  0.000E+00  0.000E+00  2.930E+02  2.930E+02
  4.342E-02  3.156E-03  1.013E+05  6.006E-12  1.534E-12  2.930E+02  3.297E+02
  4.342E-02  9.469E-03  1.013E+05  4.610E-12  2.976E-12  2.930E+02  4.044E+02
  4.342E-02  1.578E-02  1.013E+05  3.234E-12  2.998E-12  2.930E+02  4.826E+02
  4.342E-02  2.209E-02  1.013E+05  1.895E-12  1.901E-12  2.930E+02  5.669E+02
  4.342E-02  2.841E-02  1.013E+05  8.667E-13  3.393E-13  2.930E+02  6.599E+02
  4.342E-02  3.472E-02  1.013E+05  5.024E-13 -1.193E-12  2.930E+02  7.647E+02
  4.342E-02  4.103E-02  1.013E+05  8.396E-13 -2.384E-12  2.930E+02  8.845E+02
  4.342E-02  4.734E-02  1.013E+05  1.809E-12 -2.652E-12  2.930E+02  1.023E+03
  4.342E-02  5.366E-02  1.013E+05  2.926E-12 -1.761E-12  2.930E+02  1.185E+03
  4.342E-02  5.997E-02  1.013E+05  4.072E-12  2.451E-13  2.930E+02  1.376E+03
  4.342E-02  6.628E-02  1.013E+05  4.749E-12  2.390E-12  2.930E+02  1.601E+03
  4.342E-02  7.259E-02  1.013E+05  4.934E-12  4.345E-12  2.930E+02  1.868E+03
  4.342E-02  7.891E-02  1.013E+05  4.354E-12  5.674E-12  2.931E+02  2.186E+03
  4.342E-02  8.522E-02  1.013E+05  3.413E-12  6.095E-12  2.937E+02  2.564E+03
  4.342E-02  9.153E-02  1.013E+05  2.175E-12  5.426E-12  3.017E+02  3.014E+03
  4.342E-02  9.784E-02  1.013E+05  9.567E-13  4.068E-12  2.937E+02  2.569E+03
  4.342E-02  1.042E-01  1.013E+05  2.344E-13  2.556E-12  2.931E+02  2.197E+03
  4.342E-02  1.105E-01  1.013E+05  4.779E-14  1.255E-12  2.930E+02  1.886E+03
  4.342E-02  1.168E-01  1.013E+05  4.524E-13  7.152E-13  2.930E+02  1.625E+03
  4.342E-02  1.231E-01  1.013E+05  1.167E-12  9.857E-13  2.930E+02  1.407E+03
  4.342E-02  1.294E-01  1.013E+05  2.093E-12  2.172E-12  2.930E+02  1.225E+03
  4.342E-02  1.357E-01  1.013E+05  2.911E-12  3.985E-12  2.930E+02  1.073E+03
  4.342E-02  1.420E-01  1.013E+05  3.485E-12  5.977E-12  2.930E+02  9.452E+02
  4.342E-02  1.483E-01  1.013E+05  3.595E-12  7.564E-12  2.930E+02  8.386E+02
  4.342E-02  1.547E-01  1.013E+05  3.436E-12  8.922E-12  2.930E+02  7.494E+02
  4.342E-02  1.610E-01  1.013E+05  3.197E-12  9.470E-12  2.930E+02  6.747E+02
  4.342E-02  1.673E-01  1.013E+05  3.238E-12  9.439E-12  2.930E+02  6.123E+02
  4.342E-02  1.736E-01  1.013E+05  3.721E-12  9.345E-12  2.930E+02  5.601E+02
  4.342E-02  1.799E-01  1.013E+05  4.686E-12  9.128E-12  2.930E+02  5.164E+02
  4.342E-02  1.862E-01  1.013E+05  5.970E-12  9.123E-12  2.930E+02  4.799E+02
  4.342E-02  1.925E-01  1.013E+05  7.407E-12  9.683E-12  2.930E+02  4.493E+02
  4.342E-02  1.988E-01  1.013E+05  8.516E-12  1.049E-11  2.930E+02  4.238E+02
  4.342E-02  2.052E-01  1.013E+05  8.972E-12  1.160E-11  2.930E+02  4.024E+02
  4.342E-02  2.115E-01  1.013E+05  8.624E-12  1.252E-11  2.930E+02  3.845E+02
  4.342E-02  2.178E-01  1.013E+05  7.444E-12  1.330E-11  2.930E+02  3.695E+02
  4.342E-02  2.241E-01  1.013E+05  5.645E-12  1.387E-11  2.930E+02  3.570E+02
  4.342E-02  2.304E-01  1.013E+05  3.613E-12  1.394E-11  2.930E+02  3.466E+02
  4.342E-02  2.367E-01  1.013E+05  1.863E-12  1.372E-11  2.930E+02  3.378E+02
  4.342E-02  2.430E-01  1.013E+05  7.419E-13  1.330E-11  2.930E+02  3.305E+02
  4.342E-02  2.493E-01  1.013E+05  5.628E-13  1.306E-11  2.930E+02  3.243E+02
  4.342E-02  2.557E-01  1.013E+05  1.273E-12  1.289E-11  2.930E+02  3.192E+02
  4.342E-02  2.620E-01  1.013E+05  2.776E-12  1.281E-11  2.930E+02  3.149E+02
  4.342E-02  2.683E-01  1.013E+05  4.609E-12  1.279E-11  2.930E+02  3.113E+02
  4.342E-02  2.746E-01  1.013E+05  6.515E-12  1.281E-11  2.930E+02  3.083E+02
  4.342E-02  2.809E-01  1.013E+05  8.198E-12  1.274E-11  2.930E+02  3.058E+02
  4.342E-02  2.872E-01  1.013E+05  9.559E-12  1.258E-11  2.930E+02  3.037E+02
  4.342E-02  2.935E-01  1.013E+05  1.083E-11  1.225E-11  2.930E+02  3.020E+02
  4.342E-02  2.998E-01  1.013E+05  1.225E-11  1.212E-11  2.930E+02  3.005E+02
  4.342E-02  3.062E-01  1.013E+05  1.421E-11  1.204E-11  2.930E+02  2.993E+02
  4.342E-02  3.125E-01  1.013E+05  1.682E-11  1.221E-11  2.930E+02  2.983E+02
  4.342E-02  3.188E-01  1.013E+05  2.013E-11  1.291E-11  2.930E+02  2.974E+02
  4.342E-02  3.251E-01  1.013E+05  2.363E-11  1.424E-11  2.930E+02  2.967E+02
  4.342E-02  3.314E-01  1.013E+05  2.672E-11  1.628E-11  2.930E+02  2.961E+02
  4.342E-02  3.377E-01  1.013E+05  2.823E-11  1.911E-11  2.930E+02  2.956E+02
  4.342E-02  3.440E-01  1.013E+05  2.735E-11  2.270E-11  2.930E+02  2.952E+02
  4.342E-02  3.503E-01  1.013E+05  2.314E-11  2.722E-11  2.930E+02  2.948E+02
  4.342E-02  3.567E-01  1.013E+05  1.461E-11  3.250E-11  2.930E+02  2.945E+02
  4.342E-02  3.630E-01  1.013E+05  1.428E-12  3.862E-11  2.930E+02  2.943E+02
  4.342E-02  3.693E-01  1.013E+05 -1.650E-11  4.554E-11  2.930E+02  2.941E+02
  4.342E-02  3.756E-01  1.013E+05 -3.877E-11  5.318E-11  2.930E+02  2.939E+02
  4.342E-02  3.819E-01  1.013E+05 -6.516E-11  6.128E-11  2.930E+02  2.937E+02
  4.342E-02  3.882E-01  1.013E+05 -9.425E-11  6.867E-11  2.930E+02  2.936E+02
  4.342E-02  3.945E-01  1.013E+05 -1.243E-10  7.361E-11  2.930E+02  2.935E+02
  4.342E-02  4.008E-01  1.013E+05 -1.523E-10  7.423E-11  2.930E+02  2.934E+02
  4.342E-02  4.072E-01  1.013E+05 -1.729E-10  6.909E-11  2.930E+02  2.934E+02
  4.342E-02  4.135E-01  1.013E+05 -1.829E-10  5.715E-11  2.930E+02  2.933E+02
  4.342E-02  4.198E-01  1.013E+05 -1.755E-10  3.660E-11  2.930E+02  2.933E+02
  4.342E-02  4.261E-01  1.013E+05 -1.459E-10  1.118E-11  2.930E+02  2.932E+02
  4.342E-02  4.324E-01  1.013E+05 -9.647E-11 -1.415E-11  2.930E+02  2.932E+02
  4.342E-02  4.387E-01  1.013E+05 -3.203E-11 -3.136E-11  2.930E+02  2.932E+02
  4.342E-02  4.450E-01  1.013E+05  4.590E-11 -2.245E-11  2.930E+02  2.931E+02
  4.342E-02  4.513E-01  1.013E+05  1.043E-10  2.640E-11  2.930E+02  2.931E+02
  4.342E-02  4.577E-01  1.013E+05  1.071E-10  1.078E-10  2.930E+02  2.931E+02
  4.342E-02  4.640E-01  1.013E+05  2.737E-11  1.715E-10  2.930E+02  2.931E+02
  4.342E-02  4.703E-01  1.013E+05 -1.069E-10  1.317E-10  2.930E+02  2.931E+02
  4.342E-02  4.766E-01  1.013E+05 -1.528E-10 -4.563E-11  2.930E+02  2.931E+02
  4.342E-02  4.829E-01  1.013E+05  4.046E-11 -1.347E-10  2.930E+02  2.931E+02
  4.342E-02  4.892E-01  1.013E+05  1.042E-10  9.828E-11  2.930E+02  2.930E+02
  4.342E-02  4.955E-01  1.013E+05 -5.590E-11  1.508E-11  2.930E+02  2.930E+02
  4.342E-02  5.018E-01  1.013E+05 -4.306E-12  6.579E-11  2.930E+02  2.930E+02
  4.342E-02  5.050E-01  1.013E+05  0.000E+00  6.579E-11  2.930E+02  2.930E+02
  5.583E-02  0.000E+00  1.013E+05  0.000E+00  0.000E+00  2.930E+02  2.930E+02
  5.583E-02  3.156E-03  1.013E+05  3.274E-12  1.531E-12  2.930E+02  3.297E+02
  5.583E-02  9.469E-03  1.013E+05  2.276E-12  1.476E-12  2.930E+02  4.044E+02
  5.583E-02  1.578E-02  1.013E+05  9.982E-13  8.746E-13  2.930E+02  4.826E+02
  5.583E-02  2.209E-02  1.013E+05  1.421E-14 -1.846E-13  2.930E+02  5.669E+02
  5.583E-02  2.841E-02  1.013E+05 -4.026E-13 -1.444E-12  2.930E+02  6.599E+02
  5.583E-02  3.472E-02  1.013E+05 -1.862E-13 -2.451E-12  2.930E+02  7.647E+02
  5.583E-02  4.103E-02  1.013E+05  6.201E-13 -2.675E-12  2.930E+02  8.845E+02
  5.583E-02  4.734E-02  1.013E+05  1.641E-12 -1.930E-12  2.930E+02  1.023E+03
  5.583E-02  5.366E-02  1.013E+05  2.743E-12 -6.285E-13  2.930E+02  1.185E+03
  5.583E-02  5.997E-02  1.013E+05  3.432E-12  9.718E-13  2.930E+02  1.376E+03
  5.583E-02  6.628E-02  1.013E+05  3.511E-12  2.913E-12  2.930E+02  1.601E+03
  5.583E-02  7.259E-02  1.013E+05  2.878E-12  4.298E-12  2.930E+02  1.868E+03
  5.583E-02  7.891E-02  1.013E+05  1.715E-12  4.925E-12  2.931E+02  2.186E+03
  5.583E-02  8.522E-02  1.013E+05  1.790E-13  4.769E-12  2.937E+02  2.564E+03
  5.583E-02  9.153E-02  1.013E+05 -1.148E-12  3.763E-12  3.017E+02  3.014E+03
  5.583E-02  9.784E-02  1.013E+05 -2.152E-12  2.624E-12  2.937E+02  2.569E+03
  5.583E-02  1.042E-01  1.013E+05 -2.425E-12  1.577E-12  2.931E+02  2.197E+03
  5.583E-02  1.105E-01  1.013E+05 -2.007E-12  1.020E-12  2.930E+02  1.886E+03
  5.583E-02  1.168E-01  1.013E+05 -8.743E-13  1.296E-12  2.930E+02  1.625E+03
  5.583E-02  1.231E-01  1.013E+05  5.558E-13  2.198E-12  2.930E+02  1.407E+03
  5.583E-02  1.294E-01  1.013E+05  1.998E-12  3.664E-12  2.930E+02  1.225E+03
  5.583E-02  1.357E-01  1.013E+05  3.114E-12  5.385E-12  2.930E+02  1.073E+03
  5.583E-02  1.420E-01  1.013E+05  3.856E-12  6.968E-12  2.930E+02  9.452E+02
  5.583E-02  1.483E-01  1.013E+05  4.127E-12  8.350E-12  2.930E+02  8.386E+02
  5.583E-02  1.547E-01  1.013E+05  4.243E-12  9.200E-12  2.930E+02  7.494E+02
  5.583E-02  1.610E-01  1.013E+05  4.299E-12  9.718E-12  2.930E+02  6.747E+02
  5.583E-02  1.673E-01  1.013E+05  4.628E-12  9.793E-12  2.930E+02  6.123E+02
  5.583E-02  1.736E-01  1.013E+05  5.414E-12  9.815E-12  2.930E+02  5.601E+02
  5.583E-02  1.799E-01  1.013E+05  6.500E-12  9.973E-12  2.930E+02  5.164E+02
  5.583E-02  1.862E-01  1.013E+05  7.968E-12  1.013E-11  2.930E+02  4.799E+02
  5.583E-02  1.925E-01  1.013E+05  9.289E-12  1.041E-11  2.930E+02  4.493E+02
  5.583E-02  1.988E-01  1.013E+05  1.017E-11  1.058E-11  2.930E+02  4.238E+02
  5.583E-02  2.052E-01  1.013E+05  1.043E-11  1.068E-11  2.930E+02  4.024E+02
  5.583E-02  2.115E-01  1.013E+05  9.880E-12  1.055E-11  2.930E+02  3.845E+02
  5.583E-02  2.178E-01  1.013E+05  8.720E-12  1.060E-11  2.930E+02  3.695E+02
  5.583E-02  2.241E-01  1.013E+05  7.129E-12  1.053E-11  2.930E+02  3.570E+02
  5.583E-02  2.304E-01  1.013E+05  5.430E-12  1.056E-11  2.930E+02  3.466E+02
  5.583E-02  2.367E-01  1.013E+05  3.902E-12  1.086E-11  2.930E+02  3.378E+02
  5.583E-02  2.430E-01  1.013E+05  2.827E-12  1.115E-11  2.930E+02  3.305E+02
  5.583E-02  2.493E-01  1.013E+05  2.071E-12  1.153E-11  2.930E+02  3.243E+02
  5.583E-02  2.557E-01  1.013E+05  1.542E-12  1.182E-11  2.930E+02  3.192E+02
  5.583E-02  2.620E-01  1.013E+05  1.003E-12  1.183E-11  2.930E+02  3.149E+02
  5.583E-02  2.683E-01  1.013E+05  2.020E-13  1.141E-11  2.930E+02  3.113E+02
  5.583E-02  2.746E-01  1.013E+05 -1.134E-12  1.079E-11  2.930E+02  3.083E+02
  5.583E-02  2.809E-01  1.013E+05 -2.953E-12  9.906E-12  2.930E+02  3.058E+02
  5.583E-02  2.872E-01  1.013E+05 -5.153E-12  9.015E-12  2.930E+02  3.037E+02
  5.583E-02  2.935E-01  1.013E+05 -7.495E-12  8.407E-12  2.930E+02  3.020E+02
  5.583E-02  2.998E-01  1.013E+05 -9.723E-12  8.064E-12  2.930E+02  3.005E+02
  5.583E-02  3.062E-01  1.013E+05 -1.173E-11  8.062E-12  2.930E+02  2.993E+02
  5.583E-02  3.125E-01  1.013E+05 -1.342E-11  8.369E-12  2.930E+02  2.983E+02
  5.583E-02  3.188E-01  1.013E+05 -1.482E-11  8.694E-12  2.930E+02  2.974E+02
  5.583E-02  3.251E-01  1.013E+05 -1.631E-11  8.888E-12  2.930E+02  2.967E+02
  5.583E-02  3.314E-01  1.013E+05 -1.782E-11  8.676E-12  2.930E+02  2.961E+02
  5.583E-02  3.377E-01  1.013E+05 -1.954E-11  7.891E-12  2.930E+02  2.956E+02
  5.583E-02  3.440E-01  1.013E+05 -2.052E-11  6.371E-12  2.930E+02  2.952E+02
  5.583E-02  3.503E-01  1.013E+05 -2.113E-11  4.331E-12  2.930E+02  2.948E+02
  5.583E-02  3.567E-01  1.013E+05 -1.980E-11  1.795E-12  2.930E+02  2.945E+02
  5.583E-02  3.630E-01  1.013E+05 -1.626E-11 -4.932E-13  2.930E+02  2.943E+02
  5.583E-02  3.693E-01  1.013E+05 -1.022E-11 -1.846E-12  2.930E+02  2.941E+02
  5.583E-02  3.756E-01  1.013E+05 -2.630E-12 -1.120E-12  2.930E+02  2.939E+02
  5.583E-02  3.819E-01  1.013E+05  5.257E-12  1.398E-12  2.930E+02  2.937E+02
  5.583E-02  3.882E-01  1.013E+05  1.127E-11  6.800E-12  2.930E+02  2.936E+02
  5.583E-02  3.945E-01  1.013E+05  1.241E-11  1.428E-11  2.930E+02  2.935E+02
  5.583E-02  4.008E-01  1.013E+05  5.776E-12  2.432E-11  2.930E+02  2.934E+02
  5.583E-02  4.072E-01  1.013E+05 -1.022E-11  3.527E-11  2.930E+02  2.934E+02
  5.583E-02  4.135E-01  1.013E+05 -3.655E-11  4.411E-11  2.930E+02  2.933E+02
  5.583E-02  4.198E-01  1.013E+05 -7.125E-11  4.739E-11  2.930E+02  2.933E+02
  5.583E-02  4.261E-01  1.013E+05 -1.065E-10  4.168E-11  2.930E+02  2.932E+02
  5.583E-02  4.324E-01  1.013E+05 -1.288E-10  2.369E-11  2.930E+02  2.932E+02
  5.583E-02  4.387E-01  1.013E+05 -1.250E-10 -5.737E-12  2.930E+02  2.932E+02
  5.583E-02  4.450E-01  1.013E+05 -7.916E-11 -3.058E-11  2.930E+02  2.931E+02
  5.583E-02  4.513E-01  1.013E+05  6.555E-12 -2.198E-11  2.930E+02  2.931E+02
  5.583E-02  4.577E-01  1.013E+05  8.337E-11  3.324E-11  2.930E+02  2.931E+02
  5.583E-02  4.640E-01  1.013E+05  7.845E-11  1.107E-10  2.930E+02  2.931E+02
  5.583E-02  4.703E-01  1.013E+05 -3.648E-11  1.110E-10  2.930E+02  2.931E+02
  5.583E-02  4.766E-01  1.013E+05 -1.100E-10 -4.252E-11  2.930E+02  2.931E+02
  5.583E-02  4.829E-01  1.013E+05  7.881E-11 -1.272E-10  2.930E+02  2.931E+02
  5.583E-02  4.892E-01  1.013E+05  1.027E-10  1.110E-10  2.930E+02  2.930E+02
  5.583E-02  4.955E-01  1.013E+05 -6.219E-11  1.956E-11  2.930E+02  2.930E+02
  5.583E-02  5.018E-01  1.013E+05 -7.737E-12  6.440E-11  2.930E+02  2.930E+02
  5.583E-02  5.050E-01  1.013E+05  0.000E+00  6.440E-11  2.930E+02  2.930E+02
  6.824E-02  0.000E+00  1.013E+05  0.000E+00  0.000E+00  2.930E+02  2.930E+02
  6.824E-02  3.156E-03  1.013E+05 -2.127E-13  1.080E-12  2.930E+02  3.297E+02
  6.824E-02  9.469E-03  1.013E+05 -9.737E-13  1.179E-13  2.930E+02  4.044E+02
  6.824E-02  1.578E-02  1.013E+05 -1.572E-12 -6.791E-13  2.930E+02  4.826E+02
  6.824E-02  2.209E-02  1.013E+05 -2.007E-12 -1.491E-12  2.930E+02  5.669E+02
  6.824E-02  2.841E-02  1.013E+05 -1.878E-12 -2.157E-12  2.930E+02  6.599E+02
  6.824E-02  3.472E-02  1.013E+05 -1.241E-12 -2.323E-12  2.930E+02  7.647E+02
  6.824E-02  4.103E-02  1.013E+05 -3.287E-13 -1.940E-12  2.930E+02  8.845E+02
  6.824E-02  4.734E-02  1.013E+05  6.089E-13 -1.117E-12  2.930E+02  1.023E+03
  6.824E-02  5.366E-02  1.013E+05  1.175E-12  1.620E-13  2.930E+02  1.185E+03
  6.824E-02  5.997E-02  1.013E+05  1.246E-12  1.720E-12  2.930E+02  1.376E+03
  6.824E-02  6.628E-02  1.013E+05  5.905E-13  2.811E-12  2.930E+02  1.601E+03
  6.824E-02  7.259E-02  1.013E+05 -6.072E-13  3.448E-12  2.930E+02  1.868E+03
  6.824E-02  7.891E-02  1.013E+05 -2.138E-12  3.554E-12  2.931E+02  2.186E+03
  6.824E-02  8.522E-02  1.013E+05 -3.642E-12  3.159E-12  2.937E+02  2.564E+03
  6.824E-02  9.153E-02  1.013E+05 -4.733E-12  2.598E-12  3.017E+02  3.014E+03
  6.824E-02  9.784E-02  1.013E+05 -5.095E-12  2.218E-12  2.937E+02  2.569E+03
  6.824E-02  1.042E-01  1.013E+05 -4.599E-12  2.075E-12  2.931E+02  2.197E+03
  6.824E-02  1.105E-01  1.013E+05 -3.479E-12  2.475E-12  2.930E+02  1.886E+03
  6.824E-02  1.168E-01  1.013E+05 -1.777E-12  3.421E-12  2.930E+02  1.625E+03
  6.824E-02  1.231E-01  1.013E+05  6.997E-14  4.680E-12  2.930E+02  1.407E+03
  6.824E-02  1.294E-01  1.013E+05  1.671E-12  6.029E-12  2.930E+02  1.225E+03
  6.824E-02  1.357E-01  1.013E+05  2.878E-12  7.175E-12  2.930E+02  1.073E+03
  6.824E-02  1.420E-01  1.013E+05  3.557E-12  8.320E-12  2.930E+02  9.452E+02
  6.824E-02  1.483E-01  1.013E+05  3.940E-12  8.980E-12  2.930E+02  8.386E+02
  6.824E-02  1.547E-01  1.013E+05  4.067E-12  9.628E-12  2.930E+02  7.494E+02
  6.824E-02  1.610E-01  1.013E+05  4.280E-12  1.022E-11  2.930E+02  6.747E+02
  6.824E-02  1.673E-01  1.013E+05  4.644E-12  1.060E-11  2.930E+02  6.123E+02
  6.824E-02  1.736E-01  1.013E+05  5.284E-12  1.107E-11  2.930E+02  5.601E+02
  6.824E-02  1.799E-01  1.013E+05  6.230E-12  1.127E-11  2.930E+02  5.164E+02
  6.824E-02  1.862E-01  1.013E+05  7.081E-12  1.141E-11  2.930E+02  4.799E+02
  6.824E-02  1.925E-01  1.013E+05  7.755E-12  1.104E-11  2.930E+02  4.493E+02
  6.824E-02  1.988E-01  1.013E+05  7.988E-12  1.035E-11  2.930E+02  4.238E+02
  6.824E-02  2.052E-01  1.013E+05  7.810E-12  9.337E-12  2.930E+02  4.024E+02
  6.824E-02  2.115E-01  1.013E+05  7.144E-12  8.268E-12  2.930E+02  3.845E+02
  6.824E-02  2.178E-01  1.013E+05  6.087E-12  7.485E-12  2.930E+02  3.695E+02
  6.824E-02  2.241E-01  1.013E+05  4.760E-12  7.065E-12  2.930E+02  3.570E+02
  6.824E-02  2.304E-01  1.013E+05  3.431E-12  7.185E-12  2.930E+02  3.466E+02
  6.824E-02  2.367E-01  1.013E+05  2.096E-12  7.719E-12  2.930E+02  3.378E+02
  6.824E-02  2.430E-01  1.013E+05  7.929E-13  8.386E-12  2.930E+02  3.305E+02
  6.824E-02  2.493E-01  1.013E+05 -5.014E-13  9.017E-12  2.930E+02  3.243E+02
  6.824E-02  2.557E-01  1.013E+05 -1.828E-12  9.181E-12  2.930E+02  3.192E+02
  6.824E-02  2.620E-01  1.013E+05 -3.198E-12  8.676E-12  2.930E+02  3.149E+02
  6.824E-02  2.683E-01  1.013E+05 -4.431E-12  7.540E-12  2.930E+02  3.113E+02
  6.824E-02  2.746E-01  1.013E+05 -5.393E-12  6.127E-12  2.930E+02  3.083E+02
  6.824E-02  2.809E-01  1.013E+05 -5.732E-12  4.535E-12  2.930E+02  3.058E+02
  6.824E-02  2.872E-01  1.013E+05 -5.167E-12  3.473E-12  2.930E+02  3.037E+02
  6.824E-02  2.935E-01  1.013E+05 -3.498E-12  2.881E-12  2.930E+02  3.020E+02
  6.824E-02  2.998E-01  1.013E+05 -7.021E-13  3.105E-12  2.930E+02  3.005E+02
  6.824E-02  3.062E-01  1.013E+05  3.179E-12  4.056E-12  2.930E+02  2.993E+02
  6.824E-02  3.125E-01  1.013E+05  7.729E-12  5.642E-12  2.930E+02  2.983E+02
  6.824E-02  3.188E-01  1.013E+05  1.273E-11  7.473E-12  2.930E+02  2.974E+02
  6.824E-02  3.251E-01  1.013E+05  1.772E-11  9.377E-12  2.930E+02  2.967E+02
  6.824E-02  3.314E-01  1.013E+05  2.270E-11  1.103E-11  2.930E+02  2.961E+02
  6.824E-02  3.377E-01  1.013E+05  2.746E-11  1.231E-11  2.930E+02  2.956E+02
  6.824E-02  3.440E-01  1.013E+05  3.218E-11  1.297E-11  2.930E+02  2.952E+02
  6.824E-02  3.503E-01  1.013E+05  3.769E-11  1.278E-11  2.930E+02  2.948E+02
  6.824E-02  3.567E-01  1.013E+05  4.322E-11  1.137E-11  2.930E+02  2.945E+02
  6.824E-02  3.630E-01  1.013E+05  5.005E-11  8.684E-12  2.930E+02  2.943E+02
  6.824E-02  3.693E-01  1.013E+05  5.750E-11  5.035E-12  2.930E+02  2.941E+02
  6.824E-02  3.756E-01  1.013E+05  6.616E-11  1.487E-13  2.930E+02  2.939E+02
  6.824E-02  3.819E-01  1.013E+05  7.492E-11 -5.773E-12  2.930E+02  2.937E+02
  6.824E-02  3.882E-01  1.013E+05  8.445E-11 -1.192E-11  2.930E+02  2.936E+02
  6.824E-02  3.945E-01  1.013E+05  9.489E-11 -1.766E-11  2.930E+02  2.935E+02
  6.824E-02  4.008E-01  1.013E+05  1.027E-10 -2.274E-11  2.930E+02  2.934E+02
  6.824E-02  4.072E-01  1.013E+05  1.081E-10 -2.215E-11  2.930E+02  2.934E+02
  6.824E-02  4.135E-01  1.013E+05  1.054E-10 -1.515E-11  2.930E+02  2.933E+02
  6.824E-02  4.198E-01  1.013E+05  8.463E-11 -2.074E-13  2.930E+02  2.933E+02
  6.824E-02  4.261E-01  1.013E+05  4.491E-11  1.915E-11  2.930E+02  2.932E+02
  6.824E-02  4.324E-01  1.013E+05 -1.605E-11  2.925E-11  2.930E+02  2.932E+02
  6.824E-02  4.387E-01  1.013E+05 -7.634E-11  2.488E-11  2.930E+02  2.932E+02
  6.824E-02  4.450E-01  1.013E+05 -1.084E-10  5.563E-12  2.930E+02  2.931E+02
  6.824E-02  4.513E-01  1.013E+05 -8.694E-11 -9.534E-12  2.930E+02  2.931E+02
  6.824E-02  4.577E-01  1.013E+05 -2.257E-11  1.360E-11  2.930E+02  2.931E+02
  6.824E-02  4.640E-01  1.013E+05  9.758E-12  7.174E-11  2.930E+02  2.931E+02
  6.824E-02  4.703E-01  1.013E+05 -6.633E-11  8.021E-11  2.930E+02  2.931E+02
  6.824E-02  4.766E-01  1.013E+05 -1.263E-10 -5.944E-11  2.930E+02  2.931E+02
  6.824E-02  4.829E-01  1.013E+05  8.614E-11 -1.334E-10  2.930E+02  2.931E+02
  6.824E-02  4.892E-01  1.013E+05  1.050E-10  1.154E-10  2.930E+02  2.930E+02
  6.824E-02  4.955E-01  1.013E+05 -6.416E-11  2.642E-11  2.930E+02  2.930E+02
  6.824E-02  5.018E-01  1.013E+05 -1.052E-11  7.572E-11  2.930E+02  2.930E+02
  6.824E-02  5.050E-01  1.013E+05  0.000E+00  7.572E-11  2.930E+02  2.930E+02
  8.065E-02  0.000E+00  1.013E+05  0.000E+00  0.000E+00  2.930E+02  2.930E+02
  8.065E-02  3.156E-03  1.013E+05 -3.401E-12  5.330E-13  2.930E+02  3.297E+02
  8.065E-02  9.469E-03  1.013E+05 -3.694E-12 -4.646E-13  2.930E+02  4.044E+02
  8.065E-02  1.578E-02  1.013E+05 -3.772E-12 -1.077E-12  2.930E+02  4.826E+02
  8.065E-02  2.209E-02  1.013E+05 -3.590E-12 -1.575E-12  2.930E+02  5.669E+02
  8.065E-02  2.841E-02  1.013E+05 -3.093E-12 -1.739E-12  2.930E+02  6.599E+02
  8.065E-02  3.472E-02  1.013E+05 -2.342E-12 -1.593E-12  2.930E+02  7.647E+02
  8.065E-02  4.103E-02  1.013E+05 -1.544E-12 -9.209E-13  2.930E+02  8.845E+02
  8.065E-02  4.734E-02  1.013E+05 -1.027E-12 -7.334E-14  2.930E+02  1.023E+03
  8.065E-02  5.366E-02  1.013E+05 -1.028E-12  7.556E-13  2.930E+02  1.185E+03
  8.065E-02  5.997E-02  1.013E+05 -1.648E-12  1.557E-12  2.930E+02  1.376E+03
  8.065E-02  6.628E-02  1.013E+05 -2.722E-12  2.029E-12  2.930E+02  1.601E+03
  8.065E-02  7.259E-02  1.013E+05 -4.210E-12  2.223E-12  2.930E+02  1.868E+03
  8.065E-02  7.891E-02  1.013E+05 -5.530E-12  2.129E-12  2.931E+02  2.186E+03
  8.065E-02  8.522E-02  1.013E+05 -6.603E-12  2.094E-12  2.937E+02  2.564E+03
  8.065E-02  9.153E-02  1.013E+05 -7.048E-12  2.240E-12  3.017E+02  3.014E+03
  8.065E-02  9.784E-02  1.013E+05 -6.620E-12  2.906E-12  2.937E+02  2.569E+03
  8.065E-02  1.042E-01  1.013E+05 -5.538E-12  3.848E-12  2.931E+02  2.197E+03
  8.065E-02  1.105E-01  1.013E+05 -3.838E-12  5.055E-12  2.930E+02  1.886E+03
  8.065E-02  1.168E-01  1.013E+05 -2.099E-12  6.491E-12  2.930E+02  1.625E+03
  8.065E-02  1.231E-01  1.013E+05 -3.240E-13  7.640E-12  2.930E+02  1.407E+03
  8.065E-02  1.294E-01  1.013E+05  1.113E-12  8.350E-12  2.930E+02  1.225E+03
  8.065E-02  1.357E-01  1.013E+05  2.060E-12  8.889E-12  2.930E+02  1.073E+03
  8.065E-02  1.420E-01  1.013E+05  2.647E-12  9.325E-12  2.930E+02  9.452E+02
  8.065E-02  1.483E-01  1.013E+05  3.070E-12  9.656E-12  2.930E+02  8.386E+02
  8.065E-02  1.547E-01  1.013E+05  3.242E-12  1.023E-11  2.930E+02  7.494E+02
  8.065E-02  1.610E-01  1.013E+05  3.430E-12  1.100E-11  2.930E+02  6.747E+02
  8.065E-02  1.673E-01  1.013E+05  3.783E-12  1.193E-11  2.930E+02  6.123E+02
  8.065E-02  1.736E-01  1.013E+05  4.115E-12  1.267E-11  2.930E+02  5.601E+02
  8.065E-02  1.799E-01  1.013E+05  4.570E-12  1.304E-11  2.930E+02  5.164E+02
  8.065E-02  1.862E-01  1.013E+05  4.884E-12  1.275E-11  2.930E+02  4.799E+02
  8.065E-02  1.925E-01  1.013E+05  5.018E-12  1.187E-11  2.930E+02  4.493E+02
  8.065E-02  1.988E-01  1.013E+05  4.982E-12  1.023E-11  2.930E+02  4.238E+02
  8.065E-02  2.052E-01  1.013E+05  4.828E-12  8.471E-12  2.930E+02  4.024E+02
  8.065E-02  2.115E-01  1.013E+05  4.587E-12  6.820E-12  2.930E+02  3.845E+02
  8.065E-02  2.178E-01  1.013E+05  4.206E-12  5.704E-12  2.930E+02  3.695E+02
  8.065E-02  2.241E-01  1.013E+05  3.777E-12  5.567E-12  2.930E+02  3.570E+02
  8.065E-02  2.304E-01  1.013E+05  3.204E-12  6.060E-12  2.930E+02  3.466E+02
  8.065E-02  2.367E-01  1.013E+05  2.384E-12  7.106E-12  2.930E+02  3.378E+02
  8.065E-02  2.430E-01  1.013E+05  1.124E-12  8.285E-12  2.930E+02  3.305E+02
  8.065E-02  2.493E-01  1.013E+05 -4.926E-13  9.319E-12  2.930E+02  3.243E+02
  8.065E-02  2.557E-01  1.013E+05 -2.446E-12  9.835E-12  2.930E+02  3.192E+02
  8.065E-02  2.620E-01  1.013E+05 -4.555E-12  9.780E-12  2.930E+02  3.149E+02
  8.065E-02  2.683E-01  1.013E+05 -6.585E-12  9.122E-12  2.930E+02  3.113E+02
  8.065E-02  2.746E-01  1.013E+05 -8.347E-12  8.526E-12  2.930E+02  3.083E+02
  8.065E-02  2.809E-01  1.013E+05 -9.630E-12  8.312E-12  2.930E+02  3.058E+02
  8.065E-02  2.872E-01  1.013E+05 -1.057E-11  8.947E-12  2.930E+02  3.037E+02
  8.065E-02  2.935E-01  1.013E+05 -1.126E-11  1.044E-11  2.930E+02  3.020E+02
  8.065E-02  2.998E-01  1.013E+05 -1.198E-11  1.284E-11  2.930E+02  3.005E+02
  8.065E-02  3.062E-01  1.013E+05 -1.310E-11  1.597E-11  2.930E+02  2.993E+02
  8.065E-02  3.125E-01  1.013E+05 -1.479E-11  1.973E-11  2.930E+02  2.983E+02
  8.065E-02  3.188E-01  1.013E+05 -1.710E-11  2.375E-11  2.930E+02  2.974E+02
  8.065E-02  3.251E-01  1.013E+05 -1.973E-11  2.816E-11  2.930E+02  2.967E+02
  8.065E-02  3.314E-01  1.013E+05 -2.242E-11  3.266E-11  2.930E+02  2.961E+02
  8.065E-02  3.377E-01  1.013E+05 -2.453E-11  3.701E-11  2.930E+02  2.956E+02
  8.065E-02  3.440E-01  1.013E+05 -2.585E-11  4.097E-11  2.930E+02  2.952E+02
  8.065E-02  3.503E-01  1.013E+05 -2.615E-11  4.419E-11  2.930E+02  2.948E+02
  8.065E-02  3.567E-01  1.013E+05 -2.575E-11  4.601E-11  2.930E+02  2.945E+02
  8.065E-02  3.630E-01  1.013E+05 -2.517E-11  4.629E-11  2.930E+02  2.943E+02
  8.065E-02  3.693E-01  1.013E+05 -2.503E-11  4.487E-11  2.930E+02  2.941E+02
  8.065E-02  3.756E-01  1.013E+05 -2.564E-11  4.124E-11  2.930E+02  2.939E+02
  8.065E-02  3.819E-01  1.013E+05 -2.667E-11  3.466E-11  2.930E+02  2.937E+02
  8.065E-02  3.882E-01  1.013E+05 -2.764E-11  2.396E-11  2.930E+02  2.936E+02
  8.065E-02  3.945E-01  1.013E+05 -2.343E-11  9.073E-12  2.930E+02  2.935E+02
  8.065E-02  4.008E-01  1.013E+05 -1.188E-11 -9.207E-12  2.930E+02  2.934E+02
  8.065E-02  4.072E-01  1.013E+05  9.406E-12 -2.747E-11  2.930E+02  2.934E+02
  8.065E-02  4.135E-01  1.013E+05  3.746E-11 -3.932E-11  2.930E+02  2.933E+02
  8.065E-02  4.198E-01  1.013E+05  6.415E-11 -3.813E-11  2.930E+02  2.933E+02
  8.065E-02  4.261E-01  1.013E+05  7.805E-11 -2.433E-11  2.930E+02  2.932E+02
  8.065E-02  4.324E-01  1.013E+05  6.308E-11  1.107E-12  2.930E+02  2.932E+02
  8.065E-02  4.387E-01  1.013E+05  2.237E-11  2.403E-11  2.930E+02  2.932E+02
  8.065E-02  4.450E-01  1.013E+05 -2.840E-11  3.282E-11  2.930E+02  2.931E+02
  8.065E-02  4.513E-01  1.013E+05 -4.911E-11  3.421E-11  2.930E+02  2.931E+02
  8.065E-02  4.577E-01  1.013E+05 -2.403E-11  5.303E-11  2.930E+02  2.931E+02
  8.065E-02  4.640E-01  1.013E+05 -2.425E-12  9.860E-11  2.930E+02  2.931E+02
  8.065E-02  4.703E-01  1.013E+05 -7.114E-11  1.021E-10  2.930E+02  2.931E+02
  8.065E-02  4.766E-01  1.013E+05 -1.280E-10 -3.799E-11  2.930E+02  2.931E+02
  8.065E-02  4.829E-01  1.013E+05  9.682E-11 -1.121E-10  2.930E+02  2.931E+02
  8.065E-02  4.892E-01  1.013E+05  1.160E-10  1.361E-10  2.930E+02  2.930E+02
  8.065E-02  4.955E-01  1.013E+05 -5.538E-11  4.217E-11  2.930E+02  2.930E+02
  8.065E-02  5.018E-01  1.013E+05 -3.637E-12  8.773E-11  2.930E+02  2.930E+02
  8.065E-02  5.050E-01  1.013E+05  0.000E+00  8.773E-11  2.930E+02  2.930E+02
  9.305E-02  0.000E+00  1.013E+05  0.000E+00  0.000E+00  2.930E+02  2.930E+02
  9.305E-02  3.156E-03  1.013E+05 -4.999E-12 -9.855E-14  2.930E+02  3.297E+02
  9.305E-02  9.469E-03  1.013E+05 -4.894E-12 -5.550E-13  2.930E+02  4.044E+02
  9.305E-02  1.578E-02  1.013E+05 -4.809E-12 -8.801E-13  2.930E+02  4.826E+02
  9.305E-02  2.209E-02  1.013E+05 -4.351E-12 -8.967E-13  2.930E+02  5.669E+02
  9.305E-02  2.841E-02  1.013E+05 -3.683E-12 -6.658E-13  2.930E+02  6.599E+02
  9.305E-02  3.472E-02  1.013E+05 -3.130E-12 -3.222E-13  2.930E+02  7.647E+02
  9.305E-02  4.103E-02  1.013E+05 -2.642E-12  6.762E-14  2.930E+02  8.845E+02
  9.305E-02  4.734E-02  1.013E+05 -2.641E-12  3.992E-13  2.930E+02  1.023E+03
  9.305E-02  5.366E-02  1.013E+05 -2.991E-12  6.082E-13  2.930E+02  1.185E+03
  9.305E-02  5.997E-02  1.013E+05 -3.817E-12  6.925E-13  2.930E+02  1.376E+03
  9.305E-02  6.628E-02  1.013E+05 -4.899E-12  7.806E-13  2.930E+02  1.601E+03
  9.305E-02  7.259E-02  1.013E+05 -5.987E-12  9.449E-13  2.930E+02  1.868E+03
  9.305E-02  7.891E-02  1.013E+05 -6.707E-12  1.129E-12  2.931E+02  2.186E+03
  9.305E-02  8.522E-02  1.013E+05 -6.944E-12  1.952E-12  2.937E+02  2.564E+03
  9.305E-02  9.153E-02  1.013E+05 -6.522E-12  3.286E-12  3.017E+02  3.014E+03
  9.305E-02  9.784E-02  1.013E+05 -5.554E-12  4.880E-12  2.937E+02  2.569E+03
  9.305E-02  1.042E-01  1.013E+05 -4.240E-12  6.733E-12  2.931E+02  2.197E+03
  9.305E-02  1.105E-01  1.013E+05 -2.670E-12  8.454E-12  2.930E+02  1.886E+03
  9.305E-02  1.168E-01  1.013E+05 -1.194E-12  9.503E-12  2.930E+02  1.625E+03
  9.305E-02  1.231E-01  1.013E+05  8.881E-14  1.033E-11  2.930E+02  1.407E+03
  9.305E-02  1.294E-01  1.013E+05  1.046E-12  1.027E-11  2.930E+02  1.225E+03
  9.305E-02  1.357E-01  1.013E+05  1.807E-12  1.026E-11  2.930E+02  1.073E+03
  9.305E-02  1.420E-01  1.013E+05  2.289E-12  1.021E-11  2.930E+02  9.452E+02
  9.305E-02  1.483E-01  1.013E+05  2.759E-12  1.030E-11  2.930E+02  8.386E+02
  9.305E-02  1.547E-01  1.013E+05  3.124E-12  1.104E-11  2.930E+02  7.494E+02
  9.305E-02  1.610E-01  1.013E+05  3.550E-12  1.214E-11  2.930E+02  6.747E+02
  9.305E-02  1.673E-01  1.013E+05  3.893E-12  1.333E-11  2.930E+02  6.123E+02
  9.305E-02  1.736E-01  1.013E+05  4.104E-12  1.430E-11  2.930E+02  5.601E+02
  9.305E-02  1.799E-01  1.013E+05  4.175E-12  1.456E-11  2.930E+02  5.164E+02
  9.305E-02  1.862E-01  1.013E+05  4.089E-12  1.384E-11  2.930E+02  4.799E+02
  9.305E-02  1.925E-01  1.013E+05  4.092E-12  1.214E-11  2.930E+02  4.493E+02
  9.305E-02  1.988E-01  1.013E+05  4.128E-12  9.982E-12  2.930E+02  4.238E+02
  9.305E-02  2.052E-01  1.013E+05  4.370E-12  7.831E-12  2.930E+02  4.024E+02
  9.305E-02  2.115E-01  1.013E+05  4.776E-12  5.928E-12  2.930E+02  3.845E+02
  9.305E-02  2.178E-01  1.013E+05  5.334E-12  4.896E-12  2.930E+02  3.695E+02
  9.305E-02  2.241E-01  1.013E+05  5.854E-12  4.869E-12  2.930E+02  3.570E+02
  9.305E-02  2.304E-01  1.013E+05  6.127E-12  5.578E-12  2.930E+02  3.466E+02
  9.305E-02  2.367E-01  1.013E+05  6.082E-12  6.789E-12  2.930E+02  3.378E+02
  9.305E-02  2.430E-01  1.013E+05  5.651E-12  7.883E-12  2.930E+02  3.305E+02
  9.305E-02  2.493E-01  1.013E+05  4.892E-12  8.715E-12  2.930E+02  3.243E+02
  9.305E-02  2.557E-01  1.013E+05  4.185E-12  8.878E-12  2.930E+02  3.192E+02
  9.305E-02  2.620E-01  1.013E+05  3.713E-12  8.657E-12  2.930E+02  3.149E+02
  9.305E-02  2.683E-01  1.013E+05  3.770E-12  8.105E-12  2.930E+02  3.113E+02
  9.305E-02  2.746E-01  1.013E+05  4.450E-12  7.730E-12  2.930E+02  3.083E+02
  9.305E-02  2.809E-01  1.013E+05  5.690E-12  7.706E-12  2.930E+02  3.058E+02
  9.305E-02  2.872E-01  1.013E+05  7.009E-12  8.565E-12  2.930E+02  3.037E+02
  9.305E-02  2.935E-01  1.013E+05  8.116E-12  9.856E-12  2.930E+02  3.020E+02
  9.305E-02  2.998E-01  1.013E+05  8.480E-12  1.189E-11  2.930E+02  3.005E+02
  9.305E-02  3.062E-01  1.013E+05  7.842E-12  1.426E-11  2.930E+02  2.993E+02
  9.305E-02  3.125E-01  1.013E+05  6.182E-12  1.705E-11  2.930E+02  2.983E+02
  9.305E-02  3.188E-01  1.013E+05  3.429E-12  2.006E-11  2.930E+02  2.974E+02
  9.305E-02  3.251E-01  1.013E+05  3.108E-14  2.338E-11  2.930E+02  2.967E+02
  9.305E-02  3.314E-01  1.013E+05 -3.733E-12  2.682E-11  2.930E+02  2.961E+02
  9.305E-02  3.377E-01  1.013E+05 -7.628E-12  2.992E-11  2.930E+02  2.956E+02
  9.305E-02  3.440E-01  1.013E+05 -1.179E-11  3.225E-11  2.930E+02  2.952E+02
  9.305E-02  3.503E-01  1.013E+05 -1.626E-11  3.350E-11  2.930E+02  2.948E+02
  9.305E-02  3.567E-01  1.013E+05 -2.149E-11  3.343E-11  2.930E+02  2.945E+02
  9.305E-02  3.630E-01  1.013E+05 -2.859E-11  3.298E-11  2.930E+02  2.943E+02
  9.305E-02  3.693E-01  1.013E+05 -3.762E-11  3.276E-11  2.930E+02  2.941E+02
  9.305E-02  3.756E-01  1.013E+05 -4.958E-11  3.304E-11  2.930E+02  2.939E+02
  9.305E-02  3.819E-01  1.013E+05 -6.362E-11  3.331E-11  2.930E+02  2.937E+02
  9.305E-02  3.882E-01  1.013E+05 -7.648E-11  3.203E-11  2.930E+02  2.936E+02
  9.305E-02  3.945E-01  1.013E+05 -8.626E-11  2.673E-11  2.930E+02  2.935E+02
  9.305E-02  4.008E-01  1.013E+05 -8.688E-11  1.514E-11  2.930E+02  2.934E+02
  9.305E-02  4.072E-01  1.013E+05 -7.435E-11 -2.910E-12  2.930E+02  2.934E+02
  9.305E-02  4.135E-01  1.013E+05 -4.474E-11 -2.209E-11  2.930E+02  2.933E+02
  9.305E-02  4.198E-01  1.013E+05 -2.395E-12 -3.493E-11  2.930E+02  2.933E+02
  9.305E-02  4.261E-01  1.013E+05  4.097E-11 -3.365E-11  2.930E+02  2.932E+02
  9.305E-02  4.324E-01  1.013E+05  6.969E-11 -1.644E-11  2.930E+02  2.932E+02
  9.305E-02  4.387E-01  1.013E+05  7.094E-11  1.003E-11  2.930E+02  2.932E+02
  9.305E-02  4.450E-01  1.013E+05  5.008E-11  3.444E-11  2.930E+02  2.931E+02
  9.305E-02  4.513E-01  1.013E+05  3.143E-11  5.271E-11  2.930E+02  2.931E+02
  9.305E-02  4.577E-01  1.013E+05  4.038E-11  7.859E-11  2.930E+02  2.931E+02
  9.305E-02  4.640E-01  1.013E+05  4.542E-11  1.196E-10  2.930E+02  2.931E+02
  9.305E-02  4.703E-01  1.013E+05 -3.260E-11  1.129E-10  2.930E+02  2.931E+02
  9.305E-02  4.766E-01  1.013E+05 -9.932E-11 -3.948E-11  2.930E+02  2.931E+02
  9.305E-02  4.829E-01  1.013E+05  1.213E-10 -1.249E-10  2.930E+02  2.931E+02
  9.305E-02  4.892E-01  1.013E+05  1.332E-10  1.169E-10  2.930E+02  2.930E+02
  9.305E-02  4.955E-01  1.013E+05 -4.882E-11  2.684E-11  2.930E+02  2.930E+02
  9.305E-02  5.018E-01  1.013E+05  2.781E-13  5.643E-11  2.930E+02  2.930E+02
  9.305E-02  5.050E-01  1.013E+05  0.000E+00  5.643E-11  2.930E+02  2.930E+02
  1.055E-01  0.000E+00  1.013E+05  0.000E+00  0.000E+00  2.930E+02  2.930E+02
  1.055E-01  3.156E-03  1.013E+05 -4.797E-12 -3.346E-13  2.930E+02  3.297E+02
  1.055E-01  9.469E-03  1.013E+05 -4.341E-12 -5.278E-13  2.930E+02  4.044E+02
  1.055E-01  1.578E-02  1.013E+05 -4.068E-12 -2.879E-13  2.930E+02  4.826E+02
  1.055E-01  2.209E-02  1.013E+05 -3.660E-12  2.703E-14  2.930E+02  5.669E+02
  1.055E-01  2.841E-02  1.013E+05 -3.241E-12  2.565E-13  2.930E+02  6.599E+02
  1.055E-01  3.472E-02  1.013E+05 -3.048E-12  5.032E-13  2.930E+02  7.647E+02
  1.055E-01  4.103E-02  1.013E+05 -3.126E-12  5.768E-13  2.930E+02  8.845E+02
  1.055E-01  4.734E-02  1.013E+05 -3.421E-12  5.152E-13  2.930E+02  1.023E+03
  1.055E-01  5.366E-02  1.013E+05 -3.955E-12  7.666E-14  2.930E+02  1.185E+03
  1.055E-01  5.997E-02  1.013E+05 -4.477E-12 -2.083E-13  2.930E+02  1.376E+03
  1.055E-01  6.628E-02  1.013E+05 -5.090E-12 -4.872E-13  2.930E+02  1.601E+03
  1.055E-01  7.259E-02  1.013E+05 -5.285E-12  1.814E-14  2.930E+02  1.868E+03
  1.055E-01  7.891E-02  1.013E+05 -5.191E-12  1.071E-12  2.931E+02  2.186E+03
  1.055E-01  8.522E-02  1.013E+05 -4.582E-12  2.614E-12  2.937E+02  2.564E+03
  1.055E-01  9.153E-02  1.013E+05 -3.709E-12  4.861E-12  3.017E+02  3.014E+03
  1.055E-01  9.784E-02  1.013E+05 -2.763E-12  7.254E-12  2.937E+02  2.569E+03
  1.055E-01  1.042E-01  1.013E+05 -1.880E-12  9.555E-12  2.931E+02  2.197E+03
  1.055E-01  1.105E-01  1.013E+05 -1.191E-12  1.117E-11  2.930E+02  1.886E+03
  1.055E-01  1.168E-01  1.013E+05 -7.400E-13  1.193E-11  2.930E+02  1.625E+03
  1.055E-01  1.231E-01  1.013E+05 -5.626E-13  1.211E-11  2.930E+02  1.407E+03
  1.055E-01  1.294E-01  1.013E+05 -4.533E-13  1.156E-11  2.930E+02  1.225E+03
  1.055E-01  1.357E-01  1.013E+05 -2.867E-13  1.108E-11  2.930E+02  1.073E+03
  1.055E-01  1.420E-01  1.013E+05 -2.595E-14  1.082E-11  2.930E+02  9.452E+02
  1.055E-01  1.483E-01  1.013E+05  2.816E-13  1.111E-11  2.930E+02  8.386E+02
  1.055E-01  1.547E-01  1.013E+05  6.635E-13  1.221E-11  2.930E+02  7.494E+02
  1.055E-01  1.610E-01  1.013E+05  8.907E-13  1.366E-11  2.930E+02  6.747E+02
  1.055E-01  1.673E-01  1.013E+05  8.990E-13  1.497E-11  2.930E+02  6.123E+02
  1.055E-01  1.736E-01  1.013E+05  5.804E-13  1.588E-11  2.930E+02  5.601E+02
  1.055E-01  1.799E-01  1.013E+05 -2.342E-14  1.570E-11  2.930E+02  5.164E+02
  1.055E-01  1.862E-01  1.013E+05 -6.699E-13  1.462E-11  2.930E+02  4.799E+02
  1.055E-01  1.925E-01  1.013E+05 -1.203E-12  1.248E-11  2.930E+02  4.493E+02
  1.055E-01  1.988E-01  1.013E+05 -1.386E-12  1.006E-11  2.930E+02  4.238E+02
  1.055E-01  2.052E-01  1.013E+05 -1.272E-12  7.768E-12  2.930E+02  4.024E+02
  1.055E-01  2.115E-01  1.013E+05 -6.327E-13  5.991E-12  2.930E+02  3.845E+02
  1.055E-01  2.178E-01  1.013E+05  1.648E-14  5.145E-12  2.930E+02  3.695E+02
  1.055E-01  2.241E-01  1.013E+05  6.560E-13  5.267E-12  2.930E+02  3.570E+02
  1.055E-01  2.304E-01  1.013E+05  9.822E-13  5.873E-12  2.930E+02  3.466E+02
  1.055E-01  2.367E-01  1.013E+05  8.585E-13  6.809E-12  2.930E+02  3.378E+02
  1.055E-01  2.430E-01  1.013E+05  4.524E-13  7.245E-12  2.930E+02  3.305E+02
  1.055E-01  2.493E-01  1.013E+05 -4.628E-14  7.215E-12  2.930E+02  3.243E+02
  1.055E-01  2.557E-01  1.013E+05 -3.489E-13  6.657E-12  2.930E+02  3.192E+02
  1.055E-01  2.620E-01  1.013E+05 -8.010E-14  5.486E-12  2.930E+02  3.149E+02
  1.055E-01  2.683E-01  1.013E+05  9.538E-13  4.149E-12  2.930E+02  3.113E+02
  1.055E-01  2.746E-01  1.013E+05  2.656E-12  2.834E-12  2.930E+02  3.083E+02
  1.055E-01  2.809E-01  1.013E+05  4.857E-12  1.789E-12  2.930E+02  3.058E+02
  1.055E-01  2.872E-01  1.013E+05  7.317E-12  7.548E-13  2.930E+02  3.037E+02
  1.055E-01  2.935E-01  1.013E+05  9.820E-12  1.476E-15  2.930E+02  3.020E+02
  1.055E-01  2.998E-01  1.013E+05  1.220E-11 -5.729E-13  2.930E+02  3.005E+02
  1.055E-01  3.062E-01  1.013E+05  1.460E-11 -1.090E-12  2.930E+02  2.993E+02
  1.055E-01  3.125E-01  1.013E+05  1.713E-11 -1.332E-12  2.930E+02  2.983E+02
  1.055E-01  3.188E-01  1.013E+05  1.983E-11 -1.100E-12  2.930E+02  2.974E+02
  1.055E-01  3.251E-01  1.013E+05  2.254E-11 -4.142E-13  2.930E+02  2.967E+02
  1.055E-01  3.314E-01  1.013E+05  2.500E-11  5.060E-13  2.930E+02  2.961E+02
  1.055E-01  3.377E-01  1.013E+05  2.639E-11  8.959E-13  2.930E+02  2.956E+02
  1.055E-01  3.440E-01  1.013E+05  2.609E-11  2.157E-13  2.930E+02  2.952E+02
  1.055E-01  3.503E-01  1.013E+05  2.322E-11 -1.368E-12  2.930E+02  2.948E+02
  1.055E-01  3.567E-01  1.013E+05  1.743E-11 -3.136E-12  2.930E+02  2.945E+02
  1.055E-01  3.630E-01  1.013E+05  8.177E-12 -2.873E-12  2.930E+02  2.943E+02
  1.055E-01  3.693E-01  1.013E+05 -4.517E-12  1.942E-12  2.930E+02  2.941E+02
  1.055E-01  3.756E-01  1.013E+05 -2.030E-11  1.362E-11  2.930E+02  2.939E+02
  1.055E-01  3.819E-01  1.013E+05 -3.923E-11  3.097E-11  2.930E+02  2.937E+02
  1.055E-01  3.882E-01  1.013E+05 -5.958E-11  5.133E-11  2.930E+02  2.936E+02
  1.055E-01  3.945E-01  1.013E+05 -7.857E-11  6.851E-11  2.930E+02  2.935E+02
  1.055E-01  4.008E-01  1.013E+05 -9.223E-11  7.569E-11  2.930E+02  2.934E+02
  1.055E-01  4.072E-01  1.013E+05 -9.665E-11  6.758E-11  2.930E+02  2.934E+02
  1.055E-01  4.135E-01  1.013E+05 -8.618E-11  4.556E-11  2.930E+02  2.933E+02
  1.055E-01  4.198E-01  1.013E+05 -6.164E-11  1.599E-11  2.930E+02  2.933E+02
  1.055E-01  4.261E-01  1.013E+05 -2.717E-11 -9.851E-12  2.930E+02  2.932E+02
  1.055E-01  4.324E-01  1.013E+05  7.634E-12 -2.337E-11  2.930E+02  2.932E+02
  1.055E-01  4.387E-01  1.013E+05  3.091E-11 -2.104E-11  2.930E+02  2.932E+02
  1.055E-01  4.450E-01  1.013E+05  3.964E-11 -7.145E-12  2.930E+02  2.931E+02
  1.055E-01  4.513E-01  1.013E+05  4.612E-11  1.473E-11  2.930E+02  2.931E+02
  1.055E-01  4.577E-01  1.013E+05  6.544E-11  4.952E-11  2.930E+02  2.931E+02
  1.055E-01  4.640E-01  1.013E+05  6.984E-11  9.630E-11  2.930E+02  2.931E+02
  1.055E-01  4.703E-01  1.013E+05 -1.585E-11  9.033E-11  2.930E+02  2.931E+02
  1.055E-01  4.766E-01  1.013E+05 -9.956E-11 -6.634E-11  2.930E+02  2.931E+02
  1.055E-01  4.829E-01  1.013E+05  1.061E-10 -1.612E-10  2.930E+02  2.931E+02
  1.055E-01  4.892E-01  1.013E+05  1.174E-10  7.937E-11  2.930E+02  2.930E+02
  1.055E-01  4.955E-01  1.013E+05 -6.739E-11  1.713E-11  2.930E+02  2.930E+02
  1.055E-01  5.018E-01  1.013E+05 -1.681E-12  4.032E-11  2.930E+02  2.930E+02
  1.055E-01  5.050E-01  1.013E+05  0.000E+00  4.032E-11  2.930E+02  2.930E+02
  1.179E-01  0.000E+00  1.013E+05  0.000E+00  0.000E+00  2.930E+02  2.930E+02
  1.179E-01  3.156E-03  1.013E+05 -1.955E-12 -3.142E-13  2.930E+02  3.297E+02
  1.179E-01  9.469E-03  1.013E+05 -1.637E-12 -1.358E-13  2.930E+02  4.044E+02
  1.179E-01  1.578E-02  1.013E+05 -1.453E-12  2.350E-13  2.930E+02  4.826E+02
  1.179E-01  2.209E-02  1.013E+05 -1.372E-12  5.742E-13  2.930E+02  5.669E+02
  1.179E-01  2.841E-02  1.013E+05 -1.393E-12  6.669E-13  2.930E+02  6.599E+02
  1.179E-01  3.472E-02  1.013E+05 -1.460E-12  6.213E-13  2.930E+02  7.647E+02
  1.179E-01  4.103E-02  1.013E+05 -1.695E-12  4.030E-13  2.930E+02  8.845E+02
  1.179E-01  4.734E-02  1.013E+05 -1.884E-12 -8.332E-14  2.930E+02  1.023E+03
  1.179E-01  5.366E-02  1.013E+05 -1.977E-12 -5.167E-13  2.930E+02  1.185E+03
  1.179E-01  5.997E-02  1.013E+05 -1.849E-12 -9.872E-13  2.930E+02  1.376E+03
  1.179E-01  6.628E-02  1.013E+05 -1.456E-12 -1.008E-12  2.930E+02  1.601E+03
  1.179E-01  7.259E-02  1.013E+05 -8.634E-13 -2.298E-13  2.930E+02  1.868E+03
  1.179E-01  7.891E-02  1.013E+05 -2.365E-13  1.186E-12  2.931E+02  2.186E+03
  1.179E-01  8.522E-02  1.013E+05  4.022E-13  3.393E-12  2.937E+02  2.564E+03
  1.179E-01  9.153E-02  1.013E+05  8.152E-13  5.858E-12  3.017E+02  3.014E+03
  1.179E-01  9.784E-02  1.013E+05  8.961E-13  8.378E-12  2.937E+02  2.569E+03
  1.179E-01  1.042E-01  1.013E+05  7.170E-13  1.042E-11  2.931E+02  2.197E+03
  1.179E-01  1.105E-01  1.013E+05  2.502E-13  1.177E-11  2.930E+02  1.886E+03
  1.179E-01  1.168E-01  1.013E+05 -2.779E-13  1.233E-11  2.930E+02  1.625E+03
  1.179E-01  1.231E-01  1.013E+05 -6.851E-13  1.219E-11  2.930E+02  1.407E+03
  1.179E-01  1.294E-01  1.013E+05 -8.212E-13  1.172E-11  2.930E+02  1.225E+03
  1.179E-01  1.357E-01  1.013E+05 -5.996E-13  1.136E-11  2.930E+02  1.073E+03
  1.179E-01  1.420E-01  1.013E+05 -6.605E-14  1.140E-11  2.930E+02  9.452E+02
  1.179E-01  1.483E-01  1.013E+05  4.837E-13  1.214E-11  2.930E+02  8.386E+02
  1.179E-01  1.547E-01  1.013E+05  9.641E-13  1.323E-11  2.930E+02  7.494E+02
  1.179E-01  1.610E-01  1.013E+05  1.142E-12  1.457E-11  2.930E+02  6.747E+02
  1.179E-01  1.673E-01  1.013E+05  1.012E-12  1.566E-11  2.930E+02  6.123E+02
  1.179E-01  1.736E-01  1.013E+05  4.793E-13  1.606E-11  2.930E+02  5.601E+02
  1.179E-01  1.799E-01  1.013E+05 -1.568E-13  1.549E-11  2.930E+02  5.164E+02
  1.179E-01  1.862E-01  1.013E+05 -5.699E-13  1.383E-11  2.930E+02  4.799E+02
  1.179E-01  1.925E-01  1.013E+05 -7.317E-13  1.185E-11  2.930E+02  4.493E+02
  1.179E-01  1.988E-01  1.013E+05 -3.489E-13  9.452E-12  2.930E+02  4.238E+02
  1.179E-01  2.052E-01  1.013E+05  3.377E-13  7.373E-12  2.930E+02  4.024E+02
  1.179E-01  2.115E-01  1.013E+05  1.333E-12  5.925E-12  2.930E+02  3.845E+02
  1.179E-01  2.178E-01  1.013E+05  2.248E-12  5.436E-12  2.930E+02  3.695E+02
  1.179E-01  2.241E-01  1.013E+05  2.976E-12  5.654E-12  2.930E+02  3.570E+02
  1.179E-01  2.304E-01  1.013E+05  3.286E-12  6.454E-12  2.930E+02  3.466E+02
  1.179E-01  2.367E-01  1.013E+05  3.221E-12  7.260E-12  2.930E+02  3.378E+02
  1.179E-01  2.430E-01  1.013E+05  2.916E-12  7.812E-12  2.930E+02  3.305E+02
  1.179E-01  2.493E-01  1.013E+05  2.649E-12  8.116E-12  2.930E+02  3.243E+02
  1.179E-01  2.557E-01  1.013E+05  2.365E-12  8.072E-12  2.930E+02  3.192E+02
  1.179E-01  2.620E-01  1.013E+05  2.273E-12  7.987E-12  2.930E+02  3.149E+02
  1.179E-01  2.683E-01  1.013E+05  2.335E-12  7.773E-12  2.930E+02  3.113E+02
  1.179E-01  2.746E-01  1.013E+05  2.254E-12  7.510E-12  2.930E+02  3.083E+02
  1.179E-01  2.809E-01  1.013E+05  1.899E-12  7.330E-12  2.930E+02  3.058E+02
  1.179E-01  2.872E-01  1.013E+05  1.215E-12  7.037E-12  2.930E+02  3.037E+02
  1.179E-01  2.935E-01  1.013E+05  2.564E-13  6.595E-12  2.930E+02  3.020E+02
  1.179E-01  2.998E-01  1.013E+05 -8.077E-13  5.947E-12  2.930E+02  3.005E+02
  1.179E-01  3.062E-01  1.013E+05 -1.827E-12  5.394E-12  2.930E+02  2.993E+02
  1.179E-01  3.125E-01  1.013E+05 -2.739E-12  5.195E-12  2.930E+02  2.983E+02
  1.179E-01  3.188E-01  1.013E+05 -3.773E-12  5.637E-12  2.930E+02  2.974E+02
  1.179E-01  3.251E-01  1.013E+05 -5.153E-12  6.078E-12  2.930E+02  2.967E+02
  1.179E-01  3.314E-01  1.013E+05 -7.222E-12  6.253E-12  2.930E+02  2.961E+02
  1.179E-01  3.377E-01  1.013E+05 -9.899E-12  5.036E-12  2.930E+02  2.956E+02
  1.179E-01  3.440E-01  1.013E+05 -1.253E-11  1.728E-12  2.930E+02  2.952E+02
  1.179E-01  3.503E-01  1.013E+05 -1.414E-11 -3.585E-12  2.930E+02  2.948E+02
  1.179E-01  3.567E-01  1.013E+05 -1.353E-11 -9.451E-12  2.930E+02  2.945E+02
  1.179E-01  3.630E-01  1.013E+05 -9.952E-12 -1.246E-11  2.930E+02  2.943E+02
  1.179E-01  3.693E-01  1.013E+05 -3.978E-12 -9.139E-12  2.930E+02  2.941E+02
  1.179E-01  3.756E-01  1.013E+05  2.614E-12  2.932E-12  2.930E+02  2.939E+02
  1.179E-01  3.819E-01  1.013E+05  7.479E-12  2.305E-11  2.930E+02  2.937E+02
  1.179E-01  3.882E-01  1.013E+05  7.295E-12  4.717E-11  2.930E+02  2.936E+02
  1.179E-01  3.945E-01  1.013E+05  8.423E-13  6.789E-11  2.930E+02  2.935E+02
  1.179E-01  4.008E-01  1.013E+05 -1.024E-11  7.737E-11  2.930E+02  2.934E+02
  1.179E-01  4.072E-01  1.013E+05 -2.318E-11  7.002E-11  2.930E+02  2.934E+02
  1.179E-01  4.135E-01  1.013E+05 -3.352E-11  4.772E-11  2.930E+02  2.933E+02
  1.179E-01  4.198E-01  1.013E+05 -3.701E-11  1.806E-11  2.930E+02  2.933E+02
  1.179E-01  4.261E-01  1.013E+05 -3.354E-11 -6.973E-12  2.930E+02  2.932E+02
  1.179E-01  4.324E-01  1.013E+05 -2.426E-11 -1.820E-11  2.930E+02  2.932E+02
  1.179E-01  4.387E-01  1.013E+05 -1.439E-11 -1.300E-11  2.930E+02  2.932E+02
  1.179E-01  4.450E-01  1.013E+05 -5.680E-12  4.068E-12  2.930E+02  2.931E+02
  1.179E-01  4.513E-01  1.013E+05  8.664E-12  2.805E-11  2.930E+02  2.931E+02
  1.179E-01  4.577E-01  1.013E+05  3.480E-11  5.938E-11  2.930E+02  2.931E+02
  1.179E-01  4.640E-01  1.013E+05  4.034E-11  9.017E-11  2.930E+02  2.931E+02
  1.179E-01  4.703E-01  1.013E+05 -4.513E-11  6.330E-11  2.930E+02  2.931E+02
  1.179E-01  4.766E-01  1.013E+05 -1.281E-10 -8.716E-11  2.930E+02  2.931E+02
  1.179E-01  4.829E-01  1.013E+05  8.293E-11 -1.475E-10  2.930E+02  2.931E+02
  1.179E-01  4.892E-01  1.013E+05  1.055E-10  8.033E-11  2.930E+02  2.930E+02
  1.179E-01  4.955E-01  1.013E+05 -7.397E-11  9.432E-11  2.930E+02  2.930E+02
  1.179E-01  5.018E-01  1.013E+05  2.662E-12  2.786E-11  2.930E+02  2.930E+02
  1.179E-01  5.050E-01  1.013E+05  0.000E+00  2.786E-11  2.930E+02  2.930E+02
  1.241E-01  0.000E+00  1.013E+05  0.000E+00  0.000E+00  2.930E+02  2.930E+02
  1.241E-01  3.156E-03  1.013E+05 -1.955E-12 -3.142E-13  2.930E+02  3.297E+02
  1.241E-01  9.469E-03  1.013E+05 -1.637E-12 -1.358E-13  2.930E+02  4.044E+02
  1.241E-01  1.578E-02  1.013E+05 -1.453E-12  2.350E-13  2.930E+02  4.826E+02
  1.241E-01  2.209E-02  1.013E+05 -1.372E-12  5.742E-13  2.930E+02  5.669E+02
  1.241E-01  2.841E-02  1.013E+05 -1.393E-12  6.669E-13  2.930E+02  6.599E+02
  1.241E-01  3.472E-02  1.013E+05 -1.460E-12  6.213E-13  2.930E+02  7.647E+02
  1.241E-01  4.103E-02  1.013E+05 -1.695E-12  4.030E-13  2.930E+02  8.845E+02
  1.241E-01  4.734E-02  1.013E+05 -1.884E-12 -8.332E-14  2.930E+02  1.023E+03
  1.241E-01  5.366E-02  1.013E+05 -1.977E-12 -5.167E-13  2.930E+02  1.185E+03
  1.241E-01  5.997E-02  1.013E+05 -1.849E-12 -9.872E-13  2.930E+02  1.376E+03
  1.241E-01  6.628E-02  1.013E+05 -1.456E-12 -1.008E-12  2.930E+02  1.601E+03
  1.241E-01  7.259E-02  1.013E+05 -8.634E-13 -2.298E-13  2.930E+02  1.868E+03
  1.241E-01  7.891E-02  1.013E+05 -2.365E-13  1.186E-12  2.931E+02  2.186E+03
  1.241E-01  8.522E-02  1.013E+05  4.022E-13  3.393E-12  2.937E+02  2.564E+03
  1.241E-01  9.153E-02  1.013E+05  8.152E-13  5.858E-12  3.017E+02  3.014E+03
  1.241E-01  9.784E-02  1.013E+05  8.961E-13  8.378E-12  2.937E+02  2.569E+03
  1.241E-01  1.042E-01  1.013E+05  7.170E-13  1.042E-11  2.931E+02  2.197E+03
  1.241E-01  1.105E-01  1.013E+05  2.502E-13  1.177E-11  2.930E+02  1.886E+03
  1.241E-01  1.168E-01  1.013E+05 -2.779E-13  1.233E-11  2.930E+02  1.625E+03
  1.241E-01  1.231E-01  1.013E+05 -6.851E-13  1.219E-11  2.930E+02  1.407E+03
  1.241E-01  1.294E-01  1.013E+05 -8.212E-13  1.172E-11  2.930E+02  1.225E+03
  1.241E-01  1.357E-01  1.013E+05 -5.996E-13  1.136E-11  2.930E+02  1.073E+03
  1.241E-01  1.420E-01  1.013E+05 -6.605E-14  1.140E-11  2.930E+02  9.452E+02
  1.241E-01  1.483E-01  1.013E+05  4.837E-13  1.214E-11  2.930E+02  8.386E+02
  1.241E-01  1.547E-01  1.013E+05  9.641E-13  1.323E-11  2.930E+02  7.494E+02
  1.241E-01  1.610E-01  1.013E+05  1.142E-12  1.457E-11  2.930E+02  6.747E+02
  1.241E-01  1.673E-01  1.013E+05  1.012E-12  1.566E-11  2.930E+02  6.123E+02
  1.241E-01  1.736E-01  1.013E+05  4.793E-13  1.606E-11  2.930E+02  5.601E+02
  1.241E-01  1.799E-01  1.013E+05 -1.568E-13  1.549E-11  2.930E+02  5.164E+02
  1.241E-01  1.862E-01  1.013E+05 -5.699E-13  1.383E-11  2.930E+02  4.799E+02
  1.241E-01  1.925E-01  1.013E+05 -7.317E-13  1.185E-11  2.930E+02  4.493E+02
  1.241E-01  1.988E-01  1.013E+05 -3.489E-13  9.452E-12  2.930E+02  4.238E+02
  1.241E-01  2.052E-01  1.013E+05  3.377E-13  7.373E-12  2.930E+02  4.024E+02
  1.241E-01  2.115E-01  1.013E+05  1.333E-12  5.925E-12  2.930E+02  3.845E+02
  1.241E-01  2.178E-01  1.013E+05  2.248E-12  5.436E-12  2.930E+02  3.695E+02
  1.241E-01  2.241E-01  1.013E+05  2.976E-12  5.654E-12  2.930E+02  3.570E+02
  1.241E-01  2.304E-01  1.013E+05  3.286E-12  6.454E-12  2.930E+02  3.466E+02
  1.241E-01  2.367E-01  1.013E+05  3.221E-12  7.260E-12  2.930E+02  3.378E+02
  1.241E-01  2.430E-01  1.013E+05  2.916E-12  7.812E-12  2.930E+02  3.305E+02
  1.241E-01  2.493E-01  1.013E+05  2.649E-12  8.116E-12  2.930E+02  3.243E+02
  1.241E-01  2.557E-01  1.013E+05  2.365E-12  8.072E-12  2.930E+02  3.192E+02
  1.241E-01  2.620E-01  1.013E+05  2.273E-12  7.987E-12  2.930E+02  3.149E+02
  1.241E-01  2.683E-01  1.013E+05  2.335E-12  7.773E-12  2.930E+02  3.113E+02
  1.241E-01  2.746E-01  1.013E+05  2.254E-12  7.510E-12  2.930E+02  3.083E+02
  1.241E-01  2.809E-01  1.013E+05  1.899E-12  7.330E-12  2.930E+02  3.058E+02
  1.241E-01  2.872E-01  1.013E+05  1.215E-12  7.037E-12  2.930E+02  3.037E+02
  1.241E-01  2.935E-01  1.013E+05  2.564E-13  6.595E-12  2.930E+02  3.020E+02
  1.241E-01  2.998E-01  1.013E+05 -8.077E-13  5.947E-12  2.930E+02  3.005E+02
  1.241E-01  3.062E-01  1.013E+05 -1.827E-12  5.394E-12  2.930E+02  2.993E+02
  1.241E-01  3.125E-01  1.013E+05 -2.739E-12  5.195E-12  2.930E+02  2.983E+02
  1.241E-01  3.188E-01  1.013E+05 -3.773E-12  5.637E-12  2.930E+02  2.974E+02
  1.241E-01  3.251E-01  1.013E+05 -5.153E-12  6.078E-12  2.930E+02  2.967E+02
  1.241E-01  3.314E-01  1.013E+05 -7.222E-12  6.253E-12  2.930E+02  2.961E+02
  1.241E-01  3.377E-01  1.013E+05 -9.899E-12  5.036E-12  2.930E+02  2.956E+02
  1.241E-01  3.440E-01  1.013E+05 -1.253E-11  1.728E-12  2.930E+02  2.952E+02
  1.241E-01  3.503E-01  1.013E+05 -1.414E-11 -3.585E-12  2.930E+02  2.948E+02
  1.241E-01  3.567E-01  1.013E+05 -1.353E-11 -9.451E-12  2.930E+02  2.945E+02
  1.241E-01  3.630E-01  1.013E+05 -9.952E-12 -1.246E-11  2.930E+02  2.943E+02
  1.241E-01  3.693E-01  1.013E+05 -3.978E-12 -9.139E-12  2.930E+02  2.941E+02
  1.241E-01  3.756E-01  1.013E+05  2.614E-12  2.932E-12  2.930E+02  2.939E+02
  1.241E-01  3.819E-01  1.013E+05  7.479E-12  2.305E-11  2.930E+02  2.937E+02
  1.241E-01  3.882E-01  1.013E+05  7.295E-12  4.717E-11  2.930E+02  2.936E+02
  1.241E-01  3.945E-01  1.013E+05  8.423E-13  6.789E-11  2.930E+02  2.935E+02
  1.241E-01  4.008E-01  1.013E+05 -1.024E-11  7.737E-11  2.930E+02  2.934E+02
  1.241E-01  4.072E-01  1.013E+05 -2.318E-11  7.002E-11  2.930E+02  2.934E+02
  1.241E-01  4.135E-01  1.013E+05 -3.352E-11  4.772E-11  2.930E+02  2.933E+02
  1.241E-01  4.198E-01  1.013E+05 -3.701E-11  1.806E-11  2.930E+02  2.933E+02
  1.241E-01  4.261E-01  1.013E+05 -3.354E-11 -6.973E-12  2.930E+02  2.932E+02
  1.241E-01  4.324E-01  1.013E+05 -2.426E-11 -1.820E-11  2.930E+02  2.932E+02
  1.241E-01  4.387E-01  1.013E+05 -1.439E-11 -1.300E-11  2.930E+02  2.932E+02
  1.241E-01  4.450E-01  1.013E+05 -5.680E-12  4.068E-12  2.930E+02  2.931E+02
  1.241E-01  4.513E-01  1.013E+05  8.664E-12  2.805E-11  2.930E+02  2.931E+02
  1.241E-01  4.577E-01  1.013E+05  3.480E-11  5.938E-11  2.930E+02  2.931E+02
  1.241E-01  4.640E-01  1.013E+05  4.034E-11  9.017E-11  2.930E+02  2.931E+02
  1.241E-01  4.703E-01  1.013E+05 -4.513E-11  6.330E-11  2.930E+02  2.931E+02
  1.241E-01  4.766E-01  1.013E+05 -1.281E-10 -8.716E-11  2.930E+02  2.931E+02
  1.241E-01  4.829E-01  1.013E+05  8.293E-11 -1.475E-10  2.930E+02  2.931E+02
  1.241E-01  4.892E-01  1.013E+05  1.055E-10  8.033E-11  2.930E+02  2.930E+02
  1.241E-01  4.955E-01  1.013E+05 -7.397E-11  9.432E-11  2.930E+02  2.930E+02
  1.241E-01  5.018E-01  1.013E+05  2.662E-12  2.786E-11  2.930E+02  2.930E+02
  1.241E-01  5.050E-01  1.013E+05  0.000E+00  2.786E-11  2.930E+02  2.930E+02
