VARIABLES="XP","YP","P","U","V","TS","TF"
ZONE T="Zone 001"I=    82 J=    12 F=POINT
  0.000E+00  0.000E+00  1.013E+05  5.552E-10 -1.025E-03  2.930E+02  4.767E+02
  0.000E+00  3.156E-03  1.013E+05  5.552E-10 -1.025E-03  2.930E+02  4.767E+02
  0.000E+00  9.469E-03  1.013E+05 -2.225E-10  6.167E-04  2.930E+02  8.166E+02
  0.000E+00  1.578E-02  1.013E+05  1.207E-09  3.601E-04  2.930E+02  1.098E+03
  0.000E+00  2.209E-02  1.013E+05  1.743E-09 -3.723E-05  2.930E+02  1.304E+03
  0.000E+00  2.841E-02  1.013E+05  1.934E-09 -3.754E-04  2.930E+02  1.427E+03
  0.000E+00  3.472E-02  1.013E+05  1.905E-09 -6.287E-04  2.930E+02  1.492E+03
  0.000E+00  4.103E-02  1.013E+05  1.805E-09 -8.247E-04  2.930E+02  1.526E+03
  0.000E+00  4.734E-02  1.013E+05  1.691E-09 -9.860E-04  2.930E+02  1.546E+03
  0.000E+00  5.366E-02  1.013E+05  1.587E-09 -1.121E-03  2.931E+02  1.560E+03
  0.000E+00  5.997E-02  1.013E+05  1.524E-09 -1.230E-03  2.933E+02  1.572E+03
  0.000E+00  6.628E-02  1.013E+05  1.518E-09 -1.335E-03  2.940E+02  1.583E+03
  0.000E+00  7.259E-02  1.013E+05  1.556E-09 -1.454E-03  2.964E+02  1.593E+03
  0.000E+00  7.891E-02  1.013E+05  1.624E-09 -1.605E-03  3.036E+02  1.603E+03
  0.000E+00  8.522E-02  1.013E+05  1.524E-09 -1.819E-03  3.218E+02  1.612E+03
  0.000E+00  9.153E-02  1.013E+05  1.803E-09 -1.731E-03  3.596E+02  1.621E+03
  0.000E+00  9.784E-02  1.013E+05  1.414E-09 -2.611E-03  3.218E+02  1.166E+03
  0.000E+00  1.042E-01  1.013E+05  3.683E-10 -2.410E-03  3.036E+02  1.070E+03
  0.000E+00  1.105E-01  1.013E+05 -9.281E-11 -2.325E-03  2.964E+02  1.051E+03
  0.000E+00  1.168E-01  1.013E+05 -4.590E-10 -2.223E-03  2.940E+02  1.048E+03
  0.000E+00  1.231E-01  1.013E+05 -6.973E-10 -2.105E-03  2.933E+02  1.048E+03
  0.000E+00  1.294E-01  1.013E+05 -8.366E-10 -1.980E-03  2.931E+02  1.050E+03
  0.000E+00  1.357E-01  1.013E+05 -9.100E-10 -1.869E-03  2.930E+02  1.052E+03
  0.000E+00  1.420E-01  1.013E+05 -9.416E-10 -1.754E-03  2.930E+02  1.054E+03
  0.000E+00  1.483E-01  1.013E+05 -9.296E-10 -1.643E-03  2.930E+02  1.056E+03
  0.000E+00  1.547E-01  1.013E+05 -8.955E-10 -1.549E-03  2.930E+02  1.058E+03
  0.000E+00  1.610E-01  1.013E+05 -8.547E-10 -1.457E-03  2.930E+02  1.061E+03
  0.000E+00  1.673E-01  1.013E+05 -8.012E-10 -1.369E-03  2.930E+02  1.063E+03
  0.000E+00  1.736E-01  1.013E+05 -7.332E-10 -1.290E-03  2.930E+02  1.066E+03
  0.000E+00  1.799E-01  1.013E+05 -6.620E-10 -1.226E-03  2.930E+02  1.068E+03
  0.000E+00  1.862E-01  1.013E+05 -5.990E-10 -1.172E-03  2.930E+02  1.071E+03
  0.000E+00  1.925E-01  1.013E+05 -5.369E-10 -1.114E-03  2.930E+02  1.074E+03
  0.000E+00  1.988E-01  1.013E+05 -4.603E-10 -1.061E-03  2.930E+02  1.077E+03
  0.000E+00  2.052E-01  1.013E+05 -3.727E-10 -1.022E-03  2.930E+02  1.080E+03
  0.000E+00  2.115E-01  1.013E+05 -3.031E-10 -1.005E-03  2.930E+02  1.083E+03
  0.000E+00  2.178E-01  1.013E+05 -2.654E-10 -9.861E-04  2.930E+02  1.086E+03
  0.000E+00  2.241E-01  1.013E+05 -2.266E-10 -9.524E-04  2.930E+02  1.089E+03
  0.000E+00  2.304E-01  1.013E+05 -1.749E-10 -9.317E-04  2.930E+02  1.092E+03
  0.000E+00  2.367E-01  1.013E+05 -1.281E-10 -9.201E-04  2.930E+02  1.095E+03
  0.000E+00  2.430E-01  1.013E+05 -8.615E-11 -9.111E-04  2.930E+02  1.098E+03
  0.000E+00  2.493E-01  1.013E+05 -5.104E-11 -9.128E-04  2.930E+02  1.102E+03
  0.000E+00  2.557E-01  1.013E+05 -3.555E-11 -9.191E-04  2.930E+02  1.105E+03
  0.000E+00  2.620E-01  1.013E+05 -3.613E-11 -9.199E-04  2.930E+02  1.108E+03
  0.000E+00  2.683E-01  1.013E+05 -3.342E-11 -9.087E-04  2.930E+02  1.111E+03
  0.000E+00  2.746E-01  1.013E+05 -9.742E-12 -8.961E-04  2.930E+02  1.114E+03
  0.000E+00  2.809E-01  1.013E+05  2.010E-11 -9.000E-04  2.930E+02  1.118E+03
  0.000E+00  2.872E-01  1.013E+05  2.711E-11 -9.143E-04  2.930E+02  1.121E+03
  0.000E+00  2.935E-01  1.013E+05  1.278E-11 -9.209E-04  2.930E+02  1.124E+03
  0.000E+00  2.998E-01  1.013E+05 -6.632E-12 -9.218E-04  2.930E+02  1.127E+03
  0.000E+00  3.062E-01  1.013E+05 -2.698E-11 -9.229E-04  2.930E+02  1.130E+03
  0.000E+00  3.125E-01  1.013E+05 -5.482E-11 -9.244E-04  2.930E+02  1.134E+03
  0.000E+00  3.188E-01  1.013E+05 -8.870E-11 -9.199E-04  2.930E+02  1.137E+03
  0.000E+00  3.251E-01  1.013E+05 -1.195E-10 -9.092E-04  2.930E+02  1.140E+03
  0.000E+00  3.314E-01  1.013E+05 -1.504E-10 -9.001E-04  2.930E+02  1.143E+03
  0.000E+00  3.377E-01  1.013E+05 -1.816E-10 -8.840E-04  2.930E+02  1.146E+03
  0.000E+00  3.440E-01  1.013E+05 -2.083E-10 -8.672E-04  2.930E+02  1.149E+03
  0.000E+00  3.503E-01  1.013E+05 -2.442E-10 -8.572E-04  2.930E+02  1.152E+03
  0.000E+00  3.567E-01  1.013E+05 -2.986E-10 -8.409E-04  2.930E+02  1.155E+03
  0.000E+00  3.630E-01  1.013E+05 -3.618E-10 -8.143E-04  2.930E+02  1.158E+03
  0.000E+00  3.693E-01  1.013E+05 -4.217E-10 -7.772E-04  2.930E+02  1.161E+03
  0.000E+00  3.756E-01  1.013E+05 -4.729E-10 -7.349E-04  2.930E+02  1.164E+03
  0.000E+00  3.819E-01  1.013E+05 -5.197E-10 -6.927E-04  2.930E+02  1.167E+03
  0.000E+00  3.882E-01  1.013E+05 -5.754E-10 -6.517E-04  2.930E+02  1.170E+03
  0.000E+00  3.945E-01  1.013E+05 -6.438E-10 -6.009E-04  2.930E+02  1.173E+03
  0.000E+00  4.008E-01  1.013E+05 -7.033E-10 -5.320E-04  2.930E+02  1.176E+03
  0.000E+00  4.072E-01  1.013E+05 -7.508E-10 -4.667E-04  2.930E+02  1.179E+03
  0.000E+00  4.135E-01  1.013E+05 -8.028E-10 -3.980E-04  2.930E+02  1.181E+03
  0.000E+00  4.198E-01  1.013E+05 -8.421E-10 -3.112E-04  2.930E+02  1.184E+03
  0.000E+00  4.261E-01  1.013E+05 -8.558E-10 -2.270E-04  2.930E+02  1.187E+03
  0.000E+00  4.324E-01  1.013E+05 -8.629E-10 -1.508E-04  2.930E+02  1.190E+03
  0.000E+00  4.387E-01  1.013E+05 -8.718E-10 -7.052E-05  2.930E+02  1.192E+03
  0.000E+00  4.450E-01  1.013E+05 -8.652E-10  1.879E-05  2.930E+02  1.195E+03
  0.000E+00  4.513E-01  1.013E+05 -8.306E-10  1.105E-04  2.930E+02  1.198E+03
  0.000E+00  4.577E-01  1.013E+05 -7.620E-10  1.999E-04  2.930E+02  1.200E+03
  0.000E+00  4.640E-01  1.013E+05 -6.574E-10  2.825E-04  2.930E+02  1.202E+03
  0.000E+00  4.703E-01  1.013E+05 -5.205E-10  3.514E-04  2.930E+02  1.204E+03
  0.000E+00  4.766E-01  1.013E+05 -3.486E-10  4.140E-04  2.930E+02  1.206E+03
  0.000E+00  4.829E-01  1.013E+05 -1.267E-10  4.725E-04  2.930E+02  1.208E+03
  0.000E+00  4.892E-01  1.013E+05  2.330E-10  5.455E-04  2.930E+02  1.209E+03
  0.000E+00  4.955E-01  1.013E+05  6.706E-10  4.475E-04  2.930E+02  1.210E+03
  0.000E+00  5.018E-01  1.013E+05  7.803E-10  1.137E-09  2.930E+02  1.211E+03
  0.000E+00  5.050E-01  1.013E+05  7.803E-10  1.137E-09  2.930E+02  1.211E+03
  6.203E-03  0.000E+00  1.013E+05  0.000E+00  0.000E+00  2.930E+02  2.930E+02
  6.203E-03  3.156E-03  1.013E+05  5.552E-10 -1.025E-03  2.930E+02  4.767E+02
  6.203E-03  9.469E-03  1.013E+05 -2.225E-10  6.167E-04  2.930E+02  8.166E+02
  6.203E-03  1.578E-02  1.013E+05  1.207E-09  3.601E-04  2.930E+02  1.098E+03
  6.203E-03  2.209E-02  1.013E+05  1.743E-09 -3.723E-05  2.930E+02  1.304E+03
  6.203E-03  2.841E-02  1.013E+05  1.934E-09 -3.754E-04  2.930E+02  1.427E+03
  6.203E-03  3.472E-02  1.013E+05  1.905E-09 -6.287E-04  2.930E+02  1.492E+03
  6.203E-03  4.103E-02  1.013E+05  1.805E-09 -8.247E-04  2.930E+02  1.526E+03
  6.203E-03  4.734E-02  1.013E+05  1.691E-09 -9.860E-04  2.930E+02  1.546E+03
  6.203E-03  5.366E-02  1.013E+05  1.587E-09 -1.121E-03  2.931E+02  1.560E+03
  6.203E-03  5.997E-02  1.013E+05  1.524E-09 -1.230E-03  2.933E+02  1.572E+03
  6.203E-03  6.628E-02  1.013E+05  1.518E-09 -1.335E-03  2.940E+02  1.583E+03
  6.203E-03  7.259E-02  1.013E+05  1.556E-09 -1.454E-03  2.964E+02  1.593E+03
  6.203E-03  7.891E-02  1.013E+05  1.624E-09 -1.605E-03  3.036E+02  1.603E+03
  6.203E-03  8.522E-02  1.013E+05  1.524E-09 -1.819E-03  3.218E+02  1.612E+03
  6.203E-03  9.153E-02  1.013E+05  1.803E-09 -1.731E-03  3.596E+02  1.621E+03
  6.203E-03  9.784E-02  1.013E+05  1.414E-09 -2.611E-03  3.218E+02  1.166E+03
  6.203E-03  1.042E-01  1.013E+05  3.683E-10 -2.410E-03  3.036E+02  1.070E+03
  6.203E-03  1.105E-01  1.013E+05 -9.281E-11 -2.325E-03  2.964E+02  1.051E+03
  6.203E-03  1.168E-01  1.013E+05 -4.590E-10 -2.223E-03  2.940E+02  1.048E+03
  6.203E-03  1.231E-01  1.013E+05 -6.973E-10 -2.105E-03  2.933E+02  1.048E+03
  6.203E-03  1.294E-01  1.013E+05 -8.366E-10 -1.980E-03  2.931E+02  1.050E+03
  6.203E-03  1.357E-01  1.013E+05 -9.100E-10 -1.869E-03  2.930E+02  1.052E+03
  6.203E-03  1.420E-01  1.013E+05 -9.416E-10 -1.754E-03  2.930E+02  1.054E+03
  6.203E-03  1.483E-01  1.013E+05 -9.296E-10 -1.643E-03  2.930E+02  1.056E+03
  6.203E-03  1.547E-01  1.013E+05 -8.955E-10 -1.549E-03  2.930E+02  1.058E+03
  6.203E-03  1.610E-01  1.013E+05 -8.547E-10 -1.457E-03  2.930E+02  1.061E+03
  6.203E-03  1.673E-01  1.013E+05 -8.012E-10 -1.369E-03  2.930E+02  1.063E+03
  6.203E-03  1.736E-01  1.013E+05 -7.332E-10 -1.290E-03  2.930E+02  1.066E+03
  6.203E-03  1.799E-01  1.013E+05 -6.620E-10 -1.226E-03  2.930E+02  1.068E+03
  6.203E-03  1.862E-01  1.013E+05 -5.990E-10 -1.172E-03  2.930E+02  1.071E+03
  6.203E-03  1.925E-01  1.013E+05 -5.369E-10 -1.114E-03  2.930E+02  1.074E+03
  6.203E-03  1.988E-01  1.013E+05 -4.603E-10 -1.061E-03  2.930E+02  1.077E+03
  6.203E-03  2.052E-01  1.013E+05 -3.727E-10 -1.022E-03  2.930E+02  1.080E+03
  6.203E-03  2.115E-01  1.013E+05 -3.031E-10 -1.005E-03  2.930E+02  1.083E+03
  6.203E-03  2.178E-01  1.013E+05 -2.654E-10 -9.861E-04  2.930E+02  1.086E+03
  6.203E-03  2.241E-01  1.013E+05 -2.266E-10 -9.524E-04  2.930E+02  1.089E+03
  6.203E-03  2.304E-01  1.013E+05 -1.749E-10 -9.317E-04  2.930E+02  1.092E+03
  6.203E-03  2.367E-01  1.013E+05 -1.281E-10 -9.201E-04  2.930E+02  1.095E+03
  6.203E-03  2.430E-01  1.013E+05 -8.615E-11 -9.111E-04  2.930E+02  1.098E+03
  6.203E-03  2.493E-01  1.013E+05 -5.104E-11 -9.128E-04  2.930E+02  1.102E+03
  6.203E-03  2.557E-01  1.013E+05 -3.555E-11 -9.191E-04  2.930E+02  1.105E+03
  6.203E-03  2.620E-01  1.013E+05 -3.613E-11 -9.199E-04  2.930E+02  1.108E+03
  6.203E-03  2.683E-01  1.013E+05 -3.342E-11 -9.087E-04  2.930E+02  1.111E+03
  6.203E-03  2.746E-01  1.013E+05 -9.742E-12 -8.961E-04  2.930E+02  1.114E+03
  6.203E-03  2.809E-01  1.013E+05  2.010E-11 -9.000E-04  2.930E+02  1.118E+03
  6.203E-03  2.872E-01  1.013E+05  2.711E-11 -9.143E-04  2.930E+02  1.121E+03
  6.203E-03  2.935E-01  1.013E+05  1.278E-11 -9.209E-04  2.930E+02  1.124E+03
  6.203E-03  2.998E-01  1.013E+05 -6.632E-12 -9.218E-04  2.930E+02  1.127E+03
  6.203E-03  3.062E-01  1.013E+05 -2.698E-11 -9.229E-04  2.930E+02  1.130E+03
  6.203E-03  3.125E-01  1.013E+05 -5.482E-11 -9.244E-04  2.930E+02  1.134E+03
  6.203E-03  3.188E-01  1.013E+05 -8.870E-11 -9.199E-04  2.930E+02  1.137E+03
  6.203E-03  3.251E-01  1.013E+05 -1.195E-10 -9.092E-04  2.930E+02  1.140E+03
  6.203E-03  3.314E-01  1.013E+05 -1.504E-10 -9.001E-04  2.930E+02  1.143E+03
  6.203E-03  3.377E-01  1.013E+05 -1.816E-10 -8.840E-04  2.930E+02  1.146E+03
  6.203E-03  3.440E-01  1.013E+05 -2.083E-10 -8.672E-04  2.930E+02  1.149E+03
  6.203E-03  3.503E-01  1.013E+05 -2.442E-10 -8.572E-04  2.930E+02  1.152E+03
  6.203E-03  3.567E-01  1.013E+05 -2.986E-10 -8.409E-04  2.930E+02  1.155E+03
  6.203E-03  3.630E-01  1.013E+05 -3.618E-10 -8.143E-04  2.930E+02  1.158E+03
  6.203E-03  3.693E-01  1.013E+05 -4.217E-10 -7.772E-04  2.930E+02  1.161E+03
  6.203E-03  3.756E-01  1.013E+05 -4.729E-10 -7.349E-04  2.930E+02  1.164E+03
  6.203E-03  3.819E-01  1.013E+05 -5.197E-10 -6.927E-04  2.930E+02  1.167E+03
  6.203E-03  3.882E-01  1.013E+05 -5.754E-10 -6.517E-04  2.930E+02  1.170E+03
  6.203E-03  3.945E-01  1.013E+05 -6.438E-10 -6.009E-04  2.930E+02  1.173E+03
  6.203E-03  4.008E-01  1.013E+05 -7.033E-10 -5.320E-04  2.930E+02  1.176E+03
  6.203E-03  4.072E-01  1.013E+05 -7.508E-10 -4.667E-04  2.930E+02  1.179E+03
  6.203E-03  4.135E-01  1.013E+05 -8.028E-10 -3.980E-04  2.930E+02  1.181E+03
  6.203E-03  4.198E-01  1.013E+05 -8.421E-10 -3.112E-04  2.930E+02  1.184E+03
  6.203E-03  4.261E-01  1.013E+05 -8.558E-10 -2.270E-04  2.930E+02  1.187E+03
  6.203E-03  4.324E-01  1.013E+05 -8.629E-10 -1.508E-04  2.930E+02  1.190E+03
  6.203E-03  4.387E-01  1.013E+05 -8.718E-10 -7.052E-05  2.930E+02  1.192E+03
  6.203E-03  4.450E-01  1.013E+05 -8.652E-10  1.879E-05  2.930E+02  1.195E+03
  6.203E-03  4.513E-01  1.013E+05 -8.306E-10  1.105E-04  2.930E+02  1.198E+03
  6.203E-03  4.577E-01  1.013E+05 -7.620E-10  1.999E-04  2.930E+02  1.200E+03
  6.203E-03  4.640E-01  1.013E+05 -6.574E-10  2.825E-04  2.930E+02  1.202E+03
  6.203E-03  4.703E-01  1.013E+05 -5.205E-10  3.514E-04  2.930E+02  1.204E+03
  6.203E-03  4.766E-01  1.013E+05 -3.486E-10  4.140E-04  2.930E+02  1.206E+03
  6.203E-03  4.829E-01  1.013E+05 -1.267E-10  4.725E-04  2.930E+02  1.208E+03
  6.203E-03  4.892E-01  1.013E+05  2.330E-10  5.455E-04  2.930E+02  1.209E+03
  6.203E-03  4.955E-01  1.013E+05  6.706E-10  4.475E-04  2.930E+02  1.210E+03
  6.203E-03  5.018E-01  1.013E+05  7.803E-10  1.137E-09  2.930E+02  1.211E+03
  6.203E-03  5.050E-01  1.013E+05  0.000E+00  1.137E-09  2.930E+02  1.211E+03
  1.861E-02  0.000E+00  1.013E+05  0.000E+00  0.000E+00  2.930E+02  2.930E+02
  1.861E-02  3.156E-03  1.013E+05  1.305E-09 -1.025E-03  2.930E+02  4.767E+02
  1.861E-02  9.469E-03  1.013E+05  4.469E-10  6.167E-04  2.930E+02  8.166E+02
  1.861E-02  1.578E-02  1.013E+05  1.991E-09  3.601E-04  2.930E+02  1.098E+03
  1.861E-02  2.209E-02  1.013E+05  2.628E-09 -3.722E-05  2.930E+02  1.304E+03
  1.861E-02  2.841E-02  1.013E+05  2.875E-09 -3.754E-04  2.930E+02  1.427E+03
  1.861E-02  3.472E-02  1.013E+05  2.847E-09 -6.287E-04  2.930E+02  1.492E+03
  1.861E-02  4.103E-02  1.013E+05  2.707E-09 -8.247E-04  2.930E+02  1.526E+03
  1.861E-02  4.734E-02  1.013E+05  2.532E-09 -9.860E-04  2.930E+02  1.546E+03
  1.861E-02  5.366E-02  1.013E+05  2.374E-09 -1.121E-03  2.931E+02  1.560E+03
  1.861E-02  5.997E-02  1.013E+05  2.271E-09 -1.230E-03  2.933E+02  1.572E+03
  1.861E-02  6.628E-02  1.013E+05  2.248E-09 -1.335E-03  2.940E+02  1.583E+03
  1.861E-02  7.259E-02  1.013E+05  2.275E-09 -1.454E-03  2.964E+02  1.593E+03
  1.861E-02  7.891E-02  1.013E+05  2.324E-09 -1.605E-03  3.036E+02  1.603E+03
  1.861E-02  8.522E-02  1.013E+05  2.180E-09 -1.819E-03  3.218E+02  1.612E+03
  1.861E-02  9.153E-02  1.013E+05  2.397E-09 -1.731E-03  3.596E+02  1.621E+03
  1.861E-02  9.784E-02  1.013E+05  1.851E-09 -2.611E-03  3.218E+02  1.166E+03
  1.861E-02  1.042E-01  1.013E+05  5.632E-10 -2.410E-03  3.036E+02  1.070E+03
  1.861E-02  1.105E-01  1.013E+05 -9.727E-11 -2.325E-03  2.964E+02  1.051E+03
  1.861E-02  1.168E-01  1.013E+05 -6.317E-10 -2.223E-03  2.940E+02  1.048E+03
  1.861E-02  1.231E-01  1.013E+05 -9.988E-10 -2.105E-03  2.933E+02  1.048E+03
  1.861E-02  1.294E-01  1.013E+05 -1.228E-09 -1.980E-03  2.931E+02  1.050E+03
  1.861E-02  1.357E-01  1.013E+05 -1.364E-09 -1.869E-03  2.930E+02  1.052E+03
  1.861E-02  1.420E-01  1.013E+05 -1.443E-09 -1.754E-03  2.930E+02  1.054E+03
  1.861E-02  1.483E-01  1.013E+05 -1.461E-09 -1.643E-03  2.930E+02  1.056E+03
  1.861E-02  1.547E-01  1.013E+05 -1.445E-09 -1.549E-03  2.930E+02  1.058E+03
  1.861E-02  1.610E-01  1.013E+05 -1.410E-09 -1.457E-03  2.930E+02  1.061E+03
  1.861E-02  1.673E-01  1.013E+05 -1.340E-09 -1.369E-03  2.930E+02  1.063E+03
  1.861E-02  1.736E-01  1.013E+05 -1.243E-09 -1.290E-03  2.930E+02  1.066E+03
  1.861E-02  1.799E-01  1.013E+05 -1.130E-09 -1.226E-03  2.930E+02  1.068E+03
  1.861E-02  1.862E-01  1.013E+05 -1.025E-09 -1.172E-03  2.930E+02  1.071E+03
  1.861E-02  1.925E-01  1.013E+05 -9.215E-10 -1.114E-03  2.930E+02  1.074E+03
  1.861E-02  1.988E-01  1.013E+05 -8.061E-10 -1.061E-03  2.930E+02  1.077E+03
  1.861E-02  2.052E-01  1.013E+05 -6.901E-10 -1.022E-03  2.930E+02  1.080E+03
  1.861E-02  2.115E-01  1.013E+05 -5.979E-10 -1.005E-03  2.930E+02  1.083E+03
  1.861E-02  2.178E-01  1.013E+05 -5.419E-10 -9.861E-04  2.930E+02  1.086E+03
  1.861E-02  2.241E-01  1.013E+05 -4.821E-10 -9.524E-04  2.930E+02  1.089E+03
  1.861E-02  2.304E-01  1.013E+05 -4.020E-10 -9.317E-04  2.930E+02  1.092E+03
  1.861E-02  2.367E-01  1.013E+05 -3.282E-10 -9.201E-04  2.930E+02  1.095E+03
  1.861E-02  2.430E-01  1.013E+05 -2.536E-10 -9.111E-04  2.930E+02  1.098E+03
  1.861E-02  2.493E-01  1.013E+05 -1.916E-10 -9.128E-04  2.930E+02  1.102E+03
  1.861E-02  2.557E-01  1.013E+05 -1.566E-10 -9.191E-04  2.930E+02  1.105E+03
  1.861E-02  2.620E-01  1.013E+05 -1.457E-10 -9.199E-04  2.930E+02  1.108E+03
  1.861E-02  2.683E-01  1.013E+05 -1.350E-10 -9.087E-04  2.930E+02  1.111E+03
  1.861E-02  2.746E-01  1.013E+05 -1.047E-10 -8.961E-04  2.930E+02  1.114E+03
  1.861E-02  2.809E-01  1.013E+05 -7.022E-11 -9.000E-04  2.930E+02  1.118E+03
  1.861E-02  2.872E-01  1.013E+05 -6.006E-11 -9.143E-04  2.930E+02  1.121E+03
  1.861E-02  2.935E-01  1.013E+05 -7.351E-11 -9.209E-04  2.930E+02  1.124E+03
  1.861E-02  2.998E-01  1.013E+05 -9.029E-11 -9.218E-04  2.930E+02  1.127E+03
  1.861E-02  3.062E-01  1.013E+05 -1.133E-10 -9.229E-04  2.930E+02  1.130E+03
  1.861E-02  3.125E-01  1.013E+05 -1.469E-10 -9.244E-04  2.930E+02  1.134E+03
  1.861E-02  3.188E-01  1.013E+05 -1.905E-10 -9.199E-04  2.930E+02  1.137E+03
  1.861E-02  3.251E-01  1.013E+05 -2.360E-10 -9.092E-04  2.930E+02  1.140E+03
  1.861E-02  3.314E-01  1.013E+05 -2.823E-10 -9.001E-04  2.930E+02  1.143E+03
  1.861E-02  3.377E-01  1.013E+05 -3.347E-10 -8.840E-04  2.930E+02  1.146E+03
  1.861E-02  3.440E-01  1.013E+05 -3.813E-10 -8.672E-04  2.930E+02  1.149E+03
  1.861E-02  3.503E-01  1.013E+05 -4.412E-10 -8.572E-04  2.930E+02  1.152E+03
  1.861E-02  3.567E-01  1.013E+05 -5.226E-10 -8.409E-04  2.930E+02  1.155E+03
  1.861E-02  3.630E-01  1.013E+05 -6.118E-10 -8.143E-04  2.930E+02  1.158E+03
  1.861E-02  3.693E-01  1.013E+05 -7.001E-10 -7.772E-04  2.930E+02  1.161E+03
  1.861E-02  3.756E-01  1.013E+05 -7.758E-10 -7.349E-04  2.930E+02  1.164E+03
  1.861E-02  3.819E-01  1.013E+05 -8.480E-10 -6.927E-04  2.930E+02  1.167E+03
  1.861E-02  3.882E-01  1.013E+05 -9.292E-10 -6.517E-04  2.930E+02  1.170E+03
  1.861E-02  3.945E-01  1.013E+05 -1.021E-09 -6.009E-04  2.930E+02  1.173E+03
  1.861E-02  4.008E-01  1.013E+05 -1.102E-09 -5.320E-04  2.930E+02  1.176E+03
  1.861E-02  4.072E-01  1.013E+05 -1.165E-09 -4.667E-04  2.930E+02  1.179E+03
  1.861E-02  4.135E-01  1.013E+05 -1.230E-09 -3.980E-04  2.930E+02  1.181E+03
  1.861E-02  4.198E-01  1.013E+05 -1.274E-09 -3.112E-04  2.930E+02  1.184E+03
  1.861E-02  4.261E-01  1.013E+05 -1.282E-09 -2.270E-04  2.930E+02  1.187E+03
  1.861E-02  4.324E-01  1.013E+05 -1.282E-09 -1.508E-04  2.930E+02  1.190E+03
  1.861E-02  4.387E-01  1.013E+05 -1.275E-09 -7.052E-05  2.930E+02  1.192E+03
  1.861E-02  4.450E-01  1.013E+05 -1.252E-09  1.879E-05  2.930E+02  1.195E+03
  1.861E-02  4.513E-01  1.013E+05 -1.191E-09  1.105E-04  2.930E+02  1.198E+03
  1.861E-02  4.577E-01  1.013E+05 -1.091E-09  1.999E-04  2.930E+02  1.200E+03
  1.861E-02  4.640E-01  1.013E+05 -9.436E-10  2.825E-04  2.930E+02  1.202E+03
  1.861E-02  4.703E-01  1.013E+05 -7.566E-10  3.514E-04  2.930E+02  1.204E+03
  1.861E-02  4.766E-01  1.013E+05 -5.194E-10  4.140E-04  2.930E+02  1.206E+03
  1.861E-02  4.829E-01  1.013E+05 -2.099E-10  4.725E-04  2.930E+02  1.208E+03
  1.861E-02  4.892E-01  1.013E+05  2.713E-10  5.455E-04  2.930E+02  1.209E+03
  1.861E-02  4.955E-01  1.013E+05  7.754E-10  4.475E-04  2.930E+02  1.210E+03
  1.861E-02  5.018E-01  1.013E+05  9.313E-10 -1.729E-09  2.930E+02  1.211E+03
  1.861E-02  5.050E-01  1.013E+05  0.000E+00 -1.729E-09  2.930E+02  1.211E+03
  3.102E-02  0.000E+00  1.013E+05  0.000E+00  0.000E+00  2.930E+02  2.930E+02
  3.102E-02  3.156E-03  1.013E+05  6.615E-10 -1.025E-03  2.930E+02  4.767E+02
  3.102E-02  9.469E-03  1.013E+05  7.215E-10  6.167E-04  2.930E+02  8.166E+02
  3.102E-02  1.578E-02  1.013E+05  9.702E-10  3.601E-04  2.930E+02  1.098E+03
  3.102E-02  2.209E-02  1.013E+05  1.212E-09 -3.722E-05  2.930E+02  1.304E+03
  3.102E-02  2.841E-02  1.013E+05  1.385E-09 -3.754E-04  2.930E+02  1.427E+03
  3.102E-02  3.472E-02  1.013E+05  1.477E-09 -6.287E-04  2.930E+02  1.492E+03
  3.102E-02  4.103E-02  1.013E+05  1.505E-09 -8.247E-04  2.930E+02  1.526E+03
  3.102E-02  4.734E-02  1.013E+05  1.489E-09 -9.860E-04  2.930E+02  1.546E+03
  3.102E-02  5.366E-02  1.013E+05  1.455E-09 -1.121E-03  2.931E+02  1.560E+03
  3.102E-02  5.997E-02  1.013E+05  1.407E-09 -1.230E-03  2.933E+02  1.572E+03
  3.102E-02  6.628E-02  1.013E+05  1.360E-09 -1.335E-03  2.940E+02  1.583E+03
  3.102E-02  7.259E-02  1.013E+05  1.303E-09 -1.454E-03  2.964E+02  1.593E+03
  3.102E-02  7.891E-02  1.013E+05  1.223E-09 -1.605E-03  3.036E+02  1.603E+03
  3.102E-02  8.522E-02  1.013E+05  1.112E-09 -1.819E-03  3.218E+02  1.612E+03
  3.102E-02  9.153E-02  1.013E+05  9.785E-10 -1.731E-03  3.596E+02  1.621E+03
  3.102E-02  9.784E-02  1.013E+05  7.192E-10 -2.611E-03  3.218E+02  1.166E+03
  3.102E-02  1.042E-01  1.013E+05  3.451E-10 -2.410E-03  3.036E+02  1.070E+03
  3.102E-02  1.105E-01  1.013E+05  2.892E-11 -2.325E-03  2.964E+02  1.051E+03
  3.102E-02  1.168E-01  1.013E+05 -2.328E-10 -2.223E-03  2.940E+02  1.048E+03
  3.102E-02  1.231E-01  1.013E+05 -4.363E-10 -2.105E-03  2.933E+02  1.048E+03
  3.102E-02  1.294E-01  1.013E+05 -5.913E-10 -1.980E-03  2.931E+02  1.050E+03
  3.102E-02  1.357E-01  1.013E+05 -6.995E-10 -1.869E-03  2.930E+02  1.052E+03
  3.102E-02  1.420E-01  1.013E+05 -7.794E-10 -1.754E-03  2.930E+02  1.054E+03
  3.102E-02  1.483E-01  1.013E+05 -8.285E-10 -1.643E-03  2.930E+02  1.056E+03
  3.102E-02  1.547E-01  1.013E+05 -8.448E-10 -1.549E-03  2.930E+02  1.058E+03
  3.102E-02  1.610E-01  1.013E+05 -8.412E-10 -1.457E-03  2.930E+02  1.061E+03
  3.102E-02  1.673E-01  1.013E+05 -8.011E-10 -1.369E-03  2.930E+02  1.063E+03
  3.102E-02  1.736E-01  1.013E+05 -7.479E-10 -1.290E-03  2.930E+02  1.066E+03
  3.102E-02  1.799E-01  1.013E+05 -6.803E-10 -1.226E-03  2.930E+02  1.068E+03
  3.102E-02  1.862E-01  1.013E+05 -6.143E-10 -1.172E-03  2.930E+02  1.071E+03
  3.102E-02  1.925E-01  1.013E+05 -5.542E-10 -1.114E-03  2.930E+02  1.074E+03
  3.102E-02  1.988E-01  1.013E+05 -4.944E-10 -1.061E-03  2.930E+02  1.077E+03
  3.102E-02  2.052E-01  1.013E+05 -4.469E-10 -1.022E-03  2.930E+02  1.080E+03
  3.102E-02  2.115E-01  1.013E+05 -4.036E-10 -1.005E-03  2.930E+02  1.083E+03
  3.102E-02  2.178E-01  1.013E+05 -3.620E-10 -9.861E-04  2.930E+02  1.086E+03
  3.102E-02  2.241E-01  1.013E+05 -3.228E-10 -9.524E-04  2.930E+02  1.089E+03
  3.102E-02  2.304E-01  1.013E+05 -2.721E-10 -9.317E-04  2.930E+02  1.092E+03
  3.102E-02  2.367E-01  1.013E+05 -2.254E-10 -9.201E-04  2.930E+02  1.095E+03
  3.102E-02  2.430E-01  1.013E+05 -1.761E-10 -9.111E-04  2.930E+02  1.098E+03
  3.102E-02  2.493E-01  1.013E+05 -1.356E-10 -9.128E-04  2.930E+02  1.102E+03
  3.102E-02  2.557E-01  1.013E+05 -1.063E-10 -9.191E-04  2.930E+02  1.105E+03
  3.102E-02  2.620E-01  1.013E+05 -8.775E-11 -9.199E-04  2.930E+02  1.108E+03
  3.102E-02  2.683E-01  1.013E+05 -7.404E-11 -9.087E-04  2.930E+02  1.111E+03
  3.102E-02  2.746E-01  1.013E+05 -6.133E-11 -8.961E-04  2.930E+02  1.114E+03
  3.102E-02  2.809E-01  1.013E+05 -5.182E-11 -9.000E-04  2.930E+02  1.118E+03
  3.102E-02  2.872E-01  1.013E+05 -4.462E-11 -9.143E-04  2.930E+02  1.121E+03
  3.102E-02  2.935E-01  1.013E+05 -4.546E-11 -9.209E-04  2.930E+02  1.124E+03
  3.102E-02  2.998E-01  1.013E+05 -4.582E-11 -9.218E-04  2.930E+02  1.127E+03
  3.102E-02  3.062E-01  1.013E+05 -5.433E-11 -9.229E-04  2.930E+02  1.130E+03
  3.102E-02  3.125E-01  1.013E+05 -6.828E-11 -9.244E-04  2.930E+02  1.134E+03
  3.102E-02  3.188E-01  1.013E+05 -8.678E-11 -9.199E-04  2.930E+02  1.137E+03
  3.102E-02  3.251E-01  1.013E+05 -1.152E-10 -9.092E-04  2.930E+02  1.140E+03
  3.102E-02  3.314E-01  1.013E+05 -1.422E-10 -9.001E-04  2.930E+02  1.143E+03
  3.102E-02  3.377E-01  1.013E+05 -1.778E-10 -8.840E-04  2.930E+02  1.146E+03
  3.102E-02  3.440E-01  1.013E+05 -2.131E-10 -8.672E-04  2.930E+02  1.149E+03
  3.102E-02  3.503E-01  1.013E+05 -2.519E-10 -8.572E-04  2.930E+02  1.152E+03
  3.102E-02  3.567E-01  1.013E+05 -2.975E-10 -8.409E-04  2.930E+02  1.155E+03
  3.102E-02  3.630E-01  1.013E+05 -3.423E-10 -8.143E-04  2.930E+02  1.158E+03
  3.102E-02  3.693E-01  1.013E+05 -3.913E-10 -7.772E-04  2.930E+02  1.161E+03
  3.102E-02  3.756E-01  1.013E+05 -4.356E-10 -7.349E-04  2.930E+02  1.164E+03
  3.102E-02  3.819E-01  1.013E+05 -4.827E-10 -6.927E-04  2.930E+02  1.167E+03
  3.102E-02  3.882E-01  1.013E+05 -5.331E-10 -6.517E-04  2.930E+02  1.170E+03
  3.102E-02  3.945E-01  1.013E+05 -5.802E-10 -6.009E-04  2.930E+02  1.173E+03
  3.102E-02  4.008E-01  1.013E+05 -6.302E-10 -5.320E-04  2.930E+02  1.176E+03
  3.102E-02  4.072E-01  1.013E+05 -6.724E-10 -4.667E-04  2.930E+02  1.179E+03
  3.102E-02  4.135E-01  1.013E+05 -7.098E-10 -3.980E-04  2.930E+02  1.181E+03
  3.102E-02  4.198E-01  1.013E+05 -7.391E-10 -3.112E-04  2.930E+02  1.184E+03
  3.102E-02  4.261E-01  1.013E+05 -7.496E-10 -2.270E-04  2.930E+02  1.187E+03
  3.102E-02  4.324E-01  1.013E+05 -7.525E-10 -1.508E-04  2.930E+02  1.190E+03
  3.102E-02  4.387E-01  1.013E+05 -7.349E-10 -7.052E-05  2.930E+02  1.192E+03
  3.102E-02  4.450E-01  1.013E+05 -7.049E-10  1.879E-05  2.930E+02  1.195E+03
  3.102E-02  4.513E-01  1.013E+05 -6.470E-10  1.105E-04  2.930E+02  1.198E+03
  3.102E-02  4.577E-01  1.013E+05 -5.704E-10  1.999E-04  2.930E+02  1.200E+03
  3.102E-02  4.640E-01  1.013E+05 -4.737E-10  2.825E-04  2.930E+02  1.202E+03
  3.102E-02  4.703E-01  1.013E+05 -3.734E-10  3.514E-04  2.930E+02  1.204E+03
  3.102E-02  4.766E-01  1.013E+05 -2.704E-10  4.140E-04  2.930E+02  1.206E+03
  3.102E-02  4.829E-01  1.013E+05 -1.492E-10  4.725E-04  2.930E+02  1.208E+03
  3.102E-02  4.892E-01  1.013E+05  1.988E-11  5.455E-04  2.930E+02  1.209E+03
  3.102E-02  4.955E-01  1.013E+05  1.143E-10  4.475E-04  2.930E+02  1.210E+03
  3.102E-02  5.018E-01  1.013E+05  1.902E-10 -2.190E-09  2.930E+02  1.211E+03
  3.102E-02  5.050E-01  1.013E+05  0.000E+00 -2.190E-09  2.930E+02  1.211E+03
  4.342E-02  0.000E+00  1.013E+05  0.000E+00  0.000E+00  2.930E+02  2.930E+02
  4.342E-02  3.156E-03  1.013E+05  6.337E-10 -1.025E-03  2.930E+02  4.767E+02
  4.342E-02  9.469E-03  1.013E+05  5.628E-10  6.167E-04  2.930E+02  8.166E+02
  4.342E-02  1.578E-02  1.013E+05  6.114E-10  3.601E-04  2.930E+02  1.098E+03
  4.342E-02  2.209E-02  1.013E+05  6.967E-10 -3.722E-05  2.930E+02  1.304E+03
  4.342E-02  2.841E-02  1.013E+05  7.691E-10 -3.754E-04  2.930E+02  1.427E+03
  4.342E-02  3.472E-02  1.013E+05  8.225E-10 -6.287E-04  2.930E+02  1.492E+03
  4.342E-02  4.103E-02  1.013E+05  8.617E-10 -8.247E-04  2.930E+02  1.526E+03
  4.342E-02  4.734E-02  1.013E+05  8.864E-10 -9.860E-04  2.930E+02  1.546E+03
  4.342E-02  5.366E-02  1.013E+05  9.108E-10 -1.121E-03  2.931E+02  1.560E+03
  4.342E-02  5.997E-02  1.013E+05  9.215E-10 -1.230E-03  2.933E+02  1.572E+03
  4.342E-02  6.628E-02  1.013E+05  9.245E-10 -1.335E-03  2.940E+02  1.583E+03
  4.342E-02  7.259E-02  1.013E+05  9.104E-10 -1.454E-03  2.964E+02  1.593E+03
  4.342E-02  7.891E-02  1.013E+05  8.661E-10 -1.605E-03  3.036E+02  1.603E+03
  4.342E-02  8.522E-02  1.013E+05  8.085E-10 -1.819E-03  3.218E+02  1.612E+03
  4.342E-02  9.153E-02  1.013E+05  7.198E-10 -1.731E-03  3.596E+02  1.621E+03
  4.342E-02  9.784E-02  1.013E+05  5.811E-10 -2.611E-03  3.218E+02  1.166E+03
  4.342E-02  1.042E-01  1.013E+05  3.957E-10 -2.410E-03  3.036E+02  1.070E+03
  4.342E-02  1.105E-01  1.013E+05  2.232E-10 -2.325E-03  2.964E+02  1.051E+03
  4.342E-02  1.168E-01  1.013E+05  7.116E-11 -2.223E-03  2.940E+02  1.048E+03
  4.342E-02  1.231E-01  1.013E+05 -5.846E-11 -2.105E-03  2.933E+02  1.048E+03
  4.342E-02  1.294E-01  1.013E+05 -1.725E-10 -1.980E-03  2.931E+02  1.050E+03
  4.342E-02  1.357E-01  1.013E+05 -2.610E-10 -1.869E-03  2.930E+02  1.052E+03
  4.342E-02  1.420E-01  1.013E+05 -3.352E-10 -1.754E-03  2.930E+02  1.054E+03
  4.342E-02  1.483E-01  1.013E+05 -3.904E-10 -1.643E-03  2.930E+02  1.056E+03
  4.342E-02  1.547E-01  1.013E+05 -4.190E-10 -1.549E-03  2.930E+02  1.058E+03
  4.342E-02  1.610E-01  1.013E+05 -4.359E-10 -1.457E-03  2.930E+02  1.061E+03
  4.342E-02  1.673E-01  1.013E+05 -4.217E-10 -1.369E-03  2.930E+02  1.063E+03
  4.342E-02  1.736E-01  1.013E+05 -4.011E-10 -1.290E-03  2.930E+02  1.066E+03
  4.342E-02  1.799E-01  1.013E+05 -3.706E-10 -1.226E-03  2.930E+02  1.068E+03
  4.342E-02  1.862E-01  1.013E+05 -3.421E-10 -1.172E-03  2.930E+02  1.071E+03
  4.342E-02  1.925E-01  1.013E+05 -3.193E-10 -1.114E-03  2.930E+02  1.074E+03
  4.342E-02  1.988E-01  1.013E+05 -2.924E-10 -1.061E-03  2.930E+02  1.077E+03
  4.342E-02  2.052E-01  1.013E+05 -2.743E-10 -1.022E-03  2.930E+02  1.080E+03
  4.342E-02  2.115E-01  1.013E+05 -2.540E-10 -1.005E-03  2.930E+02  1.083E+03
  4.342E-02  2.178E-01  1.013E+05 -2.273E-10 -9.861E-04  2.930E+02  1.086E+03
  4.342E-02  2.241E-01  1.013E+05 -2.036E-10 -9.524E-04  2.930E+02  1.089E+03
  4.342E-02  2.304E-01  1.013E+05 -1.700E-10 -9.317E-04  2.930E+02  1.092E+03
  4.342E-02  2.367E-01  1.013E+05 -1.429E-10 -9.201E-04  2.930E+02  1.095E+03
  4.342E-02  2.430E-01  1.013E+05 -1.142E-10 -9.111E-04  2.930E+02  1.098E+03
  4.342E-02  2.493E-01  1.013E+05 -9.347E-11 -9.128E-04  2.930E+02  1.102E+03
  4.342E-02  2.557E-01  1.013E+05 -8.091E-11 -9.191E-04  2.930E+02  1.105E+03
  4.342E-02  2.620E-01  1.013E+05 -7.547E-11 -9.199E-04  2.930E+02  1.108E+03
  4.342E-02  2.683E-01  1.013E+05 -7.191E-11 -9.087E-04  2.930E+02  1.111E+03
  4.342E-02  2.746E-01  1.013E+05 -6.772E-11 -8.961E-04  2.930E+02  1.114E+03
  4.342E-02  2.809E-01  1.013E+05 -6.509E-11 -9.000E-04  2.930E+02  1.118E+03
  4.342E-02  2.872E-01  1.013E+05 -6.003E-11 -9.143E-04  2.930E+02  1.121E+03
  4.342E-02  2.935E-01  1.013E+05 -6.022E-11 -9.209E-04  2.930E+02  1.124E+03
  4.342E-02  2.998E-01  1.013E+05 -5.756E-11 -9.218E-04  2.930E+02  1.127E+03
  4.342E-02  3.062E-01  1.013E+05 -6.216E-11 -9.229E-04  2.930E+02  1.130E+03
  4.342E-02  3.125E-01  1.013E+05 -7.109E-11 -9.244E-04  2.930E+02  1.134E+03
  4.342E-02  3.188E-01  1.013E+05 -8.186E-11 -9.199E-04  2.930E+02  1.137E+03
  4.342E-02  3.251E-01  1.013E+05 -1.032E-10 -9.092E-04  2.930E+02  1.140E+03
  4.342E-02  3.314E-01  1.013E+05 -1.205E-10 -9.001E-04  2.930E+02  1.143E+03
  4.342E-02  3.377E-01  1.013E+05 -1.449E-10 -8.840E-04  2.930E+02  1.146E+03
  4.342E-02  3.440E-01  1.013E+05 -1.676E-10 -8.672E-04  2.930E+02  1.149E+03
  4.342E-02  3.503E-01  1.013E+05 -1.900E-10 -8.572E-04  2.930E+02  1.152E+03
  4.342E-02  3.567E-01  1.013E+05 -2.164E-10 -8.409E-04  2.930E+02  1.155E+03
  4.342E-02  3.630E-01  1.013E+05 -2.390E-10 -8.143E-04  2.930E+02  1.158E+03
  4.342E-02  3.693E-01  1.013E+05 -2.662E-10 -7.772E-04  2.930E+02  1.161E+03
  4.342E-02  3.756E-01  1.013E+05 -2.881E-10 -7.349E-04  2.930E+02  1.164E+03
  4.342E-02  3.819E-01  1.013E+05 -3.124E-10 -6.927E-04  2.930E+02  1.167E+03
  4.342E-02  3.882E-01  1.013E+05 -3.397E-10 -6.517E-04  2.930E+02  1.170E+03
  4.342E-02  3.945E-01  1.013E+05 -3.599E-10 -6.009E-04  2.930E+02  1.173E+03
  4.342E-02  4.008E-01  1.013E+05 -3.841E-10 -5.320E-04  2.930E+02  1.176E+03
  4.342E-02  4.072E-01  1.013E+05 -4.030E-10 -4.667E-04  2.930E+02  1.179E+03
  4.342E-02  4.135E-01  1.013E+05 -4.191E-10 -3.980E-04  2.930E+02  1.181E+03
  4.342E-02  4.198E-01  1.013E+05 -4.349E-10 -3.112E-04  2.930E+02  1.184E+03
  4.342E-02  4.261E-01  1.013E+05 -4.409E-10 -2.270E-04  2.930E+02  1.187E+03
  4.342E-02  4.324E-01  1.013E+05 -4.496E-10 -1.508E-04  2.930E+02  1.190E+03
  4.342E-02  4.387E-01  1.013E+05 -4.457E-10 -7.052E-05  2.930E+02  1.192E+03
  4.342E-02  4.450E-01  1.013E+05 -4.392E-10  1.879E-05  2.930E+02  1.195E+03
  4.342E-02  4.513E-01  1.013E+05 -4.089E-10  1.105E-04  2.930E+02  1.198E+03
  4.342E-02  4.577E-01  1.013E+05 -3.602E-10  1.999E-04  2.930E+02  1.200E+03
  4.342E-02  4.640E-01  1.013E+05 -2.886E-10  2.825E-04  2.930E+02  1.202E+03
  4.342E-02  4.703E-01  1.013E+05 -2.177E-10  3.514E-04  2.930E+02  1.204E+03
  4.342E-02  4.766E-01  1.013E+05 -1.625E-10  4.140E-04  2.930E+02  1.206E+03
  4.342E-02  4.829E-01  1.013E+05 -1.106E-10  4.725E-04  2.930E+02  1.208E+03
  4.342E-02  4.892E-01  1.013E+05 -1.540E-11  5.455E-04  2.930E+02  1.209E+03
  4.342E-02  4.955E-01  1.013E+05  1.961E-11  4.475E-04  2.930E+02  1.210E+03
  4.342E-02  5.018E-01  1.013E+05  5.805E-11 -2.340E-09  2.930E+02  1.211E+03
  4.342E-02  5.050E-01  1.013E+05  0.000E+00 -2.340E-09  2.930E+02  1.211E+03
  5.583E-02  0.000E+00  1.013E+05  0.000E+00  0.000E+00  2.930E+02  2.930E+02
  5.583E-02  3.156E-03  1.013E+05  2.171E-10 -1.025E-03  2.930E+02  4.767E+02
  5.583E-02  9.469E-03  1.013E+05  2.015E-10  6.167E-04  2.930E+02  8.166E+02
  5.583E-02  1.578E-02  1.013E+05  2.027E-10  3.601E-04  2.930E+02  1.098E+03
  5.583E-02  2.209E-02  1.013E+05  2.175E-10 -3.722E-05  2.930E+02  1.304E+03
  5.583E-02  2.841E-02  1.013E+05  2.253E-10 -3.754E-04  2.930E+02  1.427E+03
  5.583E-02  3.472E-02  1.013E+05  2.316E-10 -6.287E-04  2.930E+02  1.492E+03
  5.583E-02  4.103E-02  1.013E+05  2.405E-10 -8.247E-04  2.930E+02  1.526E+03
  5.583E-02  4.734E-02  1.013E+05  2.479E-10 -9.860E-04  2.930E+02  1.546E+03
  5.583E-02  5.366E-02  1.013E+05  2.675E-10 -1.121E-03  2.931E+02  1.560E+03
  5.583E-02  5.997E-02  1.013E+05  2.824E-10 -1.230E-03  2.933E+02  1.572E+03
  5.583E-02  6.628E-02  1.013E+05  2.969E-10 -1.335E-03  2.940E+02  1.583E+03
  5.583E-02  7.259E-02  1.013E+05  3.027E-10 -1.454E-03  2.964E+02  1.593E+03
  5.583E-02  7.891E-02  1.013E+05  2.860E-10 -1.605E-03  3.036E+02  1.603E+03
  5.583E-02  8.522E-02  1.013E+05  2.737E-10 -1.819E-03  3.218E+02  1.612E+03
  5.583E-02  9.153E-02  1.013E+05  2.365E-10 -1.731E-03  3.596E+02  1.621E+03
  5.583E-02  9.784E-02  1.013E+05  1.915E-10 -2.611E-03  3.218E+02  1.166E+03
  5.583E-02  1.042E-01  1.013E+05  1.370E-10 -2.410E-03  3.036E+02  1.070E+03
  5.583E-02  1.105E-01  1.013E+05  8.144E-11 -2.325E-03  2.964E+02  1.051E+03
  5.583E-02  1.168E-01  1.013E+05  3.114E-11 -2.223E-03  2.940E+02  1.048E+03
  5.583E-02  1.231E-01  1.013E+05 -1.395E-11 -2.105E-03  2.933E+02  1.048E+03
  5.583E-02  1.294E-01  1.013E+05 -6.114E-11 -1.980E-03  2.931E+02  1.050E+03
  5.583E-02  1.357E-01  1.013E+05 -9.645E-11 -1.869E-03  2.930E+02  1.052E+03
  5.583E-02  1.420E-01  1.013E+05 -1.287E-10 -1.754E-03  2.930E+02  1.054E+03
  5.583E-02  1.483E-01  1.013E+05 -1.533E-10 -1.643E-03  2.930E+02  1.056E+03
  5.583E-02  1.547E-01  1.013E+05 -1.610E-10 -1.549E-03  2.930E+02  1.058E+03
  5.583E-02  1.610E-01  1.013E+05 -1.684E-10 -1.457E-03  2.930E+02  1.061E+03
  5.583E-02  1.673E-01  1.013E+05 -1.542E-10 -1.369E-03  2.930E+02  1.063E+03
  5.583E-02  1.736E-01  1.013E+05 -1.421E-10 -1.290E-03  2.930E+02  1.066E+03
  5.583E-02  1.799E-01  1.013E+05 -1.255E-10 -1.226E-03  2.930E+02  1.068E+03
  5.583E-02  1.862E-01  1.013E+05 -1.134E-10 -1.172E-03  2.930E+02  1.071E+03
  5.583E-02  1.925E-01  1.013E+05 -1.082E-10 -1.114E-03  2.930E+02  1.074E+03
  5.583E-02  1.988E-01  1.013E+05 -9.726E-11 -1.061E-03  2.930E+02  1.077E+03
  5.583E-02  2.052E-01  1.013E+05 -9.349E-11 -1.022E-03  2.930E+02  1.080E+03
  5.583E-02  2.115E-01  1.013E+05 -8.663E-11 -1.005E-03  2.930E+02  1.083E+03
  5.583E-02  2.178E-01  1.013E+05 -7.137E-11 -9.861E-04  2.930E+02  1.086E+03
  5.583E-02  2.241E-01  1.013E+05 -6.113E-11 -9.524E-04  2.930E+02  1.089E+03
  5.583E-02  2.304E-01  1.013E+05 -4.339E-11 -9.317E-04  2.930E+02  1.092E+03
  5.583E-02  2.367E-01  1.013E+05 -3.459E-11 -9.201E-04  2.930E+02  1.095E+03
  5.583E-02  2.430E-01  1.013E+05 -2.467E-11 -9.111E-04  2.930E+02  1.098E+03
  5.583E-02  2.493E-01  1.013E+05 -2.086E-11 -9.128E-04  2.930E+02  1.102E+03
  5.583E-02  2.557E-01  1.013E+05 -2.158E-11 -9.191E-04  2.930E+02  1.105E+03
  5.583E-02  2.620E-01  1.013E+05 -2.544E-11 -9.199E-04  2.930E+02  1.108E+03
  5.583E-02  2.683E-01  1.013E+05 -2.759E-11 -9.087E-04  2.930E+02  1.111E+03
  5.583E-02  2.746E-01  1.013E+05 -2.651E-11 -8.961E-04  2.930E+02  1.114E+03
  5.583E-02  2.809E-01  1.013E+05 -2.530E-11 -9.000E-04  2.930E+02  1.118E+03
  5.583E-02  2.872E-01  1.013E+05 -1.946E-11 -9.143E-04  2.930E+02  1.121E+03
  5.583E-02  2.935E-01  1.013E+05 -1.797E-11 -9.209E-04  2.930E+02  1.124E+03
  5.583E-02  2.998E-01  1.013E+05 -1.265E-11 -9.218E-04  2.930E+02  1.127E+03
  5.583E-02  3.062E-01  1.013E+05 -1.390E-11 -9.229E-04  2.930E+02  1.130E+03
  5.583E-02  3.125E-01  1.013E+05 -1.860E-11 -9.244E-04  2.930E+02  1.134E+03
  5.583E-02  3.188E-01  1.013E+05 -2.247E-11 -9.199E-04  2.930E+02  1.137E+03
  5.583E-02  3.251E-01  1.013E+05 -3.592E-11 -9.092E-04  2.930E+02  1.140E+03
  5.583E-02  3.314E-01  1.013E+05 -4.309E-11 -9.001E-04  2.930E+02  1.143E+03
  5.583E-02  3.377E-01  1.013E+05 -5.527E-11 -8.840E-04  2.930E+02  1.146E+03
  5.583E-02  3.440E-01  1.013E+05 -6.471E-11 -8.672E-04  2.930E+02  1.149E+03
  5.583E-02  3.503E-01  1.013E+05 -7.164E-11 -8.572E-04  2.930E+02  1.152E+03
  5.583E-02  3.567E-01  1.013E+05 -8.158E-11 -8.409E-04  2.930E+02  1.155E+03
  5.583E-02  3.630E-01  1.013E+05 -8.677E-11 -8.143E-04  2.930E+02  1.158E+03
  5.583E-02  3.693E-01  1.013E+05 -9.780E-11 -7.772E-04  2.930E+02  1.161E+03
  5.583E-02  3.756E-01  1.013E+05 -1.040E-10 -7.349E-04  2.930E+02  1.164E+03
  5.583E-02  3.819E-01  1.013E+05 -1.128E-10 -6.927E-04  2.930E+02  1.167E+03
  5.583E-02  3.882E-01  1.013E+05 -1.254E-10 -6.517E-04  2.930E+02  1.170E+03
  5.583E-02  3.945E-01  1.013E+05 -1.296E-10 -6.009E-04  2.930E+02  1.173E+03
  5.583E-02  4.008E-01  1.013E+05 -1.374E-10 -5.320E-04  2.930E+02  1.176E+03
  5.583E-02  4.072E-01  1.013E+05 -1.403E-10 -4.667E-04  2.930E+02  1.179E+03
  5.583E-02  4.135E-01  1.013E+05 -1.402E-10 -3.980E-04  2.930E+02  1.181E+03
  5.583E-02  4.198E-01  1.013E+05 -1.428E-10 -3.112E-04  2.930E+02  1.184E+03
  5.583E-02  4.261E-01  1.013E+05 -1.397E-10 -2.270E-04  2.930E+02  1.187E+03
  5.583E-02  4.324E-01  1.013E+05 -1.470E-10 -1.508E-04  2.930E+02  1.190E+03
  5.583E-02  4.387E-01  1.013E+05 -1.507E-10 -7.052E-05  2.930E+02  1.192E+03
  5.583E-02  4.450E-01  1.013E+05 -1.649E-10  1.879E-05  2.930E+02  1.195E+03
  5.583E-02  4.513E-01  1.013E+05 -1.672E-10  1.105E-04  2.930E+02  1.198E+03
  5.583E-02  4.577E-01  1.013E+05 -1.583E-10  1.999E-04  2.930E+02  1.200E+03
  5.583E-02  4.640E-01  1.013E+05 -1.255E-10  2.825E-04  2.930E+02  1.202E+03
  5.583E-02  4.703E-01  1.013E+05 -8.910E-11  3.514E-04  2.930E+02  1.204E+03
  5.583E-02  4.766E-01  1.013E+05 -7.058E-11  4.140E-04  2.930E+02  1.206E+03
  5.583E-02  4.829E-01  1.013E+05 -6.342E-11  4.725E-04  2.930E+02  1.208E+03
  5.583E-02  4.892E-01  1.013E+05 -1.129E-11  5.455E-04  2.930E+02  1.209E+03
  5.583E-02  4.955E-01  1.013E+05 -8.321E-12  4.475E-04  2.930E+02  1.210E+03
  5.583E-02  5.018E-01  1.013E+05  6.442E-12 -2.343E-09  2.930E+02  1.211E+03
  5.583E-02  5.050E-01  1.013E+05  0.000E+00 -2.343E-09  2.930E+02  1.211E+03
  6.824E-02  0.000E+00  1.013E+05  0.000E+00  0.000E+00  2.930E+02  2.930E+02
  6.824E-02  3.156E-03  1.013E+05 -1.703E-10 -1.025E-03  2.930E+02  4.767E+02
  6.824E-02  9.469E-03  1.013E+05 -1.512E-10  6.167E-04  2.930E+02  8.166E+02
  6.824E-02  1.578E-02  1.013E+05 -1.551E-10  3.601E-04  2.930E+02  1.098E+03
  6.824E-02  2.209E-02  1.013E+05 -1.733E-10 -3.722E-05  2.930E+02  1.304E+03
  6.824E-02  2.841E-02  1.013E+05 -2.021E-10 -3.754E-04  2.930E+02  1.427E+03
  6.824E-02  3.472E-02  1.013E+05 -2.283E-10 -6.287E-04  2.930E+02  1.492E+03
  6.824E-02  4.103E-02  1.013E+05 -2.471E-10 -8.247E-04  2.930E+02  1.526E+03
  6.824E-02  4.734E-02  1.013E+05 -2.633E-10 -9.860E-04  2.930E+02  1.546E+03
  6.824E-02  5.366E-02  1.013E+05 -2.613E-10 -1.121E-03  2.931E+02  1.560E+03
  6.824E-02  5.997E-02  1.013E+05 -2.555E-10 -1.230E-03  2.933E+02  1.572E+03
  6.824E-02  6.628E-02  1.013E+05 -2.390E-10 -1.335E-03  2.940E+02  1.583E+03
  6.824E-02  7.259E-02  1.013E+05 -2.183E-10 -1.454E-03  2.964E+02  1.593E+03
  6.824E-02  7.891E-02  1.013E+05 -2.074E-10 -1.605E-03  3.036E+02  1.603E+03
  6.824E-02  8.522E-02  1.013E+05 -1.764E-10 -1.819E-03  3.218E+02  1.612E+03
  6.824E-02  9.153E-02  1.013E+05 -1.592E-10 -1.731E-03  3.596E+02  1.621E+03
  6.824E-02  9.784E-02  1.013E+05 -1.217E-10 -2.611E-03  3.218E+02  1.166E+03
  6.824E-02  1.042E-01  1.013E+05 -6.813E-11 -2.410E-03  3.036E+02  1.070E+03
  6.824E-02  1.105E-01  1.013E+05 -1.748E-11 -2.325E-03  2.964E+02  1.051E+03
  6.824E-02  1.168E-01  1.013E+05  3.140E-11 -2.223E-03  2.940E+02  1.048E+03
  6.824E-02  1.231E-01  1.013E+05  7.498E-11 -2.105E-03  2.933E+02  1.048E+03
  6.824E-02  1.294E-01  1.013E+05  1.037E-10 -1.980E-03  2.931E+02  1.050E+03
  6.824E-02  1.357E-01  1.013E+05  1.308E-10 -1.869E-03  2.930E+02  1.052E+03
  6.824E-02  1.420E-01  1.013E+05  1.474E-10 -1.754E-03  2.930E+02  1.054E+03
  6.824E-02  1.483E-01  1.013E+05  1.561E-10 -1.643E-03  2.930E+02  1.056E+03
  6.824E-02  1.547E-01  1.013E+05  1.672E-10 -1.549E-03  2.930E+02  1.058E+03
  6.824E-02  1.610E-01  1.013E+05  1.642E-10 -1.457E-03  2.930E+02  1.061E+03
  6.824E-02  1.673E-01  1.013E+05  1.707E-10 -1.369E-03  2.930E+02  1.063E+03
  6.824E-02  1.736E-01  1.013E+05  1.667E-10 -1.290E-03  2.930E+02  1.066E+03
  6.824E-02  1.799E-01  1.013E+05  1.624E-10 -1.226E-03  2.930E+02  1.068E+03
  6.824E-02  1.862E-01  1.013E+05  1.518E-10 -1.172E-03  2.930E+02  1.071E+03
  6.824E-02  1.925E-01  1.013E+05  1.339E-10 -1.114E-03  2.930E+02  1.074E+03
  6.824E-02  1.988E-01  1.013E+05  1.228E-10 -1.061E-03  2.930E+02  1.077E+03
  6.824E-02  2.052E-01  1.013E+05  1.052E-10 -1.022E-03  2.930E+02  1.080E+03
  6.824E-02  2.115E-01  1.013E+05  9.014E-11 -1.005E-03  2.930E+02  1.083E+03
  6.824E-02  2.178E-01  1.013E+05  8.342E-11 -9.861E-04  2.930E+02  1.086E+03
  6.824E-02  2.241E-01  1.013E+05  7.084E-11 -9.524E-04  2.930E+02  1.089E+03
  6.824E-02  2.304E-01  1.013E+05  6.489E-11 -9.317E-04  2.930E+02  1.092E+03
  6.824E-02  2.367E-01  1.013E+05  5.065E-11 -9.201E-04  2.930E+02  1.095E+03
  6.824E-02  2.430E-01  1.013E+05  3.961E-11 -9.111E-04  2.930E+02  1.098E+03
  6.824E-02  2.493E-01  1.013E+05  2.606E-11 -9.128E-04  2.930E+02  1.102E+03
  6.824E-02  2.557E-01  1.013E+05  1.270E-11 -9.191E-04  2.930E+02  1.105E+03
  6.824E-02  2.620E-01  1.013E+05  1.539E-13 -9.199E-04  2.930E+02  1.108E+03
  6.824E-02  2.683E-01  1.013E+05 -7.606E-12 -9.087E-04  2.930E+02  1.111E+03
  6.824E-02  2.746E-01  1.013E+05 -9.968E-12 -8.961E-04  2.930E+02  1.114E+03
  6.824E-02  2.809E-01  1.013E+05 -1.105E-11 -9.000E-04  2.930E+02  1.118E+03
  6.824E-02  2.872E-01  1.013E+05 -6.341E-12 -9.143E-04  2.930E+02  1.121E+03
  6.824E-02  2.935E-01  1.013E+05 -5.023E-12 -9.209E-04  2.930E+02  1.124E+03
  6.824E-02  2.998E-01  1.013E+05  1.354E-12 -9.218E-04  2.930E+02  1.127E+03
  6.824E-02  3.062E-01  1.013E+05  3.062E-12 -9.229E-04  2.930E+02  1.130E+03
  6.824E-02  3.125E-01  1.013E+05  3.503E-12 -9.244E-04  2.930E+02  1.134E+03
  6.824E-02  3.188E-01  1.013E+05  7.970E-12 -9.199E-04  2.930E+02  1.137E+03
  6.824E-02  3.251E-01  1.013E+05  5.727E-12 -9.092E-04  2.930E+02  1.140E+03
  6.824E-02  3.314E-01  1.013E+05  1.229E-11 -9.001E-04  2.930E+02  1.143E+03
  6.824E-02  3.377E-01  1.013E+05  1.580E-11 -8.840E-04  2.930E+02  1.146E+03
  6.824E-02  3.440E-01  1.013E+05  2.346E-11 -8.672E-04  2.930E+02  1.149E+03
  6.824E-02  3.503E-01  1.013E+05  3.489E-11 -8.572E-04  2.930E+02  1.152E+03
  6.824E-02  3.567E-01  1.013E+05  4.425E-11 -8.409E-04  2.930E+02  1.155E+03
  6.824E-02  3.630E-01  1.013E+05  5.865E-11 -8.143E-04  2.930E+02  1.158E+03
  6.824E-02  3.693E-01  1.013E+05  6.729E-11 -7.772E-04  2.930E+02  1.161E+03
  6.824E-02  3.756E-01  1.013E+05  8.025E-11 -7.349E-04  2.930E+02  1.164E+03
  6.824E-02  3.819E-01  1.013E+05  9.050E-11 -6.927E-04  2.930E+02  1.167E+03
  6.824E-02  3.882E-01  1.013E+05  9.576E-11 -6.517E-04  2.930E+02  1.170E+03
  6.824E-02  3.945E-01  1.013E+05  1.085E-10 -6.009E-04  2.930E+02  1.173E+03
  6.824E-02  4.008E-01  1.013E+05  1.160E-10 -5.320E-04  2.930E+02  1.176E+03
  6.824E-02  4.072E-01  1.013E+05  1.260E-10 -4.667E-04  2.930E+02  1.179E+03
  6.824E-02  4.135E-01  1.013E+05  1.368E-10 -3.980E-04  2.930E+02  1.181E+03
  6.824E-02  4.198E-01  1.013E+05  1.420E-10 -3.112E-04  2.930E+02  1.184E+03
  6.824E-02  4.261E-01  1.013E+05  1.498E-10 -2.270E-04  2.930E+02  1.187E+03
  6.824E-02  4.324E-01  1.013E+05  1.434E-10 -1.508E-04  2.930E+02  1.190E+03
  6.824E-02  4.387E-01  1.013E+05  1.358E-10 -7.052E-05  2.930E+02  1.192E+03
  6.824E-02  4.450E-01  1.013E+05  1.097E-10  1.879E-05  2.930E+02  1.195E+03
  6.824E-02  4.513E-01  1.013E+05  8.472E-11  1.105E-04  2.930E+02  1.198E+03
  6.824E-02  4.577E-01  1.013E+05  6.025E-11  1.999E-04  2.930E+02  1.200E+03
  6.824E-02  4.640E-01  1.013E+05  5.340E-11  2.825E-04  2.930E+02  1.202E+03
  6.824E-02  4.703E-01  1.013E+05  5.048E-11  3.514E-04  2.930E+02  1.204E+03
  6.824E-02  4.766E-01  1.013E+05  3.117E-11  4.140E-04  2.930E+02  1.206E+03
  6.824E-02  4.829E-01  1.013E+05 -7.088E-13  4.725E-04  2.930E+02  1.208E+03
  6.824E-02  4.892E-01  1.013E+05  1.671E-11  5.455E-04  2.930E+02  1.209E+03
  6.824E-02  4.955E-01  1.013E+05 -4.785E-12  4.475E-04  2.930E+02  1.210E+03
  6.824E-02  5.018E-01  1.013E+05 -7.415E-12 -2.323E-09  2.930E+02  1.211E+03
  6.824E-02  5.050E-01  1.013E+05  0.000E+00 -2.323E-09  2.930E+02  1.211E+03
  8.065E-02  0.000E+00  1.013E+05  0.000E+00  0.000E+00  2.930E+02  2.930E+02
  8.065E-02  3.156E-03  1.013E+05 -6.584E-10 -1.025E-03  2.930E+02  4.767E+02
  8.065E-02  9.469E-03  1.013E+05 -6.067E-10  6.167E-04  2.930E+02  8.166E+02
  8.065E-02  1.578E-02  1.013E+05 -6.617E-10  3.601E-04  2.930E+02  1.098E+03
  8.065E-02  2.209E-02  1.013E+05 -7.460E-10 -3.722E-05  2.930E+02  1.304E+03
  8.065E-02  2.841E-02  1.013E+05 -8.267E-10 -3.754E-04  2.930E+02  1.427E+03
  8.065E-02  3.472E-02  1.013E+05 -8.811E-10 -6.287E-04  2.930E+02  1.492E+03
  8.065E-02  4.103E-02  1.013E+05 -9.089E-10 -8.247E-04  2.930E+02  1.526E+03
  8.065E-02  4.734E-02  1.013E+05 -9.219E-10 -9.860E-04  2.930E+02  1.546E+03
  8.065E-02  5.366E-02  1.013E+05 -9.100E-10 -1.121E-03  2.931E+02  1.560E+03
  8.065E-02  5.997E-02  1.013E+05 -8.905E-10 -1.230E-03  2.933E+02  1.572E+03
  8.065E-02  6.628E-02  1.013E+05 -8.573E-10 -1.335E-03  2.940E+02  1.583E+03
  8.065E-02  7.259E-02  1.013E+05 -8.143E-10 -1.454E-03  2.964E+02  1.593E+03
  8.065E-02  7.891E-02  1.013E+05 -7.732E-10 -1.605E-03  3.036E+02  1.603E+03
  8.065E-02  8.522E-02  1.013E+05 -6.965E-10 -1.819E-03  3.218E+02  1.612E+03
  8.065E-02  9.153E-02  1.013E+05 -6.248E-10 -1.731E-03  3.596E+02  1.621E+03
  8.065E-02  9.784E-02  1.013E+05 -4.883E-10 -2.611E-03  3.218E+02  1.166E+03
  8.065E-02  1.042E-01  1.013E+05 -2.953E-10 -2.410E-03  3.036E+02  1.070E+03
  8.065E-02  1.105E-01  1.013E+05 -1.151E-10 -2.325E-03  2.964E+02  1.051E+03
  8.065E-02  1.168E-01  1.013E+05  5.035E-11 -2.223E-03  2.940E+02  1.048E+03
  8.065E-02  1.231E-01  1.013E+05  1.920E-10 -2.105E-03  2.933E+02  1.048E+03
  8.065E-02  1.294E-01  1.013E+05  2.986E-10 -1.980E-03  2.931E+02  1.050E+03
  8.065E-02  1.357E-01  1.013E+05  3.839E-10 -1.869E-03  2.930E+02  1.052E+03
  8.065E-02  1.420E-01  1.013E+05  4.405E-10 -1.754E-03  2.930E+02  1.054E+03
  8.065E-02  1.483E-01  1.013E+05  4.716E-10 -1.643E-03  2.930E+02  1.056E+03
  8.065E-02  1.547E-01  1.013E+05  4.904E-10 -1.549E-03  2.930E+02  1.058E+03
  8.065E-02  1.610E-01  1.013E+05  4.829E-10 -1.457E-03  2.930E+02  1.061E+03
  8.065E-02  1.673E-01  1.013E+05  4.759E-10 -1.369E-03  2.930E+02  1.063E+03
  8.065E-02  1.736E-01  1.013E+05  4.530E-10 -1.290E-03  2.930E+02  1.066E+03
  8.065E-02  1.799E-01  1.013E+05  4.277E-10 -1.226E-03  2.930E+02  1.068E+03
  8.065E-02  1.862E-01  1.013E+05  3.967E-10 -1.172E-03  2.930E+02  1.071E+03
  8.065E-02  1.925E-01  1.013E+05  3.594E-10 -1.114E-03  2.930E+02  1.074E+03
  8.065E-02  1.988E-01  1.013E+05  3.295E-10 -1.061E-03  2.930E+02  1.077E+03
  8.065E-02  2.052E-01  1.013E+05  2.936E-10 -1.022E-03  2.930E+02  1.080E+03
  8.065E-02  2.115E-01  1.013E+05  2.600E-10 -1.005E-03  2.930E+02  1.083E+03
  8.065E-02  2.178E-01  1.013E+05  2.352E-10 -9.861E-04  2.930E+02  1.086E+03
  8.065E-02  2.241E-01  1.013E+05  2.043E-10 -9.524E-04  2.930E+02  1.089E+03
  8.065E-02  2.304E-01  1.013E+05  1.802E-10 -9.317E-04  2.930E+02  1.092E+03
  8.065E-02  2.367E-01  1.013E+05  1.495E-10 -9.201E-04  2.930E+02  1.095E+03
  8.065E-02  2.430E-01  1.013E+05  1.243E-10 -9.111E-04  2.930E+02  1.098E+03
  8.065E-02  2.493E-01  1.013E+05  9.999E-11 -9.128E-04  2.930E+02  1.102E+03
  8.065E-02  2.557E-01  1.013E+05  7.946E-11 -9.191E-04  2.930E+02  1.105E+03
  8.065E-02  2.620E-01  1.013E+05  6.221E-11 -9.199E-04  2.930E+02  1.108E+03
  8.065E-02  2.683E-01  1.013E+05  5.046E-11 -9.087E-04  2.930E+02  1.111E+03
  8.065E-02  2.746E-01  1.013E+05  4.351E-11 -8.961E-04  2.930E+02  1.114E+03
  8.065E-02  2.809E-01  1.013E+05  3.744E-11 -9.000E-04  2.930E+02  1.118E+03
  8.065E-02  2.872E-01  1.013E+05  3.815E-11 -9.143E-04  2.930E+02  1.121E+03
  8.065E-02  2.935E-01  1.013E+05  3.722E-11 -9.209E-04  2.930E+02  1.124E+03
  8.065E-02  2.998E-01  1.013E+05  4.339E-11 -9.218E-04  2.930E+02  1.127E+03
  8.065E-02  3.062E-01  1.013E+05  4.773E-11 -9.229E-04  2.930E+02  1.130E+03
  8.065E-02  3.125E-01  1.013E+05  5.367E-11 -9.244E-04  2.930E+02  1.134E+03
  8.065E-02  3.188E-01  1.013E+05  6.687E-11 -9.199E-04  2.930E+02  1.137E+03
  8.065E-02  3.251E-01  1.013E+05  7.569E-11 -9.092E-04  2.930E+02  1.140E+03
  8.065E-02  3.314E-01  1.013E+05  9.524E-11 -9.001E-04  2.930E+02  1.143E+03
  8.065E-02  3.377E-01  1.013E+05  1.129E-10 -8.840E-04  2.930E+02  1.146E+03
  8.065E-02  3.440E-01  1.013E+05  1.352E-10 -8.672E-04  2.930E+02  1.149E+03
  8.065E-02  3.503E-01  1.013E+05  1.619E-10 -8.572E-04  2.930E+02  1.152E+03
  8.065E-02  3.567E-01  1.013E+05  1.874E-10 -8.409E-04  2.930E+02  1.155E+03
  8.065E-02  3.630E-01  1.013E+05  2.183E-10 -8.143E-04  2.930E+02  1.158E+03
  8.065E-02  3.693E-01  1.013E+05  2.437E-10 -7.772E-04  2.930E+02  1.161E+03
  8.065E-02  3.756E-01  1.013E+05  2.736E-10 -7.349E-04  2.930E+02  1.164E+03
  8.065E-02  3.819E-01  1.013E+05  3.014E-10 -6.927E-04  2.930E+02  1.167E+03
  8.065E-02  3.882E-01  1.013E+05  3.244E-10 -6.517E-04  2.930E+02  1.170E+03
  8.065E-02  3.945E-01  1.013E+05  3.553E-10 -6.009E-04  2.930E+02  1.173E+03
  8.065E-02  4.008E-01  1.013E+05  3.801E-10 -5.320E-04  2.930E+02  1.176E+03
  8.065E-02  4.072E-01  1.013E+05  4.051E-10 -4.667E-04  2.930E+02  1.179E+03
  8.065E-02  4.135E-01  1.013E+05  4.281E-10 -3.980E-04  2.930E+02  1.181E+03
  8.065E-02  4.198E-01  1.013E+05  4.418E-10 -3.112E-04  2.930E+02  1.184E+03
  8.065E-02  4.261E-01  1.013E+05  4.535E-10 -2.270E-04  2.930E+02  1.187E+03
  8.065E-02  4.324E-01  1.013E+05  4.474E-10 -1.508E-04  2.930E+02  1.190E+03
  8.065E-02  4.387E-01  1.013E+05  4.366E-10 -7.052E-05  2.930E+02  1.192E+03
  8.065E-02  4.450E-01  1.013E+05  4.028E-10  1.879E-05  2.930E+02  1.195E+03
  8.065E-02  4.513E-01  1.013E+05  3.623E-10  1.105E-04  2.930E+02  1.198E+03
  8.065E-02  4.577E-01  1.013E+05  3.119E-10  1.999E-04  2.930E+02  1.200E+03
  8.065E-02  4.640E-01  1.013E+05  2.687E-10  2.825E-04  2.930E+02  1.202E+03
  8.065E-02  4.703E-01  1.013E+05  2.221E-10  3.514E-04  2.930E+02  1.204E+03
  8.065E-02  4.766E-01  1.013E+05  1.551E-10  4.140E-04  2.930E+02  1.206E+03
  8.065E-02  4.829E-01  1.013E+05  7.184E-11  4.725E-04  2.930E+02  1.208E+03
  8.065E-02  4.892E-01  1.013E+05  3.755E-11  5.455E-04  2.930E+02  1.209E+03
  8.065E-02  4.955E-01  1.013E+05 -2.344E-11  4.475E-04  2.930E+02  1.210E+03
  8.065E-02  5.018E-01  1.013E+05 -5.113E-11 -2.290E-09  2.930E+02  1.211E+03
  8.065E-02  5.050E-01  1.013E+05  0.000E+00 -2.290E-09  2.930E+02  1.211E+03
  9.305E-02  0.000E+00  1.013E+05  0.000E+00  0.000E+00  2.930E+02  2.930E+02
  9.305E-02  3.156E-03  1.013E+05 -8.874E-10 -1.025E-03  2.930E+02  4.767E+02
  9.305E-02  9.469E-03  1.013E+05 -8.305E-10  6.167E-04  2.930E+02  8.166E+02
  9.305E-02  1.578E-02  1.013E+05 -1.036E-09  3.601E-04  2.930E+02  1.098E+03
  9.305E-02  2.209E-02  1.013E+05 -1.251E-09 -3.722E-05  2.930E+02  1.304E+03
  9.305E-02  2.841E-02  1.013E+05 -1.419E-09 -3.754E-04  2.930E+02  1.427E+03
  9.305E-02  3.472E-02  1.013E+05 -1.511E-09 -6.287E-04  2.930E+02  1.492E+03
  9.305E-02  4.103E-02  1.013E+05 -1.541E-09 -8.247E-04  2.930E+02  1.526E+03
  9.305E-02  4.734E-02  1.013E+05 -1.537E-09 -9.860E-04  2.930E+02  1.546E+03
  9.305E-02  5.366E-02  1.013E+05 -1.502E-09 -1.121E-03  2.931E+02  1.560E+03
  9.305E-02  5.997E-02  1.013E+05 -1.461E-09 -1.230E-03  2.933E+02  1.572E+03
  9.305E-02  6.628E-02  1.013E+05 -1.413E-09 -1.335E-03  2.940E+02  1.583E+03
  9.305E-02  7.259E-02  1.013E+05 -1.360E-09 -1.454E-03  2.964E+02  1.593E+03
  9.305E-02  7.891E-02  1.013E+05 -1.308E-09 -1.605E-03  3.036E+02  1.603E+03
  9.305E-02  8.522E-02  1.013E+05 -1.201E-09 -1.819E-03  3.218E+02  1.612E+03
  9.305E-02  9.153E-02  1.013E+05 -1.100E-09 -1.731E-03  3.596E+02  1.621E+03
  9.305E-02  9.784E-02  1.013E+05 -8.512E-10 -2.611E-03  3.218E+02  1.166E+03
  9.305E-02  1.042E-01  1.013E+05 -4.709E-10 -2.410E-03  3.036E+02  1.070E+03
  9.305E-02  1.105E-01  1.013E+05 -1.376E-10 -2.325E-03  2.964E+02  1.051E+03
  9.305E-02  1.168E-01  1.013E+05  1.557E-10 -2.223E-03  2.940E+02  1.048E+03
  9.305E-02  1.231E-01  1.013E+05  3.931E-10 -2.105E-03  2.933E+02  1.048E+03
  9.305E-02  1.294E-01  1.013E+05  5.657E-10 -1.980E-03  2.931E+02  1.050E+03
  9.305E-02  1.357E-01  1.013E+05  6.923E-10 -1.869E-03  2.930E+02  1.052E+03
  9.305E-02  1.420E-01  1.013E+05  7.711E-10 -1.754E-03  2.930E+02  1.054E+03
  9.305E-02  1.483E-01  1.013E+05  8.085E-10 -1.643E-03  2.930E+02  1.056E+03
  9.305E-02  1.547E-01  1.013E+05  8.220E-10 -1.549E-03  2.930E+02  1.058E+03
  9.305E-02  1.610E-01  1.013E+05  8.020E-10 -1.457E-03  2.930E+02  1.061E+03
  9.305E-02  1.673E-01  1.013E+05  7.766E-10 -1.369E-03  2.930E+02  1.063E+03
  9.305E-02  1.736E-01  1.013E+05  7.318E-10 -1.290E-03  2.930E+02  1.066E+03
  9.305E-02  1.799E-01  1.013E+05  6.833E-10 -1.226E-03  2.930E+02  1.068E+03
  9.305E-02  1.862E-01  1.013E+05  6.296E-10 -1.172E-03  2.930E+02  1.071E+03
  9.305E-02  1.925E-01  1.013E+05  5.695E-10 -1.114E-03  2.930E+02  1.074E+03
  9.305E-02  1.988E-01  1.013E+05  5.152E-10 -1.061E-03  2.930E+02  1.077E+03
  9.305E-02  2.052E-01  1.013E+05  4.544E-10 -1.022E-03  2.930E+02  1.080E+03
  9.305E-02  2.115E-01  1.013E+05  3.971E-10 -1.005E-03  2.930E+02  1.083E+03
  9.305E-02  2.178E-01  1.013E+05  3.515E-10 -9.861E-04  2.930E+02  1.086E+03
  9.305E-02  2.241E-01  1.013E+05  3.006E-10 -9.524E-04  2.930E+02  1.089E+03
  9.305E-02  2.304E-01  1.013E+05  2.570E-10 -9.317E-04  2.930E+02  1.092E+03
  9.305E-02  2.367E-01  1.013E+05  2.094E-10 -9.201E-04  2.930E+02  1.095E+03
  9.305E-02  2.430E-01  1.013E+05  1.701E-10 -9.111E-04  2.930E+02  1.098E+03
  9.305E-02  2.493E-01  1.013E+05  1.352E-10 -9.128E-04  2.930E+02  1.102E+03
  9.305E-02  2.557E-01  1.013E+05  1.081E-10 -9.191E-04  2.930E+02  1.105E+03
  9.305E-02  2.620E-01  1.013E+05  8.680E-11 -9.199E-04  2.930E+02  1.108E+03
  9.305E-02  2.683E-01  1.013E+05  7.072E-11 -9.087E-04  2.930E+02  1.111E+03
  9.305E-02  2.746E-01  1.013E+05  5.726E-11 -8.961E-04  2.930E+02  1.114E+03
  9.305E-02  2.809E-01  1.013E+05  4.425E-11 -9.000E-04  2.930E+02  1.118E+03
  9.305E-02  2.872E-01  1.013E+05  4.063E-11 -9.143E-04  2.930E+02  1.121E+03
  9.305E-02  2.935E-01  1.013E+05  3.900E-11 -9.209E-04  2.930E+02  1.124E+03
  9.305E-02  2.998E-01  1.013E+05  4.810E-11 -9.218E-04  2.930E+02  1.127E+03
  9.305E-02  3.062E-01  1.013E+05  5.887E-11 -9.229E-04  2.930E+02  1.130E+03
  9.305E-02  3.125E-01  1.013E+05  7.439E-11 -9.244E-04  2.930E+02  1.134E+03
  9.305E-02  3.188E-01  1.013E+05  9.966E-11 -9.199E-04  2.930E+02  1.137E+03
  9.305E-02  3.251E-01  1.013E+05  1.220E-10 -9.092E-04  2.930E+02  1.140E+03
  9.305E-02  3.314E-01  1.013E+05  1.554E-10 -9.001E-04  2.930E+02  1.143E+03
  9.305E-02  3.377E-01  1.013E+05  1.878E-10 -8.840E-04  2.930E+02  1.146E+03
  9.305E-02  3.440E-01  1.013E+05  2.245E-10 -8.672E-04  2.930E+02  1.149E+03
  9.305E-02  3.503E-01  1.013E+05  2.669E-10 -8.572E-04  2.930E+02  1.152E+03
  9.305E-02  3.567E-01  1.013E+05  3.104E-10 -8.409E-04  2.930E+02  1.155E+03
  9.305E-02  3.630E-01  1.013E+05  3.608E-10 -8.143E-04  2.930E+02  1.158E+03
  9.305E-02  3.693E-01  1.013E+05  4.062E-10 -7.772E-04  2.930E+02  1.161E+03
  9.305E-02  3.756E-01  1.013E+05  4.557E-10 -7.349E-04  2.930E+02  1.164E+03
  9.305E-02  3.819E-01  1.013E+05  5.034E-10 -6.927E-04  2.930E+02  1.167E+03
  9.305E-02  3.882E-01  1.013E+05  5.474E-10 -6.517E-04  2.930E+02  1.170E+03
  9.305E-02  3.945E-01  1.013E+05  5.997E-10 -6.009E-04  2.930E+02  1.173E+03
  9.305E-02  4.008E-01  1.013E+05  6.451E-10 -5.320E-04  2.930E+02  1.176E+03
  9.305E-02  4.072E-01  1.013E+05  6.882E-10 -4.667E-04  2.930E+02  1.179E+03
  9.305E-02  4.135E-01  1.013E+05  7.271E-10 -3.980E-04  2.930E+02  1.181E+03
  9.305E-02  4.198E-01  1.013E+05  7.522E-10 -3.112E-04  2.930E+02  1.184E+03
  9.305E-02  4.261E-01  1.013E+05  7.697E-10 -2.270E-04  2.930E+02  1.187E+03
  9.305E-02  4.324E-01  1.013E+05  7.652E-10 -1.508E-04  2.930E+02  1.190E+03
  9.305E-02  4.387E-01  1.013E+05  7.522E-10 -7.052E-05  2.930E+02  1.192E+03
  9.305E-02  4.450E-01  1.013E+05  7.108E-10  1.879E-05  2.930E+02  1.195E+03
  9.305E-02  4.513E-01  1.013E+05  6.549E-10  1.105E-04  2.930E+02  1.198E+03
  9.305E-02  4.577E-01  1.013E+05  5.781E-10  1.999E-04  2.930E+02  1.200E+03
  9.305E-02  4.640E-01  1.013E+05  4.953E-10  2.825E-04  2.930E+02  1.202E+03
  9.305E-02  4.703E-01  1.013E+05  3.970E-10  3.514E-04  2.930E+02  1.204E+03
  9.305E-02  4.766E-01  1.013E+05  2.683E-10  4.140E-04  2.930E+02  1.206E+03
  9.305E-02  4.829E-01  1.013E+05  1.150E-10  4.725E-04  2.930E+02  1.208E+03
  9.305E-02  4.892E-01  1.013E+05  4.401E-12  5.455E-04  2.930E+02  1.209E+03
  9.305E-02  4.955E-01  1.013E+05 -1.133E-10  4.475E-04  2.930E+02  1.210E+03
  9.305E-02  5.018E-01  1.013E+05 -1.773E-10 -2.136E-09  2.930E+02  1.211E+03
  9.305E-02  5.050E-01  1.013E+05  0.000E+00 -2.136E-09  2.930E+02  1.211E+03
  1.055E-01  0.000E+00  1.013E+05  0.000E+00  0.000E+00  2.930E+02  2.930E+02
  1.055E-01  3.156E-03  1.013E+05 -1.103E-09 -1.025E-03  2.930E+02  4.767E+02
  1.055E-01  9.469E-03  1.013E+05 -2.874E-10  6.167E-04  2.930E+02  8.166E+02
  1.055E-01  1.578E-02  1.013E+05 -1.870E-09  3.601E-04  2.930E+02  1.098E+03
  1.055E-01  2.209E-02  1.013E+05 -2.543E-09 -3.722E-05  2.930E+02  1.304E+03
  1.055E-01  2.841E-02  1.013E+05 -2.830E-09 -3.754E-04  2.930E+02  1.427E+03
  1.055E-01  3.472E-02  1.013E+05 -2.841E-09 -6.287E-04  2.930E+02  1.492E+03
  1.055E-01  4.103E-02  1.013E+05 -2.737E-09 -8.247E-04  2.930E+02  1.526E+03
  1.055E-01  4.734E-02  1.013E+05 -2.599E-09 -9.860E-04  2.930E+02  1.546E+03
  1.055E-01  5.366E-02  1.013E+05 -2.453E-09 -1.121E-03  2.931E+02  1.560E+03
  1.055E-01  5.997E-02  1.013E+05 -2.351E-09 -1.230E-03  2.933E+02  1.572E+03
  1.055E-01  6.628E-02  1.013E+05 -2.310E-09 -1.335E-03  2.940E+02  1.583E+03
  1.055E-01  7.259E-02  1.013E+05 -2.314E-09 -1.454E-03  2.964E+02  1.593E+03
  1.055E-01  7.891E-02  1.013E+05 -2.359E-09 -1.605E-03  3.036E+02  1.603E+03
  1.055E-01  8.522E-02  1.013E+05 -2.199E-09 -1.819E-03  3.218E+02  1.612E+03
  1.055E-01  9.153E-02  1.013E+05 -2.431E-09 -1.731E-03  3.596E+02  1.621E+03
  1.055E-01  9.784E-02  1.013E+05 -1.896E-09 -2.611E-03  3.218E+02  1.166E+03
  1.055E-01  1.042E-01  1.013E+05 -6.128E-10 -2.410E-03  3.036E+02  1.070E+03
  1.055E-01  1.105E-01  1.013E+05  4.753E-11 -2.325E-03  2.964E+02  1.051E+03
  1.055E-01  1.168E-01  1.013E+05  5.871E-10 -2.223E-03  2.940E+02  1.048E+03
  1.055E-01  1.231E-01  1.013E+05  9.632E-10 -2.105E-03  2.933E+02  1.048E+03
  1.055E-01  1.294E-01  1.013E+05  1.195E-09 -1.980E-03  2.931E+02  1.050E+03
  1.055E-01  1.357E-01  1.013E+05  1.335E-09 -1.869E-03  2.930E+02  1.052E+03
  1.055E-01  1.420E-01  1.013E+05  1.406E-09 -1.754E-03  2.930E+02  1.054E+03
  1.055E-01  1.483E-01  1.013E+05  1.409E-09 -1.643E-03  2.930E+02  1.056E+03
  1.055E-01  1.547E-01  1.013E+05  1.379E-09 -1.549E-03  2.930E+02  1.058E+03
  1.055E-01  1.610E-01  1.013E+05  1.320E-09 -1.457E-03  2.930E+02  1.061E+03
  1.055E-01  1.673E-01  1.013E+05  1.248E-09 -1.369E-03  2.930E+02  1.063E+03
  1.055E-01  1.736E-01  1.013E+05  1.149E-09 -1.290E-03  2.930E+02  1.066E+03
  1.055E-01  1.799E-01  1.013E+05  1.047E-09 -1.226E-03  2.930E+02  1.068E+03
  1.055E-01  1.862E-01  1.013E+05  9.519E-10 -1.172E-03  2.930E+02  1.071E+03
  1.055E-01  1.925E-01  1.013E+05  8.547E-10 -1.114E-03  2.930E+02  1.074E+03
  1.055E-01  1.988E-01  1.013E+05  7.506E-10 -1.061E-03  2.930E+02  1.077E+03
  1.055E-01  2.052E-01  1.013E+05  6.305E-10 -1.022E-03  2.930E+02  1.080E+03
  1.055E-01  2.115E-01  1.013E+05  5.296E-10 -1.005E-03  2.930E+02  1.083E+03
  1.055E-01  2.178E-01  1.013E+05  4.691E-10 -9.861E-04  2.930E+02  1.086E+03
  1.055E-01  2.241E-01  1.013E+05  3.990E-10 -9.524E-04  2.930E+02  1.089E+03
  1.055E-01  2.304E-01  1.013E+05  3.209E-10 -9.317E-04  2.930E+02  1.092E+03
  1.055E-01  2.367E-01  1.013E+05  2.435E-10 -9.201E-04  2.930E+02  1.095E+03
  1.055E-01  2.430E-01  1.013E+05  1.771E-10 -9.111E-04  2.930E+02  1.098E+03
  1.055E-01  2.493E-01  1.013E+05  1.211E-10 -9.128E-04  2.930E+02  1.102E+03
  1.055E-01  2.557E-01  1.013E+05  9.144E-11 -9.191E-04  2.930E+02  1.105E+03
  1.055E-01  2.620E-01  1.013E+05  8.173E-11 -9.199E-04  2.930E+02  1.108E+03
  1.055E-01  2.683E-01  1.013E+05  7.193E-11 -9.087E-04  2.930E+02  1.111E+03
  1.055E-01  2.746E-01  1.013E+05  4.189E-11 -8.961E-04  2.930E+02  1.114E+03
  1.055E-01  2.809E-01  1.013E+05  3.488E-12 -9.000E-04  2.930E+02  1.118E+03
  1.055E-01  2.872E-01  1.013E+05 -6.657E-12 -9.143E-04  2.930E+02  1.121E+03
  1.055E-01  2.935E-01  1.013E+05  3.444E-12 -9.209E-04  2.930E+02  1.124E+03
  1.055E-01  2.998E-01  1.013E+05  2.666E-11 -9.218E-04  2.930E+02  1.127E+03
  1.055E-01  3.062E-01  1.013E+05  5.243E-11 -9.229E-04  2.930E+02  1.130E+03
  1.055E-01  3.125E-01  1.013E+05  8.933E-11 -9.244E-04  2.930E+02  1.134E+03
  1.055E-01  3.188E-01  1.013E+05  1.411E-10 -9.199E-04  2.930E+02  1.137E+03
  1.055E-01  3.251E-01  1.013E+05  1.857E-10 -9.092E-04  2.930E+02  1.140E+03
  1.055E-01  3.314E-01  1.013E+05  2.390E-10 -9.001E-04  2.930E+02  1.143E+03
  1.055E-01  3.377E-01  1.013E+05  2.900E-10 -8.840E-04  2.930E+02  1.146E+03
  1.055E-01  3.440E-01  1.013E+05  3.376E-10 -8.672E-04  2.930E+02  1.149E+03
  1.055E-01  3.503E-01  1.013E+05  3.981E-10 -8.572E-04  2.930E+02  1.152E+03
  1.055E-01  3.567E-01  1.013E+05  4.762E-10 -8.409E-04  2.930E+02  1.155E+03
  1.055E-01  3.630E-01  1.013E+05  5.683E-10 -8.143E-04  2.930E+02  1.158E+03
  1.055E-01  3.693E-01  1.013E+05  6.526E-10 -7.772E-04  2.930E+02  1.161E+03
  1.055E-01  3.756E-01  1.013E+05  7.324E-10 -7.349E-04  2.930E+02  1.164E+03
  1.055E-01  3.819E-01  1.013E+05  8.066E-10 -6.927E-04  2.930E+02  1.167E+03
  1.055E-01  3.882E-01  1.013E+05  8.859E-10 -6.517E-04  2.930E+02  1.170E+03
  1.055E-01  3.945E-01  1.013E+05  9.860E-10 -6.009E-04  2.930E+02  1.173E+03
  1.055E-01  4.008E-01  1.013E+05  1.071E-09 -5.320E-04  2.930E+02  1.176E+03
  1.055E-01  4.072E-01  1.013E+05  1.143E-09 -4.667E-04  2.930E+02  1.179E+03
  1.055E-01  4.135E-01  1.013E+05  1.220E-09 -3.980E-04  2.930E+02  1.181E+03
  1.055E-01  4.198E-01  1.013E+05  1.273E-09 -3.112E-04  2.930E+02  1.184E+03
  1.055E-01  4.261E-01  1.013E+05  1.298E-09 -2.270E-04  2.930E+02  1.187E+03
  1.055E-01  4.324E-01  1.013E+05  1.301E-09 -1.508E-04  2.930E+02  1.190E+03
  1.055E-01  4.387E-01  1.013E+05  1.303E-09 -7.052E-05  2.930E+02  1.192E+03
  1.055E-01  4.450E-01  1.013E+05  1.271E-09  1.879E-05  2.930E+02  1.195E+03
  1.055E-01  4.513E-01  1.013E+05  1.203E-09  1.105E-04  2.930E+02  1.198E+03
  1.055E-01  4.577E-01  1.013E+05  1.091E-09  1.999E-04  2.930E+02  1.200E+03
  1.055E-01  4.640E-01  1.013E+05  9.450E-10  2.825E-04  2.930E+02  1.202E+03
  1.055E-01  4.703E-01  1.013E+05  7.584E-10  3.514E-04  2.930E+02  1.204E+03
  1.055E-01  4.766E-01  1.013E+05  5.112E-10  4.140E-04  2.930E+02  1.206E+03
  1.055E-01  4.829E-01  1.013E+05  1.891E-10  4.725E-04  2.930E+02  1.208E+03
  1.055E-01  4.892E-01  1.013E+05 -2.347E-10  5.455E-04  2.930E+02  1.209E+03
  1.055E-01  4.955E-01  1.013E+05 -7.567E-10  4.475E-04  2.930E+02  1.210E+03
  1.055E-01  5.018E-01  1.013E+05 -9.112E-10 -1.656E-09  2.930E+02  1.211E+03
  1.055E-01  5.050E-01  1.013E+05  0.000E+00 -1.656E-09  2.930E+02  1.211E+03
  1.179E-01  0.000E+00  1.013E+05  0.000E+00  0.000E+00  2.930E+02  2.930E+02
  1.179E-01  3.156E-03  1.013E+05 -6.374E-10 -1.025E-03  2.930E+02  4.767E+02
  1.179E-01  9.469E-03  1.013E+05  1.486E-10  6.167E-04  2.930E+02  8.166E+02
  1.179E-01  1.578E-02  1.013E+05 -1.287E-09  3.601E-04  2.930E+02  1.098E+03
  1.179E-01  2.209E-02  1.013E+05 -1.820E-09 -3.723E-05  2.930E+02  1.304E+03
  1.179E-01  2.841E-02  1.013E+05 -2.009E-09 -3.754E-04  2.930E+02  1.427E+03
  1.179E-01  3.472E-02  1.013E+05 -1.975E-09 -6.287E-04  2.930E+02  1.492E+03
  1.179E-01  4.103E-02  1.013E+05 -1.862E-09 -8.247E-04  2.930E+02  1.526E+03
  1.179E-01  4.734E-02  1.013E+05 -1.735E-09 -9.860E-04  2.930E+02  1.546E+03
  1.179E-01  5.366E-02  1.013E+05 -1.612E-09 -1.121E-03  2.931E+02  1.560E+03
  1.179E-01  5.997E-02  1.013E+05 -1.536E-09 -1.230E-03  2.933E+02  1.572E+03
  1.179E-01  6.628E-02  1.013E+05 -1.518E-09 -1.335E-03  2.940E+02  1.583E+03
  1.179E-01  7.259E-02  1.013E+05 -1.546E-09 -1.454E-03  2.964E+02  1.593E+03
  1.179E-01  7.891E-02  1.013E+05 -1.620E-09 -1.605E-03  3.036E+02  1.603E+03
  1.179E-01  8.522E-02  1.013E+05 -1.514E-09 -1.819E-03  3.218E+02  1.612E+03
  1.179E-01  9.153E-02  1.013E+05 -1.803E-09 -1.731E-03  3.596E+02  1.621E+03
  1.179E-01  9.784E-02  1.013E+05 -1.421E-09 -2.611E-03  3.218E+02  1.166E+03
  1.179E-01  1.042E-01  1.013E+05 -3.780E-10 -2.410E-03  3.036E+02  1.070E+03
  1.179E-01  1.105E-01  1.013E+05  7.855E-11 -2.325E-03  2.964E+02  1.051E+03
  1.179E-01  1.168E-01  1.013E+05  4.453E-10 -2.223E-03  2.940E+02  1.048E+03
  1.179E-01  1.231E-01  1.013E+05  6.872E-10 -2.105E-03  2.933E+02  1.048E+03
  1.179E-01  1.294E-01  1.013E+05  8.220E-10 -1.980E-03  2.931E+02  1.050E+03
  1.179E-01  1.357E-01  1.013E+05  8.977E-10 -1.869E-03  2.930E+02  1.052E+03
  1.179E-01  1.420E-01  1.013E+05  9.318E-10 -1.754E-03  2.930E+02  1.054E+03
  1.179E-01  1.483E-01  1.013E+05  9.207E-10 -1.643E-03  2.930E+02  1.056E+03
  1.179E-01  1.547E-01  1.013E+05  8.952E-10 -1.549E-03  2.930E+02  1.058E+03
  1.179E-01  1.610E-01  1.013E+05  8.518E-10 -1.457E-03  2.930E+02  1.061E+03
  1.179E-01  1.673E-01  1.013E+05  8.048E-10 -1.369E-03  2.930E+02  1.063E+03
  1.179E-01  1.736E-01  1.013E+05  7.361E-10 -1.290E-03  2.930E+02  1.066E+03
  1.179E-01  1.799E-01  1.013E+05  6.669E-10 -1.226E-03  2.930E+02  1.068E+03
  1.179E-01  1.862E-01  1.013E+05  6.054E-10 -1.172E-03  2.930E+02  1.071E+03
  1.179E-01  1.925E-01  1.013E+05  5.419E-10 -1.114E-03  2.930E+02  1.074E+03
  1.179E-01  1.988E-01  1.013E+05  4.728E-10 -1.061E-03  2.930E+02  1.077E+03
  1.179E-01  2.052E-01  1.013E+05  3.884E-10 -1.022E-03  2.930E+02  1.080E+03
  1.179E-01  2.115E-01  1.013E+05  3.213E-10 -1.005E-03  2.930E+02  1.083E+03
  1.179E-01  2.178E-01  1.013E+05  2.912E-10 -9.861E-04  2.930E+02  1.086E+03
  1.179E-01  2.241E-01  1.013E+05  2.506E-10 -9.524E-04  2.930E+02  1.089E+03
  1.179E-01  2.304E-01  1.013E+05  2.019E-10 -9.317E-04  2.930E+02  1.092E+03
  1.179E-01  2.367E-01  1.013E+05  1.521E-10 -9.201E-04  2.930E+02  1.095E+03
  1.179E-01  2.430E-01  1.013E+05  1.100E-10 -9.111E-04  2.930E+02  1.098E+03
  1.179E-01  2.493E-01  1.013E+05  7.356E-11 -9.128E-04  2.930E+02  1.102E+03
  1.179E-01  2.557E-01  1.013E+05  5.831E-11 -9.191E-04  2.930E+02  1.105E+03
  1.179E-01  2.620E-01  1.013E+05  5.845E-11 -9.199E-04  2.930E+02  1.108E+03
  1.179E-01  2.683E-01  1.013E+05  5.680E-11 -9.087E-04  2.930E+02  1.111E+03
  1.179E-01  2.746E-01  1.013E+05  3.495E-11 -8.961E-04  2.930E+02  1.114E+03
  1.179E-01  2.809E-01  1.013E+05  3.545E-12 -9.000E-04  2.930E+02  1.118E+03
  1.179E-01  2.872E-01  1.013E+05 -3.722E-12 -9.143E-04  2.930E+02  1.121E+03
  1.179E-01  2.935E-01  1.013E+05  4.660E-12 -9.209E-04  2.930E+02  1.124E+03
  1.179E-01  2.998E-01  1.013E+05  2.235E-11 -9.218E-04  2.930E+02  1.127E+03
  1.179E-01  3.062E-01  1.013E+05  3.927E-11 -9.229E-04  2.930E+02  1.130E+03
  1.179E-01  3.125E-01  1.013E+05  6.380E-11 -9.244E-04  2.930E+02  1.134E+03
  1.179E-01  3.188E-01  1.013E+05  9.968E-11 -9.199E-04  2.930E+02  1.137E+03
  1.179E-01  3.251E-01  1.013E+05  1.260E-10 -9.092E-04  2.930E+02  1.140E+03
  1.179E-01  3.314E-01  1.013E+05  1.595E-10 -9.001E-04  2.930E+02  1.143E+03
  1.179E-01  3.377E-01  1.013E+05  1.890E-10 -8.840E-04  2.930E+02  1.146E+03
  1.179E-01  3.440E-01  1.013E+05  2.147E-10 -8.672E-04  2.930E+02  1.149E+03
  1.179E-01  3.503E-01  1.013E+05  2.517E-10 -8.572E-04  2.930E+02  1.152E+03
  1.179E-01  3.567E-01  1.013E+05  3.042E-10 -8.409E-04  2.930E+02  1.155E+03
  1.179E-01  3.630E-01  1.013E+05  3.695E-10 -8.143E-04  2.930E+02  1.158E+03
  1.179E-01  3.693E-01  1.013E+05  4.267E-10 -7.772E-04  2.930E+02  1.161E+03
  1.179E-01  3.756E-01  1.013E+05  4.792E-10 -7.349E-04  2.930E+02  1.164E+03
  1.179E-01  3.819E-01  1.013E+05  5.251E-10 -6.927E-04  2.930E+02  1.167E+03
  1.179E-01  3.882E-01  1.013E+05  5.738E-10 -6.517E-04  2.930E+02  1.170E+03
  1.179E-01  3.945E-01  1.013E+05  6.412E-10 -6.009E-04  2.930E+02  1.173E+03
  1.179E-01  4.008E-01  1.013E+05  6.950E-10 -5.320E-04  2.930E+02  1.176E+03
  1.179E-01  4.072E-01  1.013E+05  7.394E-10 -4.667E-04  2.930E+02  1.179E+03
  1.179E-01  4.135E-01  1.013E+05  7.924E-10 -3.980E-04  2.930E+02  1.181E+03
  1.179E-01  4.198E-01  1.013E+05  8.298E-10 -3.112E-04  2.930E+02  1.184E+03
  1.179E-01  4.261E-01  1.013E+05  8.477E-10 -2.270E-04  2.930E+02  1.187E+03
  1.179E-01  4.324E-01  1.013E+05  8.520E-10 -1.508E-04  2.930E+02  1.190E+03
  1.179E-01  4.387E-01  1.013E+05  8.618E-10 -7.052E-05  2.930E+02  1.192E+03
  1.179E-01  4.450E-01  1.013E+05  8.453E-10  1.879E-05  2.930E+02  1.195E+03
  1.179E-01  4.513E-01  1.013E+05  8.061E-10  1.105E-04  2.930E+02  1.198E+03
  1.179E-01  4.577E-01  1.013E+05  7.349E-10  1.999E-04  2.930E+02  1.200E+03
  1.179E-01  4.640E-01  1.013E+05  6.438E-10  2.825E-04  2.930E+02  1.202E+03
  1.179E-01  4.703E-01  1.013E+05  5.255E-10  3.514E-04  2.930E+02  1.204E+03
  1.179E-01  4.766E-01  1.013E+05  3.586E-10  4.140E-04  2.930E+02  1.206E+03
  1.179E-01  4.829E-01  1.013E+05  1.251E-10  4.725E-04  2.930E+02  1.208E+03
  1.179E-01  4.892E-01  1.013E+05 -2.050E-10  5.455E-04  2.930E+02  1.209E+03
  1.179E-01  4.955E-01  1.013E+05 -6.583E-10  4.475E-04  2.930E+02  1.210E+03
  1.179E-01  5.018E-01  1.013E+05 -7.724E-10  1.196E-09  2.930E+02  1.211E+03
  1.179E-01  5.050E-01  1.013E+05  0.000E+00  1.196E-09  2.930E+02  1.211E+03
  1.241E-01  0.000E+00  1.013E+05  0.000E+00  0.000E+00  2.930E+02  2.930E+02
  1.241E-01  3.156E-03  1.013E+05 -6.374E-10 -1.025E-03  2.930E+02  4.767E+02
  1.241E-01  9.469E-03  1.013E+05  1.486E-10  6.167E-04  2.930E+02  8.166E+02
  1.241E-01  1.578E-02  1.013E+05 -1.287E-09  3.601E-04  2.930E+02  1.098E+03
  1.241E-01  2.209E-02  1.013E+05 -1.820E-09 -3.723E-05  2.930E+02  1.304E+03
  1.241E-01  2.841E-02  1.013E+05 -2.009E-09 -3.754E-04  2.930E+02  1.427E+03
  1.241E-01  3.472E-02  1.013E+05 -1.975E-09 -6.287E-04  2.930E+02  1.492E+03
  1.241E-01  4.103E-02  1.013E+05 -1.862E-09 -8.247E-04  2.930E+02  1.526E+03
  1.241E-01  4.734E-02  1.013E+05 -1.735E-09 -9.860E-04  2.930E+02  1.546E+03
  1.241E-01  5.366E-02  1.013E+05 -1.612E-09 -1.121E-03  2.931E+02  1.560E+03
  1.241E-01  5.997E-02  1.013E+05 -1.536E-09 -1.230E-03  2.933E+02  1.572E+03
  1.241E-01  6.628E-02  1.013E+05 -1.518E-09 -1.335E-03  2.940E+02  1.583E+03
  1.241E-01  7.259E-02  1.013E+05 -1.546E-09 -1.454E-03  2.964E+02  1.593E+03
  1.241E-01  7.891E-02  1.013E+05 -1.620E-09 -1.605E-03  3.036E+02  1.603E+03
  1.241E-01  8.522E-02  1.013E+05 -1.514E-09 -1.819E-03  3.218E+02  1.612E+03
  1.241E-01  9.153E-02  1.013E+05 -1.803E-09 -1.731E-03  3.596E+02  1.621E+03
  1.241E-01  9.784E-02  1.013E+05 -1.421E-09 -2.611E-03  3.218E+02  1.166E+03
  1.241E-01  1.042E-01  1.013E+05 -3.780E-10 -2.410E-03  3.036E+02  1.070E+03
  1.241E-01  1.105E-01  1.013E+05  7.855E-11 -2.325E-03  2.964E+02  1.051E+03
  1.241E-01  1.168E-01  1.013E+05  4.453E-10 -2.223E-03  2.940E+02  1.048E+03
  1.241E-01  1.231E-01  1.013E+05  6.872E-10 -2.105E-03  2.933E+02  1.048E+03
  1.241E-01  1.294E-01  1.013E+05  8.220E-10 -1.980E-03  2.931E+02  1.050E+03
  1.241E-01  1.357E-01  1.013E+05  8.977E-10 -1.869E-03  2.930E+02  1.052E+03
  1.241E-01  1.420E-01  1.013E+05  9.318E-10 -1.754E-03  2.930E+02  1.054E+03
  1.241E-01  1.483E-01  1.013E+05  9.207E-10 -1.643E-03  2.930E+02  1.056E+03
  1.241E-01  1.547E-01  1.013E+05  8.952E-10 -1.549E-03  2.930E+02  1.058E+03
  1.241E-01  1.610E-01  1.013E+05  8.518E-10 -1.457E-03  2.930E+02  1.061E+03
  1.241E-01  1.673E-01  1.013E+05  8.048E-10 -1.369E-03  2.930E+02  1.063E+03
  1.241E-01  1.736E-01  1.013E+05  7.361E-10 -1.290E-03  2.930E+02  1.066E+03
  1.241E-01  1.799E-01  1.013E+05  6.669E-10 -1.226E-03  2.930E+02  1.068E+03
  1.241E-01  1.862E-01  1.013E+05  6.054E-10 -1.172E-03  2.930E+02  1.071E+03
  1.241E-01  1.925E-01  1.013E+05  5.419E-10 -1.114E-03  2.930E+02  1.074E+03
  1.241E-01  1.988E-01  1.013E+05  4.728E-10 -1.061E-03  2.930E+02  1.077E+03
  1.241E-01  2.052E-01  1.013E+05  3.884E-10 -1.022E-03  2.930E+02  1.080E+03
  1.241E-01  2.115E-01  1.013E+05  3.213E-10 -1.005E-03  2.930E+02  1.083E+03
  1.241E-01  2.178E-01  1.013E+05  2.912E-10 -9.861E-04  2.930E+02  1.086E+03
  1.241E-01  2.241E-01  1.013E+05  2.506E-10 -9.524E-04  2.930E+02  1.089E+03
  1.241E-01  2.304E-01  1.013E+05  2.019E-10 -9.317E-04  2.930E+02  1.092E+03
  1.241E-01  2.367E-01  1.013E+05  1.521E-10 -9.201E-04  2.930E+02  1.095E+03
  1.241E-01  2.430E-01  1.013E+05  1.100E-10 -9.111E-04  2.930E+02  1.098E+03
  1.241E-01  2.493E-01  1.013E+05  7.356E-11 -9.128E-04  2.930E+02  1.102E+03
  1.241E-01  2.557E-01  1.013E+05  5.831E-11 -9.191E-04  2.930E+02  1.105E+03
  1.241E-01  2.620E-01  1.013E+05  5.845E-11 -9.199E-04  2.930E+02  1.108E+03
  1.241E-01  2.683E-01  1.013E+05  5.680E-11 -9.087E-04  2.930E+02  1.111E+03
  1.241E-01  2.746E-01  1.013E+05  3.495E-11 -8.961E-04  2.930E+02  1.114E+03
  1.241E-01  2.809E-01  1.013E+05  3.545E-12 -9.000E-04  2.930E+02  1.118E+03
  1.241E-01  2.872E-01  1.013E+05 -3.722E-12 -9.143E-04  2.930E+02  1.121E+03
  1.241E-01  2.935E-01  1.013E+05  4.660E-12 -9.209E-04  2.930E+02  1.124E+03
  1.241E-01  2.998E-01  1.013E+05  2.235E-11 -9.218E-04  2.930E+02  1.127E+03
  1.241E-01  3.062E-01  1.013E+05  3.927E-11 -9.229E-04  2.930E+02  1.130E+03
  1.241E-01  3.125E-01  1.013E+05  6.380E-11 -9.244E-04  2.930E+02  1.134E+03
  1.241E-01  3.188E-01  1.013E+05  9.968E-11 -9.199E-04  2.930E+02  1.137E+03
  1.241E-01  3.251E-01  1.013E+05  1.260E-10 -9.092E-04  2.930E+02  1.140E+03
  1.241E-01  3.314E-01  1.013E+05  1.595E-10 -9.001E-04  2.930E+02  1.143E+03
  1.241E-01  3.377E-01  1.013E+05  1.890E-10 -8.840E-04  2.930E+02  1.146E+03
  1.241E-01  3.440E-01  1.013E+05  2.147E-10 -8.672E-04  2.930E+02  1.149E+03
  1.241E-01  3.503E-01  1.013E+05  2.517E-10 -8.572E-04  2.930E+02  1.152E+03
  1.241E-01  3.567E-01  1.013E+05  3.042E-10 -8.409E-04  2.930E+02  1.155E+03
  1.241E-01  3.630E-01  1.013E+05  3.695E-10 -8.143E-04  2.930E+02  1.158E+03
  1.241E-01  3.693E-01  1.013E+05  4.267E-10 -7.772E-04  2.930E+02  1.161E+03
  1.241E-01  3.756E-01  1.013E+05  4.792E-10 -7.349E-04  2.930E+02  1.164E+03
  1.241E-01  3.819E-01  1.013E+05  5.251E-10 -6.927E-04  2.930E+02  1.167E+03
  1.241E-01  3.882E-01  1.013E+05  5.738E-10 -6.517E-04  2.930E+02  1.170E+03
  1.241E-01  3.945E-01  1.013E+05  6.412E-10 -6.009E-04  2.930E+02  1.173E+03
  1.241E-01  4.008E-01  1.013E+05  6.950E-10 -5.320E-04  2.930E+02  1.176E+03
  1.241E-01  4.072E-01  1.013E+05  7.394E-10 -4.667E-04  2.930E+02  1.179E+03
  1.241E-01  4.135E-01  1.013E+05  7.924E-10 -3.980E-04  2.930E+02  1.181E+03
  1.241E-01  4.198E-01  1.013E+05  8.298E-10 -3.112E-04  2.930E+02  1.184E+03
  1.241E-01  4.261E-01  1.013E+05  8.477E-10 -2.270E-04  2.930E+02  1.187E+03
  1.241E-01  4.324E-01  1.013E+05  8.520E-10 -1.508E-04  2.930E+02  1.190E+03
  1.241E-01  4.387E-01  1.013E+05  8.618E-10 -7.052E-05  2.930E+02  1.192E+03
  1.241E-01  4.450E-01  1.013E+05  8.453E-10  1.879E-05  2.930E+02  1.195E+03
  1.241E-01  4.513E-01  1.013E+05  8.061E-10  1.105E-04  2.930E+02  1.198E+03
  1.241E-01  4.577E-01  1.013E+05  7.349E-10  1.999E-04  2.930E+02  1.200E+03
  1.241E-01  4.640E-01  1.013E+05  6.438E-10  2.825E-04  2.930E+02  1.202E+03
  1.241E-01  4.703E-01  1.013E+05  5.255E-10  3.514E-04  2.930E+02  1.204E+03
  1.241E-01  4.766E-01  1.013E+05  3.586E-10  4.140E-04  2.930E+02  1.206E+03
  1.241E-01  4.829E-01  1.013E+05  1.251E-10  4.725E-04  2.930E+02  1.208E+03
  1.241E-01  4.892E-01  1.013E+05 -2.050E-10  5.455E-04  2.930E+02  1.209E+03
  1.241E-01  4.955E-01  1.013E+05 -6.583E-10  4.475E-04  2.930E+02  1.210E+03
  1.241E-01  5.018E-01  1.013E+05 -7.724E-10  1.196E-09  2.930E+02  1.211E+03
  1.241E-01  5.050E-01  1.013E+05  0.000E+00  1.196E-09  2.930E+02  1.211E+03
