VARIABLES="XP","YP","P","U","V","TS","TF"
ZONE T="Zone 001"I=    82 J=    12 F=POINT
  0.000E+00  0.000E+00  1.012E+05 -4.736E-07  1.676E-03  2.930E+02  4.764E+02
  0.000E+00  3.156E-03  1.012E+05 -4.736E-07  1.676E-03  2.930E+02  4.764E+02
  0.000E+00  9.469E-03  1.012E+05 -2.906E-07  6.669E-03  2.930E+02  8.256E+02
  0.000E+00  1.578E-02  1.012E+05  1.334E-07  9.586E-03  2.930E+02  1.136E+03
  0.000E+00  2.209E-02  1.012E+05  4.406E-07  1.121E-02  2.930E+02  1.401E+03
  0.000E+00  2.841E-02  1.012E+05  5.359E-07  1.190E-02  2.931E+02  1.621E+03
  0.000E+00  3.472E-02  1.012E+05  6.098E-07  1.203E-02  2.932E+02  1.805E+03
  0.000E+00  4.103E-02  1.012E+05  6.506E-07  1.189E-02  2.934E+02  1.958E+03
  0.000E+00  4.734E-02  1.012E+05  8.179E-07  1.162E-02  2.941E+02  2.085E+03
  0.000E+00  5.366E-02  1.012E+05  1.337E-06  1.125E-02  2.956E+02  2.194E+03
  0.000E+00  5.997E-02  1.012E+05  6.612E-07  1.082E-02  2.989E+02  2.288E+03
  0.000E+00  6.628E-02  1.012E+05  4.804E-07  1.034E-02  3.052E+02  2.370E+03
  0.000E+00  7.259E-02  1.012E+05  3.181E-07  9.775E-03  3.168E+02  2.446E+03
  0.000E+00  7.891E-02  1.012E+05  1.632E-07  9.008E-03  3.364E+02  2.526E+03
  0.000E+00  8.522E-02  1.012E+05  2.512E-09  7.857E-03  3.668E+02  2.658E+03
  0.000E+00  9.153E-02  1.012E+05 -1.702E-07  7.404E-03  4.101E+02  3.104E+03
  0.000E+00  9.784E-02  1.012E+05 -3.227E-07  4.671E-03  3.668E+02  3.135E+03
  0.000E+00  1.042E-01  1.013E+05 -4.169E-07  4.416E-03  3.364E+02  3.160E+03
  0.000E+00  1.105E-01  1.013E+05 -4.552E-07  4.358E-03  3.168E+02  3.182E+03
  0.000E+00  1.168E-01  1.013E+05 -4.735E-07  4.414E-03  3.052E+02  3.202E+03
  0.000E+00  1.231E-01  1.013E+05 -4.744E-07  4.506E-03  2.989E+02  3.219E+03
  0.000E+00  1.294E-01  1.013E+05 -4.124E-07  4.612E-03  2.956E+02  3.235E+03
  0.000E+00  1.357E-01  1.013E+05 -2.475E-07  4.733E-03  2.941E+02  3.251E+03
  0.000E+00  1.420E-01  1.013E+05  1.756E-07  4.853E-03  2.934E+02  3.265E+03
  0.000E+00  1.483E-01  1.013E+05  9.575E-07  4.946E-03  2.932E+02  3.278E+03
  0.000E+00  1.547E-01  1.013E+05  3.702E-07  4.994E-03  2.931E+02  3.289E+03
  0.000E+00  1.610E-01  1.013E+05  1.472E-07  4.990E-03  2.930E+02  3.299E+03
  0.000E+00  1.673E-01  1.013E+05  1.809E-08  4.947E-03  2.930E+02  3.307E+03
  0.000E+00  1.736E-01  1.013E+05 -1.879E-08  4.847E-03  2.930E+02  3.313E+03
  0.000E+00  1.799E-01  1.013E+05 -2.774E-08  4.701E-03  2.930E+02  3.314E+03
  0.000E+00  1.862E-01  1.013E+05 -2.546E-08  4.511E-03  2.930E+02  3.311E+03
  0.000E+00  1.925E-01  1.013E+05 -1.998E-08  4.271E-03  2.930E+02  3.300E+03
  0.000E+00  1.988E-01  1.013E+05 -1.405E-08  4.011E-03  2.930E+02  3.281E+03
  0.000E+00  2.052E-01  1.013E+05 -8.688E-09  3.736E-03  2.930E+02  3.253E+03
  0.000E+00  2.115E-01  1.013E+05 -4.069E-09  3.453E-03  2.930E+02  3.212E+03
  0.000E+00  2.178E-01  1.013E+05 -2.627E-10  3.166E-03  2.930E+02  3.159E+03
  0.000E+00  2.241E-01  1.013E+05  3.366E-09  2.879E-03  2.930E+02  3.094E+03
  0.000E+00  2.304E-01  1.013E+05  6.182E-09  2.603E-03  2.930E+02  3.016E+03
  0.000E+00  2.367E-01  1.013E+05  8.244E-09  2.334E-03  2.930E+02  2.928E+03
  0.000E+00  2.430E-01  1.013E+05  8.351E-09  2.079E-03  2.930E+02  2.831E+03
  0.000E+00  2.493E-01  1.013E+05  5.638E-09  1.852E-03  2.930E+02  2.728E+03
  0.000E+00  2.557E-01  1.013E+05  7.703E-09  1.641E-03  2.930E+02  2.621E+03
  0.000E+00  2.620E-01  1.013E+05  7.210E-09  1.451E-03  2.930E+02  2.513E+03
  0.000E+00  2.683E-01  1.013E+05  6.794E-09  1.282E-03  2.930E+02  2.406E+03
  0.000E+00  2.746E-01  1.013E+05  6.021E-09  1.119E-03  2.930E+02  2.302E+03
  0.000E+00  2.809E-01  1.013E+05  5.215E-09  9.717E-04  2.930E+02  2.202E+03
  0.000E+00  2.872E-01  1.013E+05  4.432E-09  8.464E-04  2.930E+02  2.109E+03
  0.000E+00  2.935E-01  1.013E+05  3.732E-09  7.382E-04  2.930E+02  2.021E+03
  0.000E+00  2.998E-01  1.013E+05  3.123E-09  6.365E-04  2.930E+02  1.940E+03
  0.000E+00  3.062E-01  1.013E+05  2.602E-09  5.515E-04  2.930E+02  1.867E+03
  0.000E+00  3.125E-01  1.013E+05  2.170E-09  4.828E-04  2.930E+02  1.800E+03
  0.000E+00  3.188E-01  1.013E+05  1.807E-09  4.077E-04  2.930E+02  1.740E+03
  0.000E+00  3.251E-01  1.013E+05  1.491E-09  3.451E-04  2.930E+02  1.686E+03
  0.000E+00  3.314E-01  1.013E+05  1.232E-09  3.065E-04  2.930E+02  1.639E+03
  0.000E+00  3.377E-01  1.013E+05  1.025E-09  2.617E-04  2.930E+02  1.596E+03
  0.000E+00  3.440E-01  1.013E+05  8.535E-10  2.217E-04  2.930E+02  1.559E+03
  0.000E+00  3.503E-01  1.013E+05  7.159E-10  1.914E-04  2.930E+02  1.527E+03
  0.000E+00  3.567E-01  1.013E+05  5.967E-10  1.506E-04  2.930E+02  1.498E+03
  0.000E+00  3.630E-01  1.013E+05  4.844E-10  1.229E-04  2.930E+02  1.473E+03
  0.000E+00  3.693E-01  1.013E+05  3.938E-10  1.110E-04  2.930E+02  1.451E+03
  0.000E+00  3.756E-01  1.013E+05  3.277E-10  9.830E-05  2.930E+02  1.432E+03
  0.000E+00  3.819E-01  1.013E+05  2.819E-10  9.164E-05  2.930E+02  1.416E+03
  0.000E+00  3.882E-01  1.013E+05  2.488E-10  7.581E-05  2.930E+02  1.402E+03
  0.000E+00  3.945E-01  1.013E+05  2.060E-10  4.980E-05  2.930E+02  1.389E+03
  0.000E+00  4.008E-01  1.013E+05  1.537E-10  3.984E-05  2.930E+02  1.379E+03
  0.000E+00  4.072E-01  1.013E+05  1.225E-10  4.339E-05  2.930E+02  1.369E+03
  0.000E+00  4.135E-01  1.013E+05  1.084E-10  3.471E-05  2.930E+02  1.362E+03
  0.000E+00  4.198E-01  1.013E+05  8.309E-11  2.090E-05  2.930E+02  1.355E+03
  0.000E+00  4.261E-01  1.013E+05  5.806E-11  2.187E-05  2.930E+02  1.349E+03
  0.000E+00  4.324E-01  1.013E+05  4.814E-11  2.239E-05  2.930E+02  1.344E+03
  0.000E+00  4.387E-01  1.013E+05  4.132E-11  1.743E-05  2.930E+02  1.340E+03
  0.000E+00  4.450E-01  1.013E+05  3.210E-11  1.406E-05  2.930E+02  1.336E+03
  0.000E+00  4.513E-01  1.013E+05  2.402E-11  1.131E-05  2.930E+02  1.333E+03
  0.000E+00  4.577E-01  1.013E+05  1.372E-11  7.547E-06  2.930E+02  1.330E+03
  0.000E+00  4.640E-01  1.013E+05  5.347E-12  1.133E-05  2.930E+02  1.328E+03
  0.000E+00  4.703E-01  1.013E+05  9.553E-12  1.679E-05  2.930E+02  1.326E+03
  0.000E+00  4.766E-01  1.013E+05  1.155E-11  7.661E-06  2.930E+02  1.325E+03
  0.000E+00  4.829E-01  1.013E+05  3.974E-12  6.698E-06  2.930E+02  1.324E+03
  0.000E+00  4.892E-01  1.013E+05  9.735E-12  1.306E-05  2.930E+02  1.323E+03
  0.000E+00  4.955E-01  1.013E+05  2.208E-11  7.225E-06  2.930E+02  1.323E+03
  0.000E+00  5.018E-01  1.013E+05  2.275E-11 -5.750E-06  2.930E+02  1.322E+03
  0.000E+00  5.050E-01  1.013E+05  2.275E-11 -5.750E-06  2.930E+02  1.322E+03
  6.203E-03  0.000E+00  1.012E+05  0.000E+00  0.000E+00  2.930E+02  2.930E+02
  6.203E-03  3.156E-03  1.012E+05 -4.736E-07  1.676E-03  2.930E+02  4.764E+02
  6.203E-03  9.469E-03  1.012E+05 -2.906E-07  6.669E-03  2.930E+02  8.256E+02
  6.203E-03  1.578E-02  1.012E+05  1.334E-07  9.586E-03  2.930E+02  1.136E+03
  6.203E-03  2.209E-02  1.012E+05  4.406E-07  1.121E-02  2.930E+02  1.401E+03
  6.203E-03  2.841E-02  1.012E+05  5.359E-07  1.190E-02  2.931E+02  1.621E+03
  6.203E-03  3.472E-02  1.012E+05  6.098E-07  1.203E-02  2.932E+02  1.805E+03
  6.203E-03  4.103E-02  1.012E+05  6.506E-07  1.189E-02  2.934E+02  1.958E+03
  6.203E-03  4.734E-02  1.012E+05  8.179E-07  1.162E-02  2.941E+02  2.085E+03
  6.203E-03  5.366E-02  1.012E+05  1.337E-06  1.125E-02  2.956E+02  2.194E+03
  6.203E-03  5.997E-02  1.012E+05  6.612E-07  1.082E-02  2.989E+02  2.288E+03
  6.203E-03  6.628E-02  1.012E+05  4.804E-07  1.034E-02  3.052E+02  2.370E+03
  6.203E-03  7.259E-02  1.012E+05  3.181E-07  9.775E-03  3.168E+02  2.446E+03
  6.203E-03  7.891E-02  1.012E+05  1.632E-07  9.008E-03  3.364E+02  2.526E+03
  6.203E-03  8.522E-02  1.012E+05  2.512E-09  7.857E-03  3.668E+02  2.658E+03
  6.203E-03  9.153E-02  1.012E+05 -1.702E-07  7.404E-03  4.101E+02  3.104E+03
  6.203E-03  9.784E-02  1.012E+05 -3.227E-07  4.671E-03  3.668E+02  3.135E+03
  6.203E-03  1.042E-01  1.013E+05 -4.169E-07  4.416E-03  3.364E+02  3.160E+03
  6.203E-03  1.105E-01  1.013E+05 -4.552E-07  4.358E-03  3.168E+02  3.182E+03
  6.203E-03  1.168E-01  1.013E+05 -4.735E-07  4.414E-03  3.052E+02  3.202E+03
  6.203E-03  1.231E-01  1.013E+05 -4.744E-07  4.506E-03  2.989E+02  3.219E+03
  6.203E-03  1.294E-01  1.013E+05 -4.124E-07  4.612E-03  2.956E+02  3.235E+03
  6.203E-03  1.357E-01  1.013E+05 -2.475E-07  4.733E-03  2.941E+02  3.251E+03
  6.203E-03  1.420E-01  1.013E+05  1.756E-07  4.853E-03  2.934E+02  3.265E+03
  6.203E-03  1.483E-01  1.013E+05  9.575E-07  4.946E-03  2.932E+02  3.278E+03
  6.203E-03  1.547E-01  1.013E+05  3.702E-07  4.994E-03  2.931E+02  3.289E+03
  6.203E-03  1.610E-01  1.013E+05  1.472E-07  4.990E-03  2.930E+02  3.299E+03
  6.203E-03  1.673E-01  1.013E+05  1.809E-08  4.947E-03  2.930E+02  3.307E+03
  6.203E-03  1.736E-01  1.013E+05 -1.879E-08  4.847E-03  2.930E+02  3.313E+03
  6.203E-03  1.799E-01  1.013E+05 -2.774E-08  4.701E-03  2.930E+02  3.314E+03
  6.203E-03  1.862E-01  1.013E+05 -2.546E-08  4.511E-03  2.930E+02  3.311E+03
  6.203E-03  1.925E-01  1.013E+05 -1.998E-08  4.271E-03  2.930E+02  3.300E+03
  6.203E-03  1.988E-01  1.013E+05 -1.405E-08  4.011E-03  2.930E+02  3.281E+03
  6.203E-03  2.052E-01  1.013E+05 -8.688E-09  3.736E-03  2.930E+02  3.253E+03
  6.203E-03  2.115E-01  1.013E+05 -4.069E-09  3.453E-03  2.930E+02  3.212E+03
  6.203E-03  2.178E-01  1.013E+05 -2.627E-10  3.166E-03  2.930E+02  3.159E+03
  6.203E-03  2.241E-01  1.013E+05  3.366E-09  2.879E-03  2.930E+02  3.094E+03
  6.203E-03  2.304E-01  1.013E+05  6.182E-09  2.603E-03  2.930E+02  3.016E+03
  6.203E-03  2.367E-01  1.013E+05  8.244E-09  2.334E-03  2.930E+02  2.928E+03
  6.203E-03  2.430E-01  1.013E+05  8.351E-09  2.079E-03  2.930E+02  2.831E+03
  6.203E-03  2.493E-01  1.013E+05  5.638E-09  1.852E-03  2.930E+02  2.728E+03
  6.203E-03  2.557E-01  1.013E+05  7.703E-09  1.641E-03  2.930E+02  2.621E+03
  6.203E-03  2.620E-01  1.013E+05  7.210E-09  1.451E-03  2.930E+02  2.513E+03
  6.203E-03  2.683E-01  1.013E+05  6.794E-09  1.282E-03  2.930E+02  2.406E+03
  6.203E-03  2.746E-01  1.013E+05  6.021E-09  1.119E-03  2.930E+02  2.302E+03
  6.203E-03  2.809E-01  1.013E+05  5.215E-09  9.717E-04  2.930E+02  2.202E+03
  6.203E-03  2.872E-01  1.013E+05  4.432E-09  8.464E-04  2.930E+02  2.109E+03
  6.203E-03  2.935E-01  1.013E+05  3.732E-09  7.382E-04  2.930E+02  2.021E+03
  6.203E-03  2.998E-01  1.013E+05  3.123E-09  6.365E-04  2.930E+02  1.940E+03
  6.203E-03  3.062E-01  1.013E+05  2.602E-09  5.515E-04  2.930E+02  1.867E+03
  6.203E-03  3.125E-01  1.013E+05  2.170E-09  4.828E-04  2.930E+02  1.800E+03
  6.203E-03  3.188E-01  1.013E+05  1.807E-09  4.077E-04  2.930E+02  1.740E+03
  6.203E-03  3.251E-01  1.013E+05  1.491E-09  3.451E-04  2.930E+02  1.686E+03
  6.203E-03  3.314E-01  1.013E+05  1.232E-09  3.065E-04  2.930E+02  1.639E+03
  6.203E-03  3.377E-01  1.013E+05  1.025E-09  2.617E-04  2.930E+02  1.596E+03
  6.203E-03  3.440E-01  1.013E+05  8.535E-10  2.217E-04  2.930E+02  1.559E+03
  6.203E-03  3.503E-01  1.013E+05  7.159E-10  1.914E-04  2.930E+02  1.527E+03
  6.203E-03  3.567E-01  1.013E+05  5.967E-10  1.506E-04  2.930E+02  1.498E+03
  6.203E-03  3.630E-01  1.013E+05  4.844E-10  1.229E-04  2.930E+02  1.473E+03
  6.203E-03  3.693E-01  1.013E+05  3.938E-10  1.110E-04  2.930E+02  1.451E+03
  6.203E-03  3.756E-01  1.013E+05  3.277E-10  9.830E-05  2.930E+02  1.432E+03
  6.203E-03  3.819E-01  1.013E+05  2.819E-10  9.164E-05  2.930E+02  1.416E+03
  6.203E-03  3.882E-01  1.013E+05  2.488E-10  7.581E-05  2.930E+02  1.402E+03
  6.203E-03  3.945E-01  1.013E+05  2.060E-10  4.980E-05  2.930E+02  1.389E+03
  6.203E-03  4.008E-01  1.013E+05  1.537E-10  3.984E-05  2.930E+02  1.379E+03
  6.203E-03  4.072E-01  1.013E+05  1.225E-10  4.339E-05  2.930E+02  1.369E+03
  6.203E-03  4.135E-01  1.013E+05  1.084E-10  3.471E-05  2.930E+02  1.362E+03
  6.203E-03  4.198E-01  1.013E+05  8.309E-11  2.090E-05  2.930E+02  1.355E+03
  6.203E-03  4.261E-01  1.013E+05  5.806E-11  2.187E-05  2.930E+02  1.349E+03
  6.203E-03  4.324E-01  1.013E+05  4.814E-11  2.239E-05  2.930E+02  1.344E+03
  6.203E-03  4.387E-01  1.013E+05  4.132E-11  1.743E-05  2.930E+02  1.340E+03
  6.203E-03  4.450E-01  1.013E+05  3.210E-11  1.406E-05  2.930E+02  1.336E+03
  6.203E-03  4.513E-01  1.013E+05  2.402E-11  1.131E-05  2.930E+02  1.333E+03
  6.203E-03  4.577E-01  1.013E+05  1.372E-11  7.547E-06  2.930E+02  1.330E+03
  6.203E-03  4.640E-01  1.013E+05  5.347E-12  1.133E-05  2.930E+02  1.328E+03
  6.203E-03  4.703E-01  1.013E+05  9.553E-12  1.679E-05  2.930E+02  1.326E+03
  6.203E-03  4.766E-01  1.013E+05  1.155E-11  7.661E-06  2.930E+02  1.325E+03
  6.203E-03  4.829E-01  1.013E+05  3.974E-12  6.698E-06  2.930E+02  1.324E+03
  6.203E-03  4.892E-01  1.013E+05  9.735E-12  1.306E-05  2.930E+02  1.323E+03
  6.203E-03  4.955E-01  1.013E+05  2.208E-11  7.225E-06  2.930E+02  1.323E+03
  6.203E-03  5.018E-01  1.013E+05  2.275E-11 -5.750E-06  2.930E+02  1.322E+03
  6.203E-03  5.050E-01  1.013E+05  0.000E+00 -5.750E-06  2.930E+02  1.322E+03
  1.861E-02  0.000E+00  1.012E+05  0.000E+00  0.000E+00  2.930E+02  2.930E+02
  1.861E-02  3.156E-03  1.012E+05 -2.318E-06  1.675E-03  2.930E+02  4.764E+02
  1.861E-02  9.469E-03  1.012E+05 -3.291E-06  6.669E-03  2.930E+02  8.256E+02
  1.861E-02  1.578E-02  1.012E+05 -9.904E-08  9.587E-03  2.930E+02  1.136E+03
  1.861E-02  2.209E-02  1.012E+05  1.950E-06  1.121E-02  2.930E+02  1.400E+03
  1.861E-02  2.841E-02  1.012E+05  1.399E-06  1.190E-02  2.931E+02  1.621E+03
  1.861E-02  3.472E-02  1.012E+05  1.382E-06  1.203E-02  2.932E+02  1.805E+03
  1.861E-02  4.103E-02  1.012E+05  1.306E-06  1.190E-02  2.934E+02  1.957E+03
  1.861E-02  4.734E-02  1.012E+05  1.389E-06  1.162E-02  2.941E+02  2.085E+03
  1.861E-02  5.366E-02  1.012E+05  1.624E-06  1.125E-02  2.956E+02  2.194E+03
  1.861E-02  5.997E-02  1.012E+05  1.120E-06  1.082E-02  2.989E+02  2.288E+03
  1.861E-02  6.628E-02  1.012E+05  9.097E-07  1.034E-02  3.052E+02  2.371E+03
  1.861E-02  7.259E-02  1.012E+05  6.640E-07  9.777E-03  3.168E+02  2.446E+03
  1.861E-02  7.891E-02  1.012E+05  3.579E-07  9.010E-03  3.364E+02  2.526E+03
  1.861E-02  8.522E-02  1.012E+05 -1.515E-08  7.859E-03  3.668E+02  2.658E+03
  1.861E-02  9.153E-02  1.012E+05 -4.537E-07  7.406E-03  4.101E+02  3.104E+03
  1.861E-02  9.784E-02  1.012E+05 -8.426E-07  4.673E-03  3.668E+02  3.135E+03
  1.861E-02  1.042E-01  1.013E+05 -1.056E-06  4.417E-03  3.364E+02  3.160E+03
  1.861E-02  1.105E-01  1.013E+05 -1.101E-06  4.359E-03  3.168E+02  3.182E+03
  1.861E-02  1.168E-01  1.013E+05 -1.101E-06  4.415E-03  3.052E+02  3.202E+03
  1.861E-02  1.231E-01  1.013E+05 -1.121E-06  4.507E-03  2.989E+02  3.219E+03
  1.861E-02  1.294E-01  1.013E+05 -1.230E-06  4.613E-03  2.956E+02  3.236E+03
  1.861E-02  1.357E-01  1.013E+05 -1.173E-06  4.733E-03  2.941E+02  3.251E+03
  1.861E-02  1.420E-01  1.013E+05 -4.780E-07  4.856E-03  2.934E+02  3.265E+03
  1.861E-02  1.483E-01  1.013E+05  3.892E-07  4.946E-03  2.932E+02  3.278E+03
  1.861E-02  1.547E-01  1.013E+05  1.050E-07  4.991E-03  2.931E+02  3.289E+03
  1.861E-02  1.610E-01  1.013E+05 -3.231E-08  4.989E-03  2.930E+02  3.299E+03
  1.861E-02  1.673E-01  1.013E+05 -1.075E-07  4.946E-03  2.930E+02  3.308E+03
  1.861E-02  1.736E-01  1.013E+05 -1.121E-07  4.847E-03  2.930E+02  3.313E+03
  1.861E-02  1.799E-01  1.013E+05 -9.745E-08  4.700E-03  2.930E+02  3.314E+03
  1.861E-02  1.862E-01  1.013E+05 -7.689E-08  4.511E-03  2.930E+02  3.311E+03
  1.861E-02  1.925E-01  1.013E+05 -5.688E-08  4.271E-03  2.930E+02  3.300E+03
  1.861E-02  1.988E-01  1.013E+05 -3.926E-08  4.011E-03  2.930E+02  3.281E+03
  1.861E-02  2.052E-01  1.013E+05 -2.446E-08  3.736E-03  2.930E+02  3.253E+03
  1.861E-02  2.115E-01  1.013E+05 -1.196E-08  3.453E-03  2.930E+02  3.212E+03
  1.861E-02  2.178E-01  1.013E+05 -1.720E-09  3.166E-03  2.930E+02  3.159E+03
  1.861E-02  2.241E-01  1.013E+05  8.559E-09  2.879E-03  2.930E+02  3.094E+03
  1.861E-02  2.304E-01  1.013E+05  1.655E-08  2.603E-03  2.930E+02  3.016E+03
  1.861E-02  2.367E-01  1.013E+05  2.609E-08  2.334E-03  2.930E+02  2.928E+03
  1.861E-02  2.430E-01  1.013E+05  2.192E-08  2.079E-03  2.930E+02  2.831E+03
  1.861E-02  2.493E-01  1.013E+05  2.600E-08  1.852E-03  2.930E+02  2.728E+03
  1.861E-02  2.557E-01  1.013E+05  2.352E-08  1.641E-03  2.930E+02  2.621E+03
  1.861E-02  2.620E-01  1.013E+05  2.073E-08  1.451E-03  2.930E+02  2.513E+03
  1.861E-02  2.683E-01  1.013E+05  1.753E-08  1.282E-03  2.930E+02  2.406E+03
  1.861E-02  2.746E-01  1.013E+05  1.461E-08  1.119E-03  2.930E+02  2.302E+03
  1.861E-02  2.809E-01  1.013E+05  1.207E-08  9.717E-04  2.930E+02  2.202E+03
  1.861E-02  2.872E-01  1.013E+05  9.933E-09  8.464E-04  2.930E+02  2.109E+03
  1.861E-02  2.935E-01  1.013E+05  8.158E-09  7.382E-04  2.930E+02  2.021E+03
  1.861E-02  2.998E-01  1.013E+05  6.692E-09  6.365E-04  2.930E+02  1.940E+03
  1.861E-02  3.062E-01  1.013E+05  5.480E-09  5.515E-04  2.930E+02  1.867E+03
  1.861E-02  3.125E-01  1.013E+05  4.491E-09  4.828E-04  2.930E+02  1.800E+03
  1.861E-02  3.188E-01  1.013E+05  3.677E-09  4.077E-04  2.930E+02  1.740E+03
  1.861E-02  3.251E-01  1.013E+05  2.999E-09  3.451E-04  2.930E+02  1.686E+03
  1.861E-02  3.314E-01  1.013E+05  2.449E-09  3.065E-04  2.930E+02  1.639E+03
  1.861E-02  3.377E-01  1.013E+05  2.011E-09  2.617E-04  2.930E+02  1.596E+03
  1.861E-02  3.440E-01  1.013E+05  1.653E-09  2.217E-04  2.930E+02  1.559E+03
  1.861E-02  3.503E-01  1.013E+05  1.363E-09  1.914E-04  2.930E+02  1.527E+03
  1.861E-02  3.567E-01  1.013E+05  1.117E-09  1.506E-04  2.930E+02  1.498E+03
  1.861E-02  3.630E-01  1.013E+05  8.975E-10  1.229E-04  2.930E+02  1.473E+03
  1.861E-02  3.693E-01  1.013E+05  7.177E-10  1.110E-04  2.930E+02  1.451E+03
  1.861E-02  3.756E-01  1.013E+05  5.778E-10  9.830E-05  2.930E+02  1.432E+03
  1.861E-02  3.819E-01  1.013E+05  4.716E-10  9.164E-05  2.930E+02  1.416E+03
  1.861E-02  3.882E-01  1.013E+05  3.901E-10  7.581E-05  2.930E+02  1.402E+03
  1.861E-02  3.945E-01  1.013E+05  3.067E-10  4.980E-05  2.930E+02  1.389E+03
  1.861E-02  4.008E-01  1.013E+05  2.209E-10  3.984E-05  2.930E+02  1.379E+03
  1.861E-02  4.072E-01  1.013E+05  1.624E-10  4.339E-05  2.930E+02  1.369E+03
  1.861E-02  4.135E-01  1.013E+05  1.274E-10  3.471E-05  2.930E+02  1.362E+03
  1.861E-02  4.198E-01  1.013E+05  8.436E-11  2.090E-05  2.930E+02  1.355E+03
  1.861E-02  4.261E-01  1.013E+05  4.283E-11  2.187E-05  2.930E+02  1.349E+03
  1.861E-02  4.324E-01  1.013E+05  2.149E-11  2.239E-05  2.930E+02  1.344E+03
  1.861E-02  4.387E-01  1.013E+05  5.091E-12  1.743E-05  2.930E+02  1.340E+03
  1.861E-02  4.450E-01  1.013E+05 -9.701E-12  1.406E-05  2.930E+02  1.336E+03
  1.861E-02  4.513E-01  1.013E+05 -2.162E-11  1.131E-05  2.930E+02  1.333E+03
  1.861E-02  4.577E-01  1.013E+05 -3.159E-11  7.547E-06  2.930E+02  1.330E+03
  1.861E-02  4.640E-01  1.013E+05 -3.713E-11  1.133E-05  2.930E+02  1.328E+03
  1.861E-02  4.703E-01  1.013E+05 -2.777E-11  1.679E-05  2.930E+02  1.326E+03
  1.861E-02  4.766E-01  1.013E+05 -1.809E-11  7.661E-06  2.930E+02  1.325E+03
  1.861E-02  4.829E-01  1.013E+05 -1.832E-11  6.698E-06  2.930E+02  1.324E+03
  1.861E-02  4.892E-01  1.013E+05 -4.973E-12  1.306E-05  2.930E+02  1.323E+03
  1.861E-02  4.955E-01  1.013E+05  1.639E-11  7.225E-06  2.930E+02  1.323E+03
  1.861E-02  5.018E-01  1.013E+05  2.136E-11 -5.750E-06  2.930E+02  1.322E+03
  1.861E-02  5.050E-01  1.013E+05  0.000E+00 -5.750E-06  2.930E+02  1.322E+03
  3.102E-02  0.000E+00  1.012E+05  0.000E+00  0.000E+00  2.930E+02  2.930E+02
  3.102E-02  3.156E-03  1.012E+05 -2.001E-06  1.634E-03  2.930E+02  4.771E+02
  3.102E-02  9.469E-03  1.012E+05 -3.060E-06  6.670E-03  2.930E+02  8.257E+02
  3.102E-02  1.578E-02  1.012E+05  1.415E-08  9.596E-03  2.930E+02  1.135E+03
  3.102E-02  2.209E-02  1.012E+05  1.998E-06  1.122E-02  2.930E+02  1.400E+03
  3.102E-02  2.841E-02  1.012E+05  1.409E-06  1.190E-02  2.931E+02  1.621E+03
  3.102E-02  3.472E-02  1.012E+05  1.347E-06  1.203E-02  2.932E+02  1.805E+03
  3.102E-02  4.103E-02  1.012E+05  1.228E-06  1.190E-02  2.934E+02  1.957E+03
  3.102E-02  4.734E-02  1.012E+05  1.131E-06  1.162E-02  2.941E+02  2.085E+03
  3.102E-02  5.366E-02  1.012E+05  8.084E-07  1.126E-02  2.956E+02  2.194E+03
  3.102E-02  5.997E-02  1.012E+05  9.361E-07  1.083E-02  2.989E+02  2.288E+03
  3.102E-02  6.628E-02  1.012E+05  8.375E-07  1.034E-02  3.052E+02  2.371E+03
  3.102E-02  7.259E-02  1.012E+05  6.636E-07  9.781E-03  3.168E+02  2.446E+03
  3.102E-02  7.891E-02  1.012E+05  3.762E-07  9.015E-03  3.364E+02  2.526E+03
  3.102E-02  8.522E-02  1.012E+05 -8.743E-09  7.863E-03  3.668E+02  2.658E+03
  3.102E-02  9.153E-02  1.012E+05 -5.317E-07  7.410E-03  4.101E+02  3.104E+03
  3.102E-02  9.784E-02  1.012E+05 -9.956E-07  4.677E-03  3.668E+02  3.135E+03
  3.102E-02  1.042E-01  1.013E+05 -1.228E-06  4.421E-03  3.364E+02  3.160E+03
  3.102E-02  1.105E-01  1.013E+05 -1.104E-06  4.362E-03  3.168E+02  3.182E+03
  3.102E-02  1.168E-01  1.013E+05 -8.872E-07  4.418E-03  3.052E+02  3.202E+03
  3.102E-02  1.231E-01  1.013E+05 -1.098E-06  4.509E-03  2.989E+02  3.220E+03
  3.102E-02  1.294E-01  1.013E+05 -1.430E-06  4.613E-03  2.956E+02  3.236E+03
  3.102E-02  1.357E-01  1.013E+05 -1.550E-06  4.734E-03  2.941E+02  3.251E+03
  3.102E-02  1.420E-01  1.013E+05 -1.146E-06  4.858E-03  2.934E+02  3.265E+03
  3.102E-02  1.483E-01  1.013E+05 -8.838E-07  4.947E-03  2.932E+02  3.278E+03
  3.102E-02  1.547E-01  1.013E+05 -5.630E-07  4.992E-03  2.931E+02  3.289E+03
  3.102E-02  1.610E-01  1.013E+05 -4.536E-07  4.990E-03  2.930E+02  3.300E+03
  3.102E-02  1.673E-01  1.013E+05 -3.008E-07  4.947E-03  2.930E+02  3.308E+03
  3.102E-02  1.736E-01  1.013E+05 -2.216E-07  4.847E-03  2.930E+02  3.313E+03
  3.102E-02  1.799E-01  1.013E+05 -1.628E-07  4.700E-03  2.930E+02  3.314E+03
  3.102E-02  1.862E-01  1.013E+05 -1.190E-07  4.511E-03  2.930E+02  3.311E+03
  3.102E-02  1.925E-01  1.013E+05 -8.521E-08  4.271E-03  2.930E+02  3.300E+03
  3.102E-02  1.988E-01  1.013E+05 -5.871E-08  4.011E-03  2.930E+02  3.282E+03
  3.102E-02  2.052E-01  1.013E+05 -3.771E-08  3.736E-03  2.930E+02  3.253E+03
  3.102E-02  2.115E-01  1.013E+05 -1.906E-08  3.453E-03  2.930E+02  3.212E+03
  3.102E-02  2.178E-01  1.013E+05 -3.195E-09  3.166E-03  2.930E+02  3.159E+03
  3.102E-02  2.241E-01  1.013E+05  2.458E-08  2.879E-03  2.930E+02  3.094E+03
  3.102E-02  2.304E-01  1.013E+05  5.458E-08  2.603E-03  2.930E+02  3.016E+03
  3.102E-02  2.367E-01  1.013E+05  1.034E-07  2.334E-03  2.930E+02  2.928E+03
  3.102E-02  2.430E-01  1.013E+05  1.309E-07  2.079E-03  2.930E+02  2.831E+03
  3.102E-02  2.493E-01  1.013E+05  1.096E-07  1.852E-03  2.930E+02  2.728E+03
  3.102E-02  2.557E-01  1.013E+05  6.824E-08  1.641E-03  2.930E+02  2.621E+03
  3.102E-02  2.620E-01  1.013E+05  4.579E-08  1.451E-03  2.930E+02  2.513E+03
  3.102E-02  2.683E-01  1.013E+05  2.982E-08  1.282E-03  2.930E+02  2.406E+03
  3.102E-02  2.746E-01  1.013E+05  2.051E-08  1.119E-03  2.930E+02  2.302E+03
  3.102E-02  2.809E-01  1.013E+05  1.466E-08  9.717E-04  2.930E+02  2.202E+03
  3.102E-02  2.872E-01  1.013E+05  1.093E-08  8.464E-04  2.930E+02  2.109E+03
  3.102E-02  2.935E-01  1.013E+05  8.407E-09  7.382E-04  2.930E+02  2.021E+03
  3.102E-02  2.998E-01  1.013E+05  6.601E-09  6.365E-04  2.930E+02  1.940E+03
  3.102E-02  3.062E-01  1.013E+05  5.244E-09  5.515E-04  2.930E+02  1.867E+03
  3.102E-02  3.125E-01  1.013E+05  4.194E-09  4.828E-04  2.930E+02  1.800E+03
  3.102E-02  3.188E-01  1.013E+05  3.365E-09  4.077E-04  2.930E+02  1.740E+03
  3.102E-02  3.251E-01  1.013E+05  2.704E-09  3.451E-04  2.930E+02  1.686E+03
  3.102E-02  3.314E-01  1.013E+05  2.176E-09  3.065E-04  2.930E+02  1.639E+03
  3.102E-02  3.377E-01  1.013E+05  1.754E-09  2.617E-04  2.930E+02  1.596E+03
  3.102E-02  3.440E-01  1.013E+05  1.414E-09  2.217E-04  2.930E+02  1.559E+03
  3.102E-02  3.503E-01  1.013E+05  1.137E-09  1.914E-04  2.930E+02  1.527E+03
  3.102E-02  3.567E-01  1.013E+05  9.101E-10  1.506E-04  2.930E+02  1.498E+03
  3.102E-02  3.630E-01  1.013E+05  7.204E-10  1.229E-04  2.930E+02  1.473E+03
  3.102E-02  3.693E-01  1.013E+05  5.645E-10  1.110E-04  2.930E+02  1.451E+03
  3.102E-02  3.756E-01  1.013E+05  4.372E-10  9.830E-05  2.930E+02  1.432E+03
  3.102E-02  3.819E-01  1.013E+05  3.338E-10  9.164E-05  2.930E+02  1.416E+03
  3.102E-02  3.882E-01  1.013E+05  2.504E-10  7.581E-05  2.930E+02  1.402E+03
  3.102E-02  3.945E-01  1.013E+05  1.806E-10  4.980E-05  2.930E+02  1.389E+03
  3.102E-02  4.008E-01  1.013E+05  1.234E-10  3.984E-05  2.930E+02  1.379E+03
  3.102E-02  4.072E-01  1.013E+05  7.689E-11  4.339E-05  2.930E+02  1.369E+03
  3.102E-02  4.135E-01  1.013E+05  4.014E-11  3.471E-05  2.930E+02  1.362E+03
  3.102E-02  4.198E-01  1.013E+05  9.426E-12  2.090E-05  2.930E+02  1.355E+03
  3.102E-02  4.261E-01  1.013E+05 -1.774E-11  2.187E-05  2.930E+02  1.349E+03
  3.102E-02  4.324E-01  1.013E+05 -3.743E-11  2.239E-05  2.930E+02  1.344E+03
  3.102E-02  4.387E-01  1.013E+05 -5.355E-11  1.743E-05  2.930E+02  1.340E+03
  3.102E-02  4.450E-01  1.013E+05 -6.398E-11  1.406E-05  2.930E+02  1.336E+03
  3.102E-02  4.513E-01  1.013E+05 -7.116E-11  1.131E-05  2.930E+02  1.333E+03
  3.102E-02  4.577E-01  1.013E+05 -7.240E-11  7.547E-06  2.930E+02  1.330E+03
  3.102E-02  4.640E-01  1.013E+05 -6.921E-11  1.133E-05  2.930E+02  1.328E+03
  3.102E-02  4.703E-01  1.013E+05 -6.231E-11  1.679E-05  2.930E+02  1.326E+03
  3.102E-02  4.766E-01  1.013E+05 -5.166E-11  7.661E-06  2.930E+02  1.325E+03
  3.102E-02  4.829E-01  1.013E+05 -4.044E-11  6.698E-06  2.930E+02  1.324E+03
  3.102E-02  4.892E-01  1.013E+05 -2.906E-11  1.306E-05  2.930E+02  1.323E+03
  3.102E-02  4.955E-01  1.013E+05 -1.560E-11  7.225E-06  2.930E+02  1.323E+03
  3.102E-02  5.018E-01  1.013E+05 -8.304E-12 -5.750E-06  2.930E+02  1.322E+03
  3.102E-02  5.050E-01  1.013E+05  0.000E+00 -5.750E-06  2.930E+02  1.322E+03
  4.342E-02  0.000E+00  1.012E+05  0.000E+00  0.000E+00  2.930E+02  2.930E+02
  4.342E-02  3.156E-03  1.012E+05  1.811E-07  1.634E-03  2.930E+02  4.771E+02
  4.342E-02  9.469E-03  1.012E+05  4.725E-07  6.671E-03  2.930E+02  8.257E+02
  4.342E-02  1.578E-02  1.012E+05  5.554E-07  9.598E-03  2.930E+02  1.135E+03
  4.342E-02  2.209E-02  1.012E+05  8.110E-07  1.122E-02  2.930E+02  1.400E+03
  4.342E-02  2.841E-02  1.012E+05  8.651E-07  1.190E-02  2.931E+02  1.621E+03
  4.342E-02  3.472E-02  1.012E+05  8.993E-07  1.203E-02  2.932E+02  1.805E+03
  4.342E-02  4.103E-02  1.012E+05  8.949E-07  1.190E-02  2.934E+02  1.957E+03
  4.342E-02  4.734E-02  1.012E+05  8.743E-07  1.162E-02  2.941E+02  2.085E+03
  4.342E-02  5.366E-02  1.012E+05  8.172E-07  1.126E-02  2.956E+02  2.194E+03
  4.342E-02  5.997E-02  1.012E+05  7.559E-07  1.083E-02  2.989E+02  2.288E+03
  4.342E-02  6.628E-02  1.012E+05  6.580E-07  1.035E-02  3.052E+02  2.371E+03
  4.342E-02  7.259E-02  1.012E+05  5.268E-07  9.785E-03  3.168E+02  2.446E+03
  4.342E-02  7.891E-02  1.012E+05  3.305E-07  9.019E-03  3.364E+02  2.526E+03
  4.342E-02  8.522E-02  1.012E+05  6.969E-08  7.868E-03  3.668E+02  2.658E+03
  4.342E-02  9.153E-02  1.012E+05 -3.729E-07  7.415E-03  4.101E+02  3.104E+03
  4.342E-02  9.784E-02  1.012E+05 -7.983E-07  4.681E-03  3.668E+02  3.135E+03
  4.342E-02  1.042E-01  1.013E+05 -9.886E-07  4.425E-03  3.364E+02  3.161E+03
  4.342E-02  1.105E-01  1.013E+05 -8.413E-07  4.366E-03  3.168E+02  3.182E+03
  4.342E-02  1.168E-01  1.013E+05 -5.999E-07  4.420E-03  3.052E+02  3.202E+03
  4.342E-02  1.231E-01  1.013E+05 -7.843E-07  4.510E-03  2.989E+02  3.220E+03
  4.342E-02  1.294E-01  1.013E+05 -9.398E-07  4.615E-03  2.956E+02  3.236E+03
  4.342E-02  1.357E-01  1.013E+05 -9.187E-07  4.736E-03  2.941E+02  3.251E+03
  4.342E-02  1.420E-01  1.013E+05 -7.496E-07  4.858E-03  2.934E+02  3.265E+03
  4.342E-02  1.483E-01  1.013E+05 -5.231E-07  4.948E-03  2.932E+02  3.278E+03
  4.342E-02  1.547E-01  1.013E+05 -4.741E-07  4.994E-03  2.931E+02  3.290E+03
  4.342E-02  1.610E-01  1.013E+05 -4.233E-07  4.990E-03  2.930E+02  3.300E+03
  4.342E-02  1.673E-01  1.013E+05 -2.894E-07  4.947E-03  2.930E+02  3.308E+03
  4.342E-02  1.736E-01  1.013E+05 -2.145E-07  4.847E-03  2.930E+02  3.313E+03
  4.342E-02  1.799E-01  1.013E+05 -1.571E-07  4.701E-03  2.930E+02  3.315E+03
  4.342E-02  1.862E-01  1.013E+05 -1.145E-07  4.511E-03  2.930E+02  3.311E+03
  4.342E-02  1.925E-01  1.013E+05 -8.225E-08  4.271E-03  2.930E+02  3.300E+03
  4.342E-02  1.988E-01  1.013E+05 -5.767E-08  4.011E-03  2.930E+02  3.282E+03
  4.342E-02  2.052E-01  1.013E+05 -3.873E-08  3.736E-03  2.930E+02  3.253E+03
  4.342E-02  2.115E-01  1.013E+05 -2.134E-08  3.453E-03  2.930E+02  3.212E+03
  4.342E-02  2.178E-01  1.013E+05 -4.506E-09  3.166E-03  2.930E+02  3.159E+03
  4.342E-02  2.241E-01  1.013E+05  3.773E-08  2.879E-03  2.930E+02  3.094E+03
  4.342E-02  2.304E-01  1.013E+05  9.208E-08  2.603E-03  2.930E+02  3.016E+03
  4.342E-02  2.367E-01  1.013E+05  3.107E-07  2.334E-03  2.930E+02  2.928E+03
  4.342E-02  2.430E-01  1.013E+05  5.529E-07  2.079E-03  2.930E+02  2.831E+03
  4.342E-02  2.493E-01  1.013E+05  3.162E-07  1.851E-03  2.930E+02  2.728E+03
  4.342E-02  2.557E-01  1.013E+05  1.038E-07  1.640E-03  2.930E+02  2.621E+03
  4.342E-02  2.620E-01  1.013E+05  5.629E-08  1.451E-03  2.930E+02  2.513E+03
  4.342E-02  2.683E-01  1.013E+05  2.520E-08  1.282E-03  2.930E+02  2.406E+03
  4.342E-02  2.746E-01  1.013E+05  1.430E-08  1.119E-03  2.930E+02  2.302E+03
  4.342E-02  2.809E-01  1.013E+05  8.980E-09  9.716E-04  2.930E+02  2.202E+03
  4.342E-02  2.872E-01  1.013E+05  6.513E-09  8.464E-04  2.930E+02  2.109E+03
  4.342E-02  2.935E-01  1.013E+05  5.101E-09  7.381E-04  2.930E+02  2.021E+03
  4.342E-02  2.998E-01  1.013E+05  4.153E-09  6.365E-04  2.930E+02  1.940E+03
  4.342E-02  3.062E-01  1.013E+05  3.420E-09  5.515E-04  2.930E+02  1.867E+03
  4.342E-02  3.125E-01  1.013E+05  2.817E-09  4.828E-04  2.930E+02  1.800E+03
  4.342E-02  3.188E-01  1.013E+05  2.311E-09  4.077E-04  2.930E+02  1.740E+03
  4.342E-02  3.251E-01  1.013E+05  1.886E-09  3.451E-04  2.930E+02  1.686E+03
  4.342E-02  3.314E-01  1.013E+05  1.532E-09  3.065E-04  2.930E+02  1.639E+03
  4.342E-02  3.377E-01  1.013E+05  1.241E-09  2.617E-04  2.930E+02  1.596E+03
  4.342E-02  3.440E-01  1.013E+05  9.981E-10  2.217E-04  2.930E+02  1.559E+03
  4.342E-02  3.503E-01  1.013E+05  7.954E-10  1.913E-04  2.930E+02  1.527E+03
  4.342E-02  3.567E-01  1.013E+05  6.258E-10  1.506E-04  2.930E+02  1.498E+03
  4.342E-02  3.630E-01  1.013E+05  4.827E-10  1.229E-04  2.930E+02  1.473E+03
  4.342E-02  3.693E-01  1.013E+05  3.646E-10  1.110E-04  2.930E+02  1.451E+03
  4.342E-02  3.756E-01  1.013E+05  2.679E-10  9.830E-05  2.930E+02  1.432E+03
  4.342E-02  3.819E-01  1.013E+05  1.895E-10  9.164E-05  2.930E+02  1.416E+03
  4.342E-02  3.882E-01  1.013E+05  1.272E-10  7.581E-05  2.930E+02  1.402E+03
  4.342E-02  3.945E-01  1.013E+05  7.685E-11  4.980E-05  2.930E+02  1.389E+03
  4.342E-02  4.008E-01  1.013E+05  3.729E-11  3.984E-05  2.930E+02  1.379E+03
  4.342E-02  4.072E-01  1.013E+05  4.509E-12  4.339E-05  2.930E+02  1.369E+03
  4.342E-02  4.135E-01  1.013E+05 -2.201E-11  3.471E-05  2.930E+02  1.362E+03
  4.342E-02  4.198E-01  1.013E+05 -4.364E-11  2.090E-05  2.930E+02  1.355E+03
  4.342E-02  4.261E-01  1.013E+05 -6.302E-11  2.187E-05  2.930E+02  1.349E+03
  4.342E-02  4.324E-01  1.013E+05 -7.693E-11  2.239E-05  2.930E+02  1.344E+03
  4.342E-02  4.387E-01  1.013E+05 -8.815E-11  1.743E-05  2.930E+02  1.340E+03
  4.342E-02  4.450E-01  1.013E+05 -9.393E-11  1.406E-05  2.930E+02  1.336E+03
  4.342E-02  4.513E-01  1.013E+05 -9.672E-11  1.131E-05  2.930E+02  1.333E+03
  4.342E-02  4.577E-01  1.013E+05 -9.378E-11  7.547E-06  2.930E+02  1.330E+03
  4.342E-02  4.640E-01  1.013E+05 -8.697E-11  1.133E-05  2.930E+02  1.328E+03
  4.342E-02  4.703E-01  1.013E+05 -7.769E-11  1.679E-05  2.930E+02  1.326E+03
  4.342E-02  4.766E-01  1.013E+05 -6.514E-11  7.661E-06  2.930E+02  1.325E+03
  4.342E-02  4.829E-01  1.013E+05 -5.170E-11  6.698E-06  2.930E+02  1.324E+03
  4.342E-02  4.892E-01  1.013E+05 -3.936E-11  1.306E-05  2.930E+02  1.323E+03
  4.342E-02  4.955E-01  1.013E+05 -2.505E-11  7.225E-06  2.930E+02  1.323E+03
  4.342E-02  5.018E-01  1.013E+05 -1.711E-11 -5.750E-06  2.930E+02  1.322E+03
  4.342E-02  5.050E-01  1.013E+05  0.000E+00 -5.750E-06  2.930E+02  1.322E+03
  5.583E-02  0.000E+00  1.012E+05  0.000E+00  0.000E+00  2.930E+02  2.930E+02
  5.583E-02  3.156E-03  1.012E+05  3.367E-07  1.635E-03  2.930E+02  4.771E+02
  5.583E-02  9.469E-03  1.012E+05  5.314E-07  6.672E-03  2.930E+02  8.257E+02
  5.583E-02  1.578E-02  1.012E+05  3.087E-07  9.598E-03  2.930E+02  1.135E+03
  5.583E-02  2.209E-02  1.012E+05  3.223E-07  1.122E-02  2.930E+02  1.400E+03
  5.583E-02  2.841E-02  1.012E+05  3.196E-07  1.190E-02  2.931E+02  1.621E+03
  5.583E-02  3.472E-02  1.012E+05  3.251E-07  1.204E-02  2.932E+02  1.805E+03
  5.583E-02  4.103E-02  1.012E+05  3.226E-07  1.190E-02  2.934E+02  1.957E+03
  5.583E-02  4.734E-02  1.012E+05  3.145E-07  1.163E-02  2.941E+02  2.085E+03
  5.583E-02  5.366E-02  1.012E+05  2.969E-07  1.126E-02  2.956E+02  2.194E+03
  5.583E-02  5.997E-02  1.012E+05  2.793E-07  1.083E-02  2.989E+02  2.288E+03
  5.583E-02  6.628E-02  1.012E+05  2.504E-07  1.035E-02  3.052E+02  2.371E+03
  5.583E-02  7.259E-02  1.012E+05  2.098E-07  9.787E-03  3.168E+02  2.446E+03
  5.583E-02  7.891E-02  1.012E+05  1.495E-07  9.022E-03  3.364E+02  2.526E+03
  5.583E-02  8.522E-02  1.012E+05  6.124E-08  7.871E-03  3.668E+02  2.658E+03
  5.583E-02  9.153E-02  1.012E+05 -1.243E-07  7.419E-03  4.101E+02  3.104E+03
  5.583E-02  9.784E-02  1.012E+05 -3.223E-07  4.685E-03  3.668E+02  3.135E+03
  5.583E-02  1.042E-01  1.013E+05 -3.989E-07  4.428E-03  3.364E+02  3.161E+03
  5.583E-02  1.105E-01  1.013E+05 -3.833E-07  4.368E-03  3.168E+02  3.183E+03
  5.583E-02  1.168E-01  1.013E+05 -3.406E-07  4.422E-03  3.052E+02  3.202E+03
  5.583E-02  1.231E-01  1.013E+05 -3.332E-07  4.511E-03  2.989E+02  3.220E+03
  5.583E-02  1.294E-01  1.013E+05 -3.275E-07  4.616E-03  2.956E+02  3.236E+03
  5.583E-02  1.357E-01  1.013E+05 -2.940E-07  4.737E-03  2.941E+02  3.251E+03
  5.583E-02  1.420E-01  1.013E+05 -2.579E-07  4.858E-03  2.934E+02  3.265E+03
  5.583E-02  1.483E-01  1.013E+05 -2.074E-07  4.949E-03  2.932E+02  3.278E+03
  5.583E-02  1.547E-01  1.013E+05 -1.764E-07  4.994E-03  2.931E+02  3.290E+03
  5.583E-02  1.610E-01  1.013E+05 -1.495E-07  4.990E-03  2.930E+02  3.300E+03
  5.583E-02  1.673E-01  1.013E+05 -1.144E-07  4.947E-03  2.930E+02  3.308E+03
  5.583E-02  1.736E-01  1.013E+05 -8.652E-08  4.847E-03  2.930E+02  3.313E+03
  5.583E-02  1.799E-01  1.013E+05 -6.424E-08  4.701E-03  2.930E+02  3.315E+03
  5.583E-02  1.862E-01  1.013E+05 -4.708E-08  4.511E-03  2.930E+02  3.311E+03
  5.583E-02  1.925E-01  1.013E+05 -3.402E-08  4.271E-03  2.930E+02  3.301E+03
  5.583E-02  1.988E-01  1.013E+05 -2.420E-08  4.011E-03  2.930E+02  3.282E+03
  5.583E-02  2.052E-01  1.013E+05 -1.679E-08  3.736E-03  2.930E+02  3.253E+03
  5.583E-02  2.115E-01  1.013E+05 -1.017E-08  3.453E-03  2.930E+02  3.212E+03
  5.583E-02  2.178E-01  1.013E+05 -2.760E-09  3.167E-03  2.930E+02  3.160E+03
  5.583E-02  2.241E-01  1.013E+05  1.834E-08  2.879E-03  2.930E+02  3.094E+03
  5.583E-02  2.304E-01  1.013E+05  4.785E-08  2.603E-03  2.930E+02  3.016E+03
  5.583E-02  2.367E-01  1.013E+05  2.252E-07  2.335E-03  2.930E+02  2.928E+03
  5.583E-02  2.430E-01  1.013E+05  4.355E-07  2.079E-03  2.930E+02  2.831E+03
  5.583E-02  2.493E-01  1.013E+05  2.269E-07  1.851E-03  2.930E+02  2.728E+03
  5.583E-02  2.557E-01  1.013E+05  5.133E-08  1.640E-03  2.930E+02  2.621E+03
  5.583E-02  2.620E-01  1.013E+05  2.397E-08  1.450E-03  2.930E+02  2.513E+03
  5.583E-02  2.683E-01  1.013E+05  6.046E-09  1.282E-03  2.930E+02  2.406E+03
  5.583E-02  2.746E-01  1.013E+05  2.295E-09  1.119E-03  2.930E+02  2.302E+03
  5.583E-02  2.809E-01  1.013E+05  1.076E-09  9.716E-04  2.930E+02  2.202E+03
  5.583E-02  2.872E-01  1.013E+05  9.617E-10  8.464E-04  2.930E+02  2.109E+03
  5.583E-02  2.935E-01  1.013E+05  9.883E-10  7.381E-04  2.930E+02  2.021E+03
  5.583E-02  2.998E-01  1.013E+05  9.832E-10  6.365E-04  2.930E+02  1.940E+03
  5.583E-02  3.062E-01  1.013E+05  9.158E-10  5.515E-04  2.930E+02  1.867E+03
  5.583E-02  3.125E-01  1.013E+05  8.098E-10  4.828E-04  2.930E+02  1.800E+03
  5.583E-02  3.188E-01  1.013E+05  6.905E-10  4.077E-04  2.930E+02  1.740E+03
  5.583E-02  3.251E-01  1.013E+05  5.723E-10  3.451E-04  2.930E+02  1.686E+03
  5.583E-02  3.314E-01  1.013E+05  4.633E-10  3.065E-04  2.930E+02  1.639E+03
  5.583E-02  3.377E-01  1.013E+05  3.668E-10  2.617E-04  2.930E+02  1.596E+03
  5.583E-02  3.440E-01  1.013E+05  2.812E-10  2.217E-04  2.930E+02  1.559E+03
  5.583E-02  3.503E-01  1.013E+05  2.045E-10  1.913E-04  2.930E+02  1.527E+03
  5.583E-02  3.567E-01  1.013E+05  1.375E-10  1.506E-04  2.930E+02  1.498E+03
  5.583E-02  3.630E-01  1.013E+05  7.907E-11  1.229E-04  2.930E+02  1.473E+03
  5.583E-02  3.693E-01  1.013E+05  3.126E-11  1.110E-04  2.930E+02  1.451E+03
  5.583E-02  3.756E-01  1.013E+05 -6.965E-12  9.830E-05  2.930E+02  1.432E+03
  5.583E-02  3.819E-01  1.013E+05 -3.665E-11  9.164E-05  2.930E+02  1.416E+03
  5.583E-02  3.882E-01  1.013E+05 -5.822E-11  7.581E-05  2.930E+02  1.402E+03
  5.583E-02  3.945E-01  1.013E+05 -7.430E-11  4.980E-05  2.930E+02  1.389E+03
  5.583E-02  4.008E-01  1.013E+05 -8.527E-11  3.984E-05  2.930E+02  1.379E+03
  5.583E-02  4.072E-01  1.013E+05 -9.500E-11  4.339E-05  2.930E+02  1.369E+03
  5.583E-02  4.135E-01  1.013E+05 -1.031E-10  3.471E-05  2.930E+02  1.362E+03
  5.583E-02  4.198E-01  1.013E+05 -1.092E-10  2.090E-05  2.930E+02  1.355E+03
  5.583E-02  4.261E-01  1.013E+05 -1.157E-10  2.187E-05  2.930E+02  1.349E+03
  5.583E-02  4.324E-01  1.013E+05 -1.190E-10  2.239E-05  2.930E+02  1.344E+03
  5.583E-02  4.387E-01  1.013E+05 -1.211E-10  1.743E-05  2.930E+02  1.340E+03
  5.583E-02  4.450E-01  1.013E+05 -1.190E-10  1.406E-05  2.930E+02  1.336E+03
  5.583E-02  4.513E-01  1.013E+05 -1.152E-10  1.131E-05  2.930E+02  1.333E+03
  5.583E-02  4.577E-01  1.013E+05 -1.069E-10  7.547E-06  2.930E+02  1.330E+03
  5.583E-02  4.640E-01  1.013E+05 -9.609E-11  1.133E-05  2.930E+02  1.328E+03
  5.583E-02  4.703E-01  1.013E+05 -8.449E-11  1.679E-05  2.930E+02  1.326E+03
  5.583E-02  4.766E-01  1.013E+05 -7.034E-11  7.661E-06  2.930E+02  1.325E+03
  5.583E-02  4.829E-01  1.013E+05 -5.573E-11  6.698E-06  2.930E+02  1.324E+03
  5.583E-02  4.892E-01  1.013E+05 -4.260E-11  1.306E-05  2.930E+02  1.323E+03
  5.583E-02  4.955E-01  1.013E+05 -2.726E-11  7.225E-06  2.930E+02  1.323E+03
  5.583E-02  5.018E-01  1.013E+05 -1.916E-11 -5.749E-06  2.930E+02  1.322E+03
  5.583E-02  5.050E-01  1.013E+05  0.000E+00 -5.749E-06  2.930E+02  1.322E+03
  6.824E-02  0.000E+00  1.012E+05  0.000E+00  0.000E+00  2.930E+02  2.930E+02
  6.824E-02  3.156E-03  1.012E+05 -3.369E-07  1.635E-03  2.930E+02  4.771E+02
  6.824E-02  9.469E-03  1.012E+05 -5.315E-07  6.672E-03  2.930E+02  8.257E+02
  6.824E-02  1.578E-02  1.012E+05 -3.087E-07  9.598E-03  2.930E+02  1.135E+03
  6.824E-02  2.209E-02  1.012E+05 -3.223E-07  1.122E-02  2.930E+02  1.400E+03
  6.824E-02  2.841E-02  1.012E+05 -3.195E-07  1.190E-02  2.931E+02  1.621E+03
  6.824E-02  3.472E-02  1.012E+05 -3.250E-07  1.204E-02  2.932E+02  1.805E+03
  6.824E-02  4.103E-02  1.012E+05 -3.225E-07  1.190E-02  2.934E+02  1.957E+03
  6.824E-02  4.734E-02  1.012E+05 -3.144E-07  1.163E-02  2.941E+02  2.085E+03
  6.824E-02  5.366E-02  1.012E+05 -2.968E-07  1.126E-02  2.956E+02  2.194E+03
  6.824E-02  5.997E-02  1.012E+05 -2.793E-07  1.083E-02  2.989E+02  2.288E+03
  6.824E-02  6.628E-02  1.012E+05 -2.504E-07  1.035E-02  3.052E+02  2.371E+03
  6.824E-02  7.259E-02  1.012E+05 -2.098E-07  9.787E-03  3.168E+02  2.446E+03
  6.824E-02  7.891E-02  1.012E+05 -1.496E-07  9.022E-03  3.364E+02  2.526E+03
  6.824E-02  8.522E-02  1.012E+05 -6.131E-08  7.871E-03  3.668E+02  2.658E+03
  6.824E-02  9.153E-02  1.012E+05  1.242E-07  7.419E-03  4.101E+02  3.104E+03
  6.824E-02  9.784E-02  1.012E+05  3.223E-07  4.685E-03  3.668E+02  3.135E+03
  6.824E-02  1.042E-01  1.013E+05  3.988E-07  4.428E-03  3.364E+02  3.161E+03
  6.824E-02  1.105E-01  1.013E+05  3.832E-07  4.368E-03  3.168E+02  3.183E+03
  6.824E-02  1.168E-01  1.013E+05  3.406E-07  4.422E-03  3.052E+02  3.202E+03
  6.824E-02  1.231E-01  1.013E+05  3.332E-07  4.511E-03  2.989E+02  3.220E+03
  6.824E-02  1.294E-01  1.013E+05  3.275E-07  4.616E-03  2.956E+02  3.236E+03
  6.824E-02  1.357E-01  1.013E+05  2.941E-07  4.737E-03  2.941E+02  3.251E+03
  6.824E-02  1.420E-01  1.013E+05  2.581E-07  4.858E-03  2.934E+02  3.265E+03
  6.824E-02  1.483E-01  1.013E+05  2.077E-07  4.949E-03  2.932E+02  3.278E+03
  6.824E-02  1.547E-01  1.013E+05  1.767E-07  4.994E-03  2.931E+02  3.290E+03
  6.824E-02  1.610E-01  1.013E+05  1.497E-07  4.990E-03  2.930E+02  3.300E+03
  6.824E-02  1.673E-01  1.013E+05  1.146E-07  4.947E-03  2.930E+02  3.308E+03
  6.824E-02  1.736E-01  1.013E+05  8.667E-08  4.847E-03  2.930E+02  3.313E+03
  6.824E-02  1.799E-01  1.013E+05  6.434E-08  4.701E-03  2.930E+02  3.315E+03
  6.824E-02  1.862E-01  1.013E+05  4.714E-08  4.511E-03  2.930E+02  3.311E+03
  6.824E-02  1.925E-01  1.013E+05  3.405E-08  4.271E-03  2.930E+02  3.301E+03
  6.824E-02  1.988E-01  1.013E+05  2.420E-08  4.011E-03  2.930E+02  3.282E+03
  6.824E-02  2.052E-01  1.013E+05  1.677E-08  3.736E-03  2.930E+02  3.253E+03
  6.824E-02  2.115E-01  1.013E+05  1.011E-08  3.453E-03  2.930E+02  3.212E+03
  6.824E-02  2.178E-01  1.013E+05  2.661E-09  3.167E-03  2.930E+02  3.160E+03
  6.824E-02  2.241E-01  1.013E+05 -1.848E-08  2.879E-03  2.930E+02  3.094E+03
  6.824E-02  2.304E-01  1.013E+05 -4.805E-08  2.603E-03  2.930E+02  3.016E+03
  6.824E-02  2.367E-01  1.013E+05 -2.254E-07  2.335E-03  2.930E+02  2.928E+03
  6.824E-02  2.430E-01  1.013E+05 -4.358E-07  2.079E-03  2.930E+02  2.831E+03
  6.824E-02  2.493E-01  1.013E+05 -2.271E-07  1.851E-03  2.930E+02  2.728E+03
  6.824E-02  2.557E-01  1.013E+05 -5.155E-08  1.640E-03  2.930E+02  2.621E+03
  6.824E-02  2.620E-01  1.013E+05 -2.417E-08  1.450E-03  2.930E+02  2.513E+03
  6.824E-02  2.683E-01  1.013E+05 -6.215E-09  1.282E-03  2.930E+02  2.406E+03
  6.824E-02  2.746E-01  1.013E+05 -2.447E-09  1.119E-03  2.930E+02  2.302E+03
  6.824E-02  2.809E-01  1.013E+05 -1.226E-09  9.716E-04  2.930E+02  2.202E+03
  6.824E-02  2.872E-01  1.013E+05 -1.123E-09  8.464E-04  2.930E+02  2.109E+03
  6.824E-02  2.935E-01  1.013E+05 -1.169E-09  7.381E-04  2.930E+02  2.021E+03
  6.824E-02  2.998E-01  1.013E+05 -1.184E-09  6.365E-04  2.930E+02  1.940E+03
  6.824E-02  3.062E-01  1.013E+05 -1.134E-09  5.515E-04  2.930E+02  1.867E+03
  6.824E-02  3.125E-01  1.013E+05 -1.039E-09  4.828E-04  2.930E+02  1.800E+03
  6.824E-02  3.188E-01  1.013E+05 -9.210E-10  4.077E-04  2.930E+02  1.740E+03
  6.824E-02  3.251E-01  1.013E+05 -8.010E-10  3.451E-04  2.930E+02  1.686E+03
  6.824E-02  3.314E-01  1.013E+05 -6.904E-10  3.065E-04  2.930E+02  1.639E+03
  6.824E-02  3.377E-01  1.013E+05 -5.940E-10  2.617E-04  2.930E+02  1.596E+03
  6.824E-02  3.440E-01  1.013E+05 -5.147E-10  2.217E-04  2.930E+02  1.559E+03
  6.824E-02  3.503E-01  1.013E+05 -4.521E-10  1.913E-04  2.930E+02  1.527E+03
  6.824E-02  3.567E-01  1.013E+05 -4.022E-10  1.506E-04  2.930E+02  1.498E+03
  6.824E-02  3.630E-01  1.013E+05 -3.626E-10  1.229E-04  2.930E+02  1.473E+03
  6.824E-02  3.693E-01  1.013E+05 -3.286E-10  1.110E-04  2.930E+02  1.451E+03
  6.824E-02  3.756E-01  1.013E+05 -2.986E-10  9.830E-05  2.930E+02  1.432E+03
  6.824E-02  3.819E-01  1.013E+05 -2.721E-10  9.164E-05  2.930E+02  1.416E+03
  6.824E-02  3.882E-01  1.013E+05 -2.475E-10  7.581E-05  2.930E+02  1.402E+03
  6.824E-02  3.945E-01  1.013E+05 -2.260E-10  4.980E-05  2.930E+02  1.389E+03
  6.824E-02  4.008E-01  1.013E+05 -2.066E-10  3.984E-05  2.930E+02  1.379E+03
  6.824E-02  4.072E-01  1.013E+05 -1.918E-10  4.339E-05  2.930E+02  1.369E+03
  6.824E-02  4.135E-01  1.013E+05 -1.801E-10  3.471E-05  2.930E+02  1.362E+03
  6.824E-02  4.198E-01  1.013E+05 -1.700E-10  2.090E-05  2.930E+02  1.355E+03
  6.824E-02  4.261E-01  1.013E+05 -1.627E-10  2.187E-05  2.930E+02  1.349E+03
  6.824E-02  4.324E-01  1.013E+05 -1.542E-10  2.239E-05  2.930E+02  1.344E+03
  6.824E-02  4.387E-01  1.013E+05 -1.464E-10  1.743E-05  2.930E+02  1.340E+03
  6.824E-02  4.450E-01  1.013E+05 -1.361E-10  1.406E-05  2.930E+02  1.336E+03
  6.824E-02  4.513E-01  1.013E+05 -1.255E-10  1.131E-05  2.930E+02  1.333E+03
  6.824E-02  4.577E-01  1.013E+05 -1.122E-10  7.547E-06  2.930E+02  1.330E+03
  6.824E-02  4.640E-01  1.013E+05 -9.805E-11  1.133E-05  2.930E+02  1.328E+03
  6.824E-02  4.703E-01  1.013E+05 -8.456E-11  1.679E-05  2.930E+02  1.326E+03
  6.824E-02  4.766E-01  1.013E+05 -7.006E-11  7.661E-06  2.930E+02  1.325E+03
  6.824E-02  4.829E-01  1.013E+05 -5.564E-11  6.698E-06  2.930E+02  1.324E+03
  6.824E-02  4.892E-01  1.013E+05 -4.322E-11  1.306E-05  2.930E+02  1.323E+03
  6.824E-02  4.955E-01  1.013E+05 -2.864E-11  7.225E-06  2.930E+02  1.323E+03
  6.824E-02  5.018E-01  1.013E+05 -2.071E-11 -5.749E-06  2.930E+02  1.322E+03
  6.824E-02  5.050E-01  1.013E+05  0.000E+00 -5.749E-06  2.930E+02  1.322E+03
  8.065E-02  0.000E+00  1.012E+05  0.000E+00  0.000E+00  2.930E+02  2.930E+02
  8.065E-02  3.156E-03  1.012E+05 -1.817E-07  1.634E-03  2.930E+02  4.771E+02
  8.065E-02  9.469E-03  1.012E+05 -4.729E-07  6.671E-03  2.930E+02  8.257E+02
  8.065E-02  1.578E-02  1.012E+05 -5.558E-07  9.598E-03  2.930E+02  1.135E+03
  8.065E-02  2.209E-02  1.012E+05 -8.114E-07  1.122E-02  2.930E+02  1.400E+03
  8.065E-02  2.841E-02  1.012E+05 -8.654E-07  1.190E-02  2.931E+02  1.621E+03
  8.065E-02  3.472E-02  1.012E+05 -8.995E-07  1.203E-02  2.932E+02  1.805E+03
  8.065E-02  4.103E-02  1.012E+05 -8.950E-07  1.190E-02  2.934E+02  1.957E+03
  8.065E-02  4.734E-02  1.012E+05 -8.743E-07  1.162E-02  2.941E+02  2.085E+03
  8.065E-02  5.366E-02  1.012E+05 -8.172E-07  1.126E-02  2.956E+02  2.194E+03
  8.065E-02  5.997E-02  1.012E+05 -7.559E-07  1.083E-02  2.989E+02  2.288E+03
  8.065E-02  6.628E-02  1.012E+05 -6.581E-07  1.035E-02  3.052E+02  2.371E+03
  8.065E-02  7.259E-02  1.012E+05 -5.270E-07  9.785E-03  3.168E+02  2.446E+03
  8.065E-02  7.891E-02  1.012E+05 -3.306E-07  9.019E-03  3.364E+02  2.526E+03
  8.065E-02  8.522E-02  1.012E+05 -6.981E-08  7.868E-03  3.668E+02  2.658E+03
  8.065E-02  9.153E-02  1.012E+05  3.728E-07  7.415E-03  4.101E+02  3.104E+03
  8.065E-02  9.784E-02  1.012E+05  7.982E-07  4.681E-03  3.668E+02  3.135E+03
  8.065E-02  1.042E-01  1.013E+05  9.885E-07  4.425E-03  3.364E+02  3.161E+03
  8.065E-02  1.105E-01  1.013E+05  8.413E-07  4.366E-03  3.168E+02  3.182E+03
  8.065E-02  1.168E-01  1.013E+05  5.998E-07  4.420E-03  3.052E+02  3.202E+03
  8.065E-02  1.231E-01  1.013E+05  7.842E-07  4.510E-03  2.989E+02  3.220E+03
  8.065E-02  1.294E-01  1.013E+05  9.397E-07  4.615E-03  2.956E+02  3.236E+03
  8.065E-02  1.357E-01  1.013E+05  9.187E-07  4.736E-03  2.941E+02  3.251E+03
  8.065E-02  1.420E-01  1.013E+05  7.496E-07  4.858E-03  2.934E+02  3.265E+03
  8.065E-02  1.483E-01  1.013E+05  5.232E-07  4.948E-03  2.932E+02  3.278E+03
  8.065E-02  1.547E-01  1.013E+05  4.742E-07  4.994E-03  2.931E+02  3.290E+03
  8.065E-02  1.610E-01  1.013E+05  4.235E-07  4.990E-03  2.930E+02  3.300E+03
  8.065E-02  1.673E-01  1.013E+05  2.895E-07  4.947E-03  2.930E+02  3.308E+03
  8.065E-02  1.736E-01  1.013E+05  2.147E-07  4.847E-03  2.930E+02  3.313E+03
  8.065E-02  1.799E-01  1.013E+05  1.572E-07  4.701E-03  2.930E+02  3.315E+03
  8.065E-02  1.862E-01  1.013E+05  1.146E-07  4.511E-03  2.930E+02  3.311E+03
  8.065E-02  1.925E-01  1.013E+05  8.227E-08  4.271E-03  2.930E+02  3.300E+03
  8.065E-02  1.988E-01  1.013E+05  5.767E-08  4.011E-03  2.930E+02  3.282E+03
  8.065E-02  2.052E-01  1.013E+05  3.872E-08  3.736E-03  2.930E+02  3.253E+03
  8.065E-02  2.115E-01  1.013E+05  2.131E-08  3.453E-03  2.930E+02  3.212E+03
  8.065E-02  2.178E-01  1.013E+05  4.453E-09  3.166E-03  2.930E+02  3.159E+03
  8.065E-02  2.241E-01  1.013E+05 -3.781E-08  2.879E-03  2.930E+02  3.094E+03
  8.065E-02  2.304E-01  1.013E+05 -9.220E-08  2.603E-03  2.930E+02  3.016E+03
  8.065E-02  2.367E-01  1.013E+05 -3.109E-07  2.334E-03  2.930E+02  2.928E+03
  8.065E-02  2.430E-01  1.013E+05 -5.530E-07  2.079E-03  2.930E+02  2.831E+03
  8.065E-02  2.493E-01  1.013E+05 -3.163E-07  1.851E-03  2.930E+02  2.728E+03
  8.065E-02  2.557E-01  1.013E+05 -1.040E-07  1.640E-03  2.930E+02  2.621E+03
  8.065E-02  2.620E-01  1.013E+05 -5.647E-08  1.451E-03  2.930E+02  2.513E+03
  8.065E-02  2.683E-01  1.013E+05 -2.536E-08  1.282E-03  2.930E+02  2.406E+03
  8.065E-02  2.746E-01  1.013E+05 -1.444E-08  1.119E-03  2.930E+02  2.302E+03
  8.065E-02  2.809E-01  1.013E+05 -9.127E-09  9.716E-04  2.930E+02  2.202E+03
  8.065E-02  2.872E-01  1.013E+05 -6.667E-09  8.464E-04  2.930E+02  2.109E+03
  8.065E-02  2.935E-01  1.013E+05 -5.268E-09  7.381E-04  2.930E+02  2.021E+03
  8.065E-02  2.998E-01  1.013E+05 -4.335E-09  6.365E-04  2.930E+02  1.940E+03
  8.065E-02  3.062E-01  1.013E+05 -3.615E-09  5.515E-04  2.930E+02  1.867E+03
  8.065E-02  3.125E-01  1.013E+05 -3.021E-09  4.828E-04  2.930E+02  1.800E+03
  8.065E-02  3.188E-01  1.013E+05 -2.517E-09  4.077E-04  2.930E+02  1.740E+03
  8.065E-02  3.251E-01  1.013E+05 -2.092E-09  3.451E-04  2.930E+02  1.686E+03
  8.065E-02  3.314E-01  1.013E+05 -1.739E-09  3.065E-04  2.930E+02  1.639E+03
  8.065E-02  3.377E-01  1.013E+05 -1.446E-09  2.617E-04  2.930E+02  1.596E+03
  8.065E-02  3.440E-01  1.013E+05 -1.208E-09  2.217E-04  2.930E+02  1.559E+03
  8.065E-02  3.503E-01  1.013E+05 -1.016E-09  1.913E-04  2.930E+02  1.527E+03
  8.065E-02  3.567E-01  1.013E+05 -8.586E-10  1.506E-04  2.930E+02  1.498E+03
  8.065E-02  3.630E-01  1.013E+05 -7.300E-10  1.229E-04  2.930E+02  1.473E+03
  8.065E-02  3.693E-01  1.013E+05 -6.226E-10  1.110E-04  2.930E+02  1.451E+03
  8.065E-02  3.756E-01  1.013E+05 -5.328E-10  9.830E-05  2.930E+02  1.432E+03
  8.065E-02  3.819E-01  1.013E+05 -4.580E-10  9.164E-05  2.930E+02  1.416E+03
  8.065E-02  3.882E-01  1.013E+05 -3.949E-10  7.581E-05  2.930E+02  1.402E+03
  8.065E-02  3.945E-01  1.013E+05 -3.424E-10  4.980E-05  2.930E+02  1.389E+03
  8.065E-02  4.008E-01  1.013E+05 -2.977E-10  3.984E-05  2.930E+02  1.379E+03
  8.065E-02  4.072E-01  1.013E+05 -2.628E-10  4.339E-05  2.930E+02  1.369E+03
  8.065E-02  4.135E-01  1.013E+05 -2.348E-10  3.471E-05  2.930E+02  1.362E+03
  8.065E-02  4.198E-01  1.013E+05 -2.107E-10  2.090E-05  2.930E+02  1.355E+03
  8.065E-02  4.261E-01  1.013E+05 -1.916E-10  2.187E-05  2.930E+02  1.349E+03
  8.065E-02  4.324E-01  1.013E+05 -1.733E-10  2.239E-05  2.930E+02  1.344E+03
  8.065E-02  4.387E-01  1.013E+05 -1.575E-10  1.743E-05  2.930E+02  1.340E+03
  8.065E-02  4.450E-01  1.013E+05 -1.406E-10  1.406E-05  2.930E+02  1.336E+03
  8.065E-02  4.513E-01  1.013E+05 -1.252E-10  1.131E-05  2.930E+02  1.333E+03
  8.065E-02  4.577E-01  1.013E+05 -1.087E-10  7.547E-06  2.930E+02  1.330E+03
  8.065E-02  4.640E-01  1.013E+05 -9.294E-11  1.133E-05  2.930E+02  1.328E+03
  8.065E-02  4.703E-01  1.013E+05 -7.934E-11  1.679E-05  2.930E+02  1.326E+03
  8.065E-02  4.766E-01  1.013E+05 -6.551E-11  7.661E-06  2.930E+02  1.325E+03
  8.065E-02  4.829E-01  1.013E+05 -5.227E-11  6.698E-06  2.930E+02  1.324E+03
  8.065E-02  4.892E-01  1.013E+05 -4.130E-11  1.306E-05  2.930E+02  1.323E+03
  8.065E-02  4.955E-01  1.013E+05 -2.842E-11  7.225E-06  2.930E+02  1.323E+03
  8.065E-02  5.018E-01  1.013E+05 -2.153E-11 -5.749E-06  2.930E+02  1.322E+03
  8.065E-02  5.050E-01  1.013E+05  0.000E+00 -5.749E-06  2.930E+02  1.322E+03
  9.305E-02  0.000E+00  1.012E+05  0.000E+00  0.000E+00  2.930E+02  2.930E+02
  9.305E-02  3.156E-03  1.012E+05  2.000E-06  1.634E-03  2.930E+02  4.771E+02
  9.305E-02  9.469E-03  1.012E+05  3.060E-06  6.670E-03  2.930E+02  8.257E+02
  9.305E-02  1.578E-02  1.012E+05 -1.444E-08  9.596E-03  2.930E+02  1.135E+03
  9.305E-02  2.209E-02  1.012E+05 -1.998E-06  1.122E-02  2.930E+02  1.400E+03
  9.305E-02  2.841E-02  1.012E+05 -1.409E-06  1.190E-02  2.931E+02  1.621E+03
  9.305E-02  3.472E-02  1.012E+05 -1.347E-06  1.203E-02  2.932E+02  1.805E+03
  9.305E-02  4.103E-02  1.012E+05 -1.227E-06  1.190E-02  2.934E+02  1.957E+03
  9.305E-02  4.734E-02  1.012E+05 -1.131E-06  1.162E-02  2.941E+02  2.085E+03
  9.305E-02  5.366E-02  1.012E+05 -8.082E-07  1.126E-02  2.956E+02  2.194E+03
  9.305E-02  5.997E-02  1.012E+05 -9.359E-07  1.083E-02  2.989E+02  2.288E+03
  9.305E-02  6.628E-02  1.012E+05 -8.373E-07  1.034E-02  3.052E+02  2.371E+03
  9.305E-02  7.259E-02  1.012E+05 -6.633E-07  9.781E-03  3.168E+02  2.446E+03
  9.305E-02  7.891E-02  1.012E+05 -3.758E-07  9.015E-03  3.364E+02  2.526E+03
  9.305E-02  8.522E-02  1.012E+05  9.129E-09  7.863E-03  3.668E+02  2.658E+03
  9.305E-02  9.153E-02  1.012E+05  5.322E-07  7.410E-03  4.101E+02  3.104E+03
  9.305E-02  9.784E-02  1.012E+05  9.961E-07  4.677E-03  3.668E+02  3.135E+03
  9.305E-02  1.042E-01  1.013E+05  1.229E-06  4.421E-03  3.364E+02  3.160E+03
  9.305E-02  1.105E-01  1.013E+05  1.104E-06  4.362E-03  3.168E+02  3.182E+03
  9.305E-02  1.168E-01  1.013E+05  8.877E-07  4.418E-03  3.052E+02  3.202E+03
  9.305E-02  1.231E-01  1.013E+05  1.099E-06  4.509E-03  2.989E+02  3.220E+03
  9.305E-02  1.294E-01  1.013E+05  1.431E-06  4.613E-03  2.956E+02  3.236E+03
  9.305E-02  1.357E-01  1.013E+05  1.551E-06  4.734E-03  2.941E+02  3.251E+03
  9.305E-02  1.420E-01  1.013E+05  1.146E-06  4.858E-03  2.934E+02  3.265E+03
  9.305E-02  1.483E-01  1.013E+05  8.840E-07  4.947E-03  2.932E+02  3.278E+03
  9.305E-02  1.547E-01  1.013E+05  5.632E-07  4.992E-03  2.931E+02  3.289E+03
  9.305E-02  1.610E-01  1.013E+05  4.538E-07  4.990E-03  2.930E+02  3.300E+03
  9.305E-02  1.673E-01  1.013E+05  3.010E-07  4.947E-03  2.930E+02  3.308E+03
  9.305E-02  1.736E-01  1.013E+05  2.217E-07  4.847E-03  2.930E+02  3.313E+03
  9.305E-02  1.799E-01  1.013E+05  1.629E-07  4.700E-03  2.930E+02  3.314E+03
  9.305E-02  1.862E-01  1.013E+05  1.191E-07  4.511E-03  2.930E+02  3.311E+03
  9.305E-02  1.925E-01  1.013E+05  8.524E-08  4.271E-03  2.930E+02  3.300E+03
  9.305E-02  1.988E-01  1.013E+05  5.874E-08  4.011E-03  2.930E+02  3.282E+03
  9.305E-02  2.052E-01  1.013E+05  3.774E-08  3.736E-03  2.930E+02  3.253E+03
  9.305E-02  2.115E-01  1.013E+05  1.911E-08  3.453E-03  2.930E+02  3.212E+03
  9.305E-02  2.178E-01  1.013E+05  3.253E-09  3.166E-03  2.930E+02  3.159E+03
  9.305E-02  2.241E-01  1.013E+05 -2.452E-08  2.879E-03  2.930E+02  3.094E+03
  9.305E-02  2.304E-01  1.013E+05 -5.453E-08  2.603E-03  2.930E+02  3.016E+03
  9.305E-02  2.367E-01  1.013E+05 -1.034E-07  2.334E-03  2.930E+02  2.928E+03
  9.305E-02  2.430E-01  1.013E+05 -1.309E-07  2.079E-03  2.930E+02  2.831E+03
  9.305E-02  2.493E-01  1.013E+05 -1.096E-07  1.852E-03  2.930E+02  2.728E+03
  9.305E-02  2.557E-01  1.013E+05 -6.829E-08  1.641E-03  2.930E+02  2.621E+03
  9.305E-02  2.620E-01  1.013E+05 -4.585E-08  1.451E-03  2.930E+02  2.513E+03
  9.305E-02  2.683E-01  1.013E+05 -2.990E-08  1.282E-03  2.930E+02  2.406E+03
  9.305E-02  2.746E-01  1.013E+05 -2.059E-08  1.119E-03  2.930E+02  2.302E+03
  9.305E-02  2.809E-01  1.013E+05 -1.475E-08  9.717E-04  2.930E+02  2.202E+03
  9.305E-02  2.872E-01  1.013E+05 -1.104E-08  8.464E-04  2.930E+02  2.109E+03
  9.305E-02  2.935E-01  1.013E+05 -8.526E-09  7.382E-04  2.930E+02  2.021E+03
  9.305E-02  2.998E-01  1.013E+05 -6.734E-09  6.365E-04  2.930E+02  1.940E+03
  9.305E-02  3.062E-01  1.013E+05 -5.393E-09  5.515E-04  2.930E+02  1.867E+03
  9.305E-02  3.125E-01  1.013E+05 -4.356E-09  4.828E-04  2.930E+02  1.800E+03
  9.305E-02  3.188E-01  1.013E+05 -3.536E-09  4.077E-04  2.930E+02  1.740E+03
  9.305E-02  3.251E-01  1.013E+05 -2.881E-09  3.451E-04  2.930E+02  1.686E+03
  9.305E-02  3.314E-01  1.013E+05 -2.357E-09  3.065E-04  2.930E+02  1.639E+03
  9.305E-02  3.377E-01  1.013E+05 -1.936E-09  2.617E-04  2.930E+02  1.596E+03
  9.305E-02  3.440E-01  1.013E+05 -1.598E-09  2.217E-04  2.930E+02  1.559E+03
  9.305E-02  3.503E-01  1.013E+05 -1.326E-09  1.914E-04  2.930E+02  1.527E+03
  9.305E-02  3.567E-01  1.013E+05 -1.104E-09  1.506E-04  2.930E+02  1.498E+03
  9.305E-02  3.630E-01  1.013E+05 -9.207E-10  1.229E-04  2.930E+02  1.473E+03
  9.305E-02  3.693E-01  1.013E+05 -7.692E-10  1.110E-04  2.930E+02  1.451E+03
  9.305E-02  3.756E-01  1.013E+05 -6.453E-10  9.830E-05  2.930E+02  1.432E+03
  9.305E-02  3.819E-01  1.013E+05 -5.445E-10  9.164E-05  2.930E+02  1.416E+03
  9.305E-02  3.882E-01  1.013E+05 -4.615E-10  7.581E-05  2.930E+02  1.402E+03
  9.305E-02  3.945E-01  1.013E+05 -3.921E-10  4.980E-05  2.930E+02  1.389E+03
  9.305E-02  4.008E-01  1.013E+05 -3.326E-10  3.984E-05  2.930E+02  1.379E+03
  9.305E-02  4.072E-01  1.013E+05 -2.862E-10  4.339E-05  2.930E+02  1.369E+03
  9.305E-02  4.135E-01  1.013E+05 -2.493E-10  3.471E-05  2.930E+02  1.362E+03
  9.305E-02  4.198E-01  1.013E+05 -2.164E-10  2.090E-05  2.930E+02  1.355E+03
  9.305E-02  4.261E-01  1.013E+05 -1.893E-10  2.187E-05  2.930E+02  1.349E+03
  9.305E-02  4.324E-01  1.013E+05 -1.652E-10  2.239E-05  2.930E+02  1.344E+03
  9.305E-02  4.387E-01  1.013E+05 -1.450E-10  1.743E-05  2.930E+02  1.340E+03
  9.305E-02  4.450E-01  1.013E+05 -1.251E-10  1.406E-05  2.930E+02  1.336E+03
  9.305E-02  4.513E-01  1.013E+05 -1.083E-10  1.131E-05  2.930E+02  1.333E+03
  9.305E-02  4.577E-01  1.013E+05 -9.172E-11  7.547E-06  2.930E+02  1.330E+03
  9.305E-02  4.640E-01  1.013E+05 -7.741E-11  1.133E-05  2.930E+02  1.328E+03
  9.305E-02  4.703E-01  1.013E+05 -6.713E-11  1.679E-05  2.930E+02  1.326E+03
  9.305E-02  4.766E-01  1.013E+05 -5.689E-11  7.661E-06  2.930E+02  1.325E+03
  9.305E-02  4.829E-01  1.013E+05 -4.667E-11  6.698E-06  2.930E+02  1.324E+03
  9.305E-02  4.892E-01  1.013E+05 -3.901E-11  1.306E-05  2.930E+02  1.323E+03
  9.305E-02  4.955E-01  1.013E+05 -2.853E-11  7.225E-06  2.930E+02  1.323E+03
  9.305E-02  5.018E-01  1.013E+05 -2.311E-11 -5.749E-06  2.930E+02  1.322E+03
  9.305E-02  5.050E-01  1.013E+05  0.000E+00 -5.749E-06  2.930E+02  1.322E+03
  1.055E-01  0.000E+00  1.012E+05  0.000E+00  0.000E+00  2.930E+02  2.930E+02
  1.055E-01  3.156E-03  1.012E+05  2.319E-06  1.675E-03  2.930E+02  4.764E+02
  1.055E-01  9.469E-03  1.012E+05  3.292E-06  6.669E-03  2.930E+02  8.256E+02
  1.055E-01  1.578E-02  1.012E+05  9.909E-08  9.587E-03  2.930E+02  1.136E+03
  1.055E-01  2.209E-02  1.012E+05 -1.950E-06  1.121E-02  2.930E+02  1.400E+03
  1.055E-01  2.841E-02  1.012E+05 -1.399E-06  1.190E-02  2.931E+02  1.621E+03
  1.055E-01  3.472E-02  1.012E+05 -1.382E-06  1.203E-02  2.932E+02  1.805E+03
  1.055E-01  4.103E-02  1.012E+05 -1.306E-06  1.190E-02  2.934E+02  1.957E+03
  1.055E-01  4.734E-02  1.012E+05 -1.389E-06  1.162E-02  2.941E+02  2.085E+03
  1.055E-01  5.366E-02  1.012E+05 -1.624E-06  1.125E-02  2.956E+02  2.194E+03
  1.055E-01  5.997E-02  1.012E+05 -1.120E-06  1.082E-02  2.989E+02  2.288E+03
  1.055E-01  6.628E-02  1.012E+05 -9.099E-07  1.034E-02  3.052E+02  2.371E+03
  1.055E-01  7.259E-02  1.012E+05 -6.642E-07  9.777E-03  3.168E+02  2.446E+03
  1.055E-01  7.891E-02  1.012E+05 -3.579E-07  9.010E-03  3.364E+02  2.526E+03
  1.055E-01  8.522E-02  1.012E+05  1.520E-08  7.859E-03  3.668E+02  2.658E+03
  1.055E-01  9.153E-02  1.012E+05  4.539E-07  7.406E-03  4.101E+02  3.104E+03
  1.055E-01  9.784E-02  1.012E+05  8.429E-07  4.673E-03  3.668E+02  3.135E+03
  1.055E-01  1.042E-01  1.013E+05  1.056E-06  4.417E-03  3.364E+02  3.160E+03
  1.055E-01  1.105E-01  1.013E+05  1.101E-06  4.359E-03  3.168E+02  3.182E+03
  1.055E-01  1.168E-01  1.013E+05  1.102E-06  4.415E-03  3.052E+02  3.202E+03
  1.055E-01  1.231E-01  1.013E+05  1.122E-06  4.507E-03  2.989E+02  3.219E+03
  1.055E-01  1.294E-01  1.013E+05  1.231E-06  4.613E-03  2.956E+02  3.236E+03
  1.055E-01  1.357E-01  1.013E+05  1.173E-06  4.733E-03  2.941E+02  3.251E+03
  1.055E-01  1.420E-01  1.013E+05  4.785E-07  4.856E-03  2.934E+02  3.265E+03
  1.055E-01  1.483E-01  1.013E+05 -3.888E-07  4.946E-03  2.932E+02  3.278E+03
  1.055E-01  1.547E-01  1.013E+05 -1.046E-07  4.991E-03  2.931E+02  3.289E+03
  1.055E-01  1.610E-01  1.013E+05  3.274E-08  4.989E-03  2.930E+02  3.299E+03
  1.055E-01  1.673E-01  1.013E+05  1.079E-07  4.946E-03  2.930E+02  3.308E+03
  1.055E-01  1.736E-01  1.013E+05  1.125E-07  4.847E-03  2.930E+02  3.313E+03
  1.055E-01  1.799E-01  1.013E+05  9.775E-08  4.700E-03  2.930E+02  3.314E+03
  1.055E-01  1.862E-01  1.013E+05  7.712E-08  4.511E-03  2.930E+02  3.311E+03
  1.055E-01  1.925E-01  1.013E+05  5.704E-08  4.271E-03  2.930E+02  3.300E+03
  1.055E-01  1.988E-01  1.013E+05  3.937E-08  4.011E-03  2.930E+02  3.281E+03
  1.055E-01  2.052E-01  1.013E+05  2.453E-08  3.736E-03  2.930E+02  3.253E+03
  1.055E-01  2.115E-01  1.013E+05  1.202E-08  3.453E-03  2.930E+02  3.212E+03
  1.055E-01  2.178E-01  1.013E+05  1.772E-09  3.166E-03  2.930E+02  3.159E+03
  1.055E-01  2.241E-01  1.013E+05 -8.507E-09  2.879E-03  2.930E+02  3.094E+03
  1.055E-01  2.304E-01  1.013E+05 -1.650E-08  2.603E-03  2.930E+02  3.016E+03
  1.055E-01  2.367E-01  1.013E+05 -2.604E-08  2.334E-03  2.930E+02  2.928E+03
  1.055E-01  2.430E-01  1.013E+05 -2.190E-08  2.079E-03  2.930E+02  2.831E+03
  1.055E-01  2.493E-01  1.013E+05 -2.600E-08  1.852E-03  2.930E+02  2.728E+03
  1.055E-01  2.557E-01  1.013E+05 -2.352E-08  1.641E-03  2.930E+02  2.621E+03
  1.055E-01  2.620E-01  1.013E+05 -2.074E-08  1.451E-03  2.930E+02  2.513E+03
  1.055E-01  2.683E-01  1.013E+05 -1.755E-08  1.282E-03  2.930E+02  2.406E+03
  1.055E-01  2.746E-01  1.013E+05 -1.463E-08  1.119E-03  2.930E+02  2.302E+03
  1.055E-01  2.809E-01  1.013E+05 -1.209E-08  9.717E-04  2.930E+02  2.202E+03
  1.055E-01  2.872E-01  1.013E+05 -9.938E-09  8.464E-04  2.930E+02  2.109E+03
  1.055E-01  2.935E-01  1.013E+05 -8.160E-09  7.382E-04  2.930E+02  2.021E+03
  1.055E-01  2.998E-01  1.013E+05 -6.694E-09  6.365E-04  2.930E+02  1.940E+03
  1.055E-01  3.062E-01  1.013E+05 -5.490E-09  5.515E-04  2.930E+02  1.867E+03
  1.055E-01  3.125E-01  1.013E+05 -4.511E-09  4.828E-04  2.930E+02  1.800E+03
  1.055E-01  3.188E-01  1.013E+05 -3.711E-09  4.077E-04  2.930E+02  1.740E+03
  1.055E-01  3.251E-01  1.013E+05 -3.047E-09  3.451E-04  2.930E+02  1.686E+03
  1.055E-01  3.314E-01  1.013E+05 -2.512E-09  3.065E-04  2.930E+02  1.639E+03
  1.055E-01  3.377E-01  1.013E+05 -2.084E-09  2.617E-04  2.930E+02  1.596E+03
  1.055E-01  3.440E-01  1.013E+05 -1.734E-09  2.217E-04  2.930E+02  1.559E+03
  1.055E-01  3.503E-01  1.013E+05 -1.451E-09  1.914E-04  2.930E+02  1.527E+03
  1.055E-01  3.567E-01  1.013E+05 -1.210E-09  1.506E-04  2.930E+02  1.498E+03
  1.055E-01  3.630E-01  1.013E+05 -9.962E-10  1.229E-04  2.930E+02  1.473E+03
  1.055E-01  3.693E-01  1.013E+05 -8.201E-10  1.110E-04  2.930E+02  1.451E+03
  1.055E-01  3.756E-01  1.013E+05 -6.843E-10  9.830E-05  2.930E+02  1.432E+03
  1.055E-01  3.819E-01  1.013E+05 -5.833E-10  9.164E-05  2.930E+02  1.416E+03
  1.055E-01  3.882E-01  1.013E+05 -5.063E-10  7.581E-05  2.930E+02  1.402E+03
  1.055E-01  3.945E-01  1.013E+05 -4.281E-10  4.980E-05  2.930E+02  1.389E+03
  1.055E-01  4.008E-01  1.013E+05 -3.453E-10  3.984E-05  2.930E+02  1.379E+03
  1.055E-01  4.072E-01  1.013E+05 -2.909E-10  4.339E-05  2.930E+02  1.369E+03
  1.055E-01  4.135E-01  1.013E+05 -2.580E-10  3.471E-05  2.930E+02  1.362E+03
  1.055E-01  4.198E-01  1.013E+05 -2.142E-10  2.090E-05  2.930E+02  1.355E+03
  1.055E-01  4.261E-01  1.013E+05 -1.730E-10  2.187E-05  2.930E+02  1.349E+03
  1.055E-01  4.324E-01  1.013E+05 -1.478E-10  2.239E-05  2.930E+02  1.344E+03
  1.055E-01  4.387E-01  1.013E+05 -1.285E-10  1.743E-05  2.930E+02  1.340E+03
  1.055E-01  4.450E-01  1.013E+05 -1.071E-10  1.406E-05  2.930E+02  1.336E+03
  1.055E-01  4.513E-01  1.013E+05 -8.978E-11  1.131E-05  2.930E+02  1.333E+03
  1.055E-01  4.577E-01  1.013E+05 -7.089E-11  7.547E-06  2.930E+02  1.330E+03
  1.055E-01  4.640E-01  1.013E+05 -5.588E-11  1.133E-05  2.930E+02  1.328E+03
  1.055E-01  4.703E-01  1.013E+05 -5.641E-11  1.679E-05  2.930E+02  1.326E+03
  1.055E-01  4.766E-01  1.013E+05 -5.412E-11  7.661E-06  2.930E+02  1.325E+03
  1.055E-01  4.829E-01  1.013E+05 -4.131E-11  6.698E-06  2.930E+02  1.324E+03
  1.055E-01  4.892E-01  1.013E+05 -4.291E-11  1.306E-05  2.930E+02  1.323E+03
  1.055E-01  4.955E-01  1.013E+05 -4.731E-11  7.225E-06  2.930E+02  1.323E+03
  1.055E-01  5.018E-01  1.013E+05 -4.344E-11 -5.749E-06  2.930E+02  1.322E+03
  1.055E-01  5.050E-01  1.013E+05  0.000E+00 -5.749E-06  2.930E+02  1.322E+03
  1.179E-01  0.000E+00  1.012E+05  0.000E+00  0.000E+00  2.930E+02  2.930E+02
  1.179E-01  3.156E-03  1.012E+05  4.735E-07  1.676E-03  2.930E+02  4.764E+02
  1.179E-01  9.469E-03  1.012E+05  2.904E-07  6.669E-03  2.930E+02  8.256E+02
  1.179E-01  1.578E-02  1.012E+05 -1.335E-07  9.586E-03  2.930E+02  1.136E+03
  1.179E-01  2.209E-02  1.012E+05 -4.407E-07  1.121E-02  2.930E+02  1.401E+03
  1.179E-01  2.841E-02  1.012E+05 -5.360E-07  1.190E-02  2.931E+02  1.621E+03
  1.179E-01  3.472E-02  1.012E+05 -6.098E-07  1.203E-02  2.932E+02  1.805E+03
  1.179E-01  4.103E-02  1.012E+05 -6.506E-07  1.189E-02  2.934E+02  1.958E+03
  1.179E-01  4.734E-02  1.012E+05 -8.179E-07  1.162E-02  2.941E+02  2.085E+03
  1.179E-01  5.366E-02  1.012E+05 -1.336E-06  1.125E-02  2.956E+02  2.194E+03
  1.179E-01  5.997E-02  1.012E+05 -6.611E-07  1.082E-02  2.989E+02  2.288E+03
  1.179E-01  6.628E-02  1.012E+05 -4.803E-07  1.034E-02  3.052E+02  2.370E+03
  1.179E-01  7.259E-02  1.012E+05 -3.180E-07  9.775E-03  3.168E+02  2.446E+03
  1.179E-01  7.891E-02  1.012E+05 -1.631E-07  9.008E-03  3.364E+02  2.526E+03
  1.179E-01  8.522E-02  1.012E+05 -2.450E-09  7.857E-03  3.668E+02  2.658E+03
  1.179E-01  9.153E-02  1.012E+05  1.702E-07  7.404E-03  4.101E+02  3.104E+03
  1.179E-01  9.784E-02  1.012E+05  3.227E-07  4.671E-03  3.668E+02  3.135E+03
  1.179E-01  1.042E-01  1.013E+05  4.169E-07  4.416E-03  3.364E+02  3.160E+03
  1.179E-01  1.105E-01  1.013E+05  4.552E-07  4.358E-03  3.168E+02  3.182E+03
  1.179E-01  1.168E-01  1.013E+05  4.735E-07  4.414E-03  3.052E+02  3.202E+03
  1.179E-01  1.231E-01  1.013E+05  4.744E-07  4.506E-03  2.989E+02  3.219E+03
  1.179E-01  1.294E-01  1.013E+05  4.124E-07  4.612E-03  2.956E+02  3.235E+03
  1.179E-01  1.357E-01  1.013E+05  2.475E-07  4.733E-03  2.941E+02  3.251E+03
  1.179E-01  1.420E-01  1.013E+05 -1.756E-07  4.853E-03  2.934E+02  3.265E+03
  1.179E-01  1.483E-01  1.013E+05 -9.575E-07  4.946E-03  2.932E+02  3.278E+03
  1.179E-01  1.547E-01  1.013E+05 -3.701E-07  4.994E-03  2.931E+02  3.289E+03
  1.179E-01  1.610E-01  1.013E+05 -1.471E-07  4.990E-03  2.930E+02  3.299E+03
  1.179E-01  1.673E-01  1.013E+05 -1.803E-08  4.947E-03  2.930E+02  3.307E+03
  1.179E-01  1.736E-01  1.013E+05  1.886E-08  4.847E-03  2.930E+02  3.313E+03
  1.179E-01  1.799E-01  1.013E+05  2.782E-08  4.701E-03  2.930E+02  3.314E+03
  1.179E-01  1.862E-01  1.013E+05  2.555E-08  4.511E-03  2.930E+02  3.311E+03
  1.179E-01  1.925E-01  1.013E+05  2.008E-08  4.271E-03  2.930E+02  3.300E+03
  1.179E-01  1.988E-01  1.013E+05  1.414E-08  4.011E-03  2.930E+02  3.281E+03
  1.179E-01  2.052E-01  1.013E+05  8.773E-09  3.736E-03  2.930E+02  3.253E+03
  1.179E-01  2.115E-01  1.013E+05  4.145E-09  3.453E-03  2.930E+02  3.212E+03
  1.179E-01  2.178E-01  1.013E+05  3.283E-10  3.166E-03  2.930E+02  3.159E+03
  1.179E-01  2.241E-01  1.013E+05 -3.308E-09  2.879E-03  2.930E+02  3.094E+03
  1.179E-01  2.304E-01  1.013E+05 -6.133E-09  2.603E-03  2.930E+02  3.016E+03
  1.179E-01  2.367E-01  1.013E+05 -8.201E-09  2.334E-03  2.930E+02  2.928E+03
  1.179E-01  2.430E-01  1.013E+05 -8.316E-09  2.079E-03  2.930E+02  2.831E+03
  1.179E-01  2.493E-01  1.013E+05 -5.612E-09  1.852E-03  2.930E+02  2.728E+03
  1.179E-01  2.557E-01  1.013E+05 -7.686E-09  1.641E-03  2.930E+02  2.621E+03
  1.179E-01  2.620E-01  1.013E+05 -7.204E-09  1.451E-03  2.930E+02  2.513E+03
  1.179E-01  2.683E-01  1.013E+05 -6.797E-09  1.282E-03  2.930E+02  2.406E+03
  1.179E-01  2.746E-01  1.013E+05 -6.030E-09  1.119E-03  2.930E+02  2.302E+03
  1.179E-01  2.809E-01  1.013E+05 -5.225E-09  9.717E-04  2.930E+02  2.202E+03
  1.179E-01  2.872E-01  1.013E+05 -4.440E-09  8.464E-04  2.930E+02  2.109E+03
  1.179E-01  2.935E-01  1.013E+05 -3.735E-09  7.382E-04  2.930E+02  2.021E+03
  1.179E-01  2.998E-01  1.013E+05 -3.120E-09  6.365E-04  2.930E+02  1.940E+03
  1.179E-01  3.062E-01  1.013E+05 -2.595E-09  5.515E-04  2.930E+02  1.867E+03
  1.179E-01  3.125E-01  1.013E+05 -2.161E-09  4.828E-04  2.930E+02  1.800E+03
  1.179E-01  3.188E-01  1.013E+05 -1.799E-09  4.077E-04  2.930E+02  1.740E+03
  1.179E-01  3.251E-01  1.013E+05 -1.488E-09  3.451E-04  2.930E+02  1.686E+03
  1.179E-01  3.314E-01  1.013E+05 -1.236E-09  3.065E-04  2.930E+02  1.639E+03
  1.179E-01  3.377E-01  1.013E+05 -1.035E-09  2.617E-04  2.930E+02  1.596E+03
  1.179E-01  3.440E-01  1.013E+05 -8.676E-10  2.217E-04  2.930E+02  1.559E+03
  1.179E-01  3.503E-01  1.013E+05 -7.319E-10  1.914E-04  2.930E+02  1.527E+03
  1.179E-01  3.567E-01  1.013E+05 -6.114E-10  1.506E-04  2.930E+02  1.498E+03
  1.179E-01  3.630E-01  1.013E+05 -4.969E-10  1.229E-04  2.930E+02  1.473E+03
  1.179E-01  3.693E-01  1.013E+05 -4.031E-10  1.110E-04  2.930E+02  1.451E+03
  1.179E-01  3.756E-01  1.013E+05 -3.345E-10  9.830E-05  2.930E+02  1.432E+03
  1.179E-01  3.819E-01  1.013E+05 -2.883E-10  9.164E-05  2.930E+02  1.416E+03
  1.179E-01  3.882E-01  1.013E+05 -2.563E-10  7.581E-05  2.930E+02  1.402E+03
  1.179E-01  3.945E-01  1.013E+05 -2.164E-10  4.980E-05  2.930E+02  1.389E+03
  1.179E-01  4.008E-01  1.013E+05 -1.661E-10  3.984E-05  2.930E+02  1.379E+03
  1.179E-01  4.072E-01  1.013E+05 -1.372E-10  4.339E-05  2.930E+02  1.369E+03
  1.179E-01  4.135E-01  1.013E+05 -1.241E-10  3.471E-05  2.930E+02  1.362E+03
  1.179E-01  4.198E-01  1.013E+05 -9.726E-11  2.090E-05  2.930E+02  1.355E+03
  1.179E-01  4.261E-01  1.013E+05 -7.075E-11  2.187E-05  2.930E+02  1.349E+03
  1.179E-01  4.324E-01  1.013E+05 -5.777E-11  2.239E-05  2.930E+02  1.344E+03
  1.179E-01  4.387E-01  1.013E+05 -4.961E-11  1.743E-05  2.930E+02  1.340E+03
  1.179E-01  4.450E-01  1.013E+05 -3.902E-11  1.406E-05  2.930E+02  1.336E+03
  1.179E-01  4.513E-01  1.013E+05 -3.203E-11  1.131E-05  2.930E+02  1.333E+03
  1.179E-01  4.577E-01  1.013E+05 -2.313E-11  7.547E-06  2.930E+02  1.330E+03
  1.179E-01  4.640E-01  1.013E+05 -1.695E-11  1.133E-05  2.930E+02  1.328E+03
  1.179E-01  4.703E-01  1.013E+05 -2.437E-11  1.679E-05  2.930E+02  1.326E+03
  1.179E-01  4.766E-01  1.013E+05 -2.775E-11  7.661E-06  2.930E+02  1.325E+03
  1.179E-01  4.829E-01  1.013E+05 -2.018E-11  6.698E-06  2.930E+02  1.324E+03
  1.179E-01  4.892E-01  1.013E+05 -2.521E-11  1.306E-05  2.930E+02  1.323E+03
  1.179E-01  4.955E-01  1.013E+05 -3.315E-11  7.225E-06  2.930E+02  1.323E+03
  1.179E-01  5.018E-01  1.013E+05 -3.115E-11 -5.749E-06  2.930E+02  1.322E+03
  1.179E-01  5.050E-01  1.013E+05  0.000E+00 -5.749E-06  2.930E+02  1.322E+03
  1.241E-01  0.000E+00  1.012E+05  0.000E+00  0.000E+00  2.930E+02  2.930E+02
  1.241E-01  3.156E-03  1.012E+05  4.735E-07  1.676E-03  2.930E+02  4.764E+02
  1.241E-01  9.469E-03  1.012E+05  2.904E-07  6.669E-03  2.930E+02  8.256E+02
  1.241E-01  1.578E-02  1.012E+05 -1.335E-07  9.586E-03  2.930E+02  1.136E+03
  1.241E-01  2.209E-02  1.012E+05 -4.407E-07  1.121E-02  2.930E+02  1.401E+03
  1.241E-01  2.841E-02  1.012E+05 -5.360E-07  1.190E-02  2.931E+02  1.621E+03
  1.241E-01  3.472E-02  1.012E+05 -6.098E-07  1.203E-02  2.932E+02  1.805E+03
  1.241E-01  4.103E-02  1.012E+05 -6.506E-07  1.189E-02  2.934E+02  1.958E+03
  1.241E-01  4.734E-02  1.012E+05 -8.179E-07  1.162E-02  2.941E+02  2.085E+03
  1.241E-01  5.366E-02  1.012E+05 -1.336E-06  1.125E-02  2.956E+02  2.194E+03
  1.241E-01  5.997E-02  1.012E+05 -6.611E-07  1.082E-02  2.989E+02  2.288E+03
  1.241E-01  6.628E-02  1.012E+05 -4.803E-07  1.034E-02  3.052E+02  2.370E+03
  1.241E-01  7.259E-02  1.012E+05 -3.180E-07  9.775E-03  3.168E+02  2.446E+03
  1.241E-01  7.891E-02  1.012E+05 -1.631E-07  9.008E-03  3.364E+02  2.526E+03
  1.241E-01  8.522E-02  1.012E+05 -2.450E-09  7.857E-03  3.668E+02  2.658E+03
  1.241E-01  9.153E-02  1.012E+05  1.702E-07  7.404E-03  4.101E+02  3.104E+03
  1.241E-01  9.784E-02  1.012E+05  3.227E-07  4.671E-03  3.668E+02  3.135E+03
  1.241E-01  1.042E-01  1.013E+05  4.169E-07  4.416E-03  3.364E+02  3.160E+03
  1.241E-01  1.105E-01  1.013E+05  4.552E-07  4.358E-03  3.168E+02  3.182E+03
  1.241E-01  1.168E-01  1.013E+05  4.735E-07  4.414E-03  3.052E+02  3.202E+03
  1.241E-01  1.231E-01  1.013E+05  4.744E-07  4.506E-03  2.989E+02  3.219E+03
  1.241E-01  1.294E-01  1.013E+05  4.124E-07  4.612E-03  2.956E+02  3.235E+03
  1.241E-01  1.357E-01  1.013E+05  2.475E-07  4.733E-03  2.941E+02  3.251E+03
  1.241E-01  1.420E-01  1.013E+05 -1.756E-07  4.853E-03  2.934E+02  3.265E+03
  1.241E-01  1.483E-01  1.013E+05 -9.575E-07  4.946E-03  2.932E+02  3.278E+03
  1.241E-01  1.547E-01  1.013E+05 -3.701E-07  4.994E-03  2.931E+02  3.289E+03
  1.241E-01  1.610E-01  1.013E+05 -1.471E-07  4.990E-03  2.930E+02  3.299E+03
  1.241E-01  1.673E-01  1.013E+05 -1.803E-08  4.947E-03  2.930E+02  3.307E+03
  1.241E-01  1.736E-01  1.013E+05  1.886E-08  4.847E-03  2.930E+02  3.313E+03
  1.241E-01  1.799E-01  1.013E+05  2.782E-08  4.701E-03  2.930E+02  3.314E+03
  1.241E-01  1.862E-01  1.013E+05  2.555E-08  4.511E-03  2.930E+02  3.311E+03
  1.241E-01  1.925E-01  1.013E+05  2.008E-08  4.271E-03  2.930E+02  3.300E+03
  1.241E-01  1.988E-01  1.013E+05  1.414E-08  4.011E-03  2.930E+02  3.281E+03
  1.241E-01  2.052E-01  1.013E+05  8.773E-09  3.736E-03  2.930E+02  3.253E+03
  1.241E-01  2.115E-01  1.013E+05  4.145E-09  3.453E-03  2.930E+02  3.212E+03
  1.241E-01  2.178E-01  1.013E+05  3.283E-10  3.166E-03  2.930E+02  3.159E+03
  1.241E-01  2.241E-01  1.013E+05 -3.308E-09  2.879E-03  2.930E+02  3.094E+03
  1.241E-01  2.304E-01  1.013E+05 -6.133E-09  2.603E-03  2.930E+02  3.016E+03
  1.241E-01  2.367E-01  1.013E+05 -8.201E-09  2.334E-03  2.930E+02  2.928E+03
  1.241E-01  2.430E-01  1.013E+05 -8.316E-09  2.079E-03  2.930E+02  2.831E+03
  1.241E-01  2.493E-01  1.013E+05 -5.612E-09  1.852E-03  2.930E+02  2.728E+03
  1.241E-01  2.557E-01  1.013E+05 -7.686E-09  1.641E-03  2.930E+02  2.621E+03
  1.241E-01  2.620E-01  1.013E+05 -7.204E-09  1.451E-03  2.930E+02  2.513E+03
  1.241E-01  2.683E-01  1.013E+05 -6.797E-09  1.282E-03  2.930E+02  2.406E+03
  1.241E-01  2.746E-01  1.013E+05 -6.030E-09  1.119E-03  2.930E+02  2.302E+03
  1.241E-01  2.809E-01  1.013E+05 -5.225E-09  9.717E-04  2.930E+02  2.202E+03
  1.241E-01  2.872E-01  1.013E+05 -4.440E-09  8.464E-04  2.930E+02  2.109E+03
  1.241E-01  2.935E-01  1.013E+05 -3.735E-09  7.382E-04  2.930E+02  2.021E+03
  1.241E-01  2.998E-01  1.013E+05 -3.120E-09  6.365E-04  2.930E+02  1.940E+03
  1.241E-01  3.062E-01  1.013E+05 -2.595E-09  5.515E-04  2.930E+02  1.867E+03
  1.241E-01  3.125E-01  1.013E+05 -2.161E-09  4.828E-04  2.930E+02  1.800E+03
  1.241E-01  3.188E-01  1.013E+05 -1.799E-09  4.077E-04  2.930E+02  1.740E+03
  1.241E-01  3.251E-01  1.013E+05 -1.488E-09  3.451E-04  2.930E+02  1.686E+03
  1.241E-01  3.314E-01  1.013E+05 -1.236E-09  3.065E-04  2.930E+02  1.639E+03
  1.241E-01  3.377E-01  1.013E+05 -1.035E-09  2.617E-04  2.930E+02  1.596E+03
  1.241E-01  3.440E-01  1.013E+05 -8.676E-10  2.217E-04  2.930E+02  1.559E+03
  1.241E-01  3.503E-01  1.013E+05 -7.319E-10  1.914E-04  2.930E+02  1.527E+03
  1.241E-01  3.567E-01  1.013E+05 -6.114E-10  1.506E-04  2.930E+02  1.498E+03
  1.241E-01  3.630E-01  1.013E+05 -4.969E-10  1.229E-04  2.930E+02  1.473E+03
  1.241E-01  3.693E-01  1.013E+05 -4.031E-10  1.110E-04  2.930E+02  1.451E+03
  1.241E-01  3.756E-01  1.013E+05 -3.345E-10  9.830E-05  2.930E+02  1.432E+03
  1.241E-01  3.819E-01  1.013E+05 -2.883E-10  9.164E-05  2.930E+02  1.416E+03
  1.241E-01  3.882E-01  1.013E+05 -2.563E-10  7.581E-05  2.930E+02  1.402E+03
  1.241E-01  3.945E-01  1.013E+05 -2.164E-10  4.980E-05  2.930E+02  1.389E+03
  1.241E-01  4.008E-01  1.013E+05 -1.661E-10  3.984E-05  2.930E+02  1.379E+03
  1.241E-01  4.072E-01  1.013E+05 -1.372E-10  4.339E-05  2.930E+02  1.369E+03
  1.241E-01  4.135E-01  1.013E+05 -1.241E-10  3.471E-05  2.930E+02  1.362E+03
  1.241E-01  4.198E-01  1.013E+05 -9.726E-11  2.090E-05  2.930E+02  1.355E+03
  1.241E-01  4.261E-01  1.013E+05 -7.075E-11  2.187E-05  2.930E+02  1.349E+03
  1.241E-01  4.324E-01  1.013E+05 -5.777E-11  2.239E-05  2.930E+02  1.344E+03
  1.241E-01  4.387E-01  1.013E+05 -4.961E-11  1.743E-05  2.930E+02  1.340E+03
  1.241E-01  4.450E-01  1.013E+05 -3.902E-11  1.406E-05  2.930E+02  1.336E+03
  1.241E-01  4.513E-01  1.013E+05 -3.203E-11  1.131E-05  2.930E+02  1.333E+03
  1.241E-01  4.577E-01  1.013E+05 -2.313E-11  7.547E-06  2.930E+02  1.330E+03
  1.241E-01  4.640E-01  1.013E+05 -1.695E-11  1.133E-05  2.930E+02  1.328E+03
  1.241E-01  4.703E-01  1.013E+05 -2.437E-11  1.679E-05  2.930E+02  1.326E+03
  1.241E-01  4.766E-01  1.013E+05 -2.775E-11  7.661E-06  2.930E+02  1.325E+03
  1.241E-01  4.829E-01  1.013E+05 -2.018E-11  6.698E-06  2.930E+02  1.324E+03
  1.241E-01  4.892E-01  1.013E+05 -2.521E-11  1.306E-05  2.930E+02  1.323E+03
  1.241E-01  4.955E-01  1.013E+05 -3.315E-11  7.225E-06  2.930E+02  1.323E+03
  1.241E-01  5.018E-01  1.013E+05 -3.115E-11 -5.749E-06  2.930E+02  1.322E+03
  1.241E-01  5.050E-01  1.013E+05  0.000E+00 -5.749E-06  2.930E+02  1.322E+03
