VARIABLES="XP","YP","P","U","V","TS","TF"
ZONE T="Zone 001"I=    82 J=    12 F=POINT
  0.000E+00  0.000E+00  1.019E+05  2.494E-07  6.502E-02  2.934E+02  2.930E+02
  0.000E+00  3.156E-03  1.019E+05  2.494E-07  6.502E-02  2.934E+02  2.930E+02
  0.000E+00  9.469E-03  1.019E+05  2.541E-07  6.501E-02  2.943E+02  2.930E+02
  0.000E+00  1.578E-02  1.019E+05  2.722E-07  6.500E-02  2.955E+02  2.930E+02
  0.000E+00  2.209E-02  1.019E+05  2.482E-07  6.500E-02  2.972E+02  2.930E+02
  0.000E+00  2.841E-02  1.019E+05  2.115E-07  6.500E-02  2.999E+02  2.930E+02
  0.000E+00  3.472E-02  1.019E+05  1.916E-07  6.500E-02  3.038E+02  2.930E+02
  0.000E+00  4.103E-02  1.019E+05  1.772E-07  6.500E-02  3.096E+02  2.930E+02
  0.000E+00  4.734E-02  1.019E+05  1.698E-07  6.500E-02  3.178E+02  2.930E+02
  0.000E+00  5.366E-02  1.019E+05  1.665E-07  6.500E-02  3.290E+02  2.930E+02
  0.000E+00  5.997E-02  1.018E+05  1.662E-07  6.500E-02  3.437E+02  2.930E+02
  0.000E+00  6.628E-02  1.018E+05  1.680E-07  6.500E-02  3.620E+02  2.930E+02
  0.000E+00  7.259E-02  1.018E+05  1.717E-07  6.500E-02  3.830E+02  2.930E+02
  0.000E+00  7.891E-02  1.018E+05  1.774E-07  6.500E-02  4.039E+02  2.930E+02
  0.000E+00  8.522E-02  1.018E+05  1.890E-07  6.500E-02  4.200E+02  2.930E+02
  0.000E+00  9.153E-02  1.018E+05  1.971E-07  6.500E-02  4.262E+02  2.930E+02
  0.000E+00  9.784E-02  1.018E+05  2.669E-07  6.500E-02  4.200E+02  2.930E+02
  0.000E+00  1.042E-01  1.018E+05  1.835E-07  6.499E-02  4.039E+02  2.930E+02
  0.000E+00  1.105E-01  1.018E+05  7.510E-07  6.499E-02  3.830E+02  2.930E+02
  0.000E+00  1.168E-01  1.018E+05  1.185E-06  6.499E-02  3.620E+02  2.930E+02
  0.000E+00  1.231E-01  1.018E+05  7.466E-07  6.500E-02  3.437E+02  2.930E+02
  0.000E+00  1.294E-01  1.018E+05  3.456E-07  6.500E-02  3.290E+02  2.930E+02
  0.000E+00  1.357E-01  1.018E+05  2.725E-07  6.500E-02  3.178E+02  2.930E+02
  0.000E+00  1.420E-01  1.017E+05  2.424E-07  6.500E-02  3.096E+02  2.930E+02
  0.000E+00  1.483E-01  1.017E+05  3.298E-07  6.500E-02  3.039E+02  2.930E+02
  0.000E+00  1.547E-01  1.017E+05  5.478E-07  6.500E-02  2.999E+02  2.930E+02
  0.000E+00  1.610E-01  1.017E+05  1.167E-06  6.500E-02  2.973E+02  2.930E+02
  0.000E+00  1.673E-01  1.017E+05  5.381E-07  6.500E-02  2.956E+02  2.930E+02
  0.000E+00  1.736E-01  1.017E+05  2.977E-07  6.500E-02  2.945E+02  2.930E+02
  0.000E+00  1.799E-01  1.017E+05  1.835E-07  6.500E-02  2.939E+02  2.930E+02
  0.000E+00  1.862E-01  1.017E+05  1.303E-07  6.500E-02  2.935E+02  2.930E+02
  0.000E+00  1.925E-01  1.017E+05  9.576E-08  6.500E-02  2.933E+02  2.930E+02
  0.000E+00  1.988E-01  1.017E+05  7.740E-08  6.500E-02  2.931E+02  2.930E+02
  0.000E+00  2.052E-01  1.017E+05  6.761E-08  6.500E-02  2.931E+02  2.930E+02
  0.000E+00  2.115E-01  1.017E+05  6.199E-08  6.499E-02  2.930E+02  2.930E+02
  0.000E+00  2.178E-01  1.017E+05  6.193E-08  6.499E-02  2.930E+02  2.930E+02
  0.000E+00  2.241E-01  1.017E+05  5.292E-08  6.499E-02  2.930E+02  2.930E+02
  0.000E+00  2.304E-01  1.016E+05  6.334E-08  6.500E-02  2.930E+02  2.930E+02
  0.000E+00  2.367E-01  1.016E+05  6.440E-08  6.500E-02  2.930E+02  2.930E+02
  0.000E+00  2.430E-01  1.016E+05  6.985E-08  6.500E-02  2.930E+02  2.930E+02
  0.000E+00  2.493E-01  1.016E+05  7.619E-08  6.500E-02  2.930E+02  2.930E+02
  0.000E+00  2.557E-01  1.016E+05  8.454E-08  6.500E-02  2.930E+02  2.930E+02
  0.000E+00  2.620E-01  1.016E+05  9.680E-08  6.500E-02  2.930E+02  2.930E+02
  0.000E+00  2.683E-01  1.016E+05  1.042E-07  6.500E-02  2.930E+02  2.930E+02
  0.000E+00  2.746E-01  1.016E+05  1.702E-07  6.500E-02  2.930E+02  2.930E+02
  0.000E+00  2.809E-01  1.016E+05 -1.506E-07  6.499E-02  2.930E+02  2.930E+02
  0.000E+00  2.872E-01  1.016E+05  2.038E-06  6.499E-02  2.930E+02  2.930E+02
  0.000E+00  2.935E-01  1.016E+05  2.367E-05  6.499E-02  2.930E+02  2.930E+02
  0.000E+00  2.998E-01  1.016E+05  2.434E-06  6.500E-02  2.930E+02  2.930E+02
  0.000E+00  3.062E-01  1.016E+05  4.185E-07  6.500E-02  2.930E+02  2.930E+02
  0.000E+00  3.125E-01  1.015E+05  5.218E-07  6.500E-02  2.930E+02  2.930E+02
  0.000E+00  3.188E-01  1.015E+05  2.363E-07  6.500E-02  2.930E+02  2.930E+02
  0.000E+00  3.251E-01  1.015E+05  1.726E-07  6.500E-02  2.930E+02  2.930E+02
  0.000E+00  3.314E-01  1.015E+05  1.239E-07  6.500E-02  2.930E+02  2.930E+02
  0.000E+00  3.377E-01  1.015E+05  1.035E-07  6.500E-02  2.930E+02  2.930E+02
  0.000E+00  3.440E-01  1.015E+05  9.607E-08  6.500E-02  2.930E+02  2.930E+02
  0.000E+00  3.503E-01  1.015E+05  9.924E-08  6.500E-02  2.930E+02  2.930E+02
  0.000E+00  3.567E-01  1.015E+05  1.119E-07  6.500E-02  2.930E+02  2.930E+02
  0.000E+00  3.630E-01  1.015E+05  1.388E-07  6.500E-02  2.930E+02  2.930E+02
  0.000E+00  3.693E-01  1.015E+05  1.786E-07  6.500E-02  2.930E+02  2.930E+02
  0.000E+00  3.756E-01  1.015E+05  2.322E-07  6.500E-02  2.930E+02  2.930E+02
  0.000E+00  3.819E-01  1.015E+05  1.820E-07  6.500E-02  2.930E+02  2.930E+02
  0.000E+00  3.882E-01  1.015E+05  1.417E-07  6.500E-02  2.930E+02  2.930E+02
  0.000E+00  3.945E-01  1.015E+05  1.074E-07  6.500E-02  2.930E+02  2.930E+02
  0.000E+00  4.008E-01  1.014E+05  8.936E-08  6.500E-02  2.930E+02  2.930E+02
  0.000E+00  4.072E-01  1.014E+05  7.406E-08  6.500E-02  2.930E+02  2.930E+02
  0.000E+00  4.135E-01  1.014E+05  6.559E-08  6.500E-02  2.930E+02  2.930E+02
  0.000E+00  4.198E-01  1.014E+05  5.511E-08  6.500E-02  2.930E+02  2.930E+02
  0.000E+00  4.261E-01  1.014E+05  4.669E-08  6.500E-02  2.930E+02  2.930E+02
  0.000E+00  4.324E-01  1.014E+05  4.122E-08  6.500E-02  2.930E+02  2.930E+02
  0.000E+00  4.387E-01  1.014E+05  3.706E-08  6.500E-02  2.930E+02  2.930E+02
  0.000E+00  4.450E-01  1.014E+05  3.490E-08  6.500E-02  2.930E+02  2.930E+02
  0.000E+00  4.513E-01  1.014E+05  3.442E-08  6.500E-02  2.930E+02  2.930E+02
  0.000E+00  4.577E-01  1.014E+05  3.724E-08  6.500E-02  2.930E+02  2.930E+02
  0.000E+00  4.640E-01  1.014E+05  4.398E-08  6.500E-02  2.930E+02  2.930E+02
  0.000E+00  4.703E-01  1.014E+05  6.959E-08  6.500E-02  2.930E+02  2.930E+02
  0.000E+00  4.766E-01  1.014E+05  5.194E-08  6.500E-02  2.930E+02  2.930E+02
  0.000E+00  4.829E-01  1.014E+05  4.602E-07  6.500E-02  2.930E+02  2.930E+02
  0.000E+00  4.892E-01  1.013E+05 -1.662E-06  6.501E-02  2.930E+02  2.930E+02
  0.000E+00  4.955E-01  1.013E+05 -2.319E-05  6.499E-02  2.930E+02  2.930E+02
  0.000E+00  5.018E-01  1.013E+05 -2.888E-07  6.498E-02  2.930E+02  2.930E+02
  0.000E+00  5.050E-01  1.013E+05 -2.888E-07  6.498E-02  2.930E+02  2.930E+02
  6.203E-03  0.000E+00  1.019E+05  0.000E+00  6.500E-02  2.930E+02  2.930E+02
  6.203E-03  3.156E-03  1.019E+05  2.494E-07  6.502E-02  2.934E+02  2.930E+02
  6.203E-03  9.469E-03  1.019E+05  2.541E-07  6.501E-02  2.943E+02  2.930E+02
  6.203E-03  1.578E-02  1.019E+05  2.722E-07  6.500E-02  2.955E+02  2.930E+02
  6.203E-03  2.209E-02  1.019E+05  2.482E-07  6.500E-02  2.972E+02  2.930E+02
  6.203E-03  2.841E-02  1.019E+05  2.115E-07  6.500E-02  2.999E+02  2.930E+02
  6.203E-03  3.472E-02  1.019E+05  1.916E-07  6.500E-02  3.038E+02  2.930E+02
  6.203E-03  4.103E-02  1.019E+05  1.772E-07  6.500E-02  3.096E+02  2.930E+02
  6.203E-03  4.734E-02  1.019E+05  1.698E-07  6.500E-02  3.178E+02  2.930E+02
  6.203E-03  5.366E-02  1.019E+05  1.665E-07  6.500E-02  3.290E+02  2.930E+02
  6.203E-03  5.997E-02  1.018E+05  1.662E-07  6.500E-02  3.437E+02  2.930E+02
  6.203E-03  6.628E-02  1.018E+05  1.680E-07  6.500E-02  3.620E+02  2.930E+02
  6.203E-03  7.259E-02  1.018E+05  1.717E-07  6.500E-02  3.830E+02  2.930E+02
  6.203E-03  7.891E-02  1.018E+05  1.774E-07  6.500E-02  4.039E+02  2.930E+02
  6.203E-03  8.522E-02  1.018E+05  1.890E-07  6.500E-02  4.200E+02  2.930E+02
  6.203E-03  9.153E-02  1.018E+05  1.971E-07  6.500E-02  4.262E+02  2.930E+02
  6.203E-03  9.784E-02  1.018E+05  2.669E-07  6.500E-02  4.200E+02  2.930E+02
  6.203E-03  1.042E-01  1.018E+05  1.835E-07  6.499E-02  4.039E+02  2.930E+02
  6.203E-03  1.105E-01  1.018E+05  7.510E-07  6.499E-02  3.830E+02  2.930E+02
  6.203E-03  1.168E-01  1.018E+05  1.185E-06  6.499E-02  3.620E+02  2.930E+02
  6.203E-03  1.231E-01  1.018E+05  7.466E-07  6.500E-02  3.437E+02  2.930E+02
  6.203E-03  1.294E-01  1.018E+05  3.456E-07  6.500E-02  3.290E+02  2.930E+02
  6.203E-03  1.357E-01  1.018E+05  2.725E-07  6.500E-02  3.178E+02  2.930E+02
  6.203E-03  1.420E-01  1.017E+05  2.424E-07  6.500E-02  3.096E+02  2.930E+02
  6.203E-03  1.483E-01  1.017E+05  3.298E-07  6.500E-02  3.039E+02  2.930E+02
  6.203E-03  1.547E-01  1.017E+05  5.478E-07  6.500E-02  2.999E+02  2.930E+02
  6.203E-03  1.610E-01  1.017E+05  1.167E-06  6.500E-02  2.973E+02  2.930E+02
  6.203E-03  1.673E-01  1.017E+05  5.381E-07  6.500E-02  2.956E+02  2.930E+02
  6.203E-03  1.736E-01  1.017E+05  2.977E-07  6.500E-02  2.945E+02  2.930E+02
  6.203E-03  1.799E-01  1.017E+05  1.835E-07  6.500E-02  2.939E+02  2.930E+02
  6.203E-03  1.862E-01  1.017E+05  1.303E-07  6.500E-02  2.935E+02  2.930E+02
  6.203E-03  1.925E-01  1.017E+05  9.576E-08  6.500E-02  2.933E+02  2.930E+02
  6.203E-03  1.988E-01  1.017E+05  7.740E-08  6.500E-02  2.931E+02  2.930E+02
  6.203E-03  2.052E-01  1.017E+05  6.761E-08  6.500E-02  2.931E+02  2.930E+02
  6.203E-03  2.115E-01  1.017E+05  6.199E-08  6.499E-02  2.930E+02  2.930E+02
  6.203E-03  2.178E-01  1.017E+05  6.193E-08  6.499E-02  2.930E+02  2.930E+02
  6.203E-03  2.241E-01  1.017E+05  5.292E-08  6.499E-02  2.930E+02  2.930E+02
  6.203E-03  2.304E-01  1.016E+05  6.334E-08  6.500E-02  2.930E+02  2.930E+02
  6.203E-03  2.367E-01  1.016E+05  6.440E-08  6.500E-02  2.930E+02  2.930E+02
  6.203E-03  2.430E-01  1.016E+05  6.985E-08  6.500E-02  2.930E+02  2.930E+02
  6.203E-03  2.493E-01  1.016E+05  7.619E-08  6.500E-02  2.930E+02  2.930E+02
  6.203E-03  2.557E-01  1.016E+05  8.454E-08  6.500E-02  2.930E+02  2.930E+02
  6.203E-03  2.620E-01  1.016E+05  9.680E-08  6.500E-02  2.930E+02  2.930E+02
  6.203E-03  2.683E-01  1.016E+05  1.042E-07  6.500E-02  2.930E+02  2.930E+02
  6.203E-03  2.746E-01  1.016E+05  1.702E-07  6.500E-02  2.930E+02  2.930E+02
  6.203E-03  2.809E-01  1.016E+05 -1.506E-07  6.499E-02  2.930E+02  2.930E+02
  6.203E-03  2.872E-01  1.016E+05  2.038E-06  6.499E-02  2.930E+02  2.930E+02
  6.203E-03  2.935E-01  1.016E+05  2.367E-05  6.499E-02  2.930E+02  2.930E+02
  6.203E-03  2.998E-01  1.016E+05  2.434E-06  6.500E-02  2.930E+02  2.930E+02
  6.203E-03  3.062E-01  1.016E+05  4.185E-07  6.500E-02  2.930E+02  2.930E+02
  6.203E-03  3.125E-01  1.015E+05  5.218E-07  6.500E-02  2.930E+02  2.930E+02
  6.203E-03  3.188E-01  1.015E+05  2.363E-07  6.500E-02  2.930E+02  2.930E+02
  6.203E-03  3.251E-01  1.015E+05  1.726E-07  6.500E-02  2.930E+02  2.930E+02
  6.203E-03  3.314E-01  1.015E+05  1.239E-07  6.500E-02  2.930E+02  2.930E+02
  6.203E-03  3.377E-01  1.015E+05  1.035E-07  6.500E-02  2.930E+02  2.930E+02
  6.203E-03  3.440E-01  1.015E+05  9.607E-08  6.500E-02  2.930E+02  2.930E+02
  6.203E-03  3.503E-01  1.015E+05  9.924E-08  6.500E-02  2.930E+02  2.930E+02
  6.203E-03  3.567E-01  1.015E+05  1.119E-07  6.500E-02  2.930E+02  2.930E+02
  6.203E-03  3.630E-01  1.015E+05  1.388E-07  6.500E-02  2.930E+02  2.930E+02
  6.203E-03  3.693E-01  1.015E+05  1.786E-07  6.500E-02  2.930E+02  2.930E+02
  6.203E-03  3.756E-01  1.015E+05  2.322E-07  6.500E-02  2.930E+02  2.930E+02
  6.203E-03  3.819E-01  1.015E+05  1.820E-07  6.500E-02  2.930E+02  2.930E+02
  6.203E-03  3.882E-01  1.015E+05  1.417E-07  6.500E-02  2.930E+02  2.930E+02
  6.203E-03  3.945E-01  1.015E+05  1.074E-07  6.500E-02  2.930E+02  2.930E+02
  6.203E-03  4.008E-01  1.014E+05  8.936E-08  6.500E-02  2.930E+02  2.930E+02
  6.203E-03  4.072E-01  1.014E+05  7.406E-08  6.500E-02  2.930E+02  2.930E+02
  6.203E-03  4.135E-01  1.014E+05  6.559E-08  6.500E-02  2.930E+02  2.930E+02
  6.203E-03  4.198E-01  1.014E+05  5.511E-08  6.500E-02  2.930E+02  2.930E+02
  6.203E-03  4.261E-01  1.014E+05  4.669E-08  6.500E-02  2.930E+02  2.930E+02
  6.203E-03  4.324E-01  1.014E+05  4.122E-08  6.500E-02  2.930E+02  2.930E+02
  6.203E-03  4.387E-01  1.014E+05  3.706E-08  6.500E-02  2.930E+02  2.930E+02
  6.203E-03  4.450E-01  1.014E+05  3.490E-08  6.500E-02  2.930E+02  2.930E+02
  6.203E-03  4.513E-01  1.014E+05  3.442E-08  6.500E-02  2.930E+02  2.930E+02
  6.203E-03  4.577E-01  1.014E+05  3.724E-08  6.500E-02  2.930E+02  2.930E+02
  6.203E-03  4.640E-01  1.014E+05  4.398E-08  6.500E-02  2.930E+02  2.930E+02
  6.203E-03  4.703E-01  1.014E+05  6.959E-08  6.500E-02  2.930E+02  2.930E+02
  6.203E-03  4.766E-01  1.014E+05  5.194E-08  6.500E-02  2.930E+02  2.930E+02
  6.203E-03  4.829E-01  1.014E+05  4.602E-07  6.500E-02  2.930E+02  2.930E+02
  6.203E-03  4.892E-01  1.013E+05 -1.662E-06  6.501E-02  2.930E+02  2.930E+02
  6.203E-03  4.955E-01  1.013E+05 -2.319E-05  6.499E-02  2.930E+02  2.930E+02
  6.203E-03  5.018E-01  1.013E+05 -2.888E-07  6.498E-02  2.930E+02  2.930E+02
  6.203E-03  5.050E-01  1.013E+05  0.000E+00  6.498E-02  2.930E+02  2.930E+02
  1.861E-02  0.000E+00  1.019E+05  0.000E+00  6.500E-02  2.930E+02  2.930E+02
  1.861E-02  3.156E-03  1.019E+05  5.424E-07  6.502E-02  2.934E+02  2.930E+02
  1.861E-02  9.469E-03  1.019E+05  7.413E-07  6.501E-02  2.943E+02  2.930E+02
  1.861E-02  1.578E-02  1.019E+05  9.181E-07  6.500E-02  2.955E+02  2.930E+02
  1.861E-02  2.209E-02  1.019E+05  7.105E-07  6.500E-02  2.972E+02  2.930E+02
  1.861E-02  2.841E-02  1.019E+05  4.889E-07  6.500E-02  2.999E+02  2.930E+02
  1.861E-02  3.472E-02  1.019E+05  4.513E-07  6.500E-02  3.038E+02  2.930E+02
  1.861E-02  4.103E-02  1.019E+05  4.212E-07  6.500E-02  3.096E+02  2.930E+02
  1.861E-02  4.734E-02  1.019E+05  4.150E-07  6.500E-02  3.178E+02  2.930E+02
  1.861E-02  5.366E-02  1.019E+05  4.149E-07  6.500E-02  3.290E+02  2.930E+02
  1.861E-02  5.997E-02  1.018E+05  4.192E-07  6.500E-02  3.437E+02  2.930E+02
  1.861E-02  6.628E-02  1.018E+05  4.255E-07  6.500E-02  3.620E+02  2.930E+02
  1.861E-02  7.259E-02  1.018E+05  4.319E-07  6.500E-02  3.830E+02  2.930E+02
  1.861E-02  7.891E-02  1.018E+05  4.380E-07  6.500E-02  4.039E+02  2.930E+02
  1.861E-02  8.522E-02  1.018E+05  4.453E-07  6.500E-02  4.200E+02  2.930E+02
  1.861E-02  9.153E-02  1.018E+05  4.246E-07  6.500E-02  4.262E+02  2.930E+02
  1.861E-02  9.784E-02  1.018E+05  4.835E-07  6.500E-02  4.200E+02  2.930E+02
  1.861E-02  1.042E-01  1.018E+05 -9.425E-08  6.499E-02  4.039E+02  2.930E+02
  1.861E-02  1.105E-01  1.018E+05  2.244E-06  6.499E-02  3.830E+02  2.930E+02
  1.861E-02  1.168E-01  1.018E+05  5.784E-06  6.499E-02  3.620E+02  2.930E+02
  1.861E-02  1.231E-01  1.018E+05  2.209E-06  6.500E-02  3.437E+02  2.930E+02
  1.861E-02  1.294E-01  1.018E+05 -1.764E-08  6.500E-02  3.290E+02  2.930E+02
  1.861E-02  1.357E-01  1.018E+05  3.850E-07  6.500E-02  3.178E+02  2.930E+02
  1.861E-02  1.420E-01  1.017E+05  3.307E-07  6.500E-02  3.096E+02  2.930E+02
  1.861E-02  1.483E-01  1.017E+05  4.146E-07  6.500E-02  3.039E+02  2.930E+02
  1.861E-02  1.547E-01  1.017E+05  5.824E-07  6.500E-02  2.999E+02  2.930E+02
  1.861E-02  1.610E-01  1.017E+05  9.638E-07  6.500E-02  2.973E+02  2.930E+02
  1.861E-02  1.673E-01  1.017E+05  5.561E-07  6.500E-02  2.956E+02  2.930E+02
  1.861E-02  1.736E-01  1.017E+05  3.513E-07  6.500E-02  2.945E+02  2.930E+02
  1.861E-02  1.799E-01  1.017E+05  2.614E-07  6.500E-02  2.939E+02  2.930E+02
  1.861E-02  1.862E-01  1.017E+05  2.132E-07  6.500E-02  2.935E+02  2.930E+02
  1.861E-02  1.925E-01  1.017E+05  1.778E-07  6.500E-02  2.933E+02  2.930E+02
  1.861E-02  1.988E-01  1.017E+05  1.558E-07  6.500E-02  2.931E+02  2.930E+02
  1.861E-02  2.052E-01  1.017E+05  1.420E-07  6.500E-02  2.931E+02  2.930E+02
  1.861E-02  2.115E-01  1.017E+05  1.157E-07  6.499E-02  2.930E+02  2.930E+02
  1.861E-02  2.178E-01  1.017E+05  1.170E-07  6.499E-02  2.930E+02  2.930E+02
  1.861E-02  2.241E-01  1.017E+05 -9.087E-08  6.499E-02  2.930E+02  2.930E+02
  1.861E-02  2.304E-01  1.016E+05  1.218E-07  6.500E-02  2.930E+02  2.930E+02
  1.861E-02  2.367E-01  1.016E+05  1.252E-07  6.500E-02  2.930E+02  2.930E+02
  1.861E-02  2.430E-01  1.016E+05  1.577E-07  6.500E-02  2.930E+02  2.930E+02
  1.861E-02  2.493E-01  1.016E+05  1.770E-07  6.500E-02  2.930E+02  2.930E+02
  1.861E-02  2.557E-01  1.016E+05  1.999E-07  6.500E-02  2.930E+02  2.930E+02
  1.861E-02  2.620E-01  1.016E+05  2.291E-07  6.500E-02  2.930E+02  2.930E+02
  1.861E-02  2.683E-01  1.016E+05  2.581E-07  6.500E-02  2.930E+02  2.930E+02
  1.861E-02  2.746E-01  1.016E+05  3.622E-07  6.500E-02  2.930E+02  2.930E+02
  1.861E-02  2.809E-01  1.016E+05  6.017E-08  6.500E-02  2.930E+02  2.930E+02
  1.861E-02  2.872E-01  1.016E+05  2.468E-06  6.500E-02  2.930E+02  2.930E+02
  1.861E-02  2.935E-01  1.016E+05  6.208E-06  6.499E-02  2.930E+02  2.930E+02
  1.861E-02  2.998E-01  1.016E+05  4.122E-06  6.499E-02  2.930E+02  2.930E+02
  1.861E-02  3.062E-01  1.016E+05  5.006E-06  6.499E-02  2.930E+02  2.930E+02
  1.861E-02  3.125E-01  1.015E+05  1.993E-06  6.500E-02  2.930E+02  2.930E+02
  1.861E-02  3.188E-01  1.015E+05 -2.337E-07  6.500E-02  2.930E+02  2.930E+02
  1.861E-02  3.251E-01  1.015E+05  1.969E-07  6.500E-02  2.930E+02  2.930E+02
  1.861E-02  3.314E-01  1.015E+05  1.669E-07  6.500E-02  2.930E+02  2.930E+02
  1.861E-02  3.377E-01  1.015E+05  1.844E-07  6.500E-02  2.930E+02  2.930E+02
  1.861E-02  3.440E-01  1.015E+05  1.889E-07  6.500E-02  2.930E+02  2.930E+02
  1.861E-02  3.503E-01  1.015E+05  1.934E-07  6.500E-02  2.930E+02  2.930E+02
  1.861E-02  3.567E-01  1.015E+05  2.032E-07  6.500E-02  2.930E+02  2.930E+02
  1.861E-02  3.630E-01  1.015E+05  2.312E-07  6.500E-02  2.930E+02  2.930E+02
  1.861E-02  3.693E-01  1.015E+05  2.696E-07  6.500E-02  2.930E+02  2.930E+02
  1.861E-02  3.756E-01  1.015E+05  3.101E-07  6.500E-02  2.930E+02  2.930E+02
  1.861E-02  3.819E-01  1.015E+05  2.821E-07  6.500E-02  2.930E+02  2.930E+02
  1.861E-02  3.882E-01  1.015E+05  2.594E-07  6.500E-02  2.930E+02  2.930E+02
  1.861E-02  3.945E-01  1.015E+05  2.095E-07  6.500E-02  2.930E+02  2.930E+02
  1.861E-02  4.008E-01  1.014E+05  1.882E-07  6.500E-02  2.930E+02  2.930E+02
  1.861E-02  4.072E-01  1.014E+05  1.603E-07  6.500E-02  2.930E+02  2.930E+02
  1.861E-02  4.135E-01  1.014E+05  1.454E-07  6.500E-02  2.930E+02  2.930E+02
  1.861E-02  4.198E-01  1.014E+05  1.305E-07  6.500E-02  2.930E+02  2.930E+02
  1.861E-02  4.261E-01  1.014E+05  1.180E-07  6.500E-02  2.930E+02  2.930E+02
  1.861E-02  4.324E-01  1.014E+05  1.054E-07  6.500E-02  2.930E+02  2.930E+02
  1.861E-02  4.387E-01  1.014E+05  9.412E-08  6.500E-02  2.930E+02  2.930E+02
  1.861E-02  4.450E-01  1.014E+05  8.419E-08  6.500E-02  2.930E+02  2.930E+02
  1.861E-02  4.513E-01  1.014E+05  7.516E-08  6.500E-02  2.930E+02  2.930E+02
  1.861E-02  4.577E-01  1.014E+05  6.752E-08  6.500E-02  2.930E+02  2.930E+02
  1.861E-02  4.640E-01  1.014E+05  5.881E-08  6.500E-02  2.930E+02  2.930E+02
  1.861E-02  4.703E-01  1.014E+05  5.957E-08  6.500E-02  2.930E+02  2.930E+02
  1.861E-02  4.766E-01  1.014E+05 -8.544E-09  6.500E-02  2.930E+02  2.930E+02
  1.861E-02  4.829E-01  1.014E+05  3.250E-07  6.500E-02  2.930E+02  2.930E+02
  1.861E-02  4.892E-01  1.013E+05 -2.039E-06  6.500E-02  2.930E+02  2.930E+02
  1.861E-02  4.955E-01  1.013E+05 -6.348E-06  6.500E-02  2.930E+02  2.930E+02
  1.861E-02  5.018E-01  1.013E+05 -4.643E-07  6.499E-02  2.930E+02  2.930E+02
  1.861E-02  5.050E-01  1.013E+05  0.000E+00  6.499E-02  2.930E+02  2.930E+02
  3.102E-02  0.000E+00  1.019E+05  0.000E+00  6.500E-02  2.930E+02  2.930E+02
  3.102E-02  3.156E-03  1.019E+05  3.032E-06  6.502E-02  2.934E+02  2.930E+02
  3.102E-02  9.469E-03  1.019E+05  5.738E-07  6.501E-02  2.943E+02  2.930E+02
  3.102E-02  1.578E-02  1.019E+05  8.161E-07  6.500E-02  2.955E+02  2.930E+02
  3.102E-02  2.209E-02  1.019E+05  7.799E-07  6.500E-02  2.972E+02  2.930E+02
  3.102E-02  2.841E-02  1.019E+05  5.856E-07  6.500E-02  2.999E+02  2.930E+02
  3.102E-02  3.472E-02  1.019E+05  5.869E-07  6.500E-02  3.038E+02  2.930E+02
  3.102E-02  4.103E-02  1.019E+05  5.764E-07  6.500E-02  3.096E+02  2.930E+02
  3.102E-02  4.734E-02  1.019E+05  5.837E-07  6.500E-02  3.178E+02  2.930E+02
  3.102E-02  5.366E-02  1.019E+05  5.916E-07  6.500E-02  3.290E+02  2.930E+02
  3.102E-02  5.997E-02  1.018E+05  5.987E-07  6.500E-02  3.437E+02  2.930E+02
  3.102E-02  6.628E-02  1.018E+05  6.057E-07  6.500E-02  3.620E+02  2.930E+02
  3.102E-02  7.259E-02  1.018E+05  6.067E-07  6.500E-02  3.830E+02  2.930E+02
  3.102E-02  7.891E-02  1.018E+05  6.072E-07  6.500E-02  4.039E+02  2.930E+02
  3.102E-02  8.522E-02  1.018E+05  6.013E-07  6.500E-02  4.200E+02  2.930E+02
  3.102E-02  9.153E-02  1.018E+05  5.756E-07  6.500E-02  4.262E+02  2.930E+02
  3.102E-02  9.784E-02  1.018E+05  5.963E-07  6.500E-02  4.200E+02  2.930E+02
  3.102E-02  1.042E-01  1.018E+05  1.376E-07  6.500E-02  4.039E+02  2.930E+02
  3.102E-02  1.105E-01  1.018E+05  2.265E-06  6.500E-02  3.830E+02  2.930E+02
  3.102E-02  1.168E-01  1.018E+05  5.712E-06  6.499E-02  3.620E+02  2.930E+02
  3.102E-02  1.231E-01  1.018E+05  2.197E-06  6.499E-02  3.437E+02  2.930E+02
  3.102E-02  1.294E-01  1.018E+05 -2.230E-07  6.499E-02  3.290E+02  2.930E+02
  3.102E-02  1.357E-01  1.018E+05  3.096E-07  6.500E-02  3.178E+02  2.930E+02
  3.102E-02  1.420E-01  1.017E+05 -1.899E-07  6.500E-02  3.096E+02  2.930E+02
  3.102E-02  1.483E-01  1.017E+05  1.544E-07  6.500E-02  3.039E+02  2.930E+02
  3.102E-02  1.547E-01  1.017E+05  8.027E-08  6.500E-02  2.999E+02  2.930E+02
  3.102E-02  1.610E-01  1.017E+05 -1.146E-07  6.500E-02  2.973E+02  2.930E+02
  3.102E-02  1.673E-01  1.017E+05  1.175E-07  6.500E-02  2.956E+02  2.930E+02
  3.102E-02  1.736E-01  1.017E+05  1.609E-07  6.500E-02  2.945E+02  2.930E+02
  3.102E-02  1.799E-01  1.017E+05  1.864E-07  6.500E-02  2.939E+02  2.930E+02
  3.102E-02  1.862E-01  1.017E+05  1.926E-07  6.500E-02  2.935E+02  2.930E+02
  3.102E-02  1.925E-01  1.017E+05  1.961E-07  6.500E-02  2.933E+02  2.930E+02
  3.102E-02  1.988E-01  1.017E+05  2.042E-07  6.500E-02  2.931E+02  2.930E+02
  3.102E-02  2.052E-01  1.017E+05  2.370E-07  6.500E-02  2.931E+02  2.930E+02
  3.102E-02  2.115E-01  1.017E+05  2.762E-07  6.499E-02  2.930E+02  2.930E+02
  3.102E-02  2.178E-01  1.017E+05  4.965E-07  6.499E-02  2.930E+02  2.930E+02
  3.102E-02  2.241E-01  1.017E+05  4.861E-07  6.499E-02  2.930E+02  2.930E+02
  3.102E-02  2.304E-01  1.016E+05  4.881E-07  6.500E-02  2.930E+02  2.930E+02
  3.102E-02  2.367E-01  1.016E+05  2.822E-07  6.500E-02  2.930E+02  2.930E+02
  3.102E-02  2.430E-01  1.016E+05  2.672E-07  6.500E-02  2.930E+02  2.930E+02
  3.102E-02  2.493E-01  1.016E+05  2.557E-07  6.500E-02  2.930E+02  2.930E+02
  3.102E-02  2.557E-01  1.016E+05  2.695E-07  6.500E-02  2.930E+02  2.930E+02
  3.102E-02  2.620E-01  1.016E+05  2.940E-07  6.500E-02  2.930E+02  2.930E+02
  3.102E-02  2.683E-01  1.016E+05  3.310E-07  6.500E-02  2.930E+02  2.930E+02
  3.102E-02  2.746E-01  1.016E+05  3.911E-07  6.500E-02  2.930E+02  2.930E+02
  3.102E-02  2.809E-01  1.016E+05  4.273E-07  6.500E-02  2.930E+02  2.930E+02
  3.102E-02  2.872E-01  1.016E+05  7.130E-07  6.500E-02  2.930E+02  2.930E+02
  3.102E-02  2.935E-01  1.016E+05  1.564E-07  6.500E-02  2.930E+02  2.930E+02
  3.102E-02  2.998E-01  1.016E+05  2.336E-06  6.500E-02  2.930E+02  2.930E+02
  3.102E-02  3.062E-01  1.016E+05  5.326E-06  6.499E-02  2.930E+02  2.930E+02
  3.102E-02  3.125E-01  1.015E+05  2.008E-06  6.499E-02  2.930E+02  2.930E+02
  3.102E-02  3.188E-01  1.015E+05 -1.902E-07  6.499E-02  2.930E+02  2.930E+02
  3.102E-02  3.251E-01  1.015E+05  2.583E-07  6.500E-02  2.930E+02  2.930E+02
  3.102E-02  3.314E-01  1.015E+05  2.249E-07  6.500E-02  2.930E+02  2.930E+02
  3.102E-02  3.377E-01  1.015E+05  2.412E-07  6.500E-02  2.930E+02  2.930E+02
  3.102E-02  3.440E-01  1.015E+05  2.393E-07  6.500E-02  2.930E+02  2.930E+02
  3.102E-02  3.503E-01  1.015E+05  2.331E-07  6.500E-02  2.930E+02  2.930E+02
  3.102E-02  3.567E-01  1.015E+05  2.248E-07  6.500E-02  2.930E+02  2.930E+02
  3.102E-02  3.630E-01  1.015E+05  2.230E-07  6.500E-02  2.930E+02  2.930E+02
  3.102E-02  3.693E-01  1.015E+05  2.068E-07  6.500E-02  2.930E+02  2.930E+02
  3.102E-02  3.756E-01  1.015E+05  1.834E-07  6.500E-02  2.930E+02  2.930E+02
  3.102E-02  3.819E-01  1.015E+05  2.295E-07  6.500E-02  2.930E+02  2.930E+02
  3.102E-02  3.882E-01  1.015E+05  3.203E-07  6.500E-02  2.930E+02  2.930E+02
  3.102E-02  3.945E-01  1.015E+05  4.637E-08  6.500E-02  2.930E+02  2.930E+02
  3.102E-02  4.008E-01  1.014E+05  1.825E-07  6.500E-02  2.930E+02  2.930E+02
  3.102E-02  4.072E-01  1.014E+05  1.622E-07  6.500E-02  2.930E+02  2.930E+02
  3.102E-02  4.135E-01  1.014E+05  1.852E-07  6.500E-02  2.930E+02  2.930E+02
  3.102E-02  4.198E-01  1.014E+05  1.767E-07  6.500E-02  2.930E+02  2.930E+02
  3.102E-02  4.261E-01  1.014E+05  1.683E-07  6.500E-02  2.930E+02  2.930E+02
  3.102E-02  4.324E-01  1.014E+05  1.528E-07  6.500E-02  2.930E+02  2.930E+02
  3.102E-02  4.387E-01  1.014E+05  1.370E-07  6.500E-02  2.930E+02  2.930E+02
  3.102E-02  4.450E-01  1.014E+05  1.202E-07  6.500E-02  2.930E+02  2.930E+02
  3.102E-02  4.513E-01  1.014E+05  1.026E-07  6.500E-02  2.930E+02  2.930E+02
  3.102E-02  4.577E-01  1.014E+05  8.324E-08  6.500E-02  2.930E+02  2.930E+02
  3.102E-02  4.640E-01  1.014E+05  5.909E-08  6.500E-02  2.930E+02  2.930E+02
  3.102E-02  4.703E-01  1.014E+05  2.660E-08  6.500E-02  2.930E+02  2.930E+02
  3.102E-02  4.766E-01  1.014E+05 -3.090E-08  6.500E-02  2.930E+02  2.930E+02
  3.102E-02  4.829E-01  1.014E+05 -9.801E-08  6.500E-02  2.930E+02  2.930E+02
  3.102E-02  4.892E-01  1.013E+05 -3.556E-07  6.500E-02  2.930E+02  2.930E+02
  3.102E-02  4.955E-01  1.013E+05 -4.084E-07  6.500E-02  2.930E+02  2.930E+02
  3.102E-02  5.018E-01  1.013E+05 -2.171E-07  6.500E-02  2.930E+02  2.930E+02
  3.102E-02  5.050E-01  1.013E+05  0.000E+00  6.500E-02  2.930E+02  2.930E+02
  4.342E-02  0.000E+00  1.019E+05  0.000E+00  6.500E-02  2.930E+02  2.930E+02
  4.342E-02  3.156E-03  1.019E+05  7.264E-06  6.502E-02  2.934E+02  2.930E+02
  4.342E-02  9.469E-03  1.019E+05  1.782E-06  6.501E-02  2.943E+02  2.930E+02
  4.342E-02  1.578E-02  1.019E+05  2.344E-08  6.500E-02  2.955E+02  2.930E+02
  4.342E-02  2.209E-02  1.019E+05  6.696E-07  6.500E-02  2.972E+02  2.930E+02
  4.342E-02  2.841E-02  1.019E+05  6.657E-07  6.500E-02  2.999E+02  2.930E+02
  4.342E-02  3.472E-02  1.019E+05  7.257E-07  6.500E-02  3.038E+02  2.930E+02
  4.342E-02  4.103E-02  1.019E+05  7.466E-07  6.500E-02  3.096E+02  2.930E+02
  4.342E-02  4.734E-02  1.019E+05  7.638E-07  6.500E-02  3.178E+02  2.930E+02
  4.342E-02  5.366E-02  1.019E+05  7.773E-07  6.500E-02  3.290E+02  2.930E+02
  4.342E-02  5.997E-02  1.018E+05  7.807E-07  6.500E-02  3.437E+02  2.930E+02
  4.342E-02  6.628E-02  1.018E+05  7.845E-07  6.500E-02  3.620E+02  2.930E+02
  4.342E-02  7.259E-02  1.018E+05  7.700E-07  6.500E-02  3.830E+02  2.930E+02
  4.342E-02  7.891E-02  1.018E+05  7.685E-07  6.500E-02  4.039E+02  2.930E+02
  4.342E-02  8.522E-02  1.018E+05  7.516E-07  6.500E-02  4.200E+02  2.930E+02
  4.342E-02  9.153E-02  1.018E+05  7.395E-07  6.500E-02  4.262E+02  2.930E+02
  4.342E-02  9.784E-02  1.018E+05  7.563E-07  6.500E-02  4.200E+02  2.930E+02
  4.342E-02  1.042E-01  1.018E+05  7.591E-07  6.500E-02  4.039E+02  2.930E+02
  4.342E-02  1.105E-01  1.018E+05  1.176E-06  6.500E-02  3.830E+02  2.930E+02
  4.342E-02  1.168E-01  1.018E+05  1.219E-06  6.499E-02  3.620E+02  2.930E+02
  4.342E-02  1.231E-01  1.018E+05  1.542E-06  6.499E-02  3.437E+02  2.930E+02
  4.342E-02  1.294E-01  1.018E+05  1.334E-06  6.499E-02  3.290E+02  2.930E+02
  4.342E-02  1.357E-01  1.018E+05  1.210E-06  6.500E-02  3.178E+02  2.930E+02
  4.342E-02  1.420E-01  1.017E+05  8.913E-07  6.500E-02  3.096E+02  2.930E+02
  4.342E-02  1.483E-01  1.017E+05  6.299E-07  6.500E-02  3.039E+02  2.930E+02
  4.342E-02  1.547E-01  1.017E+05  1.529E-07  6.500E-02  2.999E+02  2.930E+02
  4.342E-02  1.610E-01  1.017E+05  2.897E-07  6.500E-02  2.973E+02  2.930E+02
  4.342E-02  1.673E-01  1.017E+05  2.408E-07  6.500E-02  2.956E+02  2.930E+02
  4.342E-02  1.736E-01  1.017E+05  2.448E-07  6.500E-02  2.945E+02  2.930E+02
  4.342E-02  1.799E-01  1.017E+05  2.301E-07  6.500E-02  2.939E+02  2.930E+02
  4.342E-02  1.862E-01  1.017E+05  2.153E-07  6.500E-02  2.935E+02  2.930E+02
  4.342E-02  1.925E-01  1.017E+05  1.983E-07  6.500E-02  2.933E+02  2.930E+02
  4.342E-02  1.988E-01  1.017E+05  1.546E-07  6.500E-02  2.931E+02  2.930E+02
  4.342E-02  2.052E-01  1.017E+05  1.690E-07  6.500E-02  2.931E+02  2.930E+02
  4.342E-02  2.115E-01  1.017E+05 -2.181E-07  6.499E-02  2.930E+02  2.930E+02
  4.342E-02  2.178E-01  1.017E+05  1.905E-06  6.499E-02  2.930E+02  2.930E+02
  4.342E-02  2.241E-01  1.017E+05  5.082E-06  6.499E-02  2.930E+02  2.930E+02
  4.342E-02  2.304E-01  1.016E+05  1.812E-06  6.500E-02  2.930E+02  2.930E+02
  4.342E-02  2.367E-01  1.016E+05 -2.510E-07  6.500E-02  2.930E+02  2.930E+02
  4.342E-02  2.430E-01  1.016E+05  2.174E-07  6.500E-02  2.930E+02  2.930E+02
  4.342E-02  2.493E-01  1.016E+05  2.195E-07  6.500E-02  2.930E+02  2.930E+02
  4.342E-02  2.557E-01  1.016E+05  2.806E-07  6.500E-02  2.930E+02  2.930E+02
  4.342E-02  2.620E-01  1.016E+05  3.223E-07  6.500E-02  2.930E+02  2.930E+02
  4.342E-02  2.683E-01  1.016E+05  3.513E-07  6.500E-02  2.930E+02  2.930E+02
  4.342E-02  2.746E-01  1.016E+05  3.810E-07  6.500E-02  2.930E+02  2.930E+02
  4.342E-02  2.809E-01  1.016E+05  4.117E-07  6.500E-02  2.930E+02  2.930E+02
  4.342E-02  2.872E-01  1.016E+05  4.995E-07  6.500E-02  2.930E+02  2.930E+02
  4.342E-02  2.935E-01  1.016E+05  3.746E-07  6.500E-02  2.930E+02  2.930E+02
  4.342E-02  2.998E-01  1.016E+05  8.442E-07  6.500E-02  2.930E+02  2.930E+02
  4.342E-02  3.062E-01  1.016E+05  8.349E-07  6.499E-02  2.930E+02  2.930E+02
  4.342E-02  3.125E-01  1.015E+05  8.397E-07  6.499E-02  2.930E+02  2.930E+02
  4.342E-02  3.188E-01  1.015E+05  3.542E-07  6.499E-02  2.930E+02  2.930E+02
  4.342E-02  3.251E-01  1.015E+05  4.764E-07  6.500E-02  2.930E+02  2.930E+02
  4.342E-02  3.314E-01  1.015E+05  3.689E-07  6.500E-02  2.930E+02  2.930E+02
  4.342E-02  3.377E-01  1.015E+05  3.403E-07  6.500E-02  2.930E+02  2.930E+02
  4.342E-02  3.440E-01  1.015E+05  3.148E-07  6.500E-02  2.930E+02  2.930E+02
  4.342E-02  3.503E-01  1.015E+05  3.032E-07  6.500E-02  2.930E+02  2.930E+02
  4.342E-02  3.567E-01  1.015E+05  2.967E-07  6.500E-02  2.930E+02  2.930E+02
  4.342E-02  3.630E-01  1.015E+05  2.977E-07  6.500E-02  2.930E+02  2.930E+02
  4.342E-02  3.693E-01  1.015E+05  2.771E-07  6.500E-02  2.930E+02  2.930E+02
  4.342E-02  3.756E-01  1.015E+05  3.131E-07  6.500E-02  2.930E+02  2.930E+02
  4.342E-02  3.819E-01  1.015E+05  1.982E-07  6.500E-02  2.930E+02  2.930E+02
  4.342E-02  3.882E-01  1.015E+05  6.949E-07  6.500E-02  2.930E+02  2.930E+02
  4.342E-02  3.945E-01  1.015E+05  6.192E-07  6.500E-02  2.930E+02  2.930E+02
  4.342E-02  4.008E-01  1.014E+05  5.971E-07  6.500E-02  2.930E+02  2.930E+02
  4.342E-02  4.072E-01  1.014E+05  3.522E-07  6.500E-02  2.930E+02  2.930E+02
  4.342E-02  4.135E-01  1.014E+05  3.339E-07  6.500E-02  2.930E+02  2.930E+02
  4.342E-02  4.198E-01  1.014E+05  2.729E-07  6.500E-02  2.930E+02  2.930E+02
  4.342E-02  4.261E-01  1.014E+05  2.413E-07  6.500E-02  2.930E+02  2.930E+02
  4.342E-02  4.324E-01  1.014E+05  2.112E-07  6.500E-02  2.930E+02  2.930E+02
  4.342E-02  4.387E-01  1.014E+05  1.868E-07  6.500E-02  2.930E+02  2.930E+02
  4.342E-02  4.450E-01  1.014E+05  1.641E-07  6.500E-02  2.930E+02  2.930E+02
  4.342E-02  4.513E-01  1.014E+05  1.426E-07  6.500E-02  2.930E+02  2.930E+02
  4.342E-02  4.577E-01  1.014E+05  1.219E-07  6.500E-02  2.930E+02  2.930E+02
  4.342E-02  4.640E-01  1.014E+05  1.019E-07  6.500E-02  2.930E+02  2.930E+02
  4.342E-02  4.703E-01  1.014E+05  8.311E-08  6.500E-02  2.930E+02  2.930E+02
  4.342E-02  4.766E-01  1.014E+05  6.513E-08  6.500E-02  2.930E+02  2.930E+02
  4.342E-02  4.829E-01  1.014E+05  6.321E-08  6.500E-02  2.930E+02  2.930E+02
  4.342E-02  4.892E-01  1.013E+05  3.780E-08  6.500E-02  2.930E+02  2.930E+02
  4.342E-02  4.955E-01  1.013E+05  2.261E-07  6.500E-02  2.930E+02  2.930E+02
  4.342E-02  5.018E-01  1.013E+05  5.228E-08  6.500E-02  2.930E+02  2.930E+02
  4.342E-02  5.050E-01  1.013E+05  0.000E+00  6.500E-02  2.930E+02  2.930E+02
  5.583E-02  0.000E+00  1.019E+05  0.000E+00  6.500E-02  2.930E+02  2.930E+02
  5.583E-02  3.156E-03  1.019E+05  5.809E-06  6.498E-02  2.934E+02  2.930E+02
  5.583E-02  9.469E-03  1.019E+05  2.548E-06  6.500E-02  2.943E+02  2.930E+02
  5.583E-02  1.578E-02  1.019E+05  4.523E-07  6.500E-02  2.955E+02  2.930E+02
  5.583E-02  2.209E-02  1.019E+05  8.930E-07  6.500E-02  2.972E+02  2.930E+02
  5.583E-02  2.841E-02  1.019E+05  8.665E-07  6.500E-02  2.999E+02  2.930E+02
  5.583E-02  3.472E-02  1.019E+05  8.958E-07  6.500E-02  3.038E+02  2.930E+02
  5.583E-02  4.103E-02  1.019E+05  9.072E-07  6.500E-02  3.096E+02  2.930E+02
  5.583E-02  4.734E-02  1.019E+05  9.114E-07  6.500E-02  3.178E+02  2.930E+02
  5.583E-02  5.366E-02  1.019E+05  9.250E-07  6.500E-02  3.290E+02  2.930E+02
  5.583E-02  5.997E-02  1.018E+05  9.009E-07  6.500E-02  3.437E+02  2.930E+02
  5.583E-02  6.628E-02  1.018E+05  9.194E-07  6.500E-02  3.620E+02  2.930E+02
  5.583E-02  7.259E-02  1.018E+05  8.654E-07  6.500E-02  3.830E+02  2.930E+02
  5.583E-02  7.891E-02  1.018E+05  8.745E-07  6.500E-02  4.039E+02  2.930E+02
  5.583E-02  8.522E-02  1.018E+05  8.138E-07  6.500E-02  4.200E+02  2.930E+02
  5.583E-02  9.153E-02  1.018E+05  7.874E-07  6.500E-02  4.262E+02  2.930E+02
  5.583E-02  9.784E-02  1.018E+05  7.311E-07  6.500E-02  4.200E+02  2.930E+02
  5.583E-02  1.042E-01  1.018E+05  6.283E-07  6.500E-02  4.039E+02  2.930E+02
  5.583E-02  1.105E-01  1.018E+05  6.392E-07  6.500E-02  3.830E+02  2.930E+02
  5.583E-02  1.168E-01  1.018E+05 -2.492E-07  6.499E-02  3.620E+02  2.930E+02
  5.583E-02  1.231E-01  1.018E+05  2.137E-06  6.499E-02  3.437E+02  2.930E+02
  5.583E-02  1.294E-01  1.018E+05  5.013E-06  6.499E-02  3.290E+02  2.930E+02
  5.583E-02  1.357E-01  1.018E+05  3.287E-06  6.500E-02  3.178E+02  2.930E+02
  5.583E-02  1.420E-01  1.017E+05  4.207E-06  6.500E-02  3.096E+02  2.930E+02
  5.583E-02  1.483E-01  1.017E+05  1.758E-06  6.500E-02  3.039E+02  2.930E+02
  5.583E-02  1.547E-01  1.017E+05 -2.336E-07  6.500E-02  2.999E+02  2.930E+02
  5.583E-02  1.610E-01  1.017E+05  4.534E-07  6.500E-02  2.973E+02  2.930E+02
  5.583E-02  1.673E-01  1.017E+05  2.333E-07  6.500E-02  2.956E+02  2.930E+02
  5.583E-02  1.736E-01  1.017E+05  2.825E-07  6.500E-02  2.945E+02  2.930E+02
  5.583E-02  1.799E-01  1.017E+05  2.528E-07  6.500E-02  2.939E+02  2.930E+02
  5.583E-02  1.862E-01  1.017E+05  2.341E-07  6.500E-02  2.935E+02  2.930E+02
  5.583E-02  1.925E-01  1.017E+05  2.119E-07  6.500E-02  2.933E+02  2.930E+02
  5.583E-02  1.988E-01  1.017E+05  1.653E-07  6.500E-02  2.931E+02  2.930E+02
  5.583E-02  2.052E-01  1.017E+05  1.907E-07  6.500E-02  2.931E+02  2.930E+02
  5.583E-02  2.115E-01  1.017E+05 -1.863E-07  6.500E-02  2.930E+02  2.930E+02
  5.583E-02  2.178E-01  1.017E+05  2.098E-06  6.500E-02  2.930E+02  2.930E+02
  5.583E-02  2.241E-01  1.017E+05  5.265E-06  6.499E-02  2.930E+02  2.930E+02
  5.583E-02  2.304E-01  1.016E+05  1.990E-06  6.499E-02  2.930E+02  2.930E+02
  5.583E-02  2.367E-01  1.016E+05 -2.316E-07  6.499E-02  2.930E+02  2.930E+02
  5.583E-02  2.430E-01  1.016E+05  2.240E-07  6.500E-02  2.930E+02  2.930E+02
  5.583E-02  2.493E-01  1.016E+05  2.027E-07  6.500E-02  2.930E+02  2.930E+02
  5.583E-02  2.557E-01  1.016E+05  3.094E-07  6.500E-02  2.930E+02  2.930E+02
  5.583E-02  2.620E-01  1.016E+05  3.983E-07  6.500E-02  2.930E+02  2.930E+02
  5.583E-02  2.683E-01  1.016E+05  3.709E-07  6.500E-02  2.930E+02  2.930E+02
  5.583E-02  2.746E-01  1.016E+05  3.310E-07  6.500E-02  2.930E+02  2.930E+02
  5.583E-02  2.809E-01  1.016E+05  3.563E-07  6.500E-02  2.930E+02  2.930E+02
  5.583E-02  2.872E-01  1.016E+05  4.060E-07  6.500E-02  2.930E+02  2.930E+02
  5.583E-02  2.935E-01  1.016E+05  4.098E-07  6.500E-02  2.930E+02  2.930E+02
  5.583E-02  2.998E-01  1.016E+05  6.742E-07  6.500E-02  2.930E+02  2.930E+02
  5.583E-02  3.062E-01  1.016E+05  5.181E-07  6.499E-02  2.930E+02  2.930E+02
  5.583E-02  3.125E-01  1.015E+05  1.077E-06  6.499E-02  2.930E+02  2.930E+02
  5.583E-02  3.188E-01  1.015E+05  8.686E-07  6.499E-02  2.930E+02  2.930E+02
  5.583E-02  3.251E-01  1.015E+05  8.436E-07  6.500E-02  2.930E+02  2.930E+02
  5.583E-02  3.314E-01  1.015E+05  4.288E-07  6.500E-02  2.930E+02  2.930E+02
  5.583E-02  3.377E-01  1.015E+05  3.874E-07  6.500E-02  2.930E+02  2.930E+02
  5.583E-02  3.440E-01  1.015E+05  3.484E-07  6.500E-02  2.930E+02  2.930E+02
  5.583E-02  3.503E-01  1.015E+05  3.444E-07  6.500E-02  2.930E+02  2.930E+02
  5.583E-02  3.567E-01  1.015E+05  3.461E-07  6.500E-02  2.930E+02  2.930E+02
  5.583E-02  3.630E-01  1.015E+05  3.666E-07  6.500E-02  2.930E+02  2.930E+02
  5.583E-02  3.693E-01  1.015E+05  3.399E-07  6.500E-02  2.930E+02  2.930E+02
  5.583E-02  3.756E-01  1.015E+05  5.877E-07  6.500E-02  2.930E+02  2.930E+02
  5.583E-02  3.819E-01  1.015E+05 -2.840E-08  6.500E-02  2.930E+02  2.930E+02
  5.583E-02  3.882E-01  1.015E+05  2.226E-06  6.500E-02  2.930E+02  2.930E+02
  5.583E-02  3.945E-01  1.015E+05  5.306E-06  6.500E-02  2.930E+02  2.930E+02
  5.583E-02  4.008E-01  1.014E+05  2.172E-06  6.500E-02  2.930E+02  2.930E+02
  5.583E-02  4.072E-01  1.014E+05 -1.926E-07  6.500E-02  2.930E+02  2.930E+02
  5.583E-02  4.135E-01  1.014E+05  3.606E-07  6.500E-02  2.930E+02  2.930E+02
  5.583E-02  4.198E-01  1.014E+05  2.679E-07  6.500E-02  2.930E+02  2.930E+02
  5.583E-02  4.261E-01  1.014E+05  2.761E-07  6.500E-02  2.930E+02  2.930E+02
  5.583E-02  4.324E-01  1.014E+05  2.491E-07  6.500E-02  2.930E+02  2.930E+02
  5.583E-02  4.387E-01  1.014E+05  2.281E-07  6.500E-02  2.930E+02  2.930E+02
  5.583E-02  4.450E-01  1.014E+05  2.033E-07  6.500E-02  2.930E+02  2.930E+02
  5.583E-02  4.513E-01  1.014E+05  1.786E-07  6.500E-02  2.930E+02  2.930E+02
  5.583E-02  4.577E-01  1.014E+05  1.538E-07  6.500E-02  2.930E+02  2.930E+02
  5.583E-02  4.640E-01  1.014E+05  1.298E-07  6.500E-02  2.930E+02  2.930E+02
  5.583E-02  4.703E-01  1.014E+05  1.067E-07  6.500E-02  2.930E+02  2.930E+02
  5.583E-02  4.766E-01  1.014E+05  8.480E-08  6.500E-02  2.930E+02  2.930E+02
  5.583E-02  4.829E-01  1.014E+05  6.571E-08  6.500E-02  2.930E+02  2.930E+02
  5.583E-02  4.892E-01  1.013E+05  4.609E-08  6.500E-02  2.930E+02  2.930E+02
  5.583E-02  4.955E-01  1.013E+05  4.167E-08  6.500E-02  2.930E+02  2.930E+02
  5.583E-02  5.018E-01  1.013E+05  2.581E-08  6.500E-02  2.930E+02  2.930E+02
  5.583E-02  5.050E-01  1.013E+05  0.000E+00  6.500E-02  2.930E+02  2.930E+02
  6.824E-02  0.000E+00  1.019E+05  0.000E+00  6.500E-02  2.930E+02  2.930E+02
  6.824E-02  3.156E-03  1.019E+05  1.983E-06  6.498E-02  2.934E+02  2.930E+02
  6.824E-02  9.469E-03  1.019E+05  1.610E-06  6.500E-02  2.943E+02  2.930E+02
  6.824E-02  1.578E-02  1.019E+05  1.194E-06  6.500E-02  2.955E+02  2.930E+02
  6.824E-02  2.209E-02  1.019E+05  1.137E-06  6.500E-02  2.972E+02  2.930E+02
  6.824E-02  2.841E-02  1.019E+05  1.097E-06  6.500E-02  2.999E+02  2.930E+02
  6.824E-02  3.472E-02  1.019E+05  1.080E-06  6.500E-02  3.038E+02  2.930E+02
  6.824E-02  4.103E-02  1.019E+05  1.080E-06  6.500E-02  3.096E+02  2.930E+02
  6.824E-02  4.734E-02  1.019E+05  1.051E-06  6.500E-02  3.178E+02  2.930E+02
  6.824E-02  5.366E-02  1.019E+05  1.067E-06  6.500E-02  3.290E+02  2.930E+02
  6.824E-02  5.997E-02  1.018E+05  9.980E-07  6.500E-02  3.437E+02  2.930E+02
  6.824E-02  6.628E-02  1.018E+05  1.042E-06  6.500E-02  3.620E+02  2.930E+02
  6.824E-02  7.259E-02  1.018E+05  7.914E-07  6.500E-02  3.830E+02  2.930E+02
  6.824E-02  7.891E-02  1.018E+05  9.471E-07  6.500E-02  4.039E+02  2.930E+02
  6.824E-02  8.522E-02  1.018E+05  8.248E-07  6.500E-02  4.200E+02  2.930E+02
  6.824E-02  9.153E-02  1.018E+05  8.066E-07  6.500E-02  4.262E+02  2.930E+02
  6.824E-02  9.784E-02  1.018E+05  7.161E-07  6.500E-02  4.200E+02  2.930E+02
  6.824E-02  1.042E-01  1.018E+05  6.488E-07  6.500E-02  4.039E+02  2.930E+02
  6.824E-02  1.105E-01  1.018E+05  6.214E-07  6.500E-02  3.830E+02  2.930E+02
  6.824E-02  1.168E-01  1.018E+05  1.058E-07  6.500E-02  3.620E+02  2.930E+02
  6.824E-02  1.231E-01  1.018E+05  2.270E-06  6.500E-02  3.437E+02  2.930E+02
  6.824E-02  1.294E-01  1.018E+05  5.747E-06  6.500E-02  3.290E+02  2.930E+02
  6.824E-02  1.357E-01  1.018E+05  2.774E-06  6.500E-02  3.178E+02  2.930E+02
  6.824E-02  1.420E-01  1.017E+05  5.224E-07  6.499E-02  3.096E+02  2.930E+02
  6.824E-02  1.483E-01  1.017E+05  2.621E-06  6.499E-02  3.039E+02  2.930E+02
  6.824E-02  1.547E-01  1.017E+05  5.278E-06  6.499E-02  2.999E+02  2.930E+02
  6.824E-02  1.610E-01  1.017E+05  2.047E-06  6.500E-02  2.973E+02  2.930E+02
  6.824E-02  1.673E-01  1.017E+05 -2.759E-07  6.500E-02  2.956E+02  2.930E+02
  6.824E-02  1.736E-01  1.017E+05  3.606E-07  6.500E-02  2.945E+02  2.930E+02
  6.824E-02  1.799E-01  1.017E+05  2.679E-07  6.500E-02  2.939E+02  2.930E+02
  6.824E-02  1.862E-01  1.017E+05  2.691E-07  6.500E-02  2.935E+02  2.930E+02
  6.824E-02  1.925E-01  1.017E+05  2.620E-07  6.500E-02  2.933E+02  2.930E+02
  6.824E-02  1.988E-01  1.017E+05  2.758E-07  6.500E-02  2.931E+02  2.930E+02
  6.824E-02  2.052E-01  1.017E+05  3.362E-07  6.500E-02  2.931E+02  2.930E+02
  6.824E-02  2.115E-01  1.017E+05  4.113E-07  6.500E-02  2.930E+02  2.930E+02
  6.824E-02  2.178E-01  1.017E+05  8.356E-07  6.500E-02  2.930E+02  2.930E+02
  6.824E-02  2.241E-01  1.017E+05  8.364E-07  6.499E-02  2.930E+02  2.930E+02
  6.824E-02  2.304E-01  1.016E+05  8.100E-07  6.499E-02  2.930E+02  2.930E+02
  6.824E-02  2.367E-01  1.016E+05  4.021E-07  6.499E-02  2.930E+02  2.930E+02
  6.824E-02  2.430E-01  1.016E+05  3.510E-07  6.500E-02  2.930E+02  2.930E+02
  6.824E-02  2.493E-01  1.016E+05  3.007E-07  6.500E-02  2.930E+02  2.930E+02
  6.824E-02  2.557E-01  1.016E+05  3.630E-07  6.500E-02  2.930E+02  2.930E+02
  6.824E-02  2.620E-01  1.016E+05  4.335E-07  6.500E-02  2.930E+02  2.930E+02
  6.824E-02  2.683E-01  1.016E+05  3.853E-07  6.500E-02  2.930E+02  2.930E+02
  6.824E-02  2.746E-01  1.016E+05  3.278E-07  6.500E-02  2.930E+02  2.930E+02
  6.824E-02  2.809E-01  1.016E+05  3.455E-07  6.500E-02  2.930E+02  2.930E+02
  6.824E-02  2.872E-01  1.016E+05  3.904E-07  6.500E-02  2.930E+02  2.930E+02
  6.824E-02  2.935E-01  1.016E+05  3.961E-07  6.500E-02  2.930E+02  2.930E+02
  6.824E-02  2.998E-01  1.016E+05  6.355E-07  6.500E-02  2.930E+02  2.930E+02
  6.824E-02  3.062E-01  1.016E+05  3.631E-07  6.499E-02  2.930E+02  2.930E+02
  6.824E-02  3.125E-01  1.015E+05  2.295E-06  6.499E-02  2.930E+02  2.930E+02
  6.824E-02  3.188E-01  1.015E+05  5.389E-06  6.499E-02  2.930E+02  2.930E+02
  6.824E-02  3.251E-01  1.015E+05  2.054E-06  6.500E-02  2.930E+02  2.930E+02
  6.824E-02  3.314E-01  1.015E+05 -1.178E-07  6.500E-02  2.930E+02  2.930E+02
  6.824E-02  3.377E-01  1.015E+05  3.325E-07  6.500E-02  2.930E+02  2.930E+02
  6.824E-02  3.440E-01  1.015E+05  3.263E-07  6.500E-02  2.930E+02  2.930E+02
  6.824E-02  3.503E-01  1.015E+05  3.634E-07  6.500E-02  2.930E+02  2.930E+02
  6.824E-02  3.567E-01  1.015E+05  3.585E-07  6.500E-02  2.930E+02  2.930E+02
  6.824E-02  3.630E-01  1.015E+05  3.982E-07  6.500E-02  2.930E+02  2.930E+02
  6.824E-02  3.693E-01  1.015E+05 -7.751E-08  6.500E-02  2.930E+02  2.930E+02
  6.824E-02  3.756E-01  1.015E+05  2.024E-06  6.500E-02  2.930E+02  2.930E+02
  6.824E-02  3.819E-01  1.015E+05  4.999E-06  6.500E-02  2.930E+02  2.930E+02
  6.824E-02  3.882E-01  1.015E+05  3.831E-06  6.501E-02  2.930E+02  2.930E+02
  6.824E-02  3.945E-01  1.015E+05  5.093E-06  6.500E-02  2.930E+02  2.930E+02
  6.824E-02  4.008E-01  1.014E+05  2.568E-06  6.499E-02  2.930E+02  2.930E+02
  6.824E-02  4.072E-01  1.014E+05  6.927E-08  6.499E-02  2.930E+02  2.930E+02
  6.824E-02  4.135E-01  1.014E+05  6.439E-07  6.500E-02  2.930E+02  2.930E+02
  6.824E-02  4.198E-01  1.014E+05  3.696E-07  6.500E-02  2.930E+02  2.930E+02
  6.824E-02  4.261E-01  1.014E+05  3.637E-07  6.500E-02  2.930E+02  2.930E+02
  6.824E-02  4.324E-01  1.014E+05  3.171E-07  6.500E-02  2.930E+02  2.930E+02
  6.824E-02  4.387E-01  1.014E+05  2.896E-07  6.500E-02  2.930E+02  2.930E+02
  6.824E-02  4.450E-01  1.014E+05  2.538E-07  6.500E-02  2.930E+02  2.930E+02
  6.824E-02  4.513E-01  1.014E+05  2.198E-07  6.500E-02  2.930E+02  2.930E+02
  6.824E-02  4.577E-01  1.014E+05  1.876E-07  6.500E-02  2.930E+02  2.930E+02
  6.824E-02  4.640E-01  1.014E+05  1.575E-07  6.500E-02  2.930E+02  2.930E+02
  6.824E-02  4.703E-01  1.014E+05  1.300E-07  6.500E-02  2.930E+02  2.930E+02
  6.824E-02  4.766E-01  1.014E+05  1.053E-07  6.500E-02  2.930E+02  2.930E+02
  6.824E-02  4.829E-01  1.014E+05  8.349E-08  6.500E-02  2.930E+02  2.930E+02
  6.824E-02  4.892E-01  1.013E+05  6.393E-08  6.500E-02  2.930E+02  2.930E+02
  6.824E-02  4.955E-01  1.013E+05  4.771E-08  6.500E-02  2.930E+02  2.930E+02
  6.824E-02  5.018E-01  1.013E+05  3.393E-08  6.500E-02  2.930E+02  2.930E+02
  6.824E-02  5.050E-01  1.013E+05  0.000E+00  6.500E-02  2.930E+02  2.930E+02
  8.065E-02  0.000E+00  1.019E+05  0.000E+00  6.500E-02  2.930E+02  2.930E+02
  8.065E-02  3.156E-03  1.019E+05  1.340E-06  6.498E-02  2.934E+02  2.930E+02
  8.065E-02  9.469E-03  1.019E+05  1.429E-06  6.500E-02  2.943E+02  2.930E+02
  8.065E-02  1.578E-02  1.019E+05  1.254E-06  6.500E-02  2.955E+02  2.930E+02
  8.065E-02  2.209E-02  1.019E+05  1.234E-06  6.500E-02  2.972E+02  2.930E+02
  8.065E-02  2.841E-02  1.019E+05  1.225E-06  6.500E-02  2.999E+02  2.930E+02
  8.065E-02  3.472E-02  1.019E+05  1.164E-06  6.500E-02  3.038E+02  2.930E+02
  8.065E-02  4.103E-02  1.019E+05  1.194E-06  6.500E-02  3.096E+02  2.930E+02
  8.065E-02  4.734E-02  1.019E+05  9.376E-07  6.500E-02  3.178E+02  2.930E+02
  8.065E-02  5.366E-02  1.019E+05  1.160E-06  6.500E-02  3.290E+02  2.930E+02
  8.065E-02  5.997E-02  1.018E+05  7.369E-07  6.500E-02  3.437E+02  2.930E+02
  8.065E-02  6.628E-02  1.018E+05  1.259E-06  6.500E-02  3.620E+02  2.930E+02
  8.065E-02  7.259E-02  1.018E+05  9.801E-07  6.500E-02  3.830E+02  2.930E+02
  8.065E-02  7.891E-02  1.018E+05  1.132E-06  6.500E-02  4.039E+02  2.930E+02
  8.065E-02  8.522E-02  1.018E+05  6.765E-07  6.500E-02  4.200E+02  2.930E+02
  8.065E-02  9.153E-02  1.018E+05  7.944E-07  6.500E-02  4.262E+02  2.930E+02
  8.065E-02  9.784E-02  1.018E+05  6.697E-07  6.500E-02  4.200E+02  2.930E+02
  8.065E-02  1.042E-01  1.018E+05  6.549E-07  6.500E-02  4.039E+02  2.930E+02
  8.065E-02  1.105E-01  1.018E+05  6.314E-07  6.500E-02  3.830E+02  2.930E+02
  8.065E-02  1.168E-01  1.018E+05  6.105E-07  6.500E-02  3.620E+02  2.930E+02
  8.065E-02  1.231E-01  1.018E+05  1.059E-06  6.500E-02  3.437E+02  2.930E+02
  8.065E-02  1.294E-01  1.018E+05  1.111E-06  6.499E-02  3.290E+02  2.930E+02
  8.065E-02  1.357E-01  1.018E+05  1.455E-06  6.499E-02  3.178E+02  2.930E+02
  8.065E-02  1.420E-01  1.017E+05  6.018E-07  6.500E-02  3.096E+02  2.930E+02
  8.065E-02  1.483E-01  1.017E+05  2.804E-06  6.501E-02  3.039E+02  2.930E+02
  8.065E-02  1.547E-01  1.017E+05  5.816E-06  6.500E-02  2.999E+02  2.930E+02
  8.065E-02  1.610E-01  1.017E+05  2.730E-06  6.499E-02  2.973E+02  2.930E+02
  8.065E-02  1.673E-01  1.017E+05  5.072E-07  6.499E-02  2.956E+02  2.930E+02
  8.065E-02  1.736E-01  1.017E+05  9.420E-07  6.500E-02  2.945E+02  2.930E+02
  8.065E-02  1.799E-01  1.017E+05  4.122E-07  6.500E-02  2.939E+02  2.930E+02
  8.065E-02  1.862E-01  1.017E+05  3.074E-07  6.500E-02  2.935E+02  2.930E+02
  8.065E-02  1.925E-01  1.017E+05  2.638E-07  6.500E-02  2.933E+02  2.930E+02
  8.065E-02  1.988E-01  1.017E+05  2.671E-07  6.500E-02  2.931E+02  2.930E+02
  8.065E-02  2.052E-01  1.017E+05  2.797E-07  6.500E-02  2.931E+02  2.930E+02
  8.065E-02  2.115E-01  1.017E+05  2.884E-07  6.500E-02  2.930E+02  2.930E+02
  8.065E-02  2.178E-01  1.017E+05  3.428E-07  6.500E-02  2.930E+02  2.930E+02
  8.065E-02  2.241E-01  1.017E+05  1.469E-07  6.499E-02  2.930E+02  2.930E+02
  8.065E-02  2.304E-01  1.016E+05  3.509E-07  6.499E-02  2.930E+02  2.930E+02
  8.065E-02  2.367E-01  1.016E+05  2.970E-07  6.499E-02  2.930E+02  2.930E+02
  8.065E-02  2.430E-01  1.016E+05  3.151E-07  6.500E-02  2.930E+02  2.930E+02
  8.065E-02  2.493E-01  1.016E+05  3.142E-07  6.500E-02  2.930E+02  2.930E+02
  8.065E-02  2.557E-01  1.016E+05  3.361E-07  6.500E-02  2.930E+02  2.930E+02
  8.065E-02  2.620E-01  1.016E+05  3.524E-07  6.500E-02  2.930E+02  2.930E+02
  8.065E-02  2.683E-01  1.016E+05  3.435E-07  6.500E-02  2.930E+02  2.930E+02
  8.065E-02  2.746E-01  1.016E+05  3.289E-07  6.500E-02  2.930E+02  2.930E+02
  8.065E-02  2.809E-01  1.016E+05  3.295E-07  6.500E-02  2.930E+02  2.930E+02
  8.065E-02  2.872E-01  1.016E+05  3.435E-07  6.500E-02  2.930E+02  2.930E+02
  8.065E-02  2.935E-01  1.016E+05  3.295E-07  6.500E-02  2.930E+02  2.930E+02
  8.065E-02  2.998E-01  1.016E+05  4.012E-07  6.500E-02  2.930E+02  2.930E+02
  8.065E-02  3.062E-01  1.016E+05 -2.964E-08  6.500E-02  2.930E+02  2.930E+02
  8.065E-02  3.125E-01  1.015E+05  2.093E-06  6.500E-02  2.930E+02  2.930E+02
  8.065E-02  3.188E-01  1.015E+05  5.558E-06  6.499E-02  2.930E+02  2.930E+02
  8.065E-02  3.251E-01  1.015E+05  2.092E-06  6.499E-02  2.930E+02  2.930E+02
  8.065E-02  3.314E-01  1.015E+05 -6.275E-08  6.499E-02  2.930E+02  2.930E+02
  8.065E-02  3.377E-01  1.015E+05  3.967E-07  6.500E-02  2.930E+02  2.930E+02
  8.065E-02  3.440E-01  1.015E+05  3.859E-07  6.500E-02  2.930E+02  2.930E+02
  8.065E-02  3.503E-01  1.015E+05  4.286E-07  6.500E-02  2.930E+02  2.930E+02
  8.065E-02  3.567E-01  1.015E+05  4.095E-07  6.500E-02  2.930E+02  2.930E+02
  8.065E-02  3.630E-01  1.015E+05  4.788E-07  6.500E-02  2.930E+02  2.930E+02
  8.065E-02  3.693E-01  1.015E+05 -3.177E-07  6.500E-02  2.930E+02  2.930E+02
  8.065E-02  3.756E-01  1.015E+05  2.004E-06  6.501E-02  2.930E+02  2.930E+02
  8.065E-02  3.819E-01  1.015E+05  5.288E-06  6.500E-02  2.930E+02  2.930E+02
  8.065E-02  3.882E-01  1.015E+05  2.584E-06  6.500E-02  2.930E+02  2.930E+02
  8.065E-02  3.945E-01  1.015E+05  8.106E-07  6.499E-02  2.930E+02  2.930E+02
  8.065E-02  4.008E-01  1.014E+05  1.676E-06  6.499E-02  2.930E+02  2.930E+02
  8.065E-02  4.072E-01  1.014E+05  1.472E-06  6.499E-02  2.930E+02  2.930E+02
  8.065E-02  4.135E-01  1.014E+05  1.223E-06  6.500E-02  2.930E+02  2.930E+02
  8.065E-02  4.198E-01  1.014E+05  6.943E-07  6.500E-02  2.930E+02  2.930E+02
  8.065E-02  4.261E-01  1.014E+05  5.767E-07  6.500E-02  2.930E+02  2.930E+02
  8.065E-02  4.324E-01  1.014E+05  4.449E-07  6.500E-02  2.930E+02  2.930E+02
  8.065E-02  4.387E-01  1.014E+05  3.796E-07  6.500E-02  2.930E+02  2.930E+02
  8.065E-02  4.450E-01  1.014E+05  3.151E-07  6.500E-02  2.930E+02  2.930E+02
  8.065E-02  4.513E-01  1.014E+05  2.628E-07  6.500E-02  2.930E+02  2.930E+02
  8.065E-02  4.577E-01  1.014E+05  2.174E-07  6.500E-02  2.930E+02  2.930E+02
  8.065E-02  4.640E-01  1.014E+05  1.780E-07  6.500E-02  2.930E+02  2.930E+02
  8.065E-02  4.703E-01  1.014E+05  1.440E-07  6.500E-02  2.930E+02  2.930E+02
  8.065E-02  4.766E-01  1.014E+05  1.145E-07  6.500E-02  2.930E+02  2.930E+02
  8.065E-02  4.829E-01  1.014E+05  8.882E-08  6.500E-02  2.930E+02  2.930E+02
  8.065E-02  4.892E-01  1.013E+05  6.631E-08  6.500E-02  2.930E+02  2.930E+02
  8.065E-02  4.955E-01  1.013E+05  4.482E-08  6.500E-02  2.930E+02  2.930E+02
  8.065E-02  5.018E-01  1.013E+05  3.269E-08  6.500E-02  2.930E+02  2.930E+02
  8.065E-02  5.050E-01  1.013E+05  0.000E+00  6.500E-02  2.930E+02  2.930E+02
  9.305E-02  0.000E+00  1.019E+05  0.000E+00  6.500E-02  2.930E+02  2.930E+02
  9.305E-02  3.156E-03  1.019E+05  1.094E-06  6.498E-02  2.934E+02  2.930E+02
  9.305E-02  9.469E-03  1.019E+05  1.220E-06  6.500E-02  2.943E+02  2.930E+02
  9.305E-02  1.578E-02  1.019E+05  1.441E-06  6.500E-02  2.955E+02  2.930E+02
  9.305E-02  2.209E-02  1.019E+05  1.520E-06  6.500E-02  2.972E+02  2.930E+02
  9.305E-02  2.841E-02  1.019E+05  1.471E-06  6.500E-02  2.999E+02  2.930E+02
  9.305E-02  3.472E-02  1.019E+05  1.216E-06  6.500E-02  3.038E+02  2.930E+02
  9.305E-02  4.103E-02  1.019E+05  1.666E-06  6.500E-02  3.096E+02  2.930E+02
  9.305E-02  4.734E-02  1.019E+05  1.570E-06  6.500E-02  3.178E+02  2.930E+02
  9.305E-02  5.366E-02  1.019E+05  2.060E-06  6.500E-02  3.290E+02  2.930E+02
  9.305E-02  5.997E-02  1.018E+05  1.878E-06  6.500E-02  3.437E+02  2.930E+02
  9.305E-02  6.628E-02  1.018E+05  2.108E-06  6.500E-02  3.620E+02  2.930E+02
  9.305E-02  7.259E-02  1.018E+05  1.866E-06  6.500E-02  3.830E+02  2.930E+02
  9.305E-02  7.891E-02  1.018E+05  1.647E-06  6.500E-02  4.039E+02  2.930E+02
  9.305E-02  8.522E-02  1.018E+05  1.096E-06  6.500E-02  4.200E+02  2.930E+02
  9.305E-02  9.153E-02  1.018E+05  9.143E-07  6.500E-02  4.262E+02  2.930E+02
  9.305E-02  9.784E-02  1.018E+05  3.971E-07  6.500E-02  4.200E+02  2.930E+02
  9.305E-02  1.042E-01  1.018E+05  5.066E-07  6.500E-02  4.039E+02  2.930E+02
  9.305E-02  1.105E-01  1.018E+05  4.243E-07  6.500E-02  3.830E+02  2.930E+02
  9.305E-02  1.168E-01  1.018E+05  3.508E-07  6.500E-02  3.620E+02  2.930E+02
  9.305E-02  1.231E-01  1.018E+05  3.511E-07  6.500E-02  3.437E+02  2.930E+02
  9.305E-02  1.294E-01  1.018E+05 -5.880E-07  6.500E-02  3.290E+02  2.930E+02
  9.305E-02  1.357E-01  1.018E+05  1.479E-06  6.500E-02  3.178E+02  2.930E+02
  9.305E-02  1.420E-01  1.017E+05  3.837E-06  6.500E-02  3.096E+02  2.930E+02
  9.305E-02  1.483E-01  1.017E+05  1.850E-06  6.500E-02  3.039E+02  2.930E+02
  9.305E-02  1.547E-01  1.017E+05 -3.043E-07  6.499E-02  2.999E+02  2.930E+02
  9.305E-02  1.610E-01  1.017E+05  2.436E-06  6.499E-02  2.973E+02  2.930E+02
  9.305E-02  1.673E-01  1.017E+05  5.354E-06  6.499E-02  2.956E+02  2.930E+02
  9.305E-02  1.736E-01  1.017E+05  2.179E-06  6.500E-02  2.945E+02  2.930E+02
  9.305E-02  1.799E-01  1.017E+05 -1.649E-07  6.500E-02  2.939E+02  2.930E+02
  9.305E-02  1.862E-01  1.017E+05  1.999E-07  6.500E-02  2.935E+02  2.930E+02
  9.305E-02  1.925E-01  1.017E+05  1.691E-07  6.500E-02  2.933E+02  2.930E+02
  9.305E-02  1.988E-01  1.017E+05  2.066E-07  6.500E-02  2.931E+02  2.930E+02
  9.305E-02  2.052E-01  1.017E+05  2.225E-07  6.500E-02  2.931E+02  2.930E+02
  9.305E-02  2.115E-01  1.017E+05  2.386E-07  6.500E-02  2.930E+02  2.930E+02
  9.305E-02  2.178E-01  1.017E+05  2.614E-07  6.500E-02  2.930E+02  2.930E+02
  9.305E-02  2.241E-01  1.017E+05  2.504E-07  6.499E-02  2.930E+02  2.930E+02
  9.305E-02  2.304E-01  1.016E+05  2.944E-07  6.499E-02  2.930E+02  2.930E+02
  9.305E-02  2.367E-01  1.016E+05  2.771E-07  6.499E-02  2.930E+02  2.930E+02
  9.305E-02  2.430E-01  1.016E+05  3.069E-07  6.500E-02  2.930E+02  2.930E+02
  9.305E-02  2.493E-01  1.016E+05  2.938E-07  6.500E-02  2.930E+02  2.930E+02
  9.305E-02  2.557E-01  1.016E+05  2.921E-07  6.500E-02  2.930E+02  2.930E+02
  9.305E-02  2.620E-01  1.016E+05  2.861E-07  6.500E-02  2.930E+02  2.930E+02
  9.305E-02  2.683E-01  1.016E+05  2.803E-07  6.500E-02  2.930E+02  2.930E+02
  9.305E-02  2.746E-01  1.016E+05  2.723E-07  6.500E-02  2.930E+02  2.930E+02
  9.305E-02  2.809E-01  1.016E+05  2.659E-07  6.500E-02  2.930E+02  2.930E+02
  9.305E-02  2.872E-01  1.016E+05  2.638E-07  6.500E-02  2.930E+02  2.930E+02
  9.305E-02  2.935E-01  1.016E+05  2.535E-07  6.500E-02  2.930E+02  2.930E+02
  9.305E-02  2.998E-01  1.016E+05  3.000E-07  6.500E-02  2.930E+02  2.930E+02
  9.305E-02  3.062E-01  1.016E+05  1.770E-07  6.500E-02  2.930E+02  2.930E+02
  9.305E-02  3.125E-01  1.015E+05  7.767E-07  6.500E-02  2.930E+02  2.930E+02
  9.305E-02  3.188E-01  1.015E+05  1.020E-06  6.499E-02  2.930E+02  2.930E+02
  9.305E-02  3.251E-01  1.015E+05  9.153E-07  6.499E-02  2.930E+02  2.930E+02
  9.305E-02  3.314E-01  1.015E+05  4.000E-07  6.499E-02  2.930E+02  2.930E+02
  9.305E-02  3.377E-01  1.015E+05  5.718E-07  6.500E-02  2.930E+02  2.930E+02
  9.305E-02  3.440E-01  1.015E+05  5.513E-07  6.500E-02  2.930E+02  2.930E+02
  9.305E-02  3.503E-01  1.015E+05  6.639E-07  6.500E-02  2.930E+02  2.930E+02
  9.305E-02  3.567E-01  1.015E+05  8.459E-07  6.500E-02  2.930E+02  2.930E+02
  9.305E-02  3.630E-01  1.015E+05  1.293E-06  6.500E-02  2.930E+02  2.930E+02
  9.305E-02  3.693E-01  1.015E+05  2.063E-06  6.500E-02  2.930E+02  2.930E+02
  9.305E-02  3.756E-01  1.015E+05  5.157E-07  6.501E-02  2.930E+02  2.930E+02
  9.305E-02  3.819E-01  1.015E+05 -2.851E-06  6.500E-02  2.930E+02  2.930E+02
  9.305E-02  3.882E-01  1.015E+05  1.957E-07  6.500E-02  2.930E+02  2.930E+02
  9.305E-02  3.945E-01  1.015E+05  9.793E-07  6.499E-02  2.930E+02  2.930E+02
  9.305E-02  4.008E-01  1.014E+05  2.620E-06  6.499E-02  2.930E+02  2.930E+02
  9.305E-02  4.072E-01  1.014E+05  5.933E-06  6.499E-02  2.930E+02  2.930E+02
  9.305E-02  4.135E-01  1.014E+05  2.513E-06  6.500E-02  2.930E+02  2.930E+02
  9.305E-02  4.198E-01  1.014E+05  1.363E-07  6.500E-02  2.930E+02  2.930E+02
  9.305E-02  4.261E-01  1.014E+05  6.008E-07  6.500E-02  2.930E+02  2.930E+02
  9.305E-02  4.324E-01  1.014E+05  4.533E-07  6.500E-02  2.930E+02  2.930E+02
  9.305E-02  4.387E-01  1.014E+05  4.173E-07  6.500E-02  2.930E+02  2.930E+02
  9.305E-02  4.450E-01  1.014E+05  3.423E-07  6.500E-02  2.930E+02  2.930E+02
  9.305E-02  4.513E-01  1.014E+05  2.827E-07  6.500E-02  2.930E+02  2.930E+02
  9.305E-02  4.577E-01  1.014E+05  2.269E-07  6.500E-02  2.930E+02  2.930E+02
  9.305E-02  4.640E-01  1.014E+05  1.808E-07  6.500E-02  2.930E+02  2.930E+02
  9.305E-02  4.703E-01  1.014E+05  1.428E-07  6.500E-02  2.930E+02  2.930E+02
  9.305E-02  4.766E-01  1.014E+05  1.112E-07  6.500E-02  2.930E+02  2.930E+02
  9.305E-02  4.829E-01  1.014E+05  8.476E-08  6.500E-02  2.930E+02  2.930E+02
  9.305E-02  4.892E-01  1.013E+05  6.229E-08  6.500E-02  2.930E+02  2.930E+02
  9.305E-02  4.955E-01  1.013E+05  4.125E-08  6.500E-02  2.930E+02  2.930E+02
  9.305E-02  5.018E-01  1.013E+05  2.977E-08  6.500E-02  2.930E+02  2.930E+02
  9.305E-02  5.050E-01  1.013E+05  0.000E+00  6.500E-02  2.930E+02  2.930E+02
  1.055E-01  0.000E+00  1.019E+05  0.000E+00  6.500E-02  2.930E+02  2.930E+02
  1.055E-01  3.156E-03  1.019E+05  5.463E-08  6.498E-02  2.934E+02  2.930E+02
  1.055E-01  9.469E-03  1.019E+05  3.138E-06  6.500E-02  2.943E+02  2.930E+02
  1.055E-01  1.578E-02  1.019E+05  2.149E-06  6.500E-02  2.955E+02  2.930E+02
  1.055E-01  2.209E-02  1.019E+05  2.129E-06  6.500E-02  2.972E+02  2.930E+02
  1.055E-01  2.841E-02  1.019E+05  2.073E-06  6.500E-02  2.999E+02  2.930E+02
  1.055E-01  3.472E-02  1.019E+05  1.776E-06  6.500E-02  3.038E+02  2.930E+02
  1.055E-01  4.103E-02  1.019E+05  3.694E-06  6.500E-02  3.096E+02  2.930E+02
  1.055E-01  4.734E-02  1.019E+05  7.106E-06  6.500E-02  3.178E+02  2.930E+02
  1.055E-01  5.366E-02  1.019E+05  5.187E-06  6.500E-02  3.290E+02  2.930E+02
  1.055E-01  5.997E-02  1.018E+05  6.697E-06  6.500E-02  3.437E+02  2.930E+02
  1.055E-01  6.628E-02  1.018E+05  4.813E-06  6.500E-02  3.620E+02  2.930E+02
  1.055E-01  7.259E-02  1.018E+05  6.497E-06  6.500E-02  3.830E+02  2.930E+02
  1.055E-01  7.891E-02  1.018E+05  2.831E-06  6.500E-02  4.039E+02  2.930E+02
  1.055E-01  8.522E-02  1.018E+05  7.072E-07  6.500E-02  4.200E+02  2.930E+02
  1.055E-01  9.153E-02  1.018E+05  7.880E-07  6.500E-02  4.262E+02  2.930E+02
  1.055E-01  9.784E-02  1.018E+05  2.906E-07  6.500E-02  4.200E+02  2.930E+02
  1.055E-01  1.042E-01  1.018E+05  4.286E-07  6.500E-02  4.039E+02  2.930E+02
  1.055E-01  1.105E-01  1.018E+05  3.933E-07  6.500E-02  3.830E+02  2.930E+02
  1.055E-01  1.168E-01  1.018E+05  4.387E-07  6.500E-02  3.620E+02  2.930E+02
  1.055E-01  1.231E-01  1.018E+05  5.129E-07  6.500E-02  3.437E+02  2.930E+02
  1.055E-01  1.294E-01  1.018E+05  5.935E-07  6.500E-02  3.290E+02  2.930E+02
  1.055E-01  1.357E-01  1.018E+05  1.158E-06  6.500E-02  3.178E+02  2.930E+02
  1.055E-01  1.420E-01  1.017E+05  1.819E-06  6.500E-02  3.096E+02  2.930E+02
  1.055E-01  1.483E-01  1.017E+05  1.161E-06  6.500E-02  3.039E+02  2.930E+02
  1.055E-01  1.547E-01  1.017E+05 -3.862E-08  6.500E-02  2.999E+02  2.930E+02
  1.055E-01  1.610E-01  1.017E+05  2.096E-06  6.500E-02  2.973E+02  2.930E+02
  1.055E-01  1.673E-01  1.017E+05  5.220E-06  6.499E-02  2.956E+02  2.930E+02
  1.055E-01  1.736E-01  1.017E+05  1.944E-06  6.499E-02  2.945E+02  2.930E+02
  1.055E-01  1.799E-01  1.017E+05 -1.949E-07  6.499E-02  2.939E+02  2.930E+02
  1.055E-01  1.862E-01  1.017E+05  2.045E-07  6.500E-02  2.935E+02  2.930E+02
  1.055E-01  1.925E-01  1.017E+05  1.605E-07  6.500E-02  2.933E+02  2.930E+02
  1.055E-01  1.988E-01  1.017E+05  1.785E-07  6.500E-02  2.931E+02  2.930E+02
  1.055E-01  2.052E-01  1.017E+05  1.856E-07  6.500E-02  2.931E+02  2.930E+02
  1.055E-01  2.115E-01  1.017E+05  1.955E-07  6.500E-02  2.930E+02  2.930E+02
  1.055E-01  2.178E-01  1.017E+05  2.121E-07  6.500E-02  2.930E+02  2.930E+02
  1.055E-01  2.241E-01  1.017E+05  1.952E-07  6.499E-02  2.930E+02  2.930E+02
  1.055E-01  2.304E-01  1.016E+05  2.378E-07  6.499E-02  2.930E+02  2.930E+02
  1.055E-01  2.367E-01  1.016E+05 -1.613E-07  6.499E-02  2.930E+02  2.930E+02
  1.055E-01  2.430E-01  1.016E+05  2.076E-07  6.500E-02  2.930E+02  2.930E+02
  1.055E-01  2.493E-01  1.016E+05  1.779E-07  6.500E-02  2.930E+02  2.930E+02
  1.055E-01  2.557E-01  1.016E+05  2.020E-07  6.500E-02  2.930E+02  2.930E+02
  1.055E-01  2.620E-01  1.016E+05  1.985E-07  6.500E-02  2.930E+02  2.930E+02
  1.055E-01  2.683E-01  1.016E+05  1.965E-07  6.500E-02  2.930E+02  2.930E+02
  1.055E-01  2.746E-01  1.016E+05  1.900E-07  6.500E-02  2.930E+02  2.930E+02
  1.055E-01  2.809E-01  1.016E+05  1.917E-07  6.500E-02  2.930E+02  2.930E+02
  1.055E-01  2.872E-01  1.016E+05  1.942E-07  6.500E-02  2.930E+02  2.930E+02
  1.055E-01  2.935E-01  1.016E+05  2.014E-07  6.500E-02  2.930E+02  2.930E+02
  1.055E-01  2.998E-01  1.016E+05  2.262E-07  6.500E-02  2.930E+02  2.930E+02
  1.055E-01  3.062E-01  1.016E+05  2.470E-07  6.500E-02  2.930E+02  2.930E+02
  1.055E-01  3.125E-01  1.015E+05  3.573E-07  6.500E-02  2.930E+02  2.930E+02
  1.055E-01  3.188E-01  1.015E+05  2.619E-07  6.499E-02  2.930E+02  2.930E+02
  1.055E-01  3.251E-01  1.015E+05  7.207E-07  6.499E-02  2.930E+02  2.930E+02
  1.055E-01  3.314E-01  1.015E+05  7.874E-07  6.499E-02  2.930E+02  2.930E+02
  1.055E-01  3.377E-01  1.015E+05  7.416E-07  6.500E-02  2.930E+02  2.930E+02
  1.055E-01  3.440E-01  1.015E+05  5.077E-07  6.500E-02  2.930E+02  2.930E+02
  1.055E-01  3.503E-01  1.015E+05  5.643E-07  6.500E-02  2.930E+02  2.930E+02
  1.055E-01  3.567E-01  1.015E+05  2.611E-07  6.500E-02  2.930E+02  2.930E+02
  1.055E-01  3.630E-01  1.015E+05  2.594E-06  6.500E-02  2.930E+02  2.930E+02
  1.055E-01  3.693E-01  1.015E+05  6.804E-06  6.500E-02  2.930E+02  2.930E+02
  1.055E-01  3.756E-01  1.015E+05  3.242E-06  6.500E-02  2.930E+02  2.930E+02
  1.055E-01  3.819E-01  1.015E+05  1.636E-06  6.500E-02  2.930E+02  2.930E+02
  1.055E-01  3.882E-01  1.015E+05  1.362E-06  6.501E-02  2.930E+02  2.930E+02
  1.055E-01  3.945E-01  1.015E+05  3.997E-07  6.500E-02  2.930E+02  2.930E+02
  1.055E-01  4.008E-01  1.014E+05  2.357E-06  6.500E-02  2.930E+02  2.930E+02
  1.055E-01  4.072E-01  1.014E+05  5.608E-06  6.499E-02  2.930E+02  2.930E+02
  1.055E-01  4.135E-01  1.014E+05  2.620E-06  6.499E-02  2.930E+02  2.930E+02
  1.055E-01  4.198E-01  1.014E+05  4.973E-07  6.499E-02  2.930E+02  2.930E+02
  1.055E-01  4.261E-01  1.014E+05  7.876E-07  6.500E-02  2.930E+02  2.930E+02
  1.055E-01  4.324E-01  1.014E+05  2.834E-07  6.500E-02  2.930E+02  2.930E+02
  1.055E-01  4.387E-01  1.014E+05  3.938E-07  6.500E-02  2.930E+02  2.930E+02
  1.055E-01  4.450E-01  1.014E+05  2.921E-07  6.500E-02  2.930E+02  2.930E+02
  1.055E-01  4.513E-01  1.014E+05  2.453E-07  6.500E-02  2.930E+02  2.930E+02
  1.055E-01  4.577E-01  1.014E+05  1.923E-07  6.500E-02  2.930E+02  2.930E+02
  1.055E-01  4.640E-01  1.014E+05  1.507E-07  6.500E-02  2.930E+02  2.930E+02
  1.055E-01  4.703E-01  1.014E+05  1.169E-07  6.500E-02  2.930E+02  2.930E+02
  1.055E-01  4.766E-01  1.014E+05  8.962E-08  6.500E-02  2.930E+02  2.930E+02
  1.055E-01  4.829E-01  1.014E+05  6.737E-08  6.500E-02  2.930E+02  2.930E+02
  1.055E-01  4.892E-01  1.013E+05  4.894E-08  6.500E-02  2.930E+02  2.930E+02
  1.055E-01  4.955E-01  1.013E+05  3.206E-08  6.500E-02  2.930E+02  2.930E+02
  1.055E-01  5.018E-01  1.013E+05  2.294E-08  6.500E-02  2.930E+02  2.930E+02
  1.055E-01  5.050E-01  1.013E+05  0.000E+00  6.500E-02  2.930E+02  2.930E+02
  1.179E-01  0.000E+00  1.019E+05  0.000E+00  6.500E-02  2.930E+02  2.930E+02
  1.179E-01  3.156E-03  1.019E+05 -3.988E-07  6.498E-02  2.934E+02  2.930E+02
  1.179E-01  9.469E-03  1.019E+05  2.589E-06  6.500E-02  2.943E+02  2.930E+02
  1.179E-01  1.578E-02  1.019E+05  1.367E-06  6.500E-02  2.955E+02  2.930E+02
  1.179E-01  2.209E-02  1.019E+05  1.246E-06  6.500E-02  2.972E+02  2.930E+02
  1.179E-01  2.841E-02  1.019E+05  1.239E-06  6.500E-02  2.999E+02  2.930E+02
  1.179E-01  3.472E-02  1.019E+05  1.142E-06  6.500E-02  3.038E+02  2.930E+02
  1.179E-01  4.103E-02  1.019E+05  2.636E-06  6.501E-02  3.096E+02  2.930E+02
  1.179E-01  4.734E-02  1.019E+05  2.336E-05  6.500E-02  3.178E+02  2.930E+02
  1.179E-01  5.366E-02  1.019E+05  3.798E-06  6.500E-02  3.290E+02  2.930E+02
  1.179E-01  5.997E-02  1.018E+05  2.248E-05  6.500E-02  3.437E+02  2.930E+02
  1.179E-01  6.628E-02  1.018E+05  3.491E-06  6.500E-02  3.620E+02  2.930E+02
  1.179E-01  7.259E-02  1.018E+05  2.272E-05  6.499E-02  3.830E+02  2.930E+02
  1.179E-01  7.891E-02  1.018E+05  1.908E-06  6.499E-02  4.039E+02  2.930E+02
  1.179E-01  8.522E-02  1.018E+05 -1.294E-07  6.499E-02  4.200E+02  2.930E+02
  1.179E-01  9.153E-02  1.018E+05  2.571E-07  6.500E-02  4.262E+02  2.930E+02
  1.179E-01  9.784E-02  1.018E+05  2.014E-07  6.500E-02  4.200E+02  2.930E+02
  1.179E-01  1.042E-01  1.018E+05  2.123E-07  6.500E-02  4.039E+02  2.930E+02
  1.179E-01  1.105E-01  1.018E+05  2.128E-07  6.500E-02  3.830E+02  2.930E+02
  1.179E-01  1.168E-01  1.018E+05  2.358E-07  6.500E-02  3.620E+02  2.930E+02
  1.179E-01  1.231E-01  1.018E+05  2.803E-07  6.500E-02  3.437E+02  2.930E+02
  1.179E-01  1.294E-01  1.018E+05  3.649E-07  6.500E-02  3.290E+02  2.930E+02
  1.179E-01  1.357E-01  1.018E+05  6.343E-07  6.500E-02  3.178E+02  2.930E+02
  1.179E-01  1.420E-01  1.017E+05  1.099E-06  6.500E-02  3.096E+02  2.930E+02
  1.179E-01  1.483E-01  1.017E+05  6.922E-07  6.500E-02  3.039E+02  2.930E+02
  1.179E-01  1.547E-01  1.017E+05  4.624E-07  6.500E-02  2.999E+02  2.930E+02
  1.179E-01  1.610E-01  1.017E+05  5.946E-07  6.500E-02  2.973E+02  2.930E+02
  1.179E-01  1.673E-01  1.017E+05  7.412E-07  6.499E-02  2.956E+02  2.930E+02
  1.179E-01  1.736E-01  1.017E+05  4.913E-07  6.499E-02  2.945E+02  2.930E+02
  1.179E-01  1.799E-01  1.017E+05  2.456E-07  6.499E-02  2.939E+02  2.930E+02
  1.179E-01  1.862E-01  1.017E+05  1.716E-07  6.500E-02  2.935E+02  2.930E+02
  1.179E-01  1.925E-01  1.017E+05  1.211E-07  6.500E-02  2.933E+02  2.930E+02
  1.179E-01  1.988E-01  1.017E+05  9.994E-08  6.500E-02  2.931E+02  2.930E+02
  1.179E-01  2.052E-01  1.017E+05  9.097E-08  6.500E-02  2.931E+02  2.930E+02
  1.179E-01  2.115E-01  1.017E+05  8.831E-08  6.500E-02  2.930E+02  2.930E+02
  1.179E-01  2.178E-01  1.017E+05  9.227E-08  6.500E-02  2.930E+02  2.930E+02
  1.179E-01  2.241E-01  1.017E+05  6.888E-08  6.499E-02  2.930E+02  2.930E+02
  1.179E-01  2.304E-01  1.016E+05  9.237E-08  6.499E-02  2.930E+02  2.930E+02
  1.179E-01  2.367E-01  1.016E+05 -3.026E-07  6.499E-02  2.930E+02  2.930E+02
  1.179E-01  2.430E-01  1.016E+05  5.062E-08  6.500E-02  2.930E+02  2.930E+02
  1.179E-01  2.493E-01  1.016E+05  3.573E-08  6.500E-02  2.930E+02  2.930E+02
  1.179E-01  2.557E-01  1.016E+05  6.589E-08  6.500E-02  2.930E+02  2.930E+02
  1.179E-01  2.620E-01  1.016E+05  6.899E-08  6.500E-02  2.930E+02  2.930E+02
  1.179E-01  2.683E-01  1.016E+05  7.105E-08  6.500E-02  2.930E+02  2.930E+02
  1.179E-01  2.746E-01  1.016E+05  6.798E-08  6.500E-02  2.930E+02  2.930E+02
  1.179E-01  2.809E-01  1.016E+05  7.092E-08  6.500E-02  2.930E+02  2.930E+02
  1.179E-01  2.872E-01  1.016E+05  7.200E-08  6.500E-02  2.930E+02  2.930E+02
  1.179E-01  2.935E-01  1.016E+05  7.502E-08  6.500E-02  2.930E+02  2.930E+02
  1.179E-01  2.998E-01  1.016E+05  8.417E-08  6.500E-02  2.930E+02  2.930E+02
  1.179E-01  3.062E-01  1.016E+05  9.780E-08  6.500E-02  2.930E+02  2.930E+02
  1.179E-01  3.125E-01  1.015E+05  1.521E-07  6.500E-02  2.930E+02  2.930E+02
  1.179E-01  3.188E-01  1.015E+05  2.057E-07  6.499E-02  2.930E+02  2.930E+02
  1.179E-01  3.251E-01  1.015E+05  4.452E-07  6.499E-02  2.930E+02  2.930E+02
  1.179E-01  3.314E-01  1.015E+05  6.847E-07  6.499E-02  2.930E+02  2.930E+02
  1.179E-01  3.377E-01  1.015E+05  4.416E-07  6.500E-02  2.930E+02  2.930E+02
  1.179E-01  3.440E-01  1.015E+05  1.962E-07  6.500E-02  2.930E+02  2.930E+02
  1.179E-01  3.503E-01  1.015E+05  1.457E-07  6.500E-02  2.930E+02  2.930E+02
  1.179E-01  3.567E-01  1.015E+05 -3.507E-07  6.500E-02  2.930E+02  2.930E+02
  1.179E-01  3.630E-01  1.015E+05  1.583E-06  6.501E-02  2.930E+02  2.930E+02
  1.179E-01  3.693E-01  1.015E+05  2.214E-05  6.500E-02  2.930E+02  2.930E+02
  1.179E-01  3.756E-01  1.015E+05  3.174E-06  6.500E-02  2.930E+02  2.930E+02
  1.179E-01  3.819E-01  1.015E+05  2.214E-05  6.500E-02  2.930E+02  2.930E+02
  1.179E-01  3.882E-01  1.015E+05  1.739E-06  6.500E-02  2.930E+02  2.930E+02
  1.179E-01  3.945E-01  1.015E+05 -2.309E-07  6.500E-02  2.930E+02  2.930E+02
  1.179E-01  4.008E-01  1.014E+05  5.033E-07  6.500E-02  2.930E+02  2.930E+02
  1.179E-01  4.072E-01  1.014E+05  6.084E-07  6.499E-02  2.930E+02  2.930E+02
  1.179E-01  4.135E-01  1.014E+05  8.185E-07  6.499E-02  2.930E+02  2.930E+02
  1.179E-01  4.198E-01  1.014E+05  7.825E-07  6.499E-02  2.930E+02  2.930E+02
  1.179E-01  4.261E-01  1.014E+05  5.315E-07  6.500E-02  2.930E+02  2.930E+02
  1.179E-01  4.324E-01  1.014E+05  8.431E-08  6.500E-02  2.930E+02  2.930E+02
  1.179E-01  4.387E-01  1.014E+05  1.877E-07  6.500E-02  2.930E+02  2.930E+02
  1.179E-01  4.450E-01  1.014E+05  1.213E-07  6.500E-02  2.930E+02  2.930E+02
  1.179E-01  4.513E-01  1.014E+05  1.034E-07  6.500E-02  2.930E+02  2.930E+02
  1.179E-01  4.577E-01  1.014E+05  8.004E-08  6.500E-02  2.930E+02  2.930E+02
  1.179E-01  4.640E-01  1.014E+05  6.254E-08  6.500E-02  2.930E+02  2.930E+02
  1.179E-01  4.703E-01  1.014E+05  4.827E-08  6.500E-02  2.930E+02  2.930E+02
  1.179E-01  4.766E-01  1.014E+05  3.683E-08  6.500E-02  2.930E+02  2.930E+02
  1.179E-01  4.829E-01  1.014E+05  2.759E-08  6.500E-02  2.930E+02  2.930E+02
  1.179E-01  4.892E-01  1.013E+05  1.999E-08  6.500E-02  2.930E+02  2.930E+02
  1.179E-01  4.955E-01  1.013E+05  1.306E-08  6.500E-02  2.930E+02  2.930E+02
  1.179E-01  5.018E-01  1.013E+05  9.314E-09  6.500E-02  2.930E+02  2.930E+02
  1.179E-01  5.050E-01  1.013E+05  0.000E+00  6.500E-02  2.930E+02  2.930E+02
  1.241E-01  0.000E+00  1.019E+05  0.000E+00  6.500E-02  2.930E+02  2.930E+02
  1.241E-01  3.156E-03  1.019E+05 -3.988E-07  6.498E-02  2.934E+02  2.930E+02
  1.241E-01  9.469E-03  1.019E+05  2.589E-06  6.500E-02  2.943E+02  2.930E+02
  1.241E-01  1.578E-02  1.019E+05  1.367E-06  6.500E-02  2.955E+02  2.930E+02
  1.241E-01  2.209E-02  1.019E+05  1.246E-06  6.500E-02  2.972E+02  2.930E+02
  1.241E-01  2.841E-02  1.019E+05  1.239E-06  6.500E-02  2.999E+02  2.930E+02
  1.241E-01  3.472E-02  1.019E+05  1.142E-06  6.500E-02  3.038E+02  2.930E+02
  1.241E-01  4.103E-02  1.019E+05  2.636E-06  6.501E-02  3.096E+02  2.930E+02
  1.241E-01  4.734E-02  1.019E+05  2.336E-05  6.500E-02  3.178E+02  2.930E+02
  1.241E-01  5.366E-02  1.019E+05  3.798E-06  6.500E-02  3.290E+02  2.930E+02
  1.241E-01  5.997E-02  1.018E+05  2.248E-05  6.500E-02  3.437E+02  2.930E+02
  1.241E-01  6.628E-02  1.018E+05  3.491E-06  6.500E-02  3.620E+02  2.930E+02
  1.241E-01  7.259E-02  1.018E+05  2.272E-05  6.499E-02  3.830E+02  2.930E+02
  1.241E-01  7.891E-02  1.018E+05  1.908E-06  6.499E-02  4.039E+02  2.930E+02
  1.241E-01  8.522E-02  1.018E+05 -1.294E-07  6.499E-02  4.200E+02  2.930E+02
  1.241E-01  9.153E-02  1.018E+05  2.571E-07  6.500E-02  4.262E+02  2.930E+02
  1.241E-01  9.784E-02  1.018E+05  2.014E-07  6.500E-02  4.200E+02  2.930E+02
  1.241E-01  1.042E-01  1.018E+05  2.123E-07  6.500E-02  4.039E+02  2.930E+02
  1.241E-01  1.105E-01  1.018E+05  2.128E-07  6.500E-02  3.830E+02  2.930E+02
  1.241E-01  1.168E-01  1.018E+05  2.358E-07  6.500E-02  3.620E+02  2.930E+02
  1.241E-01  1.231E-01  1.018E+05  2.803E-07  6.500E-02  3.437E+02  2.930E+02
  1.241E-01  1.294E-01  1.018E+05  3.649E-07  6.500E-02  3.290E+02  2.930E+02
  1.241E-01  1.357E-01  1.018E+05  6.343E-07  6.500E-02  3.178E+02  2.930E+02
  1.241E-01  1.420E-01  1.017E+05  1.099E-06  6.500E-02  3.096E+02  2.930E+02
  1.241E-01  1.483E-01  1.017E+05  6.922E-07  6.500E-02  3.039E+02  2.930E+02
  1.241E-01  1.547E-01  1.017E+05  4.624E-07  6.500E-02  2.999E+02  2.930E+02
  1.241E-01  1.610E-01  1.017E+05  5.946E-07  6.500E-02  2.973E+02  2.930E+02
  1.241E-01  1.673E-01  1.017E+05  7.412E-07  6.499E-02  2.956E+02  2.930E+02
  1.241E-01  1.736E-01  1.017E+05  4.913E-07  6.499E-02  2.945E+02  2.930E+02
  1.241E-01  1.799E-01  1.017E+05  2.456E-07  6.499E-02  2.939E+02  2.930E+02
  1.241E-01  1.862E-01  1.017E+05  1.716E-07  6.500E-02  2.935E+02  2.930E+02
  1.241E-01  1.925E-01  1.017E+05  1.211E-07  6.500E-02  2.933E+02  2.930E+02
  1.241E-01  1.988E-01  1.017E+05  9.994E-08  6.500E-02  2.931E+02  2.930E+02
  1.241E-01  2.052E-01  1.017E+05  9.097E-08  6.500E-02  2.931E+02  2.930E+02
  1.241E-01  2.115E-01  1.017E+05  8.831E-08  6.500E-02  2.930E+02  2.930E+02
  1.241E-01  2.178E-01  1.017E+05  9.227E-08  6.500E-02  2.930E+02  2.930E+02
  1.241E-01  2.241E-01  1.017E+05  6.888E-08  6.499E-02  2.930E+02  2.930E+02
  1.241E-01  2.304E-01  1.016E+05  9.237E-08  6.499E-02  2.930E+02  2.930E+02
  1.241E-01  2.367E-01  1.016E+05 -3.026E-07  6.499E-02  2.930E+02  2.930E+02
  1.241E-01  2.430E-01  1.016E+05  5.062E-08  6.500E-02  2.930E+02  2.930E+02
  1.241E-01  2.493E-01  1.016E+05  3.573E-08  6.500E-02  2.930E+02  2.930E+02
  1.241E-01  2.557E-01  1.016E+05  6.589E-08  6.500E-02  2.930E+02  2.930E+02
  1.241E-01  2.620E-01  1.016E+05  6.899E-08  6.500E-02  2.930E+02  2.930E+02
  1.241E-01  2.683E-01  1.016E+05  7.105E-08  6.500E-02  2.930E+02  2.930E+02
  1.241E-01  2.746E-01  1.016E+05  6.798E-08  6.500E-02  2.930E+02  2.930E+02
  1.241E-01  2.809E-01  1.016E+05  7.092E-08  6.500E-02  2.930E+02  2.930E+02
  1.241E-01  2.872E-01  1.016E+05  7.200E-08  6.500E-02  2.930E+02  2.930E+02
  1.241E-01  2.935E-01  1.016E+05  7.502E-08  6.500E-02  2.930E+02  2.930E+02
  1.241E-01  2.998E-01  1.016E+05  8.417E-08  6.500E-02  2.930E+02  2.930E+02
  1.241E-01  3.062E-01  1.016E+05  9.780E-08  6.500E-02  2.930E+02  2.930E+02
  1.241E-01  3.125E-01  1.015E+05  1.521E-07  6.500E-02  2.930E+02  2.930E+02
  1.241E-01  3.188E-01  1.015E+05  2.057E-07  6.499E-02  2.930E+02  2.930E+02
  1.241E-01  3.251E-01  1.015E+05  4.452E-07  6.499E-02  2.930E+02  2.930E+02
  1.241E-01  3.314E-01  1.015E+05  6.847E-07  6.499E-02  2.930E+02  2.930E+02
  1.241E-01  3.377E-01  1.015E+05  4.416E-07  6.500E-02  2.930E+02  2.930E+02
  1.241E-01  3.440E-01  1.015E+05  1.962E-07  6.500E-02  2.930E+02  2.930E+02
  1.241E-01  3.503E-01  1.015E+05  1.457E-07  6.500E-02  2.930E+02  2.930E+02
  1.241E-01  3.567E-01  1.015E+05 -3.507E-07  6.500E-02  2.930E+02  2.930E+02
  1.241E-01  3.630E-01  1.015E+05  1.583E-06  6.501E-02  2.930E+02  2.930E+02
  1.241E-01  3.693E-01  1.015E+05  2.214E-05  6.500E-02  2.930E+02  2.930E+02
  1.241E-01  3.756E-01  1.015E+05  3.174E-06  6.500E-02  2.930E+02  2.930E+02
  1.241E-01  3.819E-01  1.015E+05  2.214E-05  6.500E-02  2.930E+02  2.930E+02
  1.241E-01  3.882E-01  1.015E+05  1.739E-06  6.500E-02  2.930E+02  2.930E+02
  1.241E-01  3.945E-01  1.015E+05 -2.309E-07  6.500E-02  2.930E+02  2.930E+02
  1.241E-01  4.008E-01  1.014E+05  5.033E-07  6.500E-02  2.930E+02  2.930E+02
  1.241E-01  4.072E-01  1.014E+05  6.084E-07  6.499E-02  2.930E+02  2.930E+02
  1.241E-01  4.135E-01  1.014E+05  8.185E-07  6.499E-02  2.930E+02  2.930E+02
  1.241E-01  4.198E-01  1.014E+05  7.825E-07  6.499E-02  2.930E+02  2.930E+02
  1.241E-01  4.261E-01  1.014E+05  5.315E-07  6.500E-02  2.930E+02  2.930E+02
  1.241E-01  4.324E-01  1.014E+05  8.431E-08  6.500E-02  2.930E+02  2.930E+02
  1.241E-01  4.387E-01  1.014E+05  1.877E-07  6.500E-02  2.930E+02  2.930E+02
  1.241E-01  4.450E-01  1.014E+05  1.213E-07  6.500E-02  2.930E+02  2.930E+02
  1.241E-01  4.513E-01  1.014E+05  1.034E-07  6.500E-02  2.930E+02  2.930E+02
  1.241E-01  4.577E-01  1.014E+05  8.004E-08  6.500E-02  2.930E+02  2.930E+02
  1.241E-01  4.640E-01  1.014E+05  6.254E-08  6.500E-02  2.930E+02  2.930E+02
  1.241E-01  4.703E-01  1.014E+05  4.827E-08  6.500E-02  2.930E+02  2.930E+02
  1.241E-01  4.766E-01  1.014E+05  3.683E-08  6.500E-02  2.930E+02  2.930E+02
  1.241E-01  4.829E-01  1.014E+05  2.759E-08  6.500E-02  2.930E+02  2.930E+02
  1.241E-01  4.892E-01  1.013E+05  1.999E-08  6.500E-02  2.930E+02  2.930E+02
  1.241E-01  4.955E-01  1.013E+05  1.306E-08  6.500E-02  2.930E+02  2.930E+02
  1.241E-01  5.018E-01  1.013E+05  9.314E-09  6.500E-02  2.930E+02  2.930E+02
  1.241E-01  5.050E-01  1.013E+05  0.000E+00  6.500E-02  2.930E+02  2.930E+02
