VARIABLES="XP","YP","P","U","V","TS","TF"
ZONE T="Zone 001"I=    82 J=    12 F=POINT
  0.000E+00  0.000E+00  1.019E+05  1.750E-07  6.501E-02  2.936E+02  2.930E+02
  0.000E+00  3.156E-03  1.019E+05  1.750E-07  6.501E-02  2.936E+02  2.930E+02
  0.000E+00  9.469E-03  1.019E+05  1.757E-07  6.500E-02  2.949E+02  2.930E+02
  0.000E+00  1.578E-02  1.019E+05  1.774E-07  6.500E-02  2.966E+02  2.930E+02
  0.000E+00  2.209E-02  1.019E+05  2.088E-07  6.500E-02  2.990E+02  2.930E+02
  0.000E+00  2.841E-02  1.019E+05  1.923E-07  6.500E-02  3.024E+02  2.930E+02
  0.000E+00  3.472E-02  1.019E+05  3.069E-07  6.500E-02  3.073E+02  2.930E+02
  0.000E+00  4.103E-02  1.019E+05  2.151E-08  6.500E-02  3.140E+02  2.930E+02
  0.000E+00  4.734E-02  1.019E+05  6.548E-07  6.500E-02  3.230E+02  2.930E+02
  0.000E+00  5.366E-02  1.019E+05  8.840E-07  6.500E-02  3.345E+02  2.930E+02
  0.000E+00  5.997E-02  1.018E+05  8.994E-07  6.501E-02  3.486E+02  2.930E+02
  0.000E+00  6.628E-02  1.018E+05  7.220E-07  6.500E-02  3.644E+02  2.930E+02
  0.000E+00  7.259E-02  1.018E+05  6.940E-07  6.500E-02  3.807E+02  2.930E+02
  0.000E+00  7.891E-02  1.018E+05  2.427E-07  6.500E-02  3.953E+02  2.930E+02
  0.000E+00  8.522E-02  1.018E+05  3.820E-07  6.500E-02  4.054E+02  2.930E+02
  0.000E+00  9.153E-02  1.018E+05  3.331E-07  6.500E-02  4.091E+02  2.930E+02
  0.000E+00  9.784E-02  1.018E+05  3.525E-07  6.500E-02  4.054E+02  2.930E+02
  0.000E+00  1.042E-01  1.018E+05  4.249E-07  6.500E-02  3.953E+02  2.930E+02
  0.000E+00  1.105E-01  1.018E+05  5.145E-07  6.500E-02  3.807E+02  2.930E+02
  0.000E+00  1.168E-01  1.018E+05  9.769E-07  6.500E-02  3.644E+02  2.930E+02
  0.000E+00  1.231E-01  1.018E+05  1.468E-06  6.500E-02  3.486E+02  2.930E+02
  0.000E+00  1.294E-01  1.018E+05  1.291E-06  6.501E-02  3.345E+02  2.930E+02
  0.000E+00  1.357E-01  1.018E+05  9.021E-07  6.500E-02  3.230E+02  2.930E+02
  0.000E+00  1.420E-01  1.017E+05  8.008E-07  6.500E-02  3.140E+02  2.930E+02
  0.000E+00  1.483E-01  1.017E+05  4.794E-07  6.500E-02  3.073E+02  2.930E+02
  0.000E+00  1.547E-01  1.017E+05  3.793E-07  6.500E-02  3.025E+02  2.930E+02
  0.000E+00  1.610E-01  1.017E+05  3.106E-07  6.500E-02  2.992E+02  2.930E+02
  0.000E+00  1.673E-01  1.017E+05  2.470E-07  6.500E-02  2.969E+02  2.930E+02
  0.000E+00  1.736E-01  1.017E+05  2.535E-07  6.501E-02  2.954E+02  2.930E+02
  0.000E+00  1.799E-01  1.017E+05  6.024E-08  6.500E-02  2.945E+02  2.930E+02
  0.000E+00  1.862E-01  1.017E+05  2.408E-07  6.500E-02  2.939E+02  2.930E+02
  0.000E+00  1.925E-01  1.017E+05  2.143E-07  6.500E-02  2.935E+02  2.930E+02
  0.000E+00  1.988E-01  1.017E+05  2.090E-07  6.500E-02  2.933E+02  2.930E+02
  0.000E+00  2.052E-01  1.017E+05  2.136E-07  6.500E-02  2.932E+02  2.930E+02
  0.000E+00  2.115E-01  1.017E+05  2.207E-07  6.500E-02  2.931E+02  2.930E+02
  0.000E+00  2.178E-01  1.017E+05  3.929E-07  6.501E-02  2.930E+02  2.930E+02
  0.000E+00  2.241E-01  1.017E+05  4.058E-07  6.500E-02  2.930E+02  2.930E+02
  0.000E+00  2.304E-01  1.016E+05  3.673E-07  6.500E-02  2.930E+02  2.930E+02
  0.000E+00  2.367E-01  1.016E+05  1.685E-07  6.500E-02  2.930E+02  2.930E+02
  0.000E+00  2.430E-01  1.016E+05  1.333E-07  6.500E-02  2.930E+02  2.930E+02
  0.000E+00  2.493E-01  1.016E+05  9.788E-08  6.500E-02  2.930E+02  2.930E+02
  0.000E+00  2.557E-01  1.016E+05  7.908E-08  6.500E-02  2.930E+02  2.930E+02
  0.000E+00  2.620E-01  1.016E+05  6.473E-08  6.500E-02  2.930E+02  2.930E+02
  0.000E+00  2.683E-01  1.016E+05  5.349E-08  6.500E-02  2.930E+02  2.930E+02
  0.000E+00  2.746E-01  1.016E+05  4.413E-08  6.500E-02  2.930E+02  2.930E+02
  0.000E+00  2.809E-01  1.016E+05  3.584E-08  6.500E-02  2.930E+02  2.930E+02
  0.000E+00  2.872E-01  1.016E+05  2.932E-08  6.500E-02  2.930E+02  2.930E+02
  0.000E+00  2.935E-01  1.016E+05  2.340E-08  6.500E-02  2.930E+02  2.930E+02
  0.000E+00  2.998E-01  1.016E+05  1.849E-08  6.500E-02  2.930E+02  2.930E+02
  0.000E+00  3.062E-01  1.016E+05  1.412E-08  6.500E-02  2.930E+02  2.930E+02
  0.000E+00  3.125E-01  1.015E+05  1.058E-08  6.500E-02  2.930E+02  2.930E+02
  0.000E+00  3.188E-01  1.015E+05  7.508E-09  6.500E-02  2.930E+02  2.930E+02
  0.000E+00  3.251E-01  1.015E+05  5.150E-09  6.501E-02  2.930E+02  2.930E+02
  0.000E+00  3.314E-01  1.015E+05  3.239E-09  6.500E-02  2.930E+02  2.930E+02
  0.000E+00  3.377E-01  1.015E+05  1.707E-09  6.500E-02  2.930E+02  2.930E+02
  0.000E+00  3.440E-01  1.015E+05  4.811E-10  6.500E-02  2.930E+02  2.930E+02
  0.000E+00  3.503E-01  1.015E+05 -4.879E-10  6.500E-02  2.930E+02  2.930E+02
  0.000E+00  3.567E-01  1.015E+05 -1.236E-09  6.500E-02  2.930E+02  2.930E+02
  0.000E+00  3.630E-01  1.015E+05 -1.746E-09  6.500E-02  2.930E+02  2.930E+02
  0.000E+00  3.693E-01  1.015E+05 -2.108E-09  6.500E-02  2.930E+02  2.930E+02
  0.000E+00  3.756E-01  1.015E+05 -2.320E-09  6.500E-02  2.930E+02  2.930E+02
  0.000E+00  3.819E-01  1.015E+05 -2.376E-09  6.500E-02  2.930E+02  2.930E+02
  0.000E+00  3.882E-01  1.015E+05 -2.356E-09  6.500E-02  2.930E+02  2.930E+02
  0.000E+00  3.945E-01  1.015E+05 -2.264E-09  6.500E-02  2.930E+02  2.930E+02
  0.000E+00  4.008E-01  1.014E+05 -2.119E-09  6.500E-02  2.930E+02  2.930E+02
  0.000E+00  4.072E-01  1.014E+05 -1.929E-09  6.500E-02  2.930E+02  2.930E+02
  0.000E+00  4.135E-01  1.014E+05 -1.690E-09  6.500E-02  2.930E+02  2.930E+02
  0.000E+00  4.198E-01  1.014E+05 -1.377E-09  6.500E-02  2.930E+02  2.930E+02
  0.000E+00  4.261E-01  1.014E+05 -9.369E-10  6.500E-02  2.930E+02  2.930E+02
  0.000E+00  4.324E-01  1.014E+05 -2.668E-10  6.500E-02  2.930E+02  2.930E+02
  0.000E+00  4.387E-01  1.014E+05  8.183E-10  6.500E-02  2.930E+02  2.930E+02
  0.000E+00  4.450E-01  1.014E+05  2.728E-09  6.501E-02  2.930E+02  2.930E+02
  0.000E+00  4.513E-01  1.014E+05  6.112E-09  6.500E-02  2.930E+02  2.930E+02
  0.000E+00  4.577E-01  1.014E+05  1.250E-08  6.500E-02  2.930E+02  2.930E+02
  0.000E+00  4.640E-01  1.014E+05  2.260E-08  6.500E-02  2.930E+02  2.930E+02
  0.000E+00  4.703E-01  1.014E+05  5.145E-08  6.500E-02  2.930E+02  2.930E+02
  0.000E+00  4.766E-01  1.014E+05  3.689E-08  6.500E-02  2.930E+02  2.930E+02
  0.000E+00  4.829E-01  1.014E+05  4.481E-07  6.500E-02  2.930E+02  2.930E+02
  0.000E+00  4.892E-01  1.013E+05 -1.671E-06  6.501E-02  2.930E+02  2.930E+02
  0.000E+00  4.955E-01  1.013E+05 -2.319E-05  6.500E-02  2.930E+02  2.930E+02
  0.000E+00  5.018E-01  1.013E+05 -2.936E-07  6.499E-02  2.930E+02  2.930E+02
  0.000E+00  5.050E-01  1.013E+05 -2.936E-07  6.499E-02  2.930E+02  2.930E+02
  6.203E-03  0.000E+00  1.019E+05  0.000E+00  6.500E-02  2.930E+02  2.930E+02
  6.203E-03  3.156E-03  1.019E+05  1.750E-07  6.501E-02  2.936E+02  2.930E+02
  6.203E-03  9.469E-03  1.019E+05  1.757E-07  6.500E-02  2.949E+02  2.930E+02
  6.203E-03  1.578E-02  1.019E+05  1.774E-07  6.500E-02  2.966E+02  2.930E+02
  6.203E-03  2.209E-02  1.019E+05  2.088E-07  6.500E-02  2.990E+02  2.930E+02
  6.203E-03  2.841E-02  1.019E+05  1.923E-07  6.500E-02  3.024E+02  2.930E+02
  6.203E-03  3.472E-02  1.019E+05  3.069E-07  6.500E-02  3.073E+02  2.930E+02
  6.203E-03  4.103E-02  1.019E+05  2.151E-08  6.500E-02  3.140E+02  2.930E+02
  6.203E-03  4.734E-02  1.019E+05  6.548E-07  6.500E-02  3.230E+02  2.930E+02
  6.203E-03  5.366E-02  1.019E+05  8.840E-07  6.500E-02  3.345E+02  2.930E+02
  6.203E-03  5.997E-02  1.018E+05  8.994E-07  6.501E-02  3.486E+02  2.930E+02
  6.203E-03  6.628E-02  1.018E+05  7.220E-07  6.500E-02  3.644E+02  2.930E+02
  6.203E-03  7.259E-02  1.018E+05  6.940E-07  6.500E-02  3.807E+02  2.930E+02
  6.203E-03  7.891E-02  1.018E+05  2.427E-07  6.500E-02  3.953E+02  2.930E+02
  6.203E-03  8.522E-02  1.018E+05  3.820E-07  6.500E-02  4.054E+02  2.930E+02
  6.203E-03  9.153E-02  1.018E+05  3.331E-07  6.500E-02  4.091E+02  2.930E+02
  6.203E-03  9.784E-02  1.018E+05  3.525E-07  6.500E-02  4.054E+02  2.930E+02
  6.203E-03  1.042E-01  1.018E+05  4.249E-07  6.500E-02  3.953E+02  2.930E+02
  6.203E-03  1.105E-01  1.018E+05  5.145E-07  6.500E-02  3.807E+02  2.930E+02
  6.203E-03  1.168E-01  1.018E+05  9.769E-07  6.500E-02  3.644E+02  2.930E+02
  6.203E-03  1.231E-01  1.018E+05  1.468E-06  6.500E-02  3.486E+02  2.930E+02
  6.203E-03  1.294E-01  1.018E+05  1.291E-06  6.501E-02  3.345E+02  2.930E+02
  6.203E-03  1.357E-01  1.018E+05  9.021E-07  6.500E-02  3.230E+02  2.930E+02
  6.203E-03  1.420E-01  1.017E+05  8.008E-07  6.500E-02  3.140E+02  2.930E+02
  6.203E-03  1.483E-01  1.017E+05  4.794E-07  6.500E-02  3.073E+02  2.930E+02
  6.203E-03  1.547E-01  1.017E+05  3.793E-07  6.500E-02  3.025E+02  2.930E+02
  6.203E-03  1.610E-01  1.017E+05  3.106E-07  6.500E-02  2.992E+02  2.930E+02
  6.203E-03  1.673E-01  1.017E+05  2.470E-07  6.500E-02  2.969E+02  2.930E+02
  6.203E-03  1.736E-01  1.017E+05  2.535E-07  6.501E-02  2.954E+02  2.930E+02
  6.203E-03  1.799E-01  1.017E+05  6.024E-08  6.500E-02  2.945E+02  2.930E+02
  6.203E-03  1.862E-01  1.017E+05  2.408E-07  6.500E-02  2.939E+02  2.930E+02
  6.203E-03  1.925E-01  1.017E+05  2.143E-07  6.500E-02  2.935E+02  2.930E+02
  6.203E-03  1.988E-01  1.017E+05  2.090E-07  6.500E-02  2.933E+02  2.930E+02
  6.203E-03  2.052E-01  1.017E+05  2.136E-07  6.500E-02  2.932E+02  2.930E+02
  6.203E-03  2.115E-01  1.017E+05  2.207E-07  6.500E-02  2.931E+02  2.930E+02
  6.203E-03  2.178E-01  1.017E+05  3.929E-07  6.501E-02  2.930E+02  2.930E+02
  6.203E-03  2.241E-01  1.017E+05  4.058E-07  6.500E-02  2.930E+02  2.930E+02
  6.203E-03  2.304E-01  1.016E+05  3.673E-07  6.500E-02  2.930E+02  2.930E+02
  6.203E-03  2.367E-01  1.016E+05  1.685E-07  6.500E-02  2.930E+02  2.930E+02
  6.203E-03  2.430E-01  1.016E+05  1.333E-07  6.500E-02  2.930E+02  2.930E+02
  6.203E-03  2.493E-01  1.016E+05  9.788E-08  6.500E-02  2.930E+02  2.930E+02
  6.203E-03  2.557E-01  1.016E+05  7.908E-08  6.500E-02  2.930E+02  2.930E+02
  6.203E-03  2.620E-01  1.016E+05  6.473E-08  6.500E-02  2.930E+02  2.930E+02
  6.203E-03  2.683E-01  1.016E+05  5.349E-08  6.500E-02  2.930E+02  2.930E+02
  6.203E-03  2.746E-01  1.016E+05  4.413E-08  6.500E-02  2.930E+02  2.930E+02
  6.203E-03  2.809E-01  1.016E+05  3.584E-08  6.500E-02  2.930E+02  2.930E+02
  6.203E-03  2.872E-01  1.016E+05  2.932E-08  6.500E-02  2.930E+02  2.930E+02
  6.203E-03  2.935E-01  1.016E+05  2.340E-08  6.500E-02  2.930E+02  2.930E+02
  6.203E-03  2.998E-01  1.016E+05  1.849E-08  6.500E-02  2.930E+02  2.930E+02
  6.203E-03  3.062E-01  1.016E+05  1.412E-08  6.500E-02  2.930E+02  2.930E+02
  6.203E-03  3.125E-01  1.015E+05  1.058E-08  6.500E-02  2.930E+02  2.930E+02
  6.203E-03  3.188E-01  1.015E+05  7.508E-09  6.500E-02  2.930E+02  2.930E+02
  6.203E-03  3.251E-01  1.015E+05  5.150E-09  6.501E-02  2.930E+02  2.930E+02
  6.203E-03  3.314E-01  1.015E+05  3.239E-09  6.500E-02  2.930E+02  2.930E+02
  6.203E-03  3.377E-01  1.015E+05  1.707E-09  6.500E-02  2.930E+02  2.930E+02
  6.203E-03  3.440E-01  1.015E+05  4.811E-10  6.500E-02  2.930E+02  2.930E+02
  6.203E-03  3.503E-01  1.015E+05 -4.879E-10  6.500E-02  2.930E+02  2.930E+02
  6.203E-03  3.567E-01  1.015E+05 -1.236E-09  6.500E-02  2.930E+02  2.930E+02
  6.203E-03  3.630E-01  1.015E+05 -1.746E-09  6.500E-02  2.930E+02  2.930E+02
  6.203E-03  3.693E-01  1.015E+05 -2.108E-09  6.500E-02  2.930E+02  2.930E+02
  6.203E-03  3.756E-01  1.015E+05 -2.320E-09  6.500E-02  2.930E+02  2.930E+02
  6.203E-03  3.819E-01  1.015E+05 -2.376E-09  6.500E-02  2.930E+02  2.930E+02
  6.203E-03  3.882E-01  1.015E+05 -2.356E-09  6.500E-02  2.930E+02  2.930E+02
  6.203E-03  3.945E-01  1.015E+05 -2.264E-09  6.500E-02  2.930E+02  2.930E+02
  6.203E-03  4.008E-01  1.014E+05 -2.119E-09  6.500E-02  2.930E+02  2.930E+02
  6.203E-03  4.072E-01  1.014E+05 -1.929E-09  6.500E-02  2.930E+02  2.930E+02
  6.203E-03  4.135E-01  1.014E+05 -1.690E-09  6.500E-02  2.930E+02  2.930E+02
  6.203E-03  4.198E-01  1.014E+05 -1.377E-09  6.500E-02  2.930E+02  2.930E+02
  6.203E-03  4.261E-01  1.014E+05 -9.369E-10  6.500E-02  2.930E+02  2.930E+02
  6.203E-03  4.324E-01  1.014E+05 -2.668E-10  6.500E-02  2.930E+02  2.930E+02
  6.203E-03  4.387E-01  1.014E+05  8.183E-10  6.500E-02  2.930E+02  2.930E+02
  6.203E-03  4.450E-01  1.014E+05  2.728E-09  6.501E-02  2.930E+02  2.930E+02
  6.203E-03  4.513E-01  1.014E+05  6.112E-09  6.500E-02  2.930E+02  2.930E+02
  6.203E-03  4.577E-01  1.014E+05  1.250E-08  6.500E-02  2.930E+02  2.930E+02
  6.203E-03  4.640E-01  1.014E+05  2.260E-08  6.500E-02  2.930E+02  2.930E+02
  6.203E-03  4.703E-01  1.014E+05  5.145E-08  6.500E-02  2.930E+02  2.930E+02
  6.203E-03  4.766E-01  1.014E+05  3.689E-08  6.500E-02  2.930E+02  2.930E+02
  6.203E-03  4.829E-01  1.014E+05  4.481E-07  6.500E-02  2.930E+02  2.930E+02
  6.203E-03  4.892E-01  1.013E+05 -1.671E-06  6.501E-02  2.930E+02  2.930E+02
  6.203E-03  4.955E-01  1.013E+05 -2.319E-05  6.500E-02  2.930E+02  2.930E+02
  6.203E-03  5.018E-01  1.013E+05 -2.936E-07  6.499E-02  2.930E+02  2.930E+02
  6.203E-03  5.050E-01  1.013E+05  0.000E+00  6.499E-02  2.930E+02  2.930E+02
  1.861E-02  0.000E+00  1.019E+05  0.000E+00  6.500E-02  2.930E+02  2.930E+02
  1.861E-02  3.156E-03  1.019E+05  3.380E-07  6.501E-02  2.936E+02  2.930E+02
  1.861E-02  9.469E-03  1.019E+05  3.706E-07  6.500E-02  2.949E+02  2.930E+02
  1.861E-02  1.578E-02  1.019E+05  3.475E-07  6.500E-02  2.966E+02  2.930E+02
  1.861E-02  2.209E-02  1.019E+05  4.845E-07  6.500E-02  2.990E+02  2.930E+02
  1.861E-02  2.841E-02  1.019E+05  1.435E-07  6.500E-02  3.024E+02  2.930E+02
  1.861E-02  3.472E-02  1.019E+05  9.975E-07  6.500E-02  3.073E+02  2.930E+02
  1.861E-02  4.103E-02  1.019E+05  5.871E-07  6.500E-02  3.140E+02  2.930E+02
  1.861E-02  4.734E-02  1.019E+05  2.711E-06  6.500E-02  3.230E+02  2.930E+02
  1.861E-02  5.366E-02  1.019E+05  5.677E-06  6.500E-02  3.345E+02  2.930E+02
  1.861E-02  5.997E-02  1.018E+05  2.706E-06  6.501E-02  3.486E+02  2.930E+02
  1.861E-02  6.628E-02  1.018E+05  6.491E-07  6.500E-02  3.644E+02  2.930E+02
  1.861E-02  7.259E-02  1.018E+05  1.041E-06  6.500E-02  3.807E+02  2.930E+02
  1.861E-02  7.891E-02  1.018E+05  5.771E-07  6.500E-02  3.953E+02  2.930E+02
  1.861E-02  8.522E-02  1.018E+05  7.368E-07  6.500E-02  4.054E+02  2.930E+02
  1.861E-02  9.153E-02  1.018E+05  6.760E-07  6.500E-02  4.091E+02  2.930E+02
  1.861E-02  9.784E-02  1.018E+05  6.346E-07  6.500E-02  4.054E+02  2.930E+02
  1.861E-02  1.042E-01  1.018E+05  7.557E-07  6.500E-02  3.953E+02  2.930E+02
  1.861E-02  1.105E-01  1.018E+05  2.818E-08  6.500E-02  3.807E+02  2.930E+02
  1.861E-02  1.168E-01  1.018E+05  2.748E-06  6.500E-02  3.644E+02  2.930E+02
  1.861E-02  1.231E-01  1.018E+05  6.546E-06  6.500E-02  3.486E+02  2.930E+02
  1.861E-02  1.294E-01  1.018E+05  3.245E-06  6.501E-02  3.345E+02  2.930E+02
  1.861E-02  1.357E-01  1.018E+05  9.771E-07  6.500E-02  3.230E+02  2.930E+02
  1.861E-02  1.420E-01  1.017E+05  1.228E-06  6.500E-02  3.140E+02  2.930E+02
  1.861E-02  1.483E-01  1.017E+05  8.604E-07  6.500E-02  3.073E+02  2.930E+02
  1.861E-02  1.547E-01  1.017E+05  7.385E-07  6.500E-02  3.025E+02  2.930E+02
  1.861E-02  1.610E-01  1.017E+05  6.680E-07  6.500E-02  2.992E+02  2.930E+02
  1.861E-02  1.673E-01  1.017E+05  3.756E-07  6.500E-02  2.969E+02  2.930E+02
  1.861E-02  1.736E-01  1.017E+05  5.893E-07  6.501E-02  2.954E+02  2.930E+02
  1.861E-02  1.799E-01  1.017E+05  4.168E-07  6.500E-02  2.945E+02  2.930E+02
  1.861E-02  1.862E-01  1.017E+05  6.637E-07  6.500E-02  2.939E+02  2.930E+02
  1.861E-02  1.925E-01  1.017E+05  5.659E-07  6.500E-02  2.935E+02  2.930E+02
  1.861E-02  1.988E-01  1.017E+05  4.979E-07  6.500E-02  2.933E+02  2.930E+02
  1.861E-02  2.052E-01  1.017E+05  5.065E-07  6.500E-02  2.932E+02  2.930E+02
  1.861E-02  2.115E-01  1.017E+05  5.323E-07  6.500E-02  2.931E+02  2.930E+02
  1.861E-02  2.178E-01  1.017E+05  7.493E-07  6.501E-02  2.930E+02  2.930E+02
  1.861E-02  2.241E-01  1.017E+05  7.812E-07  6.500E-02  2.930E+02  2.930E+02
  1.861E-02  2.304E-01  1.016E+05  6.931E-07  6.500E-02  2.930E+02  2.930E+02
  1.861E-02  2.367E-01  1.016E+05  4.190E-07  6.500E-02  2.930E+02  2.930E+02
  1.861E-02  2.430E-01  1.016E+05  3.322E-07  6.500E-02  2.930E+02  2.930E+02
  1.861E-02  2.493E-01  1.016E+05  2.557E-07  6.500E-02  2.930E+02  2.930E+02
  1.861E-02  2.557E-01  1.016E+05  2.069E-07  6.500E-02  2.930E+02  2.930E+02
  1.861E-02  2.620E-01  1.016E+05  1.693E-07  6.500E-02  2.930E+02  2.930E+02
  1.861E-02  2.683E-01  1.016E+05  1.385E-07  6.500E-02  2.930E+02  2.930E+02
  1.861E-02  2.746E-01  1.016E+05  1.129E-07  6.500E-02  2.930E+02  2.930E+02
  1.861E-02  2.809E-01  1.016E+05  8.817E-08  6.500E-02  2.930E+02  2.930E+02
  1.861E-02  2.872E-01  1.016E+05  7.398E-08  6.500E-02  2.930E+02  2.930E+02
  1.861E-02  2.935E-01  1.016E+05  5.881E-08  6.500E-02  2.930E+02  2.930E+02
  1.861E-02  2.998E-01  1.016E+05  4.690E-08  6.500E-02  2.930E+02  2.930E+02
  1.861E-02  3.062E-01  1.016E+05  3.547E-08  6.500E-02  2.930E+02  2.930E+02
  1.861E-02  3.125E-01  1.015E+05  2.661E-08  6.500E-02  2.930E+02  2.930E+02
  1.861E-02  3.188E-01  1.015E+05  1.864E-08  6.500E-02  2.930E+02  2.930E+02
  1.861E-02  3.251E-01  1.015E+05  1.300E-08  6.501E-02  2.930E+02  2.930E+02
  1.861E-02  3.314E-01  1.015E+05  7.785E-09  6.500E-02  2.930E+02  2.930E+02
  1.861E-02  3.377E-01  1.015E+05  3.573E-09  6.500E-02  2.930E+02  2.930E+02
  1.861E-02  3.440E-01  1.015E+05  3.795E-10  6.500E-02  2.930E+02  2.930E+02
  1.861E-02  3.503E-01  1.015E+05 -2.099E-09  6.500E-02  2.930E+02  2.930E+02
  1.861E-02  3.567E-01  1.015E+05 -4.006E-09  6.500E-02  2.930E+02  2.930E+02
  1.861E-02  3.630E-01  1.015E+05 -5.313E-09  6.500E-02  2.930E+02  2.930E+02
  1.861E-02  3.693E-01  1.015E+05 -6.137E-09  6.500E-02  2.930E+02  2.930E+02
  1.861E-02  3.756E-01  1.015E+05 -6.567E-09  6.500E-02  2.930E+02  2.930E+02
  1.861E-02  3.819E-01  1.015E+05 -6.696E-09  6.500E-02  2.930E+02  2.930E+02
  1.861E-02  3.882E-01  1.015E+05 -6.613E-09  6.500E-02  2.930E+02  2.930E+02
  1.861E-02  3.945E-01  1.015E+05 -6.339E-09  6.500E-02  2.930E+02  2.930E+02
  1.861E-02  4.008E-01  1.014E+05 -5.962E-09  6.500E-02  2.930E+02  2.930E+02
  1.861E-02  4.072E-01  1.014E+05 -5.517E-09  6.500E-02  2.930E+02  2.930E+02
  1.861E-02  4.135E-01  1.014E+05 -5.017E-09  6.500E-02  2.930E+02  2.930E+02
  1.861E-02  4.198E-01  1.014E+05 -4.476E-09  6.500E-02  2.930E+02  2.930E+02
  1.861E-02  4.261E-01  1.014E+05 -3.843E-09  6.500E-02  2.930E+02  2.930E+02
  1.861E-02  4.324E-01  1.014E+05 -3.132E-09  6.500E-02  2.930E+02  2.930E+02
  1.861E-02  4.387E-01  1.014E+05 -2.322E-09  6.500E-02  2.930E+02  2.930E+02
  1.861E-02  4.450E-01  1.014E+05 -1.278E-09  6.501E-02  2.930E+02  2.930E+02
  1.861E-02  4.513E-01  1.014E+05  4.702E-11  6.500E-02  2.930E+02  2.930E+02
  1.861E-02  4.577E-01  1.014E+05  1.917E-09  6.500E-02  2.930E+02  2.930E+02
  1.861E-02  4.640E-01  1.014E+05  2.259E-09  6.500E-02  2.930E+02  2.930E+02
  1.861E-02  4.703E-01  1.014E+05  1.163E-08  6.500E-02  2.930E+02  2.930E+02
  1.861E-02  4.766E-01  1.014E+05 -4.829E-08  6.500E-02  2.930E+02  2.930E+02
  1.861E-02  4.829E-01  1.014E+05  2.931E-07  6.500E-02  2.930E+02  2.930E+02
  1.861E-02  4.892E-01  1.013E+05 -2.064E-06  6.500E-02  2.930E+02  2.930E+02
  1.861E-02  4.955E-01  1.013E+05 -6.364E-06  6.500E-02  2.930E+02  2.930E+02
  1.861E-02  5.018E-01  1.013E+05 -4.767E-07  6.500E-02  2.930E+02  2.930E+02
  1.861E-02  5.050E-01  1.013E+05  0.000E+00  6.500E-02  2.930E+02  2.930E+02
  3.102E-02  0.000E+00  1.019E+05  0.000E+00  6.500E-02  2.930E+02  2.930E+02
  3.102E-02  3.156E-03  1.019E+05  3.315E-07  6.501E-02  2.936E+02  2.930E+02
  3.102E-02  9.469E-03  1.019E+05  4.990E-07  6.500E-02  2.949E+02  2.930E+02
  3.102E-02  1.578E-02  1.019E+05  3.474E-07  6.500E-02  2.966E+02  2.930E+02
  3.102E-02  2.209E-02  1.019E+05  1.007E-06  6.500E-02  2.990E+02  2.930E+02
  3.102E-02  2.841E-02  1.019E+05  5.645E-07  6.500E-02  3.024E+02  2.930E+02
  3.102E-02  3.472E-02  1.019E+05  2.822E-06  6.500E-02  3.073E+02  2.930E+02
  3.102E-02  4.103E-02  1.019E+05  5.464E-06  6.500E-02  3.140E+02  2.930E+02
  3.102E-02  4.734E-02  1.019E+05  4.105E-06  6.501E-02  3.230E+02  2.930E+02
  3.102E-02  5.366E-02  1.019E+05  5.107E-06  6.500E-02  3.345E+02  2.930E+02
  3.102E-02  5.997E-02  1.018E+05  2.388E-06  6.500E-02  3.486E+02  2.930E+02
  3.102E-02  6.628E-02  1.018E+05  3.201E-07  6.500E-02  3.644E+02  2.930E+02
  3.102E-02  7.259E-02  1.018E+05  7.571E-07  6.500E-02  3.807E+02  2.930E+02
  3.102E-02  7.891E-02  1.018E+05  7.301E-07  6.500E-02  3.953E+02  2.930E+02
  3.102E-02  8.522E-02  1.018E+05  7.715E-07  6.500E-02  4.054E+02  2.930E+02
  3.102E-02  9.153E-02  1.018E+05  8.208E-07  6.500E-02  4.091E+02  2.930E+02
  3.102E-02  9.784E-02  1.018E+05  8.264E-07  6.500E-02  4.054E+02  2.930E+02
  3.102E-02  1.042E-01  1.018E+05  1.304E-06  6.500E-02  3.953E+02  2.930E+02
  3.102E-02  1.105E-01  1.018E+05  9.138E-07  6.500E-02  3.807E+02  2.930E+02
  3.102E-02  1.168E-01  1.018E+05  3.017E-06  6.501E-02  3.644E+02  2.930E+02
  3.102E-02  1.231E-01  1.018E+05  5.981E-06  6.500E-02  3.486E+02  2.930E+02
  3.102E-02  1.294E-01  1.018E+05  2.784E-06  6.500E-02  3.345E+02  2.930E+02
  3.102E-02  1.357E-01  1.018E+05  6.330E-07  6.500E-02  3.230E+02  2.930E+02
  3.102E-02  1.420E-01  1.017E+05  9.427E-07  6.500E-02  3.140E+02  2.930E+02
  3.102E-02  1.483E-01  1.017E+05  8.860E-07  6.500E-02  3.073E+02  2.930E+02
  3.102E-02  1.547E-01  1.017E+05  8.767E-07  6.500E-02  3.025E+02  2.930E+02
  3.102E-02  1.610E-01  1.017E+05  1.108E-06  6.500E-02  2.992E+02  2.930E+02
  3.102E-02  1.673E-01  1.017E+05  9.001E-07  6.500E-02  2.969E+02  2.930E+02
  3.102E-02  1.736E-01  1.017E+05  1.068E-06  6.501E-02  2.954E+02  2.930E+02
  3.102E-02  1.799E-01  1.017E+05  8.496E-07  6.500E-02  2.945E+02  2.930E+02
  3.102E-02  1.862E-01  1.017E+05  8.750E-07  6.500E-02  2.939E+02  2.930E+02
  3.102E-02  1.925E-01  1.017E+05  7.359E-07  6.500E-02  2.935E+02  2.930E+02
  3.102E-02  1.988E-01  1.017E+05  6.252E-07  6.500E-02  2.933E+02  2.930E+02
  3.102E-02  2.052E-01  1.017E+05  6.074E-07  6.500E-02  2.932E+02  2.930E+02
  3.102E-02  2.115E-01  1.017E+05  6.031E-07  6.500E-02  2.931E+02  2.930E+02
  3.102E-02  2.178E-01  1.017E+05  6.494E-07  6.501E-02  2.930E+02  2.930E+02
  3.102E-02  2.241E-01  1.017E+05  6.415E-07  6.500E-02  2.930E+02  2.930E+02
  3.102E-02  2.304E-01  1.016E+05  5.821E-07  6.500E-02  2.930E+02  2.930E+02
  3.102E-02  2.367E-01  1.016E+05  4.775E-07  6.500E-02  2.930E+02  2.930E+02
  3.102E-02  2.430E-01  1.016E+05  4.001E-07  6.500E-02  2.930E+02  2.930E+02
  3.102E-02  2.493E-01  1.016E+05  3.336E-07  6.500E-02  2.930E+02  2.930E+02
  3.102E-02  2.557E-01  1.016E+05  2.797E-07  6.500E-02  2.930E+02  2.930E+02
  3.102E-02  2.620E-01  1.016E+05  2.359E-07  6.500E-02  2.930E+02  2.930E+02
  3.102E-02  2.683E-01  1.016E+05  1.966E-07  6.500E-02  2.930E+02  2.930E+02
  3.102E-02  2.746E-01  1.016E+05  1.650E-07  6.500E-02  2.930E+02  2.930E+02
  3.102E-02  2.809E-01  1.016E+05  1.229E-07  6.500E-02  2.930E+02  2.930E+02
  3.102E-02  2.872E-01  1.016E+05  1.077E-07  6.500E-02  2.930E+02  2.930E+02
  3.102E-02  2.935E-01  1.016E+05  7.793E-08  6.500E-02  2.930E+02  2.930E+02
  3.102E-02  2.998E-01  1.016E+05  6.270E-08  6.500E-02  2.930E+02  2.930E+02
  3.102E-02  3.062E-01  1.016E+05  4.116E-08  6.500E-02  2.930E+02  2.930E+02
  3.102E-02  3.125E-01  1.015E+05  3.155E-08  6.500E-02  2.930E+02  2.930E+02
  3.102E-02  3.188E-01  1.015E+05  1.703E-08  6.500E-02  2.930E+02  2.930E+02
  3.102E-02  3.251E-01  1.015E+05  1.296E-08  6.501E-02  2.930E+02  2.930E+02
  3.102E-02  3.314E-01  1.015E+05  6.249E-09  6.500E-02  2.930E+02  2.930E+02
  3.102E-02  3.377E-01  1.015E+05  1.038E-09  6.500E-02  2.930E+02  2.930E+02
  3.102E-02  3.440E-01  1.015E+05 -3.329E-09  6.500E-02  2.930E+02  2.930E+02
  3.102E-02  3.503E-01  1.015E+05 -6.678E-09  6.500E-02  2.930E+02  2.930E+02
  3.102E-02  3.567E-01  1.015E+05 -9.120E-09  6.500E-02  2.930E+02  2.930E+02
  3.102E-02  3.630E-01  1.015E+05 -1.072E-08  6.500E-02  2.930E+02  2.930E+02
  3.102E-02  3.693E-01  1.015E+05 -1.154E-08  6.500E-02  2.930E+02  2.930E+02
  3.102E-02  3.756E-01  1.015E+05 -1.179E-08  6.500E-02  2.930E+02  2.930E+02
  3.102E-02  3.819E-01  1.015E+05 -1.162E-08  6.500E-02  2.930E+02  2.930E+02
  3.102E-02  3.882E-01  1.015E+05 -1.112E-08  6.500E-02  2.930E+02  2.930E+02
  3.102E-02  3.945E-01  1.015E+05 -1.045E-08  6.500E-02  2.930E+02  2.930E+02
  3.102E-02  4.008E-01  1.014E+05 -9.677E-09  6.500E-02  2.930E+02  2.930E+02
  3.102E-02  4.072E-01  1.014E+05 -8.886E-09  6.500E-02  2.930E+02  2.930E+02
  3.102E-02  4.135E-01  1.014E+05 -8.137E-09  6.500E-02  2.930E+02  2.930E+02
  3.102E-02  4.198E-01  1.014E+05 -7.454E-09  6.500E-02  2.930E+02  2.930E+02
  3.102E-02  4.261E-01  1.014E+05 -6.891E-09  6.500E-02  2.930E+02  2.930E+02
  3.102E-02  4.324E-01  1.014E+05 -6.626E-09  6.500E-02  2.930E+02  2.930E+02
  3.102E-02  4.387E-01  1.014E+05 -6.823E-09  6.500E-02  2.930E+02  2.930E+02
  3.102E-02  4.450E-01  1.014E+05 -7.755E-09  6.501E-02  2.930E+02  2.930E+02
  3.102E-02  4.513E-01  1.014E+05 -1.010E-08  6.500E-02  2.930E+02  2.930E+02
  3.102E-02  4.577E-01  1.014E+05 -1.513E-08  6.500E-02  2.930E+02  2.930E+02
  3.102E-02  4.640E-01  1.014E+05 -2.557E-08  6.500E-02  2.930E+02  2.930E+02
  3.102E-02  4.703E-01  1.014E+05 -4.509E-08  6.500E-02  2.930E+02  2.930E+02
  3.102E-02  4.766E-01  1.014E+05 -9.031E-08  6.500E-02  2.930E+02  2.930E+02
  3.102E-02  4.829E-01  1.014E+05 -1.456E-07  6.500E-02  2.930E+02  2.930E+02
  3.102E-02  4.892E-01  1.013E+05 -3.920E-07  6.500E-02  2.930E+02  2.930E+02
  3.102E-02  4.955E-01  1.013E+05 -4.331E-07  6.500E-02  2.930E+02  2.930E+02
  3.102E-02  5.018E-01  1.013E+05 -2.355E-07  6.500E-02  2.930E+02  2.930E+02
  3.102E-02  5.050E-01  1.013E+05  0.000E+00  6.500E-02  2.930E+02  2.930E+02
  4.342E-02  0.000E+00  1.019E+05  0.000E+00  6.500E-02  2.930E+02  2.930E+02
  4.342E-02  3.156E-03  1.019E+05 -2.986E-07  6.501E-02  2.936E+02  2.930E+02
  4.342E-02  9.469E-03  1.019E+05  6.912E-07  6.500E-02  2.949E+02  2.930E+02
  4.342E-02  1.578E-02  1.019E+05  3.314E-07  6.500E-02  2.966E+02  2.930E+02
  4.342E-02  2.209E-02  1.019E+05  2.694E-06  6.500E-02  2.990E+02  2.930E+02
  4.342E-02  2.841E-02  1.019E+05  5.583E-06  6.500E-02  3.024E+02  2.930E+02
  4.342E-02  3.472E-02  1.019E+05  4.121E-06  6.501E-02  3.073E+02  2.930E+02
  4.342E-02  4.103E-02  1.019E+05  5.136E-06  6.500E-02  3.140E+02  2.930E+02
  4.342E-02  4.734E-02  1.019E+05  2.545E-06  6.500E-02  3.230E+02  2.930E+02
  4.342E-02  5.366E-02  1.019E+05  4.265E-07  6.500E-02  3.345E+02  2.930E+02
  4.342E-02  5.997E-02  1.018E+05  9.032E-07  6.500E-02  3.486E+02  2.930E+02
  4.342E-02  6.628E-02  1.018E+05  7.080E-07  6.500E-02  3.644E+02  2.930E+02
  4.342E-02  7.259E-02  1.018E+05  7.536E-07  6.500E-02  3.807E+02  2.930E+02
  4.342E-02  7.891E-02  1.018E+05  7.487E-07  6.500E-02  3.953E+02  2.930E+02
  4.342E-02  8.522E-02  1.018E+05  7.390E-07  6.500E-02  4.054E+02  2.930E+02
  4.342E-02  9.153E-02  1.018E+05  8.498E-07  6.500E-02  4.091E+02  2.930E+02
  4.342E-02  9.784E-02  1.018E+05  2.660E-07  6.500E-02  4.054E+02  2.930E+02
  4.342E-02  1.042E-01  1.018E+05  2.724E-06  6.500E-02  3.953E+02  2.930E+02
  4.342E-02  1.105E-01  1.018E+05  6.380E-06  6.500E-02  3.807E+02  2.930E+02
  4.342E-02  1.168E-01  1.018E+05  3.077E-06  6.501E-02  3.644E+02  2.930E+02
  4.342E-02  1.231E-01  1.018E+05  6.045E-07  6.500E-02  3.486E+02  2.930E+02
  4.342E-02  1.294E-01  1.018E+05  1.132E-06  6.500E-02  3.345E+02  2.930E+02
  4.342E-02  1.357E-01  1.018E+05  8.398E-07  6.500E-02  3.230E+02  2.930E+02
  4.342E-02  1.420E-01  1.017E+05  7.819E-07  6.500E-02  3.140E+02  2.930E+02
  4.342E-02  1.483E-01  1.017E+05  7.785E-07  6.500E-02  3.073E+02  2.930E+02
  4.342E-02  1.547E-01  1.017E+05  9.496E-08  6.500E-02  3.025E+02  2.930E+02
  4.342E-02  1.610E-01  1.017E+05  2.517E-06  6.500E-02  2.992E+02  2.930E+02
  4.342E-02  1.673E-01  1.017E+05  5.736E-06  6.500E-02  2.969E+02  2.930E+02
  4.342E-02  1.736E-01  1.017E+05  2.540E-06  6.501E-02  2.954E+02  2.930E+02
  4.342E-02  1.799E-01  1.017E+05  2.891E-07  6.500E-02  2.945E+02  2.930E+02
  4.342E-02  1.862E-01  1.017E+05  7.077E-07  6.500E-02  2.939E+02  2.930E+02
  4.342E-02  1.925E-01  1.017E+05  6.301E-07  6.500E-02  2.935E+02  2.930E+02
  4.342E-02  1.988E-01  1.017E+05  5.826E-07  6.500E-02  2.933E+02  2.930E+02
  4.342E-02  2.052E-01  1.017E+05  5.663E-07  6.500E-02  2.932E+02  2.930E+02
  4.342E-02  2.115E-01  1.017E+05  3.329E-07  6.500E-02  2.931E+02  2.930E+02
  4.342E-02  2.178E-01  1.017E+05  5.341E-07  6.501E-02  2.930E+02  2.930E+02
  4.342E-02  2.241E-01  1.017E+05  4.949E-07  6.500E-02  2.930E+02  2.930E+02
  4.342E-02  2.304E-01  1.016E+05  4.949E-07  6.500E-02  2.930E+02  2.930E+02
  4.342E-02  2.367E-01  1.016E+05  4.531E-07  6.500E-02  2.930E+02  2.930E+02
  4.342E-02  2.430E-01  1.016E+05  4.125E-07  6.500E-02  2.930E+02  2.930E+02
  4.342E-02  2.493E-01  1.016E+05  3.702E-07  6.500E-02  2.930E+02  2.930E+02
  4.342E-02  2.557E-01  1.016E+05  3.244E-07  6.500E-02  2.930E+02  2.930E+02
  4.342E-02  2.620E-01  1.016E+05  2.816E-07  6.500E-02  2.930E+02  2.930E+02
  4.342E-02  2.683E-01  1.016E+05  2.226E-07  6.500E-02  2.930E+02  2.930E+02
  4.342E-02  2.746E-01  1.016E+05  1.935E-07  6.500E-02  2.930E+02  2.930E+02
  4.342E-02  2.809E-01  1.016E+05 -4.385E-08  6.500E-02  2.930E+02  2.930E+02
  4.342E-02  2.872E-01  1.016E+05  1.304E-07  6.500E-02  2.930E+02  2.930E+02
  4.342E-02  2.935E-01  1.016E+05  8.381E-08  6.500E-02  2.930E+02  2.930E+02
  4.342E-02  2.998E-01  1.016E+05  9.371E-08  6.500E-02  2.930E+02  2.930E+02
  4.342E-02  3.062E-01  1.016E+05  5.787E-08  6.500E-02  2.930E+02  2.930E+02
  4.342E-02  3.125E-01  1.015E+05  5.669E-08  6.500E-02  2.930E+02  2.930E+02
  4.342E-02  3.188E-01  1.015E+05  2.495E-08  6.500E-02  2.930E+02  2.930E+02
  4.342E-02  3.251E-01  1.015E+05  2.363E-08  6.501E-02  2.930E+02  2.930E+02
  4.342E-02  3.314E-01  1.015E+05  8.643E-09  6.500E-02  2.930E+02  2.930E+02
  4.342E-02  3.377E-01  1.015E+05 -3.525E-10  6.500E-02  2.930E+02  2.930E+02
  4.342E-02  3.440E-01  1.015E+05 -8.111E-09  6.500E-02  2.930E+02  2.930E+02
  4.342E-02  3.503E-01  1.015E+05 -1.343E-08  6.500E-02  2.930E+02  2.930E+02
  4.342E-02  3.567E-01  1.015E+05 -1.675E-08  6.500E-02  2.930E+02  2.930E+02
  4.342E-02  3.630E-01  1.015E+05 -1.848E-08  6.500E-02  2.930E+02  2.930E+02
  4.342E-02  3.693E-01  1.015E+05 -1.900E-08  6.500E-02  2.930E+02  2.930E+02
  4.342E-02  3.756E-01  1.015E+05 -1.865E-08  6.500E-02  2.930E+02  2.930E+02
  4.342E-02  3.819E-01  1.015E+05 -1.777E-08  6.500E-02  2.930E+02  2.930E+02
  4.342E-02  3.882E-01  1.015E+05 -1.653E-08  6.500E-02  2.930E+02  2.930E+02
  4.342E-02  3.945E-01  1.015E+05 -1.517E-08  6.500E-02  2.930E+02  2.930E+02
  4.342E-02  4.008E-01  1.014E+05 -1.378E-08  6.500E-02  2.930E+02  2.930E+02
  4.342E-02  4.072E-01  1.014E+05 -1.242E-08  6.500E-02  2.930E+02  2.930E+02
  4.342E-02  4.135E-01  1.014E+05 -1.117E-08  6.500E-02  2.930E+02  2.930E+02
  4.342E-02  4.198E-01  1.014E+05 -1.009E-08  6.500E-02  2.930E+02  2.930E+02
  4.342E-02  4.261E-01  1.014E+05 -9.202E-09  6.500E-02  2.930E+02  2.930E+02
  4.342E-02  4.324E-01  1.014E+05 -8.558E-09  6.500E-02  2.930E+02  2.930E+02
  4.342E-02  4.387E-01  1.014E+05 -8.208E-09  6.500E-02  2.930E+02  2.930E+02
  4.342E-02  4.450E-01  1.014E+05 -8.207E-09  6.501E-02  2.930E+02  2.930E+02
  4.342E-02  4.513E-01  1.014E+05 -8.650E-09  6.500E-02  2.930E+02  2.930E+02
  4.342E-02  4.577E-01  1.014E+05 -9.573E-09  6.500E-02  2.930E+02  2.930E+02
  4.342E-02  4.640E-01  1.014E+05 -1.102E-08  6.500E-02  2.930E+02  2.930E+02
  4.342E-02  4.703E-01  1.014E+05 -1.208E-08  6.500E-02  2.930E+02  2.930E+02
  4.342E-02  4.766E-01  1.014E+05 -1.343E-08  6.500E-02  2.930E+02  2.930E+02
  4.342E-02  4.829E-01  1.014E+05  4.547E-10  6.500E-02  2.930E+02  2.930E+02
  4.342E-02  4.892E-01  1.013E+05 -1.006E-08  6.500E-02  2.930E+02  2.930E+02
  4.342E-02  4.955E-01  1.013E+05  1.937E-07  6.500E-02  2.930E+02  2.930E+02
  4.342E-02  5.018E-01  1.013E+05  2.826E-08  6.500E-02  2.930E+02  2.930E+02
  4.342E-02  5.050E-01  1.013E+05  0.000E+00  6.500E-02  2.930E+02  2.930E+02
  5.583E-02  0.000E+00  1.019E+05  0.000E+00  6.500E-02  2.930E+02  2.930E+02
  5.583E-02  3.156E-03  1.019E+05 -3.221E-07  6.502E-02  2.936E+02  2.930E+02
  5.583E-02  9.469E-03  1.019E+05  2.295E-06  6.500E-02  2.949E+02  2.930E+02
  5.583E-02  1.578E-02  1.019E+05  4.849E-06  6.500E-02  2.966E+02  2.930E+02
  5.583E-02  2.209E-02  1.019E+05  3.802E-06  6.501E-02  2.990E+02  2.930E+02
  5.583E-02  2.841E-02  1.019E+05  4.973E-06  6.500E-02  3.024E+02  2.930E+02
  5.583E-02  3.472E-02  1.019E+05  2.417E-06  6.500E-02  3.073E+02  2.930E+02
  5.583E-02  4.103E-02  1.019E+05  2.767E-07  6.500E-02  3.140E+02  2.930E+02
  5.583E-02  4.734E-02  1.019E+05  7.546E-07  6.500E-02  3.230E+02  2.930E+02
  5.583E-02  5.366E-02  1.019E+05  3.567E-07  6.500E-02  3.345E+02  2.930E+02
  5.583E-02  5.997E-02  1.018E+05  6.083E-07  6.500E-02  3.486E+02  2.930E+02
  5.583E-02  6.628E-02  1.018E+05  6.211E-07  6.500E-02  3.644E+02  2.930E+02
  5.583E-02  7.259E-02  1.018E+05  6.763E-07  6.500E-02  3.807E+02  2.930E+02
  5.583E-02  7.891E-02  1.018E+05  7.482E-07  6.500E-02  3.953E+02  2.930E+02
  5.583E-02  8.522E-02  1.018E+05  7.604E-07  6.500E-02  4.054E+02  2.930E+02
  5.583E-02  9.153E-02  1.018E+05  1.228E-06  6.500E-02  4.091E+02  2.930E+02
  5.583E-02  9.784E-02  1.018E+05  8.111E-07  6.500E-02  4.054E+02  2.930E+02
  5.583E-02  1.042E-01  1.018E+05  2.873E-06  6.501E-02  3.953E+02  2.930E+02
  5.583E-02  1.105E-01  1.018E+05  5.751E-06  6.500E-02  3.807E+02  2.930E+02
  5.583E-02  1.168E-01  1.018E+05  2.551E-06  6.500E-02  3.644E+02  2.930E+02
  5.583E-02  1.231E-01  1.018E+05  1.693E-07  6.500E-02  3.486E+02  2.930E+02
  5.583E-02  1.294E-01  1.018E+05  7.649E-07  6.500E-02  3.345E+02  2.930E+02
  5.583E-02  1.357E-01  1.018E+05  7.693E-07  6.500E-02  3.230E+02  2.930E+02
  5.583E-02  1.420E-01  1.017E+05  8.165E-07  6.500E-02  3.140E+02  2.930E+02
  5.583E-02  1.483E-01  1.017E+05  1.121E-06  6.500E-02  3.073E+02  2.930E+02
  5.583E-02  1.547E-01  1.017E+05  7.120E-07  6.500E-02  3.025E+02  2.930E+02
  5.583E-02  1.610E-01  1.017E+05  2.916E-06  6.501E-02  2.992E+02  2.930E+02
  5.583E-02  1.673E-01  1.017E+05  6.143E-06  6.500E-02  2.969E+02  2.930E+02
  5.583E-02  1.736E-01  1.017E+05  2.733E-06  6.500E-02  2.954E+02  2.930E+02
  5.583E-02  1.799E-01  1.017E+05  3.871E-07  6.500E-02  2.945E+02  2.930E+02
  5.583E-02  1.862E-01  1.017E+05  7.041E-07  6.500E-02  2.939E+02  2.930E+02
  5.583E-02  1.925E-01  1.017E+05  6.875E-07  6.500E-02  2.935E+02  2.930E+02
  5.583E-02  1.988E-01  1.017E+05  6.967E-07  6.500E-02  2.933E+02  2.930E+02
  5.583E-02  2.052E-01  1.017E+05  9.102E-07  6.500E-02  2.932E+02  2.930E+02
  5.583E-02  2.115E-01  1.017E+05  8.674E-07  6.500E-02  2.931E+02  2.930E+02
  5.583E-02  2.178E-01  1.017E+05  8.547E-07  6.501E-02  2.930E+02  2.930E+02
  5.583E-02  2.241E-01  1.017E+05  6.063E-07  6.500E-02  2.930E+02  2.930E+02
  5.583E-02  2.304E-01  1.016E+05  5.477E-07  6.500E-02  2.930E+02  2.930E+02
  5.583E-02  2.367E-01  1.016E+05  4.931E-07  6.500E-02  2.930E+02  2.930E+02
  5.583E-02  2.430E-01  1.016E+05  4.599E-07  6.500E-02  2.930E+02  2.930E+02
  5.583E-02  2.493E-01  1.016E+05  4.285E-07  6.500E-02  2.930E+02  2.930E+02
  5.583E-02  2.557E-01  1.016E+05  3.847E-07  6.500E-02  2.930E+02  2.930E+02
  5.583E-02  2.620E-01  1.016E+05  3.848E-07  6.500E-02  2.930E+02  2.930E+02
  5.583E-02  2.683E-01  1.016E+05  3.633E-07  6.500E-02  2.930E+02  2.930E+02
  5.583E-02  2.746E-01  1.016E+05  5.345E-07  6.500E-02  2.930E+02  2.930E+02
  5.583E-02  2.809E-01  1.016E+05  4.772E-07  6.500E-02  2.930E+02  2.930E+02
  5.583E-02  2.872E-01  1.016E+05  4.333E-07  6.500E-02  2.930E+02  2.930E+02
  5.583E-02  2.935E-01  1.016E+05 -6.036E-08  6.500E-02  2.930E+02  2.930E+02
  5.583E-02  2.998E-01  1.016E+05  1.065E-07  6.500E-02  2.930E+02  2.930E+02
  5.583E-02  3.062E-01  1.016E+05 -1.955E-07  6.500E-02  2.930E+02  2.930E+02
  5.583E-02  3.125E-01  1.015E+05  2.136E-08  6.500E-02  2.930E+02  2.930E+02
  5.583E-02  3.188E-01  1.015E+05 -2.181E-07  6.500E-02  2.930E+02  2.930E+02
  5.583E-02  3.251E-01  1.015E+05 -6.884E-09  6.501E-02  2.930E+02  2.930E+02
  5.583E-02  3.314E-01  1.015E+05 -2.808E-08  6.500E-02  2.930E+02  2.930E+02
  5.583E-02  3.377E-01  1.015E+05 -2.005E-08  6.500E-02  2.930E+02  2.930E+02
  5.583E-02  3.440E-01  1.015E+05 -2.564E-08  6.500E-02  2.930E+02  2.930E+02
  5.583E-02  3.503E-01  1.015E+05 -2.901E-08  6.500E-02  2.930E+02  2.930E+02
  5.583E-02  3.567E-01  1.015E+05 -3.085E-08  6.500E-02  2.930E+02  2.930E+02
  5.583E-02  3.630E-01  1.015E+05 -3.095E-08  6.500E-02  2.930E+02  2.930E+02
  5.583E-02  3.693E-01  1.015E+05 -2.982E-08  6.500E-02  2.930E+02  2.930E+02
  5.583E-02  3.756E-01  1.015E+05 -2.782E-08  6.500E-02  2.930E+02  2.930E+02
  5.583E-02  3.819E-01  1.015E+05 -2.542E-08  6.500E-02  2.930E+02  2.930E+02
  5.583E-02  3.882E-01  1.015E+05 -2.289E-08  6.500E-02  2.930E+02  2.930E+02
  5.583E-02  3.945E-01  1.015E+05 -2.037E-08  6.500E-02  2.930E+02  2.930E+02
  5.583E-02  4.008E-01  1.014E+05 -1.803E-08  6.500E-02  2.930E+02  2.930E+02
  5.583E-02  4.072E-01  1.014E+05 -1.590E-08  6.500E-02  2.930E+02  2.930E+02
  5.583E-02  4.135E-01  1.014E+05 -1.398E-08  6.500E-02  2.930E+02  2.930E+02
  5.583E-02  4.198E-01  1.014E+05 -1.236E-08  6.500E-02  2.930E+02  2.930E+02
  5.583E-02  4.261E-01  1.014E+05 -1.105E-08  6.500E-02  2.930E+02  2.930E+02
  5.583E-02  4.324E-01  1.014E+05 -1.000E-08  6.500E-02  2.930E+02  2.930E+02
  5.583E-02  4.387E-01  1.014E+05 -9.219E-09  6.500E-02  2.930E+02  2.930E+02
  5.583E-02  4.450E-01  1.014E+05 -8.743E-09  6.501E-02  2.930E+02  2.930E+02
  5.583E-02  4.513E-01  1.014E+05 -8.604E-09  6.500E-02  2.930E+02  2.930E+02
  5.583E-02  4.577E-01  1.014E+05 -8.794E-09  6.500E-02  2.930E+02  2.930E+02
  5.583E-02  4.640E-01  1.014E+05 -9.327E-09  6.500E-02  2.930E+02  2.930E+02
  5.583E-02  4.703E-01  1.014E+05 -1.004E-08  6.500E-02  2.930E+02  2.930E+02
  5.583E-02  4.766E-01  1.014E+05 -1.098E-08  6.500E-02  2.930E+02  2.930E+02
  5.583E-02  4.829E-01  1.014E+05 -1.037E-08  6.500E-02  2.930E+02  2.930E+02
  5.583E-02  4.892E-01  1.013E+05 -1.167E-08  6.500E-02  2.930E+02  2.930E+02
  5.583E-02  4.955E-01  1.013E+05  2.619E-09  6.500E-02  2.930E+02  2.930E+02
  5.583E-02  5.018E-01  1.013E+05 -2.984E-09  6.500E-02  2.930E+02  2.930E+02
  5.583E-02  5.050E-01  1.013E+05  0.000E+00  6.500E-02  2.930E+02  2.930E+02
  6.824E-02  0.000E+00  1.019E+05  0.000E+00  6.500E-02  2.930E+02  2.930E+02
  6.824E-02  3.156E-03  1.019E+05  2.866E-06  6.502E-02  2.936E+02  2.930E+02
  6.824E-02  9.469E-03  1.019E+05  4.740E-06  6.501E-02  2.949E+02  2.930E+02
  6.824E-02  1.578E-02  1.019E+05  5.139E-06  6.500E-02  2.966E+02  2.930E+02
  6.824E-02  2.209E-02  1.019E+05  2.513E-06  6.500E-02  2.990E+02  2.930E+02
  6.824E-02  2.841E-02  1.019E+05  8.199E-08  6.500E-02  3.024E+02  2.930E+02
  6.824E-02  3.472E-02  1.019E+05  6.825E-07  6.500E-02  3.073E+02  2.930E+02
  6.824E-02  4.103E-02  1.019E+05  2.426E-07  6.500E-02  3.140E+02  2.930E+02
  6.824E-02  4.734E-02  1.019E+05  4.875E-07  6.500E-02  3.230E+02  2.930E+02
  6.824E-02  5.366E-02  1.019E+05  4.729E-07  6.500E-02  3.345E+02  2.930E+02
  6.824E-02  5.997E-02  1.018E+05  5.290E-07  6.500E-02  3.486E+02  2.930E+02
  6.824E-02  6.628E-02  1.018E+05  5.587E-07  6.500E-02  3.644E+02  2.930E+02
  6.824E-02  7.259E-02  1.018E+05  5.618E-07  6.500E-02  3.807E+02  2.930E+02
  6.824E-02  7.891E-02  1.018E+05  6.771E-07  6.500E-02  3.953E+02  2.930E+02
  6.824E-02  8.522E-02  1.018E+05  6.624E-08  6.500E-02  4.054E+02  2.930E+02
  6.824E-02  9.153E-02  1.018E+05  2.530E-06  6.500E-02  4.091E+02  2.930E+02
  6.824E-02  9.784E-02  1.018E+05  5.991E-06  6.500E-02  4.054E+02  2.930E+02
  6.824E-02  1.042E-01  1.018E+05  2.873E-06  6.501E-02  3.953E+02  2.930E+02
  6.824E-02  1.105E-01  1.018E+05  3.922E-07  6.500E-02  3.807E+02  2.930E+02
  6.824E-02  1.168E-01  1.018E+05  9.480E-07  6.500E-02  3.644E+02  2.930E+02
  6.824E-02  1.231E-01  1.018E+05  6.806E-07  6.500E-02  3.486E+02  2.930E+02
  6.824E-02  1.294E-01  1.018E+05  6.771E-07  6.500E-02  3.345E+02  2.930E+02
  6.824E-02  1.357E-01  1.018E+05  7.175E-07  6.500E-02  3.230E+02  2.930E+02
  6.824E-02  1.420E-01  1.017E+05  7.376E-08  6.500E-02  3.140E+02  2.930E+02
  6.824E-02  1.483E-01  1.017E+05  2.554E-06  6.500E-02  3.073E+02  2.930E+02
  6.824E-02  1.547E-01  1.017E+05  6.055E-06  6.500E-02  3.025E+02  2.930E+02
  6.824E-02  1.610E-01  1.017E+05  2.958E-06  6.501E-02  2.992E+02  2.930E+02
  6.824E-02  1.673E-01  1.017E+05  7.360E-07  6.500E-02  2.969E+02  2.930E+02
  6.824E-02  1.736E-01  1.017E+05  1.101E-06  6.500E-02  2.954E+02  2.930E+02
  6.824E-02  1.799E-01  1.017E+05  7.596E-07  6.500E-02  2.945E+02  2.930E+02
  6.824E-02  1.862E-01  1.017E+05  4.133E-07  6.500E-02  2.939E+02  2.930E+02
  6.824E-02  1.925E-01  1.017E+05  6.308E-07  6.500E-02  2.935E+02  2.930E+02
  6.824E-02  1.988E-01  1.017E+05 -7.019E-08  6.500E-02  2.933E+02  2.930E+02
  6.824E-02  2.052E-01  1.017E+05  2.173E-06  6.500E-02  2.932E+02  2.930E+02
  6.824E-02  2.115E-01  1.017E+05  5.148E-06  6.500E-02  2.931E+02  2.930E+02
  6.824E-02  2.178E-01  1.017E+05  2.109E-06  6.501E-02  2.930E+02  2.930E+02
  6.824E-02  2.241E-01  1.017E+05 -9.633E-09  6.500E-02  2.930E+02  2.930E+02
  6.824E-02  2.304E-01  1.016E+05  4.261E-07  6.500E-02  2.930E+02  2.930E+02
  6.824E-02  2.367E-01  1.016E+05  4.454E-07  6.500E-02  2.930E+02  2.930E+02
  6.824E-02  2.430E-01  1.016E+05  5.212E-07  6.500E-02  2.930E+02  2.930E+02
  6.824E-02  2.493E-01  1.016E+05  5.350E-07  6.500E-02  2.930E+02  2.930E+02
  6.824E-02  2.557E-01  1.016E+05  5.053E-07  6.500E-02  2.930E+02  2.930E+02
  6.824E-02  2.620E-01  1.016E+05  4.870E-07  6.500E-02  2.930E+02  2.930E+02
  6.824E-02  2.683E-01  1.016E+05 -2.439E-08  6.500E-02  2.930E+02  2.930E+02
  6.824E-02  2.746E-01  1.016E+05  2.070E-06  6.500E-02  2.930E+02  2.930E+02
  6.824E-02  2.809E-01  1.016E+05  5.527E-06  6.500E-02  2.930E+02  2.930E+02
  6.824E-02  2.872E-01  1.016E+05  2.335E-06  6.500E-02  2.930E+02  2.930E+02
  6.824E-02  2.935E-01  1.016E+05  2.528E-07  6.500E-02  2.930E+02  2.930E+02
  6.824E-02  2.998E-01  1.016E+05  9.230E-07  6.500E-02  2.930E+02  2.930E+02
  6.824E-02  3.062E-01  1.016E+05  6.806E-07  6.500E-02  2.930E+02  2.930E+02
  6.824E-02  3.125E-01  1.015E+05  8.524E-07  6.500E-02  2.930E+02  2.930E+02
  6.824E-02  3.188E-01  1.015E+05  5.622E-07  6.500E-02  2.930E+02  2.930E+02
  6.824E-02  3.251E-01  1.015E+05  4.441E-07  6.501E-02  2.930E+02  2.930E+02
  6.824E-02  3.314E-01  1.015E+05  1.260E-07  6.500E-02  2.930E+02  2.930E+02
  6.824E-02  3.377E-01  1.015E+05  4.664E-08  6.500E-02  2.930E+02  2.930E+02
  6.824E-02  3.440E-01  1.015E+05 -1.023E-08  6.500E-02  2.930E+02  2.930E+02
  6.824E-02  3.503E-01  1.015E+05 -3.362E-08  6.500E-02  2.930E+02  2.930E+02
  6.824E-02  3.567E-01  1.015E+05 -4.250E-08  6.500E-02  2.930E+02  2.930E+02
  6.824E-02  3.630E-01  1.015E+05 -4.392E-08  6.500E-02  2.930E+02  2.930E+02
  6.824E-02  3.693E-01  1.015E+05 -4.168E-08  6.500E-02  2.930E+02  2.930E+02
  6.824E-02  3.756E-01  1.015E+05 -3.784E-08  6.500E-02  2.930E+02  2.930E+02
  6.824E-02  3.819E-01  1.015E+05 -3.348E-08  6.500E-02  2.930E+02  2.930E+02
  6.824E-02  3.882E-01  1.015E+05 -2.920E-08  6.500E-02  2.930E+02  2.930E+02
  6.824E-02  3.945E-01  1.015E+05 -2.527E-08  6.500E-02  2.930E+02  2.930E+02
  6.824E-02  4.008E-01  1.014E+05 -2.174E-08  6.500E-02  2.930E+02  2.930E+02
  6.824E-02  4.072E-01  1.014E+05 -1.872E-08  6.500E-02  2.930E+02  2.930E+02
  6.824E-02  4.135E-01  1.014E+05 -1.612E-08  6.500E-02  2.930E+02  2.930E+02
  6.824E-02  4.198E-01  1.014E+05 -1.389E-08  6.500E-02  2.930E+02  2.930E+02
  6.824E-02  4.261E-01  1.014E+05 -1.206E-08  6.500E-02  2.930E+02  2.930E+02
  6.824E-02  4.324E-01  1.014E+05 -1.058E-08  6.500E-02  2.930E+02  2.930E+02
  6.824E-02  4.387E-01  1.014E+05 -9.373E-09  6.500E-02  2.930E+02  2.930E+02
  6.824E-02  4.450E-01  1.014E+05 -8.380E-09  6.501E-02  2.930E+02  2.930E+02
  6.824E-02  4.513E-01  1.014E+05 -7.635E-09  6.500E-02  2.930E+02  2.930E+02
  6.824E-02  4.577E-01  1.014E+05 -7.040E-09  6.500E-02  2.930E+02  2.930E+02
  6.824E-02  4.640E-01  1.014E+05 -6.479E-09  6.500E-02  2.930E+02  2.930E+02
  6.824E-02  4.703E-01  1.014E+05 -5.798E-09  6.500E-02  2.930E+02  2.930E+02
  6.824E-02  4.766E-01  1.014E+05 -4.835E-09  6.500E-02  2.930E+02  2.930E+02
  6.824E-02  4.829E-01  1.014E+05 -3.060E-09  6.500E-02  2.930E+02  2.930E+02
  6.824E-02  4.892E-01  1.013E+05 -1.187E-09  6.500E-02  2.930E+02  2.930E+02
  6.824E-02  4.955E-01  1.013E+05  3.948E-09  6.500E-02  2.930E+02  2.930E+02
  6.824E-02  5.018E-01  1.013E+05  1.803E-09  6.500E-02  2.930E+02  2.930E+02
  6.824E-02  5.050E-01  1.013E+05  0.000E+00  6.500E-02  2.930E+02  2.930E+02
  8.065E-02  0.000E+00  1.019E+05  0.000E+00  6.500E-02  2.930E+02  2.930E+02
  8.065E-02  3.156E-03  1.019E+05  3.328E-06  6.498E-02  2.936E+02  2.930E+02
  8.065E-02  9.469E-03  1.019E+05  3.503E-06  6.500E-02  2.949E+02  2.930E+02
  8.065E-02  1.578E-02  1.019E+05  5.900E-07  6.500E-02  2.966E+02  2.930E+02
  8.065E-02  2.209E-02  1.019E+05  9.551E-07  6.500E-02  2.990E+02  2.930E+02
  8.065E-02  2.841E-02  1.019E+05  2.702E-07  6.500E-02  3.024E+02  2.930E+02
  8.065E-02  3.472E-02  1.019E+05  4.530E-07  6.500E-02  3.073E+02  2.930E+02
  8.065E-02  4.103E-02  1.019E+05  3.856E-07  6.500E-02  3.140E+02  2.930E+02
  8.065E-02  4.734E-02  1.019E+05  4.165E-07  6.500E-02  3.230E+02  2.930E+02
  8.065E-02  5.366E-02  1.019E+05  4.253E-07  6.500E-02  3.345E+02  2.930E+02
  8.065E-02  5.997E-02  1.018E+05  4.584E-07  6.500E-02  3.486E+02  2.930E+02
  8.065E-02  6.628E-02  1.018E+05  5.237E-07  6.500E-02  3.644E+02  2.930E+02
  8.065E-02  7.259E-02  1.018E+05  5.663E-07  6.500E-02  3.807E+02  2.930E+02
  8.065E-02  7.891E-02  1.018E+05  1.024E-06  6.500E-02  3.953E+02  2.930E+02
  8.065E-02  8.522E-02  1.018E+05  6.198E-07  6.500E-02  4.054E+02  2.930E+02
  8.065E-02  9.153E-02  1.018E+05  2.697E-06  6.501E-02  4.091E+02  2.930E+02
  8.065E-02  9.784E-02  1.018E+05  5.565E-06  6.500E-02  4.054E+02  2.930E+02
  8.065E-02  1.042E-01  1.018E+05  2.365E-06  6.500E-02  3.953E+02  2.930E+02
  8.065E-02  1.105E-01  1.018E+05 -1.737E-08  6.500E-02  3.807E+02  2.930E+02
  8.065E-02  1.168E-01  1.018E+05  5.876E-07  6.500E-02  3.644E+02  2.930E+02
  8.065E-02  1.231E-01  1.018E+05  5.929E-07  6.500E-02  3.486E+02  2.930E+02
  8.065E-02  1.294E-01  1.018E+05  6.468E-07  6.500E-02  3.345E+02  2.930E+02
  8.065E-02  1.357E-01  1.018E+05  9.483E-07  6.500E-02  3.230E+02  2.930E+02
  8.065E-02  1.420E-01  1.017E+05  3.340E-07  6.500E-02  3.140E+02  2.930E+02
  8.065E-02  1.483E-01  1.017E+05  2.738E-06  6.501E-02  3.073E+02  2.930E+02
  8.065E-02  1.547E-01  1.017E+05  5.764E-06  6.500E-02  3.025E+02  2.930E+02
  8.065E-02  1.610E-01  1.017E+05  2.598E-06  6.500E-02  2.992E+02  2.930E+02
  8.065E-02  1.673E-01  1.017E+05  1.052E-07  6.500E-02  2.969E+02  2.930E+02
  8.065E-02  1.736E-01  1.017E+05  7.481E-07  6.500E-02  2.954E+02  2.930E+02
  8.065E-02  1.799E-01  1.017E+05  9.953E-07  6.500E-02  2.945E+02  2.930E+02
  8.065E-02  1.862E-01  1.017E+05  1.105E-06  6.500E-02  2.939E+02  2.930E+02
  8.065E-02  1.925E-01  1.017E+05  1.526E-06  6.500E-02  2.935E+02  2.930E+02
  8.065E-02  1.988E-01  1.017E+05  1.013E-06  6.500E-02  2.933E+02  2.930E+02
  8.065E-02  2.052E-01  1.017E+05  2.942E-06  6.501E-02  2.932E+02  2.930E+02
  8.065E-02  2.115E-01  1.017E+05  5.714E-06  6.500E-02  2.931E+02  2.930E+02
  8.065E-02  2.178E-01  1.017E+05  2.409E-06  6.500E-02  2.930E+02  2.930E+02
  8.065E-02  2.241E-01  1.017E+05  6.922E-08  6.500E-02  2.930E+02  2.930E+02
  8.065E-02  2.304E-01  1.016E+05  4.578E-07  6.500E-02  2.930E+02  2.930E+02
  8.065E-02  2.367E-01  1.016E+05  4.135E-07  6.500E-02  2.930E+02  2.930E+02
  8.065E-02  2.430E-01  1.016E+05  4.330E-07  6.500E-02  2.930E+02  2.930E+02
  8.065E-02  2.493E-01  1.016E+05  6.005E-07  6.500E-02  2.930E+02  2.930E+02
  8.065E-02  2.557E-01  1.016E+05  5.756E-07  6.500E-02  2.930E+02  2.930E+02
  8.065E-02  2.620E-01  1.016E+05  6.074E-07  6.500E-02  2.930E+02  2.930E+02
  8.065E-02  2.683E-01  1.016E+05 -2.571E-07  6.500E-02  2.930E+02  2.930E+02
  8.065E-02  2.746E-01  1.016E+05  2.163E-06  6.501E-02  2.930E+02  2.930E+02
  8.065E-02  2.809E-01  1.016E+05  5.031E-06  6.500E-02  2.930E+02  2.930E+02
  8.065E-02  2.872E-01  1.016E+05  3.804E-06  6.499E-02  2.930E+02  2.930E+02
  8.065E-02  2.935E-01  1.016E+05  4.250E-06  6.500E-02  2.930E+02  2.930E+02
  8.065E-02  2.998E-01  1.016E+05  3.667E-06  6.500E-02  2.930E+02  2.930E+02
  8.065E-02  3.062E-01  1.016E+05  4.188E-06  6.500E-02  2.930E+02  2.930E+02
  8.065E-02  3.125E-01  1.015E+05  3.632E-06  6.500E-02  2.930E+02  2.930E+02
  8.065E-02  3.188E-01  1.015E+05  4.968E-06  6.500E-02  2.930E+02  2.930E+02
  8.065E-02  3.251E-01  1.015E+05  1.784E-06  6.501E-02  2.930E+02  2.930E+02
  8.065E-02  3.314E-01  1.015E+05 -5.352E-07  6.500E-02  2.930E+02  2.930E+02
  8.065E-02  3.377E-01  1.015E+05 -1.099E-07  6.500E-02  2.930E+02  2.930E+02
  8.065E-02  3.440E-01  1.015E+05 -1.387E-07  6.500E-02  2.930E+02  2.930E+02
  8.065E-02  3.503E-01  1.015E+05 -1.075E-07  6.500E-02  2.930E+02  2.930E+02
  8.065E-02  3.567E-01  1.015E+05 -8.903E-08  6.500E-02  2.930E+02  2.930E+02
  8.065E-02  3.630E-01  1.015E+05 -7.339E-08  6.500E-02  2.930E+02  2.930E+02
  8.065E-02  3.693E-01  1.015E+05 -6.060E-08  6.500E-02  2.930E+02  2.930E+02
  8.065E-02  3.756E-01  1.015E+05 -5.015E-08  6.500E-02  2.930E+02  2.930E+02
  8.065E-02  3.819E-01  1.015E+05 -4.157E-08  6.500E-02  2.930E+02  2.930E+02
  8.065E-02  3.882E-01  1.015E+05 -3.449E-08  6.500E-02  2.930E+02  2.930E+02
  8.065E-02  3.945E-01  1.015E+05 -2.869E-08  6.500E-02  2.930E+02  2.930E+02
  8.065E-02  4.008E-01  1.014E+05 -2.390E-08  6.500E-02  2.930E+02  2.930E+02
  8.065E-02  4.072E-01  1.014E+05 -2.000E-08  6.500E-02  2.930E+02  2.930E+02
  8.065E-02  4.135E-01  1.014E+05 -1.681E-08  6.500E-02  2.930E+02  2.930E+02
  8.065E-02  4.198E-01  1.014E+05 -1.417E-08  6.500E-02  2.930E+02  2.930E+02
  8.065E-02  4.261E-01  1.014E+05 -1.200E-08  6.500E-02  2.930E+02  2.930E+02
  8.065E-02  4.324E-01  1.014E+05 -1.025E-08  6.500E-02  2.930E+02  2.930E+02
  8.065E-02  4.387E-01  1.014E+05 -8.840E-09  6.500E-02  2.930E+02  2.930E+02
  8.065E-02  4.450E-01  1.014E+05 -7.684E-09  6.501E-02  2.930E+02  2.930E+02
  8.065E-02  4.513E-01  1.014E+05 -6.742E-09  6.500E-02  2.930E+02  2.930E+02
  8.065E-02  4.577E-01  1.014E+05 -5.932E-09  6.500E-02  2.930E+02  2.930E+02
  8.065E-02  4.640E-01  1.014E+05 -5.217E-09  6.500E-02  2.930E+02  2.930E+02
  8.065E-02  4.703E-01  1.014E+05 -4.475E-09  6.500E-02  2.930E+02  2.930E+02
  8.065E-02  4.766E-01  1.014E+05 -3.667E-09  6.500E-02  2.930E+02  2.930E+02
  8.065E-02  4.829E-01  1.014E+05 -2.730E-09  6.500E-02  2.930E+02  2.930E+02
  8.065E-02  4.892E-01  1.013E+05 -1.775E-09  6.500E-02  2.930E+02  2.930E+02
  8.065E-02  4.955E-01  1.013E+05 -5.043E-10  6.500E-02  2.930E+02  2.930E+02
  8.065E-02  5.018E-01  1.013E+05 -2.663E-10  6.500E-02  2.930E+02  2.930E+02
  8.065E-02  5.050E-01  1.013E+05  0.000E+00  6.500E-02  2.930E+02  2.930E+02
  9.305E-02  0.000E+00  1.019E+05  0.000E+00  6.500E-02  2.930E+02  2.930E+02
  9.305E-02  3.156E-03  1.019E+05  4.074E-07  6.498E-02  2.936E+02  2.930E+02
  9.305E-02  9.469E-03  1.019E+05  7.639E-07  6.500E-02  2.949E+02  2.930E+02
  9.305E-02  1.578E-02  1.019E+05  2.190E-07  6.500E-02  2.966E+02  2.930E+02
  9.305E-02  2.209E-02  1.019E+05  4.017E-07  6.500E-02  2.990E+02  2.930E+02
  9.305E-02  2.841E-02  1.019E+05  3.048E-07  6.500E-02  3.024E+02  2.930E+02
  9.305E-02  3.472E-02  1.019E+05  3.185E-07  6.500E-02  3.073E+02  2.930E+02
  9.305E-02  4.103E-02  1.019E+05  3.017E-07  6.500E-02  3.140E+02  2.930E+02
  9.305E-02  4.734E-02  1.019E+05  3.053E-07  6.500E-02  3.230E+02  2.930E+02
  9.305E-02  5.366E-02  1.019E+05  3.059E-07  6.500E-02  3.345E+02  2.930E+02
  9.305E-02  5.997E-02  1.018E+05  2.917E-07  6.500E-02  3.486E+02  2.930E+02
  9.305E-02  6.628E-02  1.018E+05  3.426E-07  6.500E-02  3.644E+02  2.930E+02
  9.305E-02  7.259E-02  1.018E+05 -8.700E-08  6.500E-02  3.807E+02  2.930E+02
  9.305E-02  7.891E-02  1.018E+05  2.175E-06  6.500E-02  3.953E+02  2.930E+02
  9.305E-02  8.522E-02  1.018E+05  5.516E-06  6.500E-02  4.054E+02  2.930E+02
  9.305E-02  9.153E-02  1.018E+05  2.577E-06  6.501E-02  4.091E+02  2.930E+02
  9.305E-02  9.784E-02  1.018E+05  1.067E-07  6.500E-02  4.054E+02  2.930E+02
  9.305E-02  1.042E-01  1.018E+05  6.973E-07  6.500E-02  3.953E+02  2.930E+02
  9.305E-02  1.105E-01  1.018E+05  4.499E-07  6.500E-02  3.807E+02  2.930E+02
  9.305E-02  1.168E-01  1.018E+05  4.858E-07  6.500E-02  3.644E+02  2.930E+02
  9.305E-02  1.231E-01  1.018E+05  5.330E-07  6.500E-02  3.486E+02  2.930E+02
  9.305E-02  1.294E-01  1.018E+05  9.420E-08  6.500E-02  3.345E+02  2.930E+02
  9.305E-02  1.357E-01  1.018E+05  2.362E-06  6.500E-02  3.230E+02  2.930E+02
  9.305E-02  1.420E-01  1.017E+05  5.694E-06  6.500E-02  3.140E+02  2.930E+02
  9.305E-02  1.483E-01  1.017E+05  2.770E-06  6.501E-02  3.073E+02  2.930E+02
  9.305E-02  1.547E-01  1.017E+05  2.990E-07  6.500E-02  3.025E+02  2.930E+02
  9.305E-02  1.610E-01  1.017E+05  8.288E-07  6.500E-02  2.992E+02  2.930E+02
  9.305E-02  1.673E-01  1.017E+05  5.618E-07  6.500E-02  2.969E+02  2.930E+02
  9.305E-02  1.736E-01  1.017E+05  1.142E-07  6.500E-02  2.954E+02  2.930E+02
  9.305E-02  1.799E-01  1.017E+05  2.346E-06  6.500E-02  2.945E+02  2.930E+02
  9.305E-02  1.862E-01  1.017E+05  5.395E-06  6.500E-02  2.939E+02  2.930E+02
  9.305E-02  1.925E-01  1.017E+05  4.297E-06  6.500E-02  2.935E+02  2.930E+02
  9.305E-02  1.988E-01  1.017E+05  5.327E-06  6.500E-02  2.933E+02  2.930E+02
  9.305E-02  2.052E-01  1.017E+05  2.890E-06  6.501E-02  2.932E+02  2.930E+02
  9.305E-02  2.115E-01  1.017E+05  7.851E-07  6.500E-02  2.931E+02  2.930E+02
  9.305E-02  2.178E-01  1.017E+05  1.014E-06  6.500E-02  2.930E+02  2.930E+02
  9.305E-02  2.241E-01  1.017E+05  5.668E-07  6.500E-02  2.930E+02  2.930E+02
  9.305E-02  2.304E-01  1.016E+05  5.238E-07  6.500E-02  2.930E+02  2.930E+02
  9.305E-02  2.367E-01  1.016E+05  4.365E-07  6.500E-02  2.930E+02  2.930E+02
  9.305E-02  2.430E-01  1.016E+05  4.059E-07  6.500E-02  2.930E+02  2.930E+02
  9.305E-02  2.493E-01  1.016E+05  5.052E-07  6.500E-02  2.930E+02  2.930E+02
  9.305E-02  2.557E-01  1.016E+05  6.235E-07  6.500E-02  2.930E+02  2.930E+02
  9.305E-02  2.620E-01  1.016E+05  1.178E-06  6.500E-02  2.930E+02  2.930E+02
  9.305E-02  2.683E-01  1.016E+05  1.471E-06  6.500E-02  2.930E+02  2.930E+02
  9.305E-02  2.746E-01  1.016E+05  1.528E-06  6.501E-02  2.930E+02  2.930E+02
  9.305E-02  2.809E-01  1.016E+05  2.928E-07  6.500E-02  2.930E+02  2.930E+02
  9.305E-02  2.872E-01  1.016E+05  2.580E-06  6.500E-02  2.930E+02  2.930E+02
  9.305E-02  2.935E-01  1.016E+05  4.822E-06  6.500E-02  2.930E+02  2.930E+02
  9.305E-02  2.998E-01  1.016E+05  3.740E-06  6.500E-02  2.930E+02  2.930E+02
  9.305E-02  3.062E-01  1.016E+05  4.167E-06  6.500E-02  2.930E+02  2.930E+02
  9.305E-02  3.125E-01  1.015E+05  3.561E-06  6.500E-02  2.930E+02  2.930E+02
  9.305E-02  3.188E-01  1.015E+05  4.484E-06  6.500E-02  2.930E+02  2.930E+02
  9.305E-02  3.251E-01  1.015E+05  1.724E-06  6.500E-02  2.930E+02  2.930E+02
  9.305E-02  3.314E-01  1.015E+05 -5.369E-07  6.500E-02  2.930E+02  2.930E+02
  9.305E-02  3.377E-01  1.015E+05 -1.267E-07  6.500E-02  2.930E+02  2.930E+02
  9.305E-02  3.440E-01  1.015E+05 -1.935E-07  6.500E-02  2.930E+02  2.930E+02
  9.305E-02  3.503E-01  1.015E+05 -1.423E-07  6.500E-02  2.930E+02  2.930E+02
  9.305E-02  3.567E-01  1.015E+05 -1.046E-07  6.500E-02  2.930E+02  2.930E+02
  9.305E-02  3.630E-01  1.015E+05 -8.205E-08  6.500E-02  2.930E+02  2.930E+02
  9.305E-02  3.693E-01  1.015E+05 -6.445E-08  6.500E-02  2.930E+02  2.930E+02
  9.305E-02  3.756E-01  1.015E+05 -5.148E-08  6.500E-02  2.930E+02  2.930E+02
  9.305E-02  3.819E-01  1.015E+05 -4.147E-08  6.500E-02  2.930E+02  2.930E+02
  9.305E-02  3.882E-01  1.015E+05 -3.362E-08  6.500E-02  2.930E+02  2.930E+02
  9.305E-02  3.945E-01  1.015E+05 -2.737E-08  6.500E-02  2.930E+02  2.930E+02
  9.305E-02  4.008E-01  1.014E+05 -2.239E-08  6.500E-02  2.930E+02  2.930E+02
  9.305E-02  4.072E-01  1.014E+05 -1.842E-08  6.500E-02  2.930E+02  2.930E+02
  9.305E-02  4.135E-01  1.014E+05 -1.523E-08  6.500E-02  2.930E+02  2.930E+02
  9.305E-02  4.198E-01  1.014E+05 -1.265E-08  6.500E-02  2.930E+02  2.930E+02
  9.305E-02  4.261E-01  1.014E+05 -1.057E-08  6.500E-02  2.930E+02  2.930E+02
  9.305E-02  4.324E-01  1.014E+05 -8.885E-09  6.500E-02  2.930E+02  2.930E+02
  9.305E-02  4.387E-01  1.014E+05 -7.523E-09  6.500E-02  2.930E+02  2.930E+02
  9.305E-02  4.450E-01  1.014E+05 -6.420E-09  6.501E-02  2.930E+02  2.930E+02
  9.305E-02  4.513E-01  1.014E+05 -5.499E-09  6.500E-02  2.930E+02  2.930E+02
  9.305E-02  4.577E-01  1.014E+05 -4.681E-09  6.500E-02  2.930E+02  2.930E+02
  9.305E-02  4.640E-01  1.014E+05 -3.974E-09  6.500E-02  2.930E+02  2.930E+02
  9.305E-02  4.703E-01  1.014E+05 -3.299E-09  6.500E-02  2.930E+02  2.930E+02
  9.305E-02  4.766E-01  1.014E+05 -2.646E-09  6.500E-02  2.930E+02  2.930E+02
  9.305E-02  4.829E-01  1.014E+05 -1.985E-09  6.500E-02  2.930E+02  2.930E+02
  9.305E-02  4.892E-01  1.013E+05 -1.351E-09  6.500E-02  2.930E+02  2.930E+02
  9.305E-02  4.955E-01  1.013E+05 -6.828E-10  6.500E-02  2.930E+02  2.930E+02
  9.305E-02  5.018E-01  1.013E+05 -4.025E-10  6.500E-02  2.930E+02  2.930E+02
  9.305E-02  5.050E-01  1.013E+05  0.000E+00  6.500E-02  2.930E+02  2.930E+02
  1.055E-01  0.000E+00  1.019E+05  0.000E+00  6.500E-02  2.930E+02  2.930E+02
  1.055E-01  3.156E-03  1.019E+05 -2.156E-07  6.498E-02  2.936E+02  2.930E+02
  1.055E-01  9.469E-03  1.019E+05  1.233E-07  6.500E-02  2.949E+02  2.930E+02
  1.055E-01  1.578E-02  1.019E+05  1.139E-07  6.500E-02  2.966E+02  2.930E+02
  1.055E-01  2.209E-02  1.019E+05  1.790E-07  6.500E-02  2.990E+02  2.930E+02
  1.055E-01  2.841E-02  1.019E+05  1.807E-07  6.500E-02  3.024E+02  2.930E+02
  1.055E-01  3.472E-02  1.019E+05  1.956E-07  6.500E-02  3.073E+02  2.930E+02
  1.055E-01  4.103E-02  1.019E+05  2.010E-07  6.500E-02  3.140E+02  2.930E+02
  1.055E-01  4.734E-02  1.019E+05  2.071E-07  6.500E-02  3.230E+02  2.930E+02
  1.055E-01  5.366E-02  1.019E+05  2.121E-07  6.500E-02  3.345E+02  2.930E+02
  1.055E-01  5.997E-02  1.018E+05  1.996E-07  6.500E-02  3.486E+02  2.930E+02
  1.055E-01  6.628E-02  1.018E+05  2.416E-07  6.500E-02  3.644E+02  2.930E+02
  1.055E-01  7.259E-02  1.018E+05 -1.908E-07  6.500E-02  3.807E+02  2.930E+02
  1.055E-01  7.891E-02  1.018E+05  1.898E-06  6.501E-02  3.953E+02  2.930E+02
  1.055E-01  8.522E-02  1.018E+05  5.212E-06  6.500E-02  4.054E+02  2.930E+02
  1.055E-01  9.153E-02  1.018E+05  2.054E-06  6.500E-02  4.091E+02  2.930E+02
  1.055E-01  9.784E-02  1.018E+05 -2.940E-07  6.500E-02  4.054E+02  2.930E+02
  1.055E-01  1.042E-01  1.018E+05  3.013E-07  6.500E-02  3.953E+02  2.930E+02
  1.055E-01  1.105E-01  1.018E+05  2.750E-07  6.500E-02  3.807E+02  2.930E+02
  1.055E-01  1.168E-01  1.018E+05  3.107E-07  6.500E-02  3.644E+02  2.930E+02
  1.055E-01  1.231E-01  1.018E+05  3.938E-07  6.500E-02  3.486E+02  2.930E+02
  1.055E-01  1.294E-01  1.018E+05 -1.966E-07  6.500E-02  3.345E+02  2.930E+02
  1.055E-01  1.357E-01  1.018E+05  2.248E-06  6.501E-02  3.230E+02  2.930E+02
  1.055E-01  1.420E-01  1.017E+05  5.738E-06  6.500E-02  3.140E+02  2.930E+02
  1.055E-01  1.483E-01  1.017E+05  2.378E-06  6.500E-02  3.073E+02  2.930E+02
  1.055E-01  1.547E-01  1.017E+05 -1.734E-07  6.500E-02  3.025E+02  2.930E+02
  1.055E-01  1.610E-01  1.017E+05  3.604E-07  6.500E-02  2.992E+02  2.930E+02
  1.055E-01  1.673E-01  1.017E+05  3.370E-07  6.500E-02  2.969E+02  2.930E+02
  1.055E-01  1.736E-01  1.017E+05 -7.694E-08  6.500E-02  2.954E+02  2.930E+02
  1.055E-01  1.799E-01  1.017E+05  2.198E-06  6.501E-02  2.945E+02  2.930E+02
  1.055E-01  1.862E-01  1.017E+05  5.070E-06  6.500E-02  2.939E+02  2.930E+02
  1.055E-01  1.925E-01  1.017E+05  3.959E-06  6.500E-02  2.935E+02  2.930E+02
  1.055E-01  1.988E-01  1.017E+05  4.744E-06  6.500E-02  2.933E+02  2.930E+02
  1.055E-01  2.052E-01  1.017E+05  2.135E-06  6.500E-02  2.932E+02  2.930E+02
  1.055E-01  2.115E-01  1.017E+05 -2.528E-07  6.500E-02  2.931E+02  2.930E+02
  1.055E-01  2.178E-01  1.017E+05  3.574E-07  6.500E-02  2.930E+02  2.930E+02
  1.055E-01  2.241E-01  1.017E+05  2.813E-07  6.500E-02  2.930E+02  2.930E+02
  1.055E-01  2.304E-01  1.016E+05  2.982E-07  6.500E-02  2.930E+02  2.930E+02
  1.055E-01  2.367E-01  1.016E+05  2.693E-07  6.500E-02  2.930E+02  2.930E+02
  1.055E-01  2.430E-01  1.016E+05  2.345E-07  6.500E-02  2.930E+02  2.930E+02
  1.055E-01  2.493E-01  1.016E+05  1.762E-07  6.500E-02  2.930E+02  2.930E+02
  1.055E-01  2.557E-01  1.016E+05 -3.419E-07  6.500E-02  2.930E+02  2.930E+02
  1.055E-01  2.620E-01  1.016E+05  2.360E-06  6.500E-02  2.930E+02  2.930E+02
  1.055E-01  2.683E-01  1.016E+05  6.421E-06  6.500E-02  2.930E+02  2.930E+02
  1.055E-01  2.746E-01  1.016E+05  2.636E-06  6.501E-02  2.930E+02  2.930E+02
  1.055E-01  2.809E-01  1.016E+05 -2.067E-07  6.500E-02  2.930E+02  2.930E+02
  1.055E-01  2.872E-01  1.016E+05  7.907E-07  6.500E-02  2.930E+02  2.930E+02
  1.055E-01  2.935E-01  1.016E+05  6.985E-07  6.500E-02  2.930E+02  2.930E+02
  1.055E-01  2.998E-01  1.016E+05  9.556E-07  6.500E-02  2.930E+02  2.930E+02
  1.055E-01  3.062E-01  1.016E+05  6.644E-07  6.500E-02  2.930E+02  2.930E+02
  1.055E-01  3.125E-01  1.015E+05  8.230E-07  6.500E-02  2.930E+02  2.930E+02
  1.055E-01  3.188E-01  1.015E+05  1.244E-07  6.500E-02  2.930E+02  2.930E+02
  1.055E-01  3.251E-01  1.015E+05  4.610E-07  6.500E-02  2.930E+02  2.930E+02
  1.055E-01  3.314E-01  1.015E+05  2.057E-07  6.500E-02  2.930E+02  2.930E+02
  1.055E-01  3.377E-01  1.015E+05  8.131E-08  6.500E-02  2.930E+02  2.930E+02
  1.055E-01  3.440E-01  1.015E+05 -4.097E-08  6.500E-02  2.930E+02  2.930E+02
  1.055E-01  3.503E-01  1.015E+05 -5.760E-08  6.500E-02  2.930E+02  2.930E+02
  1.055E-01  3.567E-01  1.015E+05 -5.245E-08  6.500E-02  2.930E+02  2.930E+02
  1.055E-01  3.630E-01  1.015E+05 -4.919E-08  6.500E-02  2.930E+02  2.930E+02
  1.055E-01  3.693E-01  1.015E+05 -4.263E-08  6.500E-02  2.930E+02  2.930E+02
  1.055E-01  3.756E-01  1.015E+05 -3.624E-08  6.500E-02  2.930E+02  2.930E+02
  1.055E-01  3.819E-01  1.015E+05 -3.027E-08  6.500E-02  2.930E+02  2.930E+02
  1.055E-01  3.882E-01  1.015E+05 -2.507E-08  6.500E-02  2.930E+02  2.930E+02
  1.055E-01  3.945E-01  1.015E+05 -2.064E-08  6.500E-02  2.930E+02  2.930E+02
  1.055E-01  4.008E-01  1.014E+05 -1.695E-08  6.500E-02  2.930E+02  2.930E+02
  1.055E-01  4.072E-01  1.014E+05 -1.395E-08  6.500E-02  2.930E+02  2.930E+02
  1.055E-01  4.135E-01  1.014E+05 -1.152E-08  6.500E-02  2.930E+02  2.930E+02
  1.055E-01  4.198E-01  1.014E+05 -9.559E-09  6.500E-02  2.930E+02  2.930E+02
  1.055E-01  4.261E-01  1.014E+05 -7.942E-09  6.500E-02  2.930E+02  2.930E+02
  1.055E-01  4.324E-01  1.014E+05 -6.600E-09  6.500E-02  2.930E+02  2.930E+02
  1.055E-01  4.387E-01  1.014E+05 -5.518E-09  6.500E-02  2.930E+02  2.930E+02
  1.055E-01  4.450E-01  1.014E+05 -4.640E-09  6.501E-02  2.930E+02  2.930E+02
  1.055E-01  4.513E-01  1.014E+05 -3.927E-09  6.500E-02  2.930E+02  2.930E+02
  1.055E-01  4.577E-01  1.014E+05 -3.307E-09  6.500E-02  2.930E+02  2.930E+02
  1.055E-01  4.640E-01  1.014E+05 -2.770E-09  6.500E-02  2.930E+02  2.930E+02
  1.055E-01  4.703E-01  1.014E+05 -2.276E-09  6.500E-02  2.930E+02  2.930E+02
  1.055E-01  4.766E-01  1.014E+05 -1.826E-09  6.500E-02  2.930E+02  2.930E+02
  1.055E-01  4.829E-01  1.014E+05 -1.404E-09  6.500E-02  2.930E+02  2.930E+02
  1.055E-01  4.892E-01  1.013E+05 -1.016E-09  6.500E-02  2.930E+02  2.930E+02
  1.055E-01  4.955E-01  1.013E+05 -6.277E-10  6.500E-02  2.930E+02  2.930E+02
  1.055E-01  5.018E-01  1.013E+05 -4.196E-10  6.500E-02  2.930E+02  2.930E+02
  1.055E-01  5.050E-01  1.013E+05  0.000E+00  6.500E-02  2.930E+02  2.930E+02
  1.179E-01  0.000E+00  1.019E+05  0.000E+00  6.500E-02  2.930E+02  2.930E+02
  1.179E-01  3.156E-03  1.019E+05 -1.692E-08  6.498E-02  2.936E+02  2.930E+02
  1.179E-01  9.469E-03  1.019E+05  3.032E-08  6.500E-02  2.949E+02  2.930E+02
  1.179E-01  1.578E-02  1.019E+05  4.047E-08  6.500E-02  2.966E+02  2.930E+02
  1.179E-01  2.209E-02  1.019E+05  5.940E-08  6.500E-02  2.990E+02  2.930E+02
  1.179E-01  2.841E-02  1.019E+05  6.694E-08  6.500E-02  3.024E+02  2.930E+02
  1.179E-01  3.472E-02  1.019E+05  7.452E-08  6.500E-02  3.073E+02  2.930E+02
  1.179E-01  4.103E-02  1.019E+05  8.080E-08  6.500E-02  3.140E+02  2.930E+02
  1.179E-01  4.734E-02  1.019E+05  8.912E-08  6.500E-02  3.230E+02  2.930E+02
  1.179E-01  5.366E-02  1.019E+05  1.021E-07  6.500E-02  3.345E+02  2.930E+02
  1.179E-01  5.997E-02  1.018E+05  1.237E-07  6.500E-02  3.486E+02  2.930E+02
  1.179E-01  6.628E-02  1.018E+05  1.697E-07  6.500E-02  3.644E+02  2.930E+02
  1.179E-01  7.259E-02  1.018E+05  2.334E-07  6.500E-02  3.807E+02  2.930E+02
  1.179E-01  7.891E-02  1.018E+05  4.656E-07  6.501E-02  3.953E+02  2.930E+02
  1.179E-01  8.522E-02  1.018E+05  6.875E-07  6.500E-02  4.054E+02  2.930E+02
  1.179E-01  9.153E-02  1.018E+05  5.006E-07  6.500E-02  4.091E+02  2.930E+02
  1.179E-01  9.784E-02  1.018E+05  2.624E-07  6.500E-02  4.054E+02  2.930E+02
  1.179E-01  1.042E-01  1.018E+05  2.175E-07  6.500E-02  3.953E+02  2.930E+02
  1.179E-01  1.105E-01  1.018E+05  1.870E-07  6.500E-02  3.807E+02  2.930E+02
  1.179E-01  1.168E-01  1.018E+05  1.845E-07  6.500E-02  3.644E+02  2.930E+02
  1.179E-01  1.231E-01  1.018E+05  2.409E-07  6.500E-02  3.486E+02  2.930E+02
  1.179E-01  1.294E-01  1.018E+05  1.418E-07  6.500E-02  3.345E+02  2.930E+02
  1.179E-01  1.357E-01  1.018E+05  6.041E-07  6.501E-02  3.230E+02  2.930E+02
  1.179E-01  1.420E-01  1.017E+05  8.549E-07  6.500E-02  3.140E+02  2.930E+02
  1.179E-01  1.483E-01  1.017E+05  6.386E-07  6.500E-02  3.073E+02  2.930E+02
  1.179E-01  1.547E-01  1.017E+05  3.714E-07  6.500E-02  3.025E+02  2.930E+02
  1.179E-01  1.610E-01  1.017E+05  3.215E-07  6.500E-02  2.992E+02  2.930E+02
  1.179E-01  1.673E-01  1.017E+05  3.222E-07  6.500E-02  2.969E+02  2.930E+02
  1.179E-01  1.736E-01  1.017E+05  3.813E-07  6.500E-02  2.954E+02  2.930E+02
  1.179E-01  1.799E-01  1.017E+05  6.783E-07  6.501E-02  2.945E+02  2.930E+02
  1.179E-01  1.862E-01  1.017E+05  8.149E-07  6.500E-02  2.939E+02  2.930E+02
  1.179E-01  1.925E-01  1.017E+05  9.997E-07  6.500E-02  2.935E+02  2.930E+02
  1.179E-01  1.988E-01  1.017E+05  9.506E-07  6.500E-02  2.933E+02  2.930E+02
  1.179E-01  2.052E-01  1.017E+05  6.726E-07  6.500E-02  2.932E+02  2.930E+02
  1.179E-01  2.115E-01  1.017E+05  3.536E-07  6.500E-02  2.931E+02  2.930E+02
  1.179E-01  2.178E-01  1.017E+05  2.573E-07  6.500E-02  2.930E+02  2.930E+02
  1.179E-01  2.241E-01  1.017E+05  1.705E-07  6.500E-02  2.930E+02  2.930E+02
  1.179E-01  2.304E-01  1.016E+05  1.152E-07  6.500E-02  2.930E+02  2.930E+02
  1.179E-01  2.367E-01  1.016E+05  6.793E-08  6.500E-02  2.930E+02  2.930E+02
  1.179E-01  2.430E-01  1.016E+05 -1.103E-08  6.500E-02  2.930E+02  2.930E+02
  1.179E-01  2.493E-01  1.016E+05 -2.948E-08  6.500E-02  2.930E+02  2.930E+02
  1.179E-01  2.557E-01  1.016E+05 -6.830E-07  6.500E-02  2.930E+02  2.930E+02
  1.179E-01  2.620E-01  1.016E+05  1.539E-06  6.501E-02  2.930E+02  2.930E+02
  1.179E-01  2.683E-01  1.016E+05  2.243E-05  6.500E-02  2.930E+02  2.930E+02
  1.179E-01  2.746E-01  1.016E+05  1.724E-06  6.500E-02  2.930E+02  2.930E+02
  1.179E-01  2.809E-01  1.016E+05 -4.039E-07  6.500E-02  2.930E+02  2.930E+02
  1.179E-01  2.872E-01  1.016E+05  4.516E-08  6.500E-02  2.930E+02  2.930E+02
  1.179E-01  2.935E-01  1.016E+05 -2.288E-07  6.500E-02  2.930E+02  2.930E+02
  1.179E-01  2.998E-01  1.016E+05  7.085E-09  6.500E-02  2.930E+02  2.930E+02
  1.179E-01  3.062E-01  1.016E+05 -2.285E-07  6.500E-02  2.930E+02  2.930E+02
  1.179E-01  3.125E-01  1.015E+05  2.190E-08  6.500E-02  2.930E+02  2.930E+02
  1.179E-01  3.188E-01  1.015E+05 -1.909E-07  6.500E-02  2.930E+02  2.930E+02
  1.179E-01  3.251E-01  1.015E+05  5.114E-08  6.500E-02  2.930E+02  2.930E+02
  1.179E-01  3.314E-01  1.015E+05  4.648E-08  6.500E-02  2.930E+02  2.930E+02
  1.179E-01  3.377E-01  1.015E+05  3.099E-08  6.500E-02  2.930E+02  2.930E+02
  1.179E-01  3.440E-01  1.015E+05  3.453E-09  6.500E-02  2.930E+02  2.930E+02
  1.179E-01  3.503E-01  1.015E+05 -9.802E-09  6.500E-02  2.930E+02  2.930E+02
  1.179E-01  3.567E-01  1.015E+05 -1.467E-08  6.500E-02  2.930E+02  2.930E+02
  1.179E-01  3.630E-01  1.015E+05 -1.611E-08  6.500E-02  2.930E+02  2.930E+02
  1.179E-01  3.693E-01  1.015E+05 -1.532E-08  6.500E-02  2.930E+02  2.930E+02
  1.179E-01  3.756E-01  1.015E+05 -1.368E-08  6.500E-02  2.930E+02  2.930E+02
  1.179E-01  3.819E-01  1.015E+05 -1.175E-08  6.500E-02  2.930E+02  2.930E+02
  1.179E-01  3.882E-01  1.015E+05 -9.891E-09  6.500E-02  2.930E+02  2.930E+02
  1.179E-01  3.945E-01  1.015E+05 -8.216E-09  6.500E-02  2.930E+02  2.930E+02
  1.179E-01  4.008E-01  1.014E+05 -6.772E-09  6.500E-02  2.930E+02  2.930E+02
  1.179E-01  4.072E-01  1.014E+05 -5.594E-09  6.500E-02  2.930E+02  2.930E+02
  1.179E-01  4.135E-01  1.014E+05 -4.627E-09  6.500E-02  2.930E+02  2.930E+02
  1.179E-01  4.198E-01  1.014E+05 -3.846E-09  6.500E-02  2.930E+02  2.930E+02
  1.179E-01  4.261E-01  1.014E+05 -3.189E-09  6.500E-02  2.930E+02  2.930E+02
  1.179E-01  4.324E-01  1.014E+05 -2.632E-09  6.500E-02  2.930E+02  2.930E+02
  1.179E-01  4.387E-01  1.014E+05 -2.191E-09  6.500E-02  2.930E+02  2.930E+02
  1.179E-01  4.450E-01  1.014E+05 -1.835E-09  6.501E-02  2.930E+02  2.930E+02
  1.179E-01  4.513E-01  1.014E+05 -1.554E-09  6.500E-02  2.930E+02  2.930E+02
  1.179E-01  4.577E-01  1.014E+05 -1.302E-09  6.500E-02  2.930E+02  2.930E+02
  1.179E-01  4.640E-01  1.014E+05 -1.086E-09  6.500E-02  2.930E+02  2.930E+02
  1.179E-01  4.703E-01  1.014E+05 -8.850E-10  6.500E-02  2.930E+02  2.930E+02
  1.179E-01  4.766E-01  1.014E+05 -7.106E-10  6.500E-02  2.930E+02  2.930E+02
  1.179E-01  4.829E-01  1.014E+05 -5.497E-10  6.500E-02  2.930E+02  2.930E+02
  1.179E-01  4.892E-01  1.013E+05 -4.050E-10  6.500E-02  2.930E+02  2.930E+02
  1.179E-01  4.955E-01  1.013E+05 -2.563E-10  6.500E-02  2.930E+02  2.930E+02
  1.179E-01  5.018E-01  1.013E+05 -1.739E-10  6.500E-02  2.930E+02  2.930E+02
  1.179E-01  5.050E-01  1.013E+05  0.000E+00  6.500E-02  2.930E+02  2.930E+02
  1.241E-01  0.000E+00  1.019E+05  0.000E+00  6.500E-02  2.930E+02  2.930E+02
  1.241E-01  3.156E-03  1.019E+05 -1.692E-08  6.498E-02  2.936E+02  2.930E+02
  1.241E-01  9.469E-03  1.019E+05  3.032E-08  6.500E-02  2.949E+02  2.930E+02
  1.241E-01  1.578E-02  1.019E+05  4.047E-08  6.500E-02  2.966E+02  2.930E+02
  1.241E-01  2.209E-02  1.019E+05  5.940E-08  6.500E-02  2.990E+02  2.930E+02
  1.241E-01  2.841E-02  1.019E+05  6.694E-08  6.500E-02  3.024E+02  2.930E+02
  1.241E-01  3.472E-02  1.019E+05  7.452E-08  6.500E-02  3.073E+02  2.930E+02
  1.241E-01  4.103E-02  1.019E+05  8.080E-08  6.500E-02  3.140E+02  2.930E+02
  1.241E-01  4.734E-02  1.019E+05  8.912E-08  6.500E-02  3.230E+02  2.930E+02
  1.241E-01  5.366E-02  1.019E+05  1.021E-07  6.500E-02  3.345E+02  2.930E+02
  1.241E-01  5.997E-02  1.018E+05  1.237E-07  6.500E-02  3.486E+02  2.930E+02
  1.241E-01  6.628E-02  1.018E+05  1.697E-07  6.500E-02  3.644E+02  2.930E+02
  1.241E-01  7.259E-02  1.018E+05  2.334E-07  6.500E-02  3.807E+02  2.930E+02
  1.241E-01  7.891E-02  1.018E+05  4.656E-07  6.501E-02  3.953E+02  2.930E+02
  1.241E-01  8.522E-02  1.018E+05  6.875E-07  6.500E-02  4.054E+02  2.930E+02
  1.241E-01  9.153E-02  1.018E+05  5.006E-07  6.500E-02  4.091E+02  2.930E+02
  1.241E-01  9.784E-02  1.018E+05  2.624E-07  6.500E-02  4.054E+02  2.930E+02
  1.241E-01  1.042E-01  1.018E+05  2.175E-07  6.500E-02  3.953E+02  2.930E+02
  1.241E-01  1.105E-01  1.018E+05  1.870E-07  6.500E-02  3.807E+02  2.930E+02
  1.241E-01  1.168E-01  1.018E+05  1.845E-07  6.500E-02  3.644E+02  2.930E+02
  1.241E-01  1.231E-01  1.018E+05  2.409E-07  6.500E-02  3.486E+02  2.930E+02
  1.241E-01  1.294E-01  1.018E+05  1.418E-07  6.500E-02  3.345E+02  2.930E+02
  1.241E-01  1.357E-01  1.018E+05  6.041E-07  6.501E-02  3.230E+02  2.930E+02
  1.241E-01  1.420E-01  1.017E+05  8.549E-07  6.500E-02  3.140E+02  2.930E+02
  1.241E-01  1.483E-01  1.017E+05  6.386E-07  6.500E-02  3.073E+02  2.930E+02
  1.241E-01  1.547E-01  1.017E+05  3.714E-07  6.500E-02  3.025E+02  2.930E+02
  1.241E-01  1.610E-01  1.017E+05  3.215E-07  6.500E-02  2.992E+02  2.930E+02
  1.241E-01  1.673E-01  1.017E+05  3.222E-07  6.500E-02  2.969E+02  2.930E+02
  1.241E-01  1.736E-01  1.017E+05  3.813E-07  6.500E-02  2.954E+02  2.930E+02
  1.241E-01  1.799E-01  1.017E+05  6.783E-07  6.501E-02  2.945E+02  2.930E+02
  1.241E-01  1.862E-01  1.017E+05  8.149E-07  6.500E-02  2.939E+02  2.930E+02
  1.241E-01  1.925E-01  1.017E+05  9.997E-07  6.500E-02  2.935E+02  2.930E+02
  1.241E-01  1.988E-01  1.017E+05  9.506E-07  6.500E-02  2.933E+02  2.930E+02
  1.241E-01  2.052E-01  1.017E+05  6.726E-07  6.500E-02  2.932E+02  2.930E+02
  1.241E-01  2.115E-01  1.017E+05  3.536E-07  6.500E-02  2.931E+02  2.930E+02
  1.241E-01  2.178E-01  1.017E+05  2.573E-07  6.500E-02  2.930E+02  2.930E+02
  1.241E-01  2.241E-01  1.017E+05  1.705E-07  6.500E-02  2.930E+02  2.930E+02
  1.241E-01  2.304E-01  1.016E+05  1.152E-07  6.500E-02  2.930E+02  2.930E+02
  1.241E-01  2.367E-01  1.016E+05  6.793E-08  6.500E-02  2.930E+02  2.930E+02
  1.241E-01  2.430E-01  1.016E+05 -1.103E-08  6.500E-02  2.930E+02  2.930E+02
  1.241E-01  2.493E-01  1.016E+05 -2.948E-08  6.500E-02  2.930E+02  2.930E+02
  1.241E-01  2.557E-01  1.016E+05 -6.830E-07  6.500E-02  2.930E+02  2.930E+02
  1.241E-01  2.620E-01  1.016E+05  1.539E-06  6.501E-02  2.930E+02  2.930E+02
  1.241E-01  2.683E-01  1.016E+05  2.243E-05  6.500E-02  2.930E+02  2.930E+02
  1.241E-01  2.746E-01  1.016E+05  1.724E-06  6.500E-02  2.930E+02  2.930E+02
  1.241E-01  2.809E-01  1.016E+05 -4.039E-07  6.500E-02  2.930E+02  2.930E+02
  1.241E-01  2.872E-01  1.016E+05  4.516E-08  6.500E-02  2.930E+02  2.930E+02
  1.241E-01  2.935E-01  1.016E+05 -2.288E-07  6.500E-02  2.930E+02  2.930E+02
  1.241E-01  2.998E-01  1.016E+05  7.085E-09  6.500E-02  2.930E+02  2.930E+02
  1.241E-01  3.062E-01  1.016E+05 -2.285E-07  6.500E-02  2.930E+02  2.930E+02
  1.241E-01  3.125E-01  1.015E+05  2.190E-08  6.500E-02  2.930E+02  2.930E+02
  1.241E-01  3.188E-01  1.015E+05 -1.909E-07  6.500E-02  2.930E+02  2.930E+02
  1.241E-01  3.251E-01  1.015E+05  5.114E-08  6.500E-02  2.930E+02  2.930E+02
  1.241E-01  3.314E-01  1.015E+05  4.648E-08  6.500E-02  2.930E+02  2.930E+02
  1.241E-01  3.377E-01  1.015E+05  3.099E-08  6.500E-02  2.930E+02  2.930E+02
  1.241E-01  3.440E-01  1.015E+05  3.453E-09  6.500E-02  2.930E+02  2.930E+02
  1.241E-01  3.503E-01  1.015E+05 -9.802E-09  6.500E-02  2.930E+02  2.930E+02
  1.241E-01  3.567E-01  1.015E+05 -1.467E-08  6.500E-02  2.930E+02  2.930E+02
  1.241E-01  3.630E-01  1.015E+05 -1.611E-08  6.500E-02  2.930E+02  2.930E+02
  1.241E-01  3.693E-01  1.015E+05 -1.532E-08  6.500E-02  2.930E+02  2.930E+02
  1.241E-01  3.756E-01  1.015E+05 -1.368E-08  6.500E-02  2.930E+02  2.930E+02
  1.241E-01  3.819E-01  1.015E+05 -1.175E-08  6.500E-02  2.930E+02  2.930E+02
  1.241E-01  3.882E-01  1.015E+05 -9.891E-09  6.500E-02  2.930E+02  2.930E+02
  1.241E-01  3.945E-01  1.015E+05 -8.216E-09  6.500E-02  2.930E+02  2.930E+02
  1.241E-01  4.008E-01  1.014E+05 -6.772E-09  6.500E-02  2.930E+02  2.930E+02
  1.241E-01  4.072E-01  1.014E+05 -5.594E-09  6.500E-02  2.930E+02  2.930E+02
  1.241E-01  4.135E-01  1.014E+05 -4.627E-09  6.500E-02  2.930E+02  2.930E+02
  1.241E-01  4.198E-01  1.014E+05 -3.846E-09  6.500E-02  2.930E+02  2.930E+02
  1.241E-01  4.261E-01  1.014E+05 -3.189E-09  6.500E-02  2.930E+02  2.930E+02
  1.241E-01  4.324E-01  1.014E+05 -2.632E-09  6.500E-02  2.930E+02  2.930E+02
  1.241E-01  4.387E-01  1.014E+05 -2.191E-09  6.500E-02  2.930E+02  2.930E+02
  1.241E-01  4.450E-01  1.014E+05 -1.835E-09  6.501E-02  2.930E+02  2.930E+02
  1.241E-01  4.513E-01  1.014E+05 -1.554E-09  6.500E-02  2.930E+02  2.930E+02
  1.241E-01  4.577E-01  1.014E+05 -1.302E-09  6.500E-02  2.930E+02  2.930E+02
  1.241E-01  4.640E-01  1.014E+05 -1.086E-09  6.500E-02  2.930E+02  2.930E+02
  1.241E-01  4.703E-01  1.014E+05 -8.850E-10  6.500E-02  2.930E+02  2.930E+02
  1.241E-01  4.766E-01  1.014E+05 -7.106E-10  6.500E-02  2.930E+02  2.930E+02
  1.241E-01  4.829E-01  1.014E+05 -5.497E-10  6.500E-02  2.930E+02  2.930E+02
  1.241E-01  4.892E-01  1.013E+05 -4.050E-10  6.500E-02  2.930E+02  2.930E+02
  1.241E-01  4.955E-01  1.013E+05 -2.563E-10  6.500E-02  2.930E+02  2.930E+02
  1.241E-01  5.018E-01  1.013E+05 -1.739E-10  6.500E-02  2.930E+02  2.930E+02
  1.241E-01  5.050E-01  1.013E+05  0.000E+00  6.500E-02  2.930E+02  2.930E+02
